Date,Time,Open,High,Low,Close,Volume,OpenInt
2016-09-27,17:00:00,26.728,26.728,26.7,26.7,268,0
2016-09-27,20:00:00,26.708,26.71,26.668,26.71,1854,0
2016-09-29,18:00:00,26.698,26.748,26.66,26.66,1910,0
2016-09-29,19:00:00,26.738,26.738,26.71,26.71,647,0
2016-09-30,17:00:00,26.688,26.737,26.688,26.737,1192,0
2016-09-30,18:00:00,26.676,26.683,26.676,26.683,396,0
2016-10-03,16:00:00,26.67,26.67,26.67,26.67,244,0
2016-10-03,19:00:00,26.639,26.639,26.639,26.639,268,0
2016-10-04,19:00:00,26.609,26.609,26.609,26.609,202,0
2016-10-04,22:00:00,26.599,26.623,26.599,26.616,1362,0
2016-10-06,19:00:00,26.639,26.639,26.604,26.604,3527,0
2016-10-07,17:00:00,26.599,26.599,26.599,26.599,101,0
2016-10-07,19:00:00,26.56,26.56,26.56,26.56,140,0
2016-10-07,21:00:00,26.581,26.619,26.579,26.579,1955,0
2016-10-10,16:00:00,26.668,26.668,26.599,26.599,430,0
2016-10-11,16:00:00,26.193,26.193,26.193,26.193,145,0
2016-10-11,17:00:00,26.571,26.571,26.56,26.56,318,0
2016-10-11,18:00:00,26.599,26.599,26.56,26.59,1299,0
2016-10-11,19:00:00,26.571,26.571,26.56,26.56,1809,0
2016-10-11,20:00:00,26.55,26.559,26.55,26.559,1152,0
2016-10-11,21:00:00,26.545,26.579,26.545,26.578,6043,0
2016-10-11,22:00:00,26.546,26.589,26.526,26.589,4593,0
2016-10-12,20:00:00,26.599,26.599,26.599,26.599,487,0
2016-10-13,19:00:00,26.559,26.559,26.559,26.559,1011,0
2016-10-14,17:00:00,26.599,26.639,26.599,26.611,3542,0
2016-10-17,16:00:00,26.589,26.589,26.589,26.589,265,0
2016-10-17,17:00:00,26.629,26.629,26.589,26.589,568,0
2016-10-17,18:00:00,26.609,26.609,26.609,26.609,101,0
2016-10-17,20:00:00,26.599,26.609,26.599,26.609,1305,0
2016-10-17,21:00:00,26.608,26.609,26.581,26.609,2054,0
2016-10-17,22:00:00,26.53,26.53,26.52,26.521,7234,0
2016-10-18,16:00:00,27.114,27.133,27.114,27.133,202,0
2016-10-18,17:00:00,26.619,26.629,26.609,26.629,1587,0
2016-10-18,18:00:00,26.619,26.629,26.619,26.629,1213,0
2016-10-18,19:00:00,26.629,26.629,26.629,26.629,1415,0
2016-10-18,20:00:00,26.629,26.629,26.629,26.629,1213,0
2016-10-18,21:00:00,26.577,26.629,26.577,26.629,1324,0
2016-10-18,22:00:00,26.629,26.629,26.629,26.629,303,0
2016-10-19,16:00:00,26.619,26.619,26.619,26.619,188,0
2016-10-19,17:00:00,26.619,26.619,26.619,26.619,505,0
2016-10-19,18:00:00,26.629,26.629,26.629,26.629,101,0
2016-10-19,19:00:00,26.558,26.558,26.558,26.558,505,0
2016-10-19,20:00:00,26.577,26.577,26.577,26.577,9095,0
2016-10-21,16:00:00,26.52,26.52,26.52,26.52,101,0
2016-10-21,21:00:00,26.55,26.609,26.53,26.574,1940,0
2016-10-24,16:00:00,26.639,26.639,26.639,26.639,200,0
2016-10-24,18:00:00,26.599,26.599,26.579,26.579,1351,0
2016-10-24,21:00:00,26.569,26.607,26.569,26.607,505,0
2016-10-25,17:00:00,26.569,26.569,26.569,26.569,101,0
2016-10-25,19:00:00,26.56,26.56,26.56,26.56,101,0
2016-10-25,21:00:00,26.574,26.574,26.569,26.569,717,0
2016-10-25,22:00:00,26.569,26.569,26.569,26.569,505,0
2016-10-26,16:00:00,26.599,26.599,26.52,26.52,202,0
2016-10-26,17:00:00,26.528,26.55,26.528,26.55,950,0
2016-10-27,20:00:00,26.427,26.427,26.427,26.427,354,0
2016-10-28,20:00:00,26.48,26.48,26.48,26.48,157,0
2016-10-31,21:00:00,26.503,26.503,26.495,26.5,935,0
2016-11-01,19:00:00,26.421,26.431,26.381,26.381,111952,0
2016-11-02,18:00:00,26.388,26.424,26.388,26.411,1794,0
2016-11-03,16:00:00,26.391,26.421,26.391,26.421,606,0
2016-11-03,18:00:00,26.381,26.381,26.371,26.371,303,0
2016-11-03,21:00:00,26.362,26.362,26.352,26.352,202,0
2016-11-04,17:00:00,26.344,26.344,26.344,26.344,414,0
2016-11-04,21:00:00,26.372,26.372,26.372,26.372,119,0
2016-11-07,18:00:00,26.43,26.482,26.43,26.482,1458,0
2016-11-07,22:00:00,26.464,26.468,26.456,26.468,2425,0
2016-11-08,20:00:00,26.48,26.509,26.47,26.47,536,0
2016-11-08,21:00:00,26.478,26.478,26.463,26.47,1213,0
2016-11-08,22:00:00,26.491,26.522,26.491,26.502,1789,0
2016-11-09,18:00:00,26.5,26.5,26.5,26.5,606,0
2016-11-10,16:00:00,26.401,26.401,26.362,26.362,737,0
2016-11-10,19:00:00,26.403,26.403,26.403,26.403,134,0
2016-11-10,21:00:00,26.429,26.429,26.429,26.429,531,0
2016-11-10,22:00:00,26.421,26.421,26.421,26.421,101,0
2016-11-11,16:00:00,26.431,26.431,26.421,26.421,1061,0
2016-11-11,17:00:00,26.409,26.421,26.409,26.421,1753,0
2016-11-11,22:00:00,26.368,26.368,26.368,26.368,212,0
2016-11-15,17:00:00,26.391,26.437,26.391,26.437,616,0
2016-11-15,18:00:00,26.408,26.42,26.408,26.417,965,0
2016-11-15,21:00:00,26.412,26.412,26.412,26.412,3032,0
2016-11-16,16:00:00,26.471,26.471,26.471,26.471,202,0
2016-11-16,18:00:00,26.362,26.362,26.362,26.362,101,0
2016-11-16,20:00:00,26.398,26.398,26.398,26.398,136,0
2016-11-16,22:00:00,26.411,26.411,26.411,26.411,106,0
2016-11-17,16:00:00,26.5,26.5,26.461,26.461,516,0
2016-11-17,20:00:00,26.434,26.434,26.434,26.434,106,0
2016-11-18,16:00:00,26.381,26.381,26.381,26.381,1058,0
2016-11-18,19:00:00,26.391,26.398,26.391,26.398,707,0
2016-11-18,20:00:00,26.389,26.389,26.389,26.389,574,0
2016-11-21,16:00:00,26.418,26.418,26.418,26.418,505,0
2016-11-21,22:00:00,26.424,26.424,26.424,26.424,551,0
2016-11-22,19:00:00,26.44,26.443,26.44,26.441,409,0
2016-11-23,17:00:00,26.702,26.702,26.702,26.702,1324,0
2016-11-25,19:00:00,26.439,26.439,26.439,26.439,2021,0
2016-11-28,17:00:00,26.458,26.47,26.458,26.47,505,0
2016-11-28,18:00:00,26.47,26.47,26.432,26.432,662,0
2016-11-28,19:00:00,26.442,26.442,26.442,26.442,152,0
2016-11-29,16:00:00,26.53,26.53,26.52,26.52,410,0
2016-11-29,17:00:00,26.5,26.5,26.49,26.49,202,0
2016-11-29,19:00:00,26.5,26.5,26.5,26.5,101,0
2016-11-29,22:00:00,26.533,26.533,26.51,26.51,2804,0
2016-11-30,17:00:00,26.484,26.484,26.484,26.484,606,0
2016-11-30,22:00:00,26.455,26.483,26.455,26.483,1344,0
2016-12-01,16:00:00,26.461,26.461,26.434,26.434,303,0
2016-12-01,18:00:00,26.397,26.397,26.397,26.397,227,0
2016-12-02,20:00:00,26.479,26.48,26.417,26.454,1824,0
2016-12-02,21:00:00,26.438,26.438,26.418,26.418,337,0
2016-12-05,22:00:00,26.479,26.489,26.441,26.489,1587,0
2016-12-06,18:00:00,26.529,26.529,26.52,26.525,707,0
2016-12-06,22:00:00,26.529,26.529,26.52,26.521,714,0
2016-12-07,18:00:00,26.588,26.589,26.578,26.589,2021,0
2016-12-07,22:00:00,26.586,26.586,26.584,26.584,738,0
2016-12-08,18:00:00,26.589,26.589,26.589,26.589,202,0
2016-12-09,18:00:00,26.629,26.629,26.623,26.623,1224,0
2016-12-09,19:00:00,26.629,26.629,26.629,26.629,101,0
2016-12-09,20:00:00,26.608,26.608,26.608,26.608,2021,0
2016-12-09,22:00:00,26.576,26.576,26.576,26.576,543,0
2016-12-12,19:00:00,26.588,26.588,26.588,26.588,152,0
2016-12-12,21:00:00,26.599,26.622,26.568,26.622,864,0
2016-12-12,22:00:00,26.593,26.593,26.593,26.593,500,0
2016-12-13,16:00:00,26.431,26.431,26.431,26.431,808,0
2016-12-13,18:00:00,26.668,26.668,26.668,26.668,530,0
2016-12-13,19:00:00,26.658,26.658,26.619,26.645,4183,0
2016-12-13,20:00:00,26.626,26.639,26.6,26.604,2965,0
2016-12-13,21:00:00,26.629,26.642,26.61,26.629,1470,0
2016-12-14,16:00:00,26.718,26.718,26.658,26.678,1400,0
2016-12-14,17:00:00,26.668,26.668,26.668,26.668,288,0
2016-12-14,18:00:00,26.649,26.649,26.596,26.596,723,0
2016-12-14,21:00:00,26.591,26.597,26.591,26.597,963,0
2016-12-15,16:00:00,26.51,26.526,26.51,26.526,545,0
2016-12-15,17:00:00,26.56,26.56,26.56,26.56,202,0
2016-12-15,19:00:00,26.519,26.519,26.519,26.519,202,0
2016-12-15,20:00:00,26.54,26.568,26.54,26.568,904,0
2016-12-15,21:00:00,26.568,26.568,26.568,26.568,560,0
2016-12-16,16:00:00,26.48,26.48,26.48,26.48,263,0
2016-12-16,18:00:00,26.608,26.608,26.608,26.608,134,0
2016-12-16,19:00:00,26.58,26.58,26.569,26.569,1071,0
2016-12-19,16:00:00,26.658,26.658,26.658,26.658,101,0
2016-12-19,17:00:00,26.619,26.619,26.619,26.619,101,0
2016-12-19,19:00:00,26.629,26.629,26.629,26.629,202,0
2016-12-21,16:00:00,26.688,26.688,26.657,26.657,202,0
2016-12-21,17:00:00,26.627,26.627,26.627,26.627,936,0
2016-12-21,18:00:00,26.607,26.607,26.589,26.589,3840,0
2016-12-22,17:00:00,26.609,26.609,26.609,26.609,101,0
2016-12-22,21:00:00,26.596,26.596,26.596,26.596,133,0
2016-12-22,22:00:00,26.587,26.587,26.585,26.585,1167,0
2016-12-23,19:00:00,26.6,26.6,26.6,26.6,101,0
2016-12-27,16:00:00,26.619,26.619,26.619,26.619,101,0
2016-12-27,21:00:00,26.609,26.609,26.609,26.609,303,0
2016-12-27,22:00:00,26.619,26.619,26.619,26.619,101,0
2016-12-28,18:00:00,26.619,26.619,26.619,26.619,101,0
2016-12-28,19:00:00,26.573,26.573,26.573,26.573,318,0
2016-12-28,20:00:00,26.579,26.579,26.546,26.546,505,0
2016-12-28,21:00:00,26.205,26.579,26.205,26.579,500,0
2016-12-29,18:00:00,26.593,26.593,26.593,26.593,101,0
2016-12-30,21:00:00,26.632,26.632,26.632,26.632,217,0
2017-01-03,16:00:00,26.658,26.658,26.658,26.658,101,0
2017-01-03,22:00:00,26.658,26.658,26.658,26.658,101,0
2017-01-04,17:00:00,26.708,26.708,26.698,26.698,3032,0
2017-01-04,19:00:00,26.721,26.721,26.721,26.721,475,0
2017-01-04,22:00:00,26.715,26.715,26.715,26.715,101,0
2017-01-05,16:00:00,26.579,26.698,26.579,26.698,970,0
2017-01-05,17:00:00,26.728,26.738,26.728,26.738,202,0
2017-01-05,20:00:00,26.74,26.74,26.74,26.74,389,0
2017-01-06,18:00:00,26.738,26.757,26.738,26.757,404,0
2017-01-06,21:00:00,26.77,26.777,26.76,26.777,2708,0
2017-01-06,22:00:00,26.749,26.767,26.749,26.767,228,0
2017-01-09,16:00:00,26.728,26.728,26.728,26.728,101,0
2017-01-09,17:00:00,26.738,26.738,26.738,26.738,101,0
2017-01-09,18:00:00,26.728,26.757,26.728,26.757,303,0
2017-01-09,19:00:00,26.738,26.738,26.738,26.738,202,0
2017-01-09,20:00:00,26.738,26.757,26.738,26.757,202,0
2017-01-09,21:00:00,26.738,26.738,26.728,26.728,202,0
2017-01-09,22:00:00,26.718,26.748,26.718,26.748,152292,0
2017-01-10,18:00:00,26.733,26.733,26.733,26.733,3183,0
2017-01-10,20:00:00,26.726,26.726,26.726,26.726,1546,0
2017-01-10,21:00:00,26.718,26.718,26.718,26.718,404,0
2017-01-10,22:00:00,26.734,26.738,26.723,26.73,1112,0
2017-01-11,16:00:00,26.678,26.698,26.678,26.698,541,0
2017-01-11,18:00:00,26.698,26.728,26.698,26.728,879,0
2017-01-11,22:00:00,26.728,26.728,26.728,26.728,859,0
2017-01-12,16:00:00,26.639,26.688,26.639,26.688,202,0
2017-01-12,17:00:00,26.678,26.678,26.678,26.678,202,0
2017-01-12,18:00:00,26.688,26.69,26.678,26.687,5578,0
2017-01-12,19:00:00,26.688,26.688,26.688,26.688,101,0
2017-01-12,21:00:00,26.703,26.703,26.698,26.703,1011,0
2017-01-12,22:00:00,26.728,26.728,26.728,26.728,101,0
2017-01-13,16:00:00,26.688,26.698,26.688,26.688,697,0
2017-01-13,17:00:00,26.698,26.698,26.698,26.698,101,0
2017-01-13,21:00:00,26.715,26.715,26.715,26.715,354,0
2017-01-13,22:00:00,26.714,26.718,26.71,26.715,707,0
2017-01-17,16:00:00,26.718,26.728,26.718,26.718,4548,0
2017-01-17,17:00:00,26.729,26.734,26.718,26.729,8744,0
2017-01-17,18:00:00,26.718,26.72,26.718,26.718,1718,0
2017-01-18,16:00:00,26.619,26.718,26.619,26.698,1172,0
2017-01-18,18:00:00,26.721,26.721,26.721,26.721,606,0
2017-01-18,19:00:00,26.725,26.725,26.725,26.725,126,0
2017-01-18,20:00:00,26.709,26.74,26.709,26.725,1213,0
2017-01-18,21:00:00,26.721,26.721,26.721,26.721,243,0
2017-01-19,16:00:00,26.658,26.698,26.658,26.698,3931,0
2017-01-19,17:00:00,26.698,26.698,26.698,26.698,2729,0
2017-01-19,19:00:00,26.663,26.668,26.663,26.668,869,0
2017-01-19,20:00:00,26.663,26.663,26.658,26.658,303,0
2017-01-19,22:00:00,26.675,26.675,26.675,26.675,470,0
2017-01-20,16:00:00,26.668,26.688,26.668,26.678,1122,0
2017-01-20,17:00:00,26.698,26.698,26.698,26.698,303,0
2017-01-20,20:00:00,26.696,26.696,26.696,26.696,364,0
2017-01-20,21:00:00,26.678,26.701,26.678,26.701,318,0
2017-01-20,22:00:00,26.714,26.714,26.678,26.678,1071,0
2017-01-23,16:00:00,26.748,26.748,26.728,26.728,303,0
2017-01-23,17:00:00,26.738,26.738,26.738,26.738,17632,0
2017-01-23,20:00:00,26.725,26.738,26.725,26.731,922,0
2017-01-23,21:00:00,26.725,26.725,26.725,26.725,283,0
2017-01-23,22:00:00,26.735,26.753,26.735,26.74,546,0
2017-01-24,16:00:00,26.698,26.728,26.698,26.728,1112,0
2017-01-24,18:00:00,26.728,26.728,26.728,26.728,401,0
2017-01-24,19:00:00,26.726,26.726,26.726,26.726,1516,0
2017-01-24,20:00:00,26.755,26.755,26.755,26.755,505,0
2017-01-24,21:00:00,26.736,26.736,26.736,26.736,505,0
2017-01-24,22:00:00,26.748,26.757,26.734,26.734,1607,0
2017-01-25,17:00:00,26.809,26.809,26.745,26.746,1228,0
2017-01-25,18:00:00,26.745,26.757,26.743,26.757,1470,0
2017-01-25,19:00:00,26.747,26.748,26.721,26.721,960,0
2017-01-26,16:00:00,26.668,26.738,26.668,26.738,1252,0
2017-01-26,17:00:00,26.728,26.728,26.728,26.728,101,0
2017-01-26,18:00:00,26.728,26.728,26.728,26.728,403,0
2017-01-26,19:00:00,26.74,26.74,26.74,26.74,162,0
2017-01-26,21:00:00,26.748,26.757,26.745,26.757,6900,0
2017-01-27,16:00:00,26.629,26.738,26.629,26.738,568,0
2017-01-27,17:00:00,26.719,26.719,26.719,26.719,200,0
2017-01-27,20:00:00,26.727,26.728,26.709,26.728,2526,0
2017-01-27,21:00:00,26.718,26.718,26.692,26.718,2497,0
2017-01-27,22:00:00,26.728,26.728,26.728,26.728,101,0
2017-01-30,16:00:00,26.757,26.757,26.757,26.757,406,0
2017-01-30,19:00:00,26.678,26.678,26.678,26.678,167,0
2017-01-30,21:00:00,26.686,26.686,26.681,26.681,473,0
2017-01-30,22:00:00,26.687,26.687,26.677,26.677,1626,0
2017-01-31,17:00:00,26.708,26.708,26.708,26.708,202,0
2017-01-31,20:00:00,26.728,26.728,26.728,26.728,157,0
2017-01-31,21:00:00,26.718,26.728,26.718,26.728,772,0
2017-01-31,22:00:00,26.718,26.718,26.689,26.689,3072,0
2017-02-01,16:00:00,26.649,26.698,26.649,26.698,1134,0
2017-02-01,17:00:00,26.698,26.698,26.698,26.698,101,0
2017-02-01,19:00:00,26.658,26.658,26.658,26.658,384,0
2017-02-01,22:00:00,26.672,26.672,26.672,26.672,273,0
2017-02-02,20:00:00,26.718,26.718,26.701,26.701,1703,0
2017-02-02,21:00:00,26.705,26.705,26.691,26.691,1038,0
2017-02-02,22:00:00,26.697,26.697,26.697,26.697,475,0
2017-02-03,17:00:00,26.748,26.756,26.748,26.756,1036,0
2017-02-03,18:00:00,26.74,26.74,26.74,26.74,323,0
2017-02-03,20:00:00,26.756,26.757,26.728,26.743,7276,0
2017-02-03,21:00:00,26.731,26.731,26.731,26.731,232,0
2017-02-03,22:00:00,26.731,26.757,26.722,26.746,3105,0
2017-02-06,17:00:00,26.757,26.757,26.757,26.757,196,0
2017-02-06,22:00:00,26.728,26.745,26.728,26.745,1781,0
2017-02-07,16:00:00,26.708,26.748,26.708,26.748,938,0
2017-02-07,17:00:00,26.777,26.777,26.777,26.777,202,0
2017-02-07,22:00:00,26.757,26.757,26.757,26.757,101,0
2017-02-08,16:00:00,26.678,26.728,26.678,26.728,1164,0
2017-02-08,18:00:00,26.757,26.757,26.757,26.757,404,0
2017-02-08,19:00:00,26.787,26.787,26.76,26.76,1010,0
2017-02-08,20:00:00,26.748,26.77,26.748,26.77,991,0
2017-02-08,21:00:00,26.784,26.787,26.757,26.767,24947,0
2017-02-08,22:00:00,26.767,26.767,26.767,26.767,101,0
2017-02-09,21:00:00,26.769,26.769,26.769,26.769,628,0
2017-02-10,18:00:00,26.767,26.787,26.767,26.787,824,0
2017-02-10,21:00:00,26.814,26.814,26.787,26.787,2289,0
2017-02-10,22:00:00,26.792,26.802,26.792,26.802,3618,0
2017-02-13,16:00:00,26.797,26.827,26.797,26.807,584,0
2017-02-13,19:00:00,26.817,26.817,26.817,26.817,101,0
2017-02-13,21:00:00,26.81,26.822,26.81,26.822,576,0
2017-02-13,22:00:00,26.816,26.826,26.807,26.817,14001,0
2017-02-14,16:00:00,26.757,26.807,26.757,26.797,920,0
2017-02-14,17:00:00,26.762,26.777,26.757,26.757,707,0
2017-02-14,19:00:00,26.797,26.797,26.797,26.797,672,0
2017-02-14,20:00:00,26.797,26.797,26.797,26.797,303,0
2017-02-14,22:00:00,26.804,26.804,26.787,26.797,1804,0
2017-02-15,18:00:00,26.771,26.771,26.771,26.771,202,0
2017-02-15,19:00:00,26.797,26.804,26.777,26.804,9151,0
2017-02-15,21:00:00,26.806,26.816,26.793,26.793,797,0
2017-02-16,18:00:00,26.829,26.829,26.829,26.829,212,0
2017-02-16,20:00:00,26.817,26.817,26.817,26.817,187,0
2017-02-16,21:00:00,26.828,26.828,26.828,26.828,172,0
2017-02-16,22:00:00,26.821,26.821,26.821,26.821,505,0
2017-02-21,17:00:00,26.878,26.878,26.878,26.878,3032,0
2017-02-21,21:00:00,26.881,26.896,26.877,26.896,3739,0
2017-02-21,22:00:00,26.896,26.896,26.896,26.896,303,0
2017-02-22,17:00:00,26.898,26.898,26.898,26.898,131,0
2017-02-22,19:00:00,26.856,26.896,26.856,26.896,1460,0
2017-02-22,21:00:00,26.889,26.892,26.889,26.892,1021,0
2017-02-22,22:00:00,26.886,26.886,26.886,26.886,101,0
2017-02-23,17:00:00,26.895,26.978,26.895,26.978,4042,0
2017-02-23,20:00:00,26.924,26.924,26.924,26.924,202,0
2017-02-23,22:00:00,26.919,26.919,26.919,26.919,1809,0
2017-02-24,19:00:00,26.936,26.945,26.936,26.945,404,0
2017-02-27,18:00:00,26.955,26.955,26.953,26.955,970,0
2017-02-28,16:00:00,26.896,26.926,26.896,26.926,742,0
2017-02-28,19:00:00,26.939,26.939,26.936,26.936,518,0
2017-02-28,20:00:00,26.93,26.93,26.93,26.93,101,0
2017-03-01,16:00:00,26.926,26.926,26.916,26.916,303,0
2017-03-01,17:00:00,26.926,26.926,26.916,26.916,763,0
2017-03-01,19:00:00,26.947,26.947,26.938,26.938,536,0
2017-03-01,20:00:00,26.95,26.957,26.95,26.957,1094,0
2017-03-01,21:00:00,26.945,26.945,26.945,26.945,202,0
2017-03-01,22:00:00,26.943,26.943,26.926,26.926,424,0
2017-03-02,18:00:00,26.904,26.904,26.904,26.904,384,0
2017-03-02,21:00:00,26.903,26.903,26.903,26.903,253,0
2017-03-02,22:00:00,26.904,26.904,26.904,26.904,101,0
2017-03-03,17:00:00,26.876,26.886,26.876,26.886,837,0
2017-03-03,18:00:00,26.876,26.876,26.866,26.866,1112,0
2017-03-06,17:00:00,26.866,26.866,26.866,26.866,101,0
2017-03-06,22:00:00,26.861,26.872,26.861,26.872,892,0
2017-03-07,20:00:00,26.846,26.846,26.846,26.846,101,0
2017-03-07,21:00:00,26.839,26.856,26.837,26.854,2112,0
2017-03-08,19:00:00,26.797,26.797,26.787,26.793,647,0
2017-03-08,20:00:00,26.79,26.79,26.79,26.79,429,0
2017-03-09,19:00:00,26.743,26.743,26.743,26.743,202,0
2017-03-09,20:00:00,26.772,26.772,26.749,26.767,778,0
2017-03-10,16:00:00,26.718,26.757,26.718,26.757,323,0
2017-03-10,18:00:00,26.738,26.738,26.738,26.738,101,0
2017-03-10,21:00:00,26.738,26.738,26.738,26.738,101,0
2017-03-13,21:00:00,26.756,26.756,26.75,26.756,571,0
2017-03-14,20:00:00,26.755,26.755,26.755,26.755,153,0
2017-03-14,21:00:00,26.781,26.787,26.728,26.728,4911,0
2017-03-15,16:00:00,26.757,26.757,26.757,26.757,101,0
2017-03-15,20:00:00,26.812,26.812,26.812,26.812,405,0
2017-03-16,21:00:00,26.817,26.817,26.817,26.817,101,0
2017-03-17,16:00:00,26.858,26.858,26.858,26.858,208,0
2017-03-17,19:00:00,26.854,26.886,26.837,26.886,4747,0
2017-03-17,21:00:00,26.852,26.885,26.832,26.837,1206,0
2017-03-20,20:00:00,26.851,26.851,26.851,26.851,265,0
2017-03-21,16:00:00,26.827,26.827,26.827,26.827,101,0
2017-03-21,19:00:00,26.807,26.845,26.798,26.845,3203,0
2017-03-21,20:00:00,26.817,26.817,26.817,26.817,180,0
2017-03-21,21:00:00,26.797,26.797,26.797,26.797,101,0
2017-03-23,16:00:00,26.876,26.876,26.861,26.861,2021,0
2017-03-23,18:00:00,26.896,26.896,26.896,26.896,2223,0
2017-03-24,16:00:00,26.817,26.886,26.817,26.839,1203,0
2017-03-24,19:00:00,26.85,26.85,26.817,26.848,2596,0
2017-03-24,21:00:00,26.824,26.856,26.807,26.807,1243,0
2017-03-27,17:00:00,26.807,26.807,26.807,26.807,101,0
2017-03-27,20:00:00,26.814,26.814,26.814,26.814,217,0
2017-03-27,21:00:00,26.797,26.803,26.777,26.777,788,0
2017-03-27,22:00:00,26.787,26.787,26.787,26.787,101,0
2017-03-28,16:00:00,26.757,26.787,26.757,26.787,1003,0
2017-03-28,17:00:00,26.827,26.827,26.811,26.811,1046,0
2017-03-28,18:00:00,26.807,26.807,26.807,26.807,295,0
2017-03-28,21:00:00,26.815,26.815,26.815,26.815,231,0
2017-03-28,22:00:00,26.807,26.807,26.807,26.807,131,0
2017-03-29,18:00:00,26.845,26.845,26.817,26.817,4804,0
2017-03-30,21:00:00,26.896,26.896,26.861,26.866,3348,0
2017-03-30,22:00:00,26.858,26.864,26.846,26.846,344,0
2017-03-31,17:00:00,26.911,26.915,26.892,26.892,665,0
2017-03-31,21:00:00,26.896,26.896,26.891,26.891,2021,0
2017-03-31,22:00:00,26.895,26.895,26.895,26.895,177,0
2017-04-03,16:00:00,26.817,26.866,26.817,26.866,541,0
2017-04-03,22:00:00,26.908,26.908,26.908,26.908,101,0
2017-04-04,17:00:00,26.924,26.924,26.924,26.924,140,0
2017-04-04,18:00:00,26.886,26.889,26.886,26.889,1415,0
2017-04-04,19:00:00,26.909,26.909,26.904,26.904,869,0
2017-04-04,22:00:00,26.889,26.916,26.889,26.916,303,0
2017-04-05,17:00:00,26.955,26.955,26.955,26.955,101,0
2017-04-05,18:00:00,26.906,26.933,26.896,26.896,8590,0
2017-04-05,19:00:00,26.955,26.965,26.955,26.965,472,0
2017-04-05,21:00:00,26.896,26.92,26.886,26.896,2324,0
2017-04-05,22:00:00,26.91,26.91,26.876,26.876,2814,0
2017-04-06,21:00:00,26.896,26.898,26.888,26.898,3133,0
2017-04-07,16:00:00,26.886,26.886,26.886,26.886,505,0
2017-04-07,22:00:00,26.896,26.896,26.896,26.896,503,0
2017-04-10,18:00:00,26.906,26.918,26.906,26.918,4992,0
2017-04-10,19:00:00,26.954,26.954,26.954,26.954,303,0
2017-04-10,20:00:00,26.95,26.95,26.945,26.945,1491,0
2017-04-10,22:00:00,26.931,26.96,26.931,26.96,470,0
2017-04-11,17:00:00,26.916,26.916,26.916,26.916,202,0
2017-04-11,18:00:00,26.948,26.948,26.948,26.948,230,0
2017-04-11,21:00:00,26.975,26.975,26.936,26.936,1073,0
2017-04-12,18:00:00,26.945,26.961,26.945,26.961,1491,0
2017-04-12,21:00:00,26.952,26.965,26.952,26.965,258,0
2017-04-12,22:00:00,26.937,26.941,26.936,26.941,581,0
2017-04-13,22:00:00,26.985,26.985,26.936,26.936,5108,0
2017-04-17,21:00:00,26.986,26.986,26.986,26.986,410,0
2017-04-17,22:00:00,27.005,27.005,27.005,27.005,101,0
2017-04-18,18:00:00,27.022,27.022,27.006,27.006,705,0
2017-04-18,19:00:00,26.992,26.992,26.992,26.992,1011,0
2017-04-18,21:00:00,26.985,27.025,26.985,27.025,814,0
2017-04-18,22:00:00,27.011,27.011,27.011,27.011,268,0
2017-04-19,21:00:00,27.011,27.034,27.011,27.018,3961,0
2017-04-19,22:00:00,27.013,27.025,27.013,27.025,940,0
2017-04-21,18:00:00,27.004,27.004,27.004,27.004,370,0
2017-04-24,19:00:00,26.976,26.976,26.972,26.972,1384,0
2017-04-24,21:00:00,26.989,26.989,26.989,26.989,754,0
2017-04-24,22:00:00,26.999,27.013,26.999,27.013,829,0
2017-04-25,19:00:00,27.011,27.011,27.011,27.011,187,0
2017-04-25,20:00:00,27.014,27.014,27.014,27.014,243,0
2017-04-25,22:00:00,27.019,27.019,27.019,27.019,1041,0
2017-04-26,19:00:00,27.011,27.011,27.011,27.011,657,0
2017-04-26,20:00:00,27.013,27.013,27.013,27.013,222,0
2017-04-28,16:00:00,26.946,26.946,26.946,26.946,505,0
2017-04-28,17:00:00,26.971,26.971,26.971,26.971,237,0
2017-04-28,22:00:00,26.985,26.985,26.985,26.985,101,0
2017-05-01,17:00:00,26.965,26.965,26.965,26.965,196,0
2017-05-01,20:00:00,26.993,26.995,26.963,26.978,3411,0
2017-05-02,17:00:00,26.976,26.976,26.976,26.976,2090,0
2017-05-02,22:00:00,26.979,26.979,26.979,26.979,101,0
2017-05-03,20:00:00,26.97,26.975,26.949,26.949,788,0
2017-05-04,22:00:00,26.931,26.945,26.93,26.94,1130,0
2017-05-05,19:00:00,26.937,26.937,26.937,26.937,379,0
2017-05-05,22:00:00,26.975,26.975,26.959,26.959,6240,0
2017-05-09,21:00:00,26.913,26.913,26.913,26.913,414,0
2017-05-09,22:00:00,26.907,26.914,26.902,26.914,1759,0
2017-05-10,17:00:00,26.972,26.972,26.972,26.972,296,0
2017-05-10,18:00:00,26.965,26.965,26.948,26.948,1768,0
2017-05-10,19:00:00,26.97,26.975,26.941,26.975,1846,0
2017-05-10,22:00:00,26.955,26.955,26.955,26.955,101,0
2017-05-11,18:00:00,26.935,26.935,26.935,26.935,104,0
2017-05-11,21:00:00,26.921,26.949,26.92,26.949,1304,0
2017-05-12,16:00:00,26.866,26.906,26.866,26.906,418,0
2017-05-12,18:00:00,26.945,26.945,26.945,26.945,101,0
2017-05-15,17:00:00,26.965,26.965,26.965,26.965,111,0
2017-05-15,18:00:00,26.957,26.957,26.957,26.957,715,0
2017-05-15,20:00:00,26.965,26.965,26.965,26.965,354,0
2017-05-15,21:00:00,26.948,26.948,26.948,26.948,354,0
2017-05-16,17:00:00,26.969,26.969,26.969,26.969,182,0
2017-05-16,18:00:00,26.961,26.961,26.961,26.961,788,0
2017-05-16,20:00:00,26.961,26.961,26.961,26.961,303,0
2017-05-16,22:00:00,26.952,26.952,26.952,26.952,556,0
2017-05-17,16:00:00,26.945,26.945,26.945,26.945,883,0
2017-05-17,18:00:00,26.972,26.972,26.972,26.972,165,0
2017-05-17,19:00:00,26.995,26.995,26.995,26.995,1617,0
2017-05-17,20:00:00,26.995,26.995,26.973,26.973,227,0
2017-05-18,17:00:00,26.976,26.976,26.976,26.976,778,0
2017-05-18,21:00:00,26.966,26.966,26.966,26.966,176,0
2017-05-18,22:00:00,26.959,26.959,26.959,26.959,217,0
2017-05-19,17:00:00,26.995,26.995,26.967,26.967,1455,0
2017-05-19,18:00:00,26.995,26.995,26.995,26.995,1011,0
2017-05-19,20:00:00,27.005,27.005,27.005,27.005,196,0
2017-05-19,21:00:00,27.005,27.005,26.993,26.993,1617,0
2017-05-19,22:00:00,27.005,27.005,27.005,27.005,101,0
2017-05-22,17:00:00,27.015,27.015,27.015,27.015,101,0
2017-05-22,18:00:00,26.976,27.015,26.976,27.015,1465,0
2017-05-22,22:00:00,27.015,27.015,27.015,27.015,1935,0
2017-05-24,16:00:00,26.945,26.945,26.945,26.945,1839,0
2017-05-24,18:00:00,26.945,26.95,26.945,26.95,392,0
2017-05-24,22:00:00,26.965,26.965,26.965,26.965,323,0
2017-05-25,19:00:00,27.034,27.034,27.02,27.02,388,0
2017-05-25,22:00:00,27.034,27.034,27.009,27.034,4972,0
2017-05-26,19:00:00,27.002,27.025,26.998,27.007,2506,0
2017-05-26,20:00:00,27.025,27.025,26.975,26.99,4238,0
2017-05-26,22:00:00,27.024,27.025,27.024,27.025,471,0
2017-05-30,17:00:00,27.02,27.024,27.02,27.024,621,0
2017-05-30,18:00:00,27.024,27.024,27.015,27.015,561,0
2017-05-30,19:00:00,27.044,27.044,27.044,27.044,2597,0
2017-05-31,17:00:00,27.021,27.021,27.021,27.021,839,0
2017-05-31,19:00:00,27.054,27.054,27.054,27.054,1243,0
2017-05-31,22:00:00,27.016,27.044,27.005,27.044,1713,0
2017-06-01,18:00:00,27.034,27.034,27.034,27.034,148,0
2017-06-02,17:00:00,27.104,27.104,27.104,27.104,202,0
2017-06-02,22:00:00,27.094,27.094,27.094,27.094,101,0
2017-06-05,20:00:00,27.069,27.069,27.069,27.069,278,0
2017-06-06,22:00:00,27.1,27.124,27.1,27.108,1501,0
2017-06-07,16:00:00,27.044,27.064,27.044,27.064,3689,0
2017-06-07,18:00:00,27.133,27.133,27.102,27.102,303,0
2017-06-07,22:00:00,27.081,27.104,27.081,27.094,3224,0
2017-06-08,18:00:00,27.094,27.094,27.094,27.094,101,0
2017-06-08,22:00:00,27.064,27.072,27.064,27.072,1203,0
2017-06-09,19:00:00,27.087,27.087,27.087,27.087,207,0
2017-06-12,16:00:00,27.025,27.044,27.025,27.044,1162,0
2017-06-12,17:00:00,27.104,27.104,27.104,27.104,101,0
2017-06-12,19:00:00,27.114,27.114,27.104,27.104,808,0
2017-06-12,21:00:00,27.094,27.094,27.094,27.094,101,0
2017-06-12,22:00:00,27.087,27.104,27.054,27.104,1551,0
2017-06-13,17:00:00,27.114,27.114,27.114,27.114,202,0
2017-06-13,19:00:00,27.104,27.104,27.104,27.104,202,0
2017-06-13,22:00:00,27.097,27.097,27.097,27.097,172,0
2017-06-14,17:00:00,27.173,27.173,27.173,27.173,101,0
2017-06-14,22:00:00,27.124,27.143,27.117,27.143,1859,0
2017-06-15,17:00:00,27.074,27.074,27.074,27.074,328,0
2017-06-15,22:00:00,27.104,27.104,27.104,27.104,188,0
2017-06-16,17:00:00,27.044,27.091,27.044,27.091,772,0
2017-06-16,18:00:00,27.069,27.069,27.069,27.069,258,0
2017-06-16,20:00:00,27.094,27.094,27.071,27.077,576,0
2017-06-16,22:00:00,27.041,27.041,27.041,27.041,126,0
2017-06-19,17:00:00,27.104,27.104,27.104,27.104,101,0
2017-06-19,19:00:00,27.114,27.114,27.114,27.114,560,0
2017-06-19,20:00:00,27.109,27.109,27.102,27.102,808,0
2017-06-19,21:00:00,27.099,27.099,27.094,27.094,202,0
2017-06-19,22:00:00,27.084,27.084,27.084,27.084,101,0
2017-06-20,17:00:00,27.091,27.091,27.091,27.091,276,0
2017-06-20,21:00:00,27.067,27.067,27.067,27.067,505,0
2017-06-21,17:00:00,27.094,27.094,27.079,27.079,2021,0
2017-06-21,18:00:00,27.056,27.094,27.056,27.07,12450,0
2017-06-21,22:00:00,27.057,27.074,27.057,27.061,611,0
2017-06-22,19:00:00,27.104,27.104,27.088,27.088,404,0
2017-06-22,21:00:00,27.094,27.104,27.077,27.104,6063,0
2017-06-22,22:00:00,27.094,27.094,27.094,27.094,101,0
2017-06-23,16:00:00,27.094,27.104,27.094,27.104,1012,0
2017-06-23,18:00:00,27.094,27.094,27.094,27.094,706,0
2017-06-23,19:00:00,27.094,27.1,27.094,27.094,6251,0
2017-06-23,20:00:00,27.094,27.1,27.094,27.099,1511,0
2017-06-23,21:00:00,27.083,27.083,27.083,27.083,279,0
2017-06-23,22:00:00,27.064,27.064,27.064,27.064,121,0
2017-06-26,22:00:00,27.074,27.074,27.074,27.074,424,0
2017-06-27,20:00:00,27.042,27.054,27.042,27.054,289,0
2017-06-27,21:00:00,27.051,27.051,27.051,27.051,222,0
2017-06-27,22:00:00,27.049,27.05,27.049,27.05,551,0
2017-06-28,19:00:00,27.047,27.089,27.047,27.089,2314,0
2017-06-28,21:00:00,27.08,27.094,27.055,27.067,1349,0
2017-06-28,22:00:00,27.094,27.094,27.055,27.093,2464,0
2017-06-29,16:00:00,27.027,27.027,27.027,27.027,384,0
2017-06-30,20:00:00,27.018,27.018,27.018,27.018,127,0
2017-06-30,22:00:00,27.002,27.011,27.002,27.007,849,0
2017-07-05,18:00:00,27.024,27.034,27.016,27.016,884,0
2017-07-05,19:00:00,27.03,27.03,27.03,27.03,591,0
2017-07-05,21:00:00,27.025,27.025,27.025,27.025,101,0
2017-07-06,17:00:00,26.988,26.988,26.988,26.988,177,0
2017-07-06,22:00:00,27.005,27.015,26.955,27.009,4654,0
2017-07-07,18:00:00,26.966,26.966,26.966,26.966,207,0
2017-07-07,20:00:00,27.005,27.005,27.005,27.005,808,0
2017-07-07,22:00:00,27.005,27.005,27.005,27.005,1851,0
2017-07-10,16:00:00,27.044,27.044,27.005,27.005,202,0
2017-07-10,17:00:00,26.975,27.005,26.958,26.985,3320,0
2017-07-10,21:00:00,26.958,26.958,26.958,26.958,758,0
2017-07-10,22:00:00,26.958,26.978,26.958,26.978,379,0
2017-07-11,22:00:00,26.955,26.975,26.955,26.975,662,0
2017-07-12,16:00:00,27.064,27.064,27.005,27.005,563,0
2017-07-12,17:00:00,27.005,27.034,26.995,27.005,1314,0
2017-07-12,18:00:00,27.005,27.054,27.005,27.034,5988,0
2017-07-12,19:00:00,27.005,27.034,26.995,26.995,1945,0
2017-07-12,20:00:00,26.995,27.054,26.995,26.995,2284,0
2017-07-12,21:00:00,26.995,27.054,26.995,27.005,3113,0
2017-07-12,22:00:00,27.005,27.005,27.005,27.005,1819,0
2017-07-13,17:00:00,27.025,27.025,27.025,27.025,101,0
2017-07-13,18:00:00,27.03,27.034,27.03,27.034,303,0
2017-07-13,20:00:00,27.054,27.054,27.054,27.054,887,0
2017-07-13,21:00:00,27.049,27.049,27.049,27.049,101,0
2017-07-14,16:00:00,27.094,27.094,27.094,27.094,202,0
2017-07-14,17:00:00,27.074,27.074,27.054,27.064,972,0
2017-07-14,18:00:00,27.064,27.074,27.064,27.074,717,0
2017-07-14,19:00:00,27.064,27.074,27.064,27.074,202,0
2017-07-14,20:00:00,27.074,27.074,27.074,27.074,101,0
2017-07-14,21:00:00,27.074,27.074,27.074,27.074,303,0
2017-07-14,22:00:00,27.074,27.074,27.074,27.074,419,0
2017-07-17,17:00:00,27.104,27.104,27.104,27.104,101,0
2017-07-17,19:00:00,27.094,27.094,27.081,27.081,2122,0
2017-07-17,22:00:00,27.074,27.074,27.074,27.074,1051,0
2017-07-18,18:00:00,27.124,27.124,27.123,27.123,1231,0
2017-07-18,21:00:00,27.092,27.092,27.092,27.092,505,0
2017-07-18,22:00:00,27.104,27.104,27.1,27.104,1364,0
2017-07-19,16:00:00,27.044,27.084,27.044,27.084,202,0
2017-07-19,18:00:00,27.114,27.133,27.084,27.133,9394,0
2017-07-19,20:00:00,27.114,27.114,27.114,27.114,101,0
2017-07-19,22:00:00,27.114,27.114,27.114,27.114,101,0
2017-07-20,21:00:00,27.1,27.123,27.1,27.123,212,0
2017-07-21,16:00:00,27.106,27.106,27.106,27.106,101,0
2017-07-21,17:00:00,27.133,27.133,27.131,27.131,404,0
2017-07-24,17:00:00,27.133,27.133,27.133,27.133,1274,0
2017-07-24,18:00:00,27.133,27.133,27.104,27.113,404,0
2017-07-24,22:00:00,27.114,27.133,27.114,27.133,460,0
2017-07-25,17:00:00,27.119,27.119,27.119,27.119,505,0
2017-07-25,21:00:00,27.114,27.114,27.114,27.114,288,0
2017-07-26,17:00:00,27.143,27.143,27.143,27.143,101,0
2017-07-26,21:00:00,27.163,27.163,27.163,27.163,101,0
2017-07-26,22:00:00,27.163,27.163,27.163,27.163,101,0
2017-07-27,16:00:00,27.005,27.104,27.005,27.104,3484,0
2017-07-27,17:00:00,27.114,27.114,27.114,27.114,101,0
2017-07-27,22:00:00,27.107,27.107,27.104,27.105,505,0
2017-07-28,18:00:00,27.136,27.136,27.136,27.136,203,0
2017-07-28,21:00:00,27.143,27.143,27.143,27.143,101,0
2017-07-31,16:00:00,27.232,27.232,27.232,27.232,404,0
2017-07-31,17:00:00,27.177,27.177,27.177,27.177,147,0
2017-07-31,18:00:00,27.173,27.173,27.173,27.173,101,0
2017-07-31,20:00:00,27.163,27.163,27.163,27.163,101,0
2017-07-31,21:00:00,27.163,27.163,27.163,27.163,101,0
2017-07-31,22:00:00,27.173,27.173,27.173,27.173,101,0
2017-08-01,17:00:00,27.183,27.183,27.183,27.183,505,0
2017-08-01,18:00:00,27.159,27.159,27.148,27.148,441,0
2017-08-01,19:00:00,27.124,27.124,27.124,27.124,303,0
2017-08-03,22:00:00,27.173,27.183,27.156,27.156,1951,0
2017-08-04,17:00:00,27.13,27.13,27.13,27.13,505,0
2017-08-04,22:00:00,27.134,27.134,27.134,27.134,354,0
2017-08-07,19:00:00,27.109,27.109,27.109,27.109,404,0
2017-08-07,21:00:00,27.137,27.137,27.137,27.137,101,0
2017-08-07,22:00:00,27.116,27.116,27.116,27.116,365,0
2017-08-08,22:00:00,27.124,27.146,27.124,27.146,399,0
2017-08-09,16:00:00,27.183,27.183,27.183,27.183,177,0
2017-08-09,18:00:00,27.195,27.195,27.195,27.195,404,0
2017-08-09,22:00:00,27.183,27.183,27.183,27.183,379,0
2017-08-10,19:00:00,27.138,27.161,27.138,27.161,1203,0
2017-08-10,22:00:00,27.138,27.156,27.138,27.156,409,0
2017-08-11,18:00:00,27.153,27.153,27.153,27.153,192,0
2017-08-11,20:00:00,27.163,27.163,27.163,27.163,404,0
2017-08-14,16:00:00,27.153,27.153,27.153,27.153,202,0
2017-08-14,20:00:00,27.232,27.232,27.232,27.232,505,0
2017-08-14,22:00:00,27.223,27.223,27.209,27.209,445,0
2017-08-15,17:00:00,27.183,27.183,27.183,27.183,101,0
2017-08-15,19:00:00,27.193,27.193,27.193,27.193,178,0
2017-08-15,20:00:00,27.144,27.173,27.114,27.114,16316,0
2017-08-15,21:00:00,27.133,27.173,27.133,27.173,2223,0
2017-08-15,22:00:00,27.173,27.173,27.173,27.173,101,0
2017-08-16,17:00:00,27.173,27.173,27.166,27.166,285,0
2017-08-16,19:00:00,27.173,27.173,27.143,27.143,2400,0
2017-08-16,22:00:00,27.193,27.193,27.153,27.153,202,0
2017-08-17,18:00:00,27.207,27.207,27.207,27.207,303,0
2017-08-18,16:00:00,27.133,27.153,27.133,27.153,222,0
2017-08-18,17:00:00,27.183,27.183,27.183,27.183,101,0
2017-08-18,19:00:00,27.173,27.173,27.163,27.163,793,0
2017-08-18,20:00:00,27.163,27.163,27.163,27.163,803,0
2017-08-21,16:00:00,27.153,27.153,27.153,27.153,405,0
2017-08-21,22:00:00,27.18,27.193,27.18,27.193,5553,0
2017-08-22,17:00:00,27.213,27.213,27.213,27.213,101,0
2017-08-22,19:00:00,27.153,27.193,27.153,27.193,404,0
2017-08-22,20:00:00,27.184,27.184,27.184,27.184,120,0
2017-08-23,17:00:00,27.232,27.232,27.232,27.232,101,0
2017-08-23,18:00:00,27.213,27.213,27.213,27.213,101,0
2017-08-23,20:00:00,27.213,27.213,27.213,27.213,101,0
2017-08-23,21:00:00,27.213,27.213,27.213,27.213,202,0
2017-08-23,22:00:00,27.223,27.223,27.223,27.223,101,0
2017-08-24,21:00:00,27.163,27.18,27.163,27.18,642,0
2017-08-25,21:00:00,27.213,27.213,27.199,27.213,1000,0
2017-08-25,22:00:00,27.223,27.223,27.203,27.213,3527,0
2017-08-28,17:00:00,27.201,27.201,27.201,27.201,283,0
2017-08-28,19:00:00,27.163,27.163,27.163,27.163,180,0
2017-08-28,22:00:00,27.203,27.203,27.19,27.19,435,0
2017-08-29,17:00:00,27.222,27.222,27.222,27.222,101,0
2017-08-29,19:00:00,27.213,27.213,27.203,27.213,576,0
2017-08-29,22:00:00,27.194,27.203,27.194,27.203,955,0
2017-08-30,18:00:00,27.193,27.193,27.193,27.193,258,0
2017-08-31,21:00:00,27.223,27.223,27.212,27.219,1901,0
2017-09-01,17:00:00,27.252,27.252,27.252,27.252,101,0
2017-09-01,18:00:00,27.232,27.232,27.232,27.232,101,0
2017-09-01,19:00:00,27.234,27.242,27.211,27.211,465,0
2017-09-01,20:00:00,27.242,27.242,27.242,27.242,101,0
2017-09-01,22:00:00,27.232,27.232,27.232,27.232,101,0
2017-09-05,18:00:00,27.292,27.292,27.292,27.292,101,0
2017-09-05,20:00:00,27.282,27.282,27.282,27.282,101,0
2017-09-07,22:00:00,27.279,27.279,27.279,27.279,510,0
2017-09-08,20:00:00,27.312,27.312,27.295,27.295,1895,0
2017-09-11,18:00:00,27.275,27.275,27.275,27.275,576,0
2017-09-11,22:00:00,27.282,27.282,27.272,27.282,4022,0
2017-09-12,16:00:00,27.272,27.272,27.272,27.272,354,0
2017-09-12,17:00:00,27.272,27.272,27.272,27.272,101,0
2017-09-12,19:00:00,27.262,27.262,27.262,27.262,101,0
2017-09-12,20:00:00,27.262,27.262,27.262,27.262,101,0
2017-09-12,21:00:00,27.262,27.262,27.259,27.259,278,0
2017-09-12,22:00:00,27.252,27.252,27.248,27.248,1870,0
2017-09-13,17:00:00,27.282,27.282,27.282,27.282,101,0
2017-09-13,18:00:00,27.236,27.236,27.236,27.236,136,0
2017-09-13,22:00:00,27.242,27.242,27.242,27.242,101,0
2017-09-14,21:00:00,27.235,27.235,27.235,27.235,1546,0
2017-09-14,22:00:00,27.213,27.231,27.213,27.231,955,0
2017-09-15,18:00:00,27.213,27.213,27.213,27.213,182,0
2017-09-15,19:00:00,27.213,27.213,27.213,27.213,202,0
2017-09-15,22:00:00,27.233,27.233,27.233,27.233,217,0
2017-09-18,17:00:00,27.272,27.272,27.272,27.272,101,0
2017-09-18,21:00:00,27.223,27.223,27.223,27.223,101,0
2017-09-19,16:00:00,27.183,27.203,27.183,27.203,525,0
2017-09-19,18:00:00,27.208,27.213,27.2,27.213,3681,0
2017-09-19,19:00:00,27.173,27.173,27.173,27.173,202,0
2017-09-19,22:00:00,27.216,27.223,27.205,27.205,748,0
2017-09-20,16:00:00,27.173,27.193,27.173,27.193,255,0
2017-09-20,17:00:00,27.223,27.223,27.223,27.223,101,0
2017-09-20,19:00:00,27.193,27.223,27.193,27.223,773,0
2017-09-20,21:00:00,27.183,27.183,27.166,27.166,1799,0
2017-09-20,22:00:00,27.183,27.203,27.143,27.193,2403,0
2017-09-21,18:00:00,27.163,27.176,27.153,27.153,5745,0
2017-09-21,19:00:00,27.153,27.153,27.153,27.153,108,0
2017-09-21,21:00:00,27.153,27.153,27.153,27.153,109,0
2017-09-21,22:00:00,27.153,27.153,27.133,27.133,3118,0
2017-09-22,16:00:00,27.193,27.193,27.153,27.153,814,0
2017-09-22,17:00:00,27.203,27.203,27.179,27.179,227,0
2017-09-22,22:00:00,27.183,27.183,27.183,27.183,101,0
2017-09-25,17:00:00,27.183,27.183,27.183,27.183,101,0
2017-09-25,22:00:00,27.187,27.187,27.173,27.173,541,0
2017-09-26,19:00:00,27.193,27.193,27.184,27.184,3042,0
2017-09-26,22:00:00,27.173,27.183,27.173,27.183,465,0
2017-09-27,17:00:00,27.143,27.143,27.143,27.143,101,0
2017-09-27,21:00:00,27.133,27.133,27.133,27.133,424,0
2017-09-27,22:00:00,27.144,27.144,27.125,27.125,1397,0
2017-09-28,19:00:00,27.143,27.143,27.143,27.143,197,0
2017-10-02,17:00:00,27.164,27.218,27.164,27.218,404,0
2017-10-02,18:00:00,27.193,27.193,27.193,27.193,101,0
2017-10-03,16:00:00,27.222,27.222,27.222,27.222,253,0
2017-10-03,17:00:00,27.223,27.223,27.222,27.223,733,0
2017-10-03,19:00:00,27.232,27.232,27.232,27.232,101,0
2017-10-04,18:00:00,27.213,27.213,27.213,27.213,182,0
2017-10-04,20:00:00,27.189,27.189,27.189,27.189,303,0
2017-10-04,21:00:00,27.19,27.19,27.19,27.19,369,0
2017-10-04,22:00:00,27.213,27.213,27.2,27.2,379,0
2017-10-06,22:00:00,27.223,27.223,27.209,27.209,349,0
2017-10-09,18:00:00,27.204,27.204,27.204,27.204,615,0
2017-10-10,20:00:00,27.214,27.236,27.213,27.236,6528,0
2017-10-10,22:00:00,27.242,27.242,27.242,27.242,101,0
2017-10-11,17:00:00,27.331,27.331,27.331,27.331,101,0
2017-10-11,18:00:00,27.207,27.207,27.207,27.207,177,0
2017-10-11,20:00:00,27.236,27.236,27.236,27.236,404,0
2017-10-12,18:00:00,27.272,27.272,27.252,27.252,606,0
2017-10-13,19:00:00,27.262,27.262,27.262,27.262,202,0
2017-10-13,22:00:00,27.302,27.302,27.274,27.274,796,0
2017-10-16,18:00:00,27.266,27.266,27.266,27.266,303,0
2017-10-16,22:00:00,27.272,27.272,27.272,27.272,101,0
2017-10-17,16:00:00,27.272,27.272,27.259,27.259,313,0
2017-10-17,17:00:00,27.272,27.272,27.265,27.265,303,0
2017-10-17,22:00:00,27.272,27.272,27.272,27.272,101,0
2017-10-18,16:00:00,27.288,27.288,27.288,27.288,125,0
2017-10-18,17:00:00,27.269,27.269,27.269,27.269,349,0
2017-10-18,18:00:00,27.238,27.249,27.238,27.249,243,0
2017-10-18,22:00:00,27.271,27.272,27.249,27.259,4401,0
2017-10-19,18:00:00,27.272,27.272,27.272,27.272,763,0
2017-10-20,20:00:00,27.232,27.245,27.232,27.245,246,0
2017-10-23,18:00:00,27.252,27.252,27.252,27.252,101,0
2017-10-23,20:00:00,27.252,27.252,27.252,27.252,120,0
2017-10-23,21:00:00,27.242,27.242,27.203,27.23,7074,0
2017-10-24,21:00:00,27.214,27.214,27.214,27.214,288,0
2017-10-25,16:00:00,27.226,27.226,27.226,27.226,465,0
2017-10-25,22:00:00,27.186,27.186,27.184,27.184,965,0
2017-10-26,18:00:00,27.214,27.214,27.214,27.214,101,0
2017-10-26,19:00:00,27.232,27.232,27.232,27.232,126,0
2017-10-26,21:00:00,27.218,27.218,27.199,27.199,621,0
2017-10-27,16:00:00,27.203,27.203,27.163,27.163,505,0
2017-10-27,17:00:00,27.213,27.213,27.183,27.204,1374,0
2017-10-30,19:00:00,27.242,27.242,27.242,27.242,382,0
2017-10-30,21:00:00,27.238,27.242,27.229,27.229,945,0
2017-10-31,15:00:00,27.262,27.262,27.224,27.226,1415,0
2017-10-31,16:00:00,27.223,27.256,27.223,27.256,2077,0
2017-10-31,18:00:00,27.262,27.262,27.262,27.262,101,0
2017-10-31,20:00:00,27.234,27.262,27.234,27.262,1819,0
2017-10-31,21:00:00,27.242,27.242,27.219,27.219,1011,0
2017-11-01,18:00:00,27.218,27.218,27.208,27.208,1071,0
2017-11-02,19:00:00,27.225,27.225,27.225,27.225,505,0
2017-11-02,21:00:00,27.242,27.242,27.225,27.235,627,0
2017-11-03,15:00:00,27.213,27.223,27.213,27.223,3542,0
2017-11-03,20:00:00,27.233,27.246,27.233,27.235,500,0
2017-11-03,21:00:00,27.231,27.231,27.231,27.231,566,0
2017-11-06,20:00:00,27.264,27.264,27.264,27.264,398,0
2017-11-07,16:00:00,27.213,27.242,27.213,27.242,445,0
2017-11-08,16:00:00,27.302,27.302,27.302,27.302,101,0
2017-11-08,20:00:00,27.262,27.262,27.262,27.262,819,0
2017-11-08,21:00:00,27.276,27.312,27.276,27.312,428,0
2017-11-08,22:00:00,27.252,27.255,27.252,27.255,736,0
2017-11-10,20:00:00,27.242,27.242,27.223,27.242,344,0
2017-11-13,16:00:00,27.302,27.302,27.302,27.302,101,0
2017-11-13,17:00:00,27.272,27.272,27.272,27.272,101,0
2017-11-13,18:00:00,27.272,27.272,27.255,27.268,839,0
2017-11-15,16:00:00,27.143,27.183,27.143,27.173,2181,0
2017-11-15,17:00:00,27.203,27.218,27.203,27.203,8932,0
2017-11-15,19:00:00,27.173,27.173,27.173,27.173,101,0
2017-11-15,21:00:00,27.203,27.203,27.173,27.173,1617,0
2017-11-15,22:00:00,27.261,27.261,27.261,27.261,202,0
2017-11-16,17:00:00,27.286,27.292,27.262,27.292,303,0
2017-11-16,21:00:00,27.321,27.321,27.321,27.321,202,0
2017-11-16,22:00:00,27.288,27.299,27.288,27.299,723,0
2017-11-17,17:00:00,27.312,27.312,27.312,27.312,580,0
2017-11-20,19:00:00,27.33,27.33,27.33,27.33,204,0
2017-11-20,20:00:00,27.305,27.305,27.272,27.305,1610,0
2017-11-21,21:00:00,27.333,27.333,27.333,27.333,147,0
2017-11-24,17:00:00,27.42,27.42,27.42,27.42,101,0
2017-11-24,19:00:00,27.391,27.391,27.391,27.391,101,0
2017-11-27,16:00:00,27.49,27.49,27.401,27.48,758,0
2017-11-28,17:00:00,27.371,27.371,27.371,27.371,101,0
2017-11-28,20:00:00,27.42,27.42,27.42,27.42,101,0
2017-11-29,22:00:00,27.391,27.413,27.391,27.413,404,0
2017-11-30,22:00:00,27.399,27.43,27.399,27.415,1182,0
2017-12-01,22:00:00,27.412,27.412,27.412,27.412,199,0
2017-12-04,20:00:00,27.43,27.43,27.404,27.404,1576,0
2017-12-05,16:00:00,27.47,27.47,27.42,27.42,212,0
2017-12-05,18:00:00,27.393,27.393,27.393,27.393,101,0
2017-12-05,19:00:00,27.326,27.326,27.326,27.326,176,0
2017-12-05,20:00:00,27.391,27.391,27.364,27.364,1769,0
2017-12-06,16:00:00,27.282,27.282,27.282,27.282,101,0
2017-12-06,17:00:00,27.351,27.351,27.351,27.351,101,0
2017-12-06,19:00:00,27.335,27.335,27.335,27.335,333,0
2017-12-06,21:00:00,27.381,27.39,27.327,27.327,808,0
2017-12-07,18:00:00,27.374,27.374,27.374,27.374,101,0
2017-12-07,21:00:00,27.371,27.371,27.371,27.371,101,0
2017-12-07,22:00:00,27.331,27.331,27.331,27.331,101,0
2017-12-08,16:00:00,27.361,27.361,27.361,27.361,606,0
2017-12-08,22:00:00,27.361,27.361,27.341,27.341,1011,0
2017-12-11,16:00:00,27.361,27.361,27.331,27.331,1061,0
2017-12-11,18:00:00,27.361,27.391,27.351,27.351,2999,0
2017-12-11,21:00:00,27.468,27.468,27.468,27.468,260,0
2017-12-12,18:00:00,27.391,27.391,27.391,27.391,116,0
2017-12-12,19:00:00,27.361,27.361,27.361,27.361,136,0
2017-12-12,21:00:00,27.362,27.362,27.362,27.362,293,0
2017-12-13,16:00:00,27.45,27.45,27.45,27.45,101,0
2017-12-13,18:00:00,27.45,27.45,27.45,27.45,101,0
2017-12-13,19:00:00,27.45,27.45,27.45,27.45,101,0
2017-12-13,21:00:00,27.49,27.49,27.49,27.49,101,0
2017-12-13,22:00:00,27.49,27.49,27.49,27.49,101,0
2017-12-14,19:00:00,27.413,27.43,27.403,27.43,2567,0
2017-12-14,22:00:00,27.362,27.388,27.361,27.381,2739,0
2017-12-15,17:00:00,27.411,27.435,27.411,27.435,384,0
2017-12-15,19:00:00,27.421,27.46,27.411,27.46,1251,0
2017-12-15,21:00:00,27.444,27.444,27.444,27.444,182,0
2017-12-18,17:00:00,27.528,27.528,27.528,27.528,303,0
2017-12-19,17:00:00,27.46,27.482,27.444,27.444,506,0
2017-12-19,19:00:00,27.496,27.496,27.496,27.496,153,0
2017-12-19,20:00:00,27.47,27.479,27.47,27.479,2915,0
2017-12-19,21:00:00,27.455,27.455,27.455,27.455,207,0
2017-12-20,16:00:00,27.381,27.42,27.381,27.42,308,0
2017-12-20,19:00:00,27.42,27.42,27.42,27.42,778,0
2017-12-20,20:00:00,27.372,27.42,27.372,27.411,409,0
2017-12-21,22:00:00,27.47,27.47,27.435,27.435,1455,0
2017-12-22,16:00:00,27.361,27.42,27.361,27.42,507,0
2017-12-22,17:00:00,27.406,27.406,27.406,27.406,162,0
2017-12-22,18:00:00,27.402,27.402,27.402,27.402,126,0
2017-12-22,21:00:00,27.44,27.45,27.44,27.442,1925,0
2017-12-27,17:00:00,27.46,27.46,27.46,27.46,101,0
2017-12-27,21:00:00,27.46,27.46,27.46,27.46,101,0
2017-12-28,19:00:00,27.4677,27.4677,27.4677,27.4677,300,0
2017-12-28,20:00:00,27.4942,27.4942,27.4942,27.4942,855,0
2017-12-28,22:00:00,27.4493,27.4493,27.411,27.422,1915,0
2018-01-02,16:00:00,27.51,27.51,27.51,27.51,100,0
2018-01-02,17:00:00,27.51,27.51,27.51,27.51,100,0
2018-01-02,18:00:00,27.4545,27.4545,27.4545,27.4545,500,0
2018-01-02,19:00:00,27.49,27.49,27.49,27.49,100,0
2018-01-02,21:00:00,27.46,27.49,27.46,27.49,300,0
2018-01-02,22:00:00,27.49,27.49,27.49,27.49,140,0
2018-01-03,16:00:00,27.6,27.6,27.52,27.53,4357,0
2018-01-03,17:00:00,27.52,27.52,27.52,27.52,2175,0
2018-01-03,19:00:00,27.52,27.52,27.52,27.52,100,0
2018-01-03,20:00:00,27.514,27.514,27.514,27.514,177,0
2018-01-03,21:00:00,27.52,27.52,27.52,27.52,1622,0
2018-01-03,22:00:00,27.5168,27.52,27.5116,27.5116,2000,0
2018-01-04,16:00:00,27.59,27.59,27.57,27.57,250,0
2018-01-04,17:00:00,27.525,27.525,27.525,27.525,122,0
2018-01-04,19:00:00,27.49,27.49,27.49,27.49,551,0
2018-01-04,20:00:00,27.49,27.53,27.48,27.48,515,0
2018-01-04,21:00:00,27.48,27.54,27.46,27.46,10862,0
2018-01-04,22:00:00,27.46,27.4984,27.46,27.46,11005,0
2018-01-08,16:00:00,27.55,27.55,27.528,27.528,362,0
2018-01-08,19:00:00,27.539,27.539,27.539,27.539,108,0
2018-01-09,20:00:00,27.579,27.579,27.579,27.579,100,0
2018-01-09,21:00:00,27.54,27.54,27.54,27.54,111,0
2018-01-10,16:00:00,27.4801,27.49,27.4801,27.49,2380,0
2018-01-10,19:00:00,27.579,27.579,27.579,27.579,179,0
2018-01-10,22:00:00,27.5568,27.5568,27.5568,27.5568,375,0
2018-01-11,19:00:00,27.575,27.575,27.575,27.575,180,0
2018-01-11,20:00:00,27.6,27.6,27.6,27.6,180,0
2018-01-11,21:00:00,27.6202,27.64,27.6192,27.6192,571,0
2018-01-16,18:00:00,27.7,27.7,27.699,27.6999,1400,0
2018-01-16,21:00:00,27.67,27.67,27.65,27.67,8330,0
2018-01-17,18:00:00,27.669,27.669,27.646,27.66,4000,0
2018-01-17,20:00:00,27.7,27.7,27.6872,27.6872,5000,0
2018-01-17,21:00:00,27.699,27.7,27.6726,27.6726,11195,0
2018-01-18,17:00:00,27.69,27.69,27.669,27.669,2000,0
2018-01-19,21:00:00,27.7,27.719,27.7,27.7,3065,0
2018-01-19,22:00:00,27.67,27.68,27.67,27.68,1014,0
2018-01-22,18:00:00,27.688,27.698,27.688,27.698,1000,0
2018-01-22,20:00:00,27.6965,27.6965,27.6965,27.6965,830,0
2018-01-22,21:00:00,27.7107,27.7107,27.7107,27.7107,620,0
2018-01-22,22:00:00,27.7107,27.74,27.701,27.74,4145,0
2018-01-23,21:00:00,27.7491,27.77,27.7491,27.77,2400,0
2018-01-23,22:00:00,27.771,27.7781,27.771,27.7781,1125,0
2018-01-24,16:00:00,27.83,27.83,27.83,27.83,100,0
2018-01-24,17:00:00,27.84,27.84,27.7801,27.8046,1602,0
2018-01-24,18:00:00,27.82,27.82,27.82,27.82,100,0
2018-01-24,19:00:00,27.8,27.8,27.8,27.8,100,0
2018-01-24,20:00:00,27.82,27.82,27.82,27.82,100,0
2018-01-24,21:00:00,27.83,27.83,27.83,27.83,100,0
2018-01-24,22:00:00,27.82,27.82,27.795,27.795,616,0
2018-01-25,17:00:00,27.82,27.82,27.77,27.77,1955,0
2018-01-25,18:00:00,27.81,27.81,27.81,27.81,100,0
2018-01-25,21:00:00,27.82,27.82,27.81,27.81,540,0
2018-01-25,22:00:00,27.79,27.79,27.79,27.79,675,0
2018-01-26,16:00:00,27.82,27.82,27.805,27.805,940,0
2018-01-26,21:00:00,27.8168,27.8168,27.8168,27.8168,270,0
2018-01-26,22:00:00,27.8108,27.83,27.8108,27.8138,1230,0
2018-01-29,18:00:00,27.7451,27.774,27.7451,27.774,10426,0
2018-01-29,19:00:00,27.7753,27.79,27.755,27.755,710,0
2018-01-29,20:00:00,27.79,27.79,27.79,27.79,360,0
2018-01-29,21:00:00,27.8,27.8,27.7808,27.7808,3600,0
2018-01-30,19:00:00,27.72,27.72,27.72,27.72,326,0
2018-01-30,22:00:00,27.69,27.702,27.6606,27.675,4639,0
2018-01-31,16:00:00,27.85,27.85,27.7799,27.7799,2107,0
2018-01-31,17:00:00,27.76,27.76,27.76,27.76,452,0
2018-01-31,18:00:00,27.71,27.73,27.69,27.7025,3464,0
2018-01-31,21:00:00,27.692,27.71,27.6848,27.71,2554,0
2018-01-31,22:00:00,27.691,27.73,27.691,27.73,4775,0
2018-02-01,18:00:00,27.69,27.6931,27.67,27.675,2441,0
2018-02-01,19:00:00,27.691,27.7,27.67,27.69,3606,0
2018-02-01,20:00:00,27.72,27.72,27.67,27.675,1890,0
2018-02-01,21:00:00,27.6798,27.6952,27.6798,27.6894,3094,0
2018-02-01,22:00:00,27.6989,27.71,27.6904,27.695,2231,0
2018-02-02,16:00:00,27.6052,27.6052,27.6052,27.6052,359,0
2018-02-02,22:00:00,27.58,27.58,27.58,27.58,1431,0
2018-02-05,16:00:00,27.525,27.525,27.525,27.525,362,0
2018-02-05,18:00:00,27.5626,27.5626,27.5579,27.5579,259,0
2018-02-05,21:00:00,27.5279,27.5279,27.5279,27.5279,350,0
2018-02-05,22:00:00,27.49,27.49,27.4825,27.4825,1000,0
2018-02-06,16:00:00,27.25,27.38,27.25,27.38,1030,0
2018-02-06,17:00:00,27.41,27.4168,27.375,27.3852,1225,0
2018-02-06,18:00:00,27.43,27.43,27.4,27.4,1400,0
2018-02-06,19:00:00,27.48,27.48,27.4406,27.4406,1445,0
2018-02-06,20:00:00,27.46,27.47,27.4266,27.4599,846,0
2018-02-06,21:00:00,27.47,27.47,27.4598,27.4598,613,0
2018-02-07,16:00:00,27.59,27.59,27.52,27.52,951,0
2018-02-07,17:00:00,27.48,27.48,27.48,27.48,500,0
2018-02-07,20:00:00,27.42,27.42,27.3801,27.3801,300,0
2018-02-07,21:00:00,27.405,27.405,27.405,27.405,160,0
2018-02-08,18:00:00,27.31,27.31,27.31,27.31,100,0
2018-02-08,21:00:00,27.3101,27.3101,27.3101,27.3101,661,0
2018-02-09,16:00:00,27.244,27.244,27.244,27.244,895,0
2018-02-09,17:00:00,27.2858,27.2858,27.2858,27.2858,675,0
2018-02-09,18:00:00,27.25,27.25,27.25,27.25,255,0
2018-02-09,19:00:00,27.225,27.225,27.225,27.225,110,0
2018-02-09,20:00:00,27.17,27.1974,27.17,27.17,336,0
2018-02-12,16:00:00,27.63,27.63,27.63,27.63,170,0
2018-02-12,17:00:00,27.33,27.33,27.33,27.33,240,0
2018-02-12,19:00:00,27.39,27.39,27.39,27.39,700,0
2018-02-12,20:00:00,27.365,27.374,27.34,27.365,4350,0
2018-02-12,21:00:00,27.38,27.38,27.38,27.38,105,0
2018-02-12,22:00:00,27.4,27.4,27.4,27.4,100,0
2018-02-13,16:00:00,27.47,27.47,27.388,27.388,6070,0
2018-02-13,18:00:00,27.4,27.4,27.4,27.4,200,0
2018-02-13,19:00:00,27.404,27.404,27.404,27.404,1045,0
2018-02-13,20:00:00,27.4,27.4,27.4,27.4,100,0
2018-02-13,21:00:00,27.3705,27.3705,27.3705,27.3705,250,0
2018-02-13,22:00:00,27.43,27.43,27.43,27.43,173,0
2018-02-14,19:00:00,27.4798,27.4848,27.4701,27.4848,600,0
2018-02-14,20:00:00,27.5049,27.51,27.4977,27.5099,900,0
2018-02-14,21:00:00,27.54,27.54,27.52,27.52,1200,0
2018-02-15,16:00:00,27.5,27.5634,27.5,27.5634,365,0
2018-02-15,18:00:00,27.5652,27.5699,27.54,27.5699,985,0
2018-02-15,19:00:00,27.57,27.57,27.5577,27.5577,200,0
2018-02-15,21:00:00,27.59,27.59,27.5734,27.5734,356,0
2018-02-15,22:00:00,27.6,27.6,27.596,27.596,6600,0
2018-02-16,17:00:00,27.574,27.574,27.574,27.574,599,0
2018-02-20,16:00:00,27.64,27.64,27.64,27.64,100,0
2018-02-20,17:00:00,27.5356,27.5356,27.5356,27.5356,145,0
2018-02-21,16:00:00,27.5,27.5,27.5,27.5,145,0
2018-02-21,18:00:00,27.57,27.57,27.5586,27.5586,1725,0
2018-02-21,19:00:00,27.5303,27.5417,27.5303,27.5417,700,0
2018-02-22,20:00:00,27.5359,27.5359,27.5359,27.5359,100,0
2018-02-22,22:00:00,27.53,27.53,27.5123,27.53,4025,0
2018-02-23,16:00:00,27.5451,27.5451,27.5451,27.5451,300,0
2018-02-23,17:00:00,27.58,27.58,27.5789,27.58,2000,0
2018-02-23,18:00:00,27.58,27.58,27.58,27.58,100,0
2018-02-23,19:00:00,27.6,27.6,27.5784,27.59,2100,0
2018-02-23,20:00:00,27.59,27.59,27.59,27.59,100,0
2018-02-23,21:00:00,27.59,27.6,27.5651,27.6,2022,0
2018-02-23,22:00:00,27.61,27.61,27.61,27.61,176,0
2018-02-26,20:00:00,27.6,27.604,27.6,27.604,3165,0
2018-02-26,22:00:00,27.67,27.68,27.61,27.675,72187,0
2018-02-27,18:00:00,27.5543,27.5543,27.5543,27.5543,146,0
2018-02-27,22:00:00,27.5344,27.5344,27.5344,27.5344,475,0
2018-02-28,17:00:00,27.53,27.53,27.53,27.53,189,0
2018-03-01,17:00:00,27.415,27.435,27.415,27.435,206,0
2018-03-01,19:00:00,27.45,27.46,27.45,27.46,19300,0
2018-03-01,20:00:00,27.45,27.45,27.42,27.42,1722,0
2018-03-01,21:00:00,27.41,27.4202,27.41,27.4202,1892,0
2018-03-01,22:00:00,27.44,27.47,27.432,27.46,5000,0
2018-03-02,22:00:00,27.49,27.5,27.49,27.5,7000,0
2018-03-05,16:00:00,27.54,27.54,27.48,27.48,200,0
2018-03-05,17:00:00,27.48,27.48,27.48,27.48,100,0
2018-03-05,18:00:00,27.52,27.52,27.52,27.52,100,0
2018-03-05,19:00:00,27.53,27.53,27.4883,27.4883,2100,0
2018-03-05,21:00:00,27.52,27.53,27.52,27.53,200,0
2018-03-05,22:00:00,27.54,27.55,27.54,27.55,465,0
2018-03-06,17:00:00,27.58,27.59,27.5642,27.5872,13938,0
2018-03-06,18:00:00,27.59,27.59,27.586,27.586,930,0
2018-03-06,19:00:00,27.555,27.5896,27.555,27.5896,325,0
2018-03-06,20:00:00,27.55,27.55,27.55,27.55,355,0
2018-03-06,21:00:00,27.5701,27.5701,27.5701,27.5701,222,0
2018-03-06,22:00:00,27.61,27.61,27.5959,27.5959,2648,0
2018-03-08,22:00:00,27.5665,27.5667,27.5665,27.5667,1426,0
2018-03-09,16:00:00,27.6,27.6,27.6,27.6,326,0
2018-03-09,17:00:00,27.64,27.64,27.64,27.64,867,0
2018-03-12,16:00:00,27.68,27.68,27.66,27.66,510,0
2018-03-12,18:00:00,27.6552,27.6552,27.6552,27.6552,600,0
2018-03-12,19:00:00,27.641,27.66,27.6401,27.66,4000,0
2018-03-12,20:00:00,27.69,27.69,27.6744,27.69,3615,0
2018-03-12,21:00:00,27.7,27.7,27.7,27.7,200,0
2018-03-13,19:00:00,27.71,27.71,27.691,27.691,1435,0
2018-03-13,20:00:00,27.69,27.69,27.6552,27.6552,740,0
2018-03-14,19:00:00,27.6395,27.6544,27.6395,27.6544,321,0
2018-03-14,20:00:00,27.68,27.68,27.655,27.655,600,0
2018-03-16,19:00:00,27.63,27.63,27.615,27.615,500,0
2018-03-19,15:00:00,27.6,27.6,27.6,27.6,1000,0
2018-03-19,16:00:00,27.5542,27.5542,27.5542,27.5542,185,0
2018-03-19,21:00:00,27.56,27.58,27.5439,27.5501,2158,0
2018-03-20,15:00:00,27.594,27.594,27.594,27.594,190,0
2018-03-20,16:00:00,27.5705,27.5705,27.5705,27.5705,235,0
2018-03-21,18:00:00,27.59,27.59,27.59,27.59,165,0
2018-03-21,21:00:00,27.71,27.71,27.661,27.661,762,0
2018-03-23,16:00:00,27.545,27.545,27.545,27.545,160,0
2018-03-23,19:00:00,27.539,27.539,27.539,27.539,805,0
2018-03-23,20:00:00,27.53,27.56,27.524,27.56,810,0
2018-03-26,19:00:00,27.565,27.565,27.565,27.565,2000,0
2018-03-26,21:00:00,27.59,27.59,27.5899,27.59,11835,0
2018-03-27,17:00:00,27.541,27.59,27.541,27.59,900,0
2018-03-27,18:00:00,27.5799,27.5799,27.5637,27.5637,1000,0
2018-03-27,19:00:00,27.575,27.575,27.575,27.575,400,0
2018-03-28,16:00:00,27.45,27.45,27.45,27.45,15880,0
2018-03-28,20:00:00,27.465,27.465,27.465,27.465,200,0
2018-03-28,22:00:00,27.47,27.48,27.421,27.455,6030,0
2018-03-29,20:00:00,27.5,27.5,27.5,27.5,132,0
