Date,Time,Open,High,Low,Close,Volume,OpenInt
2017-08-22,16:00:00,35.7,35.7,35.7,35.7,748,0
2017-08-22,18:00:00,35.781,35.824,35.78,35.794,2171,0
2017-08-22,21:00:00,35.878,35.878,35.861,35.861,666,0
2017-08-22,22:00:00,35.89,35.94,35.89,35.94,3568,0
2017-08-23,16:00:00,35.91,35.91,35.91,35.91,942,0
2017-08-23,17:00:00,35.88,35.88,35.86,35.863,1429,0
2017-08-23,18:00:00,35.84,35.85,35.76,35.85,5936,0
2017-08-23,19:00:00,35.83,35.832,35.83,35.832,200,0
2017-08-23,21:00:00,35.777,35.777,35.777,35.777,203,0
2017-08-23,22:00:00,35.742,35.8,35.742,35.8,897,0
2017-08-24,16:00:00,35.74,35.78,35.74,35.76,752,0
2017-08-24,17:00:00,35.698,35.76,35.698,35.76,336,0
2017-08-24,18:00:00,35.72,35.73,35.71,35.73,402,0
2017-08-24,19:00:00,35.73,35.73,35.681,35.681,585,0
2017-08-24,20:00:00,35.706,35.706,35.706,35.706,838,0
2017-08-24,21:00:00,35.68,35.68,35.68,35.68,150,0
2017-08-24,22:00:00,35.641,35.69,35.641,35.69,663,0
2017-08-25,16:00:00,35.72,35.74,35.714,35.74,913,0
2017-08-25,17:00:00,35.75,35.836,35.75,35.83,468,0
2017-08-25,18:00:00,35.757,35.76,35.757,35.76,355,0
2017-08-25,19:00:00,35.8,35.8,35.8,35.8,163,0
2017-08-25,20:00:00,35.78,35.81,35.742,35.79,2579,0
2017-08-25,21:00:00,35.83,35.83,35.83,35.83,100,0
2017-08-25,22:00:00,35.786,35.8,35.71,35.8,368,0
2017-08-28,16:00:00,35.785,35.785,35.785,35.785,250,0
2017-08-28,17:00:00,35.777,35.777,35.777,35.777,250,0
2017-08-28,18:00:00,35.8,35.8,35.78,35.78,493,0
2017-08-28,19:00:00,35.78,35.78,35.754,35.754,302,0
2017-08-28,20:00:00,35.75,35.75,35.68,35.701,1885,0
2017-08-28,21:00:00,35.681,35.728,35.681,35.705,2700,0
2017-08-28,22:00:00,35.74,35.8,35.7,35.71,4552,0
2017-08-29,17:00:00,35.72,35.75,35.688,35.75,997,0
2017-08-29,18:00:00,35.76,35.76,35.7,35.7,849,0
2017-08-29,19:00:00,35.711,35.711,35.711,35.711,143,0
2017-08-29,20:00:00,35.725,35.76,35.725,35.76,402,0
2017-08-29,21:00:00,35.75,35.75,35.74,35.75,2468,0
2017-08-29,22:00:00,35.793,35.82,35.75,35.75,856,0
2017-08-30,16:00:00,35.8,35.8,35.8,35.8,279,0
2017-08-30,17:00:00,35.88,35.883,35.88,35.883,346,0
2017-08-30,18:00:00,35.92,35.93,35.904,35.92,7924,0
2017-08-30,20:00:00,35.91,35.98,35.91,35.95,938,0
2017-08-30,21:00:00,35.93,35.93,35.9,35.9,502,0
2017-08-30,22:00:00,35.953,35.98,35.89,35.98,1038,0
2017-08-31,16:00:00,36.07,36.07,36.07,36.07,553,0
2017-08-31,17:00:00,36.103,36.103,36.073,36.089,647,0
2017-08-31,18:00:00,36.119,36.119,36.05,36.083,2598,0
2017-08-31,19:00:00,36.105,36.119,36.105,36.119,200,0
2017-08-31,20:00:00,36.112,36.119,36.112,36.112,1224,0
2017-08-31,21:00:00,36.119,36.158,36.119,36.131,1511,0
2017-08-31,22:00:00,36.144,36.168,36.144,36.158,461,0
2017-09-01,16:00:00,36.278,36.278,36.278,36.278,152,0
2017-09-01,18:00:00,36.27,36.27,36.264,36.264,264,0
2017-09-01,19:00:00,36.254,36.278,36.228,36.268,2069,0
2017-09-01,20:00:00,36.28,36.288,36.237,36.258,4041,0
2017-09-01,21:00:00,36.243,36.278,36.237,36.237,2632,0
2017-09-01,22:00:00,36.243,36.288,36.243,36.288,712,0
2017-09-05,16:00:00,36.268,36.268,36.156,36.156,2273,0
2017-09-05,17:00:00,36.142,36.196,36.09,36.09,771,0
2017-09-05,18:00:00,36.07,36.07,36.05,36.05,201,0
2017-09-05,19:00:00,36.05,36.05,35.981,36.01,575,0
2017-09-05,20:00:00,35.92,35.92,35.91,35.91,210,0
2017-09-05,22:00:00,35.91,35.99,35.89,35.99,4828,0
2017-09-06,16:00:00,36.018,36.018,36.018,36.018,110,0
2017-09-06,17:00:00,35.99,36.049,35.99,36.049,1116,0
2017-09-06,18:00:00,35.973,35.99,35.973,35.99,651,0
2017-09-06,19:00:00,35.993,36.01,35.94,35.97,1503,0
2017-09-06,20:00:00,36.005,36.027,35.992,36.027,557,0
2017-09-06,22:00:00,36.011,36.071,36.011,36.071,2508,0
2017-09-07,16:00:00,36.104,36.104,36.104,36.104,103,0
2017-09-07,17:00:00,36.07,36.07,36.031,36.031,409,0
2017-09-07,18:00:00,36.059,36.059,36.01,36.01,789,0
2017-09-07,19:00:00,36.051,36.09,36.027,36.09,770,0
2017-09-07,21:00:00,36.04,36.109,36.03,36.03,3328,0
2017-09-07,22:00:00,36.109,36.129,36.04,36.119,1850,0
2017-09-08,17:00:00,36.04,36.1,36.04,36.1,291,0
2017-09-08,18:00:00,36.109,36.188,36.109,36.155,13113,0
2017-09-08,19:00:00,36.129,36.148,36.129,36.148,704,0
2017-09-08,20:00:00,36.129,36.178,36.1,36.109,7968,0
2017-09-08,21:00:00,36.158,36.158,36.158,36.158,100,0
2017-09-08,22:00:00,36.139,36.197,36.107,36.168,3539,0
2017-09-11,16:00:00,36.387,36.387,36.288,36.298,1744,0
2017-09-11,17:00:00,36.368,36.368,36.368,36.368,100,0
2017-09-11,18:00:00,36.338,36.378,36.298,36.378,1305,0
2017-09-11,19:00:00,36.368,36.378,36.368,36.378,567,0
2017-09-11,20:00:00,36.394,36.397,36.394,36.397,322,0
2017-09-11,22:00:00,36.438,36.457,36.387,36.387,1147,0
2017-09-12,16:00:00,36.517,36.517,36.476,36.476,489,0
2017-09-12,17:00:00,36.417,36.427,36.417,36.427,1133,0
2017-09-12,18:00:00,36.437,36.437,36.437,36.437,200,0
2017-09-12,19:00:00,36.437,36.507,36.437,36.462,903,0
2017-09-12,20:00:00,36.457,36.492,36.457,36.492,557,0
2017-09-12,21:00:00,36.477,36.517,36.477,36.517,5219,0
2017-09-12,22:00:00,36.517,36.528,36.497,36.528,1407,0
2017-09-13,16:00:00,36.657,36.657,36.657,36.657,1010,0
2017-09-13,18:00:00,36.494,36.494,36.475,36.475,1354,0
2017-09-13,19:00:00,36.468,36.468,36.447,36.461,713,0
2017-09-13,20:00:00,36.487,36.487,36.467,36.475,1238,0
2017-09-13,22:00:00,36.497,36.497,36.497,36.497,657,0
2017-09-14,16:00:00,36.407,36.407,36.338,36.378,465,0
2017-09-14,17:00:00,36.378,36.434,36.378,36.427,1365,0
2017-09-14,18:00:00,36.427,36.469,36.387,36.397,5102,0
2017-09-14,19:00:00,36.397,36.447,36.387,36.397,3590,0
2017-09-14,20:00:00,36.397,36.407,36.378,36.378,2910,0
2017-09-14,21:00:00,36.378,36.437,36.378,36.378,5335,0
2017-09-14,22:00:00,36.378,36.437,36.378,36.387,7057,0
2017-09-15,18:00:00,36.513,36.557,36.455,36.557,843,0
2017-09-15,19:00:00,36.543,36.547,36.543,36.547,322,0
2017-09-15,21:00:00,36.557,36.557,36.512,36.512,1004,0
2017-09-15,22:00:00,36.524,36.617,36.516,36.617,1642,0
2017-09-18,16:00:00,36.517,36.517,36.517,36.517,105,0
2017-09-18,17:00:00,36.641,36.651,36.641,36.651,307,0
2017-09-18,19:00:00,36.644,36.644,36.644,36.644,159,0
2017-09-18,21:00:00,36.637,36.637,36.561,36.562,928,0
2017-09-18,22:00:00,36.575,36.667,36.575,36.667,1079,0
2017-09-19,17:00:00,36.707,36.707,36.613,36.677,3916,0
2017-09-19,18:00:00,36.637,36.687,36.597,36.687,15891,0
2017-09-19,19:00:00,36.624,36.624,36.624,36.624,141,0
2017-09-19,20:00:00,36.69,36.69,36.69,36.69,100,0
2017-09-19,21:00:00,36.667,36.731,36.667,36.731,324,0
2017-09-19,22:00:00,36.736,36.747,36.617,36.617,3683,0
2017-09-20,16:00:00,36.619,36.619,36.619,36.619,124,0
2017-09-20,18:00:00,36.637,36.677,36.624,36.677,359,0
2017-09-20,20:00:00,36.677,36.727,36.668,36.727,583,0
2017-09-20,21:00:00,36.627,36.707,36.588,36.707,4003,0
2017-09-20,22:00:00,36.653,36.747,36.653,36.747,476,0
2017-09-21,17:00:00,36.557,36.561,36.529,36.557,620,0
2017-09-21,18:00:00,36.636,36.662,36.597,36.662,1073,0
2017-09-21,20:00:00,36.659,36.659,36.597,36.597,1108,0
2017-09-21,21:00:00,36.656,36.656,36.656,36.656,400,0
2017-09-21,22:00:00,36.671,36.697,36.577,36.577,1363,0
2017-09-22,16:00:00,36.687,36.687,36.613,36.613,287,0
2017-09-22,17:00:00,36.647,36.647,36.617,36.617,269,0
2017-09-22,18:00:00,36.614,36.614,36.614,36.614,1103,0
2017-09-22,19:00:00,36.593,36.617,36.593,36.611,4370,0
2017-09-22,20:00:00,36.597,36.607,36.597,36.607,427,0
2017-09-22,21:00:00,36.592,36.592,36.592,36.592,162,0
2017-09-22,22:00:00,36.587,36.667,36.587,36.667,327,0
2017-09-25,17:00:00,36.558,36.633,36.558,36.633,268,0
2017-09-25,18:00:00,36.559,36.559,36.559,36.559,101,0
2017-09-25,19:00:00,36.563,36.567,36.563,36.563,437,0
2017-09-25,20:00:00,36.557,36.557,36.557,36.557,307,0
2017-09-25,21:00:00,36.568,36.607,36.568,36.603,991,0
2017-09-25,22:00:00,36.61,36.637,36.543,36.637,640,0
2017-09-26,16:00:00,36.727,36.727,36.727,36.727,100,0
2017-09-26,17:00:00,36.686,36.686,36.653,36.653,696,0
2017-09-26,18:00:00,36.638,36.638,36.638,36.638,735,0
2017-09-26,19:00:00,36.633,36.651,36.627,36.651,980,0
2017-09-26,21:00:00,36.689,36.747,36.689,36.747,3723,0
2017-09-26,22:00:00,36.681,36.681,36.681,36.681,290,0
2017-09-27,16:00:00,36.768,36.768,36.768,36.768,250,0
2017-09-27,17:00:00,36.757,36.757,36.747,36.747,200,0
2017-09-27,18:00:00,36.707,36.707,36.63,36.63,351,0
2017-09-27,19:00:00,36.712,36.747,36.705,36.708,1888,0
2017-09-27,21:00:00,36.789,36.836,36.748,36.836,2113,0
2017-09-27,22:00:00,36.834,36.866,36.821,36.846,4576,0
2017-09-28,17:00:00,36.826,36.846,36.826,36.836,2936,0
2017-09-28,18:00:00,36.826,36.826,36.794,36.797,490,0
2017-09-28,20:00:00,36.831,36.831,36.787,36.787,460,0
2017-09-28,21:00:00,36.806,36.84,36.787,36.84,2486,0
2017-09-28,22:00:00,36.845,36.845,36.802,36.802,522,0
2017-09-29,16:00:00,36.767,36.767,36.767,36.767,2685,0
2017-09-29,17:00:00,36.916,37.046,36.916,37.046,8029,0
2017-09-29,18:00:00,37.026,37.026,37.011,37.02,1026,0
2017-09-29,19:00:00,37.066,37.066,37.016,37.066,1573,0
2017-09-29,20:00:00,37.066,37.066,37.045,37.045,205,0
2017-09-29,21:00:00,37.056,37.056,37.04,37.056,1103,0
2017-09-29,22:00:00,37.016,37.076,37.016,37.038,1850,0
2017-10-02,17:00:00,37.109,37.109,37.109,37.109,100,0
2017-10-02,18:00:00,37.069,37.116,37.061,37.116,436,0
2017-10-02,19:00:00,37.069,37.103,37.036,37.098,1792,0
2017-10-02,20:00:00,37.119,37.119,37.119,37.119,140,0
2017-10-02,21:00:00,37.116,37.186,37.116,37.186,675,0
2017-10-02,22:00:00,37.171,37.171,37.171,37.171,131,0
2017-10-03,16:00:00,37.106,37.106,37.106,37.106,191,0
2017-10-03,17:00:00,37.231,37.231,37.226,37.226,501,0
2017-10-03,18:00:00,37.246,37.28,37.246,37.28,698,0
2017-10-03,19:00:00,37.246,37.279,37.216,37.279,3775,0
2017-10-03,21:00:00,37.3,37.316,37.3,37.316,1598,0
2017-10-03,22:00:00,37.332,37.346,37.286,37.316,1546,0
2017-10-04,16:00:00,37.406,37.406,37.316,37.326,8058,0
2017-10-04,17:00:00,37.373,37.375,37.346,37.365,15249,0
2017-10-04,18:00:00,37.376,37.424,37.346,37.424,5661,0
2017-10-04,19:00:00,37.413,37.425,37.376,37.376,3096,0
2017-10-04,20:00:00,37.401,37.405,37.326,37.34,7305,0
2017-10-04,21:00:00,37.326,37.396,37.326,37.382,3355,0
2017-10-04,22:00:00,37.395,37.396,37.356,37.386,9974,0
2017-10-05,16:00:00,37.425,37.474,37.366,37.376,5237,0
2017-10-05,17:00:00,37.381,37.429,37.381,37.427,6287,0
2017-10-05,18:00:00,37.425,37.455,37.416,37.45,15622,0
2017-10-05,19:00:00,37.464,37.494,37.376,37.474,9304,0
2017-10-05,20:00:00,37.466,37.474,37.445,37.468,1839,0
2017-10-05,21:00:00,37.455,37.465,37.429,37.445,3679,0
2017-10-05,22:00:00,37.448,37.474,37.416,37.474,7681,0
2017-10-06,16:00:00,37.514,37.514,37.376,37.455,4113,0
2017-10-06,17:00:00,37.455,37.465,37.397,37.425,2508,0
2017-10-06,18:00:00,37.416,37.438,37.391,37.401,6073,0
2017-10-06,19:00:00,37.416,37.416,37.396,37.416,1162,0
2017-10-06,20:00:00,37.41,37.425,37.406,37.406,1003,0
2017-10-06,21:00:00,37.435,37.445,37.416,37.445,1809,0
2017-10-06,22:00:00,37.426,37.455,37.416,37.455,5383,0
2017-10-09,16:00:00,37.425,37.465,37.425,37.44,1402,0
2017-10-09,17:00:00,37.416,37.435,37.381,37.405,10922,0
2017-10-09,18:00:00,37.424,37.445,37.396,37.445,2263,0
2017-10-09,19:00:00,37.435,37.435,37.396,37.425,788,0
2017-10-09,20:00:00,37.416,37.435,37.396,37.435,1450,0
2017-10-09,21:00:00,37.416,37.435,37.396,37.396,4404,0
2017-10-09,22:00:00,37.406,37.406,37.376,37.406,12107,0
2017-10-10,16:00:00,37.494,37.524,37.45,37.478,1656,0
2017-10-10,17:00:00,37.484,37.494,37.416,37.455,4223,0
2017-10-10,18:00:00,37.455,37.474,37.445,37.445,1899,0
2017-10-10,19:00:00,37.465,37.465,37.453,37.453,300,0
2017-10-10,20:00:00,37.484,37.504,37.445,37.479,1003,0
2017-10-10,21:00:00,37.504,37.504,37.471,37.504,1397,0
2017-10-10,22:00:00,37.524,37.524,37.524,37.524,477,0
2017-10-11,16:00:00,37.554,37.554,37.494,37.509,2082,0
2017-10-11,18:00:00,37.574,37.584,37.554,37.554,3747,0
2017-10-11,19:00:00,37.543,37.584,37.543,37.557,1433,0
2017-10-11,20:00:00,37.541,37.563,37.541,37.554,2332,0
2017-10-11,21:00:00,37.559,37.559,37.525,37.554,1382,0
2017-10-11,22:00:00,37.545,37.584,37.525,37.561,8422,0
2017-10-12,16:00:00,37.644,37.644,37.544,37.544,3211,0
2017-10-12,17:00:00,37.564,37.614,37.544,37.595,4569,0
2017-10-12,18:00:00,37.624,37.624,37.565,37.6,1614,0
2017-10-12,19:00:00,37.588,37.604,37.571,37.571,1810,0
2017-10-12,20:00:00,37.564,37.604,37.564,37.578,631,0
2017-10-12,21:00:00,37.588,37.588,37.515,37.515,3654,0
2017-10-12,22:00:00,37.584,37.584,37.514,37.564,5116,0
2017-10-13,16:00:00,37.587,37.587,37.587,37.587,999,0
2017-10-13,17:00:00,37.525,37.582,37.525,37.582,1904,0
2017-10-13,18:00:00,37.596,37.603,37.524,37.528,2354,0
2017-10-13,19:00:00,37.524,37.564,37.524,37.564,6956,0
2017-10-13,20:00:00,37.594,37.594,37.544,37.544,4921,0
2017-10-13,21:00:00,37.574,37.574,37.544,37.571,481,0
2017-10-13,22:00:00,37.594,37.594,37.514,37.574,46684,0
2017-10-16,16:00:00,37.724,37.724,37.724,37.724,609,0
2017-10-16,17:00:00,37.604,37.604,37.554,37.554,501,0
2017-10-16,18:00:00,37.542,37.542,37.514,37.515,1758,0
2017-10-16,19:00:00,37.544,37.544,37.425,37.493,5312,0
2017-10-16,20:00:00,37.514,37.544,37.504,37.534,2181,0
2017-10-16,21:00:00,37.534,37.554,37.523,37.524,6798,0
2017-10-16,22:00:00,37.544,37.584,37.524,37.584,12389,0
2017-10-17,16:00:00,37.624,37.624,37.514,37.529,2913,0
2017-10-17,17:00:00,37.544,37.544,37.522,37.535,1311,0
2017-10-17,18:00:00,37.542,37.574,37.542,37.544,2191,0
2017-10-17,19:00:00,37.559,37.559,37.544,37.554,418,0
2017-10-17,20:00:00,37.549,37.564,37.488,37.496,3502,0
2017-10-17,21:00:00,37.524,37.524,37.484,37.514,2818,0
2017-10-17,22:00:00,37.485,37.534,37.455,37.534,4374,0
2017-10-18,16:00:00,37.614,37.634,37.504,37.564,3525,0
2017-10-18,17:00:00,37.544,37.554,37.534,37.541,1387,0
2017-10-18,18:00:00,37.564,37.564,37.502,37.514,4741,0
2017-10-18,19:00:00,37.494,37.544,37.494,37.508,18411,0
2017-10-18,20:00:00,37.503,37.514,37.496,37.505,2792,0
2017-10-18,21:00:00,37.514,37.514,37.505,37.509,2498,0
2017-10-18,22:00:00,37.507,37.514,37.494,37.514,1203,0
2017-10-19,16:00:00,37.52,37.52,37.515,37.515,665,0
2017-10-19,17:00:00,37.504,37.543,37.504,37.536,1824,0
2017-10-19,18:00:00,37.579,37.654,37.574,37.602,11362,0
2017-10-19,19:00:00,37.613,37.654,37.554,37.584,12319,0
2017-10-19,20:00:00,37.647,37.666,37.574,37.633,2582,0
2017-10-19,21:00:00,37.604,37.69,37.604,37.678,1496,0
2017-10-19,22:00:00,37.714,37.724,37.624,37.634,6583,0
2017-10-20,16:00:00,37.864,37.884,37.816,37.874,1722,0
2017-10-20,17:00:00,37.874,37.874,37.814,37.854,2481,0
2017-10-20,18:00:00,37.844,37.875,37.811,37.875,6354,0
2017-10-20,20:00:00,37.88,37.904,37.858,37.865,2554,0
2017-10-20,21:00:00,37.866,37.916,37.844,37.884,3555,0
2017-10-20,22:00:00,37.88,37.904,37.814,37.814,4309,0
2017-10-23,16:00:00,37.854,38.114,37.854,37.871,2959,0
2017-10-23,17:00:00,37.884,37.892,37.863,37.863,1599,0
2017-10-23,18:00:00,37.863,37.863,37.834,37.834,421,0
2017-10-23,19:00:00,37.834,37.854,37.794,37.854,3341,0
2017-10-23,20:00:00,37.842,37.842,37.77,37.77,488,0
2017-10-23,21:00:00,37.814,37.814,37.814,37.814,200,0
2017-10-23,22:00:00,37.804,37.814,37.736,37.772,10153,0
2017-10-24,16:00:00,37.884,37.884,37.826,37.826,1203,0
2017-10-24,17:00:00,37.769,37.8,37.769,37.8,1878,0
2017-10-24,18:00:00,37.794,37.795,37.794,37.795,601,0
2017-10-24,19:00:00,37.799,37.844,37.799,37.844,1804,0
2017-10-24,20:00:00,37.814,37.854,37.765,37.854,2005,0
2017-10-24,21:00:00,37.846,37.884,37.844,37.884,3279,0
2017-10-24,22:00:00,37.863,37.864,37.794,37.854,16089,0
2017-10-25,16:00:00,37.804,37.804,37.804,37.804,287,0
2017-10-25,17:00:00,37.754,37.804,37.67,37.714,27333,0
2017-10-25,18:00:00,37.714,37.714,37.604,37.624,46427,0
2017-10-25,19:00:00,37.594,37.594,37.504,37.504,6272,0
2017-10-25,20:00:00,37.584,37.674,37.559,37.674,3898,0
2017-10-25,21:00:00,37.664,37.678,37.652,37.652,1002,0
2017-10-25,22:00:00,37.674,37.704,37.628,37.704,1921,0
2017-10-26,16:00:00,37.754,37.754,37.693,37.693,759,0
2017-10-26,17:00:00,37.697,37.697,37.697,37.697,186,0
2017-10-26,18:00:00,37.694,37.705,37.664,37.705,691,0
2017-10-26,19:00:00,37.684,37.684,37.664,37.664,664,0
2017-10-26,21:00:00,37.654,37.654,37.634,37.646,543,0
2017-10-26,22:00:00,37.583,37.674,37.583,37.644,4108,0
2017-10-27,16:00:00,37.724,37.724,37.474,37.517,9913,0
2017-10-27,17:00:00,37.604,37.644,37.578,37.624,868,0
2017-10-27,18:00:00,37.654,37.654,37.645,37.645,322,0
2017-10-27,19:00:00,37.704,37.714,37.654,37.704,902,0
2017-10-27,20:00:00,37.714,37.714,37.7,37.704,321,0
2017-10-27,21:00:00,37.734,37.744,37.714,37.734,536,0
2017-10-27,22:00:00,37.744,37.764,37.714,37.764,1866,0
2017-10-30,15:00:00,37.764,37.804,37.664,37.664,751,0
2017-10-30,16:00:00,37.706,37.764,37.706,37.716,2596,0
2017-10-30,17:00:00,37.718,37.724,37.674,37.674,8176,0
2017-10-30,18:00:00,37.674,37.674,37.654,37.664,1283,0
2017-10-30,19:00:00,37.644,37.644,37.644,37.644,100,0
2017-10-30,21:00:00,37.634,37.664,37.559,37.574,2235,0
2017-10-31,15:00:00,37.614,37.614,37.614,37.614,366,0
2017-10-31,16:00:00,37.664,37.688,37.664,37.688,1567,0
2017-10-31,17:00:00,37.724,37.724,37.634,37.704,1055,0
2017-10-31,18:00:00,37.744,37.744,37.654,37.744,909,0
2017-10-31,19:00:00,37.704,37.744,37.678,37.734,3956,0
2017-10-31,20:00:00,37.776,37.776,37.776,37.776,2646,0
2017-10-31,21:00:00,37.769,37.769,37.724,37.724,1274,0
2017-11-01,15:00:00,37.854,37.854,37.854,37.854,120,0
2017-11-01,16:00:00,37.794,37.834,37.784,37.814,7859,0
2017-11-01,17:00:00,37.744,37.804,37.744,37.744,866,0
2017-11-01,18:00:00,37.743,37.743,37.684,37.684,11152,0
2017-11-01,19:00:00,37.698,37.698,37.654,37.654,401,0
2017-11-01,20:00:00,37.743,37.743,37.664,37.737,2389,0
2017-11-01,21:00:00,37.804,37.844,37.754,37.764,4787,0
2017-11-02,16:00:00,37.684,37.724,37.644,37.724,3002,0
2017-11-02,17:00:00,37.688,37.704,37.678,37.699,1872,0
2017-11-02,19:00:00,37.734,37.741,37.734,37.741,1587,0
2017-11-02,20:00:00,37.732,37.768,37.694,37.768,6519,0
2017-11-02,21:00:00,37.754,37.78,37.754,37.774,479,0
2017-11-03,15:00:00,37.747,37.747,37.725,37.725,268,0
2017-11-03,16:00:00,37.744,37.804,37.724,37.763,8467,0
2017-11-03,17:00:00,37.811,37.815,37.796,37.814,1286,0
2017-11-03,18:00:00,37.819,37.831,37.819,37.825,3202,0
2017-11-03,19:00:00,37.859,37.883,37.859,37.883,555,0
2017-11-03,20:00:00,37.863,37.863,37.834,37.847,1541,0
2017-11-03,21:00:00,37.855,37.855,37.844,37.844,1133,0
2017-11-06,16:00:00,37.894,37.894,37.766,37.766,476,0
2017-11-06,17:00:00,37.823,37.84,37.777,37.8,6256,0
2017-11-06,18:00:00,37.804,37.804,37.784,37.794,1843,0
2017-11-06,19:00:00,37.748,37.748,37.748,37.748,406,0
2017-11-06,21:00:00,37.794,37.804,37.794,37.804,1173,0
2017-11-06,22:00:00,37.801,37.814,37.774,37.794,4386,0
2017-11-07,16:00:00,37.852,37.852,37.852,37.852,501,0
2017-11-07,17:00:00,37.819,37.854,37.745,37.749,2304,0
2017-11-07,19:00:00,37.664,37.664,37.664,37.664,104,0
2017-11-07,20:00:00,37.694,37.734,37.681,37.734,1948,0
2017-11-07,21:00:00,37.729,37.729,37.704,37.714,2155,0
2017-11-07,22:00:00,37.704,37.734,37.644,37.734,2456,0
2017-11-08,16:00:00,37.654,37.668,37.644,37.661,2723,0
2017-11-08,17:00:00,37.653,37.688,37.644,37.644,1598,0
2017-11-08,18:00:00,37.715,37.724,37.664,37.693,2966,0
2017-11-08,19:00:00,37.704,37.734,37.678,37.684,906,0
2017-11-08,20:00:00,37.754,37.754,37.754,37.754,100,0
2017-11-08,21:00:00,37.741,37.764,37.741,37.764,3368,0
2017-11-08,22:00:00,37.764,37.794,37.76,37.784,3976,0
2017-11-09,16:00:00,37.631,37.631,37.514,37.614,2220,0
2017-11-09,17:00:00,37.675,37.704,37.647,37.684,1612,0
2017-11-09,18:00:00,37.714,37.734,37.526,37.564,15060,0
2017-11-09,19:00:00,37.564,37.564,37.455,37.524,2606,0
2017-11-09,20:00:00,37.504,37.604,37.504,37.574,4575,0
2017-11-09,21:00:00,37.574,37.594,37.537,37.574,3021,0
2017-11-09,22:00:00,37.55,37.664,37.55,37.664,2555,0
2017-11-10,16:00:00,37.504,37.594,37.504,37.594,1175,0
2017-11-10,17:00:00,37.584,37.584,37.499,37.564,1464,0
2017-11-10,18:00:00,37.584,37.594,37.561,37.561,854,0
2017-11-10,19:00:00,37.604,37.604,37.554,37.554,2373,0
2017-11-10,20:00:00,37.604,37.604,37.575,37.575,300,0
2017-11-10,21:00:00,37.604,37.624,37.603,37.603,764,0
2017-11-10,22:00:00,37.634,37.634,37.614,37.614,1561,0
2017-11-13,16:00:00,37.386,37.457,37.386,37.457,848,0
2017-11-13,17:00:00,37.544,37.544,37.534,37.544,428,0
2017-11-13,18:00:00,37.564,37.564,37.529,37.545,902,0
2017-11-13,19:00:00,37.557,37.564,37.519,37.519,461,0
2017-11-13,20:00:00,37.544,37.555,37.544,37.544,1210,0
2017-11-13,21:00:00,37.515,37.544,37.514,37.524,401,0
2017-11-13,22:00:00,37.518,37.564,37.518,37.564,337,0
2017-11-14,17:00:00,37.425,37.504,37.425,37.504,769,0
2017-11-14,18:00:00,37.514,37.574,37.514,37.515,1255,0
2017-11-14,19:00:00,37.549,37.549,37.524,37.524,274,0
2017-11-14,20:00:00,37.523,37.574,37.516,37.574,2070,0
2017-11-14,21:00:00,37.584,37.594,37.567,37.594,758,0
2017-11-14,22:00:00,37.549,37.644,37.549,37.644,631,0
2017-11-15,16:00:00,37.418,37.418,37.406,37.406,647,0
2017-11-15,17:00:00,37.465,37.523,37.437,37.514,762,0
2017-11-15,18:00:00,37.547,37.564,37.504,37.534,31592,0
2017-11-15,19:00:00,37.534,37.537,37.534,37.534,330,0
2017-11-15,20:00:00,37.549,37.549,37.534,37.534,902,0
2017-11-15,21:00:00,37.509,37.544,37.509,37.544,1687,0
2017-11-15,22:00:00,37.554,37.554,37.46,37.514,24664,0
2017-11-16,17:00:00,37.729,37.78,37.729,37.78,972,0
2017-11-16,18:00:00,37.814,37.814,37.814,37.814,124,0
2017-11-16,19:00:00,37.819,37.884,37.794,37.883,2501,0
2017-11-16,20:00:00,37.884,37.904,37.811,37.849,2830,0
2017-11-16,21:00:00,37.854,37.884,37.854,37.884,3107,0
2017-11-16,22:00:00,37.864,37.864,37.859,37.864,3130,0
2017-11-17,16:00:00,37.714,37.734,37.714,37.734,704,0
2017-11-17,17:00:00,37.809,37.82,37.798,37.807,3018,0
2017-11-17,18:00:00,37.794,37.796,37.721,37.796,564,0
2017-11-17,19:00:00,37.834,37.836,37.764,37.836,496,0
2017-11-17,21:00:00,37.794,37.801,37.794,37.795,406,0
2017-11-17,22:00:00,37.814,37.864,37.814,37.824,2249,0
2017-11-20,16:00:00,37.934,37.934,37.934,37.934,100,0
2017-11-20,17:00:00,37.925,37.964,37.925,37.964,543,0
2017-11-20,18:00:00,37.973,37.973,37.937,37.937,937,0
2017-11-20,19:00:00,37.944,37.944,37.944,37.944,100,0
2017-11-20,20:00:00,37.944,37.999,37.944,37.999,914,0
2017-11-20,21:00:00,37.999,38.024,37.944,37.99,3028,0
2017-11-20,22:00:00,37.964,38.034,37.914,38.034,2557,0
2017-11-21,16:00:00,38.064,38.064,38.064,38.064,1958,0
2017-11-21,17:00:00,38.149,38.149,38.149,38.149,677,0
2017-11-21,18:00:00,38.124,38.173,38.104,38.144,11456,0
2017-11-21,19:00:00,38.14,38.145,38.133,38.143,2055,0
2017-11-21,20:00:00,38.143,38.143,38.088,38.103,1350,0
2017-11-21,21:00:00,38.142,38.142,38.117,38.117,374,0
2017-11-21,22:00:00,38.118,38.143,38.118,38.143,802,0
2017-11-22,16:00:00,38.064,38.064,38.064,38.064,1453,0
2017-11-22,17:00:00,38.12,38.133,38.074,38.133,2127,0
2017-11-22,18:00:00,38.104,38.104,38.104,38.104,200,0
2017-11-22,19:00:00,38.051,38.064,38.051,38.064,431,0
2017-11-22,20:00:00,38.094,38.094,38.079,38.079,1698,0
2017-11-22,21:00:00,38.109,38.109,38.064,38.064,911,0
2017-11-22,22:00:00,38.084,38.114,38.084,38.084,1840,0
2017-11-24,18:00:00,38.114,38.133,38.104,38.104,874,0
2017-11-24,19:00:00,38.133,38.133,38.105,38.124,3689,0
2017-11-27,16:00:00,38.065,38.065,38.014,38.014,1980,0
2017-11-27,17:00:00,37.994,38.094,37.994,38.004,6787,0
2017-11-27,18:00:00,38.004,38.049,37.934,37.954,3744,0
2017-11-27,19:00:00,37.954,38.004,37.954,37.964,3410,0
2017-11-27,20:00:00,37.964,37.994,37.954,37.954,3197,0
2017-11-27,21:00:00,37.954,37.984,37.944,37.944,3767,0
2017-11-27,22:00:00,37.944,37.978,37.944,37.944,4983,0
2017-11-28,16:00:00,38.019,38.041,38.019,38.019,1434,0
2017-11-28,17:00:00,38.094,38.143,38.094,38.127,3163,0
2017-11-28,19:00:00,38.223,38.253,38.223,38.253,1183,0
2017-11-28,20:00:00,38.163,38.253,38.158,38.158,22245,0
2017-11-28,21:00:00,38.171,38.283,38.171,38.283,900,0
2017-11-28,22:00:00,38.233,38.433,38.233,38.433,3980,0
2017-11-29,16:00:00,38.293,38.463,38.293,38.463,832,0
2017-11-29,17:00:00,38.503,38.553,38.443,38.483,5319,0
2017-11-29,18:00:00,38.513,38.514,38.503,38.503,1003,0
2017-11-29,19:00:00,38.473,38.498,38.473,38.498,203,0
2017-11-29,20:00:00,38.505,38.523,38.493,38.493,651,0
2017-11-29,21:00:00,38.5,38.503,38.413,38.413,658,0
2017-11-29,22:00:00,38.449,38.451,38.403,38.413,2155,0
2017-11-30,16:00:00,38.702,38.703,38.65,38.658,1549,0
2017-11-30,17:00:00,38.652,38.652,38.652,38.652,501,0
2017-11-30,18:00:00,38.732,38.732,38.724,38.728,4503,0
2017-11-30,19:00:00,38.762,38.871,38.762,38.871,651,0
2017-11-30,20:00:00,38.831,38.831,38.769,38.792,2821,0
2017-11-30,21:00:00,38.811,38.813,38.762,38.813,1912,0
2017-11-30,22:00:00,38.772,38.772,38.752,38.76,2985,0
2017-12-01,16:00:00,38.881,38.881,38.881,38.881,232,0
2017-12-01,17:00:00,38.633,38.703,38.616,38.703,1275,0
2017-12-01,18:00:00,38.453,38.453,38.164,38.318,3980,0
2017-12-01,19:00:00,38.463,38.563,38.463,38.558,809,0
2017-12-01,20:00:00,38.523,38.602,38.523,38.602,511,0
2017-12-01,21:00:00,38.582,38.602,38.576,38.602,1579,0
2017-12-01,22:00:00,38.622,38.703,38.613,38.703,447,0
2017-12-04,16:00:00,38.723,38.968,38.723,38.968,486,0
2017-12-04,17:00:00,38.971,39.001,38.931,38.931,736,0
2017-12-04,18:00:00,38.901,38.931,38.896,38.898,656,0
2017-12-04,19:00:00,38.921,38.951,38.921,38.951,872,0
2017-12-04,20:00:00,38.902,38.916,38.901,38.901,1653,0
2017-12-04,21:00:00,38.938,38.938,38.858,38.89,1294,0
2017-12-04,22:00:00,38.841,38.841,38.812,38.821,640,0
2017-12-05,16:00:00,38.723,38.732,38.719,38.719,1373,0
2017-12-05,17:00:00,38.752,38.762,38.695,38.735,3120,0
2017-12-05,18:00:00,38.831,38.831,38.782,38.782,444,0
2017-12-05,19:00:00,38.767,38.772,38.732,38.732,994,0
2017-12-05,20:00:00,38.752,38.762,38.733,38.733,828,0
2017-12-05,21:00:00,38.723,38.723,38.643,38.643,3957,0
2017-12-05,22:00:00,38.648,38.648,38.541,38.613,1586,0
2017-12-06,16:00:00,38.683,38.683,38.603,38.603,393,0
2017-12-06,17:00:00,38.553,38.564,38.483,38.483,1058,0
2017-12-06,18:00:00,38.573,38.583,38.523,38.523,4453,0
2017-12-06,19:00:00,38.483,38.547,38.483,38.547,869,0
2017-12-06,21:00:00,38.579,38.579,38.579,38.579,330,0
2017-12-06,22:00:00,38.513,38.613,38.513,38.553,3417,0
2017-12-07,16:00:00,38.613,38.613,38.563,38.575,1410,0
2017-12-07,17:00:00,38.585,38.585,38.585,38.585,100,0
2017-12-07,18:00:00,38.572,38.572,38.572,38.572,284,0
2017-12-07,19:00:00,38.647,38.656,38.639,38.639,1159,0
2017-12-07,20:00:00,38.648,38.663,38.643,38.643,907,0
2017-12-07,21:00:00,38.648,38.648,38.633,38.633,644,0
2017-12-07,22:00:00,38.672,38.683,38.605,38.683,2686,0
2017-12-08,16:00:00,38.811,38.811,38.772,38.772,716,0
2017-12-08,17:00:00,38.831,38.831,38.769,38.811,709,0
2017-12-08,18:00:00,38.884,38.884,38.868,38.868,265,0
2017-12-08,19:00:00,38.851,38.881,38.851,38.881,1988,0
2017-12-08,20:00:00,38.886,38.886,38.886,38.886,100,0
2017-12-08,21:00:00,38.861,38.861,38.826,38.826,1641,0
2017-12-08,22:00:00,38.855,38.871,38.821,38.848,12997,0
2017-12-11,16:00:00,38.851,38.851,38.812,38.814,1001,0
2017-12-11,17:00:00,38.811,38.811,38.782,38.782,653,0
2017-12-11,18:00:00,38.8,38.8,38.792,38.8,501,0
2017-12-11,19:00:00,38.8,38.839,38.8,38.839,1294,0
2017-12-11,20:00:00,38.807,38.841,38.807,38.841,1320,0
2017-12-11,21:00:00,38.804,38.831,38.804,38.804,3498,0
2017-12-11,22:00:00,38.831,38.851,38.816,38.837,1405,0
2017-12-12,16:00:00,38.824,38.824,38.787,38.787,322,0
2017-12-12,17:00:00,38.808,38.871,38.808,38.844,1503,0
2017-12-12,18:00:00,38.821,38.881,38.771,38.881,6589,0
2017-12-12,19:00:00,38.851,38.851,38.831,38.832,1771,0
2017-12-12,20:00:00,38.812,38.851,38.812,38.851,927,0
2017-12-12,21:00:00,38.811,38.841,38.792,38.806,2919,0
2017-12-12,22:00:00,38.811,38.824,38.801,38.821,1885,0
2017-12-13,16:00:00,38.854,38.854,38.821,38.821,361,0
2017-12-13,17:00:00,38.868,38.868,38.868,38.868,208,0
2017-12-13,18:00:00,38.879,38.881,38.876,38.881,1586,0
2017-12-13,19:00:00,38.871,38.883,38.871,38.881,702,0
2017-12-13,20:00:00,38.877,38.881,38.831,38.871,3413,0
2017-12-13,21:00:00,38.871,38.887,38.847,38.847,1144,0
2017-12-13,22:00:00,38.871,38.881,38.792,38.792,2903,0
2017-12-14,16:00:00,38.931,38.931,38.931,38.931,524,0
2017-12-14,17:00:00,38.772,38.826,38.76,38.826,1566,0
2017-12-14,18:00:00,38.801,38.801,38.777,38.777,1997,0
2017-12-14,19:00:00,38.796,38.811,38.782,38.782,1960,0
2017-12-14,20:00:00,38.784,38.784,38.703,38.703,2865,0
2017-12-14,21:00:00,38.67,38.67,38.606,38.618,2524,0
2017-12-14,22:00:00,38.643,38.643,38.603,38.643,1813,0
2017-12-15,16:00:00,38.782,38.782,38.782,38.782,533,0
2017-12-15,17:00:00,38.732,38.811,38.732,38.762,329,0
2017-12-15,18:00:00,38.752,38.861,38.752,38.861,516,0
2017-12-15,19:00:00,38.901,38.941,38.861,38.896,3876,0
2017-12-15,20:00:00,38.861,38.961,38.861,38.926,942,0
2017-12-15,21:00:00,38.911,38.973,38.911,38.973,3125,0
2017-12-15,22:00:00,38.996,39,38.841,38.841,3281,0
2017-12-18,16:00:00,39.231,39.231,39.231,39.231,747,0
2017-12-18,17:00:00,39.186,39.221,39.186,39.22,793,0
2017-12-18,18:00:00,39.241,39.281,39.229,39.246,3107,0
2017-12-18,19:00:00,39.271,39.291,39.201,39.211,11746,0
2017-12-18,20:00:00,39.211,39.286,39.171,39.221,6813,0
2017-12-18,21:00:00,39.171,39.224,39.171,39.211,10588,0
2017-12-18,22:00:00,39.201,39.251,39.201,39.201,6266,0
2017-12-19,16:00:00,39.46,39.46,39.32,39.32,1346,0
2017-12-19,17:00:00,39.261,39.291,39.201,39.25,3944,0
2017-12-19,18:00:00,39.267,39.3,39.236,39.281,1718,0
2017-12-19,19:00:00,39.281,39.291,39.241,39.291,5362,0
2017-12-19,20:00:00,39.296,39.311,39.281,39.311,5588,0
2017-12-19,21:00:00,39.288,39.311,39.251,39.281,5932,0
2017-12-19,22:00:00,39.251,39.291,39.161,39.161,10316,0
2017-12-20,16:00:00,39.42,39.42,39.271,39.294,6312,0
2017-12-20,17:00:00,39.36,39.371,39.221,39.282,951,0
2017-12-20,18:00:00,39.356,39.401,39.311,39.343,2603,0
2017-12-20,19:00:00,39.369,39.371,39.331,39.371,1216,0
2017-12-20,21:00:00,39.391,39.401,39.361,39.361,2116,0
2017-12-20,22:00:00,39.396,39.431,39.386,39.386,10401,0
2017-12-21,16:00:00,39.5,39.5,39.411,39.411,1352,0
2017-12-21,17:00:00,39.421,39.427,39.421,39.427,716,0
2017-12-21,18:00:00,39.433,39.442,39.431,39.442,724,0
2017-12-21,19:00:00,39.46,39.46,39.429,39.429,3423,0
2017-12-21,20:00:00,39.489,39.489,39.45,39.45,6830,0
2017-12-21,21:00:00,39.441,39.46,39.439,39.439,1302,0
2017-12-21,22:00:00,39.421,39.451,39.361,39.376,2533,0
2017-12-22,16:00:00,39.54,39.54,39.301,39.301,4927,0
2017-12-22,18:00:00,39.331,39.331,39.301,39.301,651,0
2017-12-22,19:00:00,39.326,39.371,39.326,39.366,601,0
2017-12-22,20:00:00,39.36,39.37,39.311,39.35,3116,0
2017-12-22,21:00:00,39.371,39.371,39.332,39.371,1073,0
2017-12-22,22:00:00,39.361,39.381,39.351,39.361,1502,0
2017-12-26,16:00:00,39.441,39.441,39.251,39.251,8191,0
2017-12-26,17:00:00,39.311,39.311,39.306,39.306,401,0
2017-12-26,18:00:00,39.281,39.291,39.274,39.291,1023,0
2017-12-26,19:00:00,39.36,39.371,39.291,39.291,10093,0
2017-12-26,21:00:00,39.326,39.38,39.308,39.308,3929,0
2017-12-26,22:00:00,39.355,39.381,39.326,39.381,3640,0
2017-12-27,17:00:00,39.391,39.391,39.346,39.346,209,0
2017-12-27,18:00:00,39.369,39.421,39.369,39.37,2818,0
2017-12-27,19:00:00,39.386,39.386,39.386,39.386,1142,0
2017-12-27,20:00:00,39.38,39.38,39.341,39.347,826,0
2017-12-27,21:00:00,39.352,39.361,39.352,39.361,780,0
2017-12-27,22:00:00,39.361,39.361,39.321,39.351,501,0
2017-12-28,16:00:00,39.391,39.391,39.351,39.351,617,0
2017-12-28,17:00:00,39.371,39.431,39.281,39.321,1176,0
2017-12-28,18:00:00,39.349,39.349,39.349,39.349,1272,0
2017-12-28,19:00:00,39.334,39.391,39.334,39.347,1685,0
2017-12-28,20:00:00,39.38,39.38,39.347,39.356,1084,0
2017-12-28,22:00:00,39.355,39.411,39.351,39.411,4795,0
2017-12-29,16:00:00,39.5,39.5,39.371,39.371,1923,0
2017-12-29,17:00:00,39.381,39.401,39.336,39.37,7642,0
2017-12-29,18:00:00,39.371,39.371,39.326,39.326,1093,0
2017-12-29,19:00:00,39.331,39.351,39.301,39.301,493,0
2017-12-29,20:00:00,39.341,39.341,39.301,39.301,240,0
2017-12-29,21:00:00,39.286,39.321,39.275,39.297,2171,0
2017-12-29,22:00:00,39.35,39.35,39.231,39.231,3255,0
2018-01-02,16:00:00,39.241,39.421,39.241,39.291,1523,0
2018-01-02,17:00:00,39.391,39.401,39.346,39.378,975,0
2018-01-02,18:00:00,39.43,39.47,39.331,39.383,35576,0
2018-01-02,19:00:00,39.359,39.409,39.359,39.401,7377,0
2018-01-02,20:00:00,39.361,39.391,39.311,39.316,2679,0
2018-01-02,21:00:00,39.364,39.411,39.364,39.411,7571,0
2018-01-02,22:00:00,39.411,39.48,39.331,39.48,3010,0
2018-01-03,16:00:00,39.321,39.431,39.321,39.431,4208,0
2018-01-03,17:00:00,39.47,39.535,39.47,39.519,1205,0
2018-01-03,18:00:00,39.48,39.495,39.47,39.495,5008,0
2018-01-03,19:00:00,39.54,39.56,39.531,39.559,6159,0
2018-01-03,20:00:00,39.549,39.585,39.52,39.53,1340,0
2018-01-03,21:00:00,39.52,39.59,39.5,39.569,2888,0
2018-01-03,22:00:00,39.61,39.617,39.521,39.58,2940,0
2018-01-04,16:00:00,39.725,39.73,39.714,39.73,743,0
2018-01-04,17:00:00,39.69,39.78,39.68,39.69,9449,0
2018-01-04,18:00:00,39.722,39.749,39.69,39.69,1457,0
2018-01-04,20:00:00,39.736,39.76,39.736,39.757,1099,0
2018-01-04,21:00:00,39.76,39.76,39.702,39.729,1370,0
2018-01-04,22:00:00,39.752,39.78,39.7,39.76,5709,0
2018-01-05,16:00:00,40.01,40.01,39.855,39.9,1750,0
2018-01-05,17:00:00,39.924,39.924,39.85,39.89,8487,0
2018-01-05,18:00:00,39.936,39.945,39.93,39.93,1505,0
2018-01-05,19:00:00,39.91,39.97,39.91,39.92,8458,0
2018-01-05,20:00:00,39.92,39.97,39.86,39.97,14698,0
2018-01-05,21:00:00,39.97,39.97,39.97,39.97,300,0
2018-01-05,22:00:00,39.977,40.015,39.977,40.015,4545,0
2018-01-08,16:00:00,40.159,40.159,40.159,40.159,689,0
2018-01-08,17:00:00,39.96,39.96,39.96,39.96,100,0
2018-01-08,18:00:00,39.969,40,39.96,40,3258,0
2018-01-08,19:00:00,40.02,40.02,40.02,40.02,200,0
2018-01-08,20:00:00,40.018,40.05,40.018,40.032,2280,0
2018-01-08,21:00:00,40.06,40.07,40.03,40.03,3074,0
2018-01-08,22:00:00,39.997,40.05,39.97,40.05,7456,0
2018-01-09,16:00:00,40.139,40.139,40.133,40.133,1038,0
2018-01-09,17:00:00,40.109,40.169,40.109,40.112,1653,0
2018-01-09,18:00:00,40.12,40.199,40.12,40.195,804,0
2018-01-09,19:00:00,40.209,40.229,40.19,40.219,2829,0
2018-01-09,20:00:00,40.23,40.279,40.199,40.245,7924,0
2018-01-09,21:00:00,40.279,40.279,40.219,40.239,2940,0
2018-01-09,22:00:00,40.254,40.259,40.189,40.189,11662,0
2018-01-10,16:00:00,40.159,40.199,40.014,40.06,1940,0
2018-01-10,17:00:00,40.063,40.08,40.063,40.08,601,0
2018-01-10,18:00:00,40.12,40.139,40.095,40.139,2048,0
2018-01-10,19:00:00,40.111,40.129,40.111,40.129,771,0
2018-01-10,20:00:00,40.124,40.144,40.1,40.118,4853,0
2018-01-10,21:00:00,40.129,40.129,40.065,40.065,5758,0
2018-01-10,22:00:00,40.063,40.092,39.97,40.08,7111,0
2018-01-11,16:00:00,40.199,40.199,40.096,40.101,2051,0
2018-01-11,17:00:00,40.09,40.118,40.09,40.118,223,0
2018-01-11,18:00:00,40.16,40.219,40.14,40.181,1689,0
2018-01-11,19:00:00,40.219,40.229,40.2,40.2,3483,0
2018-01-11,20:00:00,40.289,40.299,40.243,40.247,3608,0
2018-01-11,21:00:00,40.266,40.319,40.258,40.258,5413,0
2018-01-11,22:00:00,40.299,40.409,40.299,40.409,2937,0
2018-01-12,16:00:00,40.479,40.479,40.479,40.479,501,0
2018-01-12,17:00:00,40.629,40.699,40.626,40.664,501,0
2018-01-12,18:00:00,40.696,40.709,40.674,40.674,4856,0
2018-01-12,19:00:00,40.639,40.68,40.639,40.659,1681,0
2018-01-12,20:00:00,40.669,40.669,40.646,40.646,4782,0
2018-01-12,21:00:00,40.664,40.664,40.639,40.639,422,0
2018-01-12,22:00:00,40.689,40.689,40.629,40.639,7733,0
2018-01-16,16:00:00,40.938,40.938,40.898,40.898,591,0
2018-01-16,17:00:00,40.978,40.978,40.869,40.869,441,0
2018-01-16,18:00:00,40.769,40.838,40.709,40.719,4931,0
2018-01-16,19:00:00,40.719,40.773,40.719,40.719,3383,0
2018-01-16,20:00:00,40.712,40.732,40.699,40.699,1102,0
2018-01-16,21:00:00,40.61,40.639,40.413,40.434,5068,0
2018-01-16,22:00:00,40.514,40.569,40.509,40.549,1701,0
2018-01-17,16:00:00,40.699,40.699,40.644,40.644,1730,0
2018-01-17,17:00:00,40.734,40.734,40.734,40.734,170,0
2018-01-17,18:00:00,40.797,40.848,40.797,40.848,751,0
2018-01-17,19:00:00,40.818,40.848,40.818,40.848,310,0
2018-01-17,20:00:00,40.898,40.898,40.898,40.898,1002,0
2018-01-17,21:00:00,40.928,40.998,40.893,40.997,12006,0
2018-01-17,22:00:00,40.975,41.018,40.918,40.978,63597,0
2018-01-18,17:00:00,40.849,40.849,40.819,40.819,401,0
2018-01-18,18:00:00,40.865,40.888,40.838,40.838,648,0
2018-01-18,19:00:00,40.858,40.898,40.858,40.898,676,0
2018-01-18,20:00:00,40.908,40.908,40.873,40.902,836,0
2018-01-18,21:00:00,40.933,40.933,40.878,40.908,695,0
2018-01-18,22:00:00,40.91,40.938,40.834,40.876,6314,0
2018-01-19,16:00:00,41.048,41.048,40.921,40.921,3987,0
2018-01-19,17:00:00,40.899,41.038,40.899,41.038,4578,0
2018-01-19,18:00:00,40.968,40.998,40.938,40.998,2911,0
2018-01-19,19:00:00,41.001,41.001,41.001,41.001,257,0
2018-01-19,20:00:00,40.985,41.047,40.985,41.047,596,0
2018-01-19,21:00:00,41.028,41.098,41.028,41.098,2435,0
2018-01-19,22:00:00,41.07,41.128,41.07,41.128,4692,0
2018-01-22,16:00:00,41.168,41.168,41.118,41.12,1190,0
2018-01-22,17:00:00,41.178,41.208,41.107,41.163,949,0
2018-01-22,18:00:00,41.174,41.174,41.174,41.174,128,0
2018-01-22,19:00:00,41.228,41.288,41.192,41.288,3211,0
2018-01-22,20:00:00,41.238,41.266,41.185,41.266,3130,0
2018-01-22,21:00:00,41.245,41.258,41.218,41.218,8189,0
2018-01-22,22:00:00,41.228,41.338,41.198,41.338,4230,0
2018-01-23,16:00:00,41.398,41.398,41.188,41.188,4252,0
2018-01-23,17:00:00,41.258,41.278,41.235,41.235,2931,0
2018-01-23,18:00:00,41.308,41.328,41.198,41.198,11521,0
2018-01-23,19:00:00,41.278,41.298,41.268,41.298,10343,0
2018-01-23,20:00:00,41.283,41.351,41.283,41.351,2167,0
2018-01-23,21:00:00,41.318,41.318,41.298,41.318,3123,0
2018-01-23,22:00:00,41.318,41.328,41.248,41.318,16860,0
2018-01-24,16:00:00,41.457,41.457,41.288,41.325,881,0
2018-01-24,17:00:00,41.396,41.396,41.396,41.396,419,0
2018-01-24,18:00:00,41.388,41.388,41.148,41.193,3637,0
2018-01-24,19:00:00,41.199,41.218,41.098,41.098,3409,0
2018-01-24,20:00:00,41.098,41.238,41.068,41.238,12509,0
2018-01-24,21:00:00,41.228,41.228,41.228,41.228,100,0
2018-01-24,22:00:00,41.213,41.268,41.178,41.208,9740,0
2018-01-25,16:00:00,41.228,41.268,41.148,41.148,3950,0
2018-01-25,17:00:00,41.168,41.198,41.148,41.188,949,0
2018-01-25,18:00:00,41.168,41.228,41.148,41.148,4478,0
2018-01-25,19:00:00,41.218,41.288,41.218,41.259,2330,0
2018-01-25,20:00:00,41.178,41.247,41.178,41.188,893,0
2018-01-25,21:00:00,41.232,41.232,41.038,41.058,3251,0
2018-01-25,22:00:00,41.038,41.178,40.998,41.178,6800,0
2018-01-26,16:00:00,41.368,41.368,41.328,41.328,367,0
2018-01-26,17:00:00,41.407,41.415,41.353,41.415,2146,0
2018-01-26,18:00:00,41.435,41.435,41.435,41.435,112,0
2018-01-26,19:00:00,41.423,41.471,41.416,41.471,2508,0
2018-01-26,20:00:00,41.461,41.487,41.461,41.487,297,0
2018-01-26,21:00:00,41.527,41.537,41.516,41.516,642,0
2018-01-26,22:00:00,41.557,41.657,41.557,41.657,9498,0
2018-01-29,16:00:00,41.438,41.647,41.438,41.601,1956,0
2018-01-29,17:00:00,41.547,41.557,41.413,41.452,6049,0
2018-01-29,18:00:00,41.428,41.497,41.4,41.467,3415,0
2018-01-29,19:00:00,41.443,41.517,41.443,41.502,1162,0
2018-01-29,20:00:00,41.537,41.537,41.501,41.511,2844,0
2018-01-29,21:00:00,41.497,41.497,41.398,41.457,8985,0
2018-01-29,22:00:00,41.418,41.433,41.318,41.418,4592,0
2018-01-30,16:00:00,41.168,41.178,40.858,40.888,5107,0
2018-01-30,17:00:00,40.879,40.968,40.828,40.968,6648,0
2018-01-30,18:00:00,40.969,41.028,40.915,40.915,4461,0
2018-01-30,19:00:00,40.858,40.899,40.858,40.875,1496,0
2018-01-30,20:00:00,40.839,40.937,40.839,40.898,1021,0
2018-01-30,21:00:00,40.942,40.942,40.863,40.863,1366,0
2018-01-30,22:00:00,40.848,40.948,40.848,40.938,40205,0
2018-01-31,16:00:00,40.948,41.028,40.948,41.028,760,0
2018-01-31,18:00:00,40.848,40.848,40.779,40.808,10224,0
2018-01-31,19:00:00,40.779,40.834,40.779,40.834,260,0
2018-01-31,20:00:00,40.829,40.849,40.828,40.849,1102,0
2018-01-31,21:00:00,40.756,40.756,40.649,40.649,2749,0
2018-01-31,22:00:00,40.678,40.745,40.645,40.729,2644,0
2018-02-01,16:00:00,40.409,40.548,40.409,40.548,2051,0
2018-02-01,17:00:00,40.579,40.629,40.559,40.559,9913,0
2018-02-01,18:00:00,40.559,40.699,40.559,40.699,1495,0
2018-02-01,19:00:00,40.729,40.735,40.715,40.729,3427,0
2018-02-01,20:00:00,40.755,40.755,40.729,40.729,455,0
2018-02-01,21:00:00,40.627,40.662,40.589,40.662,5336,0
2018-02-01,22:00:00,40.667,40.667,40.599,40.599,871,0
2018-02-02,16:00:00,40.589,40.589,40.539,40.539,1442,0
2018-02-02,17:00:00,40.309,40.356,40.309,40.341,744,0
2018-02-02,18:00:00,40.329,40.359,40.259,40.259,674,0
2018-02-02,19:00:00,40.254,40.312,40.254,40.312,815,0
2018-02-02,21:00:00,40.007,40.039,39.941,40,4203,0
2018-02-02,22:00:00,39.97,40.05,39.94,39.94,7782,0
2018-02-05,16:00:00,39.81,39.82,39.72,39.72,4598,0
2018-02-05,17:00:00,39.923,39.935,39.923,39.935,290,0
2018-02-05,18:00:00,39.9,39.9,39.79,39.79,2313,0
2018-02-05,20:00:00,39.575,39.575,39.55,39.55,1913,0
2018-02-05,21:00:00,39.64,39.64,39.211,39.211,3537,0
2018-02-05,22:00:00,39.241,39.331,38.692,38.851,4549,0
2018-02-06,16:00:00,38.372,39.071,37.993,39.034,4826,0
2018-02-06,17:00:00,39.102,39.201,38.701,38.701,2025,0
2018-02-06,18:00:00,38.821,38.891,38.696,38.891,4424,0
2018-02-06,19:00:00,38.846,39.181,38.846,38.976,2512,0
2018-02-06,20:00:00,38.911,38.961,38.821,38.821,1793,0
2018-02-06,21:00:00,38.861,39.166,38.792,39.166,5407,0
2018-02-06,22:00:00,39.244,39.47,39.241,39.345,62152,0
2018-02-07,16:00:00,39.341,39.412,39.341,39.412,865,0
2018-02-07,17:00:00,39.54,39.639,39.54,39.639,901,0
2018-02-07,18:00:00,39.65,39.68,39.565,39.583,2797,0
2018-02-07,19:00:00,39.6,39.6,39.56,39.568,1517,0
2018-02-07,20:00:00,39.385,39.421,39.328,39.36,1158,0
2018-02-07,21:00:00,39.391,39.457,39.321,39.321,1438,0
2018-02-07,22:00:00,39.391,39.535,39.301,39.301,1764,0
2018-02-08,16:00:00,39.351,39.351,39.131,39.131,885,0
2018-02-08,17:00:00,39.181,39.181,38.941,38.941,1262,0
2018-02-08,18:00:00,38.836,38.836,38.737,38.807,1526,0
2018-02-08,19:00:00,38.792,38.792,38.578,38.578,1100,0
2018-02-08,20:00:00,38.652,38.878,38.652,38.841,1848,0
2018-02-08,21:00:00,38.801,38.821,38.625,38.625,2843,0
2018-02-08,22:00:00,38.664,38.712,38.442,38.442,3401,0
2018-02-09,16:00:00,38.382,38.482,38.382,38.472,4147,0
2018-02-09,17:00:00,38.482,38.482,38.185,38.195,972,0
2018-02-09,18:00:00,38.182,38.182,38.063,38.063,1642,0
2018-02-09,19:00:00,37.913,37.933,37.763,37.861,2874,0
2018-02-09,20:00:00,37.763,38.077,37.753,38.043,1758,0
2018-02-09,21:00:00,38.242,38.327,38.221,38.252,905,0
2018-02-09,22:00:00,38.272,38.682,38.272,38.558,1827,0
2018-02-12,16:00:00,38.582,38.811,38.582,38.811,654,0
2018-02-12,17:00:00,38.756,38.762,38.652,38.742,7948,0
2018-02-12,18:00:00,38.765,38.851,38.765,38.851,459,0
2018-02-12,19:00:00,38.903,38.954,38.885,38.922,1728,0
2018-02-12,20:00:00,38.922,39.015,38.891,39.015,1069,0
2018-02-12,21:00:00,38.988,38.988,38.951,38.951,1767,0
2018-02-12,22:00:00,38.988,39.09,38.889,38.891,134305,0
2018-02-13,16:00:00,38.861,38.861,38.777,38.777,2338,0
2018-02-13,17:00:00,38.861,38.861,38.861,38.861,247,0
2018-02-13,18:00:00,38.907,38.937,38.859,38.931,12489,0
2018-02-13,19:00:00,38.918,38.918,38.911,38.911,976,0
2018-02-13,20:00:00,38.851,38.851,38.801,38.836,5674,0
2018-02-13,21:00:00,38.951,38.984,38.931,38.984,1507,0
2018-02-13,22:00:00,38.951,39.051,38.951,38.961,459,0
2018-02-14,16:00:00,38.934,38.963,38.934,38.963,409,0
2018-02-14,17:00:00,39.175,39.2,39.175,39.2,459,0
2018-02-14,18:00:00,39.176,39.31,39.176,39.221,1252,0
2018-02-14,19:00:00,39.191,39.281,39.191,39.271,2394,0
2018-02-14,20:00:00,39.281,39.364,39.281,39.364,1095,0
2018-02-14,21:00:00,39.381,39.421,39.381,39.417,601,0
2018-02-14,22:00:00,39.455,39.5,39.441,39.47,5670,0
2018-02-15,16:00:00,39.82,39.82,39.82,39.82,1452,0
2018-02-15,17:00:00,39.579,39.579,39.52,39.52,751,0
2018-02-15,19:00:00,39.53,39.53,39.518,39.529,795,0
2018-02-15,20:00:00,39.62,39.62,39.529,39.611,1463,0
2018-02-15,21:00:00,39.604,39.66,39.604,39.66,1109,0
2018-02-15,22:00:00,39.679,39.7,39.635,39.7,3505,0
2018-02-16,16:00:00,39.72,39.753,39.72,39.736,637,0
2018-02-16,17:00:00,39.724,39.81,39.7,39.794,8225,0
2018-02-16,18:00:00,39.824,39.92,39.8,39.9,3583,0
2018-02-16,19:00:00,39.88,39.88,39.88,39.88,501,0
2018-02-16,20:00:00,39.85,39.92,39.77,39.876,2906,0
2018-02-16,21:00:00,39.77,39.84,39.77,39.784,1272,0
2018-02-16,22:00:00,39.845,39.845,39.797,39.8,3600,0
2018-02-20,17:00:00,39.66,39.66,39.66,39.66,100,0
2018-02-20,18:00:00,39.719,39.834,39.719,39.834,1117,0
2018-02-20,19:00:00,39.86,39.86,39.81,39.81,1869,0
2018-02-20,20:00:00,39.782,39.782,39.7,39.766,2849,0
2018-02-20,21:00:00,39.74,39.74,39.74,39.74,100,0
2018-02-20,22:00:00,39.68,39.68,39.55,39.65,3806,0
2018-02-21,16:00:00,39.67,39.775,39.67,39.775,476,0
2018-02-21,17:00:00,39.843,39.843,39.843,39.843,210,0
2018-02-21,18:00:00,39.89,39.9,39.87,39.87,20532,0
2018-02-21,19:00:00,39.835,39.835,39.82,39.83,501,0
2018-02-21,20:00:00,39.876,39.91,39.876,39.905,615,0
2018-02-21,21:00:00,39.909,39.957,39.8,39.8,1077,0
2018-02-21,22:00:00,39.76,39.76,39.598,39.598,1874,0
2018-02-22,16:00:00,39.73,39.73,39.669,39.669,452,0
2018-02-22,17:00:00,39.64,39.641,39.63,39.641,3255,0
2018-02-22,18:00:00,39.599,39.77,39.599,39.77,2020,0
2018-02-22,19:00:00,39.72,39.739,39.6,39.6,4036,0
2018-02-22,20:00:00,39.595,39.645,39.53,39.547,2080,0
2018-02-22,21:00:00,39.58,39.637,39.58,39.637,1365,0
2018-02-22,22:00:00,39.523,39.53,39.46,39.46,886,0
2018-02-23,16:00:00,39.62,39.64,39.6,39.64,475,0
2018-02-23,17:00:00,39.54,39.54,39.47,39.47,801,0
2018-02-23,18:00:00,39.582,39.59,39.555,39.59,7111,0
2018-02-23,19:00:00,39.58,39.616,39.545,39.566,2618,0
2018-02-23,20:00:00,39.55,39.59,39.55,39.57,736,0
2018-02-23,21:00:00,39.56,39.59,39.56,39.59,1422,0
2018-02-23,22:00:00,39.649,39.73,39.64,39.73,1525,0
2018-02-26,16:00:00,39.95,39.95,39.95,39.95,1286,0
2018-02-26,17:00:00,39.93,39.93,39.811,39.811,451,0
2018-02-26,18:00:00,39.87,39.96,39.87,39.959,1984,0
2018-02-26,19:00:00,39.921,40.03,39.921,40.03,2296,0
2018-02-26,20:00:00,40.04,40.079,40.03,40.079,454,0
2018-02-26,21:00:00,40.11,40.11,40.065,40.074,3906,0
2018-02-26,22:00:00,40.099,40.159,40.074,40.159,4451,0
2018-02-27,16:00:00,40.209,40.209,40.147,40.147,457,0
2018-02-27,17:00:00,40.174,40.22,39.98,39.98,6478,0
2018-02-27,18:00:00,40.06,40.095,39.93,39.95,17450,0
2018-02-27,19:00:00,39.984,40.07,39.98,40.07,6564,0
2018-02-27,20:00:00,40.02,40.039,39.99,39.99,1391,0
2018-02-27,21:00:00,39.96,40.005,39.89,39.941,3636,0
2018-02-27,22:00:00,39.91,39.95,39.75,39.76,3339,0
2018-02-28,16:00:00,39.755,39.755,39.755,39.755,158,0
2018-02-28,17:00:00,39.804,39.804,39.78,39.78,1137,0
2018-02-28,18:00:00,39.705,39.739,39.614,39.614,3086,0
2018-02-28,19:00:00,39.724,39.742,39.714,39.74,1494,0
2018-02-28,20:00:00,39.766,39.766,39.732,39.765,1939,0
2018-02-28,21:00:00,39.76,39.76,39.76,39.76,341,0
2018-02-28,22:00:00,39.57,39.639,39.421,39.421,4321,0
2018-03-01,16:00:00,39.411,39.411,39.314,39.314,403,0
2018-03-01,18:00:00,39.5,39.51,39.441,39.51,4031,0
2018-03-01,19:00:00,39.42,39.42,39.341,39.341,10641,0
2018-03-01,20:00:00,39.351,39.351,39.161,39.161,617,0
2018-03-01,21:00:00,38.971,39.044,38.941,39.044,3472,0
2018-03-01,22:00:00,39.021,39.181,39.021,39.131,3343,0
2018-03-02,16:00:00,38.801,38.891,38.801,38.891,468,0
2018-03-02,17:00:00,38.941,38.941,38.842,38.889,2355,0
2018-03-02,18:00:00,38.928,39.111,38.928,39.111,2711,0
2018-03-02,19:00:00,39.165,39.241,39.165,39.17,1218,0
2018-03-02,20:00:00,39.256,39.256,39.155,39.179,1336,0
2018-03-02,21:00:00,39.187,39.255,39.187,39.255,1444,0
2018-03-02,22:00:00,39.153,39.341,39.153,39.291,6133,0
2018-03-05,16:00:00,39.301,39.301,39.275,39.291,1072,0
2018-03-05,17:00:00,39.174,39.232,39.169,39.232,785,0
2018-03-05,18:00:00,39.371,39.466,39.344,39.466,2096,0
2018-03-05,19:00:00,39.411,39.487,39.411,39.487,742,0
2018-03-05,21:00:00,39.48,39.521,39.458,39.521,583,0
2018-03-05,22:00:00,39.62,39.62,39.56,39.56,558,0
2018-03-06,17:00:00,39.63,39.7,39.63,39.7,2401,0
2018-03-06,18:00:00,39.58,39.58,39.514,39.514,2342,0
2018-03-06,19:00:00,39.584,39.619,39.584,39.619,415,0
2018-03-06,20:00:00,39.76,39.76,39.69,39.696,677,0
2018-03-06,21:00:00,39.73,39.73,39.7,39.7,5988,0
2018-03-06,22:00:00,39.73,39.77,39.73,39.77,1157,0
2018-03-07,16:00:00,39.64,39.64,39.64,39.64,142,0
2018-03-07,17:00:00,39.69,39.74,39.68,39.68,9650,0
2018-03-07,18:00:00,39.72,39.73,39.597,39.597,6594,0
2018-03-07,19:00:00,39.54,39.54,39.54,39.54,2504,0
2018-03-07,20:00:00,39.54,39.615,39.51,39.615,1427,0
2018-03-07,21:00:00,39.68,39.702,39.68,39.702,762,0
2018-03-07,22:00:00,39.75,39.78,39.698,39.78,2106,0
2018-03-08,16:00:00,39.81,39.81,39.81,39.81,139,0
2018-03-08,17:00:00,39.87,39.87,39.87,39.87,100,0
2018-03-08,18:00:00,39.8,39.8,39.8,39.8,170,0
2018-03-08,19:00:00,39.755,39.775,39.755,39.775,225,0
2018-03-08,20:00:00,39.8,39.8,39.746,39.79,3130,0
2018-03-08,21:00:00,39.78,39.8,39.765,39.77,5777,0
2018-03-08,22:00:00,39.899,39.9,39.797,39.9,764,0
2018-03-09,16:00:00,39.99,40.06,39.99,40,5500,0
2018-03-09,17:00:00,40.129,40.224,40.129,40.224,1511,0
2018-03-09,18:00:00,40.219,40.229,40.209,40.217,1917,0
2018-03-09,19:00:00,40.246,40.289,40.234,40.277,1176,0
2018-03-09,20:00:00,40.299,40.299,40.249,40.289,782,0
2018-03-09,21:00:00,40.289,40.339,40.269,40.319,3212,0
2018-03-09,22:00:00,40.359,40.372,40.336,40.349,998,0
2018-03-12,15:00:00,40.569,40.569,40.569,40.569,1940,0
2018-03-12,17:00:00,40.369,40.369,40.311,40.331,3321,0
2018-03-12,18:00:00,40.419,40.419,40.419,40.419,159,0
2018-03-12,19:00:00,40.419,40.429,40.409,40.409,1219,0
2018-03-12,20:00:00,40.354,40.379,40.354,40.379,1252,0
2018-03-12,21:00:00,40.379,40.447,40.372,40.399,6452,0
2018-03-13,15:00:00,40.629,40.639,40.629,40.639,1062,0
2018-03-13,16:00:00,40.609,40.619,40.519,40.579,974,0
2018-03-13,17:00:00,40.539,40.539,40.47,40.499,2266,0
2018-03-13,18:00:00,40.469,40.469,40.375,40.399,1420,0
2018-03-13,19:00:00,40.495,40.499,40.462,40.489,1597,0
2018-03-13,20:00:00,40.393,40.394,40.345,40.369,2750,0
2018-03-13,21:00:00,40.302,40.329,40.217,40.329,3841,0
2018-03-14,15:00:00,40.479,40.479,40.339,40.339,776,0
2018-03-14,17:00:00,40.222,40.222,40.136,40.136,1254,0
2018-03-14,18:00:00,40.163,40.18,40.139,40.159,2400,0
2018-03-14,19:00:00,40.129,40.239,40.129,40.239,548,0
2018-03-14,20:00:00,40.193,40.194,40.11,40.11,2007,0
2018-03-14,21:00:00,40.07,40.12,40.05,40.12,500,0
2018-03-15,15:00:00,40.319,40.319,40.001,40.087,584,0
2018-03-15,16:00:00,40.134,40.134,40.134,40.134,851,0
2018-03-15,17:00:00,40.169,40.199,40.163,40.163,2815,0
2018-03-15,18:00:00,40.071,40.071,40.055,40.055,433,0
2018-03-15,19:00:00,40.056,40.056,39.99,39.99,277,0
2018-03-15,20:00:00,39.967,39.967,39.915,39.915,1395,0
2018-03-15,21:00:00,39.95,40.02,39.949,40.02,2010,0
2018-03-16,15:00:00,40.09,40.1,40.045,40.05,537,0
2018-03-16,16:00:00,40.08,40.149,40.045,40.144,14963,0
2018-03-16,17:00:00,40.169,40.219,40.139,40.139,1156,0
2018-03-16,18:00:00,40.08,40.159,40.08,40.159,861,0
2018-03-16,19:00:00,40.12,40.12,40.08,40.1,2716,0
2018-03-16,20:00:00,40.1,40.1,40.042,40.099,1638,0
2018-03-16,21:00:00,40.075,40.1,40.05,40.06,2739,0
2018-03-19,15:00:00,39.91,39.91,39.8,39.8,585,0
2018-03-19,16:00:00,39.85,39.85,39.85,39.85,100,0
2018-03-19,17:00:00,39.751,39.751,39.725,39.74,888,0
2018-03-19,18:00:00,39.615,39.615,39.615,39.615,148,0
2018-03-19,19:00:00,39.585,39.61,39.496,39.61,4572,0
2018-03-19,20:00:00,39.628,39.628,39.517,39.567,6508,0
2018-03-19,21:00:00,39.585,39.73,39.564,39.73,13809,0
2018-03-20,15:00:00,39.82,39.82,39.75,39.75,264,0
2018-03-20,16:00:00,39.82,39.82,39.765,39.802,14645,0
2018-03-20,17:00:00,39.8,39.84,39.745,39.745,2016,0
2018-03-20,18:00:00,39.749,39.76,39.749,39.76,1071,0
2018-03-20,19:00:00,39.733,39.733,39.7,39.7,1402,0
2018-03-20,20:00:00,39.694,39.75,39.694,39.74,3015,0
2018-03-20,21:00:00,39.79,39.81,39.7,39.7,2462,0
2018-03-21,15:00:00,39.68,39.68,39.61,39.64,326,0
2018-03-21,16:00:00,39.735,39.735,39.735,39.735,100,0
2018-03-21,17:00:00,39.79,39.92,39.79,39.92,1052,0
2018-03-21,18:00:00,39.89,39.9,39.866,39.9,654,0
2018-03-21,19:00:00,39.89,39.89,39.799,39.86,3748,0
2018-03-21,20:00:00,39.851,39.89,39.713,39.713,830,0
2018-03-21,21:00:00,39.77,39.859,39.77,39.791,756,0
2018-03-22,15:00:00,39.31,39.48,39.31,39.4006,958,0
2018-03-22,16:00:00,39.51,39.51,39.3,39.3,1125,0
2018-03-22,17:00:00,39.26,39.26,39.22,39.22,608,0
2018-03-22,18:00:00,39.1521,39.1521,39.1521,39.1521,251,0
2018-03-22,19:00:00,39.185,39.3124,39.185,39.3124,1361,0
2018-03-22,20:00:00,39.33,39.33,39.1772,39.18,3683,0
2018-03-22,21:00:00,39.13,39.13,38.891,38.9316,1614,0
2018-03-23,15:00:00,38.895,38.895,38.87,38.87,300,0
2018-03-23,16:00:00,38.85,38.89,38.8,38.89,3714,0
2018-03-23,17:00:00,38.9028,38.905,38.7138,38.7138,1280,0
2018-03-23,18:00:00,38.7032,38.72,38.66,38.665,1098,0
2018-03-23,19:00:00,38.6,38.769,38.6,38.67,21244,0
2018-03-23,20:00:00,38.79,38.79,38.568,38.568,2435,0
2018-03-23,21:00:00,38.435,38.52,38.24,38.25,10272,0
2018-03-26,16:00:00,38.715,38.73,38.715,38.73,520,0
2018-03-26,17:00:00,38.6494,38.6494,38.5453,38.55,3538,0
2018-03-26,18:00:00,38.56,38.56,38.3765,38.5413,1640,0
2018-03-26,19:00:00,38.5367,38.5367,38.5367,38.5367,648,0
2018-03-26,20:00:00,38.6219,38.6364,38.6074,38.625,858,0
2018-03-26,21:00:00,38.6349,38.7824,38.6349,38.7824,1286,0
2018-03-26,22:00:00,38.8743,38.91,38.8743,38.91,7928,0
2018-03-27,16:00:00,38.98,39.025,38.97,39.025,1155,0
2018-03-27,17:00:00,38.9065,38.956,38.9065,38.956,811,0
2018-03-27,18:00:00,38.95,39.0928,38.9434,39.0928,1539,0
2018-03-27,19:00:00,39.05,39.0628,38.9905,38.9905,1164,0
2018-03-27,20:00:00,38.9261,38.9261,38.9261,38.9261,116,0
2018-03-27,21:00:00,38.85,38.85,38.85,38.85,100,0
2018-03-27,22:00:00,38.58,38.6,38.43,38.5024,3788,0
2018-03-28,16:00:00,38.609,38.609,38.551,38.574,787,0
2018-03-28,18:00:00,38.46,38.4862,38.45,38.45,1703,0
2018-03-28,19:00:00,38.5248,38.71,38.5248,38.61,3106,0
2018-03-28,20:00:00,38.5296,38.5296,38.5296,38.5296,128,0
2018-03-28,21:00:00,38.53,38.61,38.5,38.5,1524,0
2018-03-28,22:00:00,38.39,38.58,38.39,38.49,1421,0
2018-03-29,16:00:00,38.615,38.615,38.615,38.615,517,0
2018-03-29,17:00:00,38.6979,38.6979,38.6979,38.6979,250,0
2018-03-29,18:00:00,38.8071,38.8071,38.7338,38.7338,481,0
2018-03-29,19:00:00,38.7,38.7505,38.6751,38.7505,2565,0
2018-03-29,20:00:00,38.69,38.86,38.671,38.8312,1589,0
2018-03-29,21:00:00,38.8698,38.8862,38.811,38.8638,1841,0
2018-03-29,22:00:00,38.855,38.9062,38.824,38.9062,1664,0
