Date,Time,Open,High,Low,Close,Volume,OpenInt
2017-08-10,17:00:00,23.265,23.274,23.225,23.245,6889,0
2017-08-10,18:00:00,23.245,23.284,23.235,23.235,1027,0
2017-08-10,19:00:00,23.107,23.147,23.068,23.147,2050,0
2017-08-10,20:00:00,23.176,23.176,23.157,23.174,1060,0
2017-08-10,21:00:00,23.176,23.196,23.166,23.176,2905,0
2017-08-10,22:00:00,23.166,23.166,23.117,23.137,11423,0
2017-08-11,16:00:00,23.147,23.265,23.147,23.225,3669,0
2017-08-11,17:00:00,23.245,23.382,23.245,23.382,7762,0
2017-08-11,18:00:00,23.382,23.412,23.304,23.304,5503,0
2017-08-11,19:00:00,23.343,23.412,23.343,23.412,1804,0
2017-08-11,20:00:00,23.431,23.431,23.421,23.421,594,0
2017-08-11,21:00:00,23.431,23.431,23.343,23.372,3325,0
2017-08-11,22:00:00,23.333,23.343,23.284,23.294,14260,0
2017-08-14,16:00:00,23.284,23.51,23.284,23.51,5297,0
2017-08-14,17:00:00,23.539,23.549,23.539,23.549,1121,0
2017-08-14,18:00:00,23.549,23.588,23.549,23.578,1936,0
2017-08-14,19:00:00,23.569,23.569,23.569,23.569,1019,0
2017-08-14,21:00:00,23.529,23.529,23.49,23.49,1196,0
2017-08-14,22:00:00,23.51,23.51,23.451,23.461,4994,0
2017-08-15,16:00:00,23.412,23.412,23.412,23.412,204,0
2017-08-15,17:00:00,23.412,23.441,23.412,23.441,815,0
2017-08-15,18:00:00,23.421,23.49,23.421,23.483,12069,0
2017-08-15,19:00:00,23.48,23.487,23.48,23.487,408,0
2017-08-15,20:00:00,23.422,23.442,23.422,23.442,855,0
2017-08-15,21:00:00,23.447,23.447,23.447,23.447,408,0
2017-08-16,16:00:00,23.52,23.735,23.52,23.735,2242,0
2017-08-16,17:00:00,23.677,23.677,23.637,23.667,2854,0
2017-08-16,18:00:00,23.647,23.657,23.618,23.637,5911,0
2017-08-16,19:00:00,23.706,23.706,23.706,23.706,510,0
2017-08-16,20:00:00,23.696,23.696,23.657,23.667,1325,0
2017-08-16,21:00:00,23.745,23.745,23.686,23.691,4696,0
2017-08-16,22:00:00,23.716,23.745,23.686,23.726,12382,0
2017-08-17,16:00:00,23.696,23.716,23.696,23.706,2086,0
2017-08-17,17:00:00,23.677,23.677,23.618,23.657,5039,0
2017-08-17,18:00:00,23.618,23.628,23.598,23.598,2956,0
2017-08-17,19:00:00,23.578,23.578,23.51,23.51,3580,0
2017-08-17,20:00:00,23.49,23.52,23.441,23.441,6211,0
2017-08-17,21:00:00,23.441,23.441,23.392,23.412,5809,0
2017-08-17,22:00:00,23.412,23.431,23.368,23.431,1579,0
2017-08-18,16:00:00,23.588,23.588,23.441,23.461,1936,0
2017-08-18,17:00:00,23.495,23.667,23.495,23.657,26413,0
2017-08-18,18:00:00,23.657,23.721,23.647,23.706,9733,0
2017-08-18,19:00:00,23.706,23.706,23.706,23.706,1019,0
2017-08-18,20:00:00,23.687,23.687,23.687,23.687,153,0
2017-08-18,21:00:00,23.647,23.677,23.647,23.677,6624,0
2017-08-18,22:00:00,23.686,23.706,23.657,23.706,24196,0
2017-08-21,16:00:00,23.49,23.598,23.49,23.598,540,0
2017-08-21,17:00:00,23.549,23.569,23.549,23.569,611,0
2017-08-21,18:00:00,23.628,23.637,23.628,23.637,722,0
2017-08-21,19:00:00,23.647,23.657,23.637,23.639,7193,0
2017-08-21,20:00:00,23.637,23.637,23.637,23.637,160,0
2017-08-21,22:00:00,23.608,23.637,23.608,23.637,917,0
2017-08-22,16:00:00,23.78,23.78,23.78,23.78,109,0
2017-08-22,17:00:00,23.758,23.758,23.758,23.758,260,0
2017-08-22,18:00:00,23.794,23.794,23.781,23.794,1826,0
2017-08-22,20:00:00,23.794,23.814,23.794,23.798,1441,0
2017-08-22,22:00:00,23.794,23.804,23.765,23.794,1631,0
2017-08-23,16:00:00,23.784,23.784,23.784,23.784,163,0
2017-08-23,18:00:00,23.83,23.83,23.83,23.83,306,0
2017-08-23,19:00:00,23.835,23.84,23.835,23.84,2038,0
2017-08-23,20:00:00,23.834,23.834,23.818,23.818,331,0
2017-08-23,21:00:00,23.834,23.863,23.834,23.863,741,0
2017-08-23,22:00:00,23.883,23.912,23.883,23.912,408,0
2017-08-24,16:00:00,23.843,23.912,23.843,23.843,6826,0
2017-08-24,17:00:00,23.758,23.814,23.758,23.814,1427,0
2017-08-24,18:00:00,23.745,23.745,23.726,23.735,2683,0
2017-08-24,20:00:00,23.794,23.843,23.775,23.843,11727,0
2017-08-24,22:00:00,23.775,23.804,23.775,23.804,2153,0
2017-08-25,16:00:00,23.863,23.951,23.863,23.951,2539,0
2017-08-25,17:00:00,24.02,24.03,23.981,23.981,6378,0
2017-08-25,21:00:00,23.902,23.961,23.902,23.961,4053,0
2017-08-25,22:00:00,23.922,23.932,23.892,23.892,3402,0
2017-08-28,16:00:00,23.892,23.892,23.775,23.816,1383,0
2017-08-28,17:00:00,23.813,23.813,23.813,23.813,102,0
2017-08-28,19:00:00,23.825,23.843,23.804,23.824,8270,0
2017-08-28,20:00:00,23.843,23.843,23.805,23.843,4043,0
2017-08-28,22:00:00,23.857,23.863,23.857,23.863,408,0
2017-08-29,17:00:00,23.716,23.824,23.706,23.824,13513,0
2017-08-29,18:00:00,23.794,23.814,23.785,23.804,6145,0
2017-08-29,19:00:00,23.829,23.843,23.829,23.843,3450,0
2017-08-29,20:00:00,23.819,23.819,23.804,23.804,843,0
2017-08-29,21:00:00,23.804,23.804,23.804,23.804,102,0
2017-08-29,22:00:00,23.853,23.853,23.853,23.853,949,0
2017-08-30,16:00:00,23.686,23.686,23.471,23.471,9752,0
2017-08-30,17:00:00,23.49,23.52,23.461,23.471,10803,0
2017-08-30,20:00:00,23.628,23.628,23.628,23.628,102,0
2017-08-30,22:00:00,23.606,23.608,23.598,23.598,7580,0
2017-08-31,16:00:00,23.5,23.539,23.5,23.539,1187,0
2017-08-31,17:00:00,23.588,23.598,23.588,23.588,1733,0
2017-08-31,18:00:00,23.569,23.582,23.569,23.582,219,0
2017-08-31,20:00:00,23.583,23.583,23.571,23.571,224,0
2017-08-31,22:00:00,23.559,23.588,23.549,23.588,1325,0
2017-09-01,16:00:00,23.588,23.677,23.588,23.677,1325,0
2017-09-01,17:00:00,23.677,23.733,23.677,23.706,1828,0
2017-09-01,18:00:00,23.686,23.706,23.686,23.706,850,0
2017-09-01,21:00:00,23.716,23.716,23.716,23.716,256,0
2017-09-01,22:00:00,23.726,23.726,23.726,23.726,102,0
2017-09-05,16:00:00,23.382,23.382,23.382,23.382,163,0
2017-09-05,17:00:00,23.382,23.382,23.274,23.274,1629,0
2017-09-05,18:00:00,23.294,23.294,23.274,23.274,864,0
2017-09-05,19:00:00,23.268,23.268,23.157,23.157,4958,0
2017-09-05,20:00:00,23.122,23.122,23.122,23.122,102,0
2017-09-05,21:00:00,23.177,23.206,23.177,23.206,1162,0
2017-09-05,22:00:00,23.255,23.274,23.252,23.274,1979,0
2017-09-06,17:00:00,23.274,23.294,23.274,23.294,479,0
2017-09-06,21:00:00,23.343,23.343,23.323,23.323,1019,0
2017-09-06,22:00:00,23.333,23.333,23.294,23.333,734,0
2017-09-07,16:00:00,23.422,23.439,23.421,23.439,650,0
2017-09-07,17:00:00,23.431,23.49,23.412,23.49,983,0
2017-09-07,18:00:00,23.5,23.5,23.5,23.5,102,0
2017-09-07,20:00:00,23.461,23.461,23.461,23.461,102,0
2017-09-07,22:00:00,23.471,23.471,23.451,23.451,1948,0
2017-09-08,16:00:00,23.569,23.653,23.569,23.653,5157,0
2017-09-08,17:00:00,23.647,23.647,23.569,23.579,6236,0
2017-09-08,18:00:00,23.559,23.559,23.52,23.524,11401,0
2017-09-08,21:00:00,23.549,23.549,23.549,23.549,109,0
2017-09-11,16:00:00,23.578,23.578,23.578,23.578,1335,0
2017-09-11,17:00:00,23.755,23.804,23.755,23.804,1121,0
2017-09-11,18:00:00,23.809,23.873,23.809,23.873,7949,0
2017-09-11,19:00:00,23.843,23.843,23.843,23.843,713,0
2017-09-11,20:00:00,23.883,23.883,23.883,23.883,204,0
2017-09-11,21:00:00,23.852,23.852,23.834,23.847,13818,0
2017-09-11,22:00:00,23.841,23.853,23.834,23.834,5196,0
2017-09-12,16:00:00,23.637,23.637,23.618,23.618,408,0
2017-09-12,17:00:00,23.618,23.618,23.618,23.618,489,0
2017-09-12,22:00:00,23.637,23.637,23.637,23.637,420,0
2017-09-13,16:00:00,23.539,23.539,23.441,23.441,2357,0
2017-09-13,17:00:00,23.421,23.431,23.421,23.431,658,0
2017-09-13,18:00:00,23.402,23.402,23.372,23.372,713,0
2017-09-13,19:00:00,23.412,23.412,23.398,23.398,683,0
2017-09-13,20:00:00,23.402,23.402,23.402,23.402,641,0
2017-09-13,21:00:00,23.403,23.403,23.392,23.392,224,0
2017-09-13,22:00:00,23.396,23.421,23.394,23.402,2035,0
2017-09-14,16:00:00,23.274,23.274,23.255,23.255,360,0
2017-09-14,17:00:00,23.301,23.363,23.301,23.363,2578,0
2017-09-14,18:00:00,23.342,23.342,23.342,23.342,917,0
2017-09-14,19:00:00,23.304,23.304,23.304,23.304,168,0
2017-09-14,22:00:00,23.364,23.402,23.364,23.402,1513,0
2017-09-15,16:00:00,23.461,23.462,23.461,23.462,265,0
2017-09-15,17:00:00,23.472,23.472,23.472,23.472,523,0
2017-09-15,18:00:00,23.5,23.5,23.5,23.5,306,0
2017-09-15,19:00:00,23.515,23.515,23.5,23.5,561,0
2017-09-15,20:00:00,23.543,23.549,23.524,23.539,4870,0
2017-09-15,21:00:00,23.549,23.642,23.549,23.642,510,0
2017-09-15,22:00:00,23.628,23.647,23.618,23.647,3279,0
2017-09-18,16:00:00,23.5,23.5,23.453,23.5,21376,0
2017-09-18,17:00:00,23.539,23.569,23.51,23.529,50753,0
2017-09-18,18:00:00,23.494,23.494,23.49,23.49,561,0
2017-09-18,19:00:00,23.479,23.479,23.441,23.441,637,0
2017-09-18,20:00:00,23.451,23.478,23.451,23.456,611,0
2017-09-18,21:00:00,23.441,23.441,23.353,23.353,9682,0
2017-09-18,22:00:00,23.42,23.44,23.42,23.431,1733,0
2017-09-19,16:00:00,23.471,23.637,23.431,23.628,5929,0
2017-09-19,17:00:00,23.608,23.628,23.608,23.628,1019,0
2017-09-19,18:00:00,23.549,23.549,23.549,23.549,5422,0
2017-09-19,19:00:00,23.549,23.588,23.549,23.588,5299,0
2017-09-19,20:00:00,23.569,23.628,23.569,23.598,7259,0
2017-09-19,21:00:00,23.593,23.598,23.588,23.598,3341,0
2017-09-19,22:00:00,23.598,23.677,23.598,23.677,13902,0
2017-09-20,16:00:00,23.647,23.657,23.628,23.637,7364,0
2017-09-20,17:00:00,23.628,23.628,23.589,23.589,2548,0
2017-09-20,18:00:00,23.569,23.569,23.544,23.544,1529,0
2017-09-20,19:00:00,23.564,23.569,23.549,23.569,1325,0
2017-09-20,20:00:00,23.569,23.574,23.52,23.57,1019,0
2017-09-20,21:00:00,23.51,23.51,23.215,23.333,4240,0
2017-09-20,22:00:00,23.314,23.441,23.314,23.392,12664,0
2017-09-21,16:00:00,23.441,23.441,23.441,23.441,642,0
2017-09-21,17:00:00,23.392,23.402,23.343,23.402,1958,0
2017-09-21,19:00:00,23.457,23.471,23.457,23.471,323,0
2017-09-21,20:00:00,23.466,23.471,23.462,23.471,308,0
2017-09-21,21:00:00,23.461,23.461,23.421,23.421,1223,0
2017-09-21,22:00:00,23.448,23.49,23.427,23.431,3628,0
2017-09-22,16:00:00,23.431,23.549,23.421,23.549,2489,0
2017-09-22,18:00:00,23.451,23.466,23.431,23.431,2038,0
2017-09-22,19:00:00,23.461,23.467,23.451,23.451,1939,0
2017-09-22,20:00:00,23.451,23.466,23.451,23.466,1292,0
2017-09-22,21:00:00,23.471,23.48,23.431,23.48,11718,0
2017-09-22,22:00:00,23.471,23.48,23.461,23.48,510,0
2017-09-25,16:00:00,23.264,23.264,23.255,23.255,1019,0
2017-09-25,17:00:00,23.284,23.294,23.274,23.274,1236,0
2017-09-25,18:00:00,23.26,23.26,23.206,23.219,1325,0
2017-09-25,19:00:00,23.176,23.176,23.147,23.157,5746,0
2017-09-25,20:00:00,23.201,23.201,23.201,23.201,525,0
2017-09-25,21:00:00,23.215,23.215,23.176,23.176,726,0
2017-09-25,22:00:00,23.225,23.255,23.196,23.255,3984,0
2017-09-26,16:00:00,23.353,23.353,23.353,23.353,119,0
2017-09-26,17:00:00,23.264,23.264,23.198,23.198,1348,0
2017-09-26,18:00:00,23.186,23.186,23.149,23.149,2059,0
2017-09-26,19:00:00,23.157,23.157,23.117,23.117,611,0
2017-09-26,20:00:00,23.207,23.207,23.207,23.207,109,0
2017-09-26,21:00:00,23.206,23.206,23.171,23.171,231,0
2017-09-26,22:00:00,23.204,23.209,23.137,23.157,3986,0
2017-09-27,16:00:00,23.058,23.058,22.882,22.931,2594,0
2017-09-27,17:00:00,22.931,22.931,22.826,22.882,5953,0
2017-09-27,19:00:00,22.823,22.833,22.762,22.833,3588,0
2017-09-27,21:00:00,22.882,22.95,22.882,22.95,306,0
2017-09-27,22:00:00,22.931,22.96,22.931,22.96,3401,0
2017-09-28,16:00:00,22.695,22.695,22.695,22.695,517,0
2017-09-28,17:00:00,22.833,22.843,22.833,22.843,510,0
2017-09-28,18:00:00,22.839,22.862,22.839,22.862,815,0
2017-09-28,20:00:00,22.911,22.927,22.911,22.927,2038,0
2017-09-28,21:00:00,22.929,22.941,22.906,22.906,2043,0
2017-09-28,22:00:00,22.931,22.931,22.872,22.882,1596,0
2017-09-29,16:00:00,23.215,23.215,23.215,23.215,329,0
2017-09-29,17:00:00,23.176,23.215,23.176,23.215,2702,0
2017-09-29,18:00:00,23.225,23.225,23.225,23.225,815,0
2017-09-29,19:00:00,23.235,23.245,23.235,23.245,8687,0
2017-09-29,20:00:00,23.284,23.284,23.246,23.274,5366,0
2017-09-29,21:00:00,23.264,23.289,23.264,23.284,12613,0
2017-09-29,22:00:00,23.284,23.284,23.206,23.206,3057,0
2017-10-02,16:00:00,23.196,23.196,23.196,23.196,1395,0
2017-10-02,17:00:00,23.117,23.225,23.117,23.225,4433,0
2017-10-02,18:00:00,23.225,23.235,23.137,23.137,1539,0
2017-10-02,19:00:00,23.137,23.176,23.137,23.176,917,0
2017-10-02,20:00:00,23.16,23.206,23.138,23.138,1531,0
2017-10-02,21:00:00,23.186,23.186,23.178,23.178,204,0
2017-10-02,22:00:00,23.15,23.176,23.107,23.107,815,0
2017-10-03,16:00:00,23.284,23.284,23.284,23.284,112,0
2017-10-03,17:00:00,23.294,23.294,23.294,23.294,204,0
2017-10-03,18:00:00,23.31,23.314,23.307,23.314,408,0
2017-10-03,20:00:00,23.306,23.306,23.306,23.306,205,0
2017-10-03,22:00:00,23.309,23.333,23.308,23.333,1529,0
2017-10-04,16:00:00,23.284,23.284,23.284,23.284,102,0
2017-10-04,17:00:00,23.372,23.372,23.372,23.372,908,0
2017-10-04,18:00:00,23.431,23.431,23.431,23.431,102,0
2017-10-04,20:00:00,23.348,23.348,23.348,23.348,212,0
2017-10-04,21:00:00,23.361,23.361,23.361,23.361,110,0
2017-10-04,22:00:00,23.372,23.372,23.333,23.333,510,0
2017-10-05,16:00:00,23.294,23.294,23.294,23.294,204,0
2017-10-05,17:00:00,23.284,23.284,23.284,23.284,408,0
2017-10-05,18:00:00,23.333,23.333,23.333,23.333,102,0
2017-10-05,20:00:00,23.323,23.323,23.318,23.318,204,0
2017-10-05,21:00:00,23.324,23.324,23.323,23.323,1223,0
2017-10-05,22:00:00,23.343,23.402,23.343,23.402,6180,0
2017-10-06,16:00:00,23.107,23.107,23.009,23.019,4469,0
2017-10-06,17:00:00,23.166,23.166,23.098,23.098,675,0
2017-10-06,18:00:00,23.088,23.098,23.058,23.058,2693,0
2017-10-06,19:00:00,23.029,23.029,23.029,23.029,1019,0
2017-10-06,20:00:00,23.081,23.081,23.063,23.063,488,0
2017-10-06,21:00:00,23.058,23.098,23.058,23.098,3430,0
2017-10-06,22:00:00,23.128,23.128,23.107,23.117,859,0
2017-10-09,16:00:00,23.117,23.219,23.117,23.219,1063,0
2017-10-09,17:00:00,23.166,23.17,23.157,23.157,7550,0
2017-10-09,18:00:00,23.176,23.176,23.176,23.176,102,0
2017-10-09,19:00:00,23.177,23.177,23.177,23.177,280,0
2017-10-09,20:00:00,23.181,23.189,23.181,23.189,402,0
2017-10-09,22:00:00,23.186,23.196,23.186,23.196,204,0
2017-10-10,16:00:00,23.363,23.451,23.363,23.451,18106,0
2017-10-10,17:00:00,23.382,23.382,23.382,23.382,459,0
2017-10-10,18:00:00,23.392,23.392,23.392,23.392,163,0
2017-10-10,19:00:00,23.4,23.4,23.4,23.4,102,0
2017-10-10,20:00:00,23.412,23.412,23.402,23.407,342,0
2017-10-10,21:00:00,23.402,23.412,23.392,23.412,2334,0
2017-10-10,22:00:00,23.414,23.431,23.412,23.412,3608,0
2017-10-11,16:00:00,23.107,23.107,23.088,23.093,9274,0
2017-10-11,17:00:00,23.186,23.206,23.186,23.206,204,0
2017-10-11,19:00:00,23.174,23.174,23.174,23.174,102,0
2017-10-11,20:00:00,23.157,23.157,23.157,23.157,102,0
2017-10-11,21:00:00,23.147,23.186,23.147,23.186,611,0
2017-10-11,22:00:00,23.225,23.323,23.206,23.314,21889,0
2017-10-12,16:00:00,23.333,23.333,23.333,23.333,102,0
2017-10-12,17:00:00,23.353,23.353,23.353,23.353,204,0
2017-10-12,18:00:00,23.382,23.382,23.382,23.382,102,0
2017-10-12,19:00:00,23.382,23.382,23.372,23.372,306,0
2017-10-12,20:00:00,23.372,23.372,23.372,23.372,102,0
2017-10-12,21:00:00,23.372,23.372,23.353,23.353,1187,0
2017-10-12,22:00:00,23.382,23.392,23.363,23.363,815,0
2017-10-13,16:00:00,23.392,23.598,23.392,23.588,18807,0
2017-10-13,17:00:00,23.598,23.619,23.598,23.608,2164,0
2017-10-13,18:00:00,23.608,23.696,23.608,23.696,1457,0
2017-10-13,21:00:00,23.696,23.703,23.696,23.696,698,0
2017-10-13,22:00:00,23.677,23.677,23.628,23.628,2038,0
2017-10-16,16:00:00,23.637,23.637,23.598,23.608,3347,0
2017-10-16,17:00:00,23.647,23.647,23.596,23.596,5096,0
2017-10-16,18:00:00,23.598,23.598,23.598,23.598,204,0
2017-10-16,21:00:00,23.608,23.608,23.563,23.563,908,0
2017-10-16,22:00:00,23.598,23.598,23.559,23.559,1871,0
2017-10-17,16:00:00,23.353,23.363,23.333,23.333,1013,0
2017-10-17,17:00:00,23.343,23.343,23.314,23.314,458,0
2017-10-17,19:00:00,23.323,23.333,23.323,23.333,1078,0
2017-10-17,20:00:00,23.382,23.385,23.382,23.385,258,0
2017-10-17,21:00:00,23.402,23.441,23.402,23.441,1223,0
2017-10-17,22:00:00,23.441,23.461,23.412,23.412,6715,0
2017-10-18,16:00:00,23.412,23.412,23.412,23.412,374,0
2017-10-18,17:00:00,23.421,23.421,23.421,23.421,102,0
2017-10-18,18:00:00,23.392,23.392,23.392,23.392,102,0
2017-10-18,19:00:00,23.392,23.431,23.392,23.431,3389,0
2017-10-18,20:00:00,23.431,23.441,23.431,23.441,1223,0
2017-10-18,22:00:00,23.461,23.461,23.333,23.372,6203,0
2017-10-19,16:00:00,23.284,23.284,23.255,23.255,219,0
2017-10-19,17:00:00,23.225,23.249,23.225,23.249,415,0
2017-10-19,18:00:00,23.235,23.235,23.235,23.235,102,0
2017-10-19,19:00:00,23.25,23.25,23.25,23.25,204,0
2017-10-19,20:00:00,23.245,23.245,23.245,23.245,103,0
2017-10-19,21:00:00,23.284,23.284,23.284,23.284,204,0
2017-10-19,22:00:00,23.284,23.314,23.284,23.294,2062,0
2017-10-20,16:00:00,23.274,23.294,23.274,23.274,4798,0
2017-10-20,18:00:00,23.272,23.272,23.272,23.272,526,0
2017-10-20,19:00:00,23.268,23.333,23.268,23.323,1143,0
2017-10-20,20:00:00,23.333,23.333,23.264,23.323,657,0
2017-10-20,21:00:00,23.314,23.314,23.314,23.314,204,0
2017-10-20,22:00:00,23.304,23.314,23.304,23.304,611,0
2017-10-23,16:00:00,23.225,23.225,23.225,23.225,871,0
2017-10-23,17:00:00,23.22,23.22,23.186,23.186,925,0
2017-10-23,18:00:00,23.147,23.157,23.147,23.157,204,0
2017-10-23,19:00:00,23.166,23.166,23.166,23.166,102,0
2017-10-23,21:00:00,23.137,23.137,23.137,23.137,204,0
2017-10-23,22:00:00,23.157,23.206,23.157,23.206,1834,0
2017-10-24,16:00:00,23.157,23.157,23.157,23.157,372,0
2017-10-24,17:00:00,23.156,23.157,23.156,23.157,312,0
2017-10-24,18:00:00,23.166,23.215,23.161,23.215,1638,0
2017-10-24,19:00:00,23.166,23.166,23.166,23.166,7847,0
2017-10-24,20:00:00,23.157,23.157,23.137,23.137,4927,0
2017-10-24,21:00:00,23.117,23.137,23.117,23.137,815,0
2017-10-24,22:00:00,23.157,23.186,23.127,23.166,1936,0
2017-10-25,16:00:00,23.333,23.333,23.333,23.333,538,0
2017-10-25,17:00:00,23.235,23.235,23.196,23.206,834,0
2017-10-25,18:00:00,23.157,23.215,23.127,23.215,885,0
2017-10-25,20:00:00,23.225,23.225,23.225,23.225,102,0
2017-10-25,21:00:00,23.235,23.245,23.235,23.245,510,0
2017-10-25,22:00:00,23.245,23.304,23.245,23.294,9946,0
2017-10-26,16:00:00,23.186,23.323,23.186,23.323,379,0
2017-10-26,17:00:00,23.294,23.346,23.294,23.346,620,0
2017-10-26,19:00:00,23.343,23.343,23.294,23.294,12376,0
2017-10-26,20:00:00,23.235,23.255,23.235,23.255,713,0
2017-10-26,21:00:00,23.235,23.245,23.235,23.245,204,0
2017-10-26,22:00:00,23.235,23.235,23.117,23.117,3447,0
2017-10-27,16:00:00,23.098,23.105,23.068,23.068,2040,0
2017-10-27,17:00:00,23.039,23.142,23.039,23.142,1099,0
2017-10-27,19:00:00,23.225,23.242,23.225,23.242,1834,0
2017-10-27,20:00:00,23.225,23.235,23.225,23.235,3589,0
2017-10-27,21:00:00,23.255,23.255,23.245,23.25,3261,0
2017-10-27,22:00:00,23.264,23.294,23.196,23.206,18184,0
2017-10-30,15:00:00,23.274,23.274,23.274,23.274,340,0
2017-10-30,16:00:00,23.255,23.255,23.211,23.211,1030,0
2017-10-30,18:00:00,23.166,23.166,23.157,23.166,8204,0
2017-10-30,20:00:00,23.175,23.186,23.175,23.186,753,0
2017-10-30,21:00:00,23.196,23.196,23.107,23.127,3094,0
2017-10-31,15:00:00,23.343,23.382,23.343,23.368,2273,0
2017-10-31,16:00:00,23.333,23.333,23.318,23.323,11822,0
2017-10-31,17:00:00,23.353,23.353,23.353,23.353,1325,0
2017-10-31,18:00:00,23.363,23.363,23.363,23.363,611,0
2017-10-31,19:00:00,23.353,23.353,23.353,23.353,102,0
2017-10-31,21:00:00,23.372,23.412,23.372,23.412,10919,0
2017-11-01,15:00:00,23.618,23.618,23.549,23.598,10915,0
2017-11-01,16:00:00,23.628,23.647,23.628,23.628,1325,0
2017-11-01,17:00:00,23.574,23.574,23.574,23.574,1019,0
2017-11-01,18:00:00,23.548,23.548,23.548,23.548,102,0
2017-11-01,20:00:00,23.559,23.588,23.559,23.588,2191,0
2017-11-01,21:00:00,23.559,23.569,23.534,23.559,8536,0
2017-11-02,15:00:00,23.52,23.52,23.52,23.52,102,0
2017-11-02,16:00:00,23.637,23.637,23.598,23.598,1562,0
2017-11-02,17:00:00,23.618,23.618,23.559,23.562,1638,0
2017-11-02,18:00:00,23.598,23.598,23.598,23.598,432,0
2017-11-02,19:00:00,23.647,23.647,23.647,23.647,255,0
2017-11-02,21:00:00,23.686,23.745,23.686,23.735,11903,0
2017-11-03,15:00:00,23.765,23.765,23.645,23.645,1817,0
2017-11-03,16:00:00,23.588,23.588,23.5,23.5,6043,0
2017-11-03,17:00:00,23.5,23.588,23.5,23.588,2038,0
2017-11-03,18:00:00,23.578,23.598,23.578,23.588,2242,0
2017-11-03,19:00:00,23.598,23.657,23.588,23.657,7405,0
2017-11-03,20:00:00,23.647,23.677,23.637,23.637,2140,0
2017-11-03,21:00:00,23.647,23.666,23.598,23.637,4478,0
2017-11-06,16:00:00,23.637,23.843,23.637,23.843,1415,0
2017-11-06,17:00:00,23.794,23.794,23.794,23.794,1483,0
2017-11-06,18:00:00,23.785,23.785,23.785,23.785,10192,0
2017-11-06,19:00:00,23.793,23.822,23.793,23.822,2101,0
2017-11-06,22:00:00,23.838,23.853,23.804,23.853,1435,0
2017-11-07,16:00:00,23.843,23.843,23.755,23.755,438,0
2017-11-07,17:00:00,23.745,23.745,23.735,23.735,204,0
2017-11-07,21:00:00,23.628,23.628,23.628,23.628,205,0
2017-11-07,22:00:00,23.622,23.647,23.615,23.637,2119,0
2017-11-08,16:00:00,23.608,23.793,23.608,23.637,5590,0
2017-11-08,17:00:00,23.715,23.715,23.715,23.715,167,0
2017-11-08,18:00:00,23.677,23.677,23.667,23.677,773,0
2017-11-08,20:00:00,23.677,23.677,23.671,23.677,1133,0
2017-11-08,21:00:00,23.716,23.775,23.716,23.75,1325,0
2017-11-08,22:00:00,23.726,23.744,23.696,23.716,12828,0
2017-11-09,16:00:00,23.451,23.461,23.412,23.412,5049,0
2017-11-09,17:00:00,23.421,23.48,23.421,23.451,917,0
2017-11-09,18:00:00,23.441,23.441,23.441,23.441,102,0
2017-11-09,19:00:00,23.393,23.393,23.304,23.311,2940,0
2017-11-09,20:00:00,23.382,23.431,23.382,23.412,11284,0
2017-11-09,21:00:00,23.431,23.438,23.431,23.438,353,0
2017-11-09,22:00:00,23.431,23.49,23.431,23.471,2803,0
2017-11-10,16:00:00,23.274,23.304,23.274,23.304,578,0
2017-11-10,17:00:00,23.284,23.284,23.27,23.274,1019,0
2017-11-10,18:00:00,23.264,23.264,23.206,23.225,2253,0
2017-11-10,19:00:00,23.225,23.255,23.225,23.255,628,0
2017-11-10,21:00:00,23.258,23.294,23.258,23.294,479,0
2017-11-10,22:00:00,23.333,23.353,23.304,23.304,9570,0
2017-11-13,16:00:00,23.274,23.274,23.138,23.161,1376,0
2017-11-13,17:00:00,23.255,23.255,23.255,23.255,102,0
2017-11-13,18:00:00,23.274,23.284,23.274,23.284,6035,0
2017-11-13,20:00:00,23.226,23.226,23.225,23.225,219,0
2017-11-13,21:00:00,23.255,23.255,23.255,23.255,102,0
2017-11-13,22:00:00,23.255,23.266,23.235,23.235,3164,0
2017-11-14,16:00:00,23.019,23.127,23.019,23.098,1665,0
2017-11-14,17:00:00,23.078,23.078,23.039,23.049,2439,0
2017-11-14,18:00:00,23.049,23.057,23.049,23.049,1019,0
2017-11-14,19:00:00,23.057,23.057,23.057,23.057,102,0
2017-11-14,21:00:00,23.068,23.078,23.068,23.078,1168,0
2017-11-14,22:00:00,23.127,23.127,23.127,23.127,744,0
2017-11-15,16:00:00,23.039,23.039,22.941,22.98,12645,0
2017-11-15,17:00:00,22.96,23.058,22.96,23.058,4567,0
2017-11-15,18:00:00,23.019,23.02,23.019,23.02,314,0
2017-11-15,19:00:00,23.029,23.029,22.99,22.99,2956,0
2017-11-15,20:00:00,22.95,22.95,22.921,22.921,408,0
2017-11-15,21:00:00,22.921,22.95,22.921,22.95,5175,0
2017-11-15,22:00:00,23,23.001,23,23,6421,0
2017-11-16,16:00:00,23.215,23.402,23.215,23.402,3551,0
2017-11-16,17:00:00,23.402,23.402,23.402,23.402,2038,0
2017-11-16,18:00:00,23.412,23.412,23.397,23.397,4790,0
2017-11-16,19:00:00,23.397,23.397,23.397,23.397,388,0
2017-11-16,20:00:00,23.402,23.49,23.402,23.49,510,0
2017-11-16,21:00:00,23.48,23.5,23.48,23.5,306,0
2017-11-16,22:00:00,23.49,23.49,23.402,23.412,5605,0
2017-11-17,16:00:00,23.529,23.53,23.529,23.53,556,0
2017-11-17,17:00:00,23.569,23.569,23.569,23.569,1019,0
2017-11-17,18:00:00,23.564,23.637,23.559,23.637,425,0
2017-11-17,20:00:00,23.696,23.696,23.696,23.696,102,0
2017-11-17,21:00:00,23.677,23.677,23.677,23.677,159,0
2017-11-17,22:00:00,23.645,23.647,23.618,23.618,4338,0
2017-11-20,17:00:00,23.539,23.598,23.539,23.598,1733,0
2017-11-20,18:00:00,23.637,23.637,23.628,23.637,1036,0
2017-11-20,19:00:00,23.631,23.642,23.631,23.642,510,0
2017-11-20,21:00:00,23.686,23.686,23.686,23.686,1325,0
2017-11-20,22:00:00,23.628,23.647,23.598,23.647,934,0
2017-11-21,16:00:00,23.529,23.608,23.4,23.608,3196,0
2017-11-21,17:00:00,23.569,23.578,23.559,23.559,4761,0
2017-11-21,18:00:00,23.608,23.618,23.579,23.61,5728,0
2017-11-21,20:00:00,23.618,23.618,23.618,23.618,438,0
2017-11-21,22:00:00,23.584,23.598,23.578,23.598,2839,0
2017-11-22,16:00:00,23.716,23.716,23.706,23.706,3567,0
2017-11-22,19:00:00,23.677,23.677,23.677,23.677,102,0
2017-11-22,20:00:00,23.716,23.716,23.716,23.716,102,0
2017-11-22,22:00:00,23.821,23.843,23.804,23.824,3476,0
2017-11-24,16:00:00,23.529,23.785,23.529,23.785,685,0
2017-11-24,17:00:00,23.789,23.824,23.783,23.824,2548,0
2017-11-24,18:00:00,23.805,23.805,23.805,23.805,611,0
2017-11-24,19:00:00,23.794,23.794,23.794,23.794,245,0
2017-11-24,20:00:00,23.804,23.804,23.804,23.804,812,0
2017-11-24,22:00:00,23.804,23.804,23.804,23.804,0,0
2017-11-27,16:00:00,23.637,23.637,23.637,23.637,306,0
2017-11-27,17:00:00,23.657,23.674,23.657,23.674,1549,0
2017-11-27,18:00:00,23.539,23.539,23.51,23.51,413,0
2017-11-27,19:00:00,23.5,23.5,23.493,23.493,530,0
2017-11-27,21:00:00,23.544,23.544,23.544,23.544,102,0
2017-11-27,22:00:00,23.52,23.52,23.5,23.5,7325,0
2017-11-28,16:00:00,23.716,23.775,23.657,23.677,1827,0
2017-11-28,17:00:00,23.637,23.677,23.637,23.657,7847,0
2017-11-28,18:00:00,23.647,23.657,23.618,23.657,408,0
2017-11-28,19:00:00,23.657,23.677,23.657,23.677,306,0
2017-11-28,20:00:00,23.686,23.686,23.686,23.686,815,0
2017-11-28,21:00:00,23.647,23.677,23.628,23.677,1427,0
2017-11-28,22:00:00,23.686,23.696,23.657,23.686,3512,0
2017-11-29,16:00:00,23.598,23.598,23.598,23.598,204,0
2017-11-29,17:00:00,23.451,23.479,23.412,23.412,6914,0
2017-11-29,18:00:00,23.323,23.323,23.294,23.294,6523,0
2017-11-29,19:00:00,23.284,23.392,23.284,23.392,6548,0
2017-11-29,20:00:00,23.363,23.363,23.363,23.363,2038,0
2017-11-29,21:00:00,23.372,23.382,23.353,23.372,8724,0
2017-11-29,22:00:00,23.363,23.372,23.353,23.353,3363,0
2017-11-30,16:00:00,23.294,23.343,23.294,23.343,713,0
2017-11-30,17:00:00,23.333,23.353,23.294,23.343,8866,0
2017-11-30,18:00:00,23.353,23.392,23.353,23.382,917,0
2017-11-30,19:00:00,23.392,23.402,23.363,23.382,6956,0
2017-11-30,20:00:00,23.402,23.402,23.382,23.382,204,0
2017-11-30,21:00:00,23.294,23.294,23.294,23.294,102,0
2017-11-30,22:00:00,23.304,23.304,23.245,23.245,1254,0
2017-12-01,16:00:00,23.157,23.274,23.157,23.176,12221,0
2017-12-01,17:00:00,23.215,23.215,23.215,23.215,2140,0
2017-12-01,18:00:00,23.127,23.147,23.058,23.058,2165,0
2017-12-01,19:00:00,23.068,23.107,23.06,23.107,2038,0
2017-12-01,20:00:00,23.157,23.215,23.157,23.215,978,0
2017-12-01,21:00:00,23.206,23.225,23.206,23.225,357,0
2017-12-01,22:00:00,23.166,23.189,23.166,23.176,4285,0
2017-12-04,16:00:00,23.314,23.379,23.314,23.363,2182,0
2017-12-04,17:00:00,23.274,23.274,23.264,23.264,204,0
2017-12-04,18:00:00,23.225,23.238,23.225,23.235,917,0
2017-12-04,19:00:00,23.284,23.284,23.274,23.274,204,0
2017-12-04,20:00:00,23.294,23.353,23.294,23.343,5833,0
2017-12-04,21:00:00,23.379,23.379,23.284,23.284,7507,0
2017-12-04,22:00:00,23.255,23.255,23.152,23.196,4123,0
2017-12-05,16:00:00,23.304,23.353,23.245,23.353,2865,0
2017-12-05,17:00:00,23.402,23.402,23.402,23.402,306,0
2017-12-05,18:00:00,23.412,23.412,23.382,23.382,1049,0
2017-12-05,19:00:00,23.264,23.264,23.264,23.264,102,0
2017-12-05,21:00:00,23.314,23.314,23.289,23.289,204,0
2017-12-05,22:00:00,23.294,23.294,23.274,23.274,306,0
2017-12-06,16:00:00,23.343,23.343,23.274,23.274,4072,0
2017-12-06,17:00:00,23.372,23.402,23.323,23.402,1737,0
2017-12-06,18:00:00,23.402,23.402,23.314,23.323,1019,0
2017-12-06,19:00:00,23.264,23.264,23.264,23.264,510,0
2017-12-06,21:00:00,23.343,23.343,23.333,23.333,204,0
2017-12-06,22:00:00,23.363,23.363,23.304,23.323,4240,0
2017-12-07,16:00:00,23.255,23.304,23.255,23.304,1829,0
2017-12-07,17:00:00,23.318,23.421,23.318,23.421,306,0
2017-12-07,18:00:00,23.412,23.412,23.412,23.412,204,0
2017-12-07,19:00:00,23.441,23.48,23.441,23.48,204,0
2017-12-07,20:00:00,23.471,23.471,23.471,23.471,102,0
2017-12-07,21:00:00,23.471,23.471,23.437,23.437,1045,0
2017-12-07,22:00:00,23.441,23.52,23.441,23.51,5116,0
2017-12-08,16:00:00,23.618,23.647,23.618,23.647,1954,0
2017-12-08,20:00:00,23.647,23.677,23.647,23.662,1325,0
2017-12-08,21:00:00,23.647,23.647,23.617,23.617,1352,0
2017-12-08,22:00:00,23.617,23.647,23.598,23.637,4469,0
2017-12-11,16:00:00,23.48,23.588,23.48,23.588,2509,0
2017-12-11,17:00:00,23.637,23.637,23.637,23.637,2140,0
2017-12-11,18:00:00,23.618,23.618,23.618,23.618,292,0
2017-12-11,20:00:00,23.608,23.608,23.608,23.608,102,0
2017-12-11,21:00:00,23.677,23.677,23.647,23.647,408,0
2017-12-11,22:00:00,23.677,23.686,23.637,23.686,7405,0
2017-12-12,16:00:00,23.549,23.549,23.549,23.549,2038,0
2017-12-12,19:00:00,23.451,23.464,23.451,23.464,421,0
2017-12-13,16:00:00,23.696,23.706,23.696,23.706,850,0
2017-12-13,17:00:00,23.769,23.769,23.769,23.769,204,0
2017-12-13,19:00:00,23.785,23.785,23.785,23.785,306,0
2017-12-13,20:00:00,23.794,23.942,23.794,23.863,4822,0
2017-12-13,21:00:00,23.981,24.04,23.971,23.971,7504,0
2017-12-13,22:00:00,23.932,23.951,23.922,23.932,5513,0
2017-12-14,16:00:00,24,24,23.932,23.971,3784,0
2017-12-14,17:00:00,24.011,24.02,24.01,24.017,3618,0
2017-12-14,18:00:00,24.001,24.001,23.993,23.995,821,0
2017-12-14,19:00:00,23.979,23.979,23.979,23.979,153,0
2017-12-14,20:00:00,23.991,23.991,23.991,23.991,368,0
2017-12-14,22:00:00,23.961,23.961,23.902,23.902,398,0
2017-12-15,16:00:00,23.961,23.961,23.961,23.961,433,0
2017-12-15,18:00:00,23.961,23.961,23.961,23.961,204,0
2017-12-15,19:00:00,24.001,24.001,24.001,24.001,611,0
2017-12-15,21:00:00,23.992,24.008,23.992,24.008,289,0
2017-12-15,22:00:00,24.03,24.03,24.02,24.02,204,0
2017-12-18,16:00:00,23.93,23.99,23.93,23.96,11700,0
2017-12-18,17:00:00,23.99,24.02,23.9889,24.0199,1215,0
2017-12-18,19:00:00,24.02,24.02,24.01,24.01,300,0
2017-12-18,21:00:00,23.98,24.02,23.9701,23.9701,3123,0
2017-12-18,22:00:00,23.98,24.02,23.97,24.02,4670,0
2017-12-19,16:00:00,24.08,24.08,23.976,23.976,1950,0
2017-12-19,18:00:00,23.9129,23.9129,23.89,23.89,300,0
2017-12-19,19:00:00,23.9,23.92,23.9,23.92,23011,0
2017-12-19,22:00:00,23.95,24.02,23.95,23.98,22740,0
2017-12-20,16:00:00,23.78,23.78,23.78,23.78,375,0
2017-12-20,17:00:00,23.76,23.7644,23.6944,23.74,2839,0
2017-12-20,18:00:00,23.74,23.77,23.74,23.77,996,0
2017-12-20,19:00:00,23.77,23.77,23.7524,23.77,450,0
2017-12-20,20:00:00,23.7772,23.7772,23.7772,23.7772,100,0
2017-12-20,21:00:00,23.7699,23.7699,23.7565,23.7565,496,0
2017-12-20,22:00:00,23.6706,23.71,23.6706,23.71,949,0
2017-12-21,16:00:00,24.09,24.09,24.09,24.09,1609,0
2017-12-21,17:00:00,24.1203,24.2,24.1203,24.2,250,0
2017-12-21,18:00:00,24.24,24.24,24.23,24.23,200,0
2017-12-21,19:00:00,24.22,24.22,24.22,24.22,354,0
2017-12-21,20:00:00,24.25,24.25,24.25,24.25,100,0
2017-12-21,21:00:00,24.2468,24.2468,24.24,24.24,3040,0
2017-12-21,22:00:00,24.22,24.22,24.16,24.16,1300,0
2017-12-22,16:00:00,24.28,24.3,24.28,24.3,2085,0
2017-12-22,17:00:00,24.3199,24.3199,24.3085,24.3085,511,0
2017-12-22,18:00:00,24.29,24.34,24.29,24.294,7035,0
2017-12-22,20:00:00,24.2799,24.28,24.2799,24.28,370,0
2017-12-22,21:00:00,24.2907,24.34,24.2907,24.3398,1087,0
2017-12-22,22:00:00,24.34,24.4,24.34,24.39,1176,0
2017-12-26,16:00:00,24.39,24.39,24.34,24.34,255,0
2017-12-26,17:00:00,24.29,24.4,24.285,24.4,1959,0
2017-12-26,18:00:00,24.391,24.391,24.391,24.391,184,0
2017-12-26,20:00:00,24.3901,24.4,24.3901,24.4,2506,0
2017-12-27,16:00:00,24.46,24.59,24.46,24.59,2710,0
2017-12-27,17:00:00,24.595,24.6,24.5901,24.6,1311,0
2017-12-27,18:00:00,24.6124,24.6124,24.6124,24.6124,150,0
2017-12-27,19:00:00,24.61,24.65,24.61,24.65,16764,0
2017-12-27,20:00:00,24.65,24.65,24.6,24.6,6000,0
2017-12-27,21:00:00,24.63,24.63,24.6299,24.63,3854,0
2017-12-27,22:00:00,24.59,24.61,24.59,24.6,3943,0
2017-12-28,16:00:00,24.7,24.75,24.7,24.75,7624,0
2017-12-28,17:00:00,24.75,24.7889,24.75,24.7889,2085,0
2017-12-28,18:00:00,24.77,24.81,24.77,24.8,800,0
2017-12-28,19:00:00,24.8168,24.8168,24.8168,24.8168,150,0
2017-12-28,21:00:00,24.75,24.75,24.72,24.72,300,0
2017-12-28,22:00:00,24.75,24.75,24.72,24.72,939,0
2017-12-29,16:00:00,24.83,24.89,24.81,24.81,5017,0
2017-12-29,17:00:00,24.8125,24.86,24.791,24.86,800,0
2017-12-29,18:00:00,24.83,24.92,24.83,24.92,1030,0
2017-12-29,19:00:00,24.93,24.94,24.88,24.9,3200,0
2017-12-29,20:00:00,24.9,24.94,24.8936,24.92,3460,0
2017-12-29,21:00:00,24.92,24.92,24.84,24.84,3814,0
2017-12-29,22:00:00,24.85,24.92,24.84,24.84,19145,0
2018-01-02,16:00:00,25.01,25.01,25.01,25.01,2541,0
2018-01-02,17:00:00,24.99,24.99,24.93,24.94,5400,0
2018-01-02,18:00:00,24.95,25.01,24.94,24.94,39697,0
2018-01-02,19:00:00,24.95,24.95,24.938,24.938,495,0
2018-01-02,20:00:00,25.01,25.01,24.96,24.9725,1798,0
2018-01-02,21:00:00,24.97,25.03,24.93,25.0122,7448,0
2018-01-02,22:00:00,25.02,25.05,25,25.05,6672,0
2018-01-03,16:00:00,25.02,25.02,24.91,24.965,35019,0
2018-01-03,17:00:00,24.96,24.97,24.8877,24.94,55762,0
2018-01-03,18:00:00,24.9412,24.98,24.9398,24.955,28326,0
2018-01-03,19:00:00,24.955,24.9767,24.9548,24.9767,5002,0
2018-01-03,20:00:00,24.98,24.99,24.98,24.99,7459,0
2018-01-03,21:00:00,24.99,24.99,24.97,24.99,12019,0
2018-01-03,22:00:00,24.9899,24.99,24.95,24.97,19304,0
2018-01-04,16:00:00,25.3,25.3,25.2,25.2,14822,0
2018-01-04,17:00:00,25.19,25.27,25.19,25.2515,13418,0
2018-01-04,18:00:00,25.22,25.239,25.2159,25.2198,15169,0
2018-01-04,19:00:00,25.2148,25.25,25.2148,25.25,84179,0
2018-01-04,20:00:00,25.27,25.28,25.23,25.235,23249,0
2018-01-04,21:00:00,25.249,25.249,25.2,25.22,8164,0
2018-01-04,22:00:00,25.22,25.223,25.1501,25.2,19158,0
2018-01-05,16:00:00,25.27,25.43,25.27,25.3698,5368,0
2018-01-05,17:00:00,25.38,25.479,25.38,25.42,6187,0
2018-01-05,18:00:00,25.48,25.54,25.48,25.54,4369,0
2018-01-05,19:00:00,25.53,25.53,25.5084,25.5084,1676,0
2018-01-05,20:00:00,25.53,25.54,25.5195,25.52,1366,0
2018-01-05,21:00:00,25.4945,25.5,25.4795,25.5,1025,0
2018-01-05,22:00:00,25.5,25.5,25.4675,25.47,5775,0
2018-01-08,16:00:00,25.48,25.48,25.4,25.4799,3904,0
2018-01-08,17:00:00,25.48,25.4995,25.45,25.478,11617,0
2018-01-08,18:00:00,25.4851,25.5,25.4761,25.49,2497,0
2018-01-08,19:00:00,25.48,25.5,25.4771,25.5,2000,0
2018-01-08,20:00:00,25.5081,25.52,25.45,25.4778,12004,0
2018-01-08,21:00:00,25.5277,25.53,25.5181,25.52,1432,0
2018-01-08,22:00:00,25.5,25.5,25.4679,25.5,14615,0
2018-01-09,16:00:00,25.5,25.5,25.26,25.26,5236,0
2018-01-09,17:00:00,25.28,25.31,25.28,25.29,9990,0
2018-01-09,18:00:00,25.3378,25.3378,25.3293,25.33,1050,0
2018-01-09,19:00:00,25.3,25.3,25.26,25.265,4251,0
2018-01-09,20:00:00,25.3001,25.3001,25.3001,25.3001,385,0
2018-01-09,21:00:00,25.315,25.315,25.2967,25.2967,658,0
2018-01-09,22:00:00,25.33,25.33,25.26,25.26,1120,0
2018-01-10,16:00:00,25.21,25.26,25.1674,25.1674,3550,0
2018-01-10,17:00:00,25.2047,25.2047,25.2047,25.2047,186,0
2018-01-10,18:00:00,25.2282,25.2282,25.2282,25.2282,160,0
2018-01-10,19:00:00,25.215,25.2951,25.215,25.2951,4351,0
2018-01-10,20:00:00,25.22,25.2593,25.22,25.2593,875,0
2018-01-10,21:00:00,25.25,25.25,25.18,25.23,1500,0
2018-01-10,22:00:00,25.245,25.285,25.245,25.25,5060,0
2018-01-11,16:00:00,25.42,25.45,25.42,25.43,6175,0
2018-01-11,17:00:00,25.4501,25.48,25.4501,25.46,2673,0
2018-01-11,18:00:00,25.52,25.52,25.42,25.42,12520,0
2018-01-11,19:00:00,25.43,25.56,25.43,25.55,2334,0
2018-01-11,20:00:00,25.559,25.56,25.535,25.56,2020,0
2018-01-11,21:00:00,25.57,25.63,25.57,25.6048,1335,0
2018-01-11,22:00:00,25.61,25.63,25.57,25.59,7041,0
2018-01-12,16:00:00,25.43,25.45,25.31,25.45,1758,0
2018-01-12,17:00:00,25.45,25.5999,25.45,25.5999,8767,0
2018-01-12,18:00:00,25.6,25.6699,25.6,25.6659,3258,0
2018-01-12,19:00:00,25.6623,25.6623,25.6287,25.6444,500,0
2018-01-12,20:00:00,25.64,25.65,25.63,25.65,900,0
2018-01-12,21:00:00,25.6519,25.7,25.65,25.7,2811,0
2018-01-12,22:00:00,25.65,25.7,25.6395,25.7,3407,0
2018-01-16,16:00:00,25.82,25.99,25.82,25.96,7019,0
2018-01-16,17:00:00,25.98,25.98,25.87,25.9145,1865,0
2018-01-16,18:00:00,25.85,25.85,25.84,25.84,300,0
2018-01-16,19:00:00,25.83,25.8693,25.8051,25.8051,2055,0
2018-01-16,20:00:00,25.83,25.83,25.8272,25.8272,2300,0
2018-01-16,21:00:00,25.78,25.8,25.7,25.72,6795,0
2018-01-16,22:00:00,25.72,25.74,25.68,25.7,10666,0
2018-01-17,16:00:00,25.89,25.95,25.89,25.95,1008,0
2018-01-17,17:00:00,26.02,26.02,25.9701,25.9972,5772,0
2018-01-17,18:00:00,26.005,26.02,26.005,26.01,7954,0
2018-01-17,19:00:00,26.01,26.07,26.01,26.07,8765,0
2018-01-17,20:00:00,26.117,26.1299,26.117,26.1178,990,0
2018-01-17,21:00:00,26.12,26.13,26.11,26.11,3021,0
2018-01-17,22:00:00,26.12,26.12,26.09,26.11,1418,0
2018-01-18,16:00:00,25.97,26,25.97,26,780,0
2018-01-18,17:00:00,26,26,26,26,300,0
2018-01-18,18:00:00,25.98,25.98,25.98,25.98,223,0
2018-01-18,19:00:00,25.941,25.952,25.941,25.95,1200,0
2018-01-18,20:00:00,25.95,25.97,25.95,25.97,300,0
2018-01-18,21:00:00,25.98,26.0369,25.98,26.035,2793,0
2018-01-18,22:00:00,26.05,26.05,25.921,25.95,9890,0
2018-01-19,16:00:00,25.94,25.94,25.8904,25.8904,3160,0
2018-01-19,17:00:00,25.8798,25.9405,25.8798,25.94,3174,0
2018-01-19,18:00:00,25.915,25.93,25.915,25.93,1753,0
2018-01-19,19:00:00,25.9235,25.9697,25.9235,25.9697,1873,0
2018-01-19,20:00:00,25.9774,25.9795,25.97,25.9795,415,0
2018-01-19,21:00:00,25.99,26,25.99,26,625,0
2018-01-19,22:00:00,25.98,26.01,25.98,26.01,2443,0
2018-01-22,16:00:00,25.85,25.9448,25.85,25.9448,7449,0
2018-01-22,17:00:00,25.9383,25.97,25.9383,25.97,500,0
2018-01-22,18:00:00,26,26.025,25.99,25.99,7399,0
2018-01-22,19:00:00,25.98,25.98,25.97,25.971,3204,0
2018-01-22,20:00:00,25.9856,25.9856,25.945,25.945,400,0
2018-01-22,21:00:00,25.961,25.964,25.94,25.96,9942,0
2018-01-22,22:00:00,25.96,26.06,25.96,26.03,8048,0
2018-01-23,16:00:00,26.35,26.35,26.2927,26.2927,1300,0
2018-01-23,17:00:00,26.3,26.39,26.3,26.39,4313,0
2018-01-23,18:00:00,26.3784,26.3799,26.3784,26.3799,752,0
2018-01-23,19:00:00,26.36,26.36,26.335,26.335,2282,0
2018-01-23,20:00:00,26.3,26.3,26.3,26.3,100,0
2018-01-23,21:00:00,26.33,26.36,26.3201,26.3201,1756,0
2018-01-23,22:00:00,26.36,26.39,26.35,26.38,7057,0
2018-01-24,16:00:00,26.54,26.72,26.52,26.5501,5108,0
2018-01-24,17:00:00,26.63,26.68,26.63,26.66,1094,0
2018-01-24,18:00:00,26.6,26.6,26.49,26.5,3350,0
2018-01-24,19:00:00,26.515,26.5164,26.515,26.5164,200,0
2018-01-24,20:00:00,26.518,26.518,26.518,26.518,110,0
2018-01-24,21:00:00,26.63,26.69,26.63,26.67,4457,0
2018-01-24,22:00:00,26.63,26.63,26.6104,26.63,2371,0
2018-01-25,16:00:00,26.62,26.62,26.5398,26.5398,1345,0
2018-01-25,18:00:00,26.63,26.69,26.63,26.69,263,0
2018-01-25,19:00:00,26.709,26.74,26.709,26.74,733,0
2018-01-25,20:00:00,26.74,26.7499,26.74,26.7499,500,0
2018-01-25,21:00:00,26.65,26.65,26.539,26.539,2494,0
2018-01-25,22:00:00,26.57,26.5897,26.55,26.58,2351,0
2018-01-26,16:00:00,26.75,26.75,26.7,26.75,5500,0
2018-01-26,17:00:00,26.78,26.8,26.73,26.8,7249,0
2018-01-26,18:00:00,26.79,26.86,26.78,26.85,6800,0
2018-01-26,19:00:00,26.83,26.885,26.83,26.885,3600,0
2018-01-26,20:00:00,26.859,26.89,26.859,26.87,3900,0
2018-01-26,21:00:00,26.88,26.9,26.84,26.87,7067,0
2018-01-26,22:00:00,26.86,26.9,26.84,26.88,13873,0
2018-01-29,16:00:00,26.62,26.62,26.3925,26.46,9408,0
2018-01-29,17:00:00,26.44,26.45,26.41,26.42,6252,0
2018-01-29,18:00:00,26.435,26.4552,26.435,26.4552,683,0
2018-01-29,19:00:00,26.46,26.4605,26.435,26.435,925,0
2018-01-29,20:00:00,26.4563,26.459,26.4415,26.4415,3606,0
2018-01-29,21:00:00,26.42,26.4295,26.41,26.42,1964,0
2018-01-29,22:00:00,26.452,26.4744,26.39,26.4,8466,0
2018-01-30,16:00:00,26.01,26.056,25.96,25.97,4609,0
2018-01-30,17:00:00,25.9042,25.915,25.89,25.915,3375,0
2018-01-30,18:00:00,25.91,25.94,25.91,25.94,220,0
2018-01-30,19:00:00,25.97,25.97,25.92,25.92,606,0
2018-01-30,20:00:00,25.96,25.96,25.96,25.96,100,0
2018-01-30,21:00:00,26.0275,26.0275,25.9919,26,1196,0
2018-01-30,22:00:00,26,26.01,25.97,25.97,5471,0
2018-01-31,16:00:00,26.3,26.4,26.3,26.3702,17444,0
2018-01-31,17:00:00,26.3,26.3,26.3,26.3,1867,0
2018-01-31,18:00:00,26.26,26.3,26.23,26.23,1498,0
2018-01-31,19:00:00,26.2024,26.2062,26.19,26.205,8000,0
2018-01-31,20:00:00,26.17,26.231,26.17,26.22,2235,0
2018-01-31,21:00:00,26.2581,26.2581,26.03,26.11,2860,0
2018-01-31,22:00:00,26.1698,26.25,26.1698,26.25,1235,0
2018-02-01,16:00:00,26.09,26.19,26.03,26.1469,8224,0
2018-02-01,17:00:00,26.1283,26.1493,26.09,26.1493,1978,0
2018-02-01,18:00:00,26.04,26.2013,26.02,26.2013,51295,0
2018-02-01,19:00:00,26.2165,26.22,26.18,26.19,7950,0
2018-02-01,20:00:00,26.195,26.2056,26.11,26.11,2150,0
2018-02-01,21:00:00,26.06,26.06,26.05,26.05,575,0
2018-02-01,22:00:00,26.041,26.057,25.97,25.97,1557,0
2018-02-02,16:00:00,25.99,25.99,25.74,25.75,66194,0
2018-02-02,17:00:00,25.69,25.8,25.66,25.73,12640,0
2018-02-02,18:00:00,25.72,25.8,25.68,25.68,22499,0
2018-02-02,19:00:00,25.67,25.8002,25.6696,25.79,6992,0
2018-02-02,20:00:00,25.79,25.8,25.7,25.702,9543,0
2018-02-02,21:00:00,25.72,25.7208,25.63,25.7,5500,0
2018-02-02,22:00:00,25.57,25.6466,25.541,25.58,20650,0
2018-02-05,16:00:00,25.6,25.6764,25.53,25.552,5865,0
2018-02-05,17:00:00,25.62,25.82,25.62,25.8,26592,0
2018-02-05,18:00:00,25.83,25.83,25.7052,25.72,4612,0
2018-02-05,19:00:00,25.64,25.66,25.61,25.6123,2752,0
2018-02-05,20:00:00,25.5404,25.6064,25.44,25.5794,6897,0
2018-02-05,21:00:00,25.5714,25.59,25.25,25.25,4428,0
2018-02-05,22:00:00,25.24,25.2952,24.85,24.85,23921,0
2018-02-06,16:00:00,24.86,25.64,24.86,25.53,21083,0
2018-02-06,17:00:00,25.58,25.66,25.22,25.3817,47046,0
2018-02-06,18:00:00,25.42,25.42,25.32,25.3566,1760,0
2018-02-06,19:00:00,25.7041,25.74,25.6948,25.6948,379,0
2018-02-06,20:00:00,25.6256,25.7299,25.6256,25.7299,629,0
2018-02-06,21:00:00,25.62,25.84,25.5896,25.8362,5511,0
2018-02-06,22:00:00,25.9392,25.9392,25.69,25.91,4819,0
2018-02-07,16:00:00,25.6,25.97,25.6,25.96,7027,0
2018-02-07,17:00:00,25.96,26.04,25.9,25.93,24547,0
2018-02-07,18:00:00,25.97,26.04,25.8358,25.87,10271,0
2018-02-07,19:00:00,25.9005,25.9054,25.7725,25.7725,2167,0
2018-02-07,20:00:00,25.63,25.69,25.54,25.54,6720,0
2018-02-07,21:00:00,25.54,25.5997,25.52,25.572,3312,0
2018-02-07,22:00:00,25.5,25.51,25.31,25.35,1247,0
2018-02-08,16:00:00,25.47,25.47,25.29,25.2902,5989,0
2018-02-08,17:00:00,25.25,25.25,25.11,25.11,5280,0
2018-02-08,18:00:00,25.06,25.06,24.87,24.94,7719,0
2018-02-08,19:00:00,24.89,24.9105,24.71,24.738,1299,0
2018-02-08,20:00:00,24.77,24.855,24.77,24.81,796,0
2018-02-08,21:00:00,24.777,24.777,24.75,24.75,289,0
2018-02-08,22:00:00,24.64,24.72,24.46,24.46,29643,0
2018-02-09,16:00:00,25.08,25.23,24.94,25.21,9147,0
2018-02-09,17:00:00,25.22,25.22,24.72,24.9416,6188,0
2018-02-09,18:00:00,24.81,24.91,24.75,24.76,23062,0
2018-02-09,19:00:00,24.74,24.74,24.48,24.5,17495,0
2018-02-09,20:00:00,24.5,24.73,24.4,24.71,5238,0
2018-02-09,21:00:00,24.73,24.85,24.73,24.84,9372,0
2018-02-09,22:00:00,24.79,25.25,24.73,25,25400,0
2018-02-12,16:00:00,25.24,25.44,25.24,25.43,1732,0
2018-02-12,17:00:00,25.4,25.41,25.13,25.21,18005,0
2018-02-12,18:00:00,25.22,25.22,25.15,25.2,112640,0
2018-02-12,19:00:00,25.2,25.35,25.2,25.35,109366,0
2018-02-12,20:00:00,25.32,25.43,25.32,25.413,8159,0
2018-02-12,21:00:00,25.41,25.41,25.28,25.3684,32964,0
2018-02-12,22:00:00,25.34,25.34,25.2,25.22,5469,0
2018-02-13,16:00:00,25.26,25.5,25.26,25.5,2079,0
2018-02-13,17:00:00,25.49,25.49,25.49,25.49,100,0
2018-02-13,18:00:00,25.52,25.52,25.52,25.52,100,0
2018-02-13,19:00:00,25.4898,25.4898,25.48,25.48,315,0
2018-02-13,20:00:00,25.495,25.495,25.495,25.495,1300,0
2018-02-13,21:00:00,25.52,25.61,25.52,25.53,4100,0
2018-02-13,22:00:00,25.5704,25.66,25.55,25.61,8831,0
2018-02-14,17:00:00,25.43,25.57,25.43,25.54,5341,0
2018-02-14,18:00:00,25.53,25.5602,25.53,25.56,737,0
2018-02-14,19:00:00,25.5955,25.631,25.5955,25.631,476,0
2018-02-14,20:00:00,25.7996,25.8699,25.7996,25.8699,1582,0
2018-02-14,21:00:00,25.86,25.86,25.84,25.85,3850,0
2018-02-14,22:00:00,25.88,25.88,25.83,25.86,4374,0
2018-02-15,16:00:00,25.91,26.2,25.91,26.2,6101,0
2018-02-15,17:00:00,26.12,26.21,26.02,26.02,1580,0
2018-02-15,18:00:00,25.85,26.08,25.85,26.08,2041,0
2018-02-15,19:00:00,26.08,26.08,25.96,26.05,4300,0
2018-02-15,20:00:00,26.07,26.07,26.07,26.07,800,0
2018-02-15,21:00:00,26.05,26.16,26.05,26.08,1302,0
2018-02-15,22:00:00,26.08,26.2,26.08,26.2,5050,0
2018-02-16,16:00:00,25.95,25.95,25.95,25.95,215,0
2018-02-16,17:00:00,26.1601,26.32,26.1601,26.32,4256,0
2018-02-16,18:00:00,26.4,26.4,26.37,26.4,5892,0
2018-02-16,19:00:00,26.39,26.505,26.37,26.37,15831,0
2018-02-16,20:00:00,26.36,26.39,26.3,26.3,400,0
2018-02-16,21:00:00,26.36,26.36,26.255,26.354,800,0
2018-02-16,22:00:00,26.3965,26.42,26.31,26.34,3571,0
2018-02-20,16:00:00,26.09,26.0901,26.04,26.0901,1100,0
2018-02-20,17:00:00,26.06,26.1356,26.06,26.1356,600,0
2018-02-20,18:00:00,26.1101,26.2,26.08,26.2,677,0
2018-02-20,19:00:00,26.2899,26.2899,26.2699,26.2699,700,0
2018-02-20,20:00:00,26.27,26.29,26.18,26.28,2200,0
2018-02-20,21:00:00,26.302,26.302,26.22,26.2499,2600,0
2018-02-20,22:00:00,26.2499,26.25,26.1099,26.16,6714,0
2018-02-21,16:00:00,26.14,26.14,26.06,26.06,1720,0
2018-02-21,17:00:00,26.07,26.07,26.054,26.054,870,0
2018-02-21,19:00:00,26.06,26.1,26.06,26.1,396,0
2018-02-21,20:00:00,26.1,26.1278,26.1,26.1278,569,0
2018-02-21,21:00:00,26.13,26.34,26.1,26.1,7158,0
2018-02-21,22:00:00,26.05,26.05,25.76,25.76,4041,0
2018-02-22,16:00:00,25.71,25.864,25.71,25.86,2420,0
2018-02-22,17:00:00,25.77,25.84,25.77,25.84,1100,0
2018-02-22,18:00:00,25.86,25.9,25.85,25.85,2532,0
2018-02-22,19:00:00,25.8,25.84,25.8,25.83,674,0
2018-02-22,20:00:00,25.66,25.66,25.66,25.66,600,0
2018-02-22,21:00:00,25.7588,25.7588,25.7588,25.7588,150,0
2018-02-22,22:00:00,25.69,25.69,25.64,25.65,867,0
2018-02-23,16:00:00,25.78,25.78,25.67,25.7,2127,0
2018-02-23,17:00:00,25.67,25.67,25.65,25.65,700,0
2018-02-23,18:00:00,25.6995,25.6995,25.69,25.69,1016,0
2018-02-23,19:00:00,25.7264,25.7264,25.7264,25.7264,1900,0
2018-02-23,22:00:00,25.76,25.84,25.76,25.82,4185,0
2018-02-26,16:00:00,25.53,25.5999,25.53,25.5999,533,0
2018-02-26,17:00:00,25.4415,25.4415,25.4415,25.4415,175,0
2018-02-26,18:00:00,25.54,25.61,25.54,25.61,849,0
2018-02-26,19:00:00,25.61,25.69,25.6,25.69,3513,0
2018-02-26,20:00:00,25.627,25.627,25.627,25.627,150,0
2018-02-26,21:00:00,25.607,25.607,25.607,25.607,1000,0
2018-02-26,22:00:00,25.631,25.64,25.595,25.64,2378,0
2018-02-27,16:00:00,25.58,25.58,25.45,25.45,572,0
2018-02-27,17:00:00,25.45,25.65,25.45,25.64,958,0
2018-02-27,19:00:00,25.3226,25.3389,25.3226,25.3389,925,0
2018-02-27,20:00:00,25.38,25.38,25.38,25.38,100,0
2018-02-27,21:00:00,25.351,25.351,25.255,25.255,2074,0
2018-02-27,22:00:00,25.3,25.3,25.25,25.25,991,0
2018-02-28,16:00:00,25.36,25.45,25.36,25.45,5201,0
2018-02-28,17:00:00,25.53,25.53,25.45,25.45,4844,0
2018-02-28,18:00:00,25.27,25.27,25.27,25.27,100,0
2018-02-28,20:00:00,25.3488,25.3488,25.3488,25.3488,200,0
2018-02-28,21:00:00,25.37,25.37,25.32,25.32,1000,0
2018-02-28,22:00:00,25.27,25.28,25.12,25.12,10554,0
2018-03-01,16:00:00,25.21,25.25,25.21,25.21,2620,0
2018-03-01,17:00:00,25.33,25.46,25.25,25.46,2252,0
2018-03-01,18:00:00,25.42,25.42,25.42,25.42,1250,0
2018-03-01,19:00:00,25.3048,25.3048,25.3048,25.3048,160,0
2018-03-01,20:00:00,25.13,25.2,25.11,25.14,6941,0
2018-03-01,21:00:00,25,25.03,24.98,25.007,614,0
2018-03-01,22:00:00,25.02,25.1,25.02,25.05,4862,0
2018-03-02,16:00:00,24.92,24.92,24.92,24.92,1091,0
2018-03-02,17:00:00,24.9101,24.968,24.9101,24.968,1015,0
2018-03-02,18:00:00,24.94,25.03,24.91,25.0267,1200,0
2018-03-02,19:00:00,25.13,25.21,25.06,25.21,700,0
2018-03-02,20:00:00,25.2,25.2,25.16,25.16,200,0
2018-03-02,21:00:00,25.15,25.19,25.15,25.19,900,0
2018-03-02,22:00:00,25.17,25.23,25.17,25.22,2988,0
2018-03-05,16:00:00,24.97,25.085,24.97,25.085,1383,0
2018-03-05,17:00:00,25.085,25.19,25.045,25.19,4072,0
2018-03-05,18:00:00,25.2652,25.36,25.2652,25.36,5576,0
2018-03-05,19:00:00,25.341,25.39,25.325,25.35,4242,0
2018-03-05,20:00:00,25.3106,25.3106,25.3106,25.3106,100,0
2018-03-05,21:00:00,25.34,25.35,25.34,25.35,534,0
2018-03-05,22:00:00,25.34,25.34,25.31,25.32,6707,0
2018-03-06,16:00:00,25.1,25.12,25.09,25.1,5093,0
2018-03-06,17:00:00,25.1,25.1,24.95,24.95,6360,0
2018-03-06,18:00:00,24.96,24.97,24.89,24.89,1000,0
2018-03-06,19:00:00,24.915,24.97,24.915,24.97,4017,0
2018-03-06,20:00:00,24.97,24.99,24.97,24.99,1500,0
2018-03-06,21:00:00,24.9422,25.0399,24.92,25.0399,2185,0
2018-03-06,22:00:00,24.94,24.97,24.94,24.94,2000,0
2018-03-07,16:00:00,24.5,24.6,24.47,24.47,4465,0
2018-03-07,17:00:00,24.455,24.55,24.455,24.53,1296,0
2018-03-07,18:00:00,24.55,24.56,24.51,24.5118,3200,0
2018-03-07,19:00:00,24.46,24.46,24.46,24.46,100,0
2018-03-07,20:00:00,24.4555,24.51,24.4555,24.505,4965,0
2018-03-07,21:00:00,24.5,24.54,24.5,24.54,10771,0
2018-03-07,22:00:00,24.555,24.625,24.555,24.61,45437,0
2018-03-08,16:00:00,24.71,24.8,24.71,24.77,20056,0
2018-03-08,17:00:00,24.74,24.77,24.7,24.7548,24407,0
2018-03-08,18:00:00,24.81,24.81,24.79,24.79,10500,0
2018-03-08,19:00:00,24.79,24.79,24.79,24.79,800,0
2018-03-08,20:00:00,24.8282,24.8282,24.775,24.775,280,0
2018-03-08,21:00:00,24.75,24.76,24.75,24.76,500,0
2018-03-08,22:00:00,24.8333,24.87,24.8,24.82,1597,0
2018-03-09,16:00:00,24.85,24.85,24.77,24.77,600,0
2018-03-09,17:00:00,24.9,24.95,24.9,24.95,5033,0
2018-03-09,18:00:00,24.92,24.92,24.91,24.92,1200,0
2018-03-09,19:00:00,24.98,24.98,24.98,24.98,700,0
2018-03-09,20:00:00,24.99,24.99,24.96,24.97,1639,0
2018-03-09,21:00:00,24.95,24.965,24.95,24.95,1210,0
2018-03-09,22:00:00,24.93,25.03,24.93,25.03,21218,0
2018-03-12,15:00:00,25.0899,25.09,25.0899,25.09,357,0
2018-03-12,16:00:00,25.125,25.1395,25.09,25.09,5377,0
2018-03-12,17:00:00,25.09,25.11,25.07,25.11,2000,0
2018-03-12,18:00:00,25.11,25.14,25.1,25.11,2302,0
2018-03-12,20:00:00,25.08,25.08,25.07,25.07,248,0
2018-03-12,21:00:00,25.06,25.12,25.06,25.11,873,0
2018-03-13,15:00:00,24.86,25,24.86,25,5034,0
2018-03-13,16:00:00,24.88,24.8825,24.83,24.84,4789,0
2018-03-13,17:00:00,24.82,24.83,24.78,24.82,3686,0
2018-03-13,18:00:00,24.72,24.73,24.72,24.73,1400,0
2018-03-13,19:00:00,24.75,24.75,24.71,24.71,1200,0
2018-03-13,20:00:00,24.73,24.73,24.63,24.64,7926,0
2018-03-13,21:00:00,24.63,24.6568,24.56,24.61,6098,0
2018-03-14,15:00:00,24.61,24.61,24.55,24.56,2948,0
2018-03-14,16:00:00,24.57,24.57,24.5,24.5,1623,0
2018-03-14,17:00:00,24.46,24.46,24.4,24.4,17958,0
2018-03-14,19:00:00,24.476,24.5,24.476,24.5,500,0
2018-03-14,21:00:00,24.44,24.44,24.42,24.43,14211,0
2018-03-15,15:00:00,24.33,24.33,24.19,24.2472,3444,0
2018-03-15,16:00:00,24.136,24.1502,24.136,24.1502,1041,0
2018-03-15,17:00:00,24.2,24.2,24.15,24.15,200,0
2018-03-15,18:00:00,24.1,24.1,24.021,24.045,8956,0
2018-03-15,19:00:00,24.08,24.08,24.05,24.07,420,0
2018-03-15,20:00:00,24.04,24.04,24.04,24.04,500,0
2018-03-15,21:00:00,24.1101,24.15,24.1101,24.13,1000,0
2018-03-16,15:00:00,24.02,24.02,23.91,23.91,2600,0
2018-03-16,16:00:00,24.0602,24.1,24.05,24.09,5399,0
2018-03-16,18:00:00,24.08,24.125,24.08,24.125,7980,0
2018-03-16,20:00:00,24.0301,24.07,24.0301,24.07,1087,0
2018-03-16,21:00:00,24.0838,24.11,24.0838,24.1,661,0
2018-03-19,15:00:00,24.08,24.1,24.08,24.1,2100,0
2018-03-19,16:00:00,24.07,24.07,23.98,24.02,2500,0
2018-03-19,17:00:00,24,24,24,24,5027,0
2018-03-19,18:00:00,23.9,23.9,23.84,23.84,1100,0
2018-03-19,19:00:00,23.85,23.85,23.85,23.85,100,0
2018-03-19,20:00:00,23.795,23.795,23.78,23.78,1800,0
2018-03-19,21:00:00,23.85,23.9,23.85,23.9,2106,0
2018-03-20,15:00:00,23.94,23.94,23.8,23.8033,2054,0
2018-03-20,16:00:00,23.79,23.798,23.72,23.798,2676,0
2018-03-20,17:00:00,23.8,23.81,23.76,23.76,1489,0
2018-03-20,18:00:00,23.8,23.8,23.74,23.74,600,0
2018-03-20,21:00:00,23.83,23.83,23.81,23.81,1200,0
2018-03-21,15:00:00,23.95,23.95,23.91,23.95,2015,0
2018-03-21,16:00:00,23.97,23.9928,23.95,23.98,3718,0
2018-03-21,17:00:00,23.97,23.97,23.97,23.97,2300,0
2018-03-21,18:00:00,24.03,24.03,24.01,24.014,1077,0
2018-03-21,19:00:00,24.01,24.01,23.97,23.97,1724,0
2018-03-21,20:00:00,24.03,24.19,23.91,23.92,12153,0
2018-03-21,21:00:00,24.17,24.17,24.12,24.15,3400,0
2018-03-22,15:00:00,23.64,23.65,23.44,23.65,7945,0
2018-03-22,16:00:00,23.63,23.63,23.51,23.51,5800,0
2018-03-22,17:00:00,23.49,23.49,23.39,23.4232,2646,0
2018-03-22,18:00:00,23.33,23.5375,23.33,23.5375,3772,0
2018-03-22,19:00:00,23.44,23.5,23.3972,23.49,2100,0
2018-03-22,20:00:00,23.49,23.49,23.33,23.33,9990,0
2018-03-22,21:00:00,23.4,23.405,23.28,23.31,6982,0
2018-03-23,15:00:00,23.51,23.51,23.44,23.44,480,0
2018-03-23,16:00:00,23.45,23.45,23.38,23.4,2838,0
2018-03-23,17:00:00,23.41,23.41,23.27,23.27,15283,0
2018-03-23,18:00:00,23.295,23.305,23.24,23.24,19993,0
2018-03-23,19:00:00,23.23,23.23,23.23,23.23,100,0
2018-03-23,20:00:00,23.34,23.34,23.14,23.14,16200,0
2018-03-23,21:00:00,23.11,23.12,23.06,23.06,5600,0
2018-03-26,16:00:00,23.53,23.55,23.525,23.5467,1296,0
2018-03-26,17:00:00,23.5,23.5,23.5,23.5,600,0
2018-03-26,18:00:00,23.3534,23.46,23.32,23.46,3750,0
2018-03-26,19:00:00,23.46,23.46,23.46,23.46,800,0
2018-03-26,20:00:00,23.47,23.47,23.46,23.46,8233,0
2018-03-26,21:00:00,23.49,23.59,23.49,23.5878,4200,0
2018-03-26,22:00:00,23.599,23.729,23.599,23.67,1800,0
2018-03-27,16:00:00,23.57,23.57,23.55,23.55,475,0
2018-03-27,17:00:00,23.55,23.55,23.47,23.48,725,0
2018-03-27,18:00:00,23.48,23.65,23.48,23.65,3934,0
2018-03-27,19:00:00,23.58,23.63,23.58,23.63,1000,0
2018-03-27,20:00:00,23.63,23.63,23.53,23.53,1764,0
2018-03-27,22:00:00,23.3735,23.3735,23.28,23.33,6566,0
2018-03-28,16:00:00,23.28,23.28,23.18,23.24,600,0
2018-03-28,17:00:00,23.28,23.28,23.23,23.23,2437,0
2018-03-28,18:00:00,23.34,23.34,23.27,23.29,1600,0
2018-03-28,19:00:00,23.29,23.42,23.28,23.35,5313,0
2018-03-28,21:00:00,23.33,23.37,23.3,23.37,1002,0
2018-03-28,22:00:00,23.31,23.37,23.28,23.28,8556,0
2018-03-29,16:00:00,23.44,23.48,23.41,23.41,635,0
2018-03-29,17:00:00,23.4308,23.4308,23.4308,23.4308,173,0
2018-03-29,18:00:00,23.45,23.55,23.45,23.55,1388,0
2018-03-29,19:00:00,23.56,23.56,23.56,23.56,6280,0
2018-03-29,21:00:00,23.71,23.71,23.71,23.71,200,0
2018-03-29,22:00:00,23.6848,23.75,23.6848,23.72,20426,0
