Date,Time,Open,High,Low,Close,Volume,OpenInt
2017-08-31,16:00:00,35.13,35.13,34.92,34.93,5446,0
2017-08-31,17:00:00,35.1,35.1,34.27,34.38,27198,0
2017-08-31,18:00:00,34.44,34.44,32.77,32.8,72119,0
2017-08-31,19:00:00,32.6,32.9,32.6,32.7,22950,0
2017-08-31,20:00:00,32.7,32.799,32.45,32.49,11732,0
2017-08-31,21:00:00,32.44,32.82,32.44,32.74,9367,0
2017-08-31,22:00:00,32.92,32.96,32.8828,32.96,6400,0
2017-09-01,16:00:00,32.9752,33.169,32.57,32.57,7600,0
2017-09-01,17:00:00,32.4,32.6,31.63,31.78,22253,0
2017-09-01,18:00:00,31.7331,31.93,31.7331,31.74,4626,0
2017-09-01,19:00:00,31.62,31.62,31.56,31.58,5129,0
2017-09-01,20:00:00,31.74,31.82,31.72,31.72,4250,0
2017-09-01,21:00:00,31.91,32.05,31.9,31.98,3900,0
2017-09-01,22:00:00,31.95,32.12,31.95,32.03,1998,0
2017-09-05,16:00:00,33.61,33.65,33.466,33.64,10910,0
2017-09-05,17:00:00,33.6284,33.6284,33.48,33.58,4300,0
2017-09-05,18:00:00,33.62,33.7,33.62,33.7,2600,0
2017-09-05,19:00:00,33.5,33.57,33.5,33.57,400,0
2017-09-05,20:00:00,33.5814,33.65,33.48,33.48,976,0
2017-09-05,22:00:00,33.71,33.71,33.56,33.56,700,0
2017-09-06,16:00:00,32.93,32.94,32.84,32.84,4457,0
2017-09-06,17:00:00,33.25,33.4,33.04,33.04,13309,0
2017-09-06,18:00:00,32.71,32.86,32.7,32.86,2707,0
2017-09-06,19:00:00,32.9,32.98,32.9,32.9,2225,0
2017-09-06,20:00:00,33,33.18,33,33.18,2800,0
2017-09-06,22:00:00,33.1,33.1,33.01,33.01,600,0
2017-09-07,16:00:00,32.8778,33.43,32.8778,33.3708,8280,0
2017-09-07,17:00:00,33.19,33.55,32.94,33.37,24500,0
2017-09-07,18:00:00,33.51,33.73,33.4,33.4,14300,0
2017-09-07,19:00:00,33.45,33.49,33.45,33.49,1355,0
2017-09-07,20:00:00,33.35,33.42,33.35,33.42,300,0
2017-09-07,21:00:00,33.45,33.56,33.45,33.56,1040,0
2017-09-07,22:00:00,33.46,33.46,33.45,33.45,700,0
2017-09-08,16:00:00,34.65,34.73,34.6,34.7,16595,0
2017-09-08,17:00:00,34.63,35.04,34.63,34.92,11035,0
2017-09-08,18:00:00,34.92,35.26,34.92,35.26,3800,0
2017-09-08,19:00:00,35.26,35.55,35.26,35.55,3400,0
2017-09-08,20:00:00,35.55,35.55,35.17,35.54,19588,0
2017-09-08,21:00:00,35.49,35.5,35.27,35.27,8545,0
2017-09-08,22:00:00,35.2262,35.23,35.09,35.12,2145,0
2017-09-11,16:00:00,34.52,34.52,34.23,34.33,11553,0
2017-09-11,17:00:00,34.41,34.7,34.41,34.55,7800,0
2017-09-11,18:00:00,34.53,34.55,34.34,34.41,7087,0
2017-09-11,19:00:00,34.3,34.38,34.26,34.26,20102,0
2017-09-11,21:00:00,34.2,34.27,34.13,34.211,4100,0
2017-09-11,22:00:00,34.3,34.33,34.22,34.22,1200,0
2017-09-12,16:00:00,32.69,32.91,32.56,32.6075,23088,0
2017-09-12,17:00:00,32.66,32.66,32.13,32.29,19937,0
2017-09-12,18:00:00,32.27,32.42,32.18,32.42,6639,0
2017-09-12,19:00:00,32.66,33.16,32.57,33.05,8480,0
2017-09-12,20:00:00,33.05,33.05,32.88,32.96,8597,0
2017-09-12,21:00:00,32.8,33.08,32.8,33.08,6400,0
2017-09-12,22:00:00,33.1,33.13,33.04,33.04,1900,0
2017-09-13,16:00:00,31.95,32.076,31.85,31.88,9725,0
2017-09-13,17:00:00,31.89,32.16,31.85,31.95,8122,0
2017-09-13,18:00:00,31.86,31.98,31.86,31.9112,1255,0
2017-09-13,19:00:00,31.8,31.8,31.57,31.57,6305,0
2017-09-13,20:00:00,31.67,31.78,31.65,31.78,1200,0
2017-09-13,21:00:00,31.76,31.954,31.7,31.89,2750,0
2017-09-13,22:00:00,31.91,32.13,31.91,32.13,5944,0
2017-09-14,16:00:00,32.28,32.38,32.28,32.29,3319,0
2017-09-14,17:00:00,32.19,32.19,31.32,31.4,50007,0
2017-09-14,18:00:00,31.49,31.55,31.16,31.249,28250,0
2017-09-14,19:00:00,31.24,31.66,31.24,31.56,14839,0
2017-09-14,20:00:00,31.819,32.0138,31.819,31.92,7010,0
2017-09-14,21:00:00,31.71,31.72,31.71,31.72,500,0
2017-09-14,22:00:00,31.86,31.86,31.81,31.81,1912,0
2017-09-15,16:00:00,32.59,32.59,32.36,32.47,9180,0
2017-09-15,17:00:00,32.43,32.8662,32.43,32.8662,7186,0
2017-09-15,18:00:00,32.83,32.94,32.75,32.75,7864,0
2017-09-15,19:00:00,32.72,32.8,32.53,32.56,4629,0
2017-09-15,20:00:00,32.66,32.74,32.66,32.69,2000,0
2017-09-15,21:00:00,32.68,32.68,32.46,32.53,1100,0
2017-09-15,22:00:00,32.45,32.46,32.44,32.46,3548,0
2017-09-18,16:00:00,30.67,30.716,30.35,30.4474,40654,0
2017-09-18,17:00:00,30.58,30.9,30.56,30.81,19750,0
2017-09-18,18:00:00,30.8775,30.88,30.48,30.51,14350,0
2017-09-18,19:00:00,30.48,30.49,30.14,30.14,13190,0
2017-09-18,20:00:00,30.2,30.24,30.06,30.2,8552,0
2017-09-18,21:00:00,30.23,30.34,30.08,30.3,3268,0
2017-09-18,22:00:00,30.32,30.32,30.151,30.24,6000,0
2017-09-19,16:00:00,30.23,30.44,30.13,30.38,16000,0
2017-09-19,17:00:00,30.42,30.6548,30.42,30.62,15856,0
2017-09-19,18:00:00,30.64,30.65,30.39,30.46,6029,0
2017-09-19,19:00:00,30.455,30.496,30.41,30.496,1500,0
2017-09-19,20:00:00,30.36,30.54,30.36,30.54,14300,0
2017-09-19,21:00:00,30.74,30.74,30.74,30.74,300,0
2017-09-19,22:00:00,30.7,30.754,30.688,30.74,4100,0
2017-09-20,16:00:00,30.48,30.64,30.38,30.44,6203,0
2017-09-20,17:00:00,30.47,30.74,30.37,30.62,10691,0
2017-09-20,18:00:00,30.74,30.74,30.62,30.62,12100,0
2017-09-20,19:00:00,30.74,31.2,30.74,30.9498,20523,0
2017-09-20,20:00:00,31.05,31.05,30.92,31.02,4692,0
2017-09-20,21:00:00,31.09,31.26,31.03,31.26,9210,0
2017-09-20,22:00:00,31.23,31.34,31.21,31.31,3650,0
2017-09-21,16:00:00,32.2,32.44,32.2,32.3552,13369,0
2017-09-21,17:00:00,32.4,33.35,32.382,33.3,71181,0
2017-09-21,18:00:00,33.26,33.6,33.21,33.6,19285,0
2017-09-21,19:00:00,33.54,33.58,33.44,33.57,5950,0
2017-09-21,20:00:00,33.61,33.8,33.52,33.8,5250,0
2017-09-21,21:00:00,33.84,33.94,33.76,33.76,5100,0
2017-09-21,22:00:00,33.78,33.78,33.62,33.62,3860,0
2017-09-22,16:00:00,33.61,33.62,33.48,33.62,7250,0
2017-09-22,17:00:00,33.49,33.637,33.49,33.56,11150,0
2017-09-22,19:00:00,33.42,33.42,33.28,33.28,500,0
2017-09-22,20:00:00,33.42,33.56,33.42,33.56,4800,0
2017-09-22,21:00:00,33.66,33.68,33.62,33.68,4000,0
2017-09-22,22:00:00,33.66,33.765,33.64,33.72,3050,0
2017-09-25,16:00:00,33.94,33.96,33.64,33.88,17798,0
2017-09-25,17:00:00,33.9065,34.2304,33.9065,34.2304,2260,0
2017-09-25,18:00:00,34.09,34.33,34.09,34.26,1183,0
2017-09-25,19:00:00,34.39,34.53,34.23,34.5136,6023,0
2017-09-25,20:00:00,34.4,34.4,34.26,34.26,1200,0
2017-09-25,21:00:00,34.4,34.46,34.18,34.3,3914,0
2017-09-26,16:00:00,33.77,34.01,33.77,34.01,5900,0
2017-09-26,17:00:00,34.09,34.09,34.05,34.05,1900,0
2017-09-26,18:00:00,34.301,34.33,34.25,34.29,4528,0
2017-09-26,19:00:00,34.43,34.65,34.43,34.65,2600,0
2017-09-26,20:00:00,34.56,34.56,34.27,34.2922,1600,0
2017-09-26,21:00:00,34.33,34.35,34.12,34.12,4400,0
2017-09-26,22:00:00,34,34.18,34,34.18,5100,0
2017-09-27,16:00:00,32.53,32.62,32.41,32.44,34235,0
2017-09-27,17:00:00,32.6,32.78,32.5,32.56,13930,0
2017-09-27,18:00:00,32.62,32.9,32.55,32.9,22127,0
2017-09-27,19:00:00,32.72,32.82,32.63,32.64,10566,0
2017-09-27,20:00:00,32.64,32.6663,32.45,32.6663,10003,0
2017-09-27,21:00:00,32.52,32.52,32.5,32.5,1900,0
2017-09-27,22:00:00,32.58,32.73,32.58,32.73,4600,0
2017-09-28,16:00:00,33.23,33.29,33.14,33.276,6869,0
2017-09-28,17:00:00,33.37,33.46,32.28,32.7,17300,0
2017-09-28,18:00:00,32.73,33.83,32.73,33.83,12877,0
2017-09-28,19:00:00,33.85,33.85,33.58,33.69,17257,0
2017-09-28,20:00:00,33.69,33.82,33.54,33.54,4600,0
2017-09-28,21:00:00,33.61,33.61,33.56,33.56,1000,0
2017-09-28,22:00:00,33.4,33.42,33.4,33.42,300,0
2017-09-29,16:00:00,34.05,34.05,33.72,33.72,1801,0
2017-09-29,17:00:00,33.8,33.939,33.76,33.85,7046,0
2017-09-29,18:00:00,33.6,33.78,33.6,33.78,688,0
2017-09-29,19:00:00,33.41,33.41,33.41,33.41,100,0
2017-09-29,20:00:00,33.59,33.59,33.59,33.59,400,0
2017-09-29,21:00:00,33.61,33.85,33.61,33.8045,3380,0
2017-09-29,22:00:00,33.81,33.8265,33.64,33.64,6603,0
2017-10-02,16:00:00,35.41,35.96,35.41,35.88,21171,0
2017-10-02,17:00:00,35.74,36.22,35.74,36.22,19462,0
2017-10-02,18:00:00,36.2998,36.499,36.16,36.16,10323,0
2017-10-02,19:00:00,36.16,36.16,36.02,36.1,4125,0
2017-10-02,20:00:00,36.21,36.39,36.18,36.34,12385,0
2017-10-02,21:00:00,36.25,36.25,35.64,35.64,1527,0
2017-10-02,22:00:00,35.65,35.69,35.5648,35.62,6358,0
2017-10-03,16:00:00,36.38,36.414,35.78,35.78,11500,0
2017-10-03,17:00:00,35.8,36.11,35.8,36.08,10740,0
2017-10-03,18:00:00,35.95,36.33,35.95,36.22,10095,0
2017-10-03,19:00:00,36.2,36.34,36.08,36.34,4986,0
2017-10-03,20:00:00,36.33,36.45,36.26,36.28,1850,0
2017-10-03,21:00:00,36.31,36.51,36.31,36.435,500,0
2017-10-03,22:00:00,36.35,36.35,36.21,36.26,6157,0
2017-10-04,16:00:00,35.01,35.01,34.76,34.79,11960,0
2017-10-04,17:00:00,34.9,35.1,34.8441,34.99,8186,0
2017-10-04,18:00:00,35.14,35.14,34.94,34.953,2500,0
2017-10-04,19:00:00,34.95,35.54,34.95,35.54,10267,0
2017-10-04,20:00:00,35.53,35.53,35.16,35.25,16300,0
2017-10-04,21:00:00,35.32,35.49,35.24,35.24,2600,0
2017-10-04,22:00:00,35.22,35.4,35.1812,35.4,7387,0
2017-10-05,16:00:00,34.9,34.9,34.83,34.83,850,0
2017-10-05,17:00:00,34.67,34.96,34.18,34.77,45000,0
2017-10-05,18:00:00,34.87,35.139,34.87,35.01,3296,0
2017-10-05,19:00:00,34.98,35.42,34.98,35.27,8100,0
2017-10-05,20:00:00,35.38,35.56,35.15,35.28,5250,0
2017-10-05,21:00:00,35.3,35.89,35.3,35.79,11382,0
2017-10-05,22:00:00,35.8,36.36,35.8,36.26,19161,0
2017-10-06,16:00:00,36.24,36.45,36.24,36.25,5765,0
2017-10-06,17:00:00,36.36,37.33,36.24,36.82,36764,0
2017-10-06,18:00:00,36.88,37.1172,36.86,37,7164,0
2017-10-06,19:00:00,37.04,37.28,36.93,37.25,11600,0
2017-10-06,20:00:00,37.1,37.1,37.05,37.05,1230,0
2017-10-06,21:00:00,37.06,37.1858,37.04,37.14,3350,0
2017-10-06,22:00:00,37.16,37.16,36.9901,36.9901,6631,0
2017-10-09,16:00:00,36.92,37.88,36.92,37.6,3823,0
2017-10-09,17:00:00,37.62,37.65,37.3,37.5,12996,0
2017-10-09,18:00:00,37.4326,37.62,37.4326,37.62,1300,0
2017-10-09,19:00:00,37.73,37.82,37.6,37.62,1715,0
2017-10-09,20:00:00,37.82,37.96,37.82,37.96,1643,0
2017-10-09,21:00:00,37.99,38.04,37.98,37.98,997,0
2017-10-09,22:00:00,37.88,37.9,37.86,37.9,2175,0
2017-10-10,16:00:00,36.99,37.02,36.84,36.92,3331,0
2017-10-10,17:00:00,36.93,36.93,36.51,36.54,3835,0
2017-10-10,18:00:00,36.66,36.76,36.59,36.76,7043,0
2017-10-10,19:00:00,36.87,36.98,36.6,36.6,10598,0
2017-10-10,20:00:00,36.66,36.84,36.64,36.66,2600,0
2017-10-10,21:00:00,36.64,36.64,36.461,36.54,587,0
2017-10-10,22:00:00,36.58,36.7,36.58,36.7,6269,0
2017-10-11,16:00:00,35.11,35.22,35.11,35.22,2227,0
2017-10-11,17:00:00,35.28,35.66,35.28,35.52,5669,0
2017-10-11,18:00:00,35.51,35.56,35.49,35.5,1722,0
2017-10-11,19:00:00,35.5,35.62,35.46,35.6,6700,0
2017-10-11,20:00:00,35.74,36.25,35.7,36.25,9650,0
2017-10-11,21:00:00,36.48,36.7005,36.47,36.65,4800,0
2017-10-11,22:00:00,36.62,36.66,36.28,36.41,6690,0
2017-10-12,16:00:00,35.62,35.62,35.62,35.62,439,0
2017-10-12,17:00:00,35.7,35.7,34.74,34.865,30940,0
2017-10-12,18:00:00,34.8,35.16,34.52,34.9776,14031,0
2017-10-12,19:00:00,35.04,35.04,34.7912,34.7912,2500,0
2017-10-12,20:00:00,34.92,34.92,34.33,34.39,6740,0
2017-10-12,21:00:00,34.46,35.02,34.46,34.97,3240,0
2017-10-12,22:00:00,34.86,34.8901,34.82,34.86,4050,0
2017-10-13,16:00:00,34.255,34.255,34.05,34.13,5857,0
2017-10-13,17:00:00,34.16,34.47,34.16,34.25,15024,0
2017-10-13,18:00:00,34.27,34.3,34.14,34.2,3800,0
2017-10-13,19:00:00,34.15,34.5133,34.14,34.5133,3680,0
2017-10-13,20:00:00,34.48,34.66,34.24,34.28,9831,0
2017-10-13,21:00:00,34.22,34.6,34.22,34.57,4052,0
2017-10-13,22:00:00,34.6,34.6,34.51,34.51,784,0
2017-10-16,16:00:00,35.81,36.0395,35.81,35.85,1761,0
2017-10-16,17:00:00,35.7499,36,35.73,35.75,6276,0
2017-10-16,18:00:00,35.61,35.8,35.58,35.66,9548,0
2017-10-16,19:00:00,35.64,35.64,35.37,35.37,300,0
2017-10-16,20:00:00,35.3,35.49,35.3,35.43,3771,0
2017-10-16,22:00:00,35.06,35.06,34.95,34.95,500,0
2017-10-17,16:00:00,34.36,34.5,34.3179,34.5,600,0
2017-10-17,17:00:00,34.5,34.5,34.42,34.42,2150,0
2017-10-17,18:00:00,34.51,34.51,34.1,34.1,2299,0
2017-10-17,19:00:00,34.1,34.23,34.1,34.22,3900,0
2017-10-17,20:00:00,34.5,34.91,34.5,34.9,1550,0
2017-10-17,21:00:00,34.94,35.36,34.94,35.3,1022,0
2017-10-17,22:00:00,35.42,35.56,35.42,35.56,1524,0
2017-10-18,16:00:00,35.8,35.8,35.7,35.78,7700,0
2017-10-18,17:00:00,35.8,36.12,35.78,36.0642,7950,0
2017-10-18,18:00:00,36.021,36.04,35.84,35.84,11249,0
2017-10-18,19:00:00,35.84,35.94,35.84,35.94,1000,0
2017-10-18,20:00:00,36.04,36.06,35.94,36.06,1700,0
2017-10-18,21:00:00,36.02,36.1,35.7,35.7,4520,0
2017-10-18,22:00:00,35.68,35.68,35.68,35.68,200,0
2017-10-19,16:00:00,35.88,35.88,35.8,35.8,3500,0
2017-10-19,17:00:00,35.9,36.5,35.505,36.42,31660,0
2017-10-19,18:00:00,36.45,37.02,36.45,36.61,21681,0
2017-10-19,19:00:00,36.69,36.69,36.69,36.69,400,0
2017-10-19,20:00:00,35.9,36.12,35.9,35.99,6810,0
2017-10-19,21:00:00,35.86,35.87,35.2219,35.23,4200,0
2017-10-19,22:00:00,35.4,35.4,35.1,35.38,2600,0
2017-10-20,16:00:00,35.6,35.73,35.6,35.65,12850,0
2017-10-20,17:00:00,35.34,35.62,35.34,35.62,2000,0
2017-10-20,18:00:00,35.4,35.4,35.4,35.4,900,0
2017-10-20,19:00:00,35.32,35.32,35.16,35.16,600,0
2017-10-20,20:00:00,34.96,35.16,34.88,35.16,3286,0
2017-10-20,21:00:00,35.04,35.16,34.97,35.16,9808,0
2017-10-20,22:00:00,35.19,35.2399,35,35.23,4101,0
2017-10-23,16:00:00,34.04,34.12,33.9,33.9075,28141,0
2017-10-23,17:00:00,33.96,34.03,33.8534,33.94,10425,0
2017-10-23,18:00:00,33.88,34.13,33.88,34.13,7550,0
2017-10-23,19:00:00,34.1,34.56,34,34.48,22535,0
2017-10-23,20:00:00,34.48,34.51,34.19,34.19,5078,0
2017-10-23,21:00:00,34.06,34.37,34.06,34.37,3269,0
2017-10-23,22:00:00,34.33,34.56,34.28,34.56,15407,0
2017-10-24,16:00:00,34.61,34.65,34.61,34.65,600,0
2017-10-24,17:00:00,34.74,34.8,34.61,34.65,4950,0
2017-10-24,18:00:00,34.63,34.9,34.63,34.79,1950,0
2017-10-24,19:00:00,34.85,34.86,34.5,34.69,15152,0
2017-10-24,20:00:00,34.59,34.59,34.44,34.53,1800,0
2017-10-24,21:00:00,34.57,34.64,34.57,34.64,354,0
2017-10-24,22:00:00,34.42,34.49,34.42,34.49,1300,0
2017-10-25,16:00:00,35.4,35.46,35.16,35.16,12106,0
2017-10-25,17:00:00,35.09,35.15,35.06,35.06,4122,0
2017-10-25,18:00:00,35.1339,35.19,35.0231,35.08,3605,0
2017-10-25,19:00:00,35.07,35.55,35.03,35.46,24760,0
2017-10-25,20:00:00,35.5,35.55,35.4,35.53,10200,0
2017-10-25,21:00:00,35.67,35.83,35.65,35.65,10982,0
2017-10-25,22:00:00,35.57,35.76,35.56,35.56,11188,0
2017-10-26,16:00:00,36.44,36.53,36.4,36.4,5073,0
2017-10-26,17:00:00,36.28,36.5196,36.22,36.43,10140,0
2017-10-26,18:00:00,36.4599,36.4599,35.96,36.17,4384,0
2017-10-26,19:00:00,36.08,36.16,36.01,36.13,5934,0
2017-10-26,20:00:00,36.1,36.1,36.02,36.0362,550,0
2017-10-26,21:00:00,36.32,36.5,36.32,36.48,7854,0
2017-10-26,22:00:00,36.35,36.57,36.35,36.36,7349,0
2017-10-27,16:00:00,37.9,38.14,37.8255,38.14,9105,0
2017-10-27,17:00:00,38.0332,38.1,37.9,38,14184,0
2017-10-27,18:00:00,38.01,38.49,37.97,38.42,25083,0
2017-10-27,19:00:00,38.3593,38.3593,38.15,38.22,6039,0
2017-10-27,20:00:00,38.17,38.17,37.81,37.9,8256,0
2017-10-27,21:00:00,38.02,38.21,38.02,38.1639,3568,0
2017-10-27,22:00:00,38.05,38.1,37.94,37.9699,3040,0
2017-10-30,15:00:00,37.94,37.95,37.41,37.41,5273,0
2017-10-30,16:00:00,37.51,37.57,37.22,37.22,11323,0
2017-10-30,17:00:00,37.38,37.7145,37.36,37.7145,1233,0
2017-10-30,18:00:00,37.61,37.76,37.61,37.68,692,0
2017-10-30,19:00:00,37.67,38.19,37.67,38.15,12010,0
2017-10-30,20:00:00,38.04,38.2,38.04,38.04,9650,0
2017-10-30,21:00:00,38.1,38.1,37.83,37.83,1500,0
2017-10-31,15:00:00,38.72,39.5,38.72,39.5,16177,0
2017-10-31,16:00:00,39.38,39.5,39.24,39.42,12434,0
2017-10-31,17:00:00,39.47,39.51,39.47,39.48,4400,0
2017-10-31,18:00:00,39.39,39.81,39.39,39.81,12658,0
2017-10-31,19:00:00,39.76,40.08,39.72,39.9836,12888,0
2017-10-31,20:00:00,40.01,40.18,39.7,39.73,11448,0
2017-10-31,21:00:00,39.68,39.76,39.64,39.71,6362,0
2017-11-01,15:00:00,40.74,40.78,40.2,40.42,29288,0
2017-11-01,16:00:00,40.24,40.41,39.92,40.31,32630,0
2017-11-01,17:00:00,40.41,40.46,40.28,40.35,10434,0
2017-11-01,18:00:00,40.26,40.53,40.2,40.5,9144,0
2017-11-01,19:00:00,40.46,40.46,40.28,40.28,1147,0
2017-11-01,20:00:00,40.18,40.24,39.94,40.02,7750,0
2017-11-01,21:00:00,40.06,40.21,39.94,39.94,3160,0
2017-11-02,15:00:00,39.61,39.859,39.49,39.49,10413,0
2017-11-02,16:00:00,39.48,39.48,38.79,38.91,31199,0
2017-11-02,17:00:00,39.04,39.09,38.73,38.73,7643,0
2017-11-02,18:00:00,38.68,39.31,38.67,39.01,17654,0
2017-11-02,19:00:00,39.45,39.45,39.07,39.17,5708,0
2017-11-02,20:00:00,39.18,39.28,39.16,39.21,2400,0
2017-11-02,21:00:00,39.12,39.17,38.97,39.17,14739,0
2017-11-03,15:00:00,38.21,38.38,38.2,38.34,14044,0
2017-11-03,16:00:00,38.37,38.44,38.22,38.44,2739,0
2017-11-03,17:00:00,38.38,38.46,38.3,38.3302,2622,0
2017-11-03,18:00:00,38.15,38.16,37.9,37.97,27376,0
2017-11-03,19:00:00,38,38,37.84,37.88,9700,0
2017-11-03,20:00:00,37.98,38.22,37.98,38.18,6150,0
2017-11-03,21:00:00,38.1,38.22,38.1,38.13,2100,0
2017-11-06,16:00:00,36.15,36.2063,35.95,35.95,6823,0
2017-11-06,17:00:00,35.97,35.97,35.47,35.75,24595,0
2017-11-06,18:00:00,35.72,35.8,35.24,35.26,14765,0
2017-11-06,19:00:00,35.32,35.3888,35.175,35.25,8786,0
2017-11-06,20:00:00,35.2,35.24,34.65,34.7,31973,0
2017-11-06,21:00:00,34.8,35.2888,34.63,35.19,22100,0
2017-11-06,22:00:00,35.0347,35.29,34.99,35.29,1550,0
2017-11-07,16:00:00,35.24,35.48,35.13,35.48,2200,0
2017-11-07,17:00:00,35.34,35.34,34.99,34.99,7992,0
2017-11-07,18:00:00,35.13,35.24,34.44,34.44,63772,0
2017-11-07,19:00:00,34.4736,34.5,33.96,34.13,7785,0
2017-11-07,20:00:00,34.0974,34.33,34.07,34.2689,7384,0
2017-11-07,21:00:00,34.22,34.58,34.22,34.52,1480,0
2017-11-07,22:00:00,34.44,34.55,34.44,34.46,1700,0
2017-11-08,16:00:00,33.99,34.19,33.99,34.19,1700,0
2017-11-08,17:00:00,34.2,34.25,33.94,34.01,9875,0
2017-11-08,18:00:00,34.0105,34.19,34,34.14,2200,0
2017-11-08,19:00:00,34.06,34.1,33.79,33.93,8500,0
2017-11-08,20:00:00,34.02,34.02,33.83,33.85,4501,0
2017-11-08,21:00:00,33.78,34.3,33.75,34.2,5850,0
2017-11-08,22:00:00,34.18,34.27,34.1,34.27,2400,0
2017-11-09,16:00:00,33.37,33.37,33.23,33.34,10092,0
2017-11-09,17:00:00,33.33,34.04,33.31,33.7626,30250,0
2017-11-09,18:00:00,33.73,34.139,33.43,33.49,11989,0
2017-11-09,19:00:00,33.43,33.75,33.43,33.64,4750,0
2017-11-09,20:00:00,33.49,33.5,33.42,33.42,850,0
2017-11-09,21:00:00,33.35,33.4,33.35,33.38,6050,0
2017-11-09,22:00:00,33.18,33.27,33.16,33.26,10146,0
2017-11-10,16:00:00,33.4984,33.64,33.42,33.56,1800,0
2017-11-10,17:00:00,33.48,33.558,33.31,33.48,2100,0
2017-11-10,18:00:00,33.64,33.86,33.45,33.45,9200,0
2017-11-10,19:00:00,33.39,33.68,33.39,33.68,2400,0
2017-11-10,20:00:00,33.6,33.6,33.41,33.51,1070,0
2017-11-10,21:00:00,33.22,33.22,33.14,33.16,2300,0
2017-11-13,16:00:00,34.15,34.18,33.7317,33.7317,6401,0
2017-11-13,17:00:00,33.53,33.649,32.97,33.56,5082,0
2017-11-13,18:00:00,33.45,33.65,33.19,33.65,10534,0
2017-11-13,19:00:00,33.48,33.48,33.33,33.33,1393,0
2017-11-13,20:00:00,33.312,34,33.3,34,7257,0
2017-11-13,21:00:00,33.74,34.88,33.65,34.73,28171,0
2017-11-13,22:00:00,34.72,34.79,34.55,34.57,9443,0
2017-11-14,16:00:00,35.99,35.9931,35.64,35.69,7800,0
2017-11-14,17:00:00,35.72,36,35.54,36,7000,0
2017-11-14,18:00:00,35.98,36.17,35.84,35.84,3237,0
2017-11-14,19:00:00,35.6,35.72,35.33,35.39,3900,0
2017-11-14,20:00:00,35.3351,35.69,35.3351,35.69,1550,0
2017-11-14,21:00:00,35.55,35.72,35.4065,35.4065,7600,0
2017-11-14,22:00:00,35.85,35.91,35.8,35.8,2558,0
2017-11-15,16:00:00,34.98,35.17,34.97,35.1229,3800,0
2017-11-15,17:00:00,35.19,35.25,35.09,35.25,4150,0
2017-11-15,18:00:00,35.06,35.06,34.51,34.83,6654,0
2017-11-15,19:00:00,35.05,36.4,35.05,36.21,22278,0
2017-11-15,20:00:00,36.23,36.4,35.92,36.12,11900,0
2017-11-15,21:00:00,36.2,36.2,35.76,35.8,2000,0
2017-11-15,22:00:00,35.87,35.87,35.85,35.86,300,0
2017-11-16,16:00:00,35.49,35.7,35.49,35.7,2950,0
2017-11-16,17:00:00,35.75,36.17,35.38,35.89,13000,0
2017-11-16,18:00:00,35.72,36.22,35.72,36.22,5610,0
2017-11-16,19:00:00,36.44,36.56,36.23,36.23,12200,0
2017-11-16,20:00:00,36.53,36.53,36.4155,36.43,3237,0
2017-11-16,21:00:00,36.49,36.51,36.49,36.51,700,0
2017-11-16,22:00:00,36.07,36.18,36.0396,36.13,2150,0
2017-11-17,16:00:00,35.79,35.79,35.7101,35.76,750,0
2017-11-17,17:00:00,35.91,36.02,35.72,35.72,5400,0
2017-11-17,18:00:00,35.66,35.73,35.6,35.61,4556,0
2017-11-17,19:00:00,35.43,35.43,35.08,35.09,2920,0
2017-11-17,20:00:00,35.04,35.25,35,35.25,4534,0
2017-11-17,21:00:00,35.5,35.57,35.29,35.29,3600,0
2017-11-17,22:00:00,35.4,35.4,35.08,35.11,14123,0
2017-11-20,16:00:00,36.77,36.89,36.49,36.5,4950,0
2017-11-20,17:00:00,36.5,36.5,36.27,36.5,9108,0
2017-11-20,18:00:00,36.57,36.57,36.44,36.44,4650,0
2017-11-20,19:00:00,36.54,36.75,36.54,36.54,1200,0
2017-11-20,20:00:00,36.44,36.54,36.37,36.37,800,0
2017-11-20,21:00:00,36.3,36.9,36.28,36.76,6400,0
2017-11-20,22:00:00,36.86,37.04,36.82,36.82,2200,0
2017-11-21,16:00:00,36.74,36.74,36.38,36.38,4208,0
2017-11-21,17:00:00,36.629,36.7468,36.619,36.72,2145,0
2017-11-21,18:00:00,36.57,36.94,36.4,36.94,12324,0
2017-11-21,19:00:00,36.99,37.15,36.96,37.02,9176,0
2017-11-21,20:00:00,36.9952,37.42,36.9952,37.3152,8833,0
2017-11-21,21:00:00,37.33,37.39,37.32,37.39,2004,0
2017-11-21,22:00:00,37.47,37.47,37.34,37.38,4150,0
2017-11-22,16:00:00,38.5,38.53,38.42,38.5002,2950,0
2017-11-22,17:00:00,38.57,38.77,38.38,38.76,57600,0
2017-11-22,18:00:00,38.75,38.77,38.4,38.4681,53942,0
2017-11-22,19:00:00,38.58,38.67,38.03,38.15,14601,0
2017-11-22,20:00:00,37.99,38.38,37.94,38.27,2651,0
2017-11-22,21:00:00,38.48,38.64,38.46,38.54,6400,0
2017-11-22,22:00:00,38.62,38.66,38.54,38.54,1335,0
2017-11-24,16:00:00,40.14,40.29,40.14,40.22,2664,0
2017-11-24,17:00:00,40.34,40.78,40.29,40.78,10254,0
2017-11-24,18:00:00,40.72,41.79,40.72,41.67,37309,0
2017-11-24,19:00:00,41.82,42.47,41.59,41.9,46011,0
2017-11-27,16:00:00,40.04,40.07,39.82,39.88,4973,0
2017-11-27,17:00:00,40.01,40.19,39.69,39.69,4660,0
2017-11-27,18:00:00,39.6,40.02,39.6,39.95,9461,0
2017-11-27,19:00:00,39.59,39.59,38.83,39.01,26943,0
2017-11-27,20:00:00,39.19,39.37,39.13,39.23,7849,0
2017-11-27,21:00:00,39.26,39.41,38.88,38.89,6181,0
2017-11-27,22:00:00,38.9667,39,38.9004,38.96,9087,0
2017-11-28,16:00:00,37.4,37.4,36.95,37.028,13508,0
2017-11-28,17:00:00,37.07,37.07,36.42,36.7,14078,0
2017-11-28,18:00:00,36.56,36.81,35.99,36,27615,0
2017-11-28,19:00:00,36.1,36.1,35.77,36.04,17198,0
2017-11-28,20:00:00,36.21,36.39,36.03,36.22,9700,0
2017-11-28,21:00:00,36.122,36.45,35.94,36.28,16800,0
2017-11-28,22:00:00,36.43,36.43,36.34,36.42,7400,0
2017-11-29,16:00:00,34.68,34.924,34.6052,34.7949,12261,0
2017-11-29,17:00:00,34.81,34.86,34.67,34.67,13870,0
2017-11-29,18:00:00,34.67,35.04,34.65,34.82,19812,0
2017-11-29,19:00:00,34.7,35.43,34.7,35.401,9150,0
2017-11-29,20:00:00,35.33,35.68,35.28,35.435,4409,0
2017-11-29,21:00:00,35.31,35.31,35.1,35.28,6559,0
2017-11-29,22:00:00,35.3002,35.42,35.3002,35.34,6400,0
2017-11-30,16:00:00,37.29,37.59,37.2,37.43,10500,0
2017-11-30,17:00:00,37.49,38.17,37.38,37.45,56722,0
2017-11-30,18:00:00,37.67,37.98,37.13,37.13,20515,0
2017-11-30,19:00:00,37.26,38.09,37.25,38,7900,0
2017-11-30,20:00:00,38.19,38.76,38.18,38.6,24593,0
2017-11-30,21:00:00,38.6,38.95,38.36,38.36,35639,0
2017-11-30,22:00:00,38.49,38.53,38.22,38.22,4757,0
2017-12-01,16:00:00,37.19,37.54,37.19,37.295,3841,0
2017-12-01,17:00:00,37.46,37.46,36.94,36.94,4800,0
2017-12-01,18:00:00,36.91,37.27,36.59,36.62,12714,0
2017-12-01,19:00:00,36.97,37.89,36.92,37.58,12409,0
2017-12-01,20:00:00,37.61,37.705,37.38,37.7,16500,0
2017-12-01,21:00:00,37.62,37.81,37.43,37.62,4218,0
2017-12-01,22:00:00,37.59,37.69,37.59,37.64,2944,0
2017-12-04,16:00:00,38.12,39.16,38.12,39.12,13175,0
2017-12-04,17:00:00,38.98,38.98,38.68,38.73,7650,0
2017-12-04,18:00:00,38.8,39.9,38.73,39.64,31780,0
2017-12-04,19:00:00,39.85,39.85,39.28,39.57,7880,0
2017-12-04,20:00:00,39.6853,40.14,39.6853,40.14,12980,0
2017-12-04,21:00:00,40.05,40.07,39.66,39.9,10640,0
2017-12-04,22:00:00,39.96,40.4592,39.68,39.68,15253,0
2017-12-05,16:00:00,41.79,42.16,41.24,41.24,30943,0
2017-12-05,17:00:00,41.34,41.55,41.08,41.55,12696,0
2017-12-05,18:00:00,41.57,42.2,41.57,41.94,55200,0
2017-12-05,19:00:00,42.06,42.3556,41.84,41.92,6090,0
2017-12-05,20:00:00,41.74,42.16,41.67,41.67,22538,0
2017-12-05,21:00:00,41.82,41.82,41.47,41.8,14800,0
2017-12-05,22:00:00,41.8,41.8,41.48,41.48,12905,0
2017-12-06,16:00:00,40.66,41.34,40.66,41.25,14390,0
2017-12-06,17:00:00,41.3,41.6,41.3,41.4192,5855,0
2017-12-06,18:00:00,41.33,41.63,41.28,41.54,4150,0
2017-12-06,19:00:00,41.5,42.24,41.5,41.66,6055,0
2017-12-06,20:00:00,41.41,41.41,41.41,41.41,700,0
2017-12-06,21:00:00,41.84,41.85,41.8,41.8,1300,0
2017-12-06,22:00:00,41.63,41.63,41.6,41.6,800,0
2017-12-07,16:00:00,43.81,45.23,43.81,45.22,60369,0
2017-12-07,17:00:00,45.25,45.58,44.6,44.72,35650,0
2017-12-07,18:00:00,44.92,45.32,44.92,45.25,18390,0
2017-12-07,19:00:00,45.37,45.66,44.98,45.17,19839,0
2017-12-07,20:00:00,45.17,45.28,44.93,45.28,9100,0
2017-12-07,21:00:00,45.16,45.77,45.16,45.5,10816,0
2017-12-07,22:00:00,45.7,46.08,45.5,45.54,5902,0
2017-12-08,16:00:00,44.89,45.39,44.8,44.9083,3697,0
2017-12-08,17:00:00,44.9119,45.8,44.65,44.74,13243,0
2017-12-08,18:00:00,45.28,45.75,45.28,45.4,19585,0
2017-12-08,19:00:00,45.28,45.32,45.06,45.1,7900,0
2017-12-08,20:00:00,45.14,45.66,45.14,45.51,4419,0
2017-12-08,21:00:00,45.52,45.52,45.4128,45.4128,300,0
2017-12-08,22:00:00,45.32,45.39,45.29,45.29,900,0
2017-12-11,16:00:00,44,44.31,43.8,44.31,3574,0
2017-12-11,17:00:00,43.8782,43.8782,43.66,43.86,7400,0
2017-12-11,18:00:00,43.63,43.8,43.36,43.37,8988,0
2017-12-11,19:00:00,43.81,43.81,43.76,43.76,1300,0
2017-12-11,20:00:00,43.78,43.78,43.46,43.46,200,0
2017-12-11,21:00:00,43.47,43.59,43.38,43.5,2500,0
2017-12-11,22:00:00,44.28,44.52,44.28,44.52,1850,0
2017-12-12,16:00:00,43.7,45.49,43.7,45.16,24942,0
2017-12-12,17:00:00,45.23,46.47,45.21,46.47,16500,0
2017-12-12,18:00:00,46.58,47.52,46.58,47,23350,0
2017-12-12,19:00:00,47.24,47.24,46.8,46.8,7200,0
2017-12-12,20:00:00,47.42,47.75,47.31,47.66,4522,0
2017-12-12,21:00:00,48,48.26,47.91,47.984,5056,0
2017-12-12,22:00:00,47.6,47.84,47.6,47.82,6772,0
2017-12-13,16:00:00,47.5,48.9613,47.5,48.3249,30184,0
2017-12-13,17:00:00,48.04,48.26,46.701,47.12,8316,0
2017-12-13,18:00:00,47.54,47.54,47.37,47.37,6650,0
2017-12-13,19:00:00,46.8313,46.8313,45.91,46.36,5183,0
2017-12-13,20:00:00,46.43,46.99,46.43,46.8,9056,0
2017-12-13,21:00:00,46.74,47.34,46.74,47.14,1079,0
2017-12-13,22:00:00,47.3704,47.47,47.3704,47.47,836,0
2017-12-14,16:00:00,47.57,47.67,47.45,47.67,3026,0
2017-12-14,17:00:00,47.52,48.83,47.181,48.33,17648,0
2017-12-14,18:00:00,49.38,49.38,48.22,48.4384,8132,0
2017-12-14,19:00:00,48.57,48.57,47.93,48.21,2299,0
2017-12-14,20:00:00,48.33,48.34,47.6,47.6,11806,0
2017-12-14,21:00:00,47.43,47.72,47.4,47.71,11800,0
2017-12-14,22:00:00,47.62,47.77,47.62,47.74,2529,0
2017-12-15,16:00:00,48.23,48.37,47.9105,47.9111,2000,0
2017-12-15,17:00:00,47.81,48.34,47.81,48.34,2446,0
2017-12-15,18:00:00,49.05,49.5999,48.91,49.42,7355,0
2017-12-15,19:00:00,50.26,51.3,50.21,51,23343,0
2017-12-15,20:00:00,51.08,51.1,50.67,50.73,5929,0
2017-12-15,21:00:00,50.8,50.8,50.08,50.08,14555,0
2017-12-15,22:00:00,50.16,50.16,49.88,49.9,6009,0
2017-12-18,16:00:00,46.16,46.32,45.79,46.06,12859,0
2017-12-18,17:00:00,45.8974,45.8974,45.05,45.2,13801,0
2017-12-18,18:00:00,45.06,45.46,44.99,45.3,4825,0
2017-12-18,19:00:00,45.39,45.85,45.38,45.44,7200,0
2017-12-18,20:00:00,45.7,45.7,45.46,45.48,6000,0
2017-12-18,21:00:00,45.96,45.96,45.96,45.96,200,0
2017-12-18,22:00:00,46.44,46.44,46.15,46.2001,1284,0
2017-12-19,16:00:00,46.2,46.65,46.02,46.08,1940,0
2017-12-19,17:00:00,45.73,46.16,45.45,46.16,7110,0
2017-12-19,18:00:00,46.4,47.8,46.36,47.54,32000,0
2017-12-19,19:00:00,47.51,47.51,46.69,47.17,12800,0
2017-12-19,20:00:00,47.37,47.37,47.08,47.08,3165,0
2017-12-19,21:00:00,47.71,48,47.47,47.47,1600,0
2017-12-19,22:00:00,47.3,47.32,47.28,47.3,952,0
2017-12-20,16:00:00,48.23,49.5,48.23,49.5,14261,0
2017-12-20,17:00:00,50.12,50.36,49.74,50.36,5095,0
2017-12-20,18:00:00,50.5,50.79,49.8,50.28,13880,0
2017-12-20,19:00:00,50.13,50.53,50.13,50.29,2980,0
2017-12-20,20:00:00,49.88,50.52,49.79,50.52,2250,0
2017-12-20,21:00:00,50.47,50.47,49.72,49.72,800,0
2017-12-20,22:00:00,49.77,49.82,49.77,49.8,794,0
2017-12-21,16:00:00,50.97,50.97,50.97,50.97,2100,0
2017-12-21,17:00:00,50.54,51.64,49.46,49.71,4262,0
2017-12-21,18:00:00,49.67,52.12,49.67,50.65,49981,0
2017-12-21,19:00:00,50.32,51.99,50.32,51.7,33906,0
2017-12-21,20:00:00,51.77,51.92,51.54,51.54,2700,0
2017-12-21,21:00:00,52.04,52.04,51.8,51.8,1100,0
2017-12-21,22:00:00,51.46,51.46,51.3,51.36,1100,0
2017-12-22,16:00:00,50.14,50.25,49.81,49.81,500,0
2017-12-22,17:00:00,49.64,49.968,49.6,49.968,1358,0
2017-12-22,18:00:00,49.85,49.85,49.73,49.82,3300,0
2017-12-22,19:00:00,49.85,50.16,49.64,49.66,9800,0
2017-12-22,20:00:00,49.56,49.56,49.12,49.31,2325,0
2017-12-22,21:00:00,49.34,49.63,49.09,49.09,3200,0
2017-12-22,22:00:00,49,49.19,49,49.07,1981,0
2017-12-26,16:00:00,49.14,49.14,48.13,48.13,7850,0
2017-12-26,17:00:00,48.26,48.62,48.26,48.62,1260,0
2017-12-26,18:00:00,48.63,48.79,48.5,48.79,360,0
2017-12-26,20:00:00,48.6,49.42,48.6,49.2,5288,0
2017-12-26,21:00:00,49.62,49.74,48.86,49.1362,2125,0
2017-12-26,22:00:00,49.34,49.43,49.14,49.43,3860,0
2017-12-27,16:00:00,45.88,46.6,45.88,46.47,17500,0
2017-12-27,17:00:00,46.59,46.95,46.541,46.541,9593,0
2017-12-27,18:00:00,46.59,46.59,46.22,46.22,8200,0
2017-12-27,19:00:00,46.01,46.55,45.83,46.55,9254,0
2017-12-27,20:00:00,46.53,46.53,45.86,45.86,7556,0
2017-12-27,21:00:00,45.94,46.48,45.9,46.17,13280,0
2017-12-27,22:00:00,46.22,46.26,46.2,46.26,1359,0
2017-12-28,16:00:00,41.89,42.14,41.75,41.77,8967,0
2017-12-28,17:00:00,41.58,41.67,40.22,40.5,13219,0
2017-12-28,18:00:00,40.54,40.54,39.46,40.17,21712,0
2017-12-28,19:00:00,40.08,40.16,40.0135,40.1,5191,0
2017-12-28,20:00:00,40,40.255,39.841,39.841,2000,0
2017-12-28,21:00:00,40.09,41.2676,40.0876,40.53,3700,0
2017-12-28,22:00:00,40.7568,40.7568,40.12,40.25,2197,0
2017-12-29,16:00:00,38.8,38.8,38.1,38.47,15594,0
2017-12-29,17:00:00,38.73,38.78,38.465,38.5,9656,0
2017-12-29,18:00:00,38.4067,38.58,38.32,38.58,2000,0
2017-12-29,19:00:00,38.679,39.52,38.679,39.36,23920,0
2017-12-29,20:00:00,39.25,40.01,39.23,39.8,6152,0
2017-12-29,21:00:00,39.97,40.11,39.55,39.67,12200,0
2017-12-29,22:00:00,39.582,39.78,39.51,39.65,3548,0
2018-01-02,16:00:00,37.1,37.3296,36.9,37.19,7507,0
2018-01-02,17:00:00,37.007,39.06,36.95,39.03,20750,0
2018-01-02,18:00:00,39.02,39.02,37.89,38.32,15028,0
2018-01-02,19:00:00,38.34,38.34,37.44,37.6,17060,0
2018-01-02,20:00:00,37.7,38.14,37.6,38.14,1800,0
2018-01-02,21:00:00,38.43,38.43,37.5,37.99,13250,0
2018-01-02,22:00:00,38.0871,38.0871,37.97,38.05,3170,0
2018-01-03,16:00:00,38.74,39.66,38.5,39.62,10197,0
2018-01-03,17:00:00,39.5,39.74,39.22,39.5,10531,0
2018-01-03,18:00:00,39.28,39.75,39.21,39.73,7024,0
2018-01-03,19:00:00,39.52,39.66,39.3011,39.34,6020,0
2018-01-03,20:00:00,39.1472,39.22,38.85,39.22,4186,0
2018-01-03,21:00:00,38.91,39.56,38.5,38.98,20114,0
2018-01-03,22:00:00,39.09,39.1,39.02,39.02,3426,0
2018-01-04,16:00:00,39.01,39.01,38.31,38.31,9934,0
2018-01-04,17:00:00,38.3,39.5233,38.12,39.05,12673,0
2018-01-04,18:00:00,39.13,39.45,38.9679,39.31,3500,0
2018-01-04,19:00:00,39.68,41.083,39.66,41.0698,6323,0
2018-01-04,20:00:00,41.15,42.71,41.15,42.2642,6386,0
2018-01-04,21:00:00,42.0965,42.1,41.78,41.91,4600,0
2018-01-04,22:00:00,42.0901,42.13,41.95,41.95,12252,0
2018-01-05,16:00:00,44.17,44.6599,44.05,44.26,29411,0
2018-01-05,17:00:00,44.45,44.45,43.721,43.81,9542,0
2018-01-05,18:00:00,43.74,44.479,43.52,44.47,13026,0
2018-01-05,19:00:00,43.98,44.39,43.75,44.39,4250,0
2018-01-05,20:00:00,43.95,43.95,43.95,43.95,100,0
2018-01-05,21:00:00,43.9489,44.07,43.77,43.92,6073,0
2018-01-05,22:00:00,43.9291,44,43.69,44,5380,0
2018-01-08,16:00:00,42.94,43.27,42.59,43.0371,6163,0
2018-01-08,17:00:00,43.09,43.09,42.82,42.8792,850,0
2018-01-08,18:00:00,42.642,42.8599,42.5,42.7022,5373,0
2018-01-08,19:00:00,42.85,44.31,42.85,44.17,18605,0
2018-01-08,20:00:00,43.5,43.7088,43.5,43.7088,1130,0
2018-01-08,21:00:00,43.73,43.73,42.98,43.19,5700,0
2018-01-08,22:00:00,43.3634,43.51,43.3262,43.51,520,0
2018-01-09,16:00:00,42.5,42.5935,42.3407,42.381,1995,0
2018-01-09,17:00:00,43.01,43.29,42.88,42.91,3600,0
2018-01-09,18:00:00,42.81,43.16,41.94,41.96,7178,0
2018-01-09,19:00:00,42.27,42.51,42.27,42.35,5500,0
2018-01-09,20:00:00,42.27,42.4,41.14,41.14,9700,0
2018-01-09,21:00:00,40.96,40.96,39.6,39.72,2900,0
2018-01-09,22:00:00,39.78,40.06,39.78,39.92,8526,0
2018-01-10,16:00:00,39.7,39.7,39.49,39.56,2400,0
2018-01-10,17:00:00,39.57,41.7,39.57,41.16,19259,0
2018-01-10,18:00:00,41.58,42.2,41.58,42.2,9350,0
2018-01-10,20:00:00,41.5,41.5962,41.47,41.5962,1250,0
2018-01-10,21:00:00,41.63,41.63,41.3,41.3,1350,0
2018-01-10,22:00:00,41.37,41.43,41.37,41.43,667,0
2018-01-11,16:00:00,39.09,39.65,39.07,39.61,3008,0
2018-01-11,17:00:00,39.61,40.64,38.56,39.9395,30322,0
2018-01-11,18:00:00,39.6,39.61,38.9235,39.13,14750,0
2018-01-11,19:00:00,39,39.32,38.86,39.32,6320,0
2018-01-11,20:00:00,39.2,39.24,38.86,38.86,1655,0
2018-01-11,21:00:00,38.75,39.01,38.25,38.62,22882,0
2018-01-11,22:00:00,38.69,38.7499,38.564,38.66,8495,0
2018-01-12,16:00:00,38.42,38.52,37.9,38.3043,17061,0
2018-01-12,17:00:00,38.37,38.67,38.1,38.5999,7670,0
2018-01-12,18:00:00,38.42,38.42,37.74,37.95,20724,0
2018-01-12,19:00:00,37.78,37.78,37.05,37.2999,27505,0
2018-01-12,20:00:00,37.16,37.16,36.49,37.02,10537,0
2018-01-12,21:00:00,36.8,36.99,36.65,36.92,3942,0
2018-01-12,22:00:00,36.9175,37.1199,36.85,36.96,3087,0
2018-01-16,16:00:00,38.22,39.02,38.1733,39.02,9277,0
2018-01-16,17:00:00,38.7799,38.92,38.67,38.7708,2743,0
2018-01-16,18:00:00,38.5625,38.5625,38.37,38.37,4080,0
2018-01-16,19:00:00,38.56,38.56,38.2,38.2,800,0
2018-01-16,20:00:00,38.15,38.15,37.8,37.9,3230,0
2018-01-16,21:00:00,37.75,37.75,37.0304,37.0317,4643,0
2018-01-16,22:00:00,37.42,37.8,37.42,37.8,3626,0
2018-01-17,16:00:00,36.4,36.79,36.2109,36.56,10424,0
2018-01-17,17:00:00,36.76,36.76,35.75,35.93,14480,0
2018-01-17,18:00:00,35.9,35.91,35.6,35.91,12763,0
2018-01-17,19:00:00,35.91,35.91,35.5,35.54,6754,0
2018-01-17,20:00:00,35.48,35.8,35.47,35.8,3950,0
2018-01-17,21:00:00,35.6,35.88,35.42,35.4299,10965,0
2018-01-17,22:00:00,35.65,35.8,35.55,35.8,8447,0
2018-01-18,16:00:00,36.24,36.4,36.2,36.355,4149,0
2018-01-18,17:00:00,36.35,38.5037,36.35,38.2,49898,0
2018-01-18,18:00:00,37.97,38.38,37.9481,38.34,3300,0
2018-01-18,19:00:00,38.03,38.33,37.958,38,9512,0
2018-01-18,20:00:00,37.95,37.95,37.3,37.35,11415,0
2018-01-18,21:00:00,37.12,37.18,36.34,36.4,11378,0
2018-01-18,22:00:00,36.28,36.7,36.28,36.54,3841,0
2018-01-19,16:00:00,37.2,37.2646,37.11,37.2646,2975,0
2018-01-19,17:00:00,37.22,37.3245,36.66,36.68,6100,0
2018-01-19,18:00:00,36.79,36.99,36.37,36.84,16137,0
2018-01-19,19:00:00,36.7,37.25,36.7,37.148,11310,0
2018-01-19,20:00:00,37.25,37.75,37.25,37.49,21945,0
2018-01-19,21:00:00,37.49,38.01,37.49,37.63,9246,0
2018-01-19,22:00:00,37.65,37.76,37.65,37.68,6236,0
2018-01-22,16:00:00,38.4,38.51,37.98,38.04,13685,0
2018-01-22,17:00:00,37.94,38.07,37.83,37.87,6230,0
2018-01-22,18:00:00,37.98,38.24,37.95,38.12,5650,0
2018-01-22,19:00:00,38.0932,38.0932,37.8812,37.8812,2300,0
2018-01-22,20:00:00,37.97,38,37.721,38,1751,0
2018-01-22,21:00:00,38.1791,38.3936,38.03,38.03,9350,0
2018-01-22,22:00:00,37.9,37.91,37.67,37.72,7066,0
2018-01-23,16:00:00,35.38,35.9,35.38,35.7524,28322,0
2018-01-23,17:00:00,35.7477,35.79,35.42,35.42,21055,0
2018-01-23,18:00:00,35.46,35.82,35.21,35.33,27783,0
2018-01-23,19:00:00,35.35,35.35,35,35.24,11460,0
2018-01-23,20:00:00,35.34,35.45,35.3,35.34,8535,0
2018-01-23,21:00:00,35.25,35.4972,34.3,34.3,50675,0
2018-01-23,22:00:00,34.3,34.51,33.5,34.51,74384,0
2018-01-24,16:00:00,34.02,34.09,33.29,33.35,17981,0
2018-01-24,17:00:00,33.29,33.64,33.12,33.53,20216,0
2018-01-24,18:00:00,33.4,33.8,33.29,33.64,21235,0
2018-01-24,19:00:00,33.66,35.05,33.65,34.88,32890,0
2018-01-24,20:00:00,35,35,34.3,34.38,13927,0
2018-01-24,21:00:00,34.38,35.41,34,35.3864,25204,0
2018-01-24,22:00:00,35.2,35.47,34.9832,35.005,9089,0
2018-01-25,16:00:00,33.52,33.69,33.35,33.36,17902,0
2018-01-25,17:00:00,33.58,34,32.84,33.64,38654,0
2018-01-25,18:00:00,33.44,33.48,32.4,32.63,37725,0
2018-01-25,19:00:00,32.6,32.79,32.32,32.75,24200,0
2018-01-25,20:00:00,32.83,33.6,32.83,33.42,19512,0
2018-01-25,21:00:00,33.67,34.2,33.37,33.89,14500,0
2018-01-25,22:00:00,33.91,34.09,33.77,33.79,7109,0
2018-01-26,16:00:00,32.4,32.4799,32,32.08,33786,0
2018-01-26,17:00:00,32.11,32.38,31.87,31.98,27438,0
2018-01-26,18:00:00,32.03,32.2,31.8,31.9972,22976,0
2018-01-26,19:00:00,31.8,32.11,31.71,32.1,11904,0
2018-01-26,20:00:00,32.16,32.17,31.75,31.99,14920,0
2018-01-26,21:00:00,31.95,32.28,31.92,32.28,18420,0
2018-01-26,22:00:00,32.3269,32.34,32.15,32.26,29787,0
2018-01-29,16:00:00,34,34,32.86,33.0173,23599,0
2018-01-29,17:00:00,33.109,33.49,33.05,33.14,22380,0
2018-01-29,18:00:00,33.14,33.14,32.44,32.45,29870,0
2018-01-29,19:00:00,32.32,32.44,32.06,32.34,9120,0
2018-01-29,20:00:00,32.2766,32.61,31.98,32.46,18124,0
2018-01-29,21:00:00,32.28,32.7,32.14,32.42,35230,0
2018-01-29,22:00:00,32.3,32.3,32.11,32.11,4510,0
2018-01-30,16:00:00,31.5,31.52,31,31.35,19302,0
2018-01-30,17:00:00,31.35,31.36,30.95,30.99,14193,0
2018-01-30,18:00:00,31.03,31.86,31.03,31.57,28580,0
2018-01-30,19:00:00,31.5599,31.56,30.7,30.759,23177,0
2018-01-30,20:00:00,30.77,31.48,30.76,31.16,48867,0
2018-01-30,21:00:00,31.17,32.32,31.05,32.2,34330,0
2018-01-30,22:00:00,32.23,32.39,32.15,32.24,18003,0
2018-01-31,16:00:00,34.5,35.66,34.4429,35.39,109639,0
2018-01-31,17:00:00,35.39,35.4,34.96,35.24,12823,0
2018-01-31,18:00:00,35.22,36.42,35.22,36.15,46645,0
2018-01-31,19:00:00,36.08,36.23,35.93,36.1,25920,0
2018-01-31,20:00:00,35.93,36.22,35.72,36.1701,12189,0
2018-01-31,21:00:00,36.06,36.4,35.62,36.4,18350,0
2018-01-31,22:00:00,36.39,36.5,36.34,36.39,17419,0
2018-02-01,16:00:00,37.7,37.85,37.41,37.6605,15340,0
2018-02-01,17:00:00,37.6,39.18,37.6,38.65,89246,0
2018-02-01,18:00:00,38.93,39.48,38.72,39.37,41506,0
2018-02-01,19:00:00,39.45,39.46,39.14,39.14,18461,0
2018-02-01,20:00:00,39.0865,39.42,38.9,39.1988,10494,0
2018-02-01,21:00:00,39.08,39.08,38.49,38.56,7460,0
2018-02-01,22:00:00,38.391,38.62,38.31,38.34,20253,0
2018-02-02,16:00:00,39.01,39.44,38.84,39.22,13037,0
2018-02-02,17:00:00,38.8,38.96,38.51,38.96,2600,0
2018-02-02,18:00:00,38.67,39.01,38.65,38.99,7150,0
2018-02-02,19:00:00,38.83,38.84,38.54,38.63,7700,0
2018-02-02,20:00:00,38.62,38.96,38.62,38.84,5600,0
2018-02-02,21:00:00,38.94,39.41,38.86,39.05,15839,0
2018-02-02,22:00:00,38.91,38.9452,38.75,38.76,2397,0
2018-02-05,16:00:00,40.77,41.15,40.55,41,18185,0
2018-02-05,17:00:00,41.2949,42.01,41.2949,41.51,33177,0
2018-02-05,18:00:00,41.65,42.26,41.541,42.02,8058,0
2018-02-05,19:00:00,42.041,42.084,41.76,42,8051,0
2018-02-05,20:00:00,41.97,42.32,41.9,41.9,10090,0
2018-02-05,21:00:00,41.91,42.31,41.91,41.92,3250,0
2018-02-05,22:00:00,41.98,42.08,41.85,41.86,18291,0
2018-02-06,16:00:00,43.25,43.25,42.75,42.89,5991,0
2018-02-06,17:00:00,42.68,42.88,42.21,42.28,5330,0
2018-02-06,18:00:00,42.44,42.44,41.88,42.42,3000,0
2018-02-06,19:00:00,42.081,42.2853,41.76,42.19,10288,0
2018-02-06,20:00:00,42.42,42.42,42,42,300,0
2018-02-06,21:00:00,42.06,42.06,41.65,41.65,2980,0
2018-02-06,22:00:00,41.64,41.72,41.44,41.72,12666,0
2018-02-07,16:00:00,43.2,43.2,42.7,42.9,6847,0
2018-02-07,17:00:00,43,43.45,43,43.34,2703,0
2018-02-07,18:00:00,43.4435,43.75,43.4435,43.5465,2750,0
2018-02-07,19:00:00,43.53,43.6,42.65,42.97,13600,0
2018-02-07,20:00:00,42.75,43,42.75,43,700,0
2018-02-07,21:00:00,43.12,43.77,43.12,43.51,900,0
2018-02-07,22:00:00,43.48,43.525,43.46,43.52,2129,0
2018-02-08,16:00:00,42.69,42.69,42.25,42.25,6020,0
2018-02-08,17:00:00,42.69,42.88,42.52,42.52,2025,0
2018-02-08,18:00:00,42.75,43.44,42.75,43.21,8020,0
2018-02-08,19:00:00,42.95,43.07,42.85,42.86,7800,0
2018-02-08,20:00:00,43.0799,43.0799,43.0069,43.0069,500,0
2018-02-08,21:00:00,43.5,43.87,43.5,43.76,7913,0
2018-02-08,22:00:00,43.72,43.9,43.63,43.68,7270,0
2018-02-09,16:00:00,45.3,45.56,45.3,45.46,4438,0
2018-02-09,17:00:00,45.54,46.42,45.54,46.2276,9401,0
2018-02-09,18:00:00,46.0562,46.36,46.0562,46.36,1560,0
2018-02-09,19:00:00,46.49,46.66,46.38,46.59,7746,0
2018-02-09,20:00:00,46.64,46.91,46.64,46.7025,1100,0
2018-02-09,21:00:00,46.87,46.87,46.5,46.5,2650,0
2018-02-09,22:00:00,46.41,46.5028,45.88,45.96,7200,0
2018-02-12,16:00:00,47.39,47.479,46.95,47.479,5091,0
2018-02-12,17:00:00,47.47,47.47,47.26,47.26,2500,0
2018-02-12,18:00:00,47.14,47.24,46.741,46.741,3379,0
2018-02-12,19:00:00,47.2,47.2,47.16,47.17,800,0
2018-02-12,20:00:00,47.23,47.283,47.23,47.283,1200,0
2018-02-12,21:00:00,47.36,47.54,47.27,47.43,8770,0
2018-02-12,22:00:00,47.09,47.09,46.84,47.05,1345,0
2018-02-13,16:00:00,45.57,45.72,45.471,45.48,3546,0
2018-02-13,17:00:00,45.25,45.35,45.25,45.35,306,0
2018-02-13,18:00:00,45.21,45.26,45.209,45.24,1200,0
2018-02-13,19:00:00,45.38,45.53,45.38,45.53,900,0
2018-02-13,20:00:00,45.3038,45.37,45.3038,45.37,1100,0
2018-02-13,21:00:00,45.599,45.72,45.5493,45.59,3800,0
2018-02-13,22:00:00,45.69,45.72,45.67,45.68,2500,0
2018-02-14,16:00:00,46.8,46.8,45.5,45.5,16400,0
2018-02-14,17:00:00,45.63,45.739,45.45,45.6,8960,0
2018-02-14,18:00:00,46.26,46.26,46.26,46.26,150,0
2018-02-14,20:00:00,45.66,45.66,45.5,45.5,600,0
2018-02-14,21:00:00,45.7,45.7,45.48,45.51,450,0
2018-02-14,22:00:00,45.65,45.67,45.5,45.5,1462,0
2018-02-15,16:00:00,46.5,46.7,46.5,46.62,8304,0
2018-02-15,17:00:00,46.06,46.06,45.69,45.69,1900,0
2018-02-15,18:00:00,46.67,46.839,46.619,46.619,1018,0
2018-02-15,19:00:00,46.5,46.5,46.5,46.5,100,0
2018-02-15,20:00:00,46.67,46.68,46.26,46.26,2600,0
2018-02-15,21:00:00,46.54,46.58,46.54,46.58,1959,0
2018-02-15,22:00:00,46.0129,46.0129,46.0129,46.0129,200,0
2018-02-16,16:00:00,46.6,46.73,46.3,46.47,12799,0
2018-02-16,17:00:00,46.33,46.619,46.33,46.57,8807,0
2018-02-16,18:00:00,46.51,46.77,46.47,46.6659,7738,0
2018-02-16,19:00:00,46.66,46.85,46.66,46.78,3761,0
2018-02-16,20:00:00,46.58,46.65,46.58,46.65,1200,0
2018-02-16,21:00:00,46.88,46.88,46.55,46.55,4820,0
2018-02-16,22:00:00,46.6509,46.78,46.36,46.41,3650,0
2018-02-20,16:00:00,44.5,45,44.5,44.7,3808,0
2018-02-20,17:00:00,44.7,44.7,44.4,44.58,6002,0
2018-02-20,18:00:00,44.6,44.6,44.6,44.6,100,0
2018-02-20,19:00:00,44.66,44.76,44.66,44.76,200,0
2018-02-20,20:00:00,44.96,44.96,44.8,44.8,700,0
2018-02-20,21:00:00,44.875,45.2064,44.875,44.95,11050,0
2018-02-20,22:00:00,44.91,44.9352,44.8,44.8,13665,0
2018-02-21,16:00:00,43.97,44.08,43.75,43.92,3500,0
2018-02-21,17:00:00,43.87,43.98,43.58,43.96,14700,0
2018-02-21,18:00:00,43.96,44.26,43.84,43.89,4572,0
2018-02-21,19:00:00,44.62,44.66,44.16,44.16,1900,0
2018-02-21,20:00:00,44.08,44.21,43.92,43.92,3800,0
2018-02-21,21:00:00,43.79,44.26,43.78,44.26,6750,0
2018-02-21,22:00:00,44.34,44.34,44.25,44.25,1705,0
2018-02-22,16:00:00,44.33,44.37,44.33,44.37,600,0
2018-02-22,17:00:00,44.16,44.45,43.93,44.33,5705,0
2018-02-22,18:00:00,44.36,44.36,44.3,44.3,500,0
2018-02-22,19:00:00,44.09,44.09,43.95,44.08,1275,0
2018-02-22,20:00:00,44.13,44.38,44.08,44.38,933,0
2018-02-22,21:00:00,44.4,44.6,44.14,44.6,7198,0
2018-02-22,22:00:00,44.5,44.92,44.5,44.7599,3672,0
2018-02-23,16:00:00,44.99,45.42,44.99,45.16,3270,0
2018-02-23,17:00:00,45.255,45.38,45.255,45.38,550,0
2018-02-23,18:00:00,45.35,45.35,44.9,44.9,8840,0
2018-02-23,19:00:00,45.16,45.16,44.7,44.92,3960,0
2018-02-23,20:00:00,44.78,44.78,44.33,44.4742,10650,0
2018-02-23,21:00:00,44.78,45.09,44.47,44.59,3600,0
2018-02-23,22:00:00,44.53,44.56,44.53,44.53,2800,0
2018-02-26,16:00:00,43.6,44.53,43.5,44.32,5200,0
2018-02-26,17:00:00,44.5,44.87,44.32,44.32,8527,0
2018-02-26,18:00:00,44.31,44.31,43.99,43.99,800,0
2018-02-26,19:00:00,44.06,44.44,44.03,44.13,3200,0
2018-02-26,20:00:00,44.076,44.076,43.95,43.95,200,0
2018-02-26,21:00:00,43.91,44.05,43.8,43.94,3601,0
2018-02-26,22:00:00,43.8795,43.97,43.8795,43.95,512,0
2018-02-27,16:00:00,44.34,44.59,44.28,44.58,3724,0
2018-02-27,17:00:00,44.22,44.3,44.01,44.15,7200,0
2018-02-27,18:00:00,43.96,43.96,43.5,43.73,9900,0
2018-02-27,19:00:00,43.9263,43.9263,43.9263,43.9263,500,0
2018-02-27,20:00:00,43.5,43.52,43.4,43.48,2300,0
2018-02-27,21:00:00,43.75,44.01,43.75,44.01,2763,0
2018-02-27,22:00:00,43.95,43.95,43.8,43.8,927,0
2018-02-28,16:00:00,43.6,43.6,43.21,43.39,3450,0
2018-02-28,17:00:00,43.77,43.83,43.77,43.83,1300,0
2018-02-28,18:00:00,43.93,43.93,43.75,43.76,1400,0
2018-02-28,19:00:00,44.05,44.27,44.03,44.03,300,0
2018-02-28,20:00:00,43.94,43.94,43.91,43.91,1000,0
2018-02-28,21:00:00,44.4,44.55,44.4,44.55,900,0
2018-02-28,22:00:00,44.3318,44.3318,44.3318,44.3318,112,0
2018-03-01,16:00:00,43.75,43.75,43.67,43.67,700,0
2018-03-01,17:00:00,43.5,44.27,42.59,43.5,16850,0
2018-03-01,18:00:00,43.4,43.46,42.94,43.46,6642,0
2018-03-01,19:00:00,43.26,43.34,42.98,43.13,1700,0
2018-03-01,20:00:00,42.95,43.1739,42.9,43.1739,950,0
2018-03-01,21:00:00,43.08,43.45,43.08,43.45,1050,0
2018-03-01,22:00:00,43.51,43.72,43.51,43.55,862,0
2018-03-02,16:00:00,43.09,43.36,42.84,42.84,10694,0
2018-03-02,17:00:00,43.169,43.169,43.16,43.16,2000,0
2018-03-02,18:00:00,43.16,43.3476,42.99,43,2163,0
2018-03-02,19:00:00,43.01,43.11,42.98,43.05,1000,0
2018-03-02,20:00:00,43.08,43.2,43.08,43.2,800,0
2018-03-02,21:00:00,43.27,43.34,43,43.01,1950,0
2018-03-02,22:00:00,42.93,42.93,42.9099,42.92,1600,0
2018-03-05,16:00:00,43.039,43.039,42.9,43.01,1680,0
2018-03-05,17:00:00,42.83,42.98,42.77,42.95,800,0
2018-03-05,18:00:00,42.96,42.96,42.89,42.89,1400,0
2018-03-05,19:00:00,42.91,43.33,42.91,43.33,300,0
2018-03-05,20:00:00,43.46,43.46,43.46,43.46,200,0
2018-03-05,21:00:00,43.01,43.275,43.01,43.11,1100,0
2018-03-05,22:00:00,43.08,43.1,43.06,43.06,2165,0
2018-03-06,16:00:00,42,42,41.9,41.9,2600,0
2018-03-06,17:00:00,41.92,41.92,41.761,41.761,427,0
2018-03-06,18:00:00,41.846,42.16,41.846,42.16,1180,0
2018-03-06,19:00:00,42,42,41.9,41.9,315,0
2018-03-06,20:00:00,41.86,41.98,41.75,41.87,2700,0
2018-03-06,21:00:00,41.84,41.85,41.84,41.84,1400,0
2018-03-06,22:00:00,41.88,41.88,41.66,41.66,1400,0
2018-03-07,16:00:00,40.88,40.88,40.7463,40.7956,2450,0
2018-03-07,17:00:00,40.9,41.23,40.9,41.17,1600,0
2018-03-07,19:00:00,41.2,41.2,41.07,41.08,1400,0
2018-03-07,20:00:00,41.02,41.06,41.02,41.06,900,0
2018-03-07,21:00:00,40.97,41,40.97,41,300,0
2018-03-07,22:00:00,40.88,40.88,40.8,40.82,2532,0
2018-03-08,16:00:00,41.13,41.7867,41.1,41.7867,2350,0
2018-03-08,17:00:00,41.65,41.76,41.48,41.75,3000,0
2018-03-08,18:00:00,41.84,41.84,41.54,41.54,6696,0
2018-03-08,19:00:00,41.57,41.63,41.39,41.39,1100,0
2018-03-08,20:00:00,41.44,41.44,41.44,41.44,300,0
2018-03-08,21:00:00,41.47,41.47,41.47,41.47,300,0
2018-03-08,22:00:00,41.68,41.76,41.68,41.76,2770,0
2018-03-09,16:00:00,42.2234,42.2234,42.1299,42.1299,1230,0
2018-03-09,17:00:00,42.24,42.24,41.99,42,2506,0
2018-03-09,18:00:00,42.19,42.21,42.12,42.21,1100,0
2018-03-09,19:00:00,42.399,42.44,42.33,42.33,1098,0
2018-03-09,21:00:00,42.37,42.37,42.3,42.33,1000,0
2018-03-09,22:00:00,42.421,42.421,42.421,42.421,700,0
2018-03-12,15:00:00,41.1,41.1,40.5,40.5,8399,0
2018-03-12,16:00:00,40.48,40.82,40.48,40.6,2100,0
2018-03-12,17:00:00,40.52,40.52,40.47,40.5,380,0
2018-03-12,18:00:00,40.45,40.45,40.4,40.42,500,0
2018-03-12,19:00:00,40.8402,40.8402,40.8402,40.8402,200,0
2018-03-12,20:00:00,40.89,41.23,40.89,41.16,5500,0
2018-03-12,21:00:00,41.2077,41.2077,40.83,40.83,1255,0
2018-03-13,15:00:00,40.7,40.851,40.7,40.811,1450,0
2018-03-13,16:00:00,41.04,41.11,40.78,40.84,3000,0
2018-03-13,17:00:00,40.701,40.77,40.701,40.77,800,0
2018-03-13,18:00:00,40.68,41.05,40.68,41.05,960,0
2018-03-13,19:00:00,40.8451,40.8451,40.8451,40.8451,200,0
2018-03-13,21:00:00,40.7637,40.78,40.75,40.75,450,0
2018-03-14,15:00:00,42.4,42.57,42.28,42.57,14451,0
2018-03-14,16:00:00,42.49,42.71,42.49,42.6801,8576,0
2018-03-14,17:00:00,42.72,42.86,42.6999,42.6999,6700,0
2018-03-14,18:00:00,42.63,42.63,42.63,42.63,1600,0
2018-03-14,19:00:00,42.4143,42.4143,42.37,42.37,320,0
2018-03-14,20:00:00,42.46,42.46,42.26,42.26,800,0
2018-03-14,21:00:00,42.09,42.165,42.07,42.07,390,0
2018-03-15,15:00:00,41.95,42.34,41.931,42.34,3000,0
2018-03-15,16:00:00,42.26,43.72,42.26,43.71,7646,0
2018-03-15,17:00:00,43.7,44,43.57,43.945,5300,0
2018-03-15,18:00:00,43.9,44,43.9,44,300,0
2018-03-15,19:00:00,44,44.08,44,44.08,218,0
2018-03-15,20:00:00,43.91,43.91,43.63,43.63,200,0
2018-03-15,21:00:00,43.7111,43.7111,43.63,43.63,500,0
2018-03-16,15:00:00,44,44,43.62,43.62,401,0
2018-03-16,17:00:00,43.68,43.87,43.68,43.87,2000,0
2018-03-16,18:00:00,43.86,43.86,43.73,43.73,600,0
2018-03-16,19:00:00,43.74,43.74,43.71,43.73,900,0
2018-03-16,20:00:00,43.62,43.62,43.34,43.34,1000,0
2018-03-16,21:00:00,43.29,43.47,43.2,43.28,5400,0
2018-03-19,15:00:00,44.9,44.97,44.66,44.74,6444,0
2018-03-19,16:00:00,44.64,44.72,44.61,44.63,1500,0
2018-03-19,17:00:00,44.689,44.85,44.52,44.7845,3250,0
2018-03-19,18:00:00,44.88,44.9,44.72,44.72,300,0
2018-03-19,19:00:00,44.71,44.72,44.5048,44.69,1213,0
2018-03-19,20:00:00,44.79,44.79,44.63,44.63,500,0
2018-03-19,21:00:00,44.58,44.659,44.58,44.6,400,0
2018-03-20,15:00:00,44.19,44.6152,44.17,44.6152,600,0
2018-03-20,16:00:00,44.44,44.44,43.64,43.81,1952,0
2018-03-20,17:00:00,44,44,43.5,43.6,4766,0
2018-03-20,18:00:00,43.41,43.67,43.41,43.66,2650,0
2018-03-20,19:00:00,44.08,44.08,43.95,43.95,1100,0
2018-03-20,20:00:00,43.84,44.16,43.83,44.08,2900,0
2018-03-20,21:00:00,43.84,43.84,43.84,43.84,200,0
2018-03-21,15:00:00,43.34,43.34,43.34,43.34,400,0
2018-03-21,16:00:00,43.56,44.5,43.56,44.19,11866,0
2018-03-21,17:00:00,44.39,44.47,44.26,44.26,7848,0
2018-03-21,18:00:00,44.25,44.81,44.21,44.74,6200,0
2018-03-21,19:00:00,44.77,44.92,44.77,44.92,777,0
2018-03-21,20:00:00,45.1428,45.2,45.1428,45.2,2400,0
2018-03-21,21:00:00,45.01,45.01,44.87,44.89,2800,0
2018-03-22,15:00:00,44.94,44.94,44.92,44.93,1600,0
2018-03-22,16:00:00,44.27,45.32,44.12,45.32,5800,0
2018-03-22,17:00:00,45.25,45.3,45.25,45.3,500,0
2018-03-22,18:00:00,45.4311,45.4799,45.4,45.4,800,0
2018-03-22,19:00:00,45.15,45.18,45.15,45.18,600,0
2018-03-22,20:00:00,45.54,45.64,45.53,45.64,400,0
2018-03-22,21:00:00,45.66,45.66,45.645,45.645,700,0
2018-03-23,15:00:00,46.58,46.58,46.45,46.45,2616,0
2018-03-23,16:00:00,46.15,46.17,45.59,45.59,5000,0
2018-03-23,17:00:00,45.75,45.75,45.72,45.72,1100,0
2018-03-23,21:00:00,46.38,46.38,46.38,46.38,300,0
2018-03-26,16:00:00,45.66,45.66,45.05,45.36,10600,0
2018-03-26,17:00:00,45.74,45.74,45.36,45.36,5200,0
2018-03-26,18:00:00,45.3,45.32,45.29,45.29,2600,0
2018-03-26,19:00:00,44.924,45.17,44.9,45.17,500,0
2018-03-26,20:00:00,45.18,45.28,45.18,45.28,700,0
2018-03-26,21:00:00,45.2,45.55,45.1,45.1,4200,0
2018-03-26,22:00:00,45.12,45.21,44.94,44.94,8000,0
2018-03-27,16:00:00,44.45,44.77,44.34,44.77,11512,0
2018-03-27,17:00:00,44.92,45,44.8887,45,925,0
2018-03-27,18:00:00,44.81,44.81,44.43,44.43,2300,0
2018-03-27,19:00:00,44.4,44.8,44.4,44.6353,6607,0
2018-03-27,20:00:00,44.46,44.46,44.01,44.035,4515,0
2018-03-27,21:00:00,43.85,43.85,43.31,43.64,5950,0
2018-03-27,22:00:00,43.48,43.6,43.46,43.54,4817,0
2018-03-28,16:00:00,43.95,43.98,43.92,43.92,2000,0
2018-03-28,17:00:00,43.96,44.23,43.7405,43.7405,14723,0
2018-03-28,18:00:00,43.78,43.92,43.74,43.7652,3600,0
2018-03-28,19:00:00,43.84,43.84,43.84,43.84,100,0
2018-03-28,21:00:00,43.93,43.93,43.93,43.93,100,0
2018-03-28,22:00:00,43.84,43.84,43.84,43.84,274,0
2018-03-29,16:00:00,41.95,41.95,41.89,41.89,1843,0
2018-03-29,17:00:00,42.26,42.67,42.0452,42.62,18250,0
2018-03-29,18:00:00,42.78,42.81,42.54,42.54,1000,0
2018-03-29,19:00:00,42.58,42.7,42.58,42.7,10300,0
2018-03-29,20:00:00,42.62,42.62,42.52,42.52,300,0
2018-03-29,21:00:00,42.39,42.94,42.39,42.94,6500,0
2018-03-29,22:00:00,42.85,42.98,42.81,42.83,2453,0
