Date,Time,Open,High,Low,Close,Volume,OpenInt
2016-05-10,17:00:00,14.157,14.157,14.157,14.157,540,0
2016-05-10,18:00:00,14,14.035,14,14.035,479,0
2016-05-10,20:00:00,14.081,14.081,14.048,14.048,1198,0
2016-05-11,18:00:00,14.321,14.322,14.321,14.322,225,0
2016-05-11,19:00:00,14.402,14.411,14.38,14.38,1247,0
2016-05-11,20:00:00,14.385,14.385,14.277,14.277,1404,0
2016-05-11,21:00:00,14.372,14.372,14.372,14.372,900,0
2016-05-12,16:00:00,14.43,14.43,14.43,14.43,167,0
2016-05-12,18:00:00,14.231,14.231,14.231,14.231,112,0
2016-05-12,20:00:00,14.377,14.402,14.377,14.402,236,0
2016-05-16,16:00:00,14.499,14.544,14.499,14.535,1012,0
2016-05-16,17:00:00,14.385,14.385,14.358,14.358,43420,0
2016-05-16,18:00:00,14.517,14.517,14.517,14.517,393,0
2016-05-16,19:00:00,14.393,14.393,14.393,14.393,112,0
2016-05-16,20:00:00,14.447,14.471,14.393,14.393,1459,0
2016-05-16,21:00:00,14.447,14.472,14.447,14.472,225,0
2016-05-16,22:00:00,14.472,14.563,14.472,14.563,1180,0
2016-05-17,17:00:00,14.535,14.535,14.535,14.535,1350,0
2016-05-17,20:00:00,14.821,14.821,14.796,14.821,3042,0
2016-05-18,19:00:00,14.535,14.535,14.535,14.535,859,0
2016-05-18,20:00:00,14.662,14.67,14.644,14.651,786,0
2016-05-18,21:00:00,14.53,14.53,14.53,14.53,1146,0
2016-05-18,22:00:00,14.524,14.535,14.524,14.524,1350,0
2016-05-19,17:00:00,14.321,14.321,14.321,14.321,283,0
2016-05-19,19:00:00,14.52,14.531,14.519,14.521,2245,0
2016-05-19,20:00:00,14.574,14.705,14.574,14.696,4458,0
2016-05-20,17:00:00,14.625,14.661,14.616,14.661,495,0
2016-05-20,20:00:00,14.84,14.84,14.84,14.84,672,0
2016-05-23,20:00:00,14.713,14.713,14.713,14.713,1128,0
2016-05-23,22:00:00,14.572,14.572,14.572,14.572,1112,0
2016-05-24,18:00:00,14.633,14.67,14.616,14.625,1459,0
2016-05-24,21:00:00,14.545,14.545,14.545,14.545,937,0
2016-05-25,22:00:00,14.511,14.511,14.511,14.511,862,0
2016-06-02,17:00:00,14.833,14.833,14.833,14.833,1125,0
2016-06-02,19:00:00,14.732,14.758,14.732,14.74,2472,0
2016-06-02,21:00:00,14.945,14.945,14.919,14.919,820,0
2016-06-02,22:00:00,14.838,14.838,14.838,14.838,225,0
2016-06-03,17:00:00,14.73,14.73,14.73,14.73,951,0
2016-06-03,21:00:00,14.785,14.785,14.785,14.785,281,0
2016-06-06,19:00:00,15.065,15.065,14.949,14.949,1306,0
2016-06-06,20:00:00,14.953,15.024,14.929,14.981,4495,0
2016-06-06,21:00:00,15.042,15.086,15.015,15.086,1125,0
2016-06-07,16:00:00,15.177,15.177,15.177,15.177,495,0
2016-06-07,19:00:00,15.185,15.185,15.185,15.185,449,0
2016-06-07,21:00:00,15.167,15.177,15.167,15.177,225,0
2016-06-07,22:00:00,15.131,15.206,15.131,15.206,2245,0
2016-06-09,16:00:00,15.053,15.053,15.053,15.053,112,0
2016-06-09,19:00:00,15.015,15.015,14.983,15.015,1125,0
2016-06-10,19:00:00,14.986,14.986,14.986,14.986,562,0
2016-06-10,22:00:00,14.724,14.724,14.724,14.724,225,0
2016-06-13,16:00:00,14.509,14.509,14.509,14.509,162,0
2016-06-13,20:00:00,14.595,14.595,14.595,14.595,1350,0
2016-06-14,16:00:00,14.286,14.402,14.286,14.402,660,0
2016-06-14,18:00:00,14.26,14.26,14.26,14.26,112,0
2016-06-14,20:00:00,14.291,14.291,14.291,14.291,393,0
2016-06-15,17:00:00,14.378,14.378,14.378,14.378,220,0
2016-06-15,18:00:00,14.377,14.377,14.377,14.377,112,0
2016-06-15,19:00:00,14.396,14.396,14.396,14.396,209,0
2016-06-15,20:00:00,14.403,14.403,14.403,14.403,152,0
2016-06-16,18:00:00,14.283,14.283,14.234,14.234,826,0
2016-06-17,20:00:00,14.572,14.572,14.572,14.572,452,0
2016-06-20,19:00:00,14.696,14.696,14.696,14.696,281,0
2016-06-20,21:00:00,14.857,14.857,14.857,14.857,961,0
2016-06-21,16:00:00,14.526,14.526,14.526,14.526,393,0
2016-06-21,19:00:00,14.84,14.84,14.84,14.84,672,0
2016-06-22,17:00:00,14.705,14.715,14.705,14.715,3483,0
2016-06-22,19:00:00,14.966,14.966,14.966,14.966,648,0
2016-06-24,22:00:00,14.563,14.563,14.535,14.535,3820,0
2016-06-27,19:00:00,14.135,14.166,14.135,14.166,343,0
2016-06-27,21:00:00,14.082,14.099,14.082,14.092,3258,0
2016-06-28,18:00:00,14.377,14.377,14.377,14.377,837,0
2016-06-28,19:00:00,14.468,14.468,14.468,14.468,418,0
2016-06-28,21:00:00,14.519,14.519,14.519,14.519,325,0
2016-07-05,22:00:00,14.754,14.763,14.754,14.763,222,0
2016-07-06,17:00:00,14.781,14.781,14.647,14.647,276,0
2016-07-06,21:00:00,14.619,14.637,14.609,14.637,20020,0
2016-07-07,22:00:00,14.575,14.575,14.575,14.575,442,0
2016-07-08,18:00:00,14.664,14.719,14.664,14.719,1383,0
2016-07-12,19:00:00,15.162,15.162,15.162,15.162,554,0
2016-07-13,19:00:00,14.937,14.937,14.908,14.908,775,0
2016-07-14,18:00:00,15.07,15.07,15.07,15.07,191,0
2016-07-15,17:00:00,15.077,15.077,15.077,15.077,110,0
2016-07-18,18:00:00,14.982,15.01,14.936,15.008,1107,0
2016-07-18,19:00:00,14.991,15.051,14.991,15.051,4285,0
2016-07-18,20:00:00,15.058,15.058,15.058,15.058,627,0
2016-07-20,18:00:00,14.967,14.967,14.967,14.967,217,0
2016-07-20,19:00:00,15.098,15.098,15.098,15.098,158,0
2016-07-20,20:00:00,15.233,15.233,15.233,15.233,1681,0
2016-07-21,22:00:00,14.992,14.992,14.992,14.992,783,0
2016-07-22,17:00:00,15,15,15,15,700,0
2016-07-25,22:00:00,14.981,14.995,14.971,14.995,611,0
2016-07-26,16:00:00,14.957,15.044,14.957,15.044,3208,0
2016-07-26,19:00:00,14.908,14.942,14.898,14.942,2680,0
2016-07-27,19:00:00,14.876,14.876,14.826,14.826,2338,0
2016-07-27,21:00:00,14.826,14.826,14.826,14.826,222,0
2016-07-28,19:00:00,14.808,14.848,14.808,14.848,926,0
2016-07-29,20:00:00,14.895,14.895,14.895,14.895,115,0
2016-07-29,21:00:00,14.898,14.966,14.898,14.966,621,0
2016-08-02,18:00:00,14.493,14.493,14.493,14.493,332,0
2016-08-04,18:00:00,14.755,14.755,14.755,14.755,110,0
2016-08-04,19:00:00,15.002,15.002,15.002,15.002,553,0
2016-08-04,21:00:00,14.979,14.979,14.979,14.979,207,0
2016-08-05,19:00:00,14.936,14.936,14.936,14.936,329,0
2016-08-05,21:00:00,14.873,14.873,14.873,14.873,409,0
2016-08-08,16:00:00,15.054,15.054,15.054,15.054,204,0
2016-08-08,20:00:00,15.151,15.151,15.108,15.108,442,0
2016-08-08,22:00:00,15.026,15.106,15.026,15.096,1880,0
2016-08-09,21:00:00,14.991,15,14.968,14.968,775,0
2016-08-09,22:00:00,14.898,14.898,14.898,14.898,332,0
2016-08-10,20:00:00,14.8,14.819,14.792,14.819,663,0
2016-08-15,17:00:00,15.098,15.098,15.098,15.098,257,0
2016-08-16,18:00:00,15.172,15.185,15.172,15.185,699,0
2016-08-18,21:00:00,15.189,15.189,15.189,15.189,5547,0
2016-08-18,22:00:00,15.18,15.198,15.153,15.175,2047,0
2016-08-19,21:00:00,15.017,15.017,15.017,15.017,110,0
2016-08-23,20:00:00,14.89,15.005,14.881,15.005,1660,0
2016-08-25,16:00:00,14.7,14.72,14.7,14.72,884,0
2016-08-25,17:00:00,14.72,14.72,14.72,14.72,165,0
2016-08-25,19:00:00,14.822,14.822,14.792,14.794,498,0
2016-08-25,20:00:00,14.855,14.855,14.855,14.855,2541,0
2016-08-25,21:00:00,14.736,14.736,14.736,14.736,222,0
2016-08-29,16:00:00,14.729,14.729,14.729,14.729,332,0
2016-08-29,20:00:00,14.808,14.839,14.808,14.839,781,0
2016-08-29,21:00:00,14.843,14.874,14.843,14.874,604,0
2016-08-30,20:00:00,14.789,14.789,14.789,14.789,553,0
2016-08-30,22:00:00,14.805,14.835,14.783,14.822,2433,0
2016-08-31,22:00:00,14.802,14.802,14.799,14.799,730,0
2016-09-01,21:00:00,14.72,14.72,14.72,14.72,1076,0
2016-09-02,20:00:00,14.842,14.842,14.842,14.842,776,0
2016-09-02,21:00:00,14.883,14.883,14.883,14.883,149,0
2016-09-06,22:00:00,14.918,14.918,14.918,14.918,332,0
2016-09-07,19:00:00,14.936,14.936,14.936,14.936,431,0
2016-09-07,20:00:00,14.991,14.991,14.991,14.991,111,0
2016-09-08,21:00:00,15.045,15.045,15.045,15.045,124,0
2016-09-08,22:00:00,15.053,15.071,15.053,15.061,3870,0
2016-09-09,17:00:00,14.873,14.873,14.873,14.873,9081,0
2016-09-12,20:00:00,14.585,14.585,14.585,14.585,1577,0
2016-09-13,20:00:00,14.236,14.236,14.236,14.236,718,0
2016-09-14,16:00:00,14.222,14.222,14.222,14.222,150,0
2016-09-15,16:00:00,14.258,14.308,14.258,14.308,663,0
2016-09-16,22:00:00,14.14,14.14,14.131,14.131,757,0
2016-09-22,19:00:00,14.729,14.751,14.729,14.751,1105,0
2016-09-22,20:00:00,14.808,14.808,14.808,14.808,629,0
2016-09-22,22:00:00,14.807,14.807,14.807,14.807,204,0
2016-09-26,19:00:00,14.836,14.836,14.836,14.836,276,0
2016-09-27,18:00:00,14.729,14.729,14.729,14.729,405,0
2016-09-27,19:00:00,14.792,14.792,14.792,14.792,126,0
2016-09-27,20:00:00,14.823,14.823,14.823,14.823,553,0
2016-09-27,21:00:00,14.759,14.759,14.759,14.759,267,0
2016-09-28,19:00:00,14.848,14.848,14.848,14.848,435,0
2016-09-28,21:00:00,14.977,14.977,14.977,14.977,108,0
2016-09-28,22:00:00,14.941,14.941,14.913,14.913,219,0
2016-09-30,19:00:00,14.996,14.996,14.996,14.996,292,0
2016-10-03,22:00:00,14.913,14.923,14.811,14.811,435,0
2016-10-04,16:00:00,14.786,14.786,14.786,14.786,420,0
2016-10-04,17:00:00,14.909,14.909,14.909,14.909,119,0
2016-10-04,18:00:00,14.82,14.82,14.82,14.82,116,0
2016-10-04,21:00:00,14.629,14.649,14.629,14.649,593,0
2016-10-04,22:00:00,14.703,14.703,14.703,14.703,342,0
2016-10-05,19:00:00,14.756,14.786,14.756,14.786,1307,0
2016-10-05,21:00:00,14.867,14.867,14.867,14.867,507,0
2016-10-06,16:00:00,14.756,14.756,14.747,14.747,2181,0
2016-10-12,19:00:00,14.747,14.747,14.747,14.747,610,0
2016-10-13,16:00:00,14.528,14.528,14.51,14.52,8528,0
2016-10-13,20:00:00,14.657,14.657,14.657,14.657,108,0
2016-10-13,21:00:00,14.695,14.695,14.695,14.695,213,0
2016-10-13,22:00:00,14.678,14.678,14.629,14.643,3201,0
2016-10-14,20:00:00,14.613,14.613,14.613,14.613,517,0
2016-10-17,17:00:00,14.665,14.674,14.665,14.674,1744,0
2016-10-17,19:00:00,14.665,14.674,14.665,14.674,328,0
2016-10-17,20:00:00,14.686,14.686,14.686,14.686,573,0
2016-10-18,18:00:00,14.756,14.815,14.756,14.761,1581,0
2016-10-18,20:00:00,14.894,14.894,14.894,14.894,151,0
2016-10-18,21:00:00,14.803,14.827,14.803,14.827,435,0
2016-10-19,22:00:00,15.017,15.017,14.932,14.932,381,0
2016-10-20,18:00:00,14.962,14.962,14.941,14.941,1435,0
2016-10-20,19:00:00,14.997,14.997,14.972,14.972,219,0
2016-10-20,21:00:00,14.945,14.948,14.945,14.948,530,0
2016-10-21,20:00:00,14.918,14.918,14.918,14.918,219,0
2016-10-24,18:00:00,14.876,14.919,14.876,14.919,546,0
2016-10-24,19:00:00,14.853,14.945,14.83,14.945,1580,0
2016-10-25,19:00:00,14.721,14.721,14.721,14.721,219,0
2016-10-31,18:00:00,14.311,14.311,14.311,14.311,187,0
2016-11-01,19:00:00,14.172,14.174,14.133,14.167,4502,0
2016-11-01,21:00:00,14.105,14.105,14.105,14.105,108,0
2016-11-02,20:00:00,14.078,14.088,14.078,14.088,4934,0
2016-11-03,21:00:00,14.127,14.127,14.127,14.127,132,0
2016-11-04,16:00:00,13.996,13.996,13.996,13.996,381,0
2016-11-04,20:00:00,14.033,14.053,14.023,14.053,1352,0
2016-11-04,21:00:00,14.042,14.088,13.978,14.061,1307,0
2016-11-07,18:00:00,14.074,14.074,14.051,14.056,2903,0
2016-11-07,19:00:00,14.054,14.054,14.033,14.035,435,0
2016-11-07,21:00:00,14.004,14.023,14.004,14.014,546,0
2016-11-07,22:00:00,14.023,14.023,14.023,14.023,108,0
2016-11-09,16:00:00,13.94,14.198,13.94,14.198,2181,0
2016-11-09,17:00:00,14.291,14.291,14.271,14.271,981,0
2016-11-09,18:00:00,14.326,14.326,14.326,14.326,2181,0
2016-11-09,21:00:00,14.45,14.45,14.45,14.45,546,0
2016-11-09,22:00:00,14.471,14.471,14.39,14.39,1275,0
2016-11-10,18:00:00,14.461,14.461,14.417,14.43,1036,0
2016-11-10,19:00:00,14.518,14.518,14.518,14.518,682,0
2016-11-10,20:00:00,14.528,14.528,14.528,14.528,108,0
2016-11-11,18:00:00,14.309,14.309,14.309,14.309,108,0
2016-11-11,22:00:00,14.299,14.299,14.299,14.299,108,0
2016-11-14,18:00:00,14.39,14.39,14.39,14.39,108,0
2016-11-14,21:00:00,14.464,14.464,14.446,14.455,1307,0
2016-11-15,19:00:00,14.682,14.711,14.674,14.674,1635,0
2016-11-15,20:00:00,14.678,14.678,14.678,14.678,394,0
2016-11-15,21:00:00,14.674,14.696,14.674,14.696,435,0
2016-11-16,20:00:00,14.464,14.471,14.464,14.471,435,0
2016-11-17,21:00:00,14.422,14.422,14.422,14.422,328,0
2016-11-18,19:00:00,14.52,14.52,14.52,14.52,328,0
2016-11-18,20:00:00,14.518,14.518,14.496,14.496,654,0
2016-11-18,22:00:00,14.537,14.537,14.537,14.537,272,0
2016-11-21,16:00:00,14.575,14.702,14.575,14.702,219,0
2016-11-21,17:00:00,14.565,14.565,14.565,14.565,546,0
2016-11-21,21:00:00,14.619,14.619,14.619,14.619,108,0
2016-11-21,22:00:00,14.665,14.665,14.647,14.647,546,0
2016-11-22,16:00:00,14.811,14.811,14.786,14.786,598,0
2016-11-22,17:00:00,14.722,14.722,14.722,14.722,491,0
2016-11-23,17:00:00,14.702,14.702,14.702,14.702,108,0
2016-11-23,19:00:00,14.692,14.744,14.692,14.694,1936,0
2016-11-23,20:00:00,14.747,14.747,14.747,14.747,435,0
2016-11-25,16:00:00,14.638,14.638,14.638,14.638,163,0
2016-11-25,17:00:00,14.692,14.692,14.692,14.692,133,0
2016-11-29,16:00:00,14.314,14.314,14.145,14.145,283,0
2016-11-29,19:00:00,14.17,14.186,14.17,14.186,476,0
2016-11-30,17:00:00,14.582,14.582,14.56,14.56,435,0
2016-11-30,18:00:00,14.752,14.752,14.734,14.734,1052,0
2016-11-30,19:00:00,14.638,14.638,14.601,14.601,35367,0
2016-11-30,20:00:00,14.601,14.662,14.601,14.657,8572,0
2016-11-30,21:00:00,14.657,14.665,14.657,14.665,328,0
2016-12-01,18:00:00,14.585,14.593,14.585,14.593,219,0
2016-12-01,19:00:00,14.619,14.619,14.619,14.619,435,0
2016-12-01,22:00:00,14.416,14.416,14.362,14.407,628,0
2016-12-02,17:00:00,14.491,14.542,14.491,14.51,894,0
2016-12-05,18:00:00,14.436,14.436,14.436,14.436,108,0
2016-12-05,19:00:00,14.481,14.481,14.481,14.481,108,0
2016-12-05,20:00:00,14.399,14.417,14.399,14.417,26735,0
2016-12-05,22:00:00,14.436,14.438,14.427,14.427,3507,0
2016-12-06,18:00:00,14.436,14.474,14.427,14.474,1681,0
2016-12-06,20:00:00,14.462,14.468,14.436,14.436,1778,0
2016-12-06,22:00:00,14.471,14.471,14.455,14.455,1471,0
2016-12-07,16:00:00,14.39,14.412,14.39,14.412,4135,0
2016-12-07,17:00:00,14.453,14.453,14.413,14.413,1377,0
2016-12-07,19:00:00,14.466,14.466,14.466,14.466,1542,0
2016-12-07,21:00:00,14.475,14.475,14.475,14.475,328,0
2016-12-07,22:00:00,14.52,14.52,14.52,14.52,108,0
2016-12-08,18:00:00,14.528,14.565,14.528,14.565,4579,0
2016-12-08,20:00:00,14.575,14.593,14.575,14.593,435,0
2016-12-08,22:00:00,14.643,14.643,14.643,14.643,245,0
2016-12-09,22:00:00,14.583,14.614,14.583,14.614,785,0
2016-12-12,17:00:00,14.768,14.768,14.768,14.768,110,0
2016-12-12,18:00:00,14.638,14.661,14.638,14.661,1525,0
2016-12-12,19:00:00,14.667,14.667,14.667,14.667,108,0
2016-12-12,21:00:00,14.647,14.647,14.638,14.638,981,0
2016-12-13,18:00:00,14.584,14.584,14.584,14.584,283,0
2016-12-13,19:00:00,14.619,14.717,14.619,14.717,463,0
2016-12-13,20:00:00,14.667,14.667,14.667,14.667,564,0
2016-12-13,22:00:00,14.674,14.682,14.638,14.638,15811,0
2016-12-14,18:00:00,14.565,14.579,14.565,14.565,2214,0
2016-12-14,19:00:00,14.62,14.62,14.62,14.62,272,0
2016-12-14,20:00:00,14.638,14.746,14.638,14.746,345,0
2016-12-14,22:00:00,14.446,14.446,14.446,14.446,219,0
2016-12-15,19:00:00,14.552,14.575,14.535,14.575,425,0
2016-12-15,20:00:00,14.609,14.609,14.537,14.537,1317,0
2016-12-16,20:00:00,14.846,14.932,14.804,14.932,1895,0
2016-12-16,21:00:00,14.786,14.876,14.786,14.876,1635,0
2016-12-16,22:00:00,14.867,14.903,14.867,14.876,981,0
2016-12-19,16:00:00,14.712,14.741,14.712,14.717,2181,0
2016-12-19,19:00:00,14.83,14.859,14.83,14.859,8942,0
2016-12-19,20:00:00,14.859,14.867,14.859,14.867,4125,0
2016-12-19,22:00:00,14.906,14.906,14.906,14.906,6860,0
2016-12-20,18:00:00,14.933,14.933,14.933,14.933,336,0
2016-12-20,19:00:00,14.995,14.995,14.995,14.995,636,0
2016-12-20,21:00:00,15.021,15.021,15.021,15.021,654,0
2016-12-21,16:00:00,14.913,15.064,14.913,15.064,986,0
2016-12-21,17:00:00,15.06,15.069,15.06,15.069,10069,0
2016-12-21,18:00:00,15.152,15.152,15.079,15.079,13112,0
2016-12-21,19:00:00,15.15,15.15,15.15,15.15,598,0
2016-12-21,20:00:00,15.16,15.16,15.16,15.16,163,0
2016-12-21,21:00:00,15.252,15.253,15.243,15.243,764,0
2016-12-21,22:00:00,15.233,15.253,15.207,15.253,1854,0
2016-12-23,17:00:00,15.567,15.567,15.567,15.567,491,0
2016-12-23,18:00:00,15.588,15.588,15.588,15.588,328,0
2016-12-23,20:00:00,15.414,15.415,15.39,15.391,1041,0
2016-12-23,22:00:00,15.546,15.574,15.546,15.574,1419,0
2016-12-27,21:00:00,15.656,15.665,15.62,15.646,12756,0
2016-12-27,22:00:00,15.674,15.674,15.646,15.646,328,0
2016-12-28,16:00:00,15.464,15.464,15.464,15.464,219,0
2016-12-28,17:00:00,15.546,15.546,15.546,15.546,108,0
2016-12-28,18:00:00,15.515,15.516,15.515,15.516,709,0
2016-12-28,19:00:00,15.481,15.553,15.481,15.481,1091,0
2016-12-28,22:00:00,15.502,15.502,15.502,15.502,435,0
2016-12-29,17:00:00,15.444,15.444,15.444,15.444,457,0
2016-12-29,19:00:00,15.493,15.493,15.493,15.493,106,0
2016-12-29,20:00:00,15.493,15.493,15.466,15.466,216,0
2016-12-29,21:00:00,15.466,15.466,15.466,15.466,106,0
2016-12-29,22:00:00,15.493,15.493,15.493,15.493,430,0
2016-12-30,19:00:00,15.512,15.512,15.456,15.503,1938,0
2016-12-30,22:00:00,15.512,15.512,15.512,15.512,430,0
2017-01-03,20:00:00,15.563,15.564,15.549,15.549,365,0
2017-01-04,17:00:00,15.568,15.684,15.568,15.684,173601,0
2017-01-04,19:00:00,15.657,15.698,15.633,15.698,2820,0
2017-01-05,17:00:00,15.841,15.841,15.772,15.772,2561,0
2017-01-05,19:00:00,15.753,15.753,15.753,15.753,646,0
2017-01-05,22:00:00,15.762,15.762,15.762,15.762,106,0
2017-01-06,19:00:00,15.882,15.882,15.882,15.882,340,0
2017-01-06,22:00:00,15.885,15.885,15.885,15.885,216,0
2017-01-10,21:00:00,15.503,15.503,15.484,15.484,6046,0
2017-01-11,17:00:00,15.674,15.674,15.674,15.674,106,0
2017-01-17,22:00:00,15.791,15.822,15.782,15.782,4091,0
2017-01-19,16:00:00,15.688,15.731,15.688,15.731,866,0
2017-01-19,17:00:00,15.696,15.732,15.696,15.707,1109,0
2017-01-19,21:00:00,15.687,15.715,15.687,15.715,1292,0
2017-01-20,19:00:00,15.791,15.911,15.791,15.911,1008,0
2017-01-23,16:00:00,15.8,15.8,15.8,15.8,106,0
2017-01-23,19:00:00,15.754,15.754,15.754,15.754,252,0
2017-01-24,19:00:00,16.061,16.061,16.061,16.061,2154,0
2017-01-24,21:00:00,16.114,16.125,16.106,16.106,969,0
2017-01-25,18:00:00,16.255,16.255,16.255,16.255,2728,0
2017-01-25,19:00:00,16.353,16.353,16.353,16.353,323,0
2017-01-25,20:00:00,16.405,16.405,16.389,16.389,807,0
2017-01-26,17:00:00,16.459,16.459,16.459,16.459,106,0
2017-01-26,19:00:00,16.525,16.552,16.525,16.552,323,0
2017-01-26,20:00:00,16.61,16.61,16.581,16.581,1023,0
2017-01-26,22:00:00,16.579,16.584,16.579,16.584,753,0
2017-01-27,19:00:00,16.547,16.547,16.547,16.547,1076,0
2017-01-27,21:00:00,16.552,16.58,16.552,16.561,1615,0
2017-01-30,19:00:00,16.413,16.413,16.413,16.413,269,0
2017-01-30,20:00:00,16.347,16.347,16.347,16.347,216,0
2017-01-30,21:00:00,16.265,16.316,16.265,16.316,1642,0
2017-01-30,22:00:00,16.332,16.332,16.332,16.332,161,0
2017-01-31,21:00:00,16.328,16.341,16.328,16.341,942,0
2017-02-01,21:00:00,16.505,16.568,16.505,16.552,27343,0
2017-02-01,22:00:00,16.607,16.607,16.607,16.607,762,0
2017-02-02,21:00:00,16.746,16.746,16.746,16.746,539,0
2017-02-03,21:00:00,17.036,17.036,16.965,16.965,1076,0
2017-02-03,22:00:00,16.966,16.966,16.859,16.907,2267,0
2017-02-06,16:00:00,17.007,17.007,17.007,17.007,176,0
2017-02-06,18:00:00,16.784,16.827,16.784,16.827,1615,0
2017-02-06,22:00:00,16.798,16.798,16.798,16.798,1076,0
2017-02-07,16:00:00,16.729,16.78,16.729,16.78,216,0
2017-02-07,18:00:00,16.692,16.707,16.692,16.707,1076,0
2017-02-07,19:00:00,16.72,16.72,16.72,16.72,430,0
2017-02-07,20:00:00,16.659,16.724,16.659,16.724,485,0
2017-02-07,22:00:00,16.803,16.803,16.803,16.803,140,0
2017-02-08,19:00:00,16.821,16.821,16.821,16.821,539,0
2017-02-08,21:00:00,16.905,16.905,16.905,16.905,106,0
2017-02-08,22:00:00,16.873,16.873,16.873,16.873,807,0
2017-02-10,16:00:00,16.942,16.942,16.942,16.942,106,0
2017-02-10,21:00:00,16.962,16.962,16.962,16.962,277,0
2017-02-10,22:00:00,16.942,16.978,16.942,16.978,216,0
2017-02-14,18:00:00,16.966,16.966,16.966,16.966,645,0
2017-02-14,19:00:00,16.988,16.998,16.988,16.998,2467,0
2017-02-14,22:00:00,17.027,17.053,17.027,17.053,1207,0
2017-02-15,18:00:00,17.004,17.017,16.988,17.017,20241,0
2017-02-15,21:00:00,17.113,17.113,17.113,17.113,580,0
2017-02-16,19:00:00,17.011,17.082,16.978,17.038,1683,0
2017-02-16,22:00:00,16.981,16.981,16.981,16.981,357,0
2017-02-17,19:00:00,16.974,16.974,16.914,16.914,563,0
2017-02-17,21:00:00,16.98,16.98,16.98,16.98,1183,0
2017-02-21,19:00:00,17.027,17.027,17.027,17.027,106,0
2017-02-21,21:00:00,17.105,17.105,17.105,17.105,963,0
2017-02-22,20:00:00,16.912,16.912,16.904,16.904,887,0
2017-02-22,21:00:00,16.952,16.952,16.923,16.923,323,0
2017-02-22,22:00:00,16.813,16.821,16.784,16.784,1188,0
2017-02-23,20:00:00,16.75,16.75,16.75,16.75,430,0
2017-02-24,20:00:00,16.588,16.588,16.543,16.543,377,0
2017-02-27,21:00:00,16.519,16.519,16.519,16.519,671,0
2017-02-28,22:00:00,16.659,16.662,16.659,16.662,539,0
2017-03-01,22:00:00,16.723,16.723,16.723,16.723,241,0
2017-03-02,20:00:00,16.699,16.699,16.699,16.699,1185,0
2017-03-03,21:00:00,16.711,16.711,16.682,16.682,2164,0
2017-03-07,16:00:00,16.617,16.617,16.617,16.617,797,0
2017-03-07,17:00:00,16.607,16.607,16.607,16.607,106,0
2017-03-07,21:00:00,16.552,16.552,16.543,16.543,5140,0
2017-03-07,22:00:00,16.6,16.6,16.571,16.571,216,0
2017-03-10,21:00:00,16.293,16.293,16.293,16.293,1292,0
2017-03-13,19:00:00,16.227,16.227,16.227,16.227,510,0
2017-03-13,21:00:00,16.362,16.362,16.362,16.362,106,0
2017-03-14,19:00:00,16.218,16.218,16.218,16.218,106,0
2017-03-14,20:00:00,16.19,16.19,16.19,16.19,269,0
2017-03-15,16:00:00,16.088,16.163,16.088,16.163,323,0
2017-03-15,17:00:00,16.204,16.267,16.204,16.267,510,0
2017-03-15,18:00:00,16.329,16.329,16.329,16.329,106,0
2017-03-15,19:00:00,16.284,16.284,16.284,16.284,296,0
2017-03-15,20:00:00,16.269,16.269,16.269,16.269,130,0
2017-03-16,18:00:00,16.321,16.321,16.321,16.321,216,0
2017-03-16,19:00:00,16.25,16.25,16.25,16.25,1206,0
2017-03-17,15:00:00,16.255,16.255,16.255,16.255,1723,0
2017-03-17,20:00:00,16.129,16.138,16.129,16.138,663,0
2017-03-17,21:00:00,16.166,16.19,16.116,16.19,1372,0
2017-03-20,21:00:00,16.117,16.117,16.117,16.117,340,0
2017-03-21,16:00:00,15.883,15.883,15.883,15.883,106,0
2017-03-22,18:00:00,15.855,15.855,15.855,15.855,539,0
2017-03-22,21:00:00,15.986,15.986,15.986,15.986,485,0
2017-03-24,19:00:00,16.042,16.067,16.022,16.067,1347,0
2017-03-27,20:00:00,15.791,15.791,15.791,15.791,106,0
2017-03-27,22:00:00,15.791,15.902,15.791,15.902,430,0
2017-03-28,19:00:00,15.907,15.907,15.907,15.907,106,0
2017-03-28,21:00:00,15.878,15.878,15.878,15.878,106,0
2017-03-28,22:00:00,15.901,15.901,15.875,15.875,323,0
2017-03-29,19:00:00,16.045,16.045,16.045,16.045,105,0
2017-03-29,22:00:00,16.068,16.132,16.068,16.097,1360,0
2017-03-30,22:00:00,16.096,16.229,16.096,16.121,1301,0
2017-03-31,18:00:00,16.144,16.181,16.144,16.181,2231,0
2017-03-31,19:00:00,16.334,16.334,16.334,16.334,266,0
2017-03-31,20:00:00,16.247,16.257,16.237,16.257,5418,0
2017-03-31,21:00:00,16.252,16.252,16.252,16.252,105,0
2017-03-31,22:00:00,16.417,16.417,16.417,16.417,1169,0
2017-04-03,17:00:00,16.285,16.285,16.285,16.285,105,0
2017-04-03,19:00:00,16.167,16.167,16.167,16.167,105,0
2017-04-03,20:00:00,16.229,16.229,16.229,16.229,105,0
2017-04-03,22:00:00,16.285,16.285,16.276,16.276,213,0
2017-04-04,20:00:00,16.413,16.413,16.413,16.413,368,0
2017-04-05,20:00:00,16.478,16.624,16.478,16.606,6675,0
2017-04-05,21:00:00,16.491,16.491,16.491,16.491,105,0
2017-04-06,18:00:00,16.614,16.614,16.614,16.614,1327,0
2017-04-06,22:00:00,16.595,16.595,16.595,16.595,213,0
2017-04-07,18:00:00,16.6,16.6,16.6,16.6,318,0
2017-04-07,22:00:00,16.69,16.69,16.69,16.69,233,0
2017-04-10,16:00:00,16.53,16.53,16.502,16.502,287,0
2017-04-10,18:00:00,16.568,16.568,16.568,16.568,213,0
2017-04-10,19:00:00,16.587,16.587,16.587,16.587,434,0
2017-04-10,22:00:00,16.52,16.52,16.52,16.52,329,0
2017-04-11,20:00:00,16.624,16.624,16.624,16.624,939,0
2017-04-11,21:00:00,16.473,16.473,16.473,16.473,105,0
2017-04-12,18:00:00,16.368,16.368,16.368,16.368,249,0
2017-04-12,19:00:00,16.328,16.328,16.323,16.323,1063,0
2017-04-12,21:00:00,16.464,16.464,16.417,16.464,1857,0
2017-04-13,19:00:00,16.4,16.4,16.4,16.4,359,0
2017-04-13,20:00:00,16.248,16.248,16.248,16.248,213,0
2017-04-13,22:00:00,16.268,16.268,16.268,16.268,303,0
2017-04-17,19:00:00,16.149,16.154,16.03,16.03,8710,0
2017-04-17,20:00:00,16.03,16.088,15.701,16.088,5418,0
2017-04-17,21:00:00,16.088,16.105,16.078,16.105,1699,0
2017-04-17,22:00:00,16.116,16.116,16.116,16.116,213,0
2017-04-18,18:00:00,16.174,16.174,16.174,16.174,372,0
2017-04-18,19:00:00,16.13,16.13,16.13,16.13,105,0
2017-04-18,22:00:00,16.159,16.304,16.159,16.304,743,0
2017-04-19,17:00:00,16.296,16.296,16.296,16.296,292,0
2017-04-19,19:00:00,16.304,16.304,16.304,16.304,318,0
2017-04-19,20:00:00,16.304,16.304,16.304,16.304,425,0
2017-04-19,21:00:00,16.246,16.304,16.22,16.22,1010,0
2017-04-19,22:00:00,16.22,16.22,16.22,16.22,1169,0
2017-04-20,18:00:00,16.193,16.247,16.185,16.247,743,0
2017-04-20,19:00:00,16.295,16.304,16.295,16.304,425,0
2017-04-20,20:00:00,16.276,16.276,16.237,16.247,425,0
2017-04-20,21:00:00,16.247,16.247,16.247,16.247,425,0
2017-04-20,22:00:00,16.247,16.247,16.201,16.247,1327,0
2017-04-21,17:00:00,16.158,16.158,16.158,16.158,159,0
2017-04-24,17:00:00,16.133,16.164,16.133,16.164,1010,0
2017-04-24,21:00:00,16.303,16.303,16.303,16.303,159,0
2017-04-24,22:00:00,16.304,16.304,16.267,16.295,2124,0
2017-04-25,17:00:00,16.417,16.417,16.407,16.407,2124,0
2017-04-26,18:00:00,16.474,16.474,16.474,16.474,952,0
2017-04-26,22:00:00,16.493,16.493,16.493,16.493,133,0
2017-04-27,16:00:00,16.498,16.498,16.498,16.498,191,0
2017-04-27,17:00:00,16.466,16.466,16.466,16.466,493,0
2017-04-27,20:00:00,16.378,16.378,16.378,16.378,425,0
2017-04-27,21:00:00,16.417,16.417,16.37,16.37,425,0
2017-04-27,22:00:00,16.361,16.388,16.361,16.361,531,0
2017-04-28,16:00:00,16.256,16.256,16.256,16.256,454,0
2017-04-28,18:00:00,16.417,16.417,16.417,16.417,638,0
2017-05-01,20:00:00,16.407,16.407,16.371,16.383,1593,0
2017-05-02,18:00:00,16.405,16.432,16.405,16.432,213,0
2017-05-02,21:00:00,16.37,16.37,16.323,16.37,1763,0
2017-05-02,22:00:00,16.267,16.267,16.267,16.267,238,0
2017-05-03,22:00:00,16.219,16.276,16.214,16.257,2815,0
2017-05-04,19:00:00,15.782,15.782,15.782,15.782,105,0
2017-05-05,17:00:00,15.86,15.86,15.86,15.86,424,0
2017-05-05,18:00:00,16.021,16.021,15.948,15.948,1169,0
2017-05-05,21:00:00,16.028,16.028,16.028,16.028,451,0
2017-05-05,22:00:00,16.026,16.083,16.026,16.083,384,0
2017-05-08,22:00:00,15.937,15.937,15.928,15.928,17144,0
2017-05-10,16:00:00,15.928,15.928,15.928,15.928,1063,0
2017-05-10,21:00:00,16.21,16.21,16.21,16.21,1166,0
2017-05-10,22:00:00,16.209,16.209,16.209,16.209,213,0
2017-05-11,19:00:00,16.196,16.196,16.196,16.196,105,0
2017-05-11,21:00:00,16.121,16.196,16.121,16.196,220,0
2017-05-12,19:00:00,16.262,16.262,16.262,16.262,105,0
2017-05-12,21:00:00,16.233,16.233,16.233,16.233,213,0
2017-05-12,22:00:00,16.187,16.21,16.174,16.21,1275,0
2017-05-15,19:00:00,16.412,16.412,16.412,16.412,105,0
2017-05-15,21:00:00,16.328,16.328,16.328,16.328,105,0
2017-05-16,18:00:00,16.299,16.299,16.299,16.299,266,0
2017-05-16,19:00:00,16.356,16.356,16.356,16.356,105,0
2017-05-16,21:00:00,16.237,16.237,16.237,16.237,105,0
2017-05-16,22:00:00,16.295,16.304,16.255,16.304,1169,0
2017-05-17,21:00:00,15.956,15.956,15.956,15.956,105,0
2017-05-18,19:00:00,15.904,15.904,15.904,15.904,346,0
2017-05-18,21:00:00,15.792,15.792,15.792,15.792,159,0
2017-05-19,18:00:00,16.151,16.151,16.151,16.151,245,0
2017-05-22,16:00:00,16.351,16.351,16.351,16.351,105,0
2017-05-22,22:00:00,16.096,16.172,16.096,16.172,23849,0
2017-05-23,22:00:00,16.325,16.325,16.325,16.325,425,0
2017-05-24,16:00:00,16.427,16.427,16.338,16.338,584,0
2017-05-24,22:00:00,16.189,16.189,16.189,16.189,492,0
2017-05-25,19:00:00,16.004,16.004,16.004,16.004,266,0
2017-05-26,17:00:00,16.065,16.065,16.005,16.005,2688,0
2017-05-26,18:00:00,16.06,16.06,16.06,16.06,318,0
2017-05-26,19:00:00,16.106,16.125,16.106,16.116,318,0
2017-05-26,20:00:00,16.125,16.125,16.057,16.125,479,0
2017-05-26,21:00:00,16.125,16.125,16.096,16.096,318,0
2017-05-26,22:00:00,16.096,16.096,16.014,16.038,1536,0
2017-05-30,18:00:00,15.856,15.856,15.856,15.856,399,0
2017-05-30,22:00:00,15.823,15.823,15.823,15.823,105,0
2017-05-31,17:00:00,15.667,15.667,15.667,15.667,266,0
2017-05-31,22:00:00,15.726,15.731,15.726,15.731,638,0
2017-06-01,20:00:00,15.866,15.871,15.824,15.871,2124,0
2017-06-01,21:00:00,15.791,15.848,15.791,15.848,903,0
2017-06-02,19:00:00,15.765,15.765,15.765,15.765,105,0
2017-06-02,22:00:00,15.701,15.711,15.701,15.706,531,0
2017-06-05,19:00:00,15.668,15.668,15.668,15.668,105,0
2017-06-05,21:00:00,15.721,15.721,15.678,15.678,531,0
2017-06-05,22:00:00,15.73,15.731,15.73,15.731,1198,0
2017-06-06,16:00:00,15.65,15.65,15.65,15.65,318,0
2017-06-06,19:00:00,15.683,15.683,15.683,15.683,105,0
2017-06-06,21:00:00,15.639,15.738,15.639,15.738,584,0
2017-06-06,22:00:00,15.691,15.691,15.691,15.691,399,0
2017-06-07,17:00:00,15.535,15.535,15.527,15.527,956,0
2017-06-07,19:00:00,15.555,15.555,15.555,15.555,105,0
2017-06-07,21:00:00,15.56,15.56,15.559,15.559,425,0
2017-06-07,22:00:00,15.533,15.533,15.474,15.504,2124,0
2017-06-08,19:00:00,15.433,15.433,15.433,15.433,105,0
2017-06-09,17:00:00,15.381,15.381,15.345,15.345,873,0
2017-06-09,19:00:00,15.499,15.499,15.499,15.499,105,0
2017-06-12,19:00:00,15.452,15.452,15.452,15.452,105,0
2017-06-12,22:00:00,15.456,15.456,15.456,15.456,213,0
2017-06-13,21:00:00,15.454,15.523,15.454,15.523,2626,0
2017-06-13,22:00:00,15.522,15.523,15.494,15.494,750,0
2017-06-14,17:00:00,15.297,15.297,15.297,15.297,213,0
2017-06-14,21:00:00,15.245,15.245,15.24,15.24,213,0
2017-06-15,17:00:00,15.174,15.174,15.174,15.174,638,0
2017-06-15,19:00:00,15.033,15.154,15.023,15.154,2201,0
2017-06-16,22:00:00,15.283,15.283,15.283,15.283,105,0
2017-06-20,19:00:00,14.675,14.675,14.675,14.675,213,0
2017-06-20,21:00:00,14.643,14.643,14.643,14.643,692,0
2017-06-21,16:00:00,14.601,14.601,14.601,14.601,425,0
2017-06-21,21:00:00,14.477,14.477,14.477,14.477,851,0
2017-06-23,17:00:00,14.801,14.801,14.801,14.801,318,0
2017-06-23,19:00:00,14.82,14.82,14.82,14.82,851,0
2017-06-26,16:00:00,15.01,15.01,15.01,15.01,213,0
2017-06-27,17:00:00,15.338,15.338,15.338,15.338,242,0
2017-06-27,21:00:00,15.255,15.255,15.255,15.255,425,0
2017-06-28,19:00:00,15.358,15.358,15.358,15.358,420,0
2017-06-28,21:00:00,15.405,15.405,15.405,15.405,473,0
2017-06-28,22:00:00,15.47,15.47,15.47,15.47,865,0
2017-06-29,19:00:00,15.574,15.574,15.574,15.574,125,0
2017-06-30,19:00:00,15.703,15.703,15.585,15.612,420,0
2017-06-30,22:00:00,15.543,15.601,15.543,15.601,1812,0
2017-07-03,19:00:00,15.904,15.904,15.827,15.827,295,0
2017-07-05,16:00:00,15.803,15.803,15.737,15.737,420,0
2017-07-05,20:00:00,15.785,15.785,15.785,15.785,314,0
2017-07-06,18:00:00,15.717,15.717,15.717,15.717,524,0
2017-07-06,20:00:00,15.56,15.56,15.56,15.56,210,0
2017-07-07,19:00:00,15.433,15.433,15.433,15.433,210,0
2017-07-11,17:00:00,15.52,15.52,15.489,15.489,235,0
2017-07-11,19:00:00,15.451,15.502,15.441,15.446,1329,0
2017-07-11,20:00:00,15.603,15.603,15.554,15.554,263,0
2017-07-11,21:00:00,15.603,15.603,15.603,15.603,314,0
2017-07-11,22:00:00,15.603,15.603,15.603,15.603,524,0
2017-07-12,19:00:00,15.669,15.669,15.669,15.669,365,0
2017-07-12,20:00:00,15.603,15.635,15.585,15.616,839,0
2017-07-13,21:00:00,15.69,15.69,15.69,15.69,1022,0
2017-07-13,22:00:00,15.69,15.69,15.69,15.69,420,0
2017-07-14,16:00:00,15.762,15.762,15.762,15.762,176,0
2017-07-14,18:00:00,15.796,15.796,15.796,15.796,420,0
2017-07-14,19:00:00,15.813,15.813,15.813,15.813,210,0
2017-07-14,20:00:00,15.832,15.893,15.832,15.893,505,0
2017-07-14,22:00:00,15.908,15.908,15.908,15.908,210,0
2017-07-20,17:00:00,15.821,15.821,15.821,15.821,104,0
2017-07-20,20:00:00,15.788,15.788,15.788,15.788,157,0
2017-07-20,22:00:00,15.76,15.76,15.76,15.76,734,0
2017-07-21,21:00:00,15.718,15.718,15.663,15.663,882,0
2017-07-24,19:00:00,15.622,15.66,15.613,15.625,4508,0
2017-07-25,18:00:00,15.751,15.767,15.737,15.767,1336,0
2017-07-25,20:00:00,15.822,15.822,15.822,15.822,372,0
2017-07-26,17:00:00,15.857,15.857,15.857,15.857,105,0
2017-07-26,18:00:00,15.81,15.81,15.81,15.81,304,0
2017-07-26,20:00:00,15.786,15.811,15.785,15.785,1573,0
2017-07-27,20:00:00,15.759,15.759,15.759,15.759,314,0
2017-07-28,22:00:00,15.768,15.768,15.768,15.768,367,0
2017-07-31,16:00:00,15.88,15.88,15.88,15.88,393,0
2017-07-31,21:00:00,15.865,15.865,15.855,15.855,682,0
2017-08-03,17:00:00,15.832,15.89,15.832,15.89,635,0
2017-08-03,22:00:00,15.603,15.613,15.603,15.603,1592,0
2017-08-04,17:00:00,15.628,15.628,15.628,15.628,184,0
2017-08-04,19:00:00,15.604,15.604,15.604,15.604,210,0
2017-08-07,19:00:00,15.513,15.513,15.513,15.513,104,0
2017-08-09,19:00:00,15.384,15.384,15.379,15.379,2735,0
2017-08-09,20:00:00,15.416,15.416,15.416,15.416,874,0
2017-08-10,20:00:00,15.274,15.274,15.274,15.274,104,0
2017-08-11,21:00:00,15.14,15.14,15.14,15.14,219,0
2017-08-14,17:00:00,15.274,15.274,15.27,15.27,619,0
2017-08-14,22:00:00,15.108,15.108,15.108,15.108,1457,0
2017-08-15,20:00:00,14.911,14.911,14.911,14.911,633,0
2017-08-15,22:00:00,14.95,14.95,14.933,14.933,657,0
2017-08-17,19:00:00,14.853,14.853,14.853,14.853,288,0
2017-08-17,21:00:00,14.819,14.819,14.819,14.819,734,0
2017-08-17,22:00:00,14.81,14.81,14.81,14.81,473,0
2017-08-18,17:00:00,14.691,14.691,14.691,14.691,341,0
2017-08-18,18:00:00,14.717,14.717,14.717,14.717,104,0
2017-08-18,20:00:00,14.804,14.804,14.804,14.804,210,0
2017-08-22,19:00:00,14.641,14.641,14.641,14.641,192,0
2017-08-23,16:00:00,14.841,14.85,14.841,14.85,498,0
2017-08-24,18:00:00,14.969,14.969,14.969,14.969,577,0
2017-08-24,20:00:00,15.021,15.021,15.021,15.021,531,0
2017-08-24,22:00:00,14.922,14.959,14.922,14.959,1416,0
2017-08-25,16:00:00,14.869,14.869,14.869,14.869,131,0
2017-08-25,18:00:00,14.966,14.966,14.966,14.966,420,0
2017-08-25,19:00:00,14.979,14.979,14.979,14.979,104,0
2017-08-25,21:00:00,15.068,15.068,15.068,15.068,590,0
2017-08-28,20:00:00,14.86,14.86,14.86,14.86,104,0
2017-08-28,22:00:00,14.954,14.954,14.954,14.954,524,0
2017-08-29,19:00:00,14.755,14.755,14.755,14.755,210,0
2017-08-30,17:00:00,14.936,14.936,14.936,14.936,734,0
2017-08-30,18:00:00,14.89,14.89,14.89,14.89,235,0
2017-09-05,20:00:00,15.233,15.233,15.233,15.233,131,0
2017-09-06,16:00:00,15.155,15.155,15.155,15.155,210,0
2017-09-06,19:00:00,15.256,15.256,15.256,15.256,105,0
2017-09-06,22:00:00,15.194,15.194,15.194,15.194,125,0
2017-09-07,19:00:00,15.216,15.216,15.216,15.216,104,0
2017-09-07,20:00:00,15.217,15.217,15.217,15.217,169,0
2017-09-07,21:00:00,15.194,15.213,15.194,15.213,1153,0
2017-09-07,22:00:00,15.189,15.189,15.189,15.189,524,0
2017-09-08,16:00:00,15.079,15.079,15.079,15.079,235,0
2017-09-08,21:00:00,15.111,15.111,15.111,15.111,149,0
2017-09-08,22:00:00,15.127,15.127,15.127,15.127,125,0
2017-09-13,21:00:00,15.308,15.308,15.308,15.308,473,0
2017-09-13,22:00:00,15.308,15.308,15.308,15.308,498,0
2017-09-14,19:00:00,15.336,15.336,15.336,15.336,498,0
2017-09-18,20:00:00,15.327,15.327,15.327,15.327,524,0
2017-09-18,21:00:00,15.336,15.336,15.336,15.336,314,0
2017-09-18,22:00:00,15.327,15.327,15.327,15.327,367,0
2017-09-19,18:00:00,15.298,15.308,15.298,15.308,314,0
2017-09-19,19:00:00,15.335,15.335,15.317,15.321,1468,0
2017-09-20,16:00:00,15.279,15.279,15.265,15.265,614,0
2017-09-21,20:00:00,15.122,15.122,15.122,15.122,210,0
2017-09-22,17:00:00,15.155,15.164,15.155,15.164,493,0
2017-09-22,18:00:00,15.136,15.136,15.136,15.136,104,0
2017-09-22,19:00:00,15.146,15.146,15.131,15.136,1782,0
2017-09-22,20:00:00,15.184,15.194,15.161,15.169,1169,0
2017-09-22,22:00:00,15.155,15.177,15.155,15.177,1100,0
2017-09-25,19:00:00,15.403,15.418,15.403,15.418,583,0
2017-09-25,21:00:00,15.518,15.518,15.518,15.518,566,0
2017-09-25,22:00:00,15.488,15.507,15.488,15.507,943,0
2017-09-26,16:00:00,15.565,15.565,15.565,15.565,314,0
2017-09-26,17:00:00,15.438,15.438,15.438,15.438,145,0
2017-09-26,19:00:00,15.48,15.48,15.466,15.48,3460,0
2017-09-26,20:00:00,15.48,15.48,15.47,15.478,1678,0
2017-09-27,19:00:00,15.37,15.37,15.37,15.37,104,0
2017-09-27,21:00:00,15.394,15.394,15.384,15.384,996,0
2017-09-27,22:00:00,15.365,15.365,15.365,15.365,110,0
2017-09-28,16:00:00,15.51,15.51,15.51,15.51,341,0
2017-09-28,17:00:00,15.278,15.278,15.278,15.278,103,0
2017-09-28,21:00:00,15.287,15.287,15.255,15.255,414,0
2017-09-29,20:00:00,15.505,15.53,15.49,15.53,3333,0
2017-09-29,22:00:00,15.462,15.462,15.423,15.423,517,0
2017-10-02,17:00:00,15.249,15.249,15.249,15.249,103,0
2017-10-02,20:00:00,15.423,15.423,15.396,15.396,703,0
2017-10-02,21:00:00,15.393,15.43,15.393,15.43,1669,0
2017-10-03,16:00:00,15.336,15.384,15.336,15.384,671,0
2017-10-03,19:00:00,15.428,15.428,15.428,15.428,207,0
2017-10-03,20:00:00,15.497,15.498,15.497,15.498,717,0
2017-10-03,22:00:00,15.53,15.53,15.495,15.495,620,0
2017-10-04,19:00:00,15.51,15.52,15.51,15.52,517,0
2017-10-04,20:00:00,15.432,15.444,15.423,15.444,12919,0
2017-10-04,21:00:00,15.444,15.481,15.444,15.481,207,0
2017-10-04,22:00:00,15.49,15.502,15.463,15.5,3794,0
2017-10-05,18:00:00,15.558,15.558,15.549,15.549,775,0
2017-10-05,19:00:00,15.616,15.616,15.616,15.616,420,0
2017-10-05,20:00:00,15.607,15.608,15.597,15.597,2387,0
2017-10-05,21:00:00,15.641,15.723,15.641,15.69,3927,0
2017-10-06,21:00:00,15.591,15.591,15.568,15.568,2088,0
2017-10-09,16:00:00,15.558,15.588,15.558,15.588,519,0
2017-10-09,17:00:00,15.653,15.653,15.653,15.653,385,0
2017-10-09,21:00:00,15.569,15.599,15.569,15.599,207,0
2017-10-09,22:00:00,15.538,15.538,15.538,15.538,207,0
2017-10-10,22:00:00,15.583,15.583,15.583,15.583,198,0
2017-10-11,18:00:00,15.572,15.572,15.572,15.572,103,0
2017-10-11,21:00:00,15.584,15.599,15.568,15.579,1473,0
2017-10-11,22:00:00,15.568,15.568,15.568,15.568,272,0
2017-10-12,16:00:00,15.423,15.5,15.423,15.49,987,0
2017-10-12,17:00:00,15.51,15.51,15.51,15.51,207,0
2017-10-12,18:00:00,15.508,15.508,15.508,15.508,112,0
2017-10-13,16:00:00,15.509,15.509,15.396,15.396,527,0
2017-10-16,17:00:00,15.306,15.306,15.306,15.306,259,0
2017-10-16,19:00:00,15.219,15.242,15.219,15.219,1733,0
2017-10-16,21:00:00,15.201,15.201,15.201,15.201,103,0
2017-10-17,18:00:00,15.133,15.154,15.133,15.154,620,0
2017-10-17,20:00:00,15.066,15.078,15.066,15.078,442,0
2017-10-18,18:00:00,14.891,14.891,14.891,14.891,393,0
2017-10-18,19:00:00,14.843,14.843,14.843,14.843,103,0
2017-10-18,20:00:00,14.804,14.825,14.804,14.825,259,0
2017-10-18,21:00:00,14.872,14.891,14.872,14.891,414,0
2017-10-18,22:00:00,14.872,14.872,14.862,14.862,1396,0
2017-10-19,16:00:00,14.928,14.928,14.928,14.928,671,0
2017-10-19,17:00:00,14.862,14.862,14.862,14.862,207,0
2017-10-19,19:00:00,14.901,14.901,14.847,14.847,310,0
2017-10-19,22:00:00,14.891,14.891,14.891,14.891,103,0
2017-10-20,17:00:00,14.881,14.882,14.881,14.881,1033,0
2017-10-20,20:00:00,14.885,14.885,14.885,14.885,232,0
2017-10-23,17:00:00,14.833,14.833,14.833,14.833,723,0
2017-10-23,18:00:00,14.766,14.766,14.766,14.766,181,0
2017-10-23,20:00:00,14.628,14.678,14.628,14.678,310,0
2017-10-24,17:00:00,14.538,14.541,14.508,14.508,498,0
2017-10-24,18:00:00,14.475,14.475,14.475,14.475,207,0
2017-10-24,20:00:00,14.519,14.532,14.519,14.532,1292,0
2017-10-25,19:00:00,14.17,14.195,14.17,14.195,414,0
2017-10-25,20:00:00,14.224,14.224,14.224,14.224,259,0
2017-10-25,22:00:00,14.233,14.261,14.233,14.261,517,0
2017-10-26,18:00:00,14.262,14.342,14.262,14.342,3115,0
2017-10-26,19:00:00,14.412,14.503,14.412,14.503,310,0
2017-10-26,20:00:00,14.474,14.474,14.432,14.432,1661,0
2017-10-26,21:00:00,14.456,14.519,14.456,14.519,878,0
2017-10-27,17:00:00,14.64,14.64,14.64,14.64,129,0
2017-10-27,19:00:00,14.708,14.708,14.708,14.708,208,0
2017-10-27,20:00:00,14.803,14.803,14.757,14.757,671,0
2017-10-30,16:00:00,14.882,14.882,14.882,14.882,517,0
2017-10-30,17:00:00,14.871,14.9,14.871,14.9,284,0
2017-10-30,18:00:00,14.825,14.871,14.825,14.871,207,0
2017-10-30,19:00:00,14.812,14.812,14.812,14.812,114,0
2017-10-30,21:00:00,14.786,14.786,14.755,14.773,719,0
2017-10-31,15:00:00,14.826,14.826,14.78,14.78,1551,0
2017-10-31,16:00:00,14.717,14.725,14.717,14.725,310,0
2017-10-31,18:00:00,14.773,14.773,14.692,14.713,957,0
2017-10-31,20:00:00,14.767,14.767,14.767,14.767,181,0
2017-11-01,15:00:00,14.755,14.938,14.755,14.938,956,0
2017-11-01,19:00:00,14.906,14.906,14.906,14.906,103,0
2017-11-01,21:00:00,14.91,14.91,14.91,14.91,110,0
2017-11-02,18:00:00,14.835,14.835,14.835,14.835,439,0
2017-11-03,17:00:00,14.785,14.785,14.785,14.785,646,0
2017-11-03,19:00:00,14.886,14.886,14.886,14.886,110,0
2017-11-03,21:00:00,14.823,14.823,14.823,14.823,2067,0
2017-11-06,21:00:00,14.9,14.9,14.9,14.9,517,0
2017-11-07,20:00:00,14.988,15.007,14.988,14.988,930,0
2017-11-07,22:00:00,15.016,15.064,15.016,15.064,775,0
2017-11-08,16:00:00,15.007,15.007,15.007,15.007,517,0
2017-11-08,18:00:00,14.948,14.948,14.948,14.948,207,0
2017-11-08,20:00:00,14.904,14.904,14.904,14.904,310,0
2017-11-08,22:00:00,14.801,14.801,14.801,14.801,517,0
2017-11-09,18:00:00,14.779,14.779,14.779,14.779,517,0
2017-11-09,19:00:00,14.757,14.757,14.757,14.757,548,0
2017-11-09,20:00:00,14.78,14.78,14.78,14.78,103,0
2017-11-09,22:00:00,14.68,14.68,14.68,14.68,232,0
2017-11-10,17:00:00,14.732,14.732,14.732,14.732,259,0
2017-11-13,16:00:00,14.639,14.639,14.639,14.639,103,0
2017-11-13,21:00:00,14.425,14.425,14.425,14.425,207,0
2017-11-14,16:00:00,14.31,14.33,14.31,14.32,620,0
2017-11-14,18:00:00,14.241,14.243,14.233,14.233,1111,0
2017-11-14,21:00:00,14.218,14.218,14.218,14.218,294,0
2017-11-15,17:00:00,14.059,14.059,14.059,14.059,103,0
2017-11-15,18:00:00,14.107,14.117,14.107,14.117,207,0
2017-11-15,21:00:00,14.253,14.267,14.253,14.255,1941,0
2017-11-16,20:00:00,14.281,14.281,14.271,14.271,310,0
2017-11-16,21:00:00,14.271,14.281,14.271,14.271,2170,0
2017-11-17,22:00:00,14.285,14.349,14.285,14.349,827,0
2017-11-20,19:00:00,14.214,14.214,14.214,14.214,207,0
2017-11-20,22:00:00,14.315,14.315,14.315,14.315,116,0
2017-11-21,21:00:00,14.127,14.154,14.117,14.117,3927,0
2017-11-22,19:00:00,14.122,14.122,14.122,14.122,108,0
2017-11-22,22:00:00,14.175,14.197,14.175,14.196,620,0
2017-11-24,17:00:00,14.233,14.251,14.233,14.251,1089,0
2017-11-24,19:00:00,14.187,14.187,14.187,14.187,103,0
2017-11-28,19:00:00,13.99,14.01,13.933,14.01,860,0
2017-11-29,16:00:00,13.846,13.875,13.846,13.865,989,0
2017-11-29,17:00:00,13.827,13.843,13.827,13.843,207,0
2017-11-29,22:00:00,13.752,13.809,13.739,13.809,659,0
2017-11-30,20:00:00,14.229,14.229,14.229,14.229,517,0
2017-12-01,19:00:00,14.52,14.52,14.52,14.52,284,0
2017-12-01,22:00:00,14.474,14.523,14.474,14.523,5654,0
2017-12-04,20:00:00,14.514,14.542,14.514,14.534,498,0
2017-12-04,21:00:00,14.484,14.484,14.484,14.484,13539,0
2017-12-05,17:00:00,14.416,14.416,14.412,14.412,930,0
2017-12-05,18:00:00,14.359,14.359,14.349,14.349,207,0
2017-12-05,19:00:00,14.436,14.436,14.436,14.436,103,0
2017-12-05,20:00:00,14.446,14.446,14.446,14.446,103,0
2017-12-05,21:00:00,14.416,14.474,14.388,14.474,584,0
2017-12-05,22:00:00,14.378,14.474,14.378,14.378,414,0
2017-12-06,17:00:00,14.262,14.262,14.262,14.262,490,0
2017-12-06,18:00:00,14.155,14.155,14.155,14.155,2688,0
2017-12-06,19:00:00,14.125,14.149,14.114,14.114,4231,0
2017-12-06,20:00:00,14.088,14.131,14.088,14.131,2244,0
2017-12-07,17:00:00,14.156,14.184,14.155,14.155,1716,0
2017-12-07,19:00:00,14.17,14.17,14.17,14.17,207,0
2017-12-07,20:00:00,14.32,14.32,14.32,14.32,207,0
2017-12-07,21:00:00,14.349,14.349,14.349,14.349,414,0
2017-12-07,22:00:00,14.349,14.349,14.349,14.349,147,0
2017-12-08,19:00:00,14.461,14.461,14.461,14.461,103,0
2017-12-08,21:00:00,14.421,14.421,14.421,14.421,195,0
2017-12-11,20:00:00,14.669,14.669,14.669,14.669,103,0
2017-12-11,22:00:00,14.727,14.735,14.701,14.701,982,0
2017-12-12,19:00:00,14.75,14.75,14.75,14.75,207,0
2017-12-12,22:00:00,14.775,14.861,14.775,14.861,723,0
2017-12-13,16:00:00,14.862,14.862,14.794,14.794,590,0
2017-12-13,18:00:00,14.765,14.765,14.765,14.765,103,0
2017-12-13,19:00:00,14.825,14.825,14.818,14.818,723,0
2017-12-13,20:00:00,14.881,14.984,14.881,14.984,1137,0
2017-12-13,21:00:00,14.862,14.902,14.852,14.852,930,0
2017-12-13,22:00:00,14.891,14.891,14.852,14.852,207,0
2017-12-14,20:00:00,15.012,15.012,15.012,15.012,310,0
2017-12-14,21:00:00,14.988,14.988,14.948,14.948,310,0
2017-12-14,22:00:00,14.948,15.026,14.92,14.92,1396,0
2017-12-15,19:00:00,14.818,14.818,14.818,14.818,103,0
2017-12-15,22:00:00,14.845,14.845,14.833,14.833,795,0
2017-12-18,16:00:00,14.9,14.9,14.9,14.9,2790,0
2017-12-18,17:00:00,15.041,15.055,15.041,15.055,1266,0
2017-12-18,18:00:00,15.075,15.094,15.056,15.061,5528,0
2017-12-18,19:00:00,14.945,14.945,14.945,14.945,207,0
2017-12-18,20:00:00,14.94,14.94,14.94,14.94,775,0
2017-12-18,21:00:00,14.9,14.9,14.9,14.9,1240,0
2017-12-18,22:00:00,14.9,14.9,14.9,14.9,414,0
2017-12-19,16:00:00,14.881,14.911,14.881,14.911,729,0
2017-12-19,17:00:00,14.842,14.842,14.833,14.833,620,0
2017-12-19,20:00:00,14.862,14.863,14.833,14.863,1535,0
2017-12-19,21:00:00,14.852,14.852,14.76,14.76,1843,0
2017-12-20,16:00:00,14.707,14.736,14.707,14.736,1757,0
2017-12-20,17:00:00,14.64,14.656,14.64,14.656,449,0
2017-12-20,18:00:00,14.649,14.669,14.601,14.601,310,0
2017-12-20,19:00:00,14.586,14.586,14.581,14.581,310,0
2017-12-20,20:00:00,14.562,14.562,14.562,14.562,103,0
2017-12-20,21:00:00,14.591,14.591,14.591,14.591,207,0
2017-12-20,22:00:00,14.591,14.649,14.591,14.649,474,0
2017-12-21,19:00:00,14.728,14.728,14.728,14.728,103,0
2017-12-21,20:00:00,14.794,14.794,14.794,14.794,2609,0
2017-12-21,22:00:00,14.755,14.755,14.755,14.755,207,0
2017-12-22,18:00:00,14.794,14.794,14.794,14.794,2688,0
2017-12-22,19:00:00,14.852,14.852,14.852,14.852,294,0
2017-12-22,20:00:00,14.825,14.825,14.825,14.825,109,0
2017-12-22,21:00:00,14.891,14.891,14.872,14.872,517,0
2017-12-22,22:00:00,14.872,14.872,14.804,14.804,2015,0
2017-12-26,20:00:00,14.905,14.905,14.881,14.881,2050,0
2017-12-27,20:00:00,14.962,14.962,14.962,14.962,620,0
2017-12-27,21:00:00,14.948,14.948,14.918,14.918,2067,0
2017-12-28,16:00:00,14.852,14.852,14.852,14.852,1015,0
2017-12-28,17:00:00,14.883,14.883,14.883,14.883,775,0
2017-12-28,18:00:00,14.968,15.026,14.968,15.026,310,0
2017-12-28,19:00:00,15.007,15.007,14.891,14.891,671,0
2017-12-28,20:00:00,14.988,15.007,14.862,15.007,805,0
2017-12-28,21:00:00,14.93,15.046,14.92,14.953,1672,0
2017-12-28,22:00:00,14.92,14.948,14.891,14.91,4587,0
2017-12-29,16:00:00,14.91,14.91,14.891,14.891,458,0
2017-12-29,18:00:00,14.851,14.851,14.851,14.851,815,0
2017-12-29,19:00:00,14.941,14.941,14.941,14.941,433,0
2017-12-29,20:00:00,14.94,14.94,14.94,14.94,102,0
2018-01-02,17:00:00,15.247,15.247,15.247,15.247,669,0
2018-01-02,18:00:00,15.226,15.226,15.226,15.226,121,0
2018-01-02,19:00:00,15.224,15.224,15.224,15.224,204,0
2018-01-02,20:00:00,15.288,15.288,15.288,15.288,294,0
2018-01-04,19:00:00,15.646,15.723,15.646,15.723,255,0
2018-01-04,21:00:00,15.735,15.735,15.735,15.735,382,0
2018-01-05,22:00:00,15.58,15.58,15.58,15.58,408,0
2018-01-08,16:00:00,15.47,15.548,15.47,15.548,807,0
2018-01-08,18:00:00,15.558,15.558,15.558,15.558,102,0
2018-01-08,21:00:00,15.718,15.718,15.695,15.695,584,0
2018-01-09,19:00:00,15.721,15.721,15.721,15.721,204,0
2018-01-10,21:00:00,15.74,15.74,15.74,15.74,1936,0
2018-01-10,22:00:00,15.778,15.778,15.778,15.778,331,0
2018-01-11,18:00:00,15.986,16.022,15.986,16.005,1554,0
2018-01-11,20:00:00,15.956,15.956,15.956,15.956,102,0
2018-01-11,21:00:00,16.039,16.039,16.039,16.039,815,0
2018-01-11,22:00:00,16.068,16.068,16.068,16.068,147,0
2018-01-12,19:00:00,15.995,15.995,15.995,15.995,204,0
2018-01-12,22:00:00,16.186,16.192,16.167,16.167,2589,0
2018-01-16,18:00:00,16.304,16.304,16.295,16.304,917,0
2018-01-16,19:00:00,16.207,16.207,16.207,16.207,204,0
2018-01-16,20:00:00,16.269,16.285,16.269,16.285,5558,0
2018-01-16,22:00:00,16.108,16.137,16.108,16.137,1979,0
2018-01-17,19:00:00,16.008,16.009,15.921,15.921,2451,0
2018-01-17,20:00:00,16.004,16.004,16.004,16.004,306,0
2018-01-17,21:00:00,16.098,16.098,16.098,16.098,204,0
2018-01-17,22:00:00,16.098,16.098,16.074,16.074,1426,0
2018-01-18,19:00:00,15.989,15.989,15.989,15.989,196,0
2018-01-19,21:00:00,15.933,15.961,15.933,15.961,713,0
2018-01-19,22:00:00,15.961,16.059,15.921,16.059,4992,0
2018-01-22,18:00:00,16.259,16.259,16.259,16.259,178,0
2018-01-22,21:00:00,16.343,16.343,16.343,16.343,102,0
2018-01-23,17:00:00,16.411,16.411,16.411,16.411,204,0
2018-01-23,22:00:00,16.555,16.555,16.555,16.555,357,0
2018-01-24,16:00:00,16.432,16.5,16.432,16.5,255,0
2018-01-24,18:00:00,16.488,16.488,16.488,16.488,509,0
2018-01-24,19:00:00,16.489,16.489,16.456,16.456,313,0
2018-01-25,18:00:00,16.451,16.451,16.424,16.424,815,0
2018-01-25,21:00:00,16.373,16.373,16.373,16.373,611,0
2018-01-25,22:00:00,16.343,16.343,16.343,16.343,204,0
2018-01-26,20:00:00,16.448,16.448,16.448,16.448,586,0
2018-01-29,16:00:00,16.314,16.314,16.275,16.275,651,0
2018-01-29,19:00:00,16.255,16.255,16.23,16.25,650,0
2018-01-29,20:00:00,16.239,16.239,16.233,16.233,713,0
2018-01-31,19:00:00,15.907,15.907,15.907,15.907,211,0
2018-01-31,20:00:00,15.827,15.892,15.784,15.784,2848,0
2018-01-31,22:00:00,15.822,15.822,15.822,15.822,484,0
2018-02-01,16:00:00,15.921,15.921,15.921,15.921,306,0
2018-02-01,19:00:00,15.946,15.946,15.946,15.946,185,0
2018-02-01,20:00:00,15.887,15.887,15.852,15.852,236,0
2018-02-01,22:00:00,15.931,15.931,15.931,15.931,102,0
2018-02-02,17:00:00,15.764,15.825,15.764,15.825,310,0
2018-02-02,20:00:00,15.735,15.735,15.735,15.735,102,0
2018-02-02,21:00:00,15.752,15.752,15.752,15.752,1080,0
2018-02-02,22:00:00,15.685,15.686,15.547,15.547,2521,0
2018-02-05,20:00:00,15.49,15.49,15.49,15.49,662,0
2018-02-05,22:00:00,15.156,15.215,15.156,15.215,232,0
2018-02-06,16:00:00,15.286,15.362,15.286,15.362,713,0
2018-02-06,17:00:00,15.362,15.362,15.146,15.205,306,0
2018-02-06,18:00:00,15.185,15.254,15.175,15.254,306,0
2018-02-06,19:00:00,15.293,15.445,15.293,15.322,306,0
2018-02-06,20:00:00,15.322,15.322,15.313,15.313,204,0
2018-02-06,21:00:00,15.254,15.381,15.254,15.381,306,0
2018-02-06,22:00:00,15.499,15.617,15.499,15.538,408,0
2018-02-07,18:00:00,15.453,15.453,15.453,15.453,1452,0
2018-02-07,19:00:00,15.426,15.426,15.426,15.426,306,0
2018-02-07,20:00:00,15.391,15.391,15.391,15.391,102,0
2018-02-08,18:00:00,15.32,15.32,15.32,15.32,325,0
2018-02-08,20:00:00,15.331,15.331,15.331,15.331,102,0
2018-02-09,18:00:00,14.666,14.674,14.666,14.674,858,0
2018-02-09,20:00:00,14.503,14.503,14.503,14.503,102,0
2018-02-12,20:00:00,14.974,14.974,14.974,14.974,153,0
2018-02-13,16:00:00,14.802,14.881,14.802,14.881,525,0
2018-02-13,19:00:00,15.205,15.205,15.205,15.205,102,0
2018-02-13,20:00:00,15.229,15.254,15.218,15.254,408,0
2018-02-13,21:00:00,15.234,15.234,15.215,15.215,204,0
2018-02-13,22:00:00,15.254,15.273,15.254,15.254,509,0
2018-02-14,19:00:00,15.154,15.154,15.154,15.154,192,0
2018-02-16,17:00:00,14.811,14.811,14.776,14.787,1861,0
2018-02-16,19:00:00,15.027,15.027,15.027,15.027,458,0
2018-02-16,20:00:00,14.929,14.929,14.929,14.929,127,0
2018-02-16,22:00:00,14.805,14.884,14.805,14.884,1466,0
2018-02-20,19:00:00,15.105,15.105,15.105,15.105,102,0
2018-02-20,20:00:00,15.01,15.01,15.01,15.01,102,0
2018-02-20,22:00:00,14.905,14.91,14.862,14.862,764,0
2018-02-21,16:00:00,14.88,14.88,14.88,14.88,102,0
2018-02-21,17:00:00,14.88,14.91,14.88,14.91,3769,0
2018-02-21,19:00:00,14.807,14.807,14.807,14.807,102,0
2018-02-21,22:00:00,14.783,14.783,14.665,14.783,458,0
2018-02-22,18:00:00,14.694,14.724,14.694,14.724,458,0
2018-02-22,19:00:00,14.684,14.684,14.684,14.684,102,0
2018-02-23,16:00:00,14.567,14.567,14.567,14.567,586,0
2018-02-23,18:00:00,14.494,14.557,14.494,14.557,357,0
2018-02-23,19:00:00,14.673,14.673,14.673,14.673,204,0
2018-02-23,20:00:00,14.616,14.616,14.616,14.616,366,0
2018-02-23,22:00:00,14.67,14.67,14.67,14.67,157,0
2018-02-26,18:00:00,14.537,14.537,14.533,14.533,408,0
2018-02-26,19:00:00,14.562,14.562,14.562,14.562,102,0
2018-02-26,22:00:00,14.626,14.626,14.626,14.626,102,0
2018-02-27,18:00:00,14.547,14.547,14.547,14.547,1353,0
2018-02-27,19:00:00,14.508,14.508,14.508,14.508,102,0
2018-02-27,21:00:00,14.601,14.601,14.601,14.601,139,0
2018-02-27,22:00:00,14.547,14.547,14.458,14.527,1273,0
2018-02-28,19:00:00,14.513,14.513,14.513,14.513,102,0
2018-03-01,21:00:00,14.145,14.282,14.136,14.254,2359,0
2018-03-01,22:00:00,14.3,14.3,14.3,14.3,408,0
2018-03-02,18:00:00,14.051,14.051,14.051,14.051,373,0
2018-03-02,22:00:00,14.223,14.223,14.223,14.223,117,0
2018-03-05,19:00:00,14.311,14.408,14.311,14.408,509,0
2018-03-05,21:00:00,14.314,14.314,14.314,14.314,866,0
2018-03-06,19:00:00,14.311,14.311,14.297,14.297,323,0
2018-03-06,20:00:00,14.255,14.255,14.255,14.255,123,0
2018-03-07,20:00:00,14.096,14.096,14.096,14.096,6062,0
2018-03-07,21:00:00,14.154,14.174,14.154,14.154,408,0
2018-03-07,22:00:00,14.123,14.213,14.12,14.213,1590,0
2018-03-09,18:00:00,14.213,14.247,14.213,14.247,340,0
2018-03-09,21:00:00,14.23,14.23,14.23,14.23,963,0
2018-03-12,17:00:00,14.391,14.391,14.391,14.391,713,0
2018-03-13,15:00:00,14.665,14.665,14.665,14.665,265,0
2018-03-13,21:00:00,14.537,14.537,14.474,14.474,515,0
2018-03-14,19:00:00,14.243,14.243,14.243,14.243,102,0
2018-03-16,17:00:00,14.007,14.007,14.007,14.007,381,0
2018-03-16,19:00:00,13.929,13.929,13.929,13.929,209,0
2018-03-19,21:00:00,13.355,13.355,13.35,13.35,357,0
2018-03-20,17:00:00,13.2,13.2,13.2,13.2,280,0
2018-03-20,19:00:00,13.165,13.165,13.165,13.165,445,0
2018-03-20,20:00:00,13.183,13.183,13.183,13.183,102,0
2018-03-21,16:00:00,13.389,13.389,13.389,13.389,228,0
2018-03-21,21:00:00,13.399,13.399,13.399,13.399,153,0
2018-03-22,18:00:00,13.305,13.305,13.305,13.305,124,0
2018-03-22,20:00:00,13.185,13.185,13.185,13.185,382,0
2018-03-22,21:00:00,12.986,12.986,12.977,12.977,713,0
2018-03-23,18:00:00,13.089,13.094,13.089,13.094,713,0
2018-03-23,19:00:00,13.094,13.094,13.094,13.094,102,0
2018-03-23,20:00:00,13.075,13.075,13.075,13.075,204,0
2018-03-23,21:00:00,13.035,13.055,13.035,13.055,306,0
2018-03-26,16:00:00,13.163,13.163,13.163,13.163,306,0
2018-03-26,18:00:00,12.986,12.986,12.986,12.986,202,0
2018-03-26,19:00:00,12.873,12.873,12.873,12.873,285,0
2018-03-26,22:00:00,12.927,12.927,12.927,12.927,102,0
2018-03-27,17:00:00,13.054,13.054,13.054,13.054,401,0
2018-03-27,19:00:00,13.065,13.065,13.065,13.065,102,0
2018-03-27,20:00:00,13.045,13.045,13.045,13.045,306,0
2018-03-27,21:00:00,13.045,13.045,12.947,12.947,306,0
2018-03-27,22:00:00,12.888,12.97,12.77,12.79,1163,0
2018-03-28,22:00:00,13.08,13.08,13.08,13.08,158,0
2018-03-29,18:00:00,13.1563,13.1563,13.1563,13.1563,425,0
2018-03-29,19:00:00,13.0501,13.0501,13.05,13.05,575,0
2018-03-29,20:00:00,13.11,13.11,13.11,13.11,100,0
2018-03-29,21:00:00,13.03,13.03,13.03,13.03,100,0
2018-03-29,22:00:00,13.13,13.13,13.11,13.11,1175,0
