Date,Time,Open,High,Low,Close,Volume,OpenInt
2017-09-06,16:00:00,57.231,57.359,57.231,57.251,9818,0
2017-09-06,17:00:00,57.278,57.33,57.27,57.275,15384,0
2017-09-06,18:00:00,57.32,57.32,57.251,57.27,19154,0
2017-09-06,19:00:00,57.28,57.326,57.261,57.3,11471,0
2017-09-06,20:00:00,57.3,57.339,57.3,57.328,8595,0
2017-09-06,21:00:00,57.329,57.389,57.32,57.379,22665,0
2017-09-06,22:00:00,57.359,57.415,57.359,57.359,26190,0
2017-09-07,16:00:00,57.399,57.447,57.339,57.359,17785,0
2017-09-07,17:00:00,57.349,57.359,57.285,57.359,14219,0
2017-09-07,18:00:00,57.344,57.344,57.247,57.28,6247,0
2017-09-07,19:00:00,57.29,57.33,57.241,57.33,10917,0
2017-09-07,20:00:00,57.336,57.344,57.3,57.3,16699,0
2017-09-07,21:00:00,57.326,57.379,57.326,57.373,22831,0
2017-09-07,22:00:00,57.397,57.429,57.369,57.409,15366,0
2017-09-08,16:00:00,57.31,57.33,57.232,57.31,8292,0
2017-09-08,17:00:00,57.369,57.509,57.369,57.509,12725,0
2017-09-08,18:00:00,57.537,57.616,57.536,57.586,12934,0
2017-09-08,19:00:00,57.552,57.566,57.472,57.566,4932,0
2017-09-08,20:00:00,57.587,57.635,57.586,57.635,9018,0
2017-09-08,21:00:00,57.63,57.684,57.617,57.675,12391,0
2017-09-08,22:00:00,57.667,57.667,57.599,57.625,12462,0
2017-09-11,16:00:00,57.763,57.998,57.763,57.944,18306,0
2017-09-11,17:00:00,57.949,57.961,57.921,57.951,7575,0
2017-09-11,18:00:00,57.953,58.045,57.947,58.028,8593,0
2017-09-11,19:00:00,58.029,58.098,58.026,58.067,3924,0
2017-09-11,20:00:00,58.07,58.078,58.038,58.038,13079,0
2017-09-11,21:00:00,58.033,58.068,58.009,58.04,24556,0
2017-09-11,22:00:00,58.028,58.078,58.019,58.078,28441,0
2017-09-12,16:00:00,58.108,58.202,58.068,58.187,224449,0
2017-09-12,17:00:00,58.191,58.206,58.068,58.094,26069,0
2017-09-12,18:00:00,58.094,58.117,58.058,58.078,26293,0
2017-09-12,19:00:00,58.075,58.16,58.068,58.151,10359,0
2017-09-12,20:00:00,58.157,58.157,58.067,58.088,19924,0
2017-09-12,21:00:00,58.078,58.118,58.038,58.118,27335,0
2017-09-12,22:00:00,58.124,58.177,58.096,58.177,21323,0
2017-09-13,16:00:00,58.138,58.167,58.019,58.161,11379,0
2017-09-13,17:00:00,58.134,58.174,58.118,58.148,8663,0
2017-09-13,18:00:00,58.134,58.167,58.088,58.148,11913,0
2017-09-13,19:00:00,58.152,58.167,58.118,58.167,14099,0
2017-09-13,20:00:00,58.157,58.177,58.126,58.126,26691,0
2017-09-13,21:00:00,58.118,58.127,58.098,58.118,20272,0
2017-09-13,22:00:00,58.096,58.134,58.088,58.128,23032,0
2017-09-14,16:00:00,58.078,58.098,57.999,58.009,10997,0
2017-09-14,17:00:00,58.019,58.038,57.989,58.019,19846,0
2017-09-14,18:00:00,58.017,58.088,58.001,58.07,10037,0
2017-09-14,19:00:00,58.081,58.152,58.068,58.138,11759,0
2017-09-14,20:00:00,58.113,58.158,58.098,58.158,11334,0
2017-09-14,21:00:00,58.164,58.206,58.157,58.192,11549,0
2017-09-14,22:00:00,58.195,58.216,58.157,58.206,24770,0
2017-09-15,16:00:00,58.255,58.255,58.226,58.226,9089,0
2017-09-15,17:00:00,58.206,58.232,58.145,58.188,12610,0
2017-09-15,18:00:00,58.187,58.245,58.187,58.235,11819,0
2017-09-15,19:00:00,58.245,58.255,58.229,58.234,8483,0
2017-09-15,20:00:00,58.245,58.255,58.226,58.226,10034,0
2017-09-15,21:00:00,58.235,58.275,58.206,58.254,12583,0
2017-09-15,22:00:00,58.254,58.295,58.245,58.285,45304,0
2017-09-18,16:00:00,58.344,58.462,58.324,58.453,21260,0
2017-09-18,17:00:00,58.453,58.46,58.423,58.439,33137,0
2017-09-18,18:00:00,58.449,58.459,58.399,58.399,6985,0
2017-09-18,19:00:00,58.413,58.413,58.363,58.386,16345,0
2017-09-18,20:00:00,58.373,58.413,58.363,58.383,20668,0
2017-09-18,21:00:00,58.373,58.401,58.339,58.396,20031,0
2017-09-18,22:00:00,58.399,58.443,58.396,58.443,25887,0
2017-09-19,16:00:00,58.473,58.54,58.403,58.413,10020,0
2017-09-19,17:00:00,58.393,58.433,58.373,58.423,9014,0
2017-09-19,18:00:00,58.413,58.453,58.382,58.433,23396,0
2017-09-19,19:00:00,58.448,58.493,58.418,58.486,17530,0
2017-09-19,20:00:00,58.477,58.501,58.453,58.465,13172,0
2017-09-19,21:00:00,58.469,58.483,58.433,58.454,12647,0
2017-09-19,22:00:00,58.452,58.511,58.433,58.483,18912,0
2017-09-20,16:00:00,58.531,58.63,58.493,58.587,32558,0
2017-09-20,17:00:00,58.576,58.6,58.54,58.6,14851,0
2017-09-20,18:00:00,58.63,58.659,58.6,58.64,12856,0
2017-09-20,19:00:00,58.646,58.66,58.618,58.625,25834,0
2017-09-20,20:00:00,58.616,58.616,58.542,58.56,9087,0
2017-09-20,21:00:00,58.55,58.55,58.312,58.466,20225,0
2017-09-20,22:00:00,58.455,58.59,58.455,58.59,27004,0
2017-09-21,16:00:00,58.511,58.542,58.413,58.463,10811,0
2017-09-21,17:00:00,58.473,58.493,58.443,58.459,9605,0
2017-09-21,18:00:00,58.463,58.493,58.393,58.393,13234,0
2017-09-21,19:00:00,58.403,58.443,58.403,58.423,7742,0
2017-09-21,20:00:00,58.409,58.409,58.334,58.361,9570,0
2017-09-21,21:00:00,58.344,58.347,58.286,58.33,13921,0
2017-09-21,22:00:00,58.354,58.354,58.261,58.295,14884,0
2017-09-22,16:00:00,58.235,58.385,58.235,58.354,6666,0
2017-09-22,17:00:00,58.351,58.383,58.344,58.348,20060,0
2017-09-22,18:00:00,58.357,58.373,58.336,58.373,12008,0
2017-09-22,19:00:00,58.393,58.403,58.34,58.344,10637,0
2017-09-22,20:00:00,58.351,58.373,58.325,58.325,10676,0
2017-09-22,21:00:00,58.329,58.335,58.295,58.334,18872,0
2017-09-22,22:00:00,58.344,58.423,58.342,58.373,19060,0
2017-09-25,16:00:00,58.511,58.57,58.413,58.549,24387,0
2017-09-25,17:00:00,58.6,58.666,58.557,58.557,8586,0
2017-09-25,18:00:00,58.483,58.58,58.469,58.535,6415,0
2017-09-25,19:00:00,58.511,58.6,58.501,58.571,8759,0
2017-09-25,20:00:00,58.596,58.63,58.59,58.59,13344,0
2017-09-25,21:00:00,58.608,58.62,58.58,58.607,22424,0
2017-09-25,22:00:00,58.604,58.64,58.58,58.63,36625,0
2017-09-26,16:00:00,58.55,58.738,58.55,58.718,50494,0
2017-09-26,17:00:00,58.738,58.738,58.6,58.6,34226,0
2017-09-26,18:00:00,58.617,58.65,58.6,58.628,17098,0
2017-09-26,19:00:00,58.633,58.636,58.555,58.566,8466,0
2017-09-26,20:00:00,58.57,58.63,58.55,58.609,11843,0
2017-09-26,21:00:00,58.584,58.6,58.561,58.595,33064,0
2017-09-26,22:00:00,58.609,58.665,58.55,58.57,53161,0
2017-09-27,16:00:00,58.771,58.771,58.465,58.465,29832,0
2017-09-27,17:00:00,58.485,58.494,58.216,58.216,16084,0
2017-09-27,18:00:00,58.232,58.336,58.228,58.319,26957,0
2017-09-27,19:00:00,58.316,58.336,58.281,58.326,10459,0
2017-09-27,20:00:00,58.336,58.394,58.296,58.394,14544,0
2017-09-27,21:00:00,58.41,58.523,58.405,58.523,15451,0
2017-09-27,22:00:00,58.553,58.602,58.514,58.514,63545,0
2017-09-28,16:00:00,58.583,58.699,58.494,58.673,14833,0
2017-09-28,17:00:00,58.683,58.732,58.623,58.711,32863,0
2017-09-28,18:00:00,58.699,58.798,58.699,58.781,15096,0
2017-09-28,19:00:00,58.791,58.84,58.776,58.827,24574,0
2017-09-28,20:00:00,58.812,58.831,58.781,58.823,13892,0
2017-09-28,21:00:00,58.841,58.841,58.784,58.81,9295,0
2017-09-28,22:00:00,58.791,58.831,58.776,58.821,21427,0
2017-09-29,16:00:00,58.752,58.88,58.752,58.841,15621,0
2017-09-29,17:00:00,58.871,58.983,58.841,58.969,16371,0
2017-09-29,18:00:00,58.93,58.94,58.89,58.93,11868,0
2017-09-29,19:00:00,58.929,58.94,58.882,58.882,14281,0
2017-09-29,20:00:00,58.871,58.91,58.851,58.866,13910,0
2017-09-29,21:00:00,58.862,58.89,58.851,58.88,22227,0
2017-09-29,22:00:00,58.89,58.91,58.862,58.88,14003,0
2017-10-02,16:00:00,58.97,58.98,58.841,58.949,32622,0
2017-10-02,17:00:00,58.95,59.044,58.92,59.019,22362,0
2017-10-02,18:00:00,59.032,59.078,58.987,59.048,17876,0
2017-10-02,19:00:00,59.048,59.107,59.047,59.098,18397,0
2017-10-02,20:00:00,59.107,59.148,59.105,59.139,16779,0
2017-10-02,21:00:00,59.148,59.148,59.088,59.123,10564,0
2017-10-02,22:00:00,59.125,59.158,59.078,59.158,82978,0
2017-10-03,16:00:00,59.257,59.277,59.198,59.217,18248,0
2017-10-03,17:00:00,59.217,59.267,59.193,59.208,19331,0
2017-10-03,18:00:00,59.217,59.242,59.177,59.236,19476,0
2017-10-03,19:00:00,59.227,59.246,59.207,59.217,24869,0
2017-10-03,20:00:00,59.227,59.227,59.188,59.214,15606,0
2017-10-03,21:00:00,59.217,59.237,59.198,59.208,108540,0
2017-10-03,22:00:00,59.217,59.277,59.208,59.267,63062,0
2017-10-04,16:00:00,59.208,59.356,59.208,59.356,10387,0
2017-10-04,17:00:00,59.352,59.405,59.316,59.395,10951,0
2017-10-04,18:00:00,59.41,59.494,59.395,59.485,13407,0
2017-10-04,19:00:00,59.505,59.505,59.471,59.495,12713,0
2017-10-04,20:00:00,59.497,59.515,59.445,59.485,9685,0
2017-10-04,21:00:00,59.495,59.504,59.455,59.48,14076,0
2017-10-04,22:00:00,59.485,59.514,59.46,59.485,15199,0
2017-10-05,16:00:00,59.633,59.673,59.567,59.643,21207,0
2017-10-05,17:00:00,59.641,59.696,59.584,59.696,21077,0
2017-10-05,18:00:00,59.693,59.802,59.693,59.798,10781,0
2017-10-05,19:00:00,59.811,59.82,59.703,59.703,19329,0
2017-10-05,20:00:00,59.713,59.75,59.696,59.701,48749,0
2017-10-05,21:00:00,59.693,59.718,59.685,59.696,30378,0
2017-10-05,22:00:00,59.693,59.713,59.659,59.693,23241,0
2017-10-06,16:00:00,59.663,59.663,59.515,59.603,17564,0
2017-10-06,17:00:00,59.622,59.643,59.548,59.572,23683,0
2017-10-06,18:00:00,59.562,59.572,59.487,59.511,17975,0
2017-10-06,19:00:00,59.495,59.525,59.485,59.498,13382,0
2017-10-06,20:00:00,59.498,59.518,59.465,59.492,17724,0
2017-10-06,21:00:00,59.524,59.525,59.495,59.505,19211,0
2017-10-06,22:00:00,59.51,59.525,59.478,59.515,50732,0
2017-10-09,16:00:00,59.623,59.623,59.441,59.445,9315,0
2017-10-09,17:00:00,59.425,59.427,59.386,59.414,16435,0
2017-10-09,18:00:00,59.415,59.482,59.41,59.476,6122,0
2017-10-09,19:00:00,59.475,59.485,59.41,59.41,17707,0
2017-10-09,20:00:00,59.413,59.449,59.413,59.445,19032,0
2017-10-09,21:00:00,59.443,59.449,59.376,59.376,13603,0
2017-10-09,22:00:00,59.366,59.366,59.267,59.346,12400,0
2017-10-10,16:00:00,59.525,59.633,59.445,59.595,17968,0
2017-10-10,17:00:00,59.583,59.583,59.478,59.495,13725,0
2017-10-10,18:00:00,59.495,59.523,59.475,59.485,16735,0
2017-10-10,19:00:00,59.505,59.573,59.495,59.538,14270,0
2017-10-10,20:00:00,59.544,59.573,59.525,59.553,14094,0
2017-10-10,21:00:00,59.551,59.551,59.495,59.5,17480,0
2017-10-10,22:00:00,59.5,59.573,59.499,59.573,24480,0
2017-10-11,16:00:00,59.653,59.673,59.618,59.633,12798,0
2017-10-11,17:00:00,59.613,59.703,59.613,59.703,9700,0
2017-10-11,18:00:00,59.653,59.741,59.653,59.725,11018,0
2017-10-11,19:00:00,59.732,59.782,59.713,59.738,16056,0
2017-10-11,20:00:00,59.743,59.782,59.743,59.762,17168,0
2017-10-11,21:00:00,59.762,59.802,59.732,59.76,20679,0
2017-10-11,22:00:00,59.756,59.831,59.747,59.821,28973,0
2017-10-12,16:00:00,59.772,59.811,59.673,59.731,22482,0
2017-10-12,17:00:00,59.761,59.9,59.752,59.9,24004,0
2017-10-12,18:00:00,59.91,59.94,59.891,59.919,101732,0
2017-10-12,19:00:00,59.91,59.94,59.895,59.94,17210,0
2017-10-12,20:00:00,59.94,59.999,59.94,59.983,10163,0
2017-10-12,21:00:00,59.99,60.01,59.98,60.01,14730,0
2017-10-12,22:00:00,60.005,60.03,59.94,60.01,65942,0
2017-10-13,16:00:00,60.078,60.198,60.078,60.118,18738,0
2017-10-13,17:00:00,60.098,60.257,60.098,60.188,20434,0
2017-10-13,18:00:00,60.188,60.214,60.153,60.182,16505,0
2017-10-13,19:00:00,60.178,60.226,60.169,60.223,11933,0
2017-10-13,20:00:00,60.218,60.257,60.202,60.208,24664,0
2017-10-13,21:00:00,60.216,60.228,60.169,60.169,20709,0
2017-10-13,22:00:00,60.188,60.218,60.118,60.158,189416,0
2017-10-16,16:00:00,60.208,60.208,60.168,60.18,14972,0
2017-10-16,17:00:00,60.166,60.168,60.069,60.103,22672,0
2017-10-16,18:00:00,60.113,60.148,60.085,60.104,17281,0
2017-10-16,19:00:00,60.098,60.118,60.087,60.113,15932,0
2017-10-16,20:00:00,60.108,60.177,60.098,60.138,25926,0
2017-10-16,21:00:00,60.135,60.148,60.123,60.134,18780,0
2017-10-16,22:00:00,60.138,60.158,60.118,60.128,33768,0
2017-10-17,16:00:00,60.188,60.267,60.148,60.204,19744,0
2017-10-17,17:00:00,60.218,60.218,60.118,60.127,25716,0
2017-10-17,18:00:00,60.128,60.301,60.118,60.272,19327,0
2017-10-17,19:00:00,60.267,60.267,60.242,60.246,17472,0
2017-10-17,20:00:00,60.234,60.257,60.19,60.198,9873,0
2017-10-17,21:00:00,60.218,60.277,60.218,60.277,41606,0
2017-10-17,22:00:00,60.257,60.346,60.257,60.346,29337,0
2017-10-18,16:00:00,60.415,60.444,60.346,60.363,23102,0
2017-10-18,17:00:00,60.346,60.415,60.317,60.413,28937,0
2017-10-18,18:00:00,60.405,60.425,60.373,60.395,10714,0
2017-10-18,19:00:00,60.386,60.425,60.376,60.395,10470,0
2017-10-18,20:00:00,60.409,60.443,60.406,60.429,30089,0
2017-10-18,21:00:00,60.445,60.495,60.441,60.445,15549,0
2017-10-18,22:00:00,60.445,60.485,60.415,60.435,111811,0
2017-10-19,16:00:00,60.277,60.277,60.069,60.069,22871,0
2017-10-19,17:00:00,60.06,60.204,60.02,60.186,14696,0
2017-10-19,18:00:00,60.208,60.239,60.184,60.228,10508,0
2017-10-19,19:00:00,60.218,60.278,60.207,60.274,7006,0
2017-10-19,20:00:00,60.273,60.297,60.233,60.237,15180,0
2017-10-19,21:00:00,60.237,60.271,60.218,60.257,14395,0
2017-10-19,22:00:00,60.255,60.317,60.249,60.307,20539,0
2017-10-20,16:00:00,60.535,60.535,60.415,60.455,15466,0
2017-10-20,17:00:00,60.47,60.504,60.435,60.445,24726,0
2017-10-20,18:00:00,60.445,60.465,60.425,60.435,37284,0
2017-10-20,19:00:00,60.435,60.485,60.425,60.478,18099,0
2017-10-20,20:00:00,60.475,60.545,60.475,60.524,7360,0
2017-10-20,21:00:00,60.525,60.555,60.52,60.545,9605,0
2017-10-20,22:00:00,60.535,60.623,60.53,60.623,42092,0
2017-10-23,16:00:00,60.584,60.833,60.535,60.803,29962,0
2017-10-23,17:00:00,60.815,60.832,60.754,60.755,12905,0
2017-10-23,18:00:00,60.767,60.85,60.767,60.812,21903,0
2017-10-23,19:00:00,60.822,60.832,60.782,60.807,37890,0
2017-10-23,20:00:00,60.799,60.799,60.713,60.733,11819,0
2017-10-23,21:00:00,60.711,60.723,60.673,60.703,21649,0
2017-10-23,22:00:00,60.701,60.703,60.633,60.643,53144,0
2017-10-24,16:00:00,60.861,60.891,60.718,60.718,11985,0
2017-10-24,17:00:00,60.703,60.743,60.653,60.742,30751,0
2017-10-24,18:00:00,60.744,60.762,60.713,60.733,9291,0
2017-10-24,19:00:00,60.728,60.728,60.683,60.713,9850,0
2017-10-24,20:00:00,60.703,60.733,60.692,60.692,11459,0
2017-10-24,21:00:00,60.683,60.743,60.668,60.698,11885,0
2017-10-24,22:00:00,60.703,60.717,60.613,60.623,35915,0
2017-10-25,16:00:00,60.633,60.633,60.347,60.376,24282,0
2017-10-25,17:00:00,60.366,60.38,60.158,60.193,12247,0
2017-10-25,18:00:00,60.179,60.257,60.15,60.193,10621,0
2017-10-25,19:00:00,60.208,60.208,60.078,60.128,30287,0
2017-10-25,20:00:00,60.178,60.322,60.147,60.319,16701,0
2017-10-25,21:00:00,60.34,60.396,60.324,60.348,46470,0
2017-10-25,22:00:00,60.362,60.485,60.348,60.406,31317,0
2017-10-26,16:00:00,60.792,60.802,60.632,60.643,7983,0
2017-10-26,17:00:00,60.607,60.613,60.535,60.61,9759,0
2017-10-26,18:00:00,60.632,60.692,60.569,60.692,13616,0
2017-10-26,19:00:00,60.673,60.757,60.631,60.646,16465,0
2017-10-26,20:00:00,60.64,60.736,60.64,60.736,31339,0
2017-10-26,21:00:00,60.753,60.753,60.545,60.565,44394,0
2017-10-26,22:00:00,60.575,60.632,60.53,60.555,74188,0
2017-10-27,16:00:00,60.505,60.505,60.158,60.218,15385,0
2017-10-27,17:00:00,60.27,60.297,60.185,60.256,12159,0
2017-10-27,18:00:00,60.281,60.364,60.269,60.307,10950,0
2017-10-27,19:00:00,60.326,60.392,60.288,60.366,16150,0
2017-10-27,20:00:00,60.38,60.38,60.267,60.272,28968,0
2017-10-27,21:00:00,60.265,60.317,60.247,60.282,8586,0
2017-10-27,22:00:00,60.275,60.284,60.208,60.247,19616,0
2017-10-30,15:00:00,60.03,60.098,59.95,59.95,22737,0
2017-10-30,16:00:00,59.95,59.999,59.891,59.97,18659,0
2017-10-30,17:00:00,59.955,60,59.793,59.798,10704,0
2017-10-30,18:00:00,59.81,59.821,59.781,59.814,13274,0
2017-10-30,19:00:00,59.831,59.87,59.811,59.812,5869,0
2017-10-30,20:00:00,59.811,59.861,59.791,59.791,11945,0
2017-10-30,21:00:00,59.791,59.791,59.723,59.723,92827,0
2017-10-31,15:00:00,59.762,59.811,59.633,59.762,33598,0
2017-10-31,16:00:00,59.772,59.804,59.689,59.762,28425,0
2017-10-31,17:00:00,59.752,59.83,59.732,59.83,15559,0
2017-10-31,18:00:00,59.827,59.831,59.783,59.821,11567,0
2017-10-31,19:00:00,59.802,59.828,59.779,59.799,9633,0
2017-10-31,20:00:00,59.789,59.789,59.742,59.782,32482,0
2017-10-31,21:00:00,59.782,59.792,59.713,59.723,30544,0
2017-11-01,15:00:00,59.673,59.891,59.673,59.841,58324,0
2017-11-01,16:00:00,59.803,59.871,59.71,59.841,15557,0
2017-11-01,17:00:00,59.792,59.821,59.732,59.762,16297,0
2017-11-01,18:00:00,59.765,59.792,59.742,59.752,8553,0
2017-11-01,19:00:00,59.758,59.779,59.703,59.739,11558,0
2017-11-01,20:00:00,59.752,59.821,59.752,59.796,12467,0
2017-11-01,21:00:00,59.782,59.811,59.673,59.673,56662,0
2017-11-02,15:00:00,59.732,59.861,59.732,59.792,13715,0
2017-11-02,16:00:00,59.77,59.773,59.547,59.649,14132,0
2017-11-02,17:00:00,59.663,59.741,59.628,59.732,15173,0
2017-11-02,18:00:00,59.742,59.795,59.713,59.773,12155,0
2017-11-02,19:00:00,59.792,59.81,59.724,59.802,76262,0
2017-11-02,20:00:00,59.802,59.83,59.713,59.742,24027,0
2017-11-02,21:00:00,59.742,59.904,59.732,59.9,75834,0
2017-11-03,15:00:00,59.782,59.932,59.782,59.891,9796,0
2017-11-03,16:00:00,59.9,59.94,59.881,59.891,6843,0
2017-11-03,17:00:00,59.889,59.96,59.882,59.96,14182,0
2017-11-03,18:00:00,59.97,60.02,59.95,59.97,62749,0
2017-11-03,19:00:00,59.98,60.019,59.94,59.96,20549,0
2017-11-03,20:00:00,59.96,59.96,59.908,59.95,19693,0
2017-11-03,21:00:00,59.93,59.959,59.881,59.94,16904,0
2017-11-06,16:00:00,59.851,59.91,59.713,59.772,11768,0
2017-11-06,17:00:00,59.772,59.821,59.709,59.71,35759,0
2017-11-06,18:00:00,59.732,59.817,59.713,59.752,34821,0
2017-11-06,19:00:00,59.762,59.798,59.732,59.792,29466,0
2017-11-06,20:00:00,59.802,59.802,59.733,59.733,23117,0
2017-11-06,21:00:00,59.732,59.752,59.703,59.723,14016,0
2017-11-06,22:00:00,59.743,59.752,59.663,59.663,72658,0
2017-11-07,16:00:00,59.811,59.811,59.683,59.802,24715,0
2017-11-07,17:00:00,59.792,59.81,59.673,59.713,28423,0
2017-11-07,18:00:00,59.713,59.772,59.627,59.627,47784,0
2017-11-07,19:00:00,59.623,59.693,59.593,59.673,28022,0
2017-11-07,20:00:00,59.668,59.723,59.663,59.699,22437,0
2017-11-07,21:00:00,59.698,59.723,59.653,59.697,28401,0
2017-11-07,22:00:00,59.707,59.802,59.699,59.802,37442,0
2017-11-08,16:00:00,59.723,59.864,59.723,59.851,19240,0
2017-11-08,17:00:00,59.831,59.91,59.821,59.881,14367,0
2017-11-08,18:00:00,59.906,59.949,59.866,59.941,8141,0
2017-11-08,19:00:00,59.95,60.02,59.934,60.01,11236,0
2017-11-08,20:00:00,60.01,60.102,60.01,60.088,13213,0
2017-11-08,21:00:00,60.074,60.167,60.074,60.145,18104,0
2017-11-08,22:00:00,60.148,60.158,60.098,60.138,105264,0
2017-11-09,16:00:00,60.02,60.02,59.94,59.977,26346,0
2017-11-09,17:00:00,60.02,60.02,59.911,59.957,14060,0
2017-11-09,18:00:00,59.985,59.985,59.786,59.825,13015,0
2017-11-09,19:00:00,59.826,59.826,59.643,59.716,9189,0
2017-11-09,20:00:00,59.757,59.91,59.742,59.875,7319,0
2017-11-09,21:00:00,59.9,59.95,59.871,59.891,13792,0
2017-11-09,22:00:00,59.896,60.02,59.881,59.99,91353,0
2017-11-10,16:00:00,59.742,59.891,59.742,59.881,24256,0
2017-11-10,17:00:00,59.899,59.945,59.826,59.851,13695,0
2017-11-10,18:00:00,59.889,59.949,59.877,59.94,13262,0
2017-11-10,19:00:00,59.958,59.97,59.879,59.879,25126,0
2017-11-10,20:00:00,59.868,59.879,59.841,59.86,9276,0
2017-11-10,21:00:00,59.861,59.983,59.861,59.983,8238,0
2017-11-10,22:00:00,59.983,60.02,59.961,59.98,11708,0
2017-11-13,16:00:00,59.98,60.012,59.92,60.012,15278,0
2017-11-13,17:00:00,60.02,60.069,60.01,60.01,11702,0
2017-11-13,18:00:00,60.03,60.098,60.03,60.078,21542,0
2017-11-13,19:00:00,60.089,60.117,60.06,60.088,9104,0
2017-11-13,20:00:00,60.108,60.108,60.059,60.09,23808,0
2017-11-13,21:00:00,60.088,60.118,60.069,60.087,11996,0
2017-11-13,22:00:00,60.069,60.208,60.056,60.078,13036,0
2017-11-14,16:00:00,59.99,59.99,59.92,59.96,14760,0
2017-11-14,17:00:00,59.92,60.128,59.83,60.118,14718,0
2017-11-14,18:00:00,60.088,60.128,60.05,60.12,11961,0
2017-11-14,19:00:00,60.123,60.167,60.073,60.073,12531,0
2017-11-14,20:00:00,60.098,60.176,60.098,60.138,10447,0
2017-11-14,21:00:00,60.148,60.208,60.139,60.193,43256,0
2017-11-14,22:00:00,60.191,60.257,60.158,60.257,69857,0
2017-11-15,16:00:00,59.92,60.069,59.713,59.738,14384,0
2017-11-15,17:00:00,59.742,59.881,59.742,59.881,13671,0
2017-11-15,18:00:00,59.891,59.902,59.86,59.872,12800,0
2017-11-15,19:00:00,59.831,59.894,59.831,59.866,6572,0
2017-11-15,20:00:00,59.871,59.88,59.812,59.821,10820,0
2017-11-15,21:00:00,59.821,59.824,59.754,59.805,24363,0
2017-11-15,22:00:00,59.831,59.851,59.673,59.703,64233,0
2017-11-16,16:00:00,59.96,59.96,59.841,59.91,15559,0
2017-11-16,17:00:00,59.98,60.138,59.94,60.112,29495,0
2017-11-16,18:00:00,60.1,60.148,60.088,60.139,14462,0
2017-11-16,19:00:00,60.146,60.226,60.138,60.198,15613,0
2017-11-16,20:00:00,60.194,60.228,60.194,60.208,10295,0
2017-11-16,21:00:00,60.219,60.265,60.201,60.216,14520,0
2017-11-16,22:00:00,60.188,60.218,60.178,60.208,14369,0
2017-11-17,16:00:00,60.168,60.24,60.03,60.24,8291,0
2017-11-17,17:00:00,60.218,60.287,60.17,60.188,5930,0
2017-11-17,18:00:00,60.178,60.198,60.125,60.163,15238,0
2017-11-17,19:00:00,60.178,60.218,60.158,60.218,8711,0
2017-11-17,20:00:00,60.218,60.218,60.165,60.202,7513,0
2017-11-17,21:00:00,60.218,60.226,60.187,60.218,13426,0
2017-11-17,22:00:00,60.208,60.247,60.168,60.178,14339,0
2017-11-20,16:00:00,60.208,60.247,60.078,60.247,12737,0
2017-11-20,17:00:00,60.257,60.331,60.238,60.331,12572,0
2017-11-20,18:00:00,60.297,60.356,60.277,60.277,16409,0
2017-11-20,19:00:00,60.297,60.335,60.287,60.323,12181,0
2017-11-20,20:00:00,60.32,60.326,60.297,60.326,10152,0
2017-11-20,21:00:00,60.326,60.356,60.322,60.336,12956,0
2017-11-20,22:00:00,60.327,60.349,60.277,60.277,81648,0
2017-11-21,16:00:00,60.475,60.733,60.475,60.644,16343,0
2017-11-21,17:00:00,60.653,60.762,60.643,60.742,18344,0
2017-11-21,18:00:00,60.733,60.733,60.683,60.713,22024,0
2017-11-21,19:00:00,60.711,60.713,60.663,60.713,9245,0
2017-11-21,20:00:00,60.713,60.743,60.683,60.723,10280,0
2017-11-21,21:00:00,60.702,60.753,60.683,60.703,17855,0
2017-11-21,22:00:00,60.703,60.703,60.633,60.633,21491,0
2017-11-22,16:00:00,60.623,60.753,60.555,60.704,10807,0
2017-11-22,17:00:00,60.703,60.742,60.663,60.741,16641,0
2017-11-22,18:00:00,60.733,60.743,60.663,60.663,15816,0
2017-11-22,19:00:00,60.654,60.672,60.613,60.637,4219,0
2017-11-22,20:00:00,60.643,60.643,60.603,60.633,9493,0
2017-11-22,21:00:00,60.663,60.673,60.623,60.653,20877,0
2017-11-22,22:00:00,60.653,60.703,60.65,60.653,83682,0
2017-11-24,16:00:00,60.881,60.881,60.713,60.718,6741,0
2017-11-24,17:00:00,60.723,60.753,60.693,60.703,14629,0
2017-11-24,18:00:00,60.713,60.745,60.703,60.708,14824,0
2017-11-24,19:00:00,60.703,60.733,60.663,60.683,261115,0
2017-11-24,20:00:00,60.693,60.693,60.693,60.693,1033,0
2017-11-27,16:00:00,60.762,60.812,60.613,60.772,9949,0
2017-11-27,17:00:00,60.801,60.801,60.703,60.763,17502,0
2017-11-27,18:00:00,60.771,60.782,60.703,60.713,18843,0
2017-11-27,19:00:00,60.723,60.733,60.693,60.723,15991,0
2017-11-27,20:00:00,60.723,60.743,60.683,60.71,32302,0
2017-11-27,21:00:00,60.712,60.733,60.694,60.723,14049,0
2017-11-27,22:00:00,60.713,60.753,60.695,60.723,27378,0
2017-11-28,16:00:00,60.871,60.92,60.743,60.914,13941,0
2017-11-28,17:00:00,60.93,61.023,60.921,61.023,16866,0
2017-11-28,18:00:00,61.01,61.082,60.97,61.08,7475,0
2017-11-28,19:00:00,61.078,61.167,61.07,61.139,9410,0
2017-11-28,20:00:00,61.159,61.208,61.07,61.07,16716,0
2017-11-28,21:00:00,61.09,61.327,61.07,61.327,27610,0
2017-11-28,22:00:00,61.307,61.495,61.297,61.495,37881,0
2017-11-29,16:00:00,61.575,61.931,61.416,61.931,16034,0
2017-11-29,17:00:00,61.911,61.99,61.862,61.931,17737,0
2017-11-29,18:00:00,61.956,62,61.914,61.97,8969,0
2017-11-29,19:00:00,62,62.05,61.96,61.994,22255,0
2017-11-29,20:00:00,61.96,61.966,61.914,61.94,13957,0
2017-11-29,21:00:00,61.959,61.98,61.921,61.921,12325,0
2017-11-29,22:00:00,61.916,62.04,61.916,62.03,204505,0
2017-11-30,16:00:00,62.268,62.297,62.01,62.278,12353,0
2017-11-30,17:00:00,62.296,62.327,62.059,62.252,22236,0
2017-11-30,18:00:00,62.268,62.321,62.258,62.302,29455,0
2017-11-30,19:00:00,62.307,62.683,62.307,62.644,14460,0
2017-11-30,20:00:00,62.634,62.634,62.426,62.465,18661,0
2017-11-30,21:00:00,62.469,62.49,62.426,62.432,14776,0
2017-11-30,22:00:00,62.445,62.555,62.377,62.475,27060,0
2017-12-01,16:00:00,62.417,62.634,62.397,62.515,33724,0
2017-12-01,17:00:00,62.471,62.485,62.307,62.377,21537,0
2017-12-01,18:00:00,62.341,62.349,61.545,61.872,68472,0
2017-12-01,19:00:00,62,62.168,61.94,62.149,19076,0
2017-12-01,20:00:00,62.158,62.278,62.139,62.261,25446,0
2017-12-01,21:00:00,62.268,62.288,62.172,62.228,13540,0
2017-12-01,22:00:00,62.205,62.341,62.188,62.327,158425,0
2017-12-04,16:00:00,62.703,62.851,62.407,62.793,13450,0
2017-12-04,17:00:00,62.892,63.11,62.892,63.05,27551,0
2017-12-04,18:00:00,63.06,63.14,63,63.084,24081,0
2017-12-04,19:00:00,63.07,63.09,62.961,63.01,23551,0
2017-12-04,20:00:00,63.01,63.05,62.971,63.02,16837,0
2017-12-04,21:00:00,63.02,63.02,62.892,62.971,39222,0
2017-12-04,22:00:00,62.97,62.99,62.872,62.882,47393,0
2017-12-05,16:00:00,63.08,63.08,62.693,62.693,26942,0
2017-12-05,17:00:00,62.713,62.872,62.713,62.812,20315,0
2017-12-05,18:00:00,62.819,62.832,62.783,62.783,14588,0
2017-12-05,19:00:00,62.763,62.763,62.674,62.693,23795,0
2017-12-05,20:00:00,62.743,62.743,62.683,62.714,23218,0
2017-12-05,21:00:00,62.711,62.733,62.595,62.595,19123,0
2017-12-05,22:00:00,62.585,62.615,62.52,62.545,86360,0
2017-12-06,16:00:00,62.664,62.723,62.565,62.634,27009,0
2017-12-06,17:00:00,62.621,62.678,62.551,62.665,24173,0
2017-12-06,18:00:00,62.674,62.674,62.575,62.575,10181,0
2017-12-06,19:00:00,62.57,62.57,62.492,62.525,11808,0
2017-12-06,20:00:00,62.539,62.585,62.533,62.579,9310,0
2017-12-06,21:00:00,62.571,62.585,62.505,62.553,10158,0
2017-12-06,22:00:00,62.545,62.565,62.495,62.505,76650,0
2017-12-07,16:00:00,62.585,62.615,62.426,62.615,22801,0
2017-12-07,17:00:00,62.599,62.615,62.546,62.565,12103,0
2017-12-07,18:00:00,62.555,62.644,62.513,62.615,13962,0
2017-12-07,19:00:00,62.605,62.619,62.575,62.6,11318,0
2017-12-07,20:00:00,62.605,62.623,62.55,62.605,21534,0
2017-12-07,21:00:00,62.582,62.595,62.465,62.496,20343,0
2017-12-07,22:00:00,62.516,62.555,62.447,62.495,21369,0
2017-12-08,16:00:00,62.723,62.723,62.505,62.619,8765,0
2017-12-08,17:00:00,62.634,62.722,62.564,62.722,7875,0
2017-12-08,18:00:00,62.751,62.821,62.733,62.799,9954,0
2017-12-08,19:00:00,62.793,62.862,62.793,62.842,11217,0
2017-12-08,20:00:00,62.835,62.856,62.773,62.788,13487,0
2017-12-08,21:00:00,62.773,62.793,62.743,62.753,32500,0
2017-12-08,22:00:00,62.773,62.882,62.773,62.862,19188,0
2017-12-11,16:00:00,62.852,63,62.733,62.842,15232,0
2017-12-11,17:00:00,62.872,62.872,62.752,62.753,11274,0
2017-12-11,18:00:00,62.733,62.832,62.733,62.774,8481,0
2017-12-11,19:00:00,62.773,62.783,62.747,62.758,17415,0
2017-12-11,20:00:00,62.757,62.803,62.757,62.794,11235,0
2017-12-11,21:00:00,62.796,62.812,62.763,62.784,13274,0
2017-12-11,22:00:00,62.793,62.862,62.753,62.862,117845,0
2017-12-12,16:00:00,62.961,62.961,62.803,62.803,12225,0
2017-12-12,17:00:00,62.832,62.922,62.832,62.852,66824,0
2017-12-12,18:00:00,62.862,62.902,62.842,62.862,11371,0
2017-12-12,19:00:00,62.885,62.932,62.852,62.912,13158,0
2017-12-12,20:00:00,62.911,62.932,62.888,62.904,37207,0
2017-12-12,21:00:00,62.892,62.932,62.882,62.897,16870,0
2017-12-12,22:00:00,62.884,62.888,62.773,62.793,68914,0
2017-12-13,16:00:00,62.733,62.922,62.723,62.892,35500,0
2017-12-13,17:00:00,62.92,62.981,62.885,62.937,25446,0
2017-12-13,18:00:00,62.922,62.951,62.882,62.932,22351,0
2017-12-13,19:00:00,62.902,62.902,62.803,62.852,46129,0
2017-12-13,20:00:00,62.862,62.902,62.813,62.862,19096,0
2017-12-13,21:00:00,62.912,63.04,62.912,63.04,22359,0
2017-12-13,22:00:00,63.027,63.03,62.872,62.892,28874,0
2017-12-14,16:00:00,62.942,62.99,62.872,62.912,20475,0
2017-12-14,17:00:00,62.912,62.912,62.803,62.811,19324,0
2017-12-14,18:00:00,62.793,62.803,62.743,62.803,13872,0
2017-12-14,19:00:00,62.793,62.793,62.683,62.693,20468,0
2017-12-14,20:00:00,62.698,62.747,62.625,62.653,20937,0
2017-12-14,21:00:00,62.644,62.683,62.545,62.634,23532,0
2017-12-14,22:00:00,62.62,62.634,62.463,62.465,134089,0
2017-12-15,16:00:00,62.728,62.966,62.575,62.929,11747,0
2017-12-15,17:00:00,62.951,63.077,62.882,62.971,26690,0
2017-12-15,18:00:00,62.982,63.189,62.975,63.14,26102,0
2017-12-15,19:00:00,63.149,63.149,63.103,63.125,19529,0
2017-12-15,20:00:00,63.129,63.169,63.12,63.169,25928,0
2017-12-15,21:00:00,63.188,63.258,63.169,63.218,17170,0
2017-12-15,22:00:00,63.227,63.258,63.04,63.12,91937,0
2017-12-18,16:00:00,63.437,63.625,63.377,63.525,31985,0
2017-12-18,17:00:00,63.535,63.544,63.476,63.531,19052,0
2017-12-18,18:00:00,63.525,63.579,63.486,63.579,11740,0
2017-12-18,19:00:00,63.565,63.575,63.525,63.545,35987,0
2017-12-18,20:00:00,63.535,63.543,63.466,63.481,13608,0
2017-12-18,21:00:00,63.486,63.525,63.46,63.52,35162,0
2017-12-18,22:00:00,63.518,63.535,63.437,63.476,99816,0
2017-12-19,16:00:00,63.645,63.714,63.505,63.516,17512,0
2017-12-19,17:00:00,63.545,63.59,63.525,63.585,17097,0
2017-12-19,18:00:00,63.586,63.615,63.512,63.515,33747,0
2017-12-19,19:00:00,63.515,63.555,63.476,63.555,21693,0
2017-12-19,20:00:00,63.545,63.585,63.525,63.555,20900,0
2017-12-19,21:00:00,63.535,63.564,63.486,63.499,41098,0
2017-12-19,22:00:00,63.495,63.525,63.397,63.437,95070,0
2017-12-20,16:00:00,63.664,63.674,63.466,63.585,27444,0
2017-12-20,17:00:00,63.615,63.625,63.447,63.476,31173,0
2017-12-20,18:00:00,63.494,63.548,63.447,63.447,10269,0
2017-12-20,19:00:00,63.466,63.52,63.446,63.491,16850,0
2017-12-20,20:00:00,63.504,63.575,63.497,63.542,20533,0
2017-12-20,21:00:00,63.535,63.535,63.469,63.476,19264,0
2017-12-20,22:00:00,63.495,63.535,63.457,63.486,29045,0
2017-12-21,16:00:00,63.655,63.664,63.565,63.604,9709,0
2017-12-21,17:00:00,63.584,63.655,63.555,63.625,29517,0
2017-12-21,18:00:00,63.634,63.639,63.595,63.605,35250,0
2017-12-21,19:00:00,63.585,63.626,63.57,63.626,16120,0
2017-12-21,20:00:00,63.654,63.704,63.645,63.684,20794,0
2017-12-21,21:00:00,63.664,63.694,63.648,63.693,29863,0
2017-12-21,22:00:00,63.684,63.691,63.552,63.595,47638,0
2017-12-22,16:00:00,63.803,63.803,63.57,63.651,35241,0
2017-12-22,17:00:00,63.625,63.625,63.52,63.555,41223,0
2017-12-22,18:00:00,63.545,63.555,63.457,63.5,23287,0
2017-12-22,19:00:00,63.487,63.565,63.487,63.54,17630,0
2017-12-22,20:00:00,63.54,63.635,63.525,63.624,116793,0
2017-12-22,21:00:00,63.615,63.645,63.6,63.6,28240,0
2017-12-22,22:00:00,63.604,63.635,63.565,63.615,170382,0
2017-12-26,16:00:00,63.736,63.836,63.699,63.836,13860,0
2017-12-26,17:00:00,63.824,63.846,63.766,63.77,14387,0
2017-12-26,18:00:00,63.776,63.778,63.746,63.763,15112,0
2017-12-26,19:00:00,63.746,63.756,63.707,63.719,3307,0
2017-12-26,20:00:00,63.727,63.756,63.72,63.724,14568,0
2017-12-26,21:00:00,63.727,63.766,63.703,63.762,62147,0
2017-12-26,22:00:00,63.766,63.775,63.716,63.746,27481,0
2017-12-27,16:00:00,63.926,63.926,63.727,63.727,8694,0
2017-12-27,17:00:00,63.736,63.851,63.736,63.851,13191,0
2017-12-27,18:00:00,63.861,63.886,63.836,63.856,12468,0
2017-12-27,19:00:00,63.866,63.866,63.776,63.776,10257,0
2017-12-27,20:00:00,63.785,63.806,63.746,63.786,11641,0
2017-12-27,21:00:00,63.776,63.776,63.746,63.761,14773,0
2017-12-27,22:00:00,63.772,63.816,63.74,63.776,81128,0
2017-12-28,16:00:00,64.005,64.005,63.756,63.756,16422,0
2017-12-28,17:00:00,63.776,63.856,63.756,63.855,14753,0
2017-12-28,18:00:00,63.853,63.853,63.796,63.836,11084,0
2017-12-28,19:00:00,63.836,63.836,63.776,63.785,5389,0
2017-12-28,20:00:00,63.78,63.801,63.771,63.783,18988,0
2017-12-28,21:00:00,63.776,63.816,63.776,63.803,34060,0
2017-12-28,22:00:00,63.813,63.916,63.796,63.906,64414,0
2017-12-29,16:00:00,64.105,64.155,63.916,63.995,23538,0
2017-12-29,17:00:00,64.025,64.065,63.976,64.005,18921,0
2017-12-29,18:00:00,64.015,64.025,63.966,64.019,8888,0
2017-12-29,19:00:00,64.009,64.015,63.958,63.966,18019,0
2017-12-29,20:00:00,63.965,63.966,63.876,63.876,26612,0
2017-12-29,21:00:00,63.884,63.918,63.871,63.909,19390,0
2017-12-29,22:00:00,63.903,63.976,63.761,63.796,855495,0
2018-01-02,16:00:00,64.065,64.065,63.746,63.806,33387,0
2018-01-02,17:00:00,63.826,63.919,63.81,63.846,42009,0
2018-01-02,18:00:00,63.836,63.876,63.766,63.826,46437,0
2018-01-02,19:00:00,63.818,63.876,63.796,63.806,64515,0
2018-01-02,20:00:00,63.813,63.876,63.813,63.816,27267,0
2018-01-02,21:00:00,63.836,63.836,63.766,63.806,60045,0
2018-01-02,22:00:00,63.796,63.856,63.776,63.846,40043,0
2018-01-03,16:00:00,63.786,63.976,63.786,63.836,33574,0
2018-01-03,17:00:00,63.837,63.914,63.797,63.797,42013,0
2018-01-03,18:00:00,63.826,63.906,63.812,63.866,27502,0
2018-01-03,19:00:00,63.886,63.995,63.866,63.994,26378,0
2018-01-03,20:00:00,63.986,64.005,63.891,63.906,93713,0
2018-01-03,21:00:00,63.901,63.976,63.891,63.976,35927,0
2018-01-03,22:00:00,63.976,64.036,63.966,64.005,144001,0
2018-01-04,16:00:00,64.205,64.205,64.035,64.205,59252,0
2018-01-04,17:00:00,64.195,64.215,64.121,64.135,31256,0
2018-01-04,18:00:00,64.179,64.234,64.115,64.187,18675,0
2018-01-04,19:00:00,64.217,64.294,64.217,64.283,30899,0
2018-01-04,20:00:00,64.273,64.334,64.265,64.315,27351,0
2018-01-04,21:00:00,64.309,64.314,64.264,64.278,25523,0
2018-01-04,22:00:00,64.279,64.289,64.199,64.254,46956,0
2018-01-05,16:00:00,64.484,64.484,64.264,64.329,39946,0
2018-01-05,17:00:00,64.334,64.411,64.274,64.334,49731,0
2018-01-05,18:00:00,64.333,64.397,64.324,64.361,26380,0
2018-01-05,19:00:00,64.364,64.394,64.264,64.287,40731,0
2018-01-05,20:00:00,64.28,64.324,64.28,64.309,20401,0
2018-01-05,21:00:00,64.313,64.414,64.278,64.383,34689,0
2018-01-05,22:00:00,64.384,64.593,64.376,64.543,107599,0
2018-01-08,16:00:00,64.573,64.653,64.404,64.633,26017,0
2018-01-08,17:00:00,64.658,64.687,64.584,64.594,12603,0
2018-01-08,18:00:00,64.563,64.603,64.563,64.599,14385,0
2018-01-08,19:00:00,64.603,64.693,64.599,64.672,17624,0
2018-01-08,20:00:00,64.682,64.761,64.673,64.743,25881,0
2018-01-08,21:00:00,64.743,64.792,64.713,64.792,34491,0
2018-01-08,22:00:00,64.771,64.822,64.703,64.812,45751,0
2018-01-09,16:00:00,64.942,65.002,64.812,64.853,29497,0
2018-01-09,17:00:00,64.851,64.962,64.825,64.933,20648,0
2018-01-09,18:00:00,64.931,65.071,64.922,65.002,27435,0
2018-01-09,19:00:00,65.012,65.041,64.952,64.999,11296,0
2018-01-09,20:00:00,65.011,65.081,64.992,65.071,14995,0
2018-01-09,21:00:00,65.085,65.091,64.957,64.957,23506,0
2018-01-09,22:00:00,64.956,64.965,64.832,64.872,310538,0
2018-01-10,16:00:00,64.723,64.723,64.264,64.363,52325,0
2018-01-10,17:00:00,64.344,64.553,64.344,64.523,15391,0
2018-01-10,18:00:00,64.527,64.627,64.51,64.564,42944,0
2018-01-10,19:00:00,64.563,64.583,64.523,64.524,10978,0
2018-01-10,20:00:00,64.553,64.573,64.523,64.563,12355,0
2018-01-10,21:00:00,64.553,64.563,64.464,64.504,19600,0
2018-01-10,22:00:00,64.504,64.553,64.453,64.523,124279,0
2018-01-11,16:00:00,64.673,64.693,64.543,64.633,28316,0
2018-01-11,17:00:00,64.623,64.663,64.51,64.638,25004,0
2018-01-11,18:00:00,64.673,64.713,64.647,64.678,40377,0
2018-01-11,19:00:00,64.673,64.822,64.673,64.801,26715,0
2018-01-11,20:00:00,64.791,64.825,64.772,64.782,28471,0
2018-01-11,21:00:00,64.753,64.802,64.752,64.802,41696,0
2018-01-11,22:00:00,64.808,64.952,64.802,64.952,110335,0
2018-01-12,16:00:00,65.151,65.161,64.952,65.141,15733,0
2018-01-12,17:00:00,65.117,65.291,65.052,65.25,19842,0
2018-01-12,18:00:00,65.239,65.239,65.101,65.136,17199,0
2018-01-12,19:00:00,65.181,65.191,65.041,65.112,18156,0
2018-01-12,20:00:00,65.102,65.161,65.061,65.131,21332,0
2018-01-12,21:00:00,65.146,65.211,65.128,65.191,21150,0
2018-01-12,22:00:00,65.221,65.291,65.163,65.251,84940,0
2018-01-16,16:00:00,65.51,65.76,65.35,65.755,37778,0
2018-01-16,17:00:00,65.731,65.734,65.39,65.4,21599,0
2018-01-16,18:00:00,65.4,65.49,65.338,65.39,29048,0
2018-01-16,19:00:00,65.41,65.48,65.38,65.411,30814,0
2018-01-16,20:00:00,65.42,65.47,65.267,65.29,24325,0
2018-01-16,21:00:00,65.271,65.277,64.958,65.071,121561,0
2018-01-16,22:00:00,65.122,65.211,65.071,65.081,95669,0
2018-01-17,16:00:00,65.42,65.46,65.271,65.33,22518,0
2018-01-17,17:00:00,65.35,65.53,65.321,65.49,15772,0
2018-01-17,18:00:00,65.48,65.589,65.45,65.579,19098,0
2018-01-17,19:00:00,65.579,65.689,65.53,65.681,21069,0
2018-01-17,20:00:00,65.689,65.739,65.641,65.739,43357,0
2018-01-17,21:00:00,65.72,65.819,65.72,65.818,26040,0
2018-01-17,22:00:00,65.81,65.849,65.619,65.699,56266,0
2018-01-18,16:00:00,65.739,65.809,65.569,65.764,37317,0
2018-01-18,17:00:00,65.749,65.774,65.55,65.56,24214,0
2018-01-18,18:00:00,65.55,65.569,65.38,65.444,17526,0
2018-01-18,19:00:00,65.437,65.56,65.437,65.547,14883,0
2018-01-18,20:00:00,65.54,65.629,65.5,65.599,20689,0
2018-01-18,21:00:00,65.614,65.769,65.614,65.715,45055,0
2018-01-18,22:00:00,65.709,65.719,65.55,65.619,32940,0
2018-01-19,16:00:00,65.779,65.908,65.689,65.828,18588,0
2018-01-19,17:00:00,65.819,65.948,65.721,65.848,16528,0
2018-01-19,18:00:00,65.809,65.853,65.759,65.789,17752,0
2018-01-19,19:00:00,65.784,65.868,65.769,65.827,17599,0
2018-01-19,20:00:00,65.828,65.858,65.799,65.827,11550,0
2018-01-19,21:00:00,65.832,65.948,65.828,65.888,18648,0
2018-01-19,22:00:00,65.868,65.998,65.856,65.958,72036,0
2018-01-22,16:00:00,65.938,66.078,65.938,65.998,35185,0
2018-01-22,17:00:00,65.987,66.058,65.943,65.958,102193,0
2018-01-22,18:00:00,65.938,66.007,65.898,66.007,25247,0
2018-01-22,19:00:00,66.018,66.217,66.008,66.17,48371,0
2018-01-22,20:00:00,66.157,66.207,66.137,66.183,29805,0
2018-01-22,21:00:00,66.187,66.202,66.117,66.177,42171,0
2018-01-22,22:00:00,66.167,66.396,66.157,66.386,248806,0
2018-01-23,16:00:00,66.366,66.366,66.058,66.197,19449,0
2018-01-23,17:00:00,66.157,66.257,66.107,66.247,26955,0
2018-01-23,18:00:00,66.267,66.267,66.147,66.167,20790,0
2018-01-23,19:00:00,66.157,66.187,66.117,66.187,11353,0
2018-01-23,20:00:00,66.207,66.317,66.177,66.287,13960,0
2018-01-23,21:00:00,66.297,66.297,66.185,66.291,28916,0
2018-01-23,22:00:00,66.267,66.277,66.181,66.237,183457,0
2018-01-24,16:00:00,66.645,66.735,66.516,66.693,178864,0
2018-01-24,17:00:00,66.665,66.845,66.665,66.755,43849,0
2018-01-24,18:00:00,66.792,66.81,66.536,66.63,33567,0
2018-01-24,19:00:00,66.586,66.599,66.396,66.486,16435,0
2018-01-24,20:00:00,66.466,66.695,66.36,66.675,24640,0
2018-01-24,21:00:00,66.645,66.736,66.606,66.702,18533,0
2018-01-24,22:00:00,66.695,66.785,66.635,66.685,60386,0
2018-01-25,16:00:00,67.024,67.024,66.765,66.765,36503,0
2018-01-25,17:00:00,66.745,67.014,66.739,66.986,26536,0
2018-01-25,18:00:00,66.987,67.192,66.975,67.133,27573,0
2018-01-25,19:00:00,67.143,67.243,67.124,67.173,14512,0
2018-01-25,20:00:00,67.173,67.283,67.143,67.283,19352,0
2018-01-25,21:00:00,67.263,67.263,66.941,66.996,17351,0
2018-01-25,22:00:00,66.974,67.143,66.904,67.114,154676,0
2018-01-26,16:00:00,67.124,67.183,67.064,67.153,29671,0
2018-01-26,17:00:00,67.163,67.265,67.104,67.223,23911,0
2018-01-26,18:00:00,67.223,67.276,67.174,67.243,30243,0
2018-01-26,19:00:00,67.233,67.412,67.223,67.402,25650,0
2018-01-26,20:00:00,67.392,67.462,67.373,67.442,22749,0
2018-01-26,21:00:00,67.419,67.512,67.383,67.502,25265,0
2018-01-26,22:00:00,67.502,67.721,67.502,67.681,133513,0
2018-01-29,16:00:00,67.632,67.632,67.422,67.572,26035,0
2018-01-29,17:00:00,67.582,67.582,67.233,67.313,47854,0
2018-01-29,18:00:00,67.304,67.422,67.213,67.343,21867,0
2018-01-29,19:00:00,67.325,67.457,67.273,67.455,18468,0
2018-01-29,20:00:00,67.462,67.472,67.356,67.356,22771,0
2018-01-29,21:00:00,67.383,67.412,67.269,67.333,28939,0
2018-01-29,22:00:00,67.323,67.363,67.124,67.133,75858,0
2018-01-30,16:00:00,66.625,66.845,66.456,66.496,35316,0
2018-01-30,17:00:00,66.416,66.685,66.297,66.655,30785,0
2018-01-30,18:00:00,66.635,66.685,66.416,66.416,48176,0
2018-01-30,19:00:00,66.436,66.47,66.366,66.436,35208,0
2018-01-30,20:00:00,66.436,66.516,66.343,66.5,22581,0
2018-01-30,21:00:00,66.512,66.586,66.411,66.448,31400,0
2018-01-30,22:00:00,66.426,66.596,66.376,66.416,673576,0
2018-01-31,16:00:00,66.66,66.685,66.446,66.456,104260,0
2018-01-31,17:00:00,66.456,66.586,66.337,66.386,110794,0
2018-01-31,18:00:00,66.376,66.455,66.338,66.361,16913,0
2018-01-31,19:00:00,66.327,66.435,66.307,66.376,37734,0
2018-01-31,20:00:00,66.406,66.452,66.356,66.375,66243,0
2018-01-31,21:00:00,66.416,66.515,65.878,66.063,62951,0
2018-01-31,22:00:00,66.052,66.376,65.998,66.187,347232,0
2018-02-01,16:00:00,66.038,66.078,65.858,65.949,24390,0
2018-02-01,17:00:00,65.938,65.991,65.749,65.759,22766,0
2018-02-01,18:00:00,65.848,66.287,65.848,66.267,64591,0
2018-02-01,19:00:00,66.267,66.297,66.187,66.21,29613,0
2018-02-01,20:00:00,66.204,66.261,66.066,66.077,60964,0
2018-02-01,21:00:00,66.078,66.107,65.848,66.053,32805,0
2018-02-01,22:00:00,66.058,66.068,65.809,65.958,220596,0
2018-02-02,16:00:00,65.659,65.659,65.39,65.417,41970,0
2018-02-02,17:00:00,65.35,65.473,65.27,65.38,37404,0
2018-02-02,18:00:00,65.39,65.4,65.141,65.141,17868,0
2018-02-02,19:00:00,65.121,65.33,65.121,65.261,31749,0
2018-02-02,20:00:00,65.251,65.261,65.055,65.055,30636,0
2018-02-02,21:00:00,65.057,65.071,64.663,64.731,115429,0
2018-02-02,22:00:00,64.719,64.877,64.563,64.563,219017,0
2018-02-05,16:00:00,64.304,64.573,64.235,64.33,148868,0
2018-02-05,17:00:00,64.324,64.623,64.254,64.583,80248,0
2018-02-05,18:00:00,64.573,64.613,64.324,64.429,54731,0
2018-02-05,19:00:00,64.414,64.414,64.065,64.076,33927,0
2018-02-05,20:00:00,64.055,64.055,63.647,63.926,68230,0
2018-02-05,21:00:00,63.905,63.906,63.025,63.081,95356,0
2018-02-05,22:00:00,63.019,63.268,61.874,61.874,743505,0
2018-02-06,16:00:00,61.017,62.75,60.601,62.334,117839,0
2018-02-06,17:00:00,62.568,62.79,61.559,62.03,63089,0
2018-02-06,18:00:00,61.983,62.118,61.476,61.807,60674,0
2018-02-06,19:00:00,61.804,62.478,61.804,62.163,55688,0
2018-02-06,20:00:00,62.076,62.185,61.744,61.783,47786,0
2018-02-06,21:00:00,61.734,62.641,61.595,62.641,126489,0
2018-02-06,22:00:00,62.631,63.208,62.631,62.94,424977,0
2018-02-07,16:00:00,62.77,63.375,62.77,63.359,89872,0
2018-02-07,17:00:00,63.318,63.677,63.208,63.657,86297,0
2018-02-07,18:00:00,63.677,63.876,63.497,63.718,121188,0
2018-02-07,19:00:00,63.736,63.786,63.507,63.548,35250,0
2018-02-07,20:00:00,63.557,63.592,63.089,63.348,218253,0
2018-02-07,21:00:00,63.338,63.418,62.989,63.169,49663,0
2018-02-07,22:00:00,63.218,63.547,62.8,62.83,81466,0
2018-02-08,16:00:00,62.91,62.989,62.412,62.591,25532,0
2018-02-08,17:00:00,62.611,62.788,62.232,62.282,23562,0
2018-02-08,18:00:00,62.252,62.441,62.083,62.262,60622,0
2018-02-08,19:00:00,62.23,62.277,61.595,61.804,50565,0
2018-02-08,20:00:00,61.773,62.269,61.674,62.205,207746,0
2018-02-08,21:00:00,62.103,62.262,61.764,61.844,31844,0
2018-02-08,22:00:00,61.854,61.973,60.818,60.847,112745,0
2018-02-09,16:00:00,61.425,61.704,61.196,61.455,96483,0
2018-02-09,17:00:00,61.445,61.564,60.648,61.057,160892,0
2018-02-09,18:00:00,61.037,61.286,60.71,60.718,132625,0
2018-02-09,19:00:00,60.728,60.748,60.22,60.634,174037,0
2018-02-09,20:00:00,60.628,60.768,59.981,60.539,154876,0
2018-02-09,21:00:00,60.509,61.475,60.509,61.09,79927,0
2018-02-09,22:00:00,61.057,62.252,60.714,61.824,149694,0
2018-02-12,16:00:00,62.302,62.591,61.973,62.232,53419,0
2018-02-12,17:00:00,62.282,62.441,61.883,62.095,61092,0
2018-02-12,18:00:00,62.113,62.461,62.003,62.461,23623,0
2018-02-12,19:00:00,62.451,62.695,62.43,62.579,37532,0
2018-02-12,20:00:00,62.605,62.82,62.481,62.77,21074,0
2018-02-12,21:00:00,62.74,62.81,62.571,62.63,77921,0
2018-02-12,22:00:00,62.651,62.878,62.312,62.491,88818,0
2018-02-13,16:00:00,62.143,62.311,62.047,62.082,13532,0
2018-02-13,17:00:00,62.172,62.322,62.053,62.322,24292,0
2018-02-13,18:00:00,62.253,62.282,62.133,62.276,17317,0
2018-02-13,19:00:00,62.282,62.312,62.217,62.292,8152,0
2018-02-13,20:00:00,62.222,62.58,62.222,62.494,14528,0
2018-02-13,21:00:00,62.531,62.661,62.466,62.601,45294,0
2018-02-13,22:00:00,62.545,62.699,62.531,62.581,45146,0
2018-02-14,16:00:00,62.232,62.392,62.103,62.247,16760,0
2018-02-14,17:00:00,62.253,62.75,62.204,62.7,43707,0
2018-02-14,18:00:00,62.685,62.8,62.595,62.64,41494,0
2018-02-14,19:00:00,62.716,62.92,62.641,62.91,27342,0
2018-02-14,20:00:00,63.059,63.149,63.001,63.079,25628,0
2018-02-14,21:00:00,63.127,63.159,62.969,63.129,40720,0
2018-02-14,22:00:00,63.144,63.268,63.079,63.159,46447,0
2018-02-15,16:00:00,63.398,63.657,63.374,63.458,21168,0
2018-02-15,17:00:00,63.438,63.467,63.206,63.206,44342,0
2018-02-15,18:00:00,63.139,63.467,63.079,63.427,37145,0
2018-02-15,19:00:00,63.418,63.507,63.368,63.494,22710,0
2018-02-15,20:00:00,63.507,63.657,63.503,63.617,24414,0
2018-02-15,21:00:00,63.657,63.836,63.645,63.776,23647,0
2018-02-15,22:00:00,63.763,63.956,63.657,63.956,75580,0
2018-02-16,16:00:00,63.836,63.836,63.468,63.756,20426,0
2018-02-16,17:00:00,63.707,64.085,63.687,64.025,42745,0
2018-02-16,18:00:00,64.065,64.324,64.045,64.324,30047,0
2018-02-16,19:00:00,64.304,64.504,64.235,64.284,37817,0
2018-02-16,20:00:00,64.318,64.324,64.035,64.245,18226,0
2018-02-16,21:00:00,64.279,64.279,63.936,64.224,32043,0
2018-02-16,22:00:00,64.205,64.318,64.125,64.125,77665,0
2018-02-20,16:00:00,63.657,63.746,63.507,63.507,14876,0
2018-02-20,17:00:00,63.537,63.567,63.305,63.305,13202,0
2018-02-20,18:00:00,63.316,63.657,63.288,63.622,12936,0
2018-02-20,19:00:00,63.699,63.717,63.597,63.662,10279,0
2018-02-20,20:00:00,63.638,63.677,63.388,63.471,19575,0
2018-02-20,21:00:00,63.507,63.509,63.298,63.301,96448,0
2018-02-20,22:00:00,63.338,63.368,63.079,63.248,67213,0
2018-02-21,16:00:00,63.398,63.652,63.258,63.545,16644,0
2018-02-21,17:00:00,63.458,63.647,63.418,63.608,24070,0
2018-02-21,18:00:00,63.647,63.677,63.538,63.617,29510,0
2018-02-21,19:00:00,63.605,63.66,63.507,63.65,11716,0
2018-02-21,20:00:00,63.652,63.676,63.548,63.617,66967,0
2018-02-21,21:00:00,63.587,63.915,63.527,63.568,65101,0
2018-02-21,22:00:00,63.527,63.527,62.88,62.89,122666,0
2018-02-22,16:00:00,62.969,63.438,62.969,63.189,20525,0
2018-02-22,17:00:00,63.189,63.445,63.189,63.388,32727,0
2018-02-22,18:00:00,63.385,63.617,63.348,63.617,31565,0
2018-02-22,19:00:00,63.63,63.649,63.398,63.467,29022,0
2018-02-22,20:00:00,63.458,63.487,63.189,63.268,35244,0
2018-02-22,21:00:00,63.308,63.442,63.079,63.119,23609,0
2018-02-22,22:00:00,63.149,63.298,62.989,63.139,70725,0
2018-02-23,16:00:00,63.497,63.497,63.222,63.288,30326,0
2018-02-23,17:00:00,63.348,63.368,63.189,63.318,24112,0
2018-02-23,18:00:00,63.318,63.517,63.318,63.517,19124,0
2018-02-23,19:00:00,63.517,63.517,63.352,63.404,16703,0
2018-02-23,20:00:00,63.391,63.418,63.298,63.398,7565,0
2018-02-23,21:00:00,63.398,63.537,63.328,63.527,46663,0
2018-02-23,22:00:00,63.523,63.806,63.523,63.796,97057,0
2018-02-26,16:00:00,64.115,64.155,63.936,64.035,26461,0
2018-02-26,17:00:00,64.025,64.045,63.816,63.906,19626,0
2018-02-26,18:00:00,63.906,64.106,63.876,64.061,39246,0
2018-02-26,19:00:00,64.06,64.274,64.06,64.274,35652,0
2018-02-26,20:00:00,64.274,64.314,64.235,64.289,30548,0
2018-02-26,21:00:00,64.294,64.334,64.235,64.314,83504,0
2018-02-26,22:00:00,64.294,64.474,64.294,64.444,117526,0
2018-02-27,16:00:00,64.553,64.663,64.424,64.504,14122,0
2018-02-27,17:00:00,64.509,64.703,64.152,64.185,27251,0
2018-02-27,18:00:00,64.264,64.384,64.065,64.065,22523,0
2018-02-27,19:00:00,64.066,64.264,63.98,64.258,20761,0
2018-02-27,20:00:00,64.234,64.256,64.019,64.039,23761,0
2018-02-27,21:00:00,64.085,64.135,63.926,64.005,67955,0
2018-02-27,22:00:00,63.986,64.025,63.627,63.637,66008,0
2018-02-28,16:00:00,63.766,63.886,63.657,63.826,28942,0
2018-02-28,17:00:00,63.806,63.866,63.497,63.557,30001,0
2018-02-28,18:00:00,63.547,63.587,63.368,63.522,16055,0
2018-02-28,19:00:00,63.527,63.708,63.527,63.676,10412,0
2018-02-28,20:00:00,63.617,63.703,63.587,63.697,29050,0
2018-02-28,21:00:00,63.756,63.796,63.388,63.388,30057,0
2018-02-28,22:00:00,63.338,63.398,62.83,62.83,110333,0
2018-03-01,16:00:00,62.87,62.969,62.531,62.617,34156,0
2018-03-01,17:00:00,62.661,63.136,62.658,62.745,38112,0
2018-03-01,18:00:00,62.74,62.936,62.681,62.913,15507,0
2018-03-01,19:00:00,62.89,62.89,62.469,62.522,14071,0
2018-03-01,20:00:00,62.451,62.451,62.043,62.053,63913,0
2018-03-01,21:00:00,62.053,62.09,61.714,61.968,165174,0
2018-03-01,22:00:00,61.963,62.352,61.864,62.162,190233,0
2018-03-02,16:00:00,61.844,61.99,61.694,61.794,40727,0
2018-03-02,17:00:00,61.804,61.936,61.684,61.815,40390,0
2018-03-02,18:00:00,61.753,62.038,61.655,62.008,15849,0
2018-03-02,19:00:00,62.043,62.191,61.913,62.182,17373,0
2018-03-02,20:00:00,62.15,62.15,61.874,61.923,9534,0
2018-03-02,21:00:00,61.923,62.132,61.923,62.013,15611,0
2018-03-02,22:00:00,61.933,62.412,61.893,62.312,64884,0
2018-03-05,16:00:00,62.063,62.242,62.035,62.133,20750,0
2018-03-05,17:00:00,62.192,62.412,62.109,62.412,23289,0
2018-03-05,18:00:00,62.461,62.868,62.461,62.798,14731,0
2018-03-05,19:00:00,62.79,62.87,62.71,62.854,25145,0
2018-03-05,20:00:00,62.93,62.959,62.761,62.828,16785,0
2018-03-05,21:00:00,62.836,62.993,62.681,62.993,19425,0
2018-03-05,22:00:00,63.019,63.128,62.93,63.029,37899,0
2018-03-06,16:00:00,63.248,63.248,62.899,62.969,23421,0
2018-03-06,17:00:00,62.93,62.959,62.76,62.76,11099,0
2018-03-06,18:00:00,62.751,62.899,62.751,62.89,11659,0
2018-03-06,19:00:00,62.886,62.984,62.75,62.984,10867,0
2018-03-06,20:00:00,63.006,63.149,62.989,63.029,12366,0
2018-03-06,21:00:00,63.051,63.208,62.999,63.12,16114,0
2018-03-06,22:00:00,63.134,63.218,63.047,63.199,136453,0
2018-03-07,16:00:00,62.69,62.9,62.561,62.88,10755,0
2018-03-07,17:00:00,62.929,63.139,62.85,63.109,18064,0
2018-03-07,18:00:00,63.144,63.144,62.92,62.928,19454,0
2018-03-07,19:00:00,62.883,62.883,62.76,62.83,18559,0
2018-03-07,20:00:00,62.81,62.94,62.717,62.87,11660,0
2018-03-07,21:00:00,62.868,63.031,62.84,62.969,24410,0
2018-03-07,22:00:00,63.019,63.278,63.019,63.199,75583,0
2018-03-08,16:00:00,63.458,63.458,63.248,63.298,103951,0
2018-03-08,17:00:00,63.308,63.418,63.248,63.331,249271,0
2018-03-08,18:00:00,63.328,63.438,63.258,63.338,657170,0
2018-03-08,19:00:00,63.338,63.368,63.179,63.308,701783,0
2018-03-08,20:00:00,63.308,63.358,63.238,63.34,210027,0
2018-03-08,21:00:00,63.328,63.502,63.274,63.482,50318,0
2018-03-08,22:00:00,63.517,63.617,63.388,63.607,81081,0
2018-03-09,16:00:00,63.806,64.035,63.806,63.971,39877,0
2018-03-09,17:00:00,64.005,64.274,63.934,64.18,24634,0
2018-03-09,18:00:00,64.185,64.283,64.152,64.231,14669,0
2018-03-09,19:00:00,64.279,64.414,64.271,64.334,58263,0
2018-03-09,20:00:00,64.324,64.444,64.324,64.364,37306,0
2018-03-09,21:00:00,64.384,64.464,64.354,64.464,60266,0
2018-03-09,22:00:00,64.454,64.603,64.384,64.583,229428,0
2018-03-12,15:00:00,64.733,64.797,64.628,64.693,17234,0
2018-03-12,16:00:00,64.703,64.703,64.533,64.563,20582,0
2018-03-12,17:00:00,64.444,64.484,64.354,64.434,24804,0
2018-03-12,18:00:00,64.454,64.533,64.424,64.424,10972,0
2018-03-12,19:00:00,64.513,64.533,64.444,64.464,14899,0
2018-03-12,20:00:00,64.454,64.494,64.275,64.314,20208,0
2018-03-12,21:00:00,64.352,64.583,64.352,64.414,83739,0
2018-03-13,15:00:00,64.763,64.856,64.673,64.814,16707,0
2018-03-13,16:00:00,64.743,64.842,64.724,64.724,16670,0
2018-03-13,17:00:00,64.743,64.743,64.603,64.604,10712,0
2018-03-13,18:00:00,64.533,64.653,64.434,64.616,17191,0
2018-03-13,19:00:00,64.623,64.652,64.434,64.444,147968,0
2018-03-13,20:00:00,64.444,64.493,64.322,64.328,27028,0
2018-03-13,21:00:00,64.374,64.374,64.2,64.304,53055,0
2018-03-14,15:00:00,64.593,64.593,64.358,64.434,12201,0
2018-03-14,16:00:00,64.444,64.474,64.165,64.175,21309,0
2018-03-14,17:00:00,64.162,64.165,63.906,63.906,18656,0
2018-03-14,18:00:00,63.946,63.995,63.863,63.907,19006,0
2018-03-14,19:00:00,63.836,64.065,63.776,64.014,13906,0
2018-03-14,20:00:00,64.016,64.025,63.728,63.876,27451,0
2018-03-14,21:00:00,63.886,63.886,63.727,63.826,33442,0
2018-03-15,15:00:00,64.015,64.015,63.876,63.876,9381,0
2018-03-15,16:00:00,63.876,63.976,63.826,63.946,20245,0
2018-03-15,17:00:00,63.976,64.085,63.926,63.946,20354,0
2018-03-15,18:00:00,63.963,64.005,63.866,63.876,14139,0
2018-03-15,19:00:00,63.876,63.916,63.687,63.697,19056,0
2018-03-15,20:00:00,63.687,63.76,63.627,63.677,16394,0
2018-03-15,21:00:00,63.677,63.806,63.637,63.746,76080,0
2018-03-16,15:00:00,63.816,64.005,63.816,63.916,19603,0
2018-03-16,16:00:00,63.896,64.015,63.885,63.999,24567,0
2018-03-16,17:00:00,64.035,64.105,63.986,64.035,9019,0
2018-03-16,18:00:00,64.015,64.085,63.96,64.079,17294,0
2018-03-16,19:00:00,64.08,64.08,63.915,63.918,17342,0
2018-03-16,20:00:00,63.956,64.015,63.913,64.015,8511,0
2018-03-16,21:00:00,64.015,64.171,63.986,64.045,280357,0
2018-03-19,15:00:00,63.921,63.965,63.736,63.842,17429,0
2018-03-19,16:00:00,63.805,63.837,63.672,63.672,24328,0
2018-03-19,17:00:00,63.655,63.717,63.484,63.487,18026,0
2018-03-19,18:00:00,63.524,63.527,63.328,63.408,16961,0
2018-03-19,19:00:00,63.378,63.378,63.089,63.237,32333,0
2018-03-19,20:00:00,63.268,63.304,62.92,63.149,35821,0
2018-03-19,21:00:00,63.099,63.388,63.039,63.328,86351,0
2018-03-20,15:00:00,63.408,63.657,63.408,63.587,18467,0
2018-03-20,16:00:00,63.51,63.597,63.467,63.527,27341,0
2018-03-20,17:00:00,63.537,63.537,63.398,63.437,16310,0
2018-03-20,18:00:00,63.408,63.517,63.404,63.408,10547,0
2018-03-20,19:00:00,63.412,63.451,63.288,63.348,35047,0
2018-03-20,20:00:00,63.288,63.477,63.288,63.467,18372,0
2018-03-20,21:00:00,63.494,63.537,63.388,63.398,80010,0
2018-03-21,15:00:00,63.45,63.52,63.2673,63.3,20899,0
2018-03-21,16:00:00,63.3,63.4465,63.28,63.42,17570,0
2018-03-21,17:00:00,63.42,63.6722,63.3928,63.6201,14324,0
2018-03-21,18:00:00,63.61,63.65,63.57,63.6,12303,0
2018-03-21,19:00:00,63.5932,63.61,63.481,63.6,10444,0
2018-03-21,20:00:00,63.63,63.8164,63.26,63.3703,42581,0
2018-03-21,21:00:00,63.37,63.69,63.29,63.29,25664,0
2018-03-22,15:00:00,62.91,62.91,62.67,62.7787,37566,0
2018-03-22,16:00:00,62.7979,62.95,62.535,62.55,19026,0
2018-03-22,17:00:00,62.6296,62.64,62.3741,62.429,14790,0
2018-03-22,18:00:00,62.3698,62.76,62.3698,62.5556,24177,0
2018-03-22,19:00:00,62.5232,62.7919,62.47,62.71,13635,0
2018-03-22,20:00:00,62.701,62.73,62.27,62.3,12876,0
2018-03-22,21:00:00,62.2676,62.39,61.68,61.71,174634,0
2018-03-23,15:00:00,61.83,62.11,61.83,61.95,35835,0
2018-03-23,16:00:00,61.985,62.06,61.8296,61.96,17141,0
2018-03-23,17:00:00,61.97,61.97,61.53,61.53,20082,0
2018-03-23,18:00:00,61.53,61.6982,61.5,61.5747,9922,0
2018-03-23,19:00:00,61.53,61.8822,61.53,61.87,15942,0
2018-03-23,20:00:00,61.9265,61.93,61.14,61.18,38092,0
2018-03-23,21:00:00,61.19,61.24,60.65,60.74,203265,0
2018-03-26,16:00:00,61.5,61.6505,61.37,61.58,23923,0
2018-03-26,17:00:00,61.569,61.584,61.28,61.28,23666,0
2018-03-26,18:00:00,61.329,61.329,61.0068,61.2,28844,0
2018-03-26,19:00:00,61.21,61.47,61.16,61.28,25103,0
2018-03-26,20:00:00,61.32,61.47,61.2768,61.41,19809,0
2018-03-26,21:00:00,61.42,61.7914,61.42,61.71,36396,0
2018-03-26,22:00:00,61.76,62,61.76,61.92,99704,0
2018-03-27,16:00:00,62.22,62.22,61.772,61.8281,44042,0
2018-03-27,17:00:00,61.89,61.9198,61.67,61.83,26875,0
2018-03-27,18:00:00,61.7907,62.26,61.7305,62.26,27232,0
2018-03-27,19:00:00,62.254,62.3232,62.1624,62.26,26132,0
2018-03-27,20:00:00,62.28,62.3951,61.971,62.07,24106,0
2018-03-27,21:00:00,62.0972,62.2322,61.93,61.93,16798,0
2018-03-27,22:00:00,61.89,61.89,61.1,61.43,186488,0
2018-03-28,16:00:00,61.65,61.87,61.54,61.84,41070,0
2018-03-28,17:00:00,61.91,61.91,61.431,61.6,18879,0
2018-03-28,18:00:00,61.64,61.839,61.52,61.689,23439,0
2018-03-28,19:00:00,61.7,62.0648,61.64,61.74,24974,0
2018-03-28,20:00:00,61.57,61.82,61.57,61.753,32838,0
2018-03-28,21:00:00,61.7711,61.8127,61.608,61.63,16773,0
2018-03-28,22:00:00,61.6078,61.7999,61.4,61.5,92075,0
2018-03-29,16:00:00,61.88,62.05,61.88,61.96,21492,0
2018-03-29,17:00:00,61.894,62.12,61.846,62.112,48644,0
2018-03-29,18:00:00,62.17,62.348,62.0799,62.25,131647,0
2018-03-29,19:00:00,62.24,62.24,62.1,62.17,26496,0
2018-03-29,20:00:00,62.1935,62.32,62.1099,62.3097,21121,0
2018-03-29,21:00:00,62.2418,62.46,62.21,62.4,76894,0
2018-03-29,22:00:00,62.37,62.56,62.19,62.25,158123,0
