Date,Time,Open,High,Low,Close,Volume,OpenInt
2017-08-30,16:00:00,72.102,72.102,71.983,71.984,915,0
2017-08-30,17:00:00,71.973,71.983,71.973,71.983,705,0
2017-08-30,18:00:00,72.039,72.073,72.039,72.073,227,0
2017-08-30,19:00:00,72.063,72.063,72.063,72.063,201,0
2017-08-30,20:00:00,72.043,72.053,72.043,72.053,302,0
2017-08-30,21:00:00,72.043,72.094,72.043,72.094,428,0
2017-08-30,22:00:00,72.083,72.083,72.083,72.083,201,0
2017-08-31,16:00:00,72.361,72.361,72.291,72.331,6183,0
2017-08-31,17:00:00,72.371,72.371,72.371,72.371,503,0
2017-08-31,18:00:00,72.42,72.42,72.377,72.407,1911,0
2017-08-31,19:00:00,72.41,72.41,72.4,72.4,7924,0
2017-08-31,21:00:00,72.519,72.599,72.48,72.599,7214,0
2017-08-31,22:00:00,72.619,72.659,72.579,72.579,3641,0
2017-09-01,16:00:00,72.688,72.698,72.649,72.649,2537,0
2017-09-01,17:00:00,72.519,72.689,72.519,72.689,4883,0
2017-09-01,18:00:00,72.718,72.718,72.639,72.708,1299,0
2017-09-01,19:00:00,72.718,72.738,72.693,72.738,2114,0
2017-09-01,20:00:00,72.708,72.708,72.678,72.678,1410,0
2017-09-01,21:00:00,72.668,72.708,72.659,72.688,2429,0
2017-09-01,22:00:00,72.688,72.688,72.569,72.609,3806,0
2017-09-05,16:00:00,71.497,71.497,71.309,71.358,6433,0
2017-09-05,17:00:00,71.36,71.397,71.348,71.397,2016,0
2017-09-05,18:00:00,71.387,71.387,71.367,71.377,705,0
2017-09-05,19:00:00,71.348,71.348,71.199,71.199,2417,0
2017-09-05,20:00:00,71.199,71.199,71.119,71.189,3071,0
2017-09-05,21:00:00,71.228,71.318,71.228,71.318,1332,0
2017-09-05,22:00:00,71.248,71.367,71.248,71.367,2306,0
2017-09-06,16:00:00,71.874,71.934,71.864,71.874,3906,0
2017-09-06,17:00:00,71.938,72.003,71.844,71.993,4291,0
2017-09-06,18:00:00,71.993,72.003,71.993,72.003,1329,0
2017-09-06,19:00:00,72.033,72.033,72.033,72.033,201,0
2017-09-06,20:00:00,71.904,71.904,71.884,71.894,5939,0
2017-09-06,21:00:00,71.879,71.934,71.879,71.934,3423,0
2017-09-06,22:00:00,71.884,71.919,71.874,71.874,1409,0
2017-09-07,16:00:00,72.49,72.609,72.47,72.47,6160,0
2017-09-07,17:00:00,72.564,72.668,72.564,72.668,3725,0
2017-09-07,18:00:00,72.688,72.768,72.678,72.678,2719,0
2017-09-07,19:00:00,72.639,72.639,72.589,72.589,1712,0
2017-09-07,20:00:00,72.5,72.579,72.5,72.559,403,0
2017-09-07,21:00:00,72.51,72.51,72.51,72.51,101,0
2017-09-07,22:00:00,72.549,72.678,72.549,72.678,6722,0
2017-09-08,16:00:00,72.847,72.847,72.827,72.837,4330,0
2017-09-08,17:00:00,72.817,72.867,72.817,72.827,3121,0
2017-09-08,18:00:00,72.867,72.897,72.857,72.857,806,0
2017-09-08,19:00:00,72.887,72.887,72.887,72.887,101,0
2017-09-08,20:00:00,72.837,72.837,72.837,72.837,101,0
2017-09-08,21:00:00,72.867,72.867,72.798,72.827,29422,0
2017-09-08,22:00:00,72.827,72.867,72.826,72.867,2127,0
2017-09-11,16:00:00,73.086,73.105,73.051,73.105,2998,0
2017-09-11,17:00:00,73.076,73.155,72.956,72.956,5330,0
2017-09-11,18:00:00,72.937,72.976,72.937,72.956,2305,0
2017-09-11,19:00:00,72.976,72.976,72.956,72.956,2215,0
2017-09-11,20:00:00,72.976,72.976,72.937,72.937,302,0
2017-09-11,21:00:00,72.917,72.937,72.907,72.927,3413,0
2017-09-11,22:00:00,72.887,72.887,72.827,72.837,1826,0
2017-09-12,16:00:00,72.927,72.927,72.827,72.837,3585,0
2017-09-12,17:00:00,72.847,72.867,72.768,72.773,4061,0
2017-09-12,18:00:00,72.788,72.788,72.753,72.778,554,0
2017-09-12,19:00:00,72.768,72.768,72.718,72.718,916,0
2017-09-12,20:00:00,72.768,72.798,72.728,72.798,3222,0
2017-09-12,21:00:00,72.788,72.822,72.659,72.743,2367,0
2017-09-12,22:00:00,72.678,72.758,72.678,72.758,705,0
2017-09-13,16:00:00,73.006,73.006,72.857,72.857,302,0
2017-09-13,17:00:00,72.837,72.837,72.837,72.837,101,0
2017-09-13,19:00:00,72.726,72.733,72.708,72.733,434,0
2017-09-13,20:00:00,72.768,72.798,72.768,72.798,308,0
2017-09-13,21:00:00,72.827,72.827,72.827,72.827,201,0
2017-09-14,16:00:00,72.47,72.619,72.47,72.609,3768,0
2017-09-14,17:00:00,72.609,72.688,72.609,72.668,4734,0
2017-09-14,18:00:00,72.688,72.817,72.688,72.801,2536,0
2017-09-14,19:00:00,72.793,72.793,72.743,72.763,3021,0
2017-09-14,20:00:00,72.768,72.808,72.718,72.808,3360,0
2017-09-14,21:00:00,72.798,72.836,72.763,72.796,3373,0
2017-09-14,22:00:00,72.788,72.829,72.743,72.788,10448,0
2017-09-15,16:00:00,72.956,72.956,72.788,72.867,9771,0
2017-09-15,17:00:00,72.857,72.857,72.728,72.738,1342,0
2017-09-15,18:00:00,72.768,72.783,72.768,72.783,201,0
2017-09-15,19:00:00,72.837,72.867,72.837,72.837,5388,0
2017-09-15,20:00:00,72.837,72.905,72.837,72.847,923,0
2017-09-15,21:00:00,72.837,72.917,72.837,72.917,1449,0
2017-09-15,22:00:00,72.917,72.937,72.917,72.927,3566,0
2017-09-18,16:00:00,72.907,72.985,72.907,72.985,2729,0
2017-09-18,17:00:00,72.976,72.976,72.976,72.976,1007,0
2017-09-18,18:00:00,72.947,72.947,72.947,72.947,503,0
2017-09-18,20:00:00,72.932,72.932,72.932,72.932,1256,0
2017-09-18,21:00:00,72.887,72.956,72.887,72.956,1491,0
2017-09-18,22:00:00,73.045,73.045,73.039,73.039,273,0
2017-09-19,16:00:00,73.155,73.155,72.937,72.986,11531,0
2017-09-19,17:00:00,72.956,72.976,72.956,72.966,2819,0
2017-09-19,18:00:00,72.966,72.966,72.927,72.947,3625,0
2017-09-19,19:00:00,72.897,72.897,72.867,72.867,906,0
2017-09-19,20:00:00,72.945,72.945,72.945,72.945,101,0
2017-09-20,16:00:00,72.798,72.937,72.798,72.867,18013,0
2017-09-20,17:00:00,72.881,72.897,72.847,72.897,798,0
2017-09-20,18:00:00,72.927,72.927,72.917,72.917,806,0
2017-09-20,19:00:00,72.996,73.006,72.996,73.006,503,0
2017-09-20,20:00:00,72.996,73.185,72.996,73.185,9767,0
2017-09-20,21:00:00,73.036,73.066,72.659,72.731,9571,0
2017-09-20,22:00:00,72.678,72.817,72.678,72.817,2014,0
2017-09-21,16:00:00,72.48,72.48,72.45,72.46,906,0
2017-09-21,17:00:00,72.331,72.407,72.331,72.407,2307,0
2017-09-21,18:00:00,72.45,72.45,72.45,72.45,503,0
2017-09-21,19:00:00,72.41,72.41,72.371,72.371,598,0
2017-09-21,20:00:00,72.38,72.38,72.371,72.38,3524,0
2017-09-21,21:00:00,72.39,72.39,72.38,72.38,5780,0
2017-09-22,16:00:00,72.41,72.41,72.41,72.41,269,0
2017-09-22,17:00:00,72.371,72.371,72.371,72.371,503,0
2017-09-22,18:00:00,72.371,72.371,72.371,72.371,2758,0
2017-09-22,20:00:00,72.371,72.371,72.371,72.371,101,0
2017-09-22,21:00:00,72.38,72.39,72.38,72.39,7552,0
2017-09-22,22:00:00,72.341,72.341,72.341,72.341,101,0
2017-09-25,16:00:00,72.589,72.706,72.589,72.706,404,0
2017-09-25,17:00:00,72.708,72.778,72.708,72.748,2114,0
2017-09-25,18:00:00,72.748,72.798,72.718,72.778,3021,0
2017-09-25,19:00:00,72.728,72.738,72.649,72.738,4094,0
2017-09-25,20:00:00,72.827,72.836,72.817,72.822,2316,0
2017-09-25,21:00:00,72.847,72.847,72.835,72.837,3469,0
2017-09-26,16:00:00,72.917,72.917,72.897,72.897,806,0
2017-09-26,17:00:00,72.937,72.939,72.897,72.897,2417,0
2017-09-26,18:00:00,72.808,72.827,72.797,72.827,2096,0
2017-09-26,19:00:00,72.847,72.847,72.728,72.758,2014,0
2017-09-26,20:00:00,72.829,72.852,72.829,72.852,671,0
2017-09-26,22:00:00,72.877,72.887,72.867,72.867,6172,0
2017-09-27,16:00:00,72.718,72.718,72.688,72.688,403,0
2017-09-27,17:00:00,72.688,72.718,72.678,72.688,1108,0
2017-09-27,18:00:00,72.688,72.708,72.688,72.708,403,0
2017-09-27,19:00:00,72.778,72.778,72.778,72.778,201,0
2017-09-27,20:00:00,72.857,72.865,72.857,72.865,345,0
2017-09-27,21:00:00,72.887,72.927,72.857,72.927,4626,0
2017-09-27,22:00:00,72.927,72.956,72.907,72.947,4442,0
2017-09-28,16:00:00,73.215,73.215,73.165,73.2,2346,0
2017-09-28,17:00:00,73.195,73.225,73.185,73.205,2923,0
2017-09-28,18:00:00,73.235,73.244,73.225,73.244,503,0
2017-09-28,19:00:00,73.235,73.324,73.235,73.324,736,0
2017-09-28,20:00:00,73.354,73.473,73.354,73.423,5262,0
2017-09-28,21:00:00,73.428,73.443,73.409,73.443,2838,0
2017-09-28,22:00:00,73.433,73.433,73.397,73.403,1540,0
2017-09-29,16:00:00,73.547,73.582,73.503,73.503,1350,0
2017-09-29,17:00:00,73.582,73.582,73.582,73.582,503,0
2017-09-29,18:00:00,73.552,73.592,73.552,73.592,1482,0
2017-09-29,19:00:00,73.582,73.582,73.582,73.582,145,0
2017-09-29,21:00:00,73.622,73.672,73.622,73.652,4921,0
2017-09-29,22:00:00,73.672,73.672,73.672,73.672,302,0
2017-10-02,16:00:00,73.552,73.552,73.468,73.473,3250,0
2017-10-02,17:00:00,73.433,73.497,73.423,73.497,2081,0
2017-10-02,18:00:00,73.473,73.474,73.473,73.474,1065,0
2017-10-02,19:00:00,73.602,73.622,73.572,73.622,2618,0
2017-10-02,20:00:00,73.632,73.672,73.618,73.672,11807,0
2017-10-02,21:00:00,73.662,73.662,73.662,73.662,1108,0
2017-10-02,22:00:00,73.673,73.691,73.672,73.691,3194,0
2017-10-03,16:00:00,73.523,73.542,73.473,73.503,3971,0
2017-10-03,17:00:00,73.523,73.592,73.523,73.592,3222,0
2017-10-03,18:00:00,73.602,73.602,73.602,73.602,503,0
2017-10-03,19:00:00,73.632,73.681,73.622,73.681,1309,0
2017-10-03,20:00:00,73.681,73.691,73.642,73.691,383,0
2017-10-03,21:00:00,73.721,73.721,73.721,73.721,2719,0
2017-10-03,22:00:00,73.711,73.741,73.662,73.741,462,0
2017-10-04,16:00:00,73.731,73.731,73.582,73.592,1092,0
2017-10-04,17:00:00,73.552,73.642,73.552,73.603,765,0
2017-10-04,18:00:00,73.612,73.639,73.582,73.612,971,0
2017-10-04,19:00:00,73.602,73.662,73.602,73.662,724,0
2017-10-04,20:00:00,73.622,73.662,73.572,73.622,806,0
2017-10-04,21:00:00,73.632,73.691,73.612,73.691,10472,0
2017-10-04,22:00:00,73.642,73.711,73.642,73.711,2739,0
2017-10-05,16:00:00,73.542,73.542,73.523,73.523,302,0
2017-10-05,17:00:00,73.552,73.582,73.552,73.562,555,0
2017-10-05,18:00:00,73.495,73.513,73.495,73.513,255,0
2017-10-05,20:00:00,73.592,73.592,73.582,73.588,903,0
2017-10-05,21:00:00,73.602,73.602,73.572,73.572,1333,0
2017-10-05,22:00:00,73.572,73.602,73.571,73.602,7349,0
2017-10-06,16:00:00,73.225,73.225,73.086,73.115,4871,0
2017-10-06,18:00:00,73.304,73.344,73.264,73.264,4995,0
2017-10-06,19:00:00,73.284,73.304,73.264,73.304,1007,0
2017-10-06,20:00:00,73.234,73.304,73.234,73.304,27999,0
2017-10-06,22:00:00,73.316,73.316,73.316,73.316,220,0
2017-10-09,17:00:00,73.519,73.519,73.493,73.493,1212,0
2017-10-09,18:00:00,73.493,73.493,73.493,73.493,684,0
2017-10-09,19:00:00,73.524,73.531,73.524,73.531,362,0
2017-10-09,22:00:00,73.433,73.433,73.433,73.433,101,0
2017-10-10,16:00:00,74.387,74.387,74.307,74.337,1217,0
2017-10-10,17:00:00,74.307,74.347,74.287,74.297,211630,0
2017-10-10,18:00:00,74.297,74.297,74.297,74.297,3524,0
2017-10-10,19:00:00,74.277,74.307,74.277,74.307,7746,0
2017-10-10,20:00:00,74.297,74.307,74.297,74.297,4531,0
2017-10-10,21:00:00,74.287,74.296,74.277,74.279,3534,0
2017-10-10,22:00:00,74.307,74.307,74.248,74.277,5652,0
2017-10-11,16:00:00,74.486,74.486,74.406,74.436,17592,0
2017-10-11,17:00:00,74.436,74.466,74.416,74.466,22152,0
2017-10-11,18:00:00,74.466,74.476,74.387,74.426,17402,0
2017-10-11,19:00:00,74.418,74.496,74.418,74.471,8520,0
2017-10-11,20:00:00,74.456,74.476,74.377,74.436,20990,0
2017-10-11,21:00:00,74.421,74.536,74.416,74.456,19358,0
2017-10-11,22:00:00,74.456,74.575,74.436,74.466,27514,0
2017-10-12,16:00:00,74.436,74.506,74.416,74.426,6517,0
2017-10-12,17:00:00,74.436,74.486,74.426,74.486,3584,0
2017-10-12,18:00:00,74.496,74.575,74.486,74.575,18398,0
2017-10-12,19:00:00,74.565,74.595,74.476,74.516,2114,0
2017-10-12,20:00:00,74.496,74.623,74.496,74.585,4337,0
2017-10-12,21:00:00,74.585,74.585,74.516,74.565,10922,0
2017-10-12,22:00:00,74.555,74.555,74.426,74.456,12284,0
2017-10-13,16:00:00,75.29,75.29,75.231,75.28,9689,0
2017-10-13,17:00:00,75.251,75.3,75.191,75.191,4330,0
2017-10-13,18:00:00,75.201,75.211,75.151,75.211,2650,0
2017-10-13,19:00:00,75.191,75.271,75.191,75.271,11378,0
2017-10-13,20:00:00,75.3,75.35,75.3,75.35,1309,0
2017-10-13,21:00:00,75.34,75.35,75.29,75.32,11463,0
2017-10-13,22:00:00,75.31,75.36,75.31,75.34,3200,0
2017-10-16,16:00:00,75.539,75.539,75.38,75.459,8579,0
2017-10-16,17:00:00,75.499,75.499,75.439,75.439,5971,0
2017-10-16,18:00:00,75.444,75.499,75.439,75.489,4747,0
2017-10-16,19:00:00,75.489,75.529,75.42,75.529,8192,0
2017-10-16,20:00:00,75.509,75.509,75.37,75.38,42705,0
2017-10-16,21:00:00,75.449,75.489,75.36,75.36,29409,0
2017-10-16,22:00:00,75.34,75.419,75.31,75.39,7709,0
2017-10-17,16:00:00,75.092,75.092,74.863,74.923,10371,0
2017-10-17,17:00:00,74.918,74.978,74.893,74.923,7480,0
2017-10-17,18:00:00,74.953,75.012,74.933,74.933,3021,0
2017-10-17,19:00:00,74.933,75.022,74.933,75.022,2417,0
2017-10-17,20:00:00,74.963,75.032,74.963,75.032,3363,0
2017-10-17,21:00:00,75.012,75.112,75.012,75.112,2618,0
2017-10-17,22:00:00,75.112,75.161,75.092,75.112,13996,0
2017-10-18,16:00:00,74.655,74.655,74.555,74.555,1310,0
2017-10-18,17:00:00,74.506,74.536,74.451,74.536,2272,0
2017-10-18,18:00:00,74.516,74.526,74.476,74.526,6135,0
2017-10-18,19:00:00,74.585,74.585,74.546,74.575,4995,0
2017-10-18,20:00:00,74.605,74.675,74.605,74.675,12586,0
2017-10-18,21:00:00,74.615,74.615,74.615,74.615,101,0
2017-10-18,22:00:00,74.635,74.665,74.635,74.665,1309,0
2017-10-19,16:00:00,74.019,74.039,74.009,74.019,1913,0
2017-10-19,17:00:00,74.019,74.079,74.009,74.019,4028,0
2017-10-19,18:00:00,74.165,74.165,74.138,74.148,2217,0
2017-10-19,19:00:00,74.123,74.123,74.1,74.1,403,0
2017-10-19,20:00:00,74.188,74.198,74.188,74.188,403,0
2017-10-19,22:00:00,74.238,74.317,74.223,74.307,10960,0
2017-10-20,16:00:00,74.238,74.307,74.228,74.267,11400,0
2017-10-20,17:00:00,74.228,74.254,74.188,74.254,7463,0
2017-10-20,18:00:00,74.228,74.228,74.188,74.188,4034,0
2017-10-20,19:00:00,74.218,74.257,74.184,74.257,1309,0
2017-10-20,20:00:00,74.238,74.327,74.238,74.307,15544,0
2017-10-20,21:00:00,74.287,74.307,74.267,74.307,19534,0
2017-10-20,22:00:00,74.327,74.357,74.327,74.337,2128,0
2017-10-23,16:00:00,74.794,74.794,74.719,74.719,1636,0
2017-10-23,17:00:00,74.655,74.754,74.655,74.665,1228,0
2017-10-23,18:00:00,74.685,74.719,74.645,74.645,1410,0
2017-10-23,20:00:00,74.704,74.714,74.704,74.714,10069,0
2017-10-23,21:00:00,74.665,74.665,74.59,74.59,2116,0
2017-10-23,22:00:00,74.615,74.645,74.585,74.585,5588,0
2017-10-24,16:00:00,75.181,75.181,75.141,75.161,8033,0
2017-10-24,17:00:00,75.199,75.199,75.191,75.191,705,0
2017-10-24,18:00:00,75.151,75.211,75.151,75.211,4796,0
2017-10-24,19:00:00,75.251,75.31,75.251,75.31,403,0
2017-10-24,20:00:00,75.35,75.439,75.35,75.37,16685,0
2017-10-24,21:00:00,75.418,75.442,75.418,75.419,1876,0
2017-10-24,22:00:00,75.37,75.39,75.33,75.36,7314,0
2017-10-25,16:00:00,74.973,74.973,74.824,74.883,7447,0
2017-10-25,17:00:00,74.853,74.903,74.804,74.824,3348,0
2017-10-25,18:00:00,74.794,74.794,74.694,74.76,3487,0
2017-10-25,19:00:00,74.615,74.665,74.536,74.575,5739,0
2017-10-25,20:00:00,74.704,74.774,74.704,74.774,9263,0
2017-10-25,21:00:00,74.804,74.804,74.804,74.804,101,0
2017-10-25,22:00:00,74.75,74.789,74.704,74.724,1644,0
2017-10-26,16:00:00,75.241,75.261,75.241,75.261,1712,0
2017-10-26,17:00:00,75.211,75.28,75.177,75.28,3679,0
2017-10-26,18:00:00,75.261,75.3,75.221,75.3,2657,0
2017-10-26,19:00:00,75.32,75.34,75.3,75.33,1369,0
2017-10-26,20:00:00,75.33,75.35,75.271,75.29,29804,0
2017-10-26,21:00:00,75.301,75.31,75.301,75.31,560,0
2017-10-26,22:00:00,75.271,75.298,75.221,75.221,6441,0
2017-10-27,16:00:00,75.578,75.578,75.463,75.463,2242,0
2017-10-27,17:00:00,75.578,75.658,75.578,75.658,10038,0
2017-10-27,18:00:00,75.698,75.733,75.698,75.733,2303,0
2017-10-27,19:00:00,75.688,75.688,75.678,75.678,702,0
2017-10-27,20:00:00,75.668,75.668,75.668,75.668,1112,0
2017-10-27,21:00:00,75.711,75.711,75.688,75.698,1108,0
2017-10-27,22:00:00,75.807,75.807,75.776,75.787,1872,0
2017-10-30,15:00:00,75.787,75.787,75.678,75.678,9374,0
2017-10-30,16:00:00,75.678,75.707,75.658,75.698,5640,0
2017-10-30,17:00:00,75.688,75.707,75.658,75.707,11126,0
2017-10-30,18:00:00,75.678,75.678,75.668,75.668,604,0
2017-10-30,19:00:00,75.707,75.707,75.678,75.707,2062,0
2017-10-30,20:00:00,75.747,75.777,75.707,75.737,5204,0
2017-10-30,21:00:00,75.817,75.817,75.817,75.817,106,0
2017-10-31,15:00:00,76.303,76.383,76.164,76.174,11468,0
2017-10-31,16:00:00,76.135,76.254,76.135,76.244,5289,0
2017-10-31,17:00:00,76.243,76.284,76.164,76.164,7179,0
2017-10-31,18:00:00,76.144,76.452,76.144,76.432,24770,0
2017-10-31,19:00:00,76.393,76.413,76.303,76.383,17132,0
2017-10-31,20:00:00,76.383,76.403,76.274,76.343,22237,0
2017-10-31,21:00:00,76.343,76.343,76.224,76.284,20742,0
2017-11-01,15:00:00,76.73,76.73,76.611,76.671,12598,0
2017-11-01,16:00:00,76.681,76.73,76.562,76.591,9261,0
2017-11-01,17:00:00,76.572,76.591,76.522,76.522,55824,0
2017-11-01,18:00:00,76.562,76.601,76.532,76.562,4732,0
2017-11-01,19:00:00,76.572,76.643,76.562,76.572,4732,0
2017-11-01,20:00:00,76.601,76.711,76.522,76.562,8055,0
2017-11-01,21:00:00,76.562,76.593,76.532,76.572,14754,0
2017-11-02,15:00:00,76.383,76.383,76.303,76.304,11654,0
2017-11-02,16:00:00,76.293,76.363,76.244,76.323,5751,0
2017-11-02,17:00:00,76.333,76.353,76.293,76.343,3530,0
2017-11-02,18:00:00,76.333,76.393,76.333,76.393,201,0
2017-11-02,19:00:00,76.393,76.442,76.388,76.442,1308,0
2017-11-02,20:00:00,76.393,76.438,76.373,76.438,141419,0
2017-11-02,21:00:00,76.552,76.562,76.552,76.562,1266,0
2017-11-03,15:00:00,76.641,76.641,76.423,76.452,1990,0
2017-11-03,16:00:00,76.542,76.542,76.423,76.423,1802,0
2017-11-03,17:00:00,76.432,76.462,76.432,76.447,6545,0
2017-11-03,18:00:00,76.481,76.591,76.481,76.562,5796,0
2017-11-03,19:00:00,76.562,76.626,76.552,76.621,14899,0
2017-11-03,20:00:00,76.621,76.661,76.601,76.661,2517,0
2017-11-03,21:00:00,76.659,76.691,76.581,76.691,9200,0
2017-11-06,16:00:00,76.472,76.472,76.36,76.432,5424,0
2017-11-06,17:00:00,76.452,76.482,76.413,76.442,13258,0
2017-11-06,18:00:00,76.442,76.472,76.393,76.452,8262,0
2017-11-06,19:00:00,76.425,76.542,76.425,76.542,5284,0
2017-11-06,20:00:00,76.522,76.542,76.522,76.542,2918,0
2017-11-06,21:00:00,76.552,76.581,76.542,76.572,8214,0
2017-11-06,22:00:00,76.631,76.661,76.601,76.661,1834,0
2017-11-07,16:00:00,76.691,76.74,76.671,76.691,5921,0
2017-11-07,17:00:00,76.562,76.651,76.562,76.631,1259,0
2017-11-07,18:00:00,76.631,76.74,76.631,76.711,30265,0
2017-11-07,19:00:00,76.711,76.8,76.691,76.75,5639,0
2017-11-07,20:00:00,76.83,76.83,76.8,76.8,1722,0
2017-11-07,21:00:00,76.76,76.79,76.76,76.79,669,0
2017-11-07,22:00:00,76.869,76.929,76.869,76.929,4647,0
2017-11-08,16:00:00,77.396,77.396,77.366,77.366,201,0
2017-11-08,17:00:00,77.406,77.465,77.396,77.465,6274,0
2017-11-08,18:00:00,77.475,77.585,77.475,77.545,94408,0
2017-11-08,19:00:00,77.535,77.545,77.484,77.515,74255,0
2017-11-08,20:00:00,77.525,77.525,77.505,77.505,604,0
2017-11-08,21:00:00,77.515,77.545,77.485,77.545,123305,0
2017-11-08,22:00:00,77.555,77.555,77.436,77.436,2829,0
2017-11-09,16:00:00,76.681,76.686,76.462,76.661,16626,0
2017-11-09,17:00:00,76.691,76.691,76.393,76.482,17098,0
2017-11-09,18:00:00,76.492,76.552,76.333,76.363,4531,0
2017-11-09,19:00:00,76.363,76.368,76.065,76.343,14319,0
2017-11-09,20:00:00,76.333,76.572,76.274,76.512,15008,0
2017-11-09,21:00:00,76.512,76.75,76.512,76.72,6343,0
2017-11-09,22:00:00,76.711,76.879,76.681,76.869,7409,0
2017-11-10,16:00:00,76.442,76.482,76.413,76.442,1410,0
2017-11-10,17:00:00,76.492,76.522,76.375,76.375,4128,0
2017-11-10,18:00:00,76.413,76.413,76.363,76.403,1174,0
2017-11-10,19:00:00,76.467,76.467,76.373,76.373,1932,0
2017-11-10,20:00:00,76.343,76.353,76.294,76.343,1007,0
2017-11-10,21:00:00,76.363,76.472,76.363,76.472,2042,0
2017-11-10,22:00:00,76.458,76.482,76.403,76.403,5928,0
2017-11-13,16:00:00,75.896,76.125,75.896,76.085,7004,0
2017-11-13,17:00:00,76.333,76.383,76.231,76.279,4632,0
2017-11-13,18:00:00,76.323,76.353,76.313,76.313,3915,0
2017-11-13,19:00:00,76.313,76.413,76.313,76.363,3892,0
2017-11-13,20:00:00,76.393,76.393,76.353,76.383,2888,0
2017-11-13,21:00:00,76.363,76.432,76.353,76.353,1108,0
2017-11-13,22:00:00,76.383,76.442,76.373,76.442,1088,0
2017-11-14,16:00:00,76.174,76.174,75.995,76.085,7976,0
2017-11-14,17:00:00,76.02,76.224,76.002,76.224,2061,0
2017-11-14,18:00:00,76.129,76.164,76.061,76.135,726,0
2017-11-14,19:00:00,76.184,76.234,76.105,76.154,119397,0
2017-11-14,21:00:00,76.005,76.015,75.995,76.015,833,0
2017-11-14,22:00:00,76.005,76.015,75.926,75.966,3023,0
2017-11-15,16:00:00,74.784,74.784,74.466,74.764,10881,0
2017-11-15,17:00:00,74.824,75.062,74.824,75.032,5226,0
2017-11-15,18:00:00,75.022,75.181,74.982,75.181,3907,0
2017-11-15,19:00:00,75.181,75.181,75.07,75.07,403,0
2017-11-15,20:00:00,75.141,75.141,75.141,75.141,101,0
2017-11-15,21:00:00,75.082,75.141,75.082,75.141,201,0
2017-11-15,22:00:00,75.232,75.3,75.201,75.201,1069,0
2017-11-16,16:00:00,76.154,76.154,76.085,76.154,1037,0
2017-11-16,17:00:00,76.177,76.224,76.125,76.224,2806,0
2017-11-16,18:00:00,76.288,76.293,76.254,76.254,698,0
2017-11-16,19:00:00,76.274,76.363,76.274,76.303,1913,0
2017-11-16,20:00:00,76.343,76.482,76.343,76.482,143227,0
2017-11-16,21:00:00,76.522,76.572,76.522,76.572,1309,0
2017-11-16,22:00:00,76.522,76.522,76.512,76.512,403,0
2017-11-17,16:00:00,76.432,76.452,76.363,76.442,5208,0
2017-11-17,17:00:00,76.413,76.472,76.383,76.472,8256,0
2017-11-17,18:00:00,76.482,76.482,76.373,76.373,4934,0
2017-11-17,19:00:00,76.353,76.452,76.343,76.425,8497,0
2017-11-17,20:00:00,76.432,76.472,76.432,76.472,866,0
2017-11-17,21:00:00,76.393,76.393,76.393,76.393,101,0
2017-11-17,22:00:00,76.393,76.423,76.353,76.353,1732,0
2017-11-20,16:00:00,77.197,77.267,77.197,77.217,15265,0
2017-11-20,17:00:00,77.287,77.346,77.227,77.346,9225,0
2017-11-20,18:00:00,77.414,77.445,77.325,77.357,9646,0
2017-11-20,19:00:00,77.336,77.336,77.227,77.306,2032,0
2017-11-20,20:00:00,77.273,77.326,77.257,77.316,17923,0
2017-11-20,21:00:00,77.346,77.376,77.305,77.376,826,0
2017-11-20,22:00:00,77.336,77.336,77.207,77.207,13419,0
2017-11-21,16:00:00,77.873,78.041,77.873,78.031,13436,0
2017-11-21,17:00:00,77.992,78.071,77.992,78.041,4155,0
2017-11-21,18:00:00,78.022,78.081,77.982,77.982,7862,0
2017-11-21,19:00:00,77.992,78.051,77.992,78.051,1718,0
2017-11-21,20:00:00,78.012,78.081,78.012,78.061,2729,0
2017-11-21,21:00:00,78.081,78.081,78.061,78.061,5236,0
2017-11-21,22:00:00,78.072,78.17,78.052,78.17,7051,0
2017-11-22,16:00:00,78.24,78.27,78.23,78.23,39517,0
2017-11-22,17:00:00,78.23,78.329,78.23,78.29,10547,0
2017-11-22,18:00:00,78.28,78.28,78.15,78.151,22730,0
2017-11-22,19:00:00,78.061,78.161,78.031,78.131,7753,0
2017-11-22,20:00:00,78.17,78.17,77.982,78.111,8458,0
2017-11-22,21:00:00,78.101,78.329,78.081,78.319,11565,0
2017-11-22,22:00:00,78.329,78.369,78.296,78.329,8880,0
2017-11-24,16:00:00,78.766,78.846,78.766,78.836,14703,0
2017-11-24,17:00:00,78.826,78.826,78.687,78.727,11242,0
2017-11-24,18:00:00,78.727,78.756,78.727,78.756,11881,0
2017-11-24,19:00:00,78.756,78.816,78.756,78.786,11516,0
2017-11-27,16:00:00,78.647,78.647,78.498,78.498,12617,0
2017-11-27,17:00:00,78.528,78.598,78.478,78.568,8096,0
2017-11-27,18:00:00,78.568,78.568,78.439,78.478,12893,0
2017-11-27,19:00:00,78.449,78.518,78.449,78.458,8662,0
2017-11-27,20:00:00,78.449,78.464,78.429,78.439,3413,0
2017-11-27,21:00:00,78.429,78.429,78.409,78.409,403,0
2017-11-27,22:00:00,78.409,78.429,78.31,78.319,10875,0
2017-11-28,16:00:00,78.409,78.409,78.31,78.31,2610,0
2017-11-28,17:00:00,78.23,78.25,78.21,78.25,4028,0
2017-11-28,18:00:00,78.28,78.408,78.239,78.385,898,0
2017-11-28,19:00:00,78.458,78.472,78.458,78.472,271,0
2017-11-28,20:00:00,78.409,78.458,78.339,78.339,3013,0
2017-11-28,21:00:00,78.392,78.419,78.366,78.399,2769,0
2017-11-28,22:00:00,78.389,78.508,78.389,78.488,5145,0
2017-11-29,16:00:00,78.598,78.697,78.598,78.622,6142,0
2017-11-29,17:00:00,78.607,78.637,78.498,78.498,4632,0
2017-11-29,18:00:00,78.549,78.549,78.359,78.359,965,0
2017-11-29,19:00:00,78.23,78.329,78.23,78.29,2517,0
2017-11-29,20:00:00,78.31,78.409,78.27,78.409,11479,0
2017-11-29,21:00:00,78.429,78.429,78.409,78.409,403,0
2017-11-29,22:00:00,78.424,78.424,78.329,78.369,4148,0
2017-11-30,16:00:00,78.588,78.747,78.588,78.717,6282,0
2017-11-30,17:00:00,78.806,78.806,78.692,78.766,4106,0
2017-11-30,18:00:00,78.776,78.776,78.627,78.627,2558,0
2017-11-30,19:00:00,78.836,78.876,78.786,78.786,2643,0
2017-11-30,20:00:00,78.766,78.786,78.707,78.707,373,0
2017-11-30,21:00:00,78.801,78.846,78.796,78.796,40326,0
2017-11-30,22:00:00,78.796,78.796,78.538,78.538,1790,0
2017-12-01,16:00:00,77.982,77.982,77.734,77.902,13854,0
2017-12-01,17:00:00,77.922,78.002,77.902,78.002,30417,0
2017-12-01,18:00:00,77.932,78.121,77.545,77.664,15443,0
2017-12-01,19:00:00,77.724,77.843,77.634,77.843,4833,0
2017-12-01,20:00:00,77.873,77.902,77.803,77.902,2920,0
2017-12-01,21:00:00,77.927,77.994,77.927,77.952,1928,0
2017-12-01,22:00:00,77.962,78.041,77.912,78.012,2268,0
2017-12-04,16:00:00,77.624,77.654,77.525,77.575,4808,0
2017-12-04,17:00:00,77.575,77.614,77.465,77.465,5456,0
2017-12-04,18:00:00,77.525,77.594,77.505,77.575,3908,0
2017-12-04,19:00:00,77.575,77.652,77.545,77.574,10642,0
2017-12-04,20:00:00,77.585,77.604,77.575,77.594,2014,0
2017-12-04,21:00:00,77.545,77.562,77.426,77.485,16427,0
2017-12-04,22:00:00,77.423,77.423,77.157,77.157,3070,0
2017-12-05,16:00:00,77.575,77.575,77.525,77.525,413,0
2017-12-05,17:00:00,77.515,77.699,77.515,77.614,2922,0
2017-12-05,18:00:00,77.667,77.714,77.667,77.694,2433,0
2017-12-05,19:00:00,77.694,77.723,77.674,77.674,9767,0
2017-12-05,20:00:00,77.654,77.684,77.594,77.634,2618,0
2017-12-05,21:00:00,77.674,77.674,77.555,77.555,6667,0
2017-12-05,22:00:00,77.594,77.594,77.386,77.426,11692,0
2017-12-06,16:00:00,77.177,77.267,77.138,77.197,7156,0
2017-12-06,17:00:00,77.237,77.465,77.237,77.465,6241,0
2017-12-06,18:00:00,77.485,77.485,77.406,77.406,5460,0
2017-12-06,19:00:00,77.436,77.465,77.376,77.445,2494,0
2017-12-06,20:00:00,77.445,77.495,77.396,77.436,3423,0
2017-12-06,21:00:00,77.396,77.426,77.376,77.376,2719,0
2017-12-06,22:00:00,77.396,77.427,77.257,77.326,13752,0
2017-12-07,16:00:00,77.773,77.902,77.773,77.853,6447,0
2017-12-07,17:00:00,77.942,78.081,77.942,78.081,3060,0
2017-12-07,18:00:00,78.082,78.131,78.022,78.111,3232,0
2017-12-07,19:00:00,78.061,78.081,78.061,78.081,705,0
2017-12-07,20:00:00,78.101,78.101,78.022,78.041,4951,0
2017-12-07,21:00:00,77.982,77.982,77.912,77.912,1364,0
2017-12-07,22:00:00,77.922,77.972,77.873,77.887,1281,0
2017-12-08,16:00:00,78.101,78.101,78.022,78.031,4075,0
2017-12-08,17:00:00,77.932,77.932,77.892,77.924,690,0
2017-12-08,18:00:00,77.932,77.952,77.892,77.892,1622,0
2017-12-08,19:00:00,77.962,78.022,77.962,78.022,1451,0
2017-12-08,20:00:00,78.022,78.081,78.022,78.059,604,0
2017-12-08,21:00:00,78.061,78.061,78.031,78.031,808,0
2017-12-08,22:00:00,78.081,78.101,78.022,78.091,2316,0
2017-12-11,16:00:00,78.002,78.004,77.942,78.004,3558,0
2017-12-11,17:00:00,78.041,78.051,78.002,78.022,2293,0
2017-12-11,18:00:00,78.051,78.081,78.051,78.071,1410,0
2017-12-11,19:00:00,78.081,78.081,78.031,78.031,2920,0
2017-12-11,20:00:00,78.031,78.081,78.022,78.081,5900,0
2017-12-11,21:00:00,78.101,78.101,78.076,78.076,302,0
2017-12-11,22:00:00,78.061,78.091,78.022,78.076,1460,0
2017-12-12,16:00:00,78.101,78.101,78.081,78.081,1388,0
2017-12-12,17:00:00,78.121,78.131,78.091,78.091,1134,0
2017-12-12,18:00:00,78.151,78.28,78.151,78.28,2685,0
2017-12-12,19:00:00,78.334,78.339,78.24,78.27,1208,0
2017-12-12,20:00:00,78.358,78.358,78.358,78.358,327,0
2017-12-12,21:00:00,78.358,78.389,78.341,78.389,3652,0
2017-12-12,22:00:00,78.31,78.329,78.26,78.26,3953,0
2017-12-13,16:00:00,78.28,78.29,78.28,78.29,369,0
2017-12-13,17:00:00,78.3,78.389,78.3,78.389,1123,0
2017-12-13,18:00:00,78.429,78.458,78.383,78.383,4915,0
2017-12-13,19:00:00,78.399,78.399,78.33,78.379,3551,0
2017-12-13,20:00:00,78.399,78.508,78.359,78.508,15808,0
2017-12-13,21:00:00,78.508,78.637,78.468,78.637,1358,0
2017-12-13,22:00:00,78.578,78.602,78.548,78.558,616,0
2017-12-14,16:00:00,78.886,78.886,78.806,78.826,1725,0
2017-12-14,17:00:00,78.776,78.806,78.756,78.806,3741,0
2017-12-14,18:00:00,78.8,78.826,78.766,78.786,4962,0
2017-12-14,19:00:00,78.726,78.727,78.697,78.697,2135,0
2017-12-14,20:00:00,78.707,78.816,78.707,78.786,1208,0
2017-12-14,21:00:00,78.727,78.766,78.727,78.747,5040,0
2017-12-14,22:00:00,78.756,78.765,78.717,78.737,3410,0
2017-12-15,16:00:00,79.183,79.183,79.164,79.174,2745,0
2017-12-15,17:00:00,79.134,79.174,79.074,79.094,8328,0
2017-12-15,18:00:00,79.114,79.175,79.084,79.144,11559,0
2017-12-15,19:00:00,79.144,79.223,79.124,79.183,4732,0
2017-12-15,20:00:00,79.164,79.174,79.114,79.114,4430,0
2017-12-15,21:00:00,79.185,79.253,79.185,79.223,4254,0
2017-12-15,22:00:00,79.223,79.352,79.104,79.203,12380,0
2017-12-18,16:00:00,79.571,79.611,79.531,79.601,11514,0
2017-12-18,17:00:00,79.7,79.7,79.7,79.7,1007,0
2017-12-18,18:00:00,79.675,79.725,79.67,79.725,2792,0
2017-12-18,19:00:00,79.777,79.799,79.76,79.778,2920,0
2017-12-18,20:00:00,79.765,79.765,79.709,79.709,1691,0
2017-12-18,21:00:00,79.686,79.728,79.66,79.728,21796,0
2017-12-18,22:00:00,79.71,79.71,79.635,79.69,4279,0
2017-12-19,16:00:00,79.05,79.05,78.94,78.94,12095,0
2017-12-19,17:00:00,78.97,78.97,78.8961,78.9,9636,0
2017-12-19,18:00:00,78.82,78.82,78.78,78.7899,1100,0
2017-12-19,19:00:00,78.8099,78.8099,78.73,78.78,6445,0
2017-12-19,20:00:00,78.76,78.8359,78.76,78.835,866,0
2017-12-19,22:00:00,78.83,78.9133,78.81,78.81,5722,0
2017-12-20,16:00:00,79.02,79.03,78.93,79,11100,0
2017-12-20,17:00:00,78.99,79.03,78.78,78.81,17912,0
2017-12-20,18:00:00,78.81,78.98,78.79,78.91,13102,0
2017-12-20,19:00:00,78.91,78.97,78.91,78.94,9111,0
2017-12-20,20:00:00,78.94,78.98,78.92,78.93,8505,0
2017-12-20,21:00:00,78.93,78.93,78.835,78.84,13230,0
2017-12-20,22:00:00,78.85,78.93,78.82,78.84,22255,0
2017-12-21,16:00:00,79.19,79.48,79.19,79.31,15010,0
2017-12-21,17:00:00,79.3299,79.41,79.32,79.32,8241,0
2017-12-21,18:00:00,79.3,79.37,79.3,79.34,5099,0
2017-12-21,19:00:00,79.33,79.3523,79.33,79.3523,2646,0
2017-12-21,20:00:00,79.35,79.37,79.35,79.3635,422,0
2017-12-21,21:00:00,79.37,79.37,79.26,79.34,1794,0
2017-12-21,22:00:00,79.31,79.3202,79.23,79.23,2031,0
2017-12-22,16:00:00,79.3,79.39,79.25,79.29,13250,0
2017-12-22,17:00:00,79.29,79.3,79.26,79.27,2451,0
2017-12-22,18:00:00,79.275,79.2961,79.26,79.2961,6150,0
2017-12-22,19:00:00,79.285,79.37,79.285,79.36,21299,0
2017-12-22,20:00:00,79.3784,79.39,79.36,79.39,2565,0
2017-12-22,21:00:00,79.39,79.39,79.37,79.385,584,0
2017-12-22,22:00:00,79.39,79.52,79.39,79.5,2050,0
2017-12-26,16:00:00,79.4,79.445,79.34,79.445,571,0
2017-12-26,17:00:00,79.45,79.45,79.42,79.42,850,0
2017-12-26,18:00:00,79.39,79.45,79.39,79.45,300,0
2017-12-26,19:00:00,79.42,79.45,79.41,79.44,6025,0
2017-12-26,20:00:00,79.44,79.44,79.44,79.44,1300,0
2017-12-26,21:00:00,79.4301,79.4314,79.3821,79.3821,1500,0
2017-12-26,22:00:00,79.4,79.428,79.3945,79.42,1977,0
2017-12-27,16:00:00,79.72,79.74,79.69,79.72,3804,0
2017-12-27,17:00:00,79.7512,79.88,79.7512,79.88,1202,0
2017-12-27,18:00:00,79.9,79.9,79.8587,79.8587,1909,0
2017-12-27,20:00:00,79.7278,79.7278,79.7,79.7,2722,0
2017-12-27,21:00:00,79.715,79.715,79.65,79.65,2178,0
2017-12-27,22:00:00,79.67,79.75,79.67,79.7248,20727,0
2017-12-28,16:00:00,79.8,79.8,79.7125,79.7125,3500,0
2017-12-28,17:00:00,79.7,79.7,79.6,79.6,2015,0
2017-12-28,18:00:00,79.64,79.6709,79.58,79.61,2323,0
2017-12-28,19:00:00,79.59,79.605,79.5,79.57,19388,0
2017-12-28,20:00:00,79.56,79.5914,79.46,79.48,212017,0
2017-12-28,21:00:00,79.49,79.4999,79.46,79.46,4809,0
2017-12-28,22:00:00,79.48,79.48,79.43,79.45,4531,0
2017-12-29,16:00:00,79.91,79.91,79.834,79.87,4472,0
2017-12-29,17:00:00,79.89,79.91,79.77,79.78,11752,0
2017-12-29,18:00:00,79.77,79.95,79.75,79.95,106542,0
2017-12-29,19:00:00,80.02,80.03,79.88,79.88,9841,0
2017-12-29,20:00:00,79.8744,79.92,79.8744,79.91,3000,0
2017-12-29,21:00:00,79.875,79.93,79.875,79.93,6200,0
2017-12-29,22:00:00,79.92,79.95,79.79,79.79,15865,0
2018-01-02,16:00:00,79.77,79.92,79.77,79.91,7761,0
2018-01-02,17:00:00,79.94,80.12,79.93,80.05,7164,0
2018-01-02,18:00:00,80.09,80.11,80,80.08,5695,0
2018-01-02,19:00:00,80.1,80.1,79.99,79.99,958,0
2018-01-02,20:00:00,80.0664,80.0664,80.04,80.04,1331,0
2018-01-02,21:00:00,79.93,79.975,79.92,79.975,7702,0
2018-01-02,22:00:00,80.04,80.17,80.026,80.17,5306,0
2018-01-03,16:00:00,80.53,80.61,80.52,80.61,3363,0
2018-01-03,17:00:00,80.59,80.81,80.5301,80.78,8911,0
2018-01-03,18:00:00,80.8,81.07,80.8,81.02,4600,0
2018-01-03,19:00:00,81.05,81.14,81.0153,81.11,4509,0
2018-01-03,20:00:00,81.11,81.23,81.11,81.2,10350,0
2018-01-03,21:00:00,81.16,81.16,80.99,81.04,3054,0
2018-01-03,22:00:00,81.08,81.34,81.08,81.32,3519,0
2018-01-04,16:00:00,81.42,81.4272,81.37,81.38,5819,0
2018-01-04,17:00:00,81.46,81.68,81.46,81.67,15507,0
2018-01-04,18:00:00,81.61,81.62,81.56,81.6076,2719,0
2018-01-04,19:00:00,81.62,81.73,81.62,81.73,10845,0
2018-01-04,20:00:00,81.7,81.74,81.65,81.65,3589,0
2018-01-04,21:00:00,81.68,81.71,81.63,81.71,2175,0
2018-01-04,22:00:00,81.72,81.725,81.57,81.7,21952,0
2018-01-05,16:00:00,81.42,81.48,81.32,81.36,8424,0
2018-01-05,17:00:00,81.37,81.4177,81.35,81.3706,3883,0
2018-01-05,18:00:00,81.41,81.519,81.41,81.49,1353,0
2018-01-05,20:00:00,81.49,81.52,81.49,81.52,720,0
2018-01-05,21:00:00,81.5245,81.5374,81.5245,81.5374,250,0
2018-01-05,22:00:00,81.599,81.64,81.599,81.6,1000,0
2018-01-08,16:00:00,81.94,81.97,81.86,81.97,5570,0
2018-01-08,17:00:00,81.98,82.08,81.93,82.03,18687,0
2018-01-08,18:00:00,82.08,82.11,81.97,82,16500,0
2018-01-08,19:00:00,82,82.11,81.99,82.07,15369,0
2018-01-08,20:00:00,82.05,82.17,82.05,82.14,12642,0
2018-01-08,21:00:00,82.155,82.2,82.14,82.15,13912,0
2018-01-08,22:00:00,82.18,82.21,82.091,82.2,20816,0
2018-01-09,16:00:00,82.09,82.09,81.93,81.93,16433,0
2018-01-09,17:00:00,81.93,82.0742,81.93,82.0742,4707,0
2018-01-09,18:00:00,82.1,82.14,82.06,82.06,68472,0
2018-01-09,19:00:00,82.0834,82.1263,82.0834,82.11,981,0
2018-01-09,20:00:00,82.1605,82.22,82.1605,82.195,1230,0
2018-01-09,21:00:00,82.1846,82.1846,82.1699,82.1699,525,0
2018-01-09,22:00:00,82.14,82.24,82.12,82.24,2585,0
2018-01-10,16:00:00,82.54,82.55,82.27,82.27,13529,0
2018-01-10,17:00:00,82.34,82.41,82.34,82.41,2854,0
2018-01-10,18:00:00,82.47,82.5,82.4,82.44,3813,0
2018-01-10,19:00:00,82.4698,82.55,82.4698,82.55,2382,0
2018-01-10,20:00:00,82.55,82.56,82.4669,82.4722,1200,0
2018-01-10,21:00:00,82.5,82.5,82.39,82.395,2019,0
2018-01-10,22:00:00,82.39,82.48,82.36,82.47,12176,0
2018-01-11,16:00:00,82.63,82.67,82.59,82.6189,22725,0
2018-01-11,17:00:00,82.63,82.67,82.6,82.66,14995,0
2018-01-11,18:00:00,82.69,82.73,82.67,82.73,1754,0
2018-01-11,19:00:00,82.7699,82.8319,82.7699,82.82,804,0
2018-01-11,20:00:00,82.89,82.91,82.86,82.91,500,0
2018-01-11,21:00:00,82.95,83.01,82.95,83.01,2070,0
2018-01-11,22:00:00,83.03,83.13,83.02,83.13,4318,0
2018-01-12,16:00:00,82.78,82.91,82.78,82.84,63193,0
2018-01-12,17:00:00,82.88,83.22,82.88,83.22,6088,0
2018-01-12,18:00:00,83.2403,83.43,83.2234,83.43,3204,0
2018-01-12,19:00:00,83.37,83.37,83.25,83.3327,10702,0
2018-01-12,20:00:00,83.35,83.45,83.335,83.45,17099,0
2018-01-12,21:00:00,83.48,83.5846,83.48,83.55,2152,0
2018-01-12,22:00:00,83.48,83.53,83.41,83.53,3269,0
2018-01-16,16:00:00,83.36,83.58,83.36,83.45,10131,0
2018-01-16,17:00:00,83.48,83.55,83.35,83.35,6917,0
2018-01-16,18:00:00,83.33,83.39,83.24,83.2615,4020,0
2018-01-16,19:00:00,83.295,83.3099,83.28,83.2926,2483,0
2018-01-16,20:00:00,83.324,83.324,83.25,83.25,1360,0
2018-01-16,21:00:00,83.25,83.25,82.9861,82.9861,6862,0
2018-01-16,22:00:00,83.05,83.15,83.01,83.05,10880,0
2018-01-17,16:00:00,83.37,83.37,83.295,83.34,2443,0
2018-01-17,17:00:00,83.26,83.41,83.23,83.37,6694,0
2018-01-17,18:00:00,83.36,83.45,83.36,83.43,4932,0
2018-01-17,19:00:00,83.45,83.55,83.45,83.54,655,0
2018-01-17,20:00:00,83.69,83.74,83.69,83.74,1407,0
2018-01-17,21:00:00,83.72,83.81,83.6801,83.75,6568,0
2018-01-17,22:00:00,83.705,83.87,83.6,83.63,35090,0
2018-01-18,16:00:00,82.59,82.69,82.515,82.65,5732,0
2018-01-18,17:00:00,82.65,82.6628,82.56,82.63,5644,0
2018-01-18,18:00:00,82.64,82.73,82.54,82.69,3646,0
2018-01-18,19:00:00,82.7,82.78,82.7,82.78,1200,0
2018-01-18,20:00:00,82.74,82.78,82.71,82.75,3250,0
2018-01-18,21:00:00,82.7832,82.88,82.7832,82.8627,5436,0
2018-01-18,22:00:00,82.87,82.99,82.82,82.91,1239450,0
2018-01-19,16:00:00,83.6,83.64,83.57,83.59,2557,0
2018-01-19,17:00:00,83.59,83.59,83.4,83.4,3444,0
2018-01-19,18:00:00,83.3698,83.38,83.34,83.373,2113,0
2018-01-19,19:00:00,83.38,83.48,83.38,83.45,6497,0
2018-01-19,20:00:00,83.44,83.44,83.39,83.4398,3283,0
2018-01-19,21:00:00,83.45,83.53,83.45,83.5,8533,0
2018-01-19,22:00:00,83.48,83.52,83.43,83.49,6735,0
2018-01-22,16:00:00,83.41,83.41,83.32,83.4,8231,0
2018-01-22,17:00:00,83.39,83.62,83.39,83.46,7322,0
2018-01-22,18:00:00,83.45,83.56,83.4309,83.45,2323,0
2018-01-22,19:00:00,83.44,83.49,83.4344,83.49,2843,0
2018-01-22,20:00:00,83.47,83.62,83.46,83.59,6717,0
2018-01-22,21:00:00,83.58,83.6307,83.58,83.62,949,0
2018-01-22,22:00:00,83.62,83.72,83.6,83.72,4150,0
2018-01-23,16:00:00,84.16,84.16,84.01,84.05,23415,0
2018-01-23,17:00:00,84.115,84.4,84.05,84.34,36836,0
2018-01-23,18:00:00,84.33,84.36,84.1,84.1,4381,0
2018-01-23,19:00:00,84.095,84.18,84.095,84.125,4690,0
2018-01-23,20:00:00,84.14,84.2506,84.12,84.22,7779,0
2018-01-23,21:00:00,84.22,84.27,84.1693,84.24,2720,0
2018-01-23,22:00:00,84.25,84.35,84.18,84.25,9153,0
2018-01-24,16:00:00,84.88,84.96,84.79,84.89,33047,0
2018-01-24,17:00:00,84.91,84.92,84.78,84.82,16514,0
2018-01-24,18:00:00,84.7799,84.7799,84.6074,84.65,4293,0
2018-01-24,19:00:00,84.64,84.66,84.47,84.48,5571,0
2018-01-24,20:00:00,84.49,84.72,84.41,84.66,9197,0
2018-01-24,21:00:00,84.65,84.8,84.65,84.7893,8300,0
2018-01-24,22:00:00,84.75,84.85,84.73,84.79,19370,0
2018-01-25,16:00:00,84.58,84.79,84.35,84.35,16526,0
2018-01-25,17:00:00,84.45,84.54,84.41,84.46,1024,0
2018-01-25,18:00:00,84.5218,84.66,84.52,84.5801,5759,0
2018-01-25,19:00:00,84.68,84.69,84.6151,84.6151,4165,0
2018-01-25,20:00:00,84.61,84.61,84.47,84.58,6169,0
2018-01-25,21:00:00,84.49,84.51,84.13,84.2,14202,0
2018-01-25,22:00:00,84.22,84.38,84.22,84.355,3876,0
2018-01-26,16:00:00,84.95,85.05,84.85,84.98,29057,0
2018-01-26,17:00:00,85.08,85.08,84.8495,84.86,1890,0
2018-01-26,18:00:00,84.88,85.12,84.88,85.12,17068,0
2018-01-26,19:00:00,85.1407,85.2,85.0981,85.145,15755,0
2018-01-26,20:00:00,85.205,85.34,85.205,85.34,3055,0
2018-01-26,21:00:00,85.2971,85.3169,85,85.0857,6568,0
2018-01-26,22:00:00,85.1198,85.22,85.1198,85.22,1900,0
2018-01-29,16:00:00,84.81,85.02,84.8,84.86,18191,0
2018-01-29,17:00:00,84.85,84.91,84.6705,84.6705,5177,0
2018-01-29,18:00:00,84.6905,84.7,84.6496,84.7,12224,0
2018-01-29,19:00:00,84.6599,84.81,84.65,84.81,1100,0
2018-01-29,20:00:00,84.81,84.81,84.77,84.78,2303,0
2018-01-29,21:00:00,84.7642,84.7904,84.7471,84.7904,1248,0
2018-01-29,22:00:00,84.81,84.81,84.7,84.75,3040,0
2018-01-30,16:00:00,84.02,84.07,83.71,83.7472,22425,0
2018-01-30,17:00:00,83.68,83.77,83.59,83.74,10258,0
2018-01-30,18:00:00,83.78,83.805,83.62,83.62,8000,0
2018-01-30,19:00:00,83.68,83.81,83.67,83.81,38450,0
2018-01-30,20:00:00,83.77,83.87,83.7,83.855,4479,0
2018-01-30,21:00:00,83.85,83.87,83.76,83.76,2500,0
2018-01-30,22:00:00,83.7487,84.005,83.74,83.74,6341,0
2018-01-31,16:00:00,83.65,83.74,83.5,83.54,8867,0
2018-01-31,17:00:00,83.52,83.53,83.29,83.29,4970,0
2018-01-31,18:00:00,83.28,83.43,83.28,83.42,5820,0
2018-01-31,19:00:00,83.5502,83.6437,83.55,83.55,1447,0
2018-01-31,20:00:00,83.55,83.65,83.55,83.65,3677,0
2018-01-31,21:00:00,83.64,83.67,83.3876,83.42,2250,0
2018-01-31,22:00:00,83.47,83.5434,83.36,83.38,8618,0
2018-02-01,16:00:00,83.91,83.99,83.83,83.95,202137,0
2018-02-01,17:00:00,84.015,84.045,83.935,83.935,7985,0
2018-02-01,18:00:00,84.0039,84.25,83.9201,84.22,6858,0
2018-02-01,19:00:00,84.2201,84.2201,84.11,84.18,3718,0
2018-02-01,20:00:00,84.19,84.29,84.17,84.17,3937,0
2018-02-01,21:00:00,84.17,84.2045,83.99,84.14,4175,0
2018-02-01,22:00:00,84.1736,84.1736,83.93,84.14,12450,0
2018-02-02,16:00:00,83.59,83.76,83.34,83.35,25145,0
2018-02-02,17:00:00,83.27,83.5,83.2,83.5,19159,0
2018-02-02,18:00:00,83.45,83.47,83.25,83.33,3562,0
2018-02-02,19:00:00,83.27,83.52,83.27,83.4984,4857,0
2018-02-02,20:00:00,83.39,83.42,83.2402,83.2844,5445,0
2018-02-02,21:00:00,83.28,83.28,82.97,82.99,15396,0
2018-02-02,22:00:00,82.9,83.04,82.78,82.88,31580,0
2018-02-05,16:00:00,81.06,81.26,81.05,81.25,14242,0
2018-02-05,17:00:00,81.33,81.54,81.27,81.38,31387,0
2018-02-05,18:00:00,81.42,81.42,81.02,81.18,9941,0
2018-02-05,19:00:00,81.11,81.1301,80.9,81.06,9900,0
2018-02-05,20:00:00,81.01,81.01,80.72,80.97,120589,0
2018-02-05,21:00:00,80.93,80.93,80.11,80.11,8099,0
2018-02-05,22:00:00,80.0548,80.08,78.65,78.81,80573,0
2018-02-06,16:00:00,78.13,79.5206,78.13,79.29,35318,0
2018-02-06,17:00:00,79.26,79.34,78.6594,78.87,12491,0
2018-02-06,18:00:00,78.85,79.04,78.6861,78.9836,9960,0
2018-02-06,19:00:00,79,79.34,78.92,78.95,15349,0
2018-02-06,20:00:00,79.02,79.1,78.8,78.9,9699,0
2018-02-06,21:00:00,78.95,79.5126,78.803,79.5126,48607,0
2018-02-06,22:00:00,79.49,80.08,79.49,80.05,21771,0
2018-02-07,16:00:00,79.41,79.65,79.2,79.33,34788,0
2018-02-07,17:00:00,79.4,79.6789,79.3,79.6399,2467,0
2018-02-07,18:00:00,79.69,80,79.69,79.89,27126,0
2018-02-07,19:00:00,79.87,79.9578,79.54,79.57,25097,0
2018-02-07,20:00:00,79.6,79.6,79.07,79.2448,8449,0
2018-02-07,21:00:00,79.15,79.41,79.1297,79.1297,1759,0
2018-02-07,22:00:00,79.22,79.44,78.94,78.96,20697,0
2018-02-08,16:00:00,79.28,79.36,78.76,78.8667,12204,0
2018-02-08,17:00:00,78.75,78.85,78.43,78.45,9885,0
2018-02-08,18:00:00,78.44,78.56,77.971,78.1125,8370,0
2018-02-08,19:00:00,78.115,78.115,77.08,77.25,27120,0
2018-02-08,20:00:00,77.18,77.87,77.18,77.87,7143,0
2018-02-08,21:00:00,77.86,78,77.31,77.31,9002,0
2018-02-08,22:00:00,77.39,77.44,76.8001,76.84,10013,0
2018-02-09,16:00:00,78,78.2,77.53,77.75,9286,0
2018-02-09,17:00:00,77.74,77.75,76.975,77.11,17811,0
2018-02-09,18:00:00,77.16,77.36,76.83,76.83,6099,0
2018-02-09,19:00:00,76.802,76.802,76.1,76.46,19662,0
2018-02-09,20:00:00,76.47,76.47,75.62,76.29,22683,0
2018-02-09,21:00:00,76.36,77.18,76.36,76.98,47148,0
2018-02-09,22:00:00,76.86,77.87,76.66,77.45,25804,0
2018-02-12,16:00:00,78.33,78.51,78.27,78.29,10808,0
2018-02-12,17:00:00,78.17,78.365,78.02,78.02,3065,0
2018-02-12,18:00:00,78.282,78.46,78.282,78.46,1328,0
2018-02-12,19:00:00,78.6,78.74,78.6,78.74,1720,0
2018-02-12,20:00:00,78.6468,78.7387,78.6468,78.7387,248,0
2018-02-12,21:00:00,78.9302,79.0651,78.8892,79,5435,0
2018-02-12,22:00:00,79,79,78.8402,78.94,446,0
2018-02-13,16:00:00,77.64,77.73,77.5,77.56,12262,0
2018-02-13,17:00:00,77.66,78.02,77.65,78.02,4450,0
2018-02-13,18:00:00,77.96,78.02,77.9,78.01,4108,0
2018-02-13,19:00:00,77.97,77.97,77.7997,77.7997,4393,0
2018-02-13,20:00:00,77.94,78.08,77.94,78.08,650,0
2018-02-13,21:00:00,77.9898,78.13,77.9898,78.05,8455,0
2018-02-13,22:00:00,78.09,78.1376,78.02,78.1376,8069,0
2018-02-14,16:00:00,77.26,77.5,77.26,77.4779,11399,0
2018-02-14,17:00:00,77.28,77.78,77.28,77.72,1800,0
2018-02-14,18:00:00,77.6863,78.07,77.6863,77.88,3604,0
2018-02-14,19:00:00,77.92,78.16,77.92,78.16,1150,0
2018-02-14,20:00:00,78.23,78.37,78.23,78.335,1512,0
2018-02-14,21:00:00,78.3286,78.63,78.32,78.63,4707,0
2018-02-14,22:00:00,78.7,79.02,78.7,78.99,4997,0
2018-02-15,16:00:00,79.19,79.46,79.02,79.24,17580,0
2018-02-15,17:00:00,79.23,79.23,78.75,78.75,29393,0
2018-02-15,18:00:00,78.75,79,78.65,79,1735,0
2018-02-15,19:00:00,78.94,79.0306,78.9,79.03,7826,0
2018-02-15,20:00:00,79.21,79.2596,79.1,79.22,3854,0
2018-02-15,21:00:00,79.22,79.27,79.2,79.2,2218,0
2018-02-15,22:00:00,79.26,79.29,79.06,79.24,4785,0
2018-02-16,16:00:00,80.51,80.51,80.39,80.42,7001,0
2018-02-16,17:00:00,80.36,80.63,80.36,80.63,1489,0
2018-02-16,18:00:00,80.73,80.73,80.67,80.67,1471,0
2018-02-16,19:00:00,80.6369,80.72,80.59,80.59,18438,0
2018-02-16,20:00:00,80.59,80.62,80.43,80.5087,3139,0
2018-02-16,21:00:00,80.41,80.52,80.35,80.48,2756,0
2018-02-16,22:00:00,80.545,80.74,80.545,80.62,1621,0
2018-02-20,16:00:00,81.13,81.36,81.13,81.23,39437,0
2018-02-20,17:00:00,81.14,81.26,81.075,81.14,4450,0
2018-02-20,18:00:00,81.2,81.47,81.15,81.47,23255,0
2018-02-20,19:00:00,81.48,81.5,81.41,81.42,8889,0
2018-02-20,20:00:00,81.37,81.37,81.28,81.3,4394,0
2018-02-20,21:00:00,81.25,81.26,81.0817,81.0817,17753,0
2018-02-20,22:00:00,81.04,81.04,80.8,80.9,6394,0
2018-02-21,16:00:00,81.26,81.34,81.06,81.25,44031,0
2018-02-21,17:00:00,81.2603,81.31,81.21,81.2672,4079,0
2018-02-21,18:00:00,81.31,81.31,81.15,81.23,2512,0
2018-02-21,19:00:00,81.1453,81.21,81.13,81.21,1219,0
2018-02-21,20:00:00,81.22,81.26,81.2049,81.2506,4578,0
2018-02-21,21:00:00,81.23,81.61,81.23,81.29,2271,0
2018-02-21,22:00:00,81.15,81.15,80.55,80.56,4466,0
2018-02-22,16:00:00,81.27,81.27,80.98,81.03,600,0
2018-02-22,17:00:00,81.1404,81.21,81.07,81.19,1554,0
2018-02-22,18:00:00,81.275,81.52,81.275,81.52,5178,0
2018-02-22,19:00:00,81.45,81.47,81.37,81.37,922,0
2018-02-22,20:00:00,81.342,81.342,81.1656,81.2,2661,0
2018-02-22,21:00:00,81.18,81.29,81.12,81.13,1975,0
2018-02-22,22:00:00,81.05,81.12,80.94,80.99,5404,0
2018-02-23,16:00:00,81.61,81.68,81.57,81.61,1801,0
2018-02-23,17:00:00,81.69,81.73,81.54,81.73,4574,0
2018-02-23,18:00:00,81.79,81.85,81.72,81.85,745,0
2018-02-23,19:00:00,81.9192,81.9372,81.83,81.83,2557,0
2018-02-23,20:00:00,81.8595,81.8975,81.85,81.8592,4962,0
2018-02-23,21:00:00,81.97,81.99,81.97,81.99,2400,0
2018-02-23,22:00:00,82.01,82.1899,82.01,82.16,4699,0
2018-02-26,16:00:00,82.4,82.44,82.32,82.32,12130,0
2018-02-26,17:00:00,82.35,82.35,82.21,82.22,2470,0
2018-02-26,18:00:00,82.26,82.4415,82.26,82.4415,822,0
2018-02-26,19:00:00,82.51,82.55,82.49,82.51,1109,0
2018-02-26,20:00:00,82.58,82.7,82.58,82.67,3549,0
2018-02-26,21:00:00,82.69,82.78,82.6891,82.7,4088,0
2018-02-26,22:00:00,82.84,82.87,82.75,82.87,9720,0
2018-02-27,16:00:00,82.34,82.37,82.19,82.19,7888,0
2018-02-27,17:00:00,82.18,82.38,81.88,81.96,3514,0
2018-02-27,18:00:00,81.98,82.13,81.72,81.72,3421,0
2018-02-27,19:00:00,81.77,81.9799,81.71,81.9799,2745,0
2018-02-27,20:00:00,81.9402,81.95,81.88,81.88,22830,0
2018-02-27,21:00:00,81.8278,81.8304,81.56,81.58,63199,0
2018-02-27,22:00:00,81.58,81.6,81.18,81.18,1290890,0
2018-02-28,16:00:00,81.94,81.95,81.77,81.88,17600,0
2018-02-28,17:00:00,81.88,81.97,81.83,81.83,4705,0
2018-02-28,18:00:00,81.7601,81.7601,81.51,81.55,7786,0
2018-02-28,19:00:00,81.65,81.7887,81.62,81.78,11028,0
2018-02-28,20:00:00,81.75,81.82,81.72,81.77,2532,0
2018-02-28,21:00:00,81.85,81.85,81.59,81.59,7411,0
2018-02-28,22:00:00,81.59,81.59,81.19,81.19,8262,0
2018-03-01,16:00:00,80.3,80.31,79.87,80.01,5330,0
2018-03-01,17:00:00,80.01,80.52,79.9,80.29,5918,0
2018-03-01,18:00:00,80.26,80.26,80.02,80.21,1350,0
2018-03-01,19:00:00,80.0865,80.12,79.87,80.03,1354,0
2018-03-01,20:00:00,79.64,79.64,79.1665,79.1665,2440,0
2018-03-01,21:00:00,79.13,79.34,79.1,79.17,3119,0
2018-03-01,22:00:00,79.05,79.4,79.05,79.08,26376,0
2018-03-02,16:00:00,79.05,79.21,78.9,79.125,17476,0
2018-03-02,17:00:00,79.17,79.51,79.13,79.36,5176,0
2018-03-02,18:00:00,79.27,79.72,79.08,79.72,5092,0
2018-03-02,19:00:00,79.73,79.98,79.63,79.94,3052,0
2018-03-02,20:00:00,79.79,79.79,79.4301,79.49,2824,0
2018-03-02,21:00:00,79.5,79.89,79.5,79.8036,2781,0
2018-03-02,22:00:00,79.6961,80.27,79.67,80.21,10532,0
2018-03-05,16:00:00,79.24,79.43,79.22,79.24,1556,0
2018-03-05,17:00:00,79.3,79.53,79.25,79.53,800,0
2018-03-05,18:00:00,79.69,80.095,79.66,79.9655,16720,0
2018-03-05,19:00:00,79.82,80.05,79.82,80.05,856,0
2018-03-05,20:00:00,79.99,80.03,79.9572,80.03,1087,0
2018-03-05,21:00:00,80.18,80.18,80.17,80.17,200,0
2018-03-05,22:00:00,80.18,80.19,80.08,80.14,1026,0
2018-03-06,16:00:00,81.12,81.35,80.95,80.98,9146,0
2018-03-06,17:00:00,81.02,81.18,80.91,80.91,16686,0
2018-03-06,18:00:00,80.96,81.17,80.89,81.17,23697,0
2018-03-06,19:00:00,81.21,81.21,80.93,81.1,19992,0
2018-03-06,20:00:00,81.25,81.32,81.05,81.05,5308,0
2018-03-06,21:00:00,81.08,81.205,80.9901,81.155,3083,0
2018-03-06,22:00:00,81.11,81.21,81.03,81.03,4784,0
2018-03-07,16:00:00,80.57,80.78,80.48,80.65,9236,0
2018-03-07,17:00:00,80.62,80.85,80.61,80.85,15504,0
2018-03-07,18:00:00,80.78,80.79,80.45,80.48,9234,0
2018-03-07,19:00:00,80.39,80.43,80.23,80.41,9411,0
2018-03-07,20:00:00,80.39,80.47,80.29,80.43,2323,0
2018-03-07,21:00:00,80.41,80.53,80.39,80.46,6204,0
2018-03-07,22:00:00,80.49,80.71,80.48,80.66,8234,0
2018-03-08,16:00:00,80.82,80.82,80.7,80.7,705,0
2018-03-08,17:00:00,80.65,80.83,80.62,80.7,6800,0
2018-03-08,18:00:00,80.77,80.93,80.77,80.78,2660,0
2018-03-08,19:00:00,80.79,80.79,80.7,80.7,900,0
2018-03-08,20:00:00,80.67,80.67,80.653,80.653,354,0
2018-03-08,21:00:00,80.674,80.694,80.674,80.694,608,0
2018-03-08,22:00:00,80.88,81.02,80.88,81.02,230,0
2018-03-09,17:00:00,80.5,80.65,80.5,80.65,200,0
2018-03-09,19:00:00,80.9408,80.9408,80.82,80.82,526,0
2018-03-09,21:00:00,80.9047,80.92,80.9047,80.92,266,0
2018-03-09,22:00:00,81.06,81.08,81,81.03,2440,0
2018-03-12,15:00:00,81.12,81.17,81.1,81.17,2304,0
2018-03-12,16:00:00,81.14,81.14,80.96,80.96,4505,0
2018-03-12,17:00:00,80.97,80.97,80.82,80.89,3497,0
2018-03-12,18:00:00,80.9701,81,80.89,80.9,4856,0
2018-03-12,19:00:00,80.8999,80.8999,80.8878,80.89,1440,0
2018-03-12,20:00:00,80.85,80.87,80.85,80.87,313,0
2018-03-12,21:00:00,80.9411,80.98,80.9411,80.95,353,0
2018-03-13,15:00:00,81.56,81.74,81.56,81.66,2488,0
2018-03-13,16:00:00,81.5711,81.62,81.54,81.58,2918,0
2018-03-13,17:00:00,81.555,81.555,81.45,81.45,1119,0
2018-03-13,18:00:00,81.24,81.27,81.225,81.24,464,0
2018-03-13,19:00:00,81.15,81.15,81.12,81.12,312,0
2018-03-13,20:00:00,80.95,81.03,80.95,81.03,500,0
2018-03-13,21:00:00,80.96,81.04,80.96,81.03,2088,0
2018-03-14,15:00:00,81.79,81.82,81.6408,81.6408,4360,0
2018-03-14,16:00:00,81.72,81.72,81.54,81.54,500,0
2018-03-14,17:00:00,81.51,81.5311,81.3,81.3,12628,0
2018-03-14,18:00:00,81.32,81.32,81.28,81.28,500,0
2018-03-14,19:00:00,81.51,81.58,81.51,81.58,532,0
2018-03-14,20:00:00,81.61,81.67,81.38,81.5859,75927,0
2018-03-14,21:00:00,81.6,81.65,81.5,81.65,35416,0
2018-03-15,15:00:00,81.93,81.97,81.8321,81.85,6140,0
2018-03-15,16:00:00,82,82.03,81.97,82.03,1405,0
2018-03-15,17:00:00,82.05,82.13,82.01,82.03,4413,0
2018-03-15,18:00:00,81.9927,81.9964,81.89,81.89,871,0
2018-03-15,19:00:00,81.71,81.72,81.69,81.69,400,0
2018-03-15,20:00:00,81.66,81.7706,81.66,81.7706,499,0
2018-03-15,21:00:00,81.7514,81.91,81.7514,81.85,887,0
2018-03-16,15:00:00,81.28,81.345,81.23,81.345,12326,0
2018-03-16,16:00:00,81.2852,81.48,81.2852,81.43,9279,0
2018-03-16,17:00:00,81.39,81.4,81.35,81.4,3600,0
2018-03-16,18:00:00,81.37,81.37,81.37,81.37,100,0
2018-03-16,19:00:00,81.34,81.34,81.34,81.34,100,0
2018-03-16,20:00:00,81.2,81.35,81.19,81.34,691,0
2018-03-16,21:00:00,81.3801,81.4301,81.35,81.3501,743,0
2018-03-19,15:00:00,80.59,80.59,80.45,80.46,5109,0
2018-03-19,16:00:00,80.54,80.54,80.31,80.31,1300,0
2018-03-19,17:00:00,80.32,80.32,80.13,80.16,6600,0
2018-03-19,18:00:00,80.07,80.12,80.03,80.07,3809,0
2018-03-19,19:00:00,79.92,79.92,79.78,79.89,1600,0
2018-03-19,20:00:00,79.8632,79.8632,79.43,79.62,2758,0
2018-03-19,21:00:00,79.57,79.89,79.55,79.85,4224,0
2018-03-20,15:00:00,80.22,80.35,80.22,80.27,9938,0
2018-03-20,16:00:00,80.15,80.41,80.15,80.36,23914,0
2018-03-20,17:00:00,80.36,80.48,80.26,80.3,29238,0
2018-03-20,18:00:00,80.28,80.44,80.26,80.35,16205,0
2018-03-20,19:00:00,80.35,80.35,80.25,80.32,16323,0
2018-03-20,20:00:00,80.27,80.51,80.26,80.43,31659,0
2018-03-20,21:00:00,80.52,80.59,80.4,80.4,67112,0
2018-03-21,15:00:00,80.34,80.34,80.1,80.11,8882,0
2018-03-21,16:00:00,80.2,80.27,80.19,80.27,1100,0
2018-03-21,17:00:00,80.25,80.39,80.2341,80.39,3643,0
2018-03-21,18:00:00,80.44,80.57,80.44,80.57,876,0
2018-03-21,19:00:00,80.56,80.56,80.465,80.56,1400,0
2018-03-21,20:00:00,80.84,80.84,80.19,80.35,15421,0
2018-03-21,21:00:00,80.43,80.63,80.4,80.44,7108,0
2018-03-22,15:00:00,80.61,80.62,80.44,80.52,6482,0
2018-03-22,16:00:00,80.45,80.49,80.25,80.25,4941,0
2018-03-22,17:00:00,80.31,80.32,79.99,80.0565,10513,0
2018-03-22,18:00:00,79.94,80.38,79.94,80.29,3150,0
2018-03-22,19:00:00,80.25,80.39,80.19,80.39,3097,0
2018-03-22,20:00:00,80.32,80.385,80.22,80.28,19270,0
2018-03-22,21:00:00,80.25,80.25,79.76,79.8,9075,0
2018-03-23,15:00:00,79.24,79.4,79.07,79.28,43306,0
2018-03-23,16:00:00,79.3363,79.38,79.21,79.36,3949,0
2018-03-23,17:00:00,79.38,79.38,79,79,20507,0
2018-03-23,18:00:00,78.95,79.06,78.79,78.79,839,0
2018-03-23,19:00:00,78.94,79.1301,78.94,79.13,1500,0
2018-03-23,20:00:00,79.09,79.09,78.511,78.65,3885,0
2018-03-23,21:00:00,78.45,78.64,78.11,78.11,9343,0
2018-03-26,16:00:00,78.93,79.03,78.91,78.91,8993,0
2018-03-26,17:00:00,78.88,78.88,78.56,78.56,2138,0
2018-03-26,18:00:00,78.57,78.6006,78.38,78.6006,6341,0
2018-03-26,20:00:00,78.71,78.8,78.58,78.58,9873,0
2018-03-26,21:00:00,78.77,78.95,78.77,78.9065,1750,0
2018-03-26,22:00:00,78.94,79.12,78.9,79.11,13812,0
2018-03-27,16:00:00,80.41,80.48,80.26,80.42,10295,0
2018-03-27,17:00:00,80.38,80.4,80.19,80.26,4988,0
2018-03-27,18:00:00,80.15,80.555,80.15,80.54,1951,0
2018-03-27,19:00:00,80.5,80.52,80.31,80.35,1583,0
2018-03-27,20:00:00,80.45,80.45,80.09,80.09,716,0
2018-03-27,21:00:00,80.0972,80.15,79.89,79.89,1524,0
2018-03-27,22:00:00,79.86,79.86,79.24,79.41,19493,0
2018-03-28,16:00:00,80.4,80.69,80.2901,80.45,13602,0
2018-03-28,17:00:00,80.5,80.5,80.12,80.18,1963,0
2018-03-28,18:00:00,80.29,80.52,80.17,80.51,3300,0
2018-03-28,19:00:00,80.55,80.829,80.44,80.57,2925,0
2018-03-28,20:00:00,80.461,80.7031,80.461,80.7031,2449,0
2018-03-28,21:00:00,80.6437,80.74,80.6437,80.72,665,0
2018-03-28,22:00:00,80.4703,80.55,80.4703,80.48,18961,0
2018-03-29,16:00:00,81.18,81.37,81.18,81.25,7991,0
2018-03-29,17:00:00,81.24,81.52,81.18,81.51,3490,0
2018-03-29,18:00:00,81.59,81.66,81.47,81.5,6008,0
2018-03-29,19:00:00,81.543,81.543,81.42,81.5162,26939,0
2018-03-29,20:00:00,81.67,81.74,81.67,81.74,904,0
2018-03-29,21:00:00,81.73,82.0652,81.73,82.0652,1335,0
2018-03-29,22:00:00,82.0495,82.15,81.87,81.9199,1546,0
