Date,Time,Open,High,Low,Close,Volume,OpenInt
2017-09-06,16:00:00,28.785,28.874,28.736,28.845,125874,0
2017-09-06,17:00:00,28.844,28.934,28.716,28.825,121379,0
2017-09-06,18:00:00,28.834,28.924,28.805,28.864,54337,0
2017-09-06,19:00:00,28.864,28.913,28.805,28.815,42583,0
2017-09-06,20:00:00,28.8,28.825,28.765,28.815,36594,0
2017-09-06,21:00:00,28.825,28.825,28.726,28.785,25965,0
2017-09-06,22:00:00,28.775,28.894,28.736,28.894,118278,0
2017-09-07,16:00:00,28.825,28.864,28.676,28.864,90065,0
2017-09-07,17:00:00,28.864,29.024,28.766,28.796,130513,0
2017-09-07,18:00:00,28.775,29.051,28.774,29.014,45705,0
2017-09-07,19:00:00,29.024,29.084,28.974,28.98,51934,0
2017-09-07,20:00:00,28.993,29.034,28.964,29.024,23584,0
2017-09-07,21:00:00,29.024,29.044,28.984,29.034,88413,0
2017-09-07,22:00:00,29.014,29.094,28.934,28.964,32729,0
2017-09-08,16:00:00,29.094,29.156,28.904,28.911,117229,0
2017-09-08,17:00:00,28.884,28.904,28.765,28.805,100471,0
2017-09-08,18:00:00,28.795,28.844,28.707,28.8,55047,0
2017-09-08,19:00:00,28.795,28.825,28.716,28.746,37399,0
2017-09-08,20:00:00,28.746,28.842,28.736,28.795,34002,0
2017-09-08,21:00:00,28.805,28.873,28.765,28.82,43945,0
2017-09-08,22:00:00,28.834,28.94,28.805,28.904,117405,0
2017-09-11,16:00:00,28.296,28.326,28.137,28.157,125573,0
2017-09-11,17:00:00,28.163,28.163,28.011,28.027,146265,0
2017-09-11,18:00:00,28.037,28.077,27.937,27.977,93810,0
2017-09-11,19:00:00,27.967,27.987,27.847,27.917,93508,0
2017-09-11,20:00:00,27.907,27.907,27.837,27.857,46138,0
2017-09-11,21:00:00,27.847,27.897,27.837,27.897,51339,0
2017-09-11,22:00:00,27.897,27.933,27.862,27.897,138394,0
2017-09-12,16:00:00,27.717,27.717,27.569,27.628,77689,0
2017-09-12,17:00:00,27.608,27.747,27.588,27.707,84908,0
2017-09-12,18:00:00,27.688,27.707,27.605,27.638,44389,0
2017-09-12,19:00:00,27.644,27.667,27.627,27.648,31578,0
2017-09-12,20:00:00,27.638,27.648,27.588,27.638,42873,0
2017-09-12,21:00:00,27.647,27.688,27.628,27.678,37897,0
2017-09-12,22:00:00,27.688,27.727,27.658,27.668,115789,0
2017-09-13,16:00:00,27.668,27.707,27.593,27.678,92319,0
2017-09-13,17:00:00,27.648,27.678,27.606,27.638,69713,0
2017-09-13,18:00:00,27.638,27.707,27.598,27.628,43214,0
2017-09-13,19:00:00,27.638,27.638,27.539,27.566,43875,0
2017-09-13,20:00:00,27.559,27.608,27.549,27.569,37051,0
2017-09-13,21:00:00,27.587,27.608,27.549,27.569,41036,0
2017-09-13,22:00:00,27.579,27.579,27.499,27.519,100361,0
2017-09-14,16:00:00,27.598,27.598,27.399,27.435,123971,0
2017-09-14,17:00:00,27.419,27.479,27.409,27.449,67328,0
2017-09-14,18:00:00,27.449,27.459,27.369,27.409,48797,0
2017-09-14,19:00:00,27.409,27.429,27.289,27.299,52639,0
2017-09-14,20:00:00,27.294,27.329,27.289,27.329,42511,0
2017-09-14,21:00:00,27.329,27.349,27.289,27.319,78857,0
2017-09-14,22:00:00,27.329,27.339,27.269,27.309,104167,0
2017-09-15,16:00:00,27.279,27.279,27.179,27.219,134364,0
2017-09-15,17:00:00,27.219,27.259,27.109,27.145,151729,0
2017-09-15,18:00:00,27.149,27.189,27.129,27.139,99890,0
2017-09-15,19:00:00,27.139,27.176,27.123,27.155,37085,0
2017-09-15,20:00:00,27.154,27.158,27.129,27.139,34885,0
2017-09-15,21:00:00,27.139,27.148,27.099,27.099,61754,0
2017-09-15,22:00:00,27.099,27.114,27.049,27.089,173087,0
2017-09-18,16:00:00,26.93,27.009,26.83,26.83,157077,0
2017-09-18,17:00:00,26.83,26.88,26.79,26.819,147877,0
2017-09-18,18:00:00,26.81,26.82,26.76,26.79,66928,0
2017-09-18,19:00:00,26.78,26.84,26.76,26.804,28009,0
2017-09-18,20:00:00,26.8,26.829,26.766,26.8,48699,0
2017-09-18,21:00:00,26.8,26.88,26.8,26.84,102643,0
2017-09-18,22:00:00,26.84,26.855,26.76,26.85,113242,0
2017-09-19,16:00:00,26.75,26.8,26.73,26.79,58450,0
2017-09-19,17:00:00,26.78,26.787,26.7,26.73,45143,0
2017-09-19,18:00:00,26.74,26.79,26.7,26.72,54353,0
2017-09-19,19:00:00,26.7,26.727,26.665,26.7,39951,0
2017-09-19,20:00:00,26.7,26.719,26.66,26.666,21225,0
2017-09-19,21:00:00,26.66,26.7,26.65,26.7,51490,0
2017-09-19,22:00:00,26.69,26.71,26.67,26.68,99421,0
2017-09-20,16:00:00,26.72,26.73,26.67,26.71,52498,0
2017-09-20,17:00:00,26.71,26.76,26.67,26.72,158780,0
2017-09-20,18:00:00,26.71,26.73,26.637,26.65,74418,0
2017-09-20,19:00:00,26.639,26.646,26.61,26.63,25549,0
2017-09-20,20:00:00,26.635,26.71,26.63,26.69,38847,0
2017-09-20,21:00:00,26.71,26.9,26.65,26.671,298251,0
2017-09-20,22:00:00,26.7,26.75,26.561,26.58,155644,0
2017-09-21,16:00:00,26.58,26.7,26.552,26.66,104113,0
2017-09-21,17:00:00,26.66,26.7,26.58,26.62,128886,0
2017-09-21,18:00:00,26.61,26.67,26.59,26.66,59429,0
2017-09-21,19:00:00,26.654,26.72,26.64,26.69,44046,0
2017-09-21,20:00:00,26.685,26.73,26.67,26.7,21030,0
2017-09-21,21:00:00,26.7,26.74,26.671,26.7,33977,0
2017-09-21,22:00:00,26.69,26.76,26.664,26.76,58508,0
2017-09-22,16:00:00,26.85,26.85,26.76,26.8,39261,0
2017-09-22,17:00:00,26.8,26.89,26.74,26.87,38332,0
2017-09-22,18:00:00,26.865,26.88,26.84,26.84,32936,0
2017-09-22,19:00:00,26.835,26.88,26.81,26.88,25204,0
2017-09-22,20:00:00,26.89,26.966,26.851,26.87,53315,0
2017-09-22,21:00:00,26.87,26.89,26.84,26.872,24795,0
2017-09-22,22:00:00,26.87,26.87,26.76,26.83,200258,0
2017-09-25,16:00:00,26.87,26.91,26.79,26.84,68060,0
2017-09-25,17:00:00,26.83,27.039,26.76,27.03,105426,0
2017-09-25,18:00:00,27.039,27.269,27.029,27.079,185220,0
2017-09-25,19:00:00,27.086,27.189,27.049,27.059,39946,0
2017-09-25,20:00:00,27.059,27.059,26.985,27.029,26667,0
2017-09-25,21:00:00,27.039,27.069,27,27.029,29900,0
2017-09-25,22:00:00,27.029,27.054,26.96,26.98,65507,0
2017-09-26,16:00:00,26.85,26.88,26.73,26.74,74624,0
2017-09-26,17:00:00,26.74,26.9,26.73,26.9,46419,0
2017-09-26,18:00:00,26.909,27.009,26.88,26.972,48834,0
2017-09-26,19:00:00,26.93,27,26.91,26.92,34156,0
2017-09-26,20:00:00,26.95,26.96,26.89,26.9,11810,0
2017-09-26,21:00:00,26.89,26.97,26.89,26.95,37021,0
2017-09-26,22:00:00,26.94,27.039,26.91,27.019,54653,0
2017-09-27,16:00:00,26.73,26.83,26.72,26.825,86776,0
2017-09-27,17:00:00,26.82,27.129,26.8,27.089,74117,0
2017-09-27,18:00:00,27.059,27.089,26.971,26.99,54236,0
2017-09-27,19:00:00,27.019,27.06,26.96,26.98,38001,0
2017-09-27,20:00:00,26.96,26.98,26.94,26.94,27126,0
2017-09-27,21:00:00,26.93,26.93,26.754,26.76,74158,0
2017-09-27,22:00:00,26.765,26.85,26.721,26.82,102854,0
2017-09-28,16:00:00,26.98,27.025,26.89,26.94,56743,0
2017-09-28,17:00:00,26.933,26.95,26.755,26.8,62834,0
2017-09-28,18:00:00,26.79,26.8,26.69,26.721,58000,0
2017-09-28,19:00:00,26.72,26.72,26.63,26.67,74763,0
2017-09-28,20:00:00,26.68,26.71,26.656,26.656,27827,0
2017-09-28,21:00:00,26.66,26.73,26.66,26.7,44699,0
2017-09-28,22:00:00,26.7,26.73,26.67,26.71,43079,0
2017-09-29,16:00:00,26.79,26.87,26.78,26.8,120995,0
2017-09-29,17:00:00,26.8,26.8,26.7,26.76,31373,0
2017-09-29,18:00:00,26.77,26.78,26.711,26.72,48353,0
2017-09-29,19:00:00,26.72,26.75,26.7,26.75,15854,0
2017-09-29,20:00:00,26.75,26.78,26.731,26.77,25728,0
2017-09-29,21:00:00,26.76,26.8,26.7,26.71,42177,0
2017-09-29,22:00:00,26.713,26.73,26.61,26.61,57454,0
2017-10-02,16:00:00,26.511,26.551,26.372,26.372,80116,0
2017-10-02,17:00:00,26.355,26.451,26.322,26.395,79850,0
2017-10-02,18:00:00,26.382,26.425,26.342,26.342,43116,0
2017-10-02,19:00:00,26.352,26.352,26.212,26.221,73681,0
2017-10-02,20:00:00,26.212,26.219,26.142,26.152,114686,0
2017-10-02,21:00:00,26.142,26.169,26.102,26.103,39353,0
2017-10-02,22:00:00,26.102,26.162,26.072,26.072,155666,0
2017-10-03,16:00:00,25.892,25.987,25.892,25.892,73708,0
2017-10-03,17:00:00,25.882,25.916,25.823,25.834,118084,0
2017-10-03,18:00:00,25.834,25.862,25.802,25.81,61225,0
2017-10-03,19:00:00,25.813,25.847,25.793,25.823,35904,0
2017-10-03,20:00:00,25.814,25.833,25.802,25.819,33437,0
2017-10-03,21:00:00,25.821,25.822,25.763,25.778,46815,0
2017-10-03,22:00:00,25.783,25.813,25.763,25.763,177116,0
2017-10-04,16:00:00,25.813,25.813,25.706,25.723,91039,0
2017-10-04,17:00:00,25.723,25.752,25.694,25.713,43684,0
2017-10-04,18:00:00,25.713,25.713,25.634,25.653,55565,0
2017-10-04,19:00:00,25.643,25.683,25.623,25.668,42332,0
2017-10-04,20:00:00,25.653,25.723,25.653,25.673,35834,0
2017-10-04,21:00:00,25.672,25.713,25.672,25.687,58967,0
2017-10-04,22:00:00,25.689,25.762,25.674,25.713,124994,0
2017-10-05,16:00:00,25.643,25.718,25.573,25.624,45557,0
2017-10-05,17:00:00,25.623,25.633,25.533,25.573,40729,0
2017-10-05,18:00:00,25.563,25.573,25.397,25.414,127825,0
2017-10-05,19:00:00,25.423,25.423,25.345,25.384,133364,0
2017-10-05,20:00:00,25.382,25.382,25.324,25.344,60029,0
2017-10-05,21:00:00,25.35,25.384,25.35,25.354,57640,0
2017-10-05,22:00:00,25.344,25.369,25.314,25.334,91749,0
2017-10-06,16:00:00,25.434,25.434,25.344,25.354,87413,0
2017-10-06,17:00:00,25.354,25.434,25.314,25.394,179752,0
2017-10-06,18:00:00,25.394,25.433,25.329,25.409,35560,0
2017-10-06,19:00:00,25.429,25.429,25.364,25.404,40189,0
2017-10-06,20:00:00,25.404,25.443,25.384,25.409,68788,0
2017-10-06,21:00:00,25.404,25.404,25.324,25.333,43849,0
2017-10-06,22:00:00,25.334,25.373,25.324,25.344,67475,0
2017-10-09,17:00:00,25.314,25.354,25.279,25.284,29141,0
2017-10-09,18:00:00,25.284,25.299,25.255,25.264,47123,0
2017-10-09,19:00:00,25.274,25.339,25.274,25.324,39609,0
2017-10-09,20:00:00,25.329,25.329,25.294,25.314,31400,0
2017-10-09,21:00:00,25.31,25.38,25.304,25.364,22630,0
2017-10-09,22:00:00,25.369,25.419,25.344,25.374,147016,0
2017-10-10,16:00:00,25.195,25.195,25.055,25.075,99077,0
2017-10-10,17:00:00,25.075,25.314,25.069,25.235,110077,0
2017-10-10,18:00:00,25.235,25.264,25.195,25.235,83194,0
2017-10-10,19:00:00,25.23,25.274,25.176,25.185,41790,0
2017-10-10,20:00:00,25.175,25.195,25.132,25.175,50649,0
2017-10-10,21:00:00,25.175,25.21,25.165,25.195,24582,0
2017-10-10,22:00:00,25.195,25.195,25.101,25.125,92560,0
2017-10-11,16:00:00,25.125,25.145,25.065,25.115,49075,0
2017-10-11,17:00:00,25.105,25.111,25.065,25.095,36364,0
2017-10-11,18:00:00,25.095,25.105,25.065,25.095,32106,0
2017-10-11,19:00:00,25.095,25.095,25.028,25.07,85711,0
2017-10-11,20:00:00,25.065,25.095,25.038,25.095,13706,0
2017-10-11,21:00:00,25.085,25.085,25.03,25.045,28430,0
2017-10-11,22:00:00,25.045,25.045,24.976,24.985,146849,0
2017-10-12,16:00:00,25.065,25.115,25.035,25.09,69945,0
2017-10-12,17:00:00,25.09,25.094,24.995,25.025,70934,0
2017-10-12,18:00:00,25.025,25.025,24.945,24.955,65283,0
2017-10-12,19:00:00,24.951,25.015,24.95,24.99,56427,0
2017-10-12,20:00:00,24.995,25.035,24.975,25.035,29301,0
2017-10-12,21:00:00,25.04,25.125,25.015,25.095,119467,0
2017-10-12,22:00:00,25.075,25.15,25.055,25.095,135716,0
2017-10-13,16:00:00,24.975,25.005,24.959,24.965,87411,0
2017-10-13,17:00:00,24.985,25.036,24.885,24.995,100155,0
2017-10-13,18:00:00,24.965,25.027,24.945,24.96,44774,0
2017-10-13,19:00:00,24.965,24.975,24.945,24.96,27186,0
2017-10-13,20:00:00,24.965,24.965,24.915,24.945,32076,0
2017-10-13,21:00:00,24.95,24.976,24.935,24.965,23782,0
2017-10-13,22:00:00,24.955,25.005,24.935,24.965,67196,0
2017-10-16,16:00:00,24.865,24.875,24.75,24.785,140119,0
2017-10-16,17:00:00,24.784,24.935,24.784,24.905,109852,0
2017-10-16,18:00:00,24.91,24.91,24.845,24.865,24163,0
2017-10-16,19:00:00,24.875,24.905,24.849,24.855,21057,0
2017-10-16,20:00:00,24.86,24.865,24.785,24.835,61578,0
2017-10-16,21:00:00,24.826,24.826,24.768,24.781,38621,0
2017-10-16,22:00:00,24.765,24.785,24.705,24.715,132133,0
2017-10-17,16:00:00,24.676,24.714,24.626,24.685,84990,0
2017-10-17,17:00:00,24.685,24.695,24.621,24.636,79111,0
2017-10-17,18:00:00,24.634,24.676,24.574,24.651,84645,0
2017-10-17,19:00:00,24.651,24.666,24.641,24.661,19058,0
2017-10-17,20:00:00,24.656,24.695,24.646,24.666,26230,0
2017-10-17,21:00:00,24.661,24.666,24.631,24.636,25035,0
2017-10-17,22:00:00,24.626,24.635,24.576,24.606,61896,0
2017-10-18,16:00:00,24.247,24.257,24.202,24.217,210170,0
2017-10-18,17:00:00,24.217,24.277,24.137,24.147,288666,0
2017-10-18,18:00:00,24.157,24.206,24.127,24.157,134533,0
2017-10-18,19:00:00,24.157,24.157,24.103,24.127,50587,0
2017-10-18,20:00:00,24.117,24.122,24.063,24.078,113162,0
2017-10-18,21:00:00,24.074,24.098,24.053,24.098,72972,0
2017-10-18,22:00:00,24.088,24.107,24.028,24.078,190170,0
2017-10-19,16:00:00,24.316,24.376,24.166,24.336,152370,0
2017-10-19,17:00:00,24.336,24.393,24.225,24.232,310920,0
2017-10-19,18:00:00,24.231,24.242,24.192,24.227,69203,0
2017-10-19,19:00:00,24.223,24.246,24.137,24.182,87123,0
2017-10-19,20:00:00,24.187,24.187,24.122,24.137,77190,0
2017-10-19,21:00:00,24.137,24.137,24.089,24.107,36575,0
2017-10-19,22:00:00,24.107,24.107,24.048,24.048,138166,0
2017-10-20,16:00:00,23.738,23.908,23.728,23.818,82740,0
2017-10-20,17:00:00,23.838,23.857,23.778,23.837,97757,0
2017-10-20,18:00:00,23.828,23.828,23.678,23.688,135633,0
2017-10-20,19:00:00,23.668,23.708,23.643,23.658,82711,0
2017-10-20,20:00:00,23.658,23.658,23.568,23.603,97969,0
2017-10-20,21:00:00,23.613,23.638,23.558,23.638,79950,0
2017-10-20,22:00:00,23.637,23.638,23.538,23.558,279022,0
2017-10-23,16:00:00,23.439,23.509,23.414,23.429,173846,0
2017-10-23,17:00:00,23.439,23.479,23.413,23.469,145143,0
2017-10-23,18:00:00,23.479,23.479,23.409,23.455,63964,0
2017-10-23,19:00:00,23.459,23.503,23.459,23.478,65824,0
2017-10-23,20:00:00,23.469,23.548,23.469,23.509,74728,0
2017-10-23,21:00:00,23.519,23.568,23.509,23.538,41893,0
2017-10-23,22:00:00,23.537,23.678,23.537,23.678,285393,0
2017-10-24,16:00:00,23.259,23.269,23.11,23.236,324979,0
2017-10-24,17:00:00,23.249,23.249,23.11,23.13,280160,0
2017-10-24,18:00:00,23.134,23.16,23.08,23.099,164737,0
2017-10-24,19:00:00,23.09,23.12,23.054,23.065,78112,0
2017-10-24,20:00:00,23.07,23.11,23.065,23.099,124150,0
2017-10-24,21:00:00,23.1,23.169,23.07,23.169,112941,0
2017-10-24,22:00:00,23.16,23.219,23.13,23.189,400165,0
2017-10-25,16:00:00,23.14,23.239,23.14,23.239,164218,0
2017-10-25,17:00:00,23.229,23.439,23.199,23.429,330648,0
2017-10-25,18:00:00,23.429,23.578,23.429,23.558,367735,0
2017-10-25,19:00:00,23.548,23.748,23.548,23.668,245640,0
2017-10-25,20:00:00,23.668,23.718,23.519,23.548,150684,0
2017-10-25,21:00:00,23.542,23.568,23.469,23.538,84082,0
2017-10-25,22:00:00,23.547,23.608,23.449,23.519,186074,0
2017-10-26,16:00:00,23.289,23.289,23.14,23.16,229648,0
2017-10-26,17:00:00,23.166,23.265,23.15,23.17,248656,0
2017-10-26,18:00:00,23.189,23.339,23.15,23.279,174359,0
2017-10-26,19:00:00,23.289,23.309,23.199,23.274,70527,0
2017-10-26,20:00:00,23.289,23.289,23.209,23.229,52911,0
2017-10-26,21:00:00,23.219,23.261,23.209,23.259,94887,0
2017-10-26,22:00:00,23.259,23.299,23.224,23.299,274579,0
2017-10-27,16:00:00,23.279,23.449,23.276,23.359,181645,0
2017-10-27,17:00:00,23.359,23.359,23.219,23.309,137555,0
2017-10-27,18:00:00,23.299,23.3,23.199,23.229,157142,0
2017-10-27,19:00:00,23.219,23.245,23.17,23.226,124056,0
2017-10-27,20:00:00,23.209,23.259,23.209,23.209,31604,0
2017-10-27,21:00:00,23.214,23.229,23.189,23.209,80275,0
2017-10-27,22:00:00,23.219,23.299,23.189,23.219,265639,0
2017-10-30,15:00:00,23.439,23.479,23.299,23.349,178726,0
2017-10-30,16:00:00,23.329,23.329,23.229,23.26,89482,0
2017-10-30,17:00:00,23.269,23.469,23.249,23.439,112373,0
2017-10-30,18:00:00,23.439,23.528,23.41,23.439,79514,0
2017-10-30,19:00:00,23.439,23.459,23.389,23.454,43343,0
2017-10-30,20:00:00,23.449,23.465,23.419,23.439,47574,0
2017-10-30,21:00:00,23.439,23.509,23.399,23.469,104317,0
2017-10-31,15:00:00,23.369,23.509,23.369,23.489,42046,0
2017-10-31,16:00:00,23.479,23.505,23.418,23.419,79166,0
2017-10-31,17:00:00,23.419,23.43,23.359,23.39,79462,0
2017-10-31,18:00:00,23.38,23.414,23.369,23.414,19294,0
2017-10-31,19:00:00,23.409,23.427,23.389,23.389,23100,0
2017-10-31,20:00:00,23.389,23.393,23.339,23.339,59938,0
2017-10-31,21:00:00,23.329,23.409,23.299,23.379,109692,0
2017-11-01,15:00:00,23.02,23.1,22.963,22.99,171114,0
2017-11-01,16:00:00,22.99,23.09,22.978,23.08,164443,0
2017-11-01,17:00:00,23.08,23.273,23.07,23.249,96582,0
2017-11-01,18:00:00,23.25,23.269,23.189,23.239,74737,0
2017-11-01,19:00:00,23.239,23.349,23.239,23.299,52756,0
2017-11-01,20:00:00,23.289,23.289,23.161,23.18,98393,0
2017-11-01,21:00:00,23.18,23.234,23.16,23.219,155525,0
2017-11-02,15:00:00,23.16,23.239,23.16,23.209,38745,0
2017-11-02,16:00:00,23.219,23.479,23.199,23.249,239053,0
2017-11-02,17:00:00,23.249,23.286,23.165,23.229,112498,0
2017-11-02,18:00:00,23.229,23.245,23.093,23.097,80717,0
2017-11-02,19:00:00,23.106,23.16,23.095,23.14,41804,0
2017-11-02,20:00:00,23.14,23.159,23.111,23.14,21878,0
2017-11-02,21:00:00,23.145,23.145,22.932,23,122357,0
2017-11-03,15:00:00,22.901,23.08,22.871,23.05,120140,0
2017-11-03,16:00:00,23.04,23.06,22.98,23.01,79112,0
2017-11-03,17:00:00,22.99,23,22.931,22.94,36962,0
2017-11-03,18:00:00,22.94,22.94,22.871,22.901,52257,0
2017-11-03,19:00:00,22.901,22.916,22.871,22.89,15086,0
2017-11-03,20:00:00,22.89,22.959,22.88,22.935,58964,0
2017-11-03,21:00:00,22.94,22.98,22.921,22.94,140921,0
2017-11-06,16:00:00,22.901,22.95,22.881,22.881,34558,0
2017-11-06,17:00:00,22.861,22.901,22.836,22.901,44133,0
2017-11-06,18:00:00,22.911,22.94,22.861,22.891,13525,0
2017-11-06,19:00:00,22.886,22.912,22.851,22.851,9312,0
2017-11-06,20:00:00,22.861,22.871,22.835,22.851,18070,0
2017-11-06,21:00:00,22.861,22.871,22.815,22.821,29523,0
2017-11-06,22:00:00,22.821,22.891,22.811,22.881,93241,0
2017-11-07,16:00:00,22.821,22.841,22.741,22.761,66398,0
2017-11-07,17:00:00,22.761,22.965,22.721,22.921,84604,0
2017-11-07,18:00:00,22.921,23.06,22.851,23.06,198934,0
2017-11-07,19:00:00,23.065,23.065,22.973,23,43988,0
2017-11-07,20:00:00,23,23,22.917,22.931,26838,0
2017-11-07,21:00:00,22.931,22.97,22.911,22.97,28768,0
2017-11-07,22:00:00,22.953,23.005,22.861,22.861,96258,0
2017-11-08,16:00:00,22.911,22.991,22.871,22.984,148139,0
2017-11-08,17:00:00,22.98,22.99,22.901,22.921,122544,0
2017-11-08,18:00:00,22.921,22.95,22.881,22.901,46228,0
2017-11-08,19:00:00,22.902,22.926,22.834,22.841,30103,0
2017-11-08,20:00:00,22.841,22.841,22.811,22.831,18774,0
2017-11-08,21:00:00,22.84,22.881,22.831,22.861,9299,0
2017-11-08,22:00:00,22.861,22.901,22.831,22.861,56914,0
2017-11-09,16:00:00,23.13,23.219,23.03,23.12,289843,0
2017-11-09,17:00:00,23.12,23.12,22.911,23.012,234331,0
2017-11-09,18:00:00,23.02,23.359,23,23.275,205663,0
2017-11-09,19:00:00,23.279,23.519,23.279,23.359,475622,0
2017-11-09,20:00:00,23.369,23.413,23.199,23.218,85910,0
2017-11-09,21:00:00,23.219,23.219,23.115,23.17,51734,0
2017-11-09,22:00:00,23.17,23.185,23.037,23.09,137894,0
2017-11-10,16:00:00,23.14,23.22,23.09,23.189,132799,0
2017-11-10,17:00:00,23.189,23.252,23.13,23.182,67560,0
2017-11-10,18:00:00,23.18,23.239,23.16,23.174,42750,0
2017-11-10,19:00:00,23.17,23.229,23.17,23.229,18618,0
2017-11-10,20:00:00,23.229,23.249,23.18,23.214,20403,0
2017-11-10,21:00:00,23.209,23.209,23.13,23.14,45408,0
2017-11-10,22:00:00,23.139,23.18,23.13,23.18,67558,0
2017-11-13,16:00:00,23.419,23.419,23.183,23.189,138056,0
2017-11-13,17:00:00,23.18,23.189,23.083,23.17,139631,0
2017-11-13,18:00:00,23.17,23.17,23.104,23.12,81547,0
2017-11-13,19:00:00,23.11,23.13,23.09,23.11,17194,0
2017-11-13,20:00:00,23.11,23.14,23.09,23.09,21447,0
2017-11-13,21:00:00,23.1,23.1,23.06,23.1,34056,0
2017-11-13,22:00:00,23.1,23.146,23.06,23.1,219767,0
2017-11-14,16:00:00,23.289,23.389,23.249,23.389,57281,0
2017-11-14,17:00:00,23.399,23.598,23.23,23.273,214206,0
2017-11-14,18:00:00,23.269,23.33,23.249,23.26,73734,0
2017-11-14,19:00:00,23.269,23.334,23.209,23.309,80210,0
2017-11-14,20:00:00,23.324,23.349,23.249,23.279,41579,0
2017-11-14,21:00:00,23.279,23.279,23.219,23.219,46503,0
2017-11-14,22:00:00,23.228,23.289,23.189,23.209,110024,0
2017-11-15,16:00:00,23.558,23.688,23.519,23.663,235982,0
2017-11-15,17:00:00,23.658,23.688,23.459,23.459,99254,0
2017-11-15,18:00:00,23.459,23.489,23.409,23.448,76857,0
2017-11-15,19:00:00,23.439,23.528,23.439,23.459,56184,0
2017-11-15,20:00:00,23.459,23.583,23.459,23.578,41882,0
2017-11-15,21:00:00,23.558,23.607,23.538,23.558,42899,0
2017-11-15,22:00:00,23.548,23.628,23.486,23.608,127259,0
2017-11-16,16:00:00,23.259,23.259,23.11,23.18,144350,0
2017-11-16,17:00:00,23.18,23.18,23.031,23.069,195587,0
2017-11-16,18:00:00,23.06,23.06,22.974,22.99,94805,0
2017-11-16,19:00:00,22.98,23.009,22.96,23,44657,0
2017-11-16,20:00:00,22.99,23,22.94,22.98,90608,0
2017-11-16,21:00:00,22.97,22.98,22.911,22.971,46762,0
2017-11-16,22:00:00,22.98,23.03,22.96,23.01,141552,0
2017-11-17,16:00:00,23.189,23.289,23.17,23.219,152340,0
2017-11-17,17:00:00,23.209,23.259,23.137,23.219,81807,0
2017-11-17,18:00:00,23.219,23.309,23.219,23.269,35486,0
2017-11-17,19:00:00,23.289,23.299,23.249,23.259,48326,0
2017-11-17,20:00:00,23.269,23.299,23.254,23.279,15925,0
2017-11-17,21:00:00,23.275,23.309,23.269,23.279,17726,0
2017-11-17,22:00:00,23.279,23.309,23.233,23.299,86591,0
2017-11-20,16:00:00,23.229,23.299,23.13,23.13,73016,0
2017-11-20,17:00:00,23.13,23.14,23.043,23.05,105222,0
2017-11-20,18:00:00,23.07,23.07,23.019,23.03,63872,0
2017-11-20,19:00:00,23.025,23.08,23.01,23.046,53775,0
2017-11-20,20:00:00,23.044,23.05,23.02,23.02,22018,0
2017-11-20,21:00:00,23.03,23.06,23.029,23.055,11272,0
2017-11-20,22:00:00,23.055,23.139,23.033,23.08,124439,0
2017-11-21,16:00:00,22.761,22.791,22.651,22.691,195542,0
2017-11-21,17:00:00,22.691,22.701,22.601,22.611,114048,0
2017-11-21,18:00:00,22.601,22.61,22.551,22.571,167391,0
2017-11-21,19:00:00,22.571,22.587,22.551,22.561,63533,0
2017-11-21,20:00:00,22.561,22.572,22.548,22.571,69916,0
2017-11-21,21:00:00,22.576,22.631,22.576,22.601,95908,0
2017-11-21,22:00:00,22.606,22.651,22.601,22.631,127458,0
2017-11-22,16:00:00,22.531,22.671,22.531,22.651,257363,0
2017-11-22,17:00:00,22.641,22.716,22.631,22.652,94120,0
2017-11-22,18:00:00,22.656,22.781,22.656,22.764,43935,0
2017-11-22,19:00:00,22.771,22.851,22.765,22.786,66550,0
2017-11-22,20:00:00,22.791,22.841,22.791,22.791,38994,0
2017-11-22,21:00:00,22.786,22.791,22.745,22.771,31892,0
2017-11-22,22:00:00,22.771,22.791,22.741,22.791,59808,0
2017-11-24,16:00:00,22.721,22.721,22.661,22.681,150173,0
2017-11-24,17:00:00,22.681,22.701,22.641,22.641,31283,0
2017-11-24,18:00:00,22.641,22.656,22.591,22.651,46892,0
2017-11-24,19:00:00,22.651,22.711,22.624,22.711,48377,0
2017-11-24,20:00:00,22.711,22.711,22.711,22.711,272,0
2017-11-24,22:00:00,22.711,22.711,22.711,22.711,0,0
2017-11-27,16:00:00,22.671,22.726,22.531,22.547,257815,0
2017-11-27,17:00:00,22.551,22.571,22.461,22.481,95236,0
2017-11-27,18:00:00,22.474,22.691,22.474,22.591,100413,0
2017-11-27,19:00:00,22.601,22.627,22.588,22.61,38969,0
2017-11-27,20:00:00,22.601,22.621,22.581,22.591,24213,0
2017-11-27,21:00:00,22.601,22.626,22.591,22.591,32135,0
2017-11-27,22:00:00,22.591,22.631,22.571,22.631,76848,0
2017-11-28,16:00:00,22.451,22.471,22.361,22.421,133701,0
2017-11-28,17:00:00,22.421,22.431,22.375,22.381,58709,0
2017-11-28,18:00:00,22.381,22.403,22.256,22.267,76985,0
2017-11-28,19:00:00,22.268,22.268,22.132,22.139,88587,0
2017-11-28,20:00:00,22.132,22.342,22.072,22.342,171944,0
2017-11-28,21:00:00,22.371,22.441,22.043,22.052,172404,0
2017-11-28,22:00:00,22.054,22.072,21.853,21.883,491219,0
2017-11-29,16:00:00,21.644,21.677,21.524,21.554,293850,0
2017-11-29,17:00:00,21.549,21.694,21.544,21.624,337626,0
2017-11-29,18:00:00,21.614,21.753,21.598,21.724,189208,0
2017-11-29,19:00:00,21.744,21.764,21.644,21.664,145282,0
2017-11-29,20:00:00,21.654,21.694,21.643,21.651,84843,0
2017-11-29,21:00:00,21.644,21.644,21.574,21.634,150481,0
2017-11-29,22:00:00,21.634,21.664,21.558,21.584,169003,0
2017-11-30,16:00:00,21.294,21.324,21.194,21.209,257595,0
2017-11-30,17:00:00,21.214,21.239,21.105,21.106,267244,0
2017-11-30,18:00:00,21.105,21.115,20.994,20.995,293152,0
2017-11-30,19:00:00,20.985,20.988,20.507,20.609,688228,0
2017-11-30,20:00:00,20.607,20.776,20.537,20.708,469119,0
2017-11-30,21:00:00,20.706,20.765,20.636,20.746,175913,0
2017-11-30,22:00:00,20.749,20.836,20.607,20.696,525862,0
2017-12-01,16:00:00,20.617,20.776,20.547,20.716,228777,0
2017-12-01,17:00:00,20.736,20.836,20.518,20.557,285359,0
2017-12-01,18:00:00,20.574,21.544,20.557,20.989,1070170,0
2017-12-01,19:00:00,20.985,21.065,20.856,20.896,533867,0
2017-12-01,20:00:00,20.916,20.945,20.796,20.855,137774,0
2017-12-01,21:00:00,20.856,20.906,20.825,20.874,135423,0
2017-12-01,22:00:00,20.876,20.933,20.716,20.756,343910,0
2017-12-04,16:00:00,20.097,20.267,20.077,20.097,329179,0
2017-12-04,17:00:00,20.097,20.177,19.968,20.137,843967,0
2017-12-04,18:00:00,20.137,20.247,20.118,20.177,229798,0
2017-12-04,19:00:00,20.177,20.317,20.157,20.247,143331,0
2017-12-04,20:00:00,20.247,20.287,20.207,20.285,59620,0
2017-12-04,21:00:00,20.287,20.446,20.287,20.377,182492,0
2017-12-04,22:00:00,20.387,20.607,20.384,20.597,799748,0
2017-12-05,16:00:00,20.477,20.716,20.437,20.706,409830,0
2017-12-05,17:00:00,20.706,20.706,20.547,20.547,211415,0
2017-12-05,18:00:00,20.557,20.667,20.51,20.656,111724,0
2017-12-05,19:00:00,20.656,20.746,20.647,20.716,216350,0
2017-12-05,20:00:00,20.716,20.726,20.626,20.656,106097,0
2017-12-05,21:00:00,20.656,20.846,20.636,20.816,259189,0
2017-12-05,22:00:00,20.826,20.955,20.806,20.876,361126,0
2017-12-06,16:00:00,20.955,20.975,20.806,20.896,207116,0
2017-12-06,17:00:00,20.886,20.995,20.806,20.806,188070,0
2017-12-06,18:00:00,20.801,20.906,20.766,20.896,141526,0
2017-12-06,19:00:00,20.886,20.975,20.869,20.896,98825,0
2017-12-06,20:00:00,20.896,20.916,20.836,20.866,64802,0
2017-12-06,21:00:00,20.853,20.885,20.816,20.861,71795,0
2017-12-06,22:00:00,20.866,21.005,20.846,20.965,129548,0
2017-12-07,16:00:00,21.125,21.125,20.826,20.826,161035,0
2017-12-07,17:00:00,20.826,20.896,20.816,20.876,186462,0
2017-12-07,18:00:00,20.866,20.955,20.725,20.726,92851,0
2017-12-07,19:00:00,20.728,20.786,20.686,20.687,86189,0
2017-12-07,20:00:00,20.696,20.791,20.666,20.756,153161,0
2017-12-07,21:00:00,20.756,20.916,20.736,20.845,145678,0
2017-12-07,22:00:00,20.826,20.886,20.786,20.816,123828,0
2017-12-08,16:00:00,20.577,20.724,20.577,20.636,144269,0
2017-12-08,17:00:00,20.646,20.746,20.577,20.577,96966,0
2017-12-08,18:00:00,20.587,20.636,20.557,20.597,107023,0
2017-12-08,19:00:00,20.597,20.597,20.497,20.567,72714,0
2017-12-08,20:00:00,20.584,20.587,20.527,20.557,27452,0
2017-12-08,21:00:00,20.547,20.597,20.537,20.577,58286,0
2017-12-08,22:00:00,20.567,20.587,20.477,20.487,151164,0
2017-12-11,16:00:00,20.457,20.507,20.347,20.349,232334,0
2017-12-11,17:00:00,20.357,20.497,20.338,20.497,194945,0
2017-12-11,18:00:00,20.498,20.507,20.407,20.437,38153,0
2017-12-11,19:00:00,20.437,20.437,20.377,20.387,27024,0
2017-12-11,20:00:00,20.387,20.406,20.367,20.367,35594,0
2017-12-11,21:00:00,20.367,20.407,20.364,20.397,35109,0
2017-12-11,22:00:00,20.397,20.432,20.327,20.337,80133,0
2017-12-12,16:00:00,20.157,20.183,20.053,20.097,283869,0
2017-12-12,17:00:00,20.077,20.137,20.046,20.077,143606,0
2017-12-12,18:00:00,20.087,20.127,19.978,19.998,154504,0
2017-12-12,19:00:00,20.002,20.047,19.924,19.958,194942,0
2017-12-12,20:00:00,19.949,19.987,19.931,19.968,119880,0
2017-12-12,21:00:00,19.978,19.988,19.938,19.958,78355,0
2017-12-12,22:00:00,19.965,20.057,19.938,20.018,170817,0
2017-12-13,16:00:00,20.008,20.008,19.848,19.869,136903,0
2017-12-13,17:00:00,19.868,19.888,19.762,19.774,444211,0
2017-12-13,18:00:00,19.769,19.785,19.649,19.658,180069,0
2017-12-13,19:00:00,19.669,19.779,19.662,19.759,70437,0
2017-12-13,20:00:00,19.769,19.844,19.769,19.808,105786,0
2017-12-13,21:00:00,19.759,19.789,19.676,19.699,97925,0
2017-12-13,22:00:00,19.699,19.838,19.699,19.818,203829,0
2017-12-14,16:00:00,19.679,19.729,19.649,19.689,76787,0
2017-12-14,17:00:00,19.689,19.789,19.683,19.789,61320,0
2017-12-14,18:00:00,19.788,19.849,19.75,19.75,81374,0
2017-12-14,19:00:00,19.759,19.878,19.759,19.868,99105,0
2017-12-14,20:00:00,19.868,19.908,19.847,19.908,212752,0
2017-12-14,21:00:00,19.916,20.008,19.888,19.943,243088,0
2017-12-14,22:00:00,19.948,20.018,19.875,19.998,265929,0
2017-12-15,16:00:00,19.719,19.803,19.689,19.79,202957,0
2017-12-15,17:00:00,19.789,19.794,19.659,19.759,147602,0
2017-12-15,18:00:00,19.759,19.769,19.629,19.669,114740,0
2017-12-15,19:00:00,19.669,19.689,19.644,19.688,50214,0
2017-12-15,20:00:00,19.669,19.699,19.658,19.658,98727,0
2017-12-15,21:00:00,19.65,19.672,19.62,19.649,92142,0
2017-12-15,22:00:00,19.649,19.769,19.589,19.709,296742,0
2017-12-18,16:00:00,19.3,19.35,19.16,19.21,230393,0
2017-12-18,17:00:00,19.209,19.31,19.19,19.28,166155,0
2017-12-18,18:00:00,19.28,19.3,19.22,19.24,72803,0
2017-12-18,19:00:00,19.24,19.29,19.23,19.29,50984,0
2017-12-18,20:00:00,19.29,19.39,19.29,19.369,134446,0
2017-12-18,21:00:00,19.37,19.4,19.32,19.32,47847,0
2017-12-18,22:00:00,19.321,19.37,19.3,19.33,181311,0
2017-12-19,16:00:00,19.2,19.519,19.2,19.411,112163,0
2017-12-19,17:00:00,19.42,19.53,19.381,19.479,124445,0
2017-12-19,18:00:00,19.479,19.509,19.42,19.459,70602,0
2017-12-19,19:00:00,19.469,19.479,19.4,19.4,62152,0
2017-12-19,20:00:00,19.4,19.4,19.36,19.39,41810,0
2017-12-19,21:00:00,19.399,19.43,19.35,19.402,73172,0
2017-12-19,22:00:00,19.41,19.459,19.36,19.44,148549,0
2017-12-20,16:00:00,19.24,19.45,19.205,19.37,174034,0
2017-12-20,17:00:00,19.33,19.529,19.31,19.45,160762,0
2017-12-20,18:00:00,19.45,19.459,19.38,19.44,70296,0
2017-12-20,19:00:00,19.442,19.479,19.39,19.44,45158,0
2017-12-20,20:00:00,19.43,19.43,19.391,19.41,56808,0
2017-12-20,21:00:00,19.42,19.569,19.42,19.539,69256,0
2017-12-20,22:00:00,19.529,19.531,19.459,19.509,179038,0
2017-12-21,16:00:00,19.39,19.43,19.33,19.35,115756,0
2017-12-21,17:00:00,19.36,19.36,19.23,19.28,164054,0
2017-12-21,18:00:00,19.28,19.291,19.24,19.26,52627,0
2017-12-21,19:00:00,19.27,19.3,19.26,19.26,36395,0
2017-12-21,20:00:00,19.251,19.28,19.231,19.27,30736,0
2017-12-21,21:00:00,19.28,19.339,19.28,19.295,101760,0
2017-12-21,22:00:00,19.295,19.41,19.291,19.39,202172,0
2017-12-22,16:00:00,19.43,19.475,19.41,19.43,128057,0
2017-12-22,17:00:00,19.42,19.469,19.4,19.459,76462,0
2017-12-22,18:00:00,19.459,19.544,19.459,19.514,112549,0
2017-12-22,19:00:00,19.509,19.539,19.474,19.529,36446,0
2017-12-22,20:00:00,19.523,19.529,19.49,19.499,43185,0
2017-12-22,21:00:00,19.509,19.529,19.469,19.47,75587,0
2017-12-22,22:00:00,19.469,19.489,19.445,19.45,116733,0
2017-12-26,16:00:00,19.576,19.576,19.407,19.456,70297,0
2017-12-26,17:00:00,19.447,19.486,19.417,19.476,50147,0
2017-12-26,18:00:00,19.486,19.506,19.452,19.496,39155,0
2017-12-26,19:00:00,19.496,19.546,19.496,19.526,73682,0
2017-12-26,20:00:00,19.536,19.546,19.511,19.526,39743,0
2017-12-26,21:00:00,19.526,19.536,19.496,19.497,22861,0
2017-12-26,22:00:00,19.496,19.536,19.466,19.476,96063,0
2017-12-27,16:00:00,19.516,19.517,19.437,19.506,79174,0
2017-12-27,17:00:00,19.496,19.506,19.387,19.388,70943,0
2017-12-27,18:00:00,19.392,19.437,19.378,19.427,60755,0
2017-12-27,19:00:00,19.427,19.442,19.409,19.427,36005,0
2017-12-27,20:00:00,19.427,19.447,19.417,19.417,30865,0
2017-12-27,21:00:00,19.417,19.456,19.417,19.452,41125,0
2017-12-27,22:00:00,19.447,19.476,19.417,19.427,170596,0
2017-12-28,16:00:00,19.307,19.357,19.287,19.337,68572,0
2017-12-28,17:00:00,19.333,19.357,19.297,19.307,114566,0
2017-12-28,18:00:00,19.307,19.347,19.307,19.337,44365,0
2017-12-28,19:00:00,19.33,19.372,19.329,19.362,82190,0
2017-12-28,20:00:00,19.367,19.367,19.347,19.347,18804,0
2017-12-28,21:00:00,19.343,19.347,19.307,19.322,31515,0
2017-12-28,22:00:00,19.327,19.342,19.277,19.287,147055,0
2017-12-29,16:00:00,19.197,19.297,19.197,19.287,103177,0
2017-12-29,17:00:00,19.287,19.377,19.281,19.357,232509,0
2017-12-29,18:00:00,19.347,19.387,19.297,19.317,143865,0
2017-12-29,19:00:00,19.307,19.343,19.302,19.337,60283,0
2017-12-29,20:00:00,19.337,19.397,19.327,19.377,51515,0
2017-12-29,21:00:00,19.367,19.386,19.349,19.362,75785,0
2017-12-29,22:00:00,19.367,19.516,19.322,19.466,169022,0
2018-01-02,16:00:00,19.247,19.387,19.207,19.307,181310,0
2018-01-02,17:00:00,19.297,19.426,19.257,19.403,243948,0
2018-01-02,18:00:00,19.397,19.506,19.377,19.456,73800,0
2018-01-02,19:00:00,19.447,19.476,19.419,19.476,32000,0
2018-01-02,20:00:00,19.466,19.466,19.397,19.427,94161,0
2018-01-02,21:00:00,19.42,19.432,19.407,19.407,70116,0
2018-01-02,22:00:00,19.417,19.427,19.307,19.317,165030,0
2018-01-03,16:00:00,19.227,19.307,19.177,19.197,60045,0
2018-01-03,17:00:00,19.187,19.213,19.117,19.197,68867,0
2018-01-03,18:00:00,19.197,19.246,19.178,19.231,114167,0
2018-01-03,19:00:00,19.227,19.227,19.137,19.138,32100,0
2018-01-03,20:00:00,19.142,19.227,19.127,19.224,33515,0
2018-01-03,21:00:00,19.217,19.217,19.157,19.167,39415,0
2018-01-03,22:00:00,19.167,19.167,19.046,19.077,333474,0
2018-01-04,16:00:00,18.858,18.947,18.729,18.732,297880,0
2018-01-04,17:00:00,18.738,18.768,18.648,18.727,267460,0
2018-01-04,18:00:00,18.713,18.798,18.689,18.778,173255,0
2018-01-04,19:00:00,18.778,18.779,18.708,18.718,100997,0
2018-01-04,20:00:00,18.728,18.755,18.703,18.703,36955,0
2018-01-04,21:00:00,18.708,18.728,18.693,18.698,55957,0
2018-01-04,22:00:00,18.698,18.748,18.688,18.728,109233,0
2018-01-05,16:00:00,18.588,18.648,18.548,18.598,122750,0
2018-01-05,17:00:00,18.598,18.643,18.564,18.598,72894,0
2018-01-05,18:00:00,18.598,18.608,18.498,18.522,92601,0
2018-01-05,19:00:00,18.538,18.558,18.498,18.548,50402,0
2018-01-05,20:00:00,18.532,18.537,18.483,18.488,45653,0
2018-01-05,21:00:00,18.488,18.508,18.388,18.424,135557,0
2018-01-05,22:00:00,18.418,18.428,18.229,18.259,636851,0
2018-01-08,16:00:00,18.229,18.358,18.229,18.308,174450,0
2018-01-08,17:00:00,18.298,18.368,18.298,18.308,99233,0
2018-01-08,18:00:00,18.313,18.328,18.239,18.315,74996,0
2018-01-08,19:00:00,18.318,18.318,18.279,18.279,25250,0
2018-01-08,20:00:00,18.279,18.279,18.205,18.229,31275,0
2018-01-08,21:00:00,18.229,18.248,18.219,18.229,43569,0
2018-01-08,22:00:00,18.229,18.307,18.229,18.279,134107,0
2018-01-09,16:00:00,18.139,18.169,18.089,18.145,144663,0
2018-01-09,17:00:00,18.139,18.169,18.044,18.129,168550,0
2018-01-09,18:00:00,18.109,18.119,17.99,18.009,121889,0
2018-01-09,19:00:00,18.009,18.029,17.979,17.994,62289,0
2018-01-09,20:00:00,17.989,17.989,17.919,17.919,103650,0
2018-01-09,21:00:00,17.919,18.009,17.919,17.969,98337,0
2018-01-09,22:00:00,17.979,18.049,17.942,18.039,201539,0
2018-01-10,16:00:00,18.149,18.308,18.139,18.249,177724,0
2018-01-10,17:00:00,18.239,18.259,18.079,18.149,136152,0
2018-01-10,18:00:00,18.139,18.139,18.044,18.079,114564,0
2018-01-10,19:00:00,18.089,18.109,18.029,18.038,48250,0
2018-01-10,20:00:00,18.029,18.059,17.999,18.029,65745,0
2018-01-10,21:00:00,18.019,18.149,18.01,18.129,85495,0
2018-01-10,22:00:00,18.129,18.15,18.059,18.069,188000,0
2018-01-11,16:00:00,17.979,18.019,17.9,17.908,143446,0
2018-01-11,17:00:00,17.899,17.919,17.841,17.854,200920,0
2018-01-11,18:00:00,17.849,17.869,17.809,17.839,69314,0
2018-01-11,19:00:00,17.839,17.839,17.739,17.759,108086,0
2018-01-11,20:00:00,17.769,17.785,17.749,17.779,77271,0
2018-01-11,21:00:00,17.779,17.799,17.769,17.769,36315,0
2018-01-11,22:00:00,17.769,17.776,17.64,17.66,193353,0
2018-01-12,16:00:00,17.42,17.47,17.294,17.31,271591,0
2018-01-12,17:00:00,17.31,17.37,17.205,17.24,326490,0
2018-01-12,18:00:00,17.23,17.28,17.21,17.22,225390,0
2018-01-12,19:00:00,17.21,17.317,17.2,17.265,113854,0
2018-01-12,20:00:00,17.26,17.28,17.22,17.24,105340,0
2018-01-12,21:00:00,17.23,17.28,17.22,17.224,67216,0
2018-01-12,22:00:00,17.225,17.295,17.165,17.19,357360,0
2018-01-16,16:00:00,16.761,16.786,16.621,16.621,442902,0
2018-01-16,17:00:00,16.616,16.891,16.611,16.891,358272,0
2018-01-16,18:00:00,16.891,16.949,16.831,16.866,257295,0
2018-01-16,19:00:00,16.861,16.941,16.821,16.941,203556,0
2018-01-16,20:00:00,16.931,17.081,16.911,17.052,215798,0
2018-01-16,21:00:00,17.061,17.37,17.051,17.32,509857,0
2018-01-16,22:00:00,17.32,17.32,17.122,17.2,673236,0
2018-01-17,16:00:00,16.931,17.051,16.881,17.051,313326,0
2018-01-17,17:00:00,17.041,17.041,16.911,16.951,224578,0
2018-01-17,18:00:00,16.951,17.001,16.832,16.841,221896,0
2018-01-17,19:00:00,16.842,16.842,16.721,16.737,251048,0
2018-01-17,20:00:00,16.735,16.741,16.671,16.706,189095,0
2018-01-17,21:00:00,16.701,16.701,16.611,16.631,175710,0
2018-01-17,22:00:00,16.621,16.631,16.522,16.561,531657,0
2018-01-18,16:00:00,16.571,16.621,16.502,16.581,244100,0
2018-01-18,17:00:00,16.581,16.75,16.581,16.731,345405,0
2018-01-18,18:00:00,16.731,16.871,16.641,16.787,284846,0
2018-01-18,19:00:00,16.791,16.796,16.711,16.741,793433,0
2018-01-18,20:00:00,16.74,16.781,16.672,16.691,132522,0
2018-01-18,21:00:00,16.681,16.681,16.621,16.641,115193,0
2018-01-18,22:00:00,16.661,16.768,16.641,16.721,230857,0
2018-01-19,16:00:00,16.741,16.761,16.661,16.741,236442,0
2018-01-19,17:00:00,16.731,16.821,16.711,16.781,275573,0
2018-01-19,18:00:00,16.791,16.871,16.771,16.851,71567,0
2018-01-19,19:00:00,16.851,16.851,16.781,16.821,148009,0
2018-01-19,20:00:00,16.81,16.869,16.804,16.821,66961,0
2018-01-19,21:00:00,16.821,16.821,16.701,16.721,172535,0
2018-01-19,22:00:00,16.721,16.746,16.631,16.641,244935,0
2018-01-22,16:00:00,16.801,16.801,16.651,16.661,148953,0
2018-01-22,17:00:00,16.661,16.681,16.542,16.661,170618,0
2018-01-22,18:00:00,16.661,16.681,16.571,16.573,178493,0
2018-01-22,19:00:00,16.572,16.596,16.452,16.482,188430,0
2018-01-22,20:00:00,16.482,16.522,16.472,16.502,75687,0
2018-01-22,21:00:00,16.501,16.542,16.482,16.512,192750,0
2018-01-22,22:00:00,16.512,16.512,16.347,16.362,214380,0
2018-01-23,16:00:00,16.392,16.482,16.312,16.432,188578,0
2018-01-23,17:00:00,16.442,16.452,16.302,16.321,210511,0
2018-01-23,18:00:00,16.322,16.402,16.292,16.392,120352,0
2018-01-23,19:00:00,16.402,16.432,16.377,16.388,105627,0
2018-01-23,20:00:00,16.382,16.397,16.332,16.339,51633,0
2018-01-23,21:00:00,16.332,16.412,16.322,16.352,109413,0
2018-01-23,22:00:00,16.362,16.392,16.322,16.362,640069,0
2018-01-24,16:00:00,16.172,16.202,16.062,16.072,643774,0
2018-01-24,17:00:00,16.067,16.102,16.022,16.082,385335,0
2018-01-24,18:00:00,16.072,16.327,16.052,16.241,399159,0
2018-01-24,19:00:00,16.252,16.392,16.212,16.377,313385,0
2018-01-24,20:00:00,16.372,16.561,16.311,16.352,436207,0
2018-01-24,21:00:00,16.342,16.368,16.237,16.272,185408,0
2018-01-24,22:00:00,16.272,16.302,16.192,16.252,552320,0
2018-01-25,16:00:00,16.052,16.282,16.052,16.202,263697,0
2018-01-25,17:00:00,16.192,16.262,16.062,16.141,476688,0
2018-01-25,18:00:00,16.128,16.142,15.963,15.998,379933,0
2018-01-25,19:00:00,15.999,16.012,15.913,15.992,333965,0
2018-01-25,20:00:00,16.002,16.052,15.963,15.982,109964,0
2018-01-25,21:00:00,15.992,16.182,15.972,16.152,403583,0
2018-01-25,22:00:00,16.162,16.222,16.022,16.022,501965,0
2018-01-26,16:00:00,15.953,15.972,15.883,15.903,194187,0
2018-01-26,17:00:00,15.903,15.963,15.853,15.914,253955,0
2018-01-26,18:00:00,15.913,15.922,15.853,15.893,169862,0
2018-01-26,19:00:00,15.893,15.903,15.823,15.833,131345,0
2018-01-26,20:00:00,15.833,15.843,15.793,15.803,114034,0
2018-01-26,21:00:00,15.803,15.843,15.803,15.813,165059,0
2018-01-26,22:00:00,15.81,15.813,15.643,15.653,377997,0
2018-01-29,16:00:00,15.733,15.733,15.653,15.703,211590,0
2018-01-29,17:00:00,15.693,15.863,15.693,15.833,397806,0
2018-01-29,18:00:00,15.843,15.913,15.733,15.813,397777,0
2018-01-29,19:00:00,15.823,15.853,15.764,15.773,137704,0
2018-01-29,20:00:00,15.773,15.784,15.745,15.773,136983,0
2018-01-29,21:00:00,15.773,15.873,15.753,15.823,156984,0
2018-01-29,22:00:00,15.828,15.953,15.773,15.953,601029,0
2018-01-30,16:00:00,16.422,16.502,16.272,16.472,844638,0
2018-01-30,17:00:00,16.482,16.588,16.352,16.392,539785,0
2018-01-30,18:00:00,16.396,16.552,16.352,16.552,403805,0
2018-01-30,19:00:00,16.542,16.621,16.511,16.571,355281,0
2018-01-30,20:00:00,16.581,16.691,16.553,16.581,503090,0
2018-01-30,21:00:00,16.586,16.651,16.522,16.639,275826,0
2018-01-30,22:00:00,16.641,16.651,16.472,16.601,525603,0
2018-01-31,16:00:00,16.162,16.272,16.112,16.226,371392,0
2018-01-31,17:00:00,16.222,16.362,16.178,16.342,372062,0
2018-01-31,18:00:00,16.332,16.402,16.293,16.392,241362,0
2018-01-31,19:00:00,16.392,16.402,16.302,16.332,163653,0
2018-01-31,20:00:00,16.332,16.342,16.272,16.317,168381,0
2018-01-31,21:00:00,16.322,16.661,16.256,16.558,316064,0
2018-01-31,22:00:00,16.566,16.661,16.362,16.462,738717,0
2018-02-01,16:00:00,16.771,16.771,16.422,16.507,646529,0
2018-02-01,17:00:00,16.512,16.601,16.447,16.542,352883,0
2018-02-01,18:00:00,16.542,16.542,16.242,16.247,394889,0
2018-02-01,19:00:00,16.242,16.262,16.172,16.232,149421,0
2018-02-01,20:00:00,16.232,16.412,16.182,16.402,206150,0
2018-02-01,21:00:00,16.402,16.561,16.382,16.382,411652,0
2018-02-01,22:00:00,16.392,16.591,16.362,16.402,522349,0
2018-02-02,16:00:00,16.771,16.911,16.754,16.88,574404,0
2018-02-02,17:00:00,16.881,17.071,16.851,16.926,484982,0
2018-02-02,18:00:00,16.931,17.17,16.931,17.16,537112,0
2018-02-02,19:00:00,17.167,17.2,17.021,17.15,378271,0
2018-02-02,20:00:00,17.15,17.27,17.111,17.24,421633,0
2018-02-02,21:00:00,17.24,17.533,17.23,17.5,966358,0
2018-02-02,22:00:00,17.51,17.719,17.41,17.68,1478817,0
2018-02-05,16:00:00,18.269,18.398,18.019,18.079,1341017,0
2018-02-05,17:00:00,18.079,18.139,17.66,17.719,1503558,0
2018-02-05,18:00:00,17.724,18.079,17.664,17.949,1289998,0
2018-02-05,19:00:00,17.959,18.313,17.949,18.229,1134470,0
2018-02-05,20:00:00,18.239,18.687,18.239,18.318,1759767,0
2018-02-05,21:00:00,18.328,19.257,18.318,19.257,2044421,0
2018-02-05,22:00:00,19.247,20.964,19.157,20.045,5445111,0
2018-02-06,16:00:00,21.293,21.533,19.167,19.676,1793456,0
2018-02-06,17:00:00,19.649,20.694,19.307,20.18,2270099,0
2018-02-06,18:00:00,20.165,20.585,19.926,20.15,1885775,0
2018-02-06,19:00:00,20.125,20.125,19.447,19.776,1261721,0
2018-02-06,20:00:00,19.806,20.35,19.756,20.275,1103043,0
2018-02-06,21:00:00,20.295,20.455,19.257,19.287,1520266,0
2018-02-06,22:00:00,19.317,19.327,18.588,18.678,1916199,0
2018-02-07,16:00:00,18.858,18.997,18.348,18.398,1562813,0
2018-02-07,17:00:00,18.408,18.478,18.085,18.139,1577652,0
2018-02-07,18:00:00,18.139,18.199,17.838,17.95,1508488,0
2018-02-07,19:00:00,17.959,18.279,17.939,18.259,1148974,0
2018-02-07,20:00:00,18.249,18.698,18.149,18.338,2194030,0
2018-02-07,21:00:00,18.338,18.716,18.269,18.478,929235,0
2018-02-07,22:00:00,18.478,18.758,18.074,18.758,1354058,0
2018-02-08,16:00:00,18.668,19.167,18.648,19.017,592317,0
2018-02-08,17:00:00,19.003,19.586,18.877,19.437,1650741,0
2018-02-08,18:00:00,19.437,19.746,19.227,19.526,1843724,0
2018-02-08,19:00:00,19.536,20.23,19.437,20.016,2109622,0
2018-02-08,20:00:00,20.018,20.195,19.476,19.616,2339927,0
2018-02-08,21:00:00,19.626,20.16,19.555,20.055,1650147,0
2018-02-08,22:00:00,20.036,21.064,19.856,21.044,2811427,0
2018-02-09,16:00:00,20.335,20.684,20.075,20.373,1359326,0
2018-02-09,17:00:00,20.365,21.633,20.275,20.994,2160873,0
2018-02-09,18:00:00,20.984,21.423,20.674,21.403,2555913,0
2018-02-09,19:00:00,21.393,22.072,21.303,21.513,3438497,0
2018-02-09,20:00:00,21.528,22.342,21.373,21.703,2689622,0
2018-02-09,21:00:00,21.7,21.723,20.395,20.934,1687777,0
2018-02-09,22:00:00,20.933,21.393,19.618,20.165,2655708,0
2018-02-12,16:00:00,19.606,19.616,19.217,19.536,1109131,0
2018-02-12,17:00:00,19.536,19.896,19.337,19.586,1348366,0
2018-02-12,18:00:00,19.58,19.736,19.199,19.207,669406,0
2018-02-12,19:00:00,19.207,19.295,18.987,19.137,886722,0
2018-02-12,20:00:00,19.107,19.197,18.768,18.833,897884,0
2018-02-12,21:00:00,18.828,19.017,18.758,18.917,903732,0
2018-02-12,22:00:00,18.927,19.277,18.698,19.107,1986298,0
2018-02-13,16:00:00,19.447,19.527,19.277,19.427,527692,0
2018-02-13,17:00:00,19.415,19.456,19.181,19.237,604828,0
2018-02-13,18:00:00,19.257,19.437,19.217,19.307,534626,0
2018-02-13,19:00:00,19.307,19.446,19.257,19.387,287413,0
2018-02-13,20:00:00,19.377,19.387,18.937,19.007,692711,0
2018-02-13,21:00:00,18.997,19.087,18.858,18.957,788711,0
2018-02-13,22:00:00,18.957,19.067,18.868,18.997,1241743,0
2018-02-14,16:00:00,19.357,19.367,19.077,19.227,850254,0
2018-02-14,17:00:00,19.217,19.307,18.82,18.967,1210876,0
2018-02-14,18:00:00,18.957,19.057,18.855,19.047,837903,0
2018-02-14,19:00:00,19.047,19.087,18.768,18.815,860837,0
2018-02-14,20:00:00,18.807,18.828,18.558,18.628,807519,0
2018-02-14,21:00:00,18.628,18.726,18.488,18.538,732704,0
2018-02-14,22:00:00,18.528,18.528,18.348,18.408,968103,0
2018-02-15,16:00:00,17.899,18.059,17.869,17.899,531752,0
2018-02-15,17:00:00,17.889,18.431,17.878,18.428,1246075,0
2018-02-15,18:00:00,18.433,18.578,18.14,18.203,1398838,0
2018-02-15,19:00:00,18.199,18.269,18.099,18.119,395055,0
2018-02-15,20:00:00,18.104,18.109,17.919,17.989,628079,0
2018-02-15,21:00:00,17.979,17.999,17.849,17.899,489576,0
2018-02-15,22:00:00,17.899,17.919,17.69,17.69,855093,0
2018-02-16,16:00:00,17.849,17.849,17.54,17.71,474079,0
2018-02-16,17:00:00,17.714,17.798,17.47,17.55,881181,0
2018-02-16,18:00:00,17.56,17.56,17.325,17.35,600417,0
2018-02-16,19:00:00,17.34,17.479,17.21,17.4,873330,0
2018-02-16,20:00:00,17.39,17.766,17.36,17.61,1398197,0
2018-02-16,21:00:00,17.593,17.799,17.52,17.54,1500215,0
2018-02-16,22:00:00,17.55,17.67,17.44,17.67,1444009,0
2018-02-20,16:00:00,18.009,18.009,17.789,17.989,896675,0
2018-02-20,17:00:00,17.979,18.154,17.91,18.079,833876,0
2018-02-20,18:00:00,18.079,18.108,17.809,17.809,817271,0
2018-02-20,19:00:00,17.809,17.889,17.752,17.829,434369,0
2018-02-20,20:00:00,17.839,18.039,17.829,17.929,509132,0
2018-02-20,21:00:00,17.919,18.189,17.909,18.179,507293,0
2018-02-20,22:00:00,18.169,18.378,18.119,18.229,1961104,0
2018-02-21,16:00:00,18.199,18.214,17.929,18.049,616669,0
2018-02-21,17:00:00,18.049,18.129,17.894,17.909,737030,0
2018-02-21,18:00:00,17.899,18.009,17.849,17.957,438763,0
2018-02-21,19:00:00,17.959,18.069,17.889,17.889,511593,0
2018-02-21,20:00:00,17.889,17.939,17.849,17.869,259163,0
2018-02-21,21:00:00,17.899,17.949,17.53,17.869,1445137,0
2018-02-21,22:00:00,17.859,18.598,17.859,18.598,3181290,0
2018-02-22,16:00:00,18.398,18.408,18.079,18.328,699806,0
2018-02-22,17:00:00,18.308,18.388,17.989,18.096,1202609,0
2018-02-22,18:00:00,18.099,18.109,17.789,17.829,1002667,0
2018-02-22,19:00:00,17.829,18.109,17.77,18.059,1276365,0
2018-02-22,20:00:00,18.059,18.239,17.959,18.119,1329165,0
2018-02-22,21:00:00,18.109,18.239,17.895,18.224,1163307,0
2018-02-22,22:00:00,18.224,18.358,18.069,18.199,2089661,0
2018-02-23,16:00:00,17.929,17.959,17.769,17.889,480233,0
2018-02-23,17:00:00,17.889,18.069,17.859,17.929,735118,0
2018-02-23,18:00:00,17.929,17.929,17.779,17.799,493509,0
2018-02-23,19:00:00,17.814,17.936,17.789,17.899,241149,0
2018-02-23,20:00:00,17.899,17.969,17.839,17.859,223749,0
2018-02-23,21:00:00,17.849,17.939,17.67,17.706,536938,0
2018-02-23,22:00:00,17.7,17.7,17.43,17.43,1318386,0
2018-02-26,16:00:00,17.111,17.2,16.941,16.996,1268270,0
2018-02-26,17:00:00,17.011,17.18,16.981,17.111,834465,0
2018-02-26,18:00:00,17.111,17.14,16.921,16.977,487034,0
2018-02-26,19:00:00,16.974,16.976,16.741,16.751,1345468,0
2018-02-26,20:00:00,16.741,16.761,16.681,16.736,544264,0
2018-02-26,21:00:00,16.731,16.791,16.654,16.751,469926,0
2018-02-26,22:00:00,16.756,16.766,16.571,16.601,1136118,0
2018-02-27,16:00:00,16.532,16.651,16.501,16.63,363666,0
2018-02-27,17:00:00,16.631,16.8,16.433,16.716,894075,0
2018-02-27,18:00:00,16.731,16.781,16.571,16.761,1082153,0
2018-02-27,19:00:00,16.771,16.921,16.626,16.635,628525,0
2018-02-27,20:00:00,16.641,16.831,16.621,16.801,695901,0
2018-02-27,21:00:00,16.781,16.952,16.771,16.891,607027,0
2018-02-27,22:00:00,16.901,17.2,16.866,17.2,1720718,0
2018-02-28,16:00:00,16.971,17.031,16.824,16.841,512976,0
2018-02-28,17:00:00,16.841,17.208,16.841,17.14,571292,0
2018-02-28,18:00:00,17.131,17.37,17.101,17.2,620143,0
2018-02-28,19:00:00,17.2,17.31,17.071,17.14,377540,0
2018-02-28,20:00:00,17.14,17.27,17.111,17.111,348137,0
2018-02-28,21:00:00,17.101,17.46,17.034,17.46,472274,0
2018-02-28,22:00:00,17.436,17.959,17.404,17.959,1677356,0
2018-03-01,16:00:00,17.979,18.279,17.839,18.218,1165874,0
2018-03-01,17:00:00,18.219,18.279,17.61,18.009,1553101,0
2018-03-01,18:00:00,17.999,18.109,17.819,17.919,713524,0
2018-03-01,19:00:00,17.919,18.338,17.913,18.318,955248,0
2018-03-01,20:00:00,18.338,18.927,18.338,18.927,2260130,0
2018-03-01,21:00:00,18.927,19.226,18.887,18.987,1870127,0
2018-03-01,22:00:00,18.987,19.137,18.598,18.858,2408265,0
2018-03-02,16:00:00,19.496,19.721,19.332,19.596,1439025,0
2018-03-02,17:00:00,19.596,19.726,19.397,19.566,1239790,0
2018-03-02,18:00:00,19.576,19.761,19.247,19.247,1247003,0
2018-03-02,19:00:00,19.247,19.377,18.997,19.047,1330686,0
2018-03-02,20:00:00,19.037,19.456,19.028,19.297,947861,0
2018-03-02,21:00:00,19.287,19.327,19.057,19.277,733378,0
2018-03-02,22:00:00,19.287,19.453,18.892,19.047,2276262,0
2018-03-05,16:00:00,19.387,19.387,19.137,19.307,525293,0
2018-03-05,17:00:00,19.297,19.377,18.997,18.997,665339,0
2018-03-05,18:00:00,18.997,19.018,18.528,18.61,812537,0
2018-03-05,19:00:00,18.608,18.697,18.458,18.468,518771,0
2018-03-05,20:00:00,18.448,18.508,18.338,18.378,667633,0
2018-03-05,21:00:00,18.378,18.528,18.219,18.219,667479,0
2018-03-05,22:00:00,18.228,18.264,18.039,18.219,1448526,0
2018-03-06,16:00:00,17.939,18.268,17.929,18.169,576195,0
2018-03-06,17:00:00,18.188,18.466,18.129,18.428,611429,0
2018-03-06,18:00:00,18.433,18.615,18.398,18.448,987587,0
2018-03-06,19:00:00,18.458,18.588,18.189,18.189,719338,0
2018-03-06,20:00:00,18.189,18.338,18.059,18.289,437974,0
2018-03-06,21:00:00,18.289,18.345,18.109,18.189,303154,0
2018-03-06,22:00:00,18.189,18.318,18.16,18.219,632781,0
2018-03-07,16:00:00,18.907,18.937,18.498,18.648,1849405,0
2018-03-07,17:00:00,18.668,18.708,18.358,18.428,824684,0
2018-03-07,18:00:00,18.428,18.848,18.408,18.848,756847,0
2018-03-07,19:00:00,18.828,18.967,18.778,18.818,605699,0
2018-03-07,20:00:00,18.828,18.977,18.658,18.738,529784,0
2018-03-07,21:00:00,18.768,18.798,18.538,18.638,487888,0
2018-03-07,22:00:00,18.65,18.65,18.289,18.368,992238,0
2018-03-08,16:00:00,18.159,18.219,18.039,18.199,424628,0
2018-03-08,17:00:00,18.189,18.428,18.169,18.337,639262,0
2018-03-08,18:00:00,18.338,18.458,18.199,18.375,698222,0
2018-03-08,19:00:00,18.368,18.568,18.338,18.463,474207,0
2018-03-08,20:00:00,18.448,18.598,18.379,18.464,540095,0
2018-03-08,21:00:00,18.458,18.548,18.289,18.289,563157,0
2018-03-08,22:00:00,18.294,18.418,18.134,18.179,943040,0
2018-03-09,16:00:00,17.779,17.904,17.749,17.799,784509,0
2018-03-09,17:00:00,17.799,17.859,17.55,17.62,831944,0
2018-03-09,18:00:00,17.615,17.63,17.505,17.56,503428,0
2018-03-09,19:00:00,17.55,17.55,17.39,17.455,527542,0
2018-03-09,20:00:00,17.45,17.455,17.314,17.342,432205,0
2018-03-09,21:00:00,17.34,17.4,17.28,17.34,345470,0
2018-03-09,22:00:00,17.34,17.385,17.19,17.22,774492,0
2018-03-12,15:00:00,17.081,17.131,16.971,17.041,1007732,0
2018-03-12,16:00:00,17.041,17.37,17.032,17.37,738351,0
2018-03-12,17:00:00,17.38,17.53,17.31,17.44,709722,0
2018-03-12,18:00:00,17.43,17.515,17.37,17.5,302801,0
2018-03-12,19:00:00,17.498,17.5,17.4,17.44,237876,0
2018-03-12,20:00:00,17.431,17.58,17.4,17.54,242893,0
2018-03-12,21:00:00,17.55,17.55,17.311,17.51,622323,0
2018-03-13,15:00:00,17.26,17.34,17.111,17.21,434701,0
2018-03-13,16:00:00,17.21,17.39,17.15,17.35,532505,0
2018-03-13,17:00:00,17.35,17.53,17.34,17.52,585964,0
2018-03-13,18:00:00,17.52,17.769,17.45,17.5,702641,0
2018-03-13,19:00:00,17.47,17.664,17.42,17.65,325480,0
2018-03-13,20:00:00,17.65,17.768,17.54,17.719,435625,0
2018-03-13,21:00:00,17.71,18.01,17.67,17.899,863321,0
2018-03-14,15:00:00,17.62,17.897,17.6,17.799,433390,0
2018-03-14,16:00:00,17.789,18.069,17.749,18.029,797104,0
2018-03-14,17:00:00,18.019,18.528,17.989,18.498,1106261,0
2018-03-14,18:00:00,18.468,18.601,18.328,18.398,852219,0
2018-03-14,19:00:00,18.398,18.508,18.09,18.149,668813,0
2018-03-14,20:00:00,18.149,18.488,18.089,18.348,750156,0
2018-03-14,21:00:00,18.318,18.518,18.308,18.418,960070,0
2018-03-15,15:00:00,18.209,18.418,18.169,18.328,641789,0
2018-03-15,16:00:00,18.318,18.318,18.129,18.179,680191,0
2018-03-15,17:00:00,18.179,18.179,17.759,17.929,1411506,0
2018-03-15,18:00:00,17.919,18.009,17.839,17.949,558182,0
2018-03-15,19:00:00,17.959,18.269,17.929,18.269,793504,0
2018-03-15,20:00:00,18.269,18.354,18.149,18.158,812355,0
2018-03-15,21:00:00,18.159,18.219,18.069,18.169,881437,0
2018-03-16,15:00:00,18.129,18.209,17.919,17.999,439633,0
2018-03-16,16:00:00,17.989,18.069,17.889,17.939,513934,0
2018-03-16,17:00:00,17.939,18.029,17.829,17.989,415876,0
2018-03-16,18:00:00,17.989,17.999,17.82,17.868,280064,0
2018-03-16,19:00:00,17.869,17.979,17.849,17.979,363928,0
2018-03-16,20:00:00,17.969,18.029,17.91,17.929,372354,0
2018-03-16,21:00:00,17.929,18.059,17.869,18.059,724498,0
2018-03-19,15:00:00,18.269,18.468,18.219,18.383,651394,0
2018-03-19,16:00:00,18.388,18.578,18.358,18.524,891897,0
2018-03-19,17:00:00,18.528,18.748,18.478,18.698,774371,0
2018-03-19,18:00:00,18.688,18.858,18.648,18.798,583457,0
2018-03-19,19:00:00,18.808,19.052,18.788,18.831,697239,0
2018-03-19,20:00:00,18.838,19.087,18.778,18.907,508911,0
2018-03-19,21:00:00,18.907,19.002,18.668,18.718,1124158,0
2018-03-20,15:00:00,18.668,18.668,18.378,18.518,671605,0
2018-03-20,16:00:00,18.518,18.568,18.289,18.388,736759,0
2018-03-20,17:00:00,18.368,18.558,18.338,18.468,337079,0
2018-03-20,18:00:00,18.458,18.508,18.378,18.493,213905,0
2018-03-20,19:00:00,18.498,18.578,18.458,18.546,156478,0
2018-03-20,20:00:00,18.548,18.588,18.352,18.368,251957,0
2018-03-20,21:00:00,18.368,18.488,18.308,18.468,614657,0
2018-03-21,15:00:00,18.47,18.58,18.41,18.56,332312,0
2018-03-21,16:00:00,18.56,18.635,18.49,18.5355,396750,0
2018-03-21,17:00:00,18.54,18.56,18.14,18.2,391086,0
2018-03-21,18:00:00,18.21,18.2362,18.1499,18.16,212602,0
2018-03-21,19:00:00,18.16,18.299,18.16,18.21,228819,0
2018-03-21,20:00:00,18.19,18.56,17.901,18.45,1727333,0
2018-03-21,21:00:00,18.4543,18.5895,18.17,18.57,843184,0
2018-03-22,15:00:00,19.12,19.35,19.0738,19.195,844686,0
2018-03-22,16:00:00,19.22,19.5,18.94,19.43,970020,0
2018-03-22,17:00:00,19.43,19.71,19.3399,19.66,855926,0
2018-03-22,18:00:00,19.667,19.735,19.22,19.421,1010463,0
2018-03-22,19:00:00,19.46,19.57,19.1,19.1739,641082,0
2018-03-22,20:00:00,19.18,19.68,19.13,19.65,786694,0
2018-03-22,21:00:00,19.67,20.27,19.5124,20.21,2529825,0
2018-03-23,15:00:00,20.09,20.26,19.86,20.05,1155160,0
2018-03-23,16:00:00,20.045,20.2,19.88,19.92,864166,0
2018-03-23,17:00:00,19.92,20.55,19.8639,20.53,841465,0
2018-03-23,18:00:00,20.545,20.55,20.17,20.43,788898,0
2018-03-23,19:00:00,20.43,20.48,19.84,19.92,1101762,0
2018-03-23,20:00:00,19.92,20.8268,19.85,20.81,1227331,0
2018-03-23,21:00:00,20.8,21.3724,20.72,21.31,3250619,0
2018-03-26,16:00:00,20.24,20.28,19.93,20.039,1345466,0
2018-03-26,17:00:00,20.04,20.505,19.975,20.45,1455897,0
2018-03-26,18:00:00,20.46,20.75,20.3107,20.4,1250157,0
2018-03-26,19:00:00,20.4,20.48,20.04,20.29,958942,0
2018-03-26,20:00:00,20.3,20.3,19.9874,20.17,643155,0
2018-03-26,21:00:00,20.16,20.17,19.71,19.82,940156,0
2018-03-26,22:00:00,19.81,19.82,19.4,19.51,2320751,0
2018-03-27,16:00:00,19.23,19.59,19.18,19.3637,787451,0
2018-03-27,17:00:00,19.37,19.55,19.18,19.28,652186,0
2018-03-27,18:00:00,19.3087,19.45,18.95,18.9562,791833,0
2018-03-27,19:00:00,18.96,19.219,18.9099,19.1,850592,0
2018-03-27,20:00:00,19.09,19.51,18.97,19.37,760062,0
2018-03-27,21:00:00,19.38,19.76,19.26,19.749,1347361,0
2018-03-27,22:00:00,19.74,20.7,19.72,20.32,3614645,0
2018-03-28,16:00:00,20.17,20.452,19.99,20.11,1236116,0
2018-03-28,17:00:00,20.11,20.675,19.99,20.425,1342457,0
2018-03-28,18:00:00,20.425,20.54,20.125,20.28,757149,0
2018-03-28,19:00:00,20.26,20.31,19.7485,20.3,935090,0
2018-03-28,20:00:00,20.2998,20.46,19.94,20.08,672140,0
2018-03-28,21:00:00,20.05,20.34,20.01,20.27,467565,0
2018-03-28,22:00:00,20.27,20.61,20.085,20.36,1175490,0
2018-03-29,16:00:00,20.02,20.15,19.87,20.1,656590,0
2018-03-29,17:00:00,20.09,20.17,19.74,19.75,865883,0
2018-03-29,18:00:00,19.7245,19.81,19.51,19.62,613823,0
2018-03-29,19:00:00,19.62,19.85,19.61,19.75,411295,0
2018-03-29,20:00:00,19.73,19.86,19.45,19.5183,404843,0
2018-03-29,21:00:00,19.5161,19.6,19.28,19.36,674726,0
2018-03-29,22:00:00,19.36,19.57,19.18,19.57,1539943,0
