Date,Time,Open,High,Low,Close,Volume,OpenInt
2017-09-06,16:00:00,16.99,16.99,16.94,16.96,828920,0
2017-09-06,17:00:00,16.96,16.98,16.91,16.98,1846344,0
2017-09-06,18:00:00,16.98,17,16.95,16.98,1136386,0
2017-09-06,19:00:00,16.9886,16.99,16.86,16.87,986953,0
2017-09-06,20:00:00,16.87,16.91,16.835,16.9,1146357,0
2017-09-06,21:00:00,16.89,16.9,16.85,16.855,517495,0
2017-09-06,22:00:00,16.85,16.88,16.83,16.87,1467183,0
2017-09-07,16:00:00,16.99,17.04,16.965,17.03,601692,0
2017-09-07,17:00:00,17.0215,17.11,17.0215,17.08,1595755,0
2017-09-07,18:00:00,17.08,17.14,17.06,17.08,1886395,0
2017-09-07,19:00:00,17.075,17.08,16.99,16.99,771017,0
2017-09-07,20:00:00,17,17.07,17,17.065,409925,0
2017-09-07,21:00:00,17.06,17.08,17.0301,17.05,352172,0
2017-09-07,22:00:00,17.05,17.14,17.05,17.11,2412033,0
2017-09-08,16:00:00,17.12,17.13,17.05,17.06,883706,0
2017-09-08,17:00:00,17.07,17.11,16.9199,16.95,2395281,0
2017-09-08,18:00:00,16.95,17.07,16.95,17.0562,1083456,0
2017-09-08,19:00:00,17.059,17.06,17,17.03,498979,0
2017-09-08,20:00:00,17.04,17.07,17.02,17.035,447368,0
2017-09-08,21:00:00,17.04,17.04,17.01,17.025,463929,0
2017-09-08,22:00:00,17.025,17.04,17.01,17.03,1578450,0
2017-09-11,16:00:00,16.85,16.93,16.82,16.88,1251929,0
2017-09-11,17:00:00,16.87,16.93,16.86,16.9099,1153038,0
2017-09-11,18:00:00,16.905,16.93,16.87,16.8959,875002,0
2017-09-11,19:00:00,16.899,16.91,16.86,16.905,737290,0
2017-09-11,20:00:00,16.9,16.91,16.83,16.8314,485234,0
2017-09-11,21:00:00,16.84,16.859,16.82,16.825,419893,0
2017-09-11,22:00:00,16.8226,16.8267,16.76,16.79,1966837,0
2017-09-12,16:00:00,16.83,16.86,16.815,16.855,509416,0
2017-09-12,17:00:00,16.855,16.88,16.84,16.8455,930160,0
2017-09-12,18:00:00,16.8438,16.87,16.83,16.85,361881,0
2017-09-12,19:00:00,16.85,16.87,16.8001,16.85,286768,0
2017-09-12,20:00:00,16.86,16.87,16.83,16.85,376604,0
2017-09-12,21:00:00,16.85,16.905,16.85,16.905,615279,0
2017-09-12,22:00:00,16.9,16.9199,16.89,16.9,1054712,0
2017-09-13,16:00:00,16.81,16.82,16.741,16.78,1066533,0
2017-09-13,17:00:00,16.78,16.8,16.69,16.75,2267486,0
2017-09-13,18:00:00,16.74,16.759,16.7,16.75,659868,0
2017-09-13,19:00:00,16.74,16.75,16.72,16.725,548562,0
2017-09-13,20:00:00,16.725,16.83,16.7213,16.786,753699,0
2017-09-13,21:00:00,16.7899,16.805,16.77,16.775,290199,0
2017-09-13,22:00:00,16.766,16.78,16.76,16.77,1012913,0
2017-09-14,16:00:00,16.71,16.78,16.7,16.765,939932,0
2017-09-14,17:00:00,16.77,16.78,16.73,16.74,908051,0
2017-09-14,18:00:00,16.74,16.7567,16.7105,16.7201,343907,0
2017-09-14,19:00:00,16.72,16.74,16.7,16.705,378942,0
2017-09-14,20:00:00,16.706,16.81,16.7,16.785,439036,0
2017-09-14,21:00:00,16.78,16.8,16.755,16.77,377039,0
2017-09-14,22:00:00,16.77,16.79,16.75,16.77,446863,0
2017-09-15,16:00:00,16.72,16.72,16.66,16.69,619292,0
2017-09-15,17:00:00,16.69,16.69,16.612,16.6399,1048070,0
2017-09-15,18:00:00,16.64,16.71,16.61,16.695,848120,0
2017-09-15,19:00:00,16.6916,16.7,16.68,16.69,266393,0
2017-09-15,20:00:00,16.69,16.7,16.64,16.65,235803,0
2017-09-15,21:00:00,16.655,16.66,16.64,16.65,294784,0
2017-09-15,22:00:00,16.6561,16.66,16.62,16.62,715582,0
2017-09-18,16:00:00,16.39,16.4,16.35,16.4,1045811,0
2017-09-18,17:00:00,16.4,16.41,16.3,16.319,2056791,0
2017-09-18,18:00:00,16.315,16.32,16.23,16.25,1284828,0
2017-09-18,19:00:00,16.2414,16.27,16.12,16.14,2044779,0
2017-09-18,20:00:00,16.15,16.2,16.15,16.18,988702,0
2017-09-18,21:00:00,16.17,16.23,16.14,16.18,938997,0
2017-09-18,22:00:00,16.18,16.27,16.18,16.27,1803209,0
2017-09-19,16:00:00,16.27,16.32,16.25,16.3,575203,0
2017-09-19,17:00:00,16.3,16.33,16.26,16.32,869636,0
2017-09-19,18:00:00,16.3294,16.34,16.29,16.34,494238,0
2017-09-19,19:00:00,16.34,16.34,16.245,16.27,427877,0
2017-09-19,20:00:00,16.27,16.32,16.265,16.3054,311360,0
2017-09-19,21:00:00,16.3,16.339,16.3,16.32,376766,0
2017-09-19,22:00:00,16.32,16.38,16.32,16.35,1021931,0
2017-09-20,16:00:00,16.31,16.3558,16.3,16.335,365434,0
2017-09-20,17:00:00,16.33,16.405,16.3032,16.3869,375305,0
2017-09-20,18:00:00,16.3864,16.39,16.32,16.3434,287219,0
2017-09-20,19:00:00,16.345,16.38,16.3309,16.375,230183,0
2017-09-20,20:00:00,16.3745,16.41,16.33,16.35,388946,0
2017-09-20,21:00:00,16.35,16.43,16.03,16.15,5958613,0
2017-09-20,22:00:00,16.145,16.21,16.08,16.19,2700492,0
2017-09-21,16:00:00,15.96,16.045,15.941,16.005,2829336,0
2017-09-21,17:00:00,16.005,16.03,15.96,15.977,916108,0
2017-09-21,18:00:00,15.98,16.105,15.97,16.099,566327,0
2017-09-21,19:00:00,16.1,16.105,16.05,16.07,246444,0
2017-09-21,20:00:00,16.07,16.1,16.03,16.055,309263,0
2017-09-21,21:00:00,16.055,16.06,16.015,16.03,341556,0
2017-09-21,22:00:00,16.03,16.069,16.02,16.03,1632367,0
2017-09-22,16:00:00,16.01,16.05,15.9801,16.02,511091,0
2017-09-22,17:00:00,16.019,16.0899,16.0158,16.045,453992,0
2017-09-22,18:00:00,16.05,16.06,16.01,16.043,194186,0
2017-09-22,19:00:00,16.05,16.05,16.01,16.0218,291511,0
2017-09-22,20:00:00,16.03,16.04,16.01,16.03,257539,0
2017-09-22,21:00:00,16.03,16.06,16.025,16.0433,254903,0
2017-09-22,22:00:00,16.05,16.06,16.04,16.04,899856,0
2017-09-25,16:00:00,15.95,15.98,15.91,15.955,1001118,0
2017-09-25,17:00:00,15.96,16.045,15.915,16.03,1746150,0
2017-09-25,18:00:00,16.03,16.17,16.03,16.101,1946370,0
2017-09-25,19:00:00,16.11,16.21,16.1,16.2,1189950,0
2017-09-25,20:00:00,16.21,16.21,16.15,16.1699,743965,0
2017-09-25,21:00:00,16.17,16.19,16.16,16.179,453555,0
2017-09-25,22:00:00,16.171,16.22,16.17,16.2,1304754,0
2017-09-26,16:00:00,16.02,16.02,15.97,15.98,639436,0
2017-09-26,17:00:00,15.9857,16.019,15.9532,15.975,1073082,0
2017-09-26,18:00:00,15.9735,16.015,15.95,15.965,797667,0
2017-09-26,19:00:00,15.96,15.98,15.85,15.9,2054380,0
2017-09-26,20:00:00,15.9,15.97,15.89,15.97,629935,0
2017-09-26,21:00:00,15.9666,15.9668,15.9199,15.93,518160,0
2017-09-26,22:00:00,15.93,15.935,15.88,15.9,1728561,0
2017-09-27,16:00:00,15.82,15.87,15.82,15.83,748195,0
2017-09-27,17:00:00,15.84,15.94,15.8235,15.9,1610874,0
2017-09-27,18:00:00,15.9,15.935,15.87,15.88,1531232,0
2017-09-27,19:00:00,15.88,15.975,15.87,15.91,1358021,0
2017-09-27,20:00:00,15.915,15.92,15.8442,15.8499,573990,0
2017-09-27,21:00:00,15.85,15.892,15.83,15.8751,1095002,0
2017-09-27,22:00:00,15.88,15.88,15.82,15.83,1439434,0
2017-09-28,16:00:00,15.88,15.91,15.85,15.85,892246,0
2017-09-28,17:00:00,15.85,15.87,15.8,15.85,846365,0
2017-09-28,18:00:00,15.85,15.905,15.8476,15.86,671065,0
2017-09-28,19:00:00,15.86,15.93,15.855,15.91,667176,0
2017-09-28,20:00:00,15.91,15.93,15.88,15.91,357746,0
2017-09-28,21:00:00,15.91,15.96,15.9,15.945,219766,0
2017-09-28,22:00:00,15.9463,15.95,15.91,15.92,532268,0
2017-09-29,16:00:00,15.87,15.87,15.76,15.805,1619787,0
2017-09-29,17:00:00,15.805,15.9,15.8004,15.885,819855,0
2017-09-29,18:00:00,15.8873,15.9039,15.8439,15.85,488436,0
2017-09-29,19:00:00,15.841,15.857,15.799,15.799,394195,0
2017-09-29,20:00:00,15.799,15.81,15.71,15.795,1021835,0
2017-09-29,21:00:00,15.7961,15.81,15.76,15.76,363721,0
2017-09-29,22:00:00,15.76,15.78,15.72,15.73,1317675,0
2017-10-02,16:00:00,15.75,15.806,15.72,15.735,968304,0
2017-10-02,17:00:00,15.73,15.75,15.68,15.685,1287708,0
2017-10-02,18:00:00,15.68,15.75,15.665,15.7417,673265,0
2017-10-02,19:00:00,15.75,15.77,15.73,15.73,247713,0
2017-10-02,20:00:00,15.73,15.74,15.69,15.709,480925,0
2017-10-02,21:00:00,15.71,15.72,15.69,15.69,309223,0
2017-10-02,22:00:00,15.69,15.7,15.66,15.67,965954,0
2017-10-03,16:00:00,15.69,15.7399,15.685,15.71,502734,0
2017-10-03,17:00:00,15.71,15.735,15.68,15.72,885400,0
2017-10-03,18:00:00,15.72,15.745,15.71,15.72,580128,0
2017-10-03,19:00:00,15.7226,15.74,15.705,15.71,226834,0
2017-10-03,20:00:00,15.71,15.72,15.7,15.7079,285869,0
2017-10-03,21:00:00,15.705,15.72,15.7,15.71,224478,0
2017-10-03,22:00:00,15.7,15.72,15.7,15.71,1037458,0
2017-10-04,16:00:00,15.72,15.73,15.6601,15.71,743401,0
2017-10-04,17:00:00,15.71,15.76,15.62,15.735,2848093,0
2017-10-04,18:00:00,15.739,15.75,15.7,15.71,539268,0
2017-10-04,19:00:00,15.71,15.73,15.6748,15.71,646268,0
2017-10-04,20:00:00,15.7,15.7156,15.66,15.69,520939,0
2017-10-04,21:00:00,15.6944,15.7,15.68,15.68,235531,0
2017-10-04,22:00:00,15.68,15.73,15.68,15.69,618660,0
2017-10-05,16:00:00,15.76,15.8,15.7599,15.79,683819,0
2017-10-05,17:00:00,15.7817,15.81,15.7455,15.755,684076,0
2017-10-05,18:00:00,15.755,15.7777,15.7264,15.75,653178,0
2017-10-05,19:00:00,15.74,15.77,15.72,15.739,457043,0
2017-10-05,20:00:00,15.73,15.74,15.6999,15.7188,451640,0
2017-10-05,21:00:00,15.7139,15.715,15.68,15.68,503318,0
2017-10-05,22:00:00,15.68,15.7,15.66,15.68,816673,0
2017-10-06,16:00:00,15.67,15.67,15.44,15.4458,2316687,0
2017-10-06,17:00:00,15.4474,15.78,15.42,15.7434,3060506,0
2017-10-06,18:00:00,15.75,15.93,15.72,15.89,3223677,0
2017-10-06,19:00:00,15.891,15.92,15.85,15.88,789938,0
2017-10-06,20:00:00,15.88,15.89,15.785,15.85,956954,0
2017-10-06,21:00:00,15.85,15.86,15.81,15.84,578870,0
2017-10-06,22:00:00,15.835,15.87,15.835,15.85,1029168,0
2017-10-09,17:00:00,15.955,16,15.95,15.98,391737,0
2017-10-09,18:00:00,15.98,16,15.945,15.955,676771,0
2017-10-09,19:00:00,15.96,15.97,15.9366,15.9672,499912,0
2017-10-09,20:00:00,15.96,16.0163,15.96,15.99,580561,0
2017-10-09,21:00:00,15.99,16.01,15.99,16.005,377920,0
2017-10-09,22:00:00,16,16.04,16,16.02,1236768,0
2017-10-10,16:00:00,16.23,16.2438,16.2,16.23,1572366,0
2017-10-10,17:00:00,16.23,16.29,16.22,16.265,1840509,0
2017-10-10,18:00:00,16.26,16.27,16.1936,16.21,1037928,0
2017-10-10,19:00:00,16.21,16.22,16.18,16.2,632373,0
2017-10-10,20:00:00,16.2,16.225,16.18,16.19,868057,0
2017-10-10,21:00:00,16.19,16.199,16.16,16.16,780126,0
2017-10-10,22:00:00,16.16,16.17,16.15,16.15,1040888,0
2017-10-11,16:00:00,16.2,16.22,16.17,16.18,690562,0
2017-10-11,17:00:00,16.18,16.21,16.16,16.16,594292,0
2017-10-11,18:00:00,16.16,16.18,16.12,16.155,657350,0
2017-10-11,19:00:00,16.155,16.16,16.11,16.14,482002,0
2017-10-11,20:00:00,16.145,16.16,16.12,16.13,433029,0
2017-10-11,21:00:00,16.14,16.22,16.13,16.205,1731661,0
2017-10-11,22:00:00,16.201,16.28,16.19,16.26,1775576,0
2017-10-12,16:00:00,16.22,16.24,16.1742,16.1742,486271,0
2017-10-12,17:00:00,16.18,16.27,16.16,16.2547,827333,0
2017-10-12,18:00:00,16.26,16.269,16.23,16.2336,557408,0
2017-10-12,19:00:00,16.24,16.29,16.23,16.27,603535,0
2017-10-12,20:00:00,16.27,16.3,16.26,16.29,440953,0
2017-10-12,21:00:00,16.281,16.29,16.2601,16.2601,347616,0
2017-10-12,22:00:00,16.265,16.28,16.26,16.26,905730,0
2017-10-13,16:00:00,16.38,16.39,16.34,16.375,860044,0
2017-10-13,17:00:00,16.38,16.38,16.31,16.33,983018,0
2017-10-13,18:00:00,16.33,16.37,16.3204,16.3629,897042,0
2017-10-13,19:00:00,16.3647,16.39,16.3501,16.39,620016,0
2017-10-13,20:00:00,16.39,16.42,16.38,16.4,840897,0
2017-10-13,21:00:00,16.395,16.4,16.37,16.39,533655,0
2017-10-13,22:00:00,16.39,16.43,16.39,16.41,1607724,0
2017-10-16,16:00:00,16.43,16.47,16.4272,16.4575,1101795,0
2017-10-16,17:00:00,16.459,16.49,16.44,16.4463,1345765,0
2017-10-16,18:00:00,16.445,16.451,16.4,16.415,579613,0
2017-10-16,19:00:00,16.41,16.43,16.3942,16.42,328282,0
2017-10-16,20:00:00,16.42,16.43,16.341,16.37,777947,0
2017-10-16,21:00:00,16.37,16.38,16.26,16.26,1194769,0
2017-10-16,22:00:00,16.26,16.26,16.15,16.26,2432507,0
2017-10-17,16:00:00,16.11,16.15,16.09,16.12,1264245,0
2017-10-17,17:00:00,16.11,16.17,16.05,16.075,2198595,0
2017-10-17,18:00:00,16.08,16.09,16.02,16.05,1462075,0
2017-10-17,19:00:00,16.05,16.09,16.045,16.08,508321,0
2017-10-17,20:00:00,16.07,16.09,16.06,16.075,527806,0
2017-10-17,21:00:00,16.075,16.1173,16.075,16.11,372884,0
2017-10-17,22:00:00,16.11,16.12,16.09,16.09,1093216,0
2017-10-18,16:00:00,16.06,16.09,16.044,16.0508,501661,0
2017-10-18,17:00:00,16.05,16.07,16.021,16.0401,965225,0
2017-10-18,18:00:00,16.04,16.069,16.01,16.06,645414,0
2017-10-18,19:00:00,16.055,16.08,16.03,16.0361,424757,0
2017-10-18,20:00:00,16.04,16.05,16.021,16.049,555662,0
2017-10-18,21:00:00,16.045,16.067,16.0406,16.0556,306602,0
2017-10-18,22:00:00,16.055,16.06,16.04,16.06,600040,0
2017-10-19,16:00:00,16.06,16.115,16.05,16.0961,769646,0
2017-10-19,17:00:00,16.095,16.25,16.0808,16.22,1825840,0
2017-10-19,18:00:00,16.22,16.305,16.21,16.27,1545887,0
2017-10-19,19:00:00,16.27,16.28,16.2401,16.26,595278,0
2017-10-19,20:00:00,16.26,16.2899,16.25,16.261,351937,0
2017-10-19,21:00:00,16.2645,16.2699,16.23,16.23,626943,0
2017-10-19,22:00:00,16.23,16.3,16.22,16.27,1770523,0
2017-10-20,16:00:00,16.17,16.25,16.17,16.211,813856,0
2017-10-20,17:00:00,16.215,16.26,16.15,16.15,1290656,0
2017-10-20,18:00:00,16.15,16.16,15.98,16.06,2642493,0
2017-10-20,19:00:00,16.05,16.13,16.04,16.1201,1264457,0
2017-10-20,20:00:00,16.13,16.14,16.06,16.085,330562,0
2017-10-20,21:00:00,16.0825,16.09,16.045,16.06,902918,0
2017-10-20,22:00:00,16.069,16.1,16.05,16.08,1269845,0
2017-10-23,16:00:00,15.97,16,15.96,15.981,929798,0
2017-10-23,17:00:00,15.985,16.01,15.95,15.96,877443,0
2017-10-23,18:00:00,15.951,16.09,15.92,16.04,1339156,0
2017-10-23,19:00:00,16.05,16.16,16.045,16.13,1089292,0
2017-10-23,20:00:00,16.13,16.15,16.09,16.1,486101,0
2017-10-23,21:00:00,16.1056,16.12,16.085,16.1,428502,0
2017-10-23,22:00:00,16.11,16.16,16.1,16.145,977790,0
2017-10-24,16:00:00,16.02,16.02,15.97,15.989,1032234,0
2017-10-24,17:00:00,15.99,16.0464,15.94,15.9535,1310443,0
2017-10-24,18:00:00,15.95,16.02,15.94,16.01,658532,0
2017-10-24,19:00:00,16.0196,16.02,15.98,15.9912,207278,0
2017-10-24,20:00:00,15.995,16.02,15.98,15.995,507456,0
2017-10-24,21:00:00,15.995,16.06,15.99,16.05,401718,0
2017-10-24,22:00:00,16.05,16.1,16,16.02,1872953,0
2017-10-25,16:00:00,16.04,16.05,15.985,16,629371,0
2017-10-25,17:00:00,16,16.04,15.935,15.9836,1193373,0
2017-10-25,18:00:00,15.99,16.02,15.96,15.985,534379,0
2017-10-25,19:00:00,15.985,16.035,15.98,16,589521,0
2017-10-25,20:00:00,16,16.01,15.96,15.98,411300,0
2017-10-25,21:00:00,15.98,16,15.97,15.99,212298,0
2017-10-25,22:00:00,15.995,16.0159,15.99,16.01,570449,0
2017-10-26,16:00:00,15.97,15.98,15.93,15.965,769841,0
2017-10-26,17:00:00,15.96,16,15.95,15.9717,1129398,0
2017-10-26,18:00:00,15.975,15.98,15.93,15.971,790305,0
2017-10-26,19:00:00,15.97,15.98,15.86,15.885,821533,0
2017-10-26,20:00:00,15.88,15.897,15.8153,15.84,942300,0
2017-10-26,21:00:00,15.83,15.87,15.82,15.86,835473,0
2017-10-26,22:00:00,15.86,15.87,15.83,15.85,1163530,0
2017-10-27,16:00:00,15.74,15.75,15.7,15.705,841595,0
2017-10-27,17:00:00,15.709,15.88,15.695,15.79,2477846,0
2017-10-27,18:00:00,15.79,15.8283,15.7802,15.8,514675,0
2017-10-27,19:00:00,15.8,15.8221,15.78,15.795,461989,0
2017-10-27,20:00:00,15.795,15.84,15.79,15.84,363717,0
2017-10-27,21:00:00,15.835,15.9,15.83,15.89,899898,0
2017-10-27,22:00:00,15.89,15.929,15.88,15.91,1213086,0
2017-10-30,15:00:00,15.86,15.87,15.8201,15.84,762496,0
2017-10-30,16:00:00,15.8464,15.86,15.8048,15.85,622556,0
2017-10-30,17:00:00,15.85,15.87,15.8192,15.855,571599,0
2017-10-30,18:00:00,15.86,15.9572,15.85,15.929,561780,0
2017-10-30,19:00:00,15.93,15.9392,15.8801,15.89,439405,0
2017-10-30,20:00:00,15.9,15.91,15.87,15.89,283635,0
2017-10-30,21:00:00,15.885,15.92,15.88,15.91,487951,0
2017-10-31,15:00:00,15.82,15.85,15.79,15.8,503376,0
2017-10-31,16:00:00,15.795,15.7999,15.71,15.7558,1394651,0
2017-10-31,17:00:00,15.76,15.79,15.745,15.76,846951,0
2017-10-31,18:00:00,15.75,15.7565,15.72,15.74,538293,0
2017-10-31,19:00:00,15.741,15.79,15.72,15.7746,2043243,0
2017-10-31,20:00:00,15.775,15.809,15.773,15.79,1296373,0
2017-10-31,21:00:00,15.79,15.81,15.78,15.79,3037503,0
2017-11-01,15:00:00,15.95,15.99,15.9301,15.98,749931,0
2017-11-01,16:00:00,15.98,16.19,15.98,16.171,3873138,0
2017-11-01,17:00:00,16.171,16.21,16.12,16.13,1592096,0
2017-11-01,18:00:00,16.14,16.189,16.13,16.173,709171,0
2017-11-01,19:00:00,16.18,16.235,16.16,16.17,1093851,0
2017-11-01,20:00:00,16.17,16.23,16.1,16.13,1169732,0
2017-11-01,21:00:00,16.135,16.2,16.13,16.18,1183045,0
2017-11-02,15:00:00,16.18,16.22,16.1799,16.19,434479,0
2017-11-02,16:00:00,16.195,16.28,16.15,16.195,1605772,0
2017-11-02,17:00:00,16.195,16.2,16.1134,16.17,783648,0
2017-11-02,18:00:00,16.165,16.18,16.09,16.16,1000272,0
2017-11-02,19:00:00,16.16,16.19,16.14,16.155,395958,0
2017-11-02,20:00:00,16.15,16.17,16.14,16.165,392816,0
2017-11-02,21:00:00,16.165,16.18,16.14,16.17,730201,0
2017-11-03,15:00:00,16.2,16.22,16.14,16.16,306323,0
2017-11-03,16:00:00,16.16,16.17,15.84,15.87,3002005,0
2017-11-03,17:00:00,15.87,15.94,15.84,15.91,1168661,0
2017-11-03,18:00:00,15.9,15.91,15.87,15.8944,427759,0
2017-11-03,19:00:00,15.895,15.93,15.88,15.8848,447382,0
2017-11-03,20:00:00,15.8844,15.9,15.874,15.89,326324,0
2017-11-03,21:00:00,15.895,15.92,15.89,15.92,979861,0
2017-11-06,16:00:00,15.94,16.01,15.94,16.0047,709460,0
2017-11-06,17:00:00,16.01,16.075,15.9801,16.031,871329,0
2017-11-06,18:00:00,16.0344,16.26,16.031,16.221,2913178,0
2017-11-06,19:00:00,16.23,16.3,16.221,16.25,1581493,0
2017-11-06,20:00:00,16.25,16.27,16.21,16.261,1342240,0
2017-11-06,21:00:00,16.265,16.28,16.245,16.27,567680,0
2017-11-06,22:00:00,16.265,16.29,16.255,16.27,1435627,0
2017-11-07,16:00:00,16.21,16.23,16.11,16.165,891265,0
2017-11-07,17:00:00,16.165,16.1699,16.02,16.08,1553186,0
2017-11-07,18:00:00,16.085,16.0895,15.99,16.01,1906475,0
2017-11-07,19:00:00,16.01,16.0365,15.99,16.0026,779816,0
2017-11-07,20:00:00,16,16.03,15.98,15.991,456683,0
2017-11-07,21:00:00,15.991,16.02,15.9725,16.0145,641284,0
2017-11-07,22:00:00,16.01,16.035,16,16.01,1104973,0
2017-11-08,16:00:00,16.14,16.17,16.11,16.16,652189,0
2017-11-08,17:00:00,16.17,16.17,16.1,16.12,649266,0
2017-11-08,18:00:00,16.12,16.29,16.12,16.2253,1972134,0
2017-11-08,19:00:00,16.22,16.24,16.18,16.19,721480,0
2017-11-08,20:00:00,16.19,16.1965,16.14,16.145,643183,0
2017-11-08,21:00:00,16.14,16.14,16.09,16.1,535509,0
2017-11-08,22:00:00,16.1,16.11,16.05,16.06,871488,0
2017-11-09,16:00:00,16.02,16.06,16,16.045,858245,0
2017-11-09,17:00:00,16.0401,16.0899,15.99,15.995,823488,0
2017-11-09,18:00:00,16,16.06,15.99,16.035,596770,0
2017-11-09,19:00:00,16.04,16.06,16.01,16.04,382580,0
2017-11-09,20:00:00,16.041,16.06,16.02,16.0499,256897,0
2017-11-09,21:00:00,16.05,16.091,16.03,16.091,356622,0
2017-11-09,22:00:00,16.09,16.1,16.06,16.07,673832,0
2017-11-10,16:00:00,16.1,16.15,16.09,16.105,436169,0
2017-11-10,17:00:00,16.105,16.13,16.08,16.11,691967,0
2017-11-10,18:00:00,16.11,16.13,15.85,15.939,4004893,0
2017-11-10,19:00:00,15.94,15.96,15.925,15.955,597242,0
2017-11-10,20:00:00,15.955,15.9857,15.9099,15.9798,573618,0
2017-11-10,21:00:00,15.97,15.99,15.95,15.96,511451,0
2017-11-10,22:00:00,15.96,15.9775,15.95,15.95,982687,0
2017-11-13,16:00:00,16.04,16.07,15.99,16.04,953119,0
2017-11-13,17:00:00,16.04,16.109,16.02,16.09,1355774,0
2017-11-13,18:00:00,16.09,16.109,16.04,16.0552,773220,0
2017-11-13,19:00:00,16.06,16.11,16.05,16.1047,551795,0
2017-11-13,20:00:00,16.109,16.12,16.08,16.09,609157,0
2017-11-13,21:00:00,16.09,16.1072,16.09,16.095,385158,0
2017-11-13,22:00:00,16.0935,16.1,16.08,16.09,1067251,0
2017-11-14,16:00:00,16.01,16.02,15.925,15.9775,1151817,0
2017-11-14,17:00:00,15.97,16.14,15.97,16.055,2813302,0
2017-11-14,18:00:00,16.055,16.1,16.04,16.0553,595244,0
2017-11-14,19:00:00,16.06,16.09,16.05,16.09,300353,0
2017-11-14,20:00:00,16.09,16.14,16.09,16.115,705299,0
2017-11-14,21:00:00,16.12,16.12,16.0808,16.09,328752,0
2017-11-14,22:00:00,16.09,16.1,16.07,16.08,623741,0
2017-11-15,16:00:00,16.19,16.21,16.03,16.07,1693872,0
2017-11-15,17:00:00,16.08,16.095,16.03,16.0556,1164379,0
2017-11-15,18:00:00,16.0512,16.08,16.02,16.06,843020,0
2017-11-15,19:00:00,16.059,16.07,16.05,16.055,290699,0
2017-11-15,20:00:00,16.0521,16.06,16.01,16.03,723821,0
2017-11-15,21:00:00,16.03,16.03,16,16.025,699211,0
2017-11-15,22:00:00,16.02,16.05,16.02,16.03,750528,0
2017-11-16,16:00:00,16.1,16.17,16.09,16.145,612922,0
2017-11-16,17:00:00,16.15,16.16,16.1,16.1108,1199348,0
2017-11-16,18:00:00,16.12,16.1472,16.1,16.1292,472393,0
2017-11-16,19:00:00,16.12,16.14,16.12,16.131,321581,0
2017-11-16,20:00:00,16.14,16.15,16.1,16.125,388471,0
2017-11-16,21:00:00,16.12,16.13,16.1,16.12,380095,0
2017-11-16,22:00:00,16.12,16.13,16.11,16.12,810905,0
2017-11-17,16:00:00,16.14,16.16,16.1,16.12,624994,0
2017-11-17,17:00:00,16.129,16.16,16.105,16.15,1026318,0
2017-11-17,18:00:00,16.15,16.19,16.14,16.189,962346,0
2017-11-17,19:00:00,16.18,16.255,16.18,16.25,1073506,0
2017-11-17,20:00:00,16.255,16.41,16.245,16.349,2593967,0
2017-11-17,21:00:00,16.35,16.36,16.3,16.315,713030,0
2017-11-17,22:00:00,16.3149,16.33,16.3,16.31,1650386,0
2017-11-20,16:00:00,16.14,16.17,16.08,16.095,897757,0
2017-11-20,17:00:00,16.1,16.115,16.01,16.055,2567725,0
2017-11-20,18:00:00,16.055,16.0686,15.94,15.98,2965636,0
2017-11-20,19:00:00,15.98,15.985,15.935,15.95,1318847,0
2017-11-20,20:00:00,15.95,15.98,15.9,15.96,1808095,0
2017-11-20,21:00:00,15.95,15.9786,15.94,15.96,1162136,0
2017-11-20,22:00:00,15.96,15.99,15.96,15.98,1239579,0
2017-11-21,16:00:00,16.04,16.1,16.04,16.0799,844054,0
2017-11-21,17:00:00,16.08,16.105,16.05,16.06,1599942,0
2017-11-21,18:00:00,16.07,16.09,16.04,16.055,762193,0
2017-11-21,19:00:00,16.06,16.0799,16.03,16.06,629798,0
2017-11-21,20:00:00,16.06,16.06,16.005,16.03,560040,0
2017-11-21,21:00:00,16.03,16.035,15.99,16.01,313768,0
2017-11-21,22:00:00,16.015,16.0299,15.99,16,856691,0
2017-11-22,16:00:00,16.15,16.19,16.13,16.1648,978987,0
2017-11-22,17:00:00,16.165,16.18,16.1366,16.14,1147798,0
2017-11-22,18:00:00,16.14,16.19,16.14,16.17,1000828,0
2017-11-22,19:00:00,16.17,16.18,16.15,16.16,438406,0
2017-11-22,20:00:00,16.16,16.18,16.1401,16.155,306774,0
2017-11-22,21:00:00,16.15,16.2,16.14,16.1971,820807,0
2017-11-22,22:00:00,16.2,16.205,16.155,16.18,764970,0
2017-11-24,16:00:00,16.1,16.18,16.09,16.15,439729,0
2017-11-24,17:00:00,16.149,16.16,16.055,16.101,645125,0
2017-11-24,18:00:00,16.1036,16.1099,16.05,16.07,642749,0
2017-11-24,19:00:00,16.065,16.08,16.05,16.075,589800,0
2017-11-24,20:00:00,16.08,16.08,16.08,16.08,43643,0
2017-11-24,22:00:00,16.08,16.08,16.08,16.08,0,0
2017-11-27,16:00:00,16.2,16.21,16.0608,16.095,1176557,0
2017-11-27,17:00:00,16.09,16.1215,16.06,16.11,1454994,0
2017-11-27,18:00:00,16.12,16.15,16.11,16.115,766765,0
2017-11-27,19:00:00,16.115,16.125,16.09,16.105,309944,0
2017-11-27,20:00:00,16.11,16.115,16.08,16.095,326316,0
2017-11-27,21:00:00,16.09,16.1,16.08,16.09,247899,0
2017-11-27,22:00:00,16.095,16.1,16.08,16.1,554332,0
2017-11-28,16:00:00,16.11,16.1199,15.9352,15.955,1727201,0
2017-11-28,17:00:00,15.9501,15.9766,15.82,15.94,5335819,0
2017-11-28,18:00:00,15.935,15.98,15.91,15.935,1269261,0
2017-11-28,19:00:00,15.9301,15.95,15.88,15.91,1142272,0
2017-11-28,20:00:00,15.905,15.9501,15.88,15.92,1767472,0
2017-11-28,21:00:00,15.924,15.945,15.88,15.91,657219,0
2017-11-28,22:00:00,15.91,15.93,15.9,15.91,1068619,0
2017-11-29,16:00:00,15.76,15.76,15.7,15.71,1387537,0
2017-11-29,17:00:00,15.7156,15.79,15.69,15.73,1335693,0
2017-11-29,18:00:00,15.74,15.74,15.671,15.7,1089640,0
2017-11-29,19:00:00,15.7,15.705,15.6,15.615,1169296,0
2017-11-29,20:00:00,15.615,15.65,15.59,15.64,1105171,0
2017-11-29,21:00:00,15.64,15.66,15.63,15.645,682292,0
2017-11-29,22:00:00,15.645,15.65,15.61,15.64,1691662,0
2017-11-30,16:00:00,15.47,15.53,15.47,15.51,1579302,0
2017-11-30,17:00:00,15.5199,15.53,15.46,15.475,1618836,0
2017-11-30,18:00:00,15.47,15.48,15.42,15.45,2008812,0
2017-11-30,19:00:00,15.45,15.47,15.425,15.43,1292887,0
2017-11-30,20:00:00,15.43,15.535,15.4,15.52,1489776,0
2017-11-30,21:00:00,15.525,15.545,15.5,15.5407,498871,0
2017-11-30,22:00:00,15.54,15.555,15.51,15.515,1190137,0
2017-12-01,16:00:00,15.42,15.47,15.4,15.445,1169867,0
2017-12-01,17:00:00,15.45,15.46,15.33,15.44,2817354,0
2017-12-01,18:00:00,15.439,15.63,15.4299,15.52,4920551,0
2017-12-01,19:00:00,15.52,15.53,15.46,15.485,1472451,0
2017-12-01,20:00:00,15.49,15.5,15.41,15.451,1239516,0
2017-12-01,21:00:00,15.4522,15.5199,15.4401,15.51,830864,0
2017-12-01,22:00:00,15.505,15.54,15.5,15.53,1260777,0
2017-12-04,16:00:00,15.45,15.45,15.4,15.4066,746103,0
2017-12-04,17:00:00,15.4056,15.42,15.34,15.37,1312815,0
2017-12-04,18:00:00,15.3698,15.4,15.34,15.389,1023302,0
2017-12-04,19:00:00,15.38,15.4,15.361,15.39,603320,0
2017-12-04,20:00:00,15.39,15.44,15.38,15.43,758907,0
2017-12-04,21:00:00,15.429,15.44,15.42,15.43,404946,0
2017-12-04,22:00:00,15.4336,15.44,15.42,15.44,1259384,0
2017-12-05,16:00:00,15.29,15.29,15.24,15.2499,1118310,0
2017-12-05,17:00:00,15.25,15.275,15.15,15.155,2221286,0
2017-12-05,18:00:00,15.15,15.21,15.13,15.21,1460018,0
2017-12-05,19:00:00,15.21,15.22,15.1599,15.16,953010,0
2017-12-05,20:00:00,15.165,15.18,15.14,15.18,996660,0
2017-12-05,21:00:00,15.1772,15.21,15.171,15.19,700525,0
2017-12-05,22:00:00,15.1862,15.23,15.175,15.23,1920792,0
2017-12-06,16:00:00,15.11,15.18,15.06,15.12,1863862,0
2017-12-06,17:00:00,15.1174,15.13,15.04,15.07,1422122,0
2017-12-06,18:00:00,15.065,15.09,15.02,15.075,1180487,0
2017-12-06,19:00:00,15.0751,15.09,15.0401,15.05,613228,0
2017-12-06,20:00:00,15.05,15.11,15.03,15.1014,661823,0
2017-12-06,21:00:00,15.1,15.1087,15.0701,15.08,546150,0
2017-12-06,22:00:00,15.08,15.1,15.07,15.1,960857,0
2017-12-07,16:00:00,14.92,14.97,14.89,14.925,1864536,0
2017-12-07,17:00:00,14.925,14.97,14.87,14.91,1953678,0
2017-12-07,18:00:00,14.91,14.93,14.89,14.919,1076672,0
2017-12-07,19:00:00,14.92,14.92,14.88,14.885,669551,0
2017-12-07,20:00:00,14.8868,14.91,14.875,14.91,972753,0
2017-12-07,21:00:00,14.905,14.91,14.8,14.825,1715406,0
2017-12-07,22:00:00,14.825,14.87,14.77,14.87,2378947,0
2017-12-08,16:00:00,14.93,15.005,14.92,14.94,1476420,0
2017-12-08,17:00:00,14.9465,14.9597,14.8862,14.9,1081222,0
2017-12-08,18:00:00,14.91,14.94,14.8934,14.91,992643,0
2017-12-08,19:00:00,14.9155,14.92,14.89,14.92,429446,0
2017-12-08,20:00:00,14.915,14.94,14.9,14.9272,462656,0
2017-12-08,21:00:00,14.925,14.955,14.92,14.955,636218,0
2017-12-08,22:00:00,14.95,14.97,14.94,14.96,1141120,0
2017-12-11,16:00:00,14.88,14.92,14.86,14.892,1019626,0
2017-12-11,17:00:00,14.895,14.935,14.8632,14.899,969276,0
2017-12-11,18:00:00,14.9,14.92,14.89,14.891,742552,0
2017-12-11,19:00:00,14.9,14.92,14.88,14.9,716997,0
2017-12-11,20:00:00,14.895,14.9099,14.86,14.875,619376,0
2017-12-11,21:00:00,14.875,14.8774,14.82,14.829,683822,0
2017-12-11,22:00:00,14.8247,14.85,14.81,14.85,1172948,0
2017-12-12,16:00:00,14.78,14.805,14.77,14.7946,667345,0
2017-12-12,17:00:00,14.7939,14.83,14.74,14.78,1283475,0
2017-12-12,18:00:00,14.775,14.8,14.76,14.79,1474459,0
2017-12-12,19:00:00,14.795,14.88,14.78,14.78,966681,0
2017-12-12,20:00:00,14.78,14.8,14.7626,14.8,541192,0
2017-12-12,21:00:00,14.792,14.855,14.79,14.8494,1101198,0
2017-12-12,22:00:00,14.845,14.86,14.83,14.86,831114,0
2017-12-13,16:00:00,14.86,14.86,14.799,14.82,1032581,0
2017-12-13,17:00:00,14.8145,14.88,14.81,14.88,1116961,0
2017-12-13,18:00:00,14.88,14.92,14.8501,14.88,1294186,0
2017-12-13,19:00:00,14.88,14.96,14.8748,14.9176,2031597,0
2017-12-13,20:00:00,14.9147,15.03,14.9134,15,1840784,0
2017-12-13,21:00:00,15,15.25,14.96,15.24,5076539,0
2017-12-13,22:00:00,15.2315,15.25,15.13,15.15,2584228,0
2017-12-14,16:00:00,15.05,15.05,14.95,14.965,1238416,0
2017-12-14,17:00:00,14.97,14.999,14.935,14.999,1141673,0
2017-12-14,18:00:00,14.995,15.009,14.96,14.97,775334,0
2017-12-14,19:00:00,14.97,15.02,14.95,14.995,1322161,0
2017-12-14,20:00:00,15,15.03,14.9801,15.015,550535,0
2017-12-14,21:00:00,15.0125,15.05,15.01,15.04,400061,0
2017-12-14,22:00:00,15.04,15.04,15,15.02,1144029,0
2017-12-15,16:00:00,15.14,15.17,15.1,15.125,1193635,0
2017-12-15,17:00:00,15.1299,15.16,15.09,15.1036,1336615,0
2017-12-15,18:00:00,15.1001,15.139,15.08,15.125,795156,0
2017-12-15,19:00:00,15.13,15.15,15.11,15.115,654171,0
2017-12-15,20:00:00,15.115,15.14,15.11,15.12,399962,0
2017-12-15,21:00:00,15.118,15.1669,15.11,15.16,691868,0
2017-12-15,22:00:00,15.165,15.17,15.131,15.15,1275232,0
2017-12-18,16:00:00,15.2,15.24,15.18,15.19,807800,0
2017-12-18,17:00:00,15.1844,15.25,15.1825,15.24,703275,0
2017-12-18,18:00:00,15.25,15.25,15.22,15.23,612433,0
2017-12-18,19:00:00,15.235,15.25,15.22,15.245,493389,0
2017-12-18,20:00:00,15.24,15.26,15.2,15.2,564685,0
2017-12-18,21:00:00,15.21,15.23,15.2018,15.225,512010,0
2017-12-18,22:00:00,15.225,15.23,15.21,15.22,626952,0
2017-12-19,16:00:00,15.2,15.235,15.18,15.2,585082,0
2017-12-19,17:00:00,15.205,15.24,15.1901,15.2,588451,0
2017-12-19,18:00:00,15.21,15.2162,15.17,15.185,1090458,0
2017-12-19,19:00:00,15.18,15.19,15.14,15.19,915445,0
2017-12-19,20:00:00,15.19,15.22,15.18,15.2,415590,0
2017-12-19,21:00:00,15.2,15.22,15.19,15.215,418098,0
2017-12-19,22:00:00,15.215,15.23,15.21,15.23,540021,0
2017-12-20,16:00:00,15.29,15.3017,15.24,15.285,695598,0
2017-12-20,17:00:00,15.2838,15.3299,15.26,15.2801,747141,0
2017-12-20,18:00:00,15.2868,15.32,15.27,15.29,551296,0
2017-12-20,19:00:00,15.29,15.33,15.27,15.315,562341,0
2017-12-20,20:00:00,15.32,15.33,15.27,15.275,615485,0
2017-12-20,21:00:00,15.28,15.285,15.26,15.28,322775,0
2017-12-20,22:00:00,15.27,15.2756,15.24,15.25,799192,0
2017-12-21,16:00:00,15.22,15.2665,15.22,15.25,504351,0
2017-12-21,17:00:00,15.245,15.32,15.23,15.276,994200,0
2017-12-21,18:00:00,15.2724,15.29,15.27,15.28,393725,0
2017-12-21,19:00:00,15.275,15.29,15.26,15.267,451898,0
2017-12-21,20:00:00,15.261,15.28,15.23,15.23,311746,0
2017-12-21,21:00:00,15.235,15.24,15.2,15.2136,390704,0
2017-12-21,22:00:00,15.21,15.25,15.21,15.22,716233,0
2017-12-22,16:00:00,15.34,15.36,15.31,15.325,721322,0
2017-12-22,17:00:00,15.325,15.44,15.32,15.42,2148555,0
2017-12-22,18:00:00,15.41,15.491,15.41,15.47,1458515,0
2017-12-22,19:00:00,15.469,15.47,15.44,15.45,958984,0
2017-12-22,20:00:00,15.45,15.46,15.39,15.41,702879,0
2017-12-22,21:00:00,15.41,15.43,15.4,15.42,321654,0
2017-12-22,22:00:00,15.42,15.43,15.4,15.4,1267315,0
2017-12-26,16:00:00,15.55,15.58,15.53,15.54,1311723,0
2017-12-26,17:00:00,15.54,15.57,15.53,15.57,1011445,0
2017-12-26,18:00:00,15.5611,15.58,15.54,15.57,734662,0
2017-12-26,19:00:00,15.56,15.6,15.56,15.58,423943,0
2017-12-26,20:00:00,15.58,15.61,15.57,15.605,557348,0
2017-12-26,21:00:00,15.6011,15.6194,15.58,15.605,664599,0
2017-12-26,22:00:00,15.6058,15.63,15.59,15.59,1259980,0
2017-12-27,16:00:00,15.67,15.7,15.65,15.68,898963,0
2017-12-27,17:00:00,15.6739,15.77,15.6739,15.7265,1666937,0
2017-12-27,18:00:00,15.7238,15.78,15.721,15.767,936669,0
2017-12-27,19:00:00,15.76,15.765,15.73,15.75,508513,0
2017-12-27,20:00:00,15.75,15.76,15.74,15.755,651601,0
2017-12-27,21:00:00,15.759,15.769,15.74,15.76,424927,0
2017-12-27,22:00:00,15.755,15.76,15.72,15.73,1145141,0
2017-12-28,16:00:00,15.85,15.87,15.83,15.8433,1262617,0
2017-12-28,17:00:00,15.85,15.87,15.82,15.85,1424842,0
2017-12-28,18:00:00,15.85,15.91,15.85,15.881,949191,0
2017-12-28,19:00:00,15.88,15.91,15.87,15.9014,1533807,0
2017-12-28,20:00:00,15.9,15.9201,15.88,15.89,1273118,0
2017-12-28,21:00:00,15.885,15.8999,15.88,15.885,742997,0
2017-12-28,22:00:00,15.89,15.91,15.87,15.88,2237547,0
2017-12-29,16:00:00,16.02,16.03,15.9429,15.975,2039194,0
2017-12-29,17:00:00,15.98,16.05,15.9726,15.9726,2692330,0
2017-12-29,18:00:00,15.975,16.06,15.9734,16.04,1216764,0
2017-12-29,19:00:00,16.04,16.09,16.031,16.09,1404308,0
2017-12-29,20:00:00,16.089,16.15,15.97,15.995,3401608,0
2017-12-29,21:00:00,16,16.01,15.925,15.9857,1336922,0
2017-12-29,22:00:00,15.98,16.02,15.97,15.99,1484085,0
2018-01-02,16:00:00,16.13,16.18,16.12,16.17,1797601,0
2018-01-02,17:00:00,16.17,16.195,16.15,16.165,1525479,0
2018-01-02,18:00:00,16.16,16.22,16.16,16.18,1408000,0
2018-01-02,19:00:00,16.18,16.18,16.15,16.171,632836,0
2018-01-02,20:00:00,16.18,16.2,16.17,16.19,506689,0
2018-01-02,21:00:00,16.195,16.22,16.19,16.215,564090,0
2018-01-02,22:00:00,16.21,16.23,16.2,16.21,1869145,0
2018-01-03,16:00:00,16.19,16.22,16.17,16.1815,973429,0
2018-01-03,17:00:00,16.18,16.22,16.1601,16.215,1737229,0
2018-01-03,18:00:00,16.215,16.23,16.2,16.22,789410,0
2018-01-03,19:00:00,16.22,16.24,16.2101,16.221,522091,0
2018-01-03,20:00:00,16.23,16.26,16.225,16.235,665015,0
2018-01-03,21:00:00,16.23,16.24,16.0939,16.1446,2201742,0
2018-01-03,22:00:00,16.145,16.2,16.1439,16.17,1495065,0
2018-01-04,16:00:00,16.21,16.23,16.19,16.2,797996,0
2018-01-04,17:00:00,16.205,16.28,16.1999,16.27,1284099,0
2018-01-04,18:00:00,16.27,16.29,16.22,16.2456,975430,0
2018-01-04,19:00:00,16.245,16.26,16.22,16.2539,562574,0
2018-01-04,20:00:00,16.255,16.27,16.2,16.215,717090,0
2018-01-04,21:00:00,16.22,16.28,16.21,16.275,1113574,0
2018-01-04,22:00:00,16.2725,16.3,16.22,16.23,1266141,0
2018-01-05,16:00:00,16.18,16.21,16.161,16.1738,528623,0
2018-01-05,17:00:00,16.18,16.27,16.18,16.24,1049336,0
2018-01-05,18:00:00,16.24,16.29,16.2328,16.287,1145302,0
2018-01-05,19:00:00,16.28,16.28,16.25,16.26,370922,0
2018-01-05,20:00:00,16.265,16.279,16.23,16.24,596604,0
2018-01-05,21:00:00,16.24,16.265,16.24,16.245,564441,0
2018-01-05,22:00:00,16.245,16.2551,16.22,16.22,1185400,0
2018-01-08,16:00:00,16.17,16.18,16.135,16.15,520944,0
2018-01-08,17:00:00,16.15,16.19,16.15,16.17,970618,0
2018-01-08,18:00:00,16.1799,16.18,16.08,16.08,1538307,0
2018-01-08,19:00:00,16.0866,16.12,16.07,16.115,880965,0
2018-01-08,20:00:00,16.115,16.15,16.11,16.14,499550,0
2018-01-08,21:00:00,16.135,16.145,16.11,16.14,737828,0
2018-01-08,22:00:00,16.1474,16.155,16.13,16.15,1042526,0
2018-01-09,16:00:00,16.01,16.0151,15.95,15.97,1544958,0
2018-01-09,17:00:00,15.969,16.01,15.96,15.99,1273043,0
2018-01-09,18:00:00,15.991,16.03,15.9807,15.9938,713749,0
2018-01-09,19:00:00,15.9901,16,15.98,15.9971,676188,0
2018-01-09,20:00:00,15.994,16.02,15.99,16.02,408563,0
2018-01-09,21:00:00,16.0138,16.065,16.0138,16.0339,646987,0
2018-01-09,22:00:00,16.0351,16.05,16.02,16.03,1286807,0
2018-01-10,16:00:00,16.07,16.08,16.02,16.07,1301088,0
2018-01-10,17:00:00,16.07,16.1,16.05,16.06,1206965,0
2018-01-10,18:00:00,16.0644,16.07,16,16.01,882879,0
2018-01-10,19:00:00,16.01,16.05,16.01,16.04,772411,0
2018-01-10,20:00:00,16.04,16.05,16.03,16.05,827153,0
2018-01-10,21:00:00,16.045,16.05,16,16.02,866900,0
2018-01-10,22:00:00,16.021,16.04,16.01,16.02,1459363,0
2018-01-11,16:00:00,16.01,16.055,16.01,16.054,490991,0
2018-01-11,17:00:00,16.055,16.06,15.91,16.0099,1959267,0
2018-01-11,18:00:00,16.005,16.05,16,16.045,865225,0
2018-01-11,19:00:00,16.049,16.0555,16.025,16.03,456969,0
2018-01-11,20:00:00,16.0399,16.07,15.97,16.0132,817798,0
2018-01-11,21:00:00,16.01,16.0499,16.01,16.035,487945,0
2018-01-11,22:00:00,16.04,16.04,16,16.01,783778,0
2018-01-12,16:00:00,16.1,16.12,16.08,16.11,936383,0
2018-01-12,17:00:00,16.11,16.17,16.11,16.1558,1389813,0
2018-01-12,18:00:00,16.15,16.1615,16.13,16.135,872738,0
2018-01-12,19:00:00,16.14,16.15,16.115,16.1352,622600,0
2018-01-12,20:00:00,16.13,16.25,16.13,16.25,1052954,0
2018-01-12,21:00:00,16.2401,16.28,16.24,16.255,1588379,0
2018-01-12,22:00:00,16.26,16.31,16.255,16.27,3049422,0
2018-01-16,16:00:00,16.13,16.15,16.09,16.095,1302794,0
2018-01-16,17:00:00,16.095,16.18,16.091,16.17,1783376,0
2018-01-16,18:00:00,16.1742,16.1899,16.155,16.175,1664249,0
2018-01-16,19:00:00,16.18,16.21,16.141,16.2,899866,0
2018-01-16,20:00:00,16.2,16.25,16.1847,16.24,779344,0
2018-01-16,21:00:00,16.24,16.25,16.21,16.23,869305,0
2018-01-16,22:00:00,16.22,16.25,16.21,16.25,1320787,0
2018-01-17,16:00:00,16.18,16.2,16.12,16.13,628063,0
2018-01-17,17:00:00,16.1262,16.1699,16.1,16.1301,1221448,0
2018-01-17,18:00:00,16.1347,16.14,16.05,16.1,2165559,0
2018-01-17,19:00:00,16.1,16.16,16.095,16.16,916153,0
2018-01-17,20:00:00,16.15,16.23,16.14,16.1947,1030175,0
2018-01-17,21:00:00,16.1947,16.2,16.06,16.06,1109467,0
2018-01-17,22:00:00,16.06,16.09,16.02,16.06,3353433,0
2018-01-18,16:00:00,16.075,16.16,16.07,16.1342,1091100,0
2018-01-18,17:00:00,16.13,16.14,16.02,16.04,1259590,0
2018-01-18,18:00:00,16.05,16.09,16.02,16.05,887263,0
2018-01-18,19:00:00,16.0435,16.07,16.01,16.0299,594591,0
2018-01-18,20:00:00,16.02,16.0299,15.95,15.985,1089210,0
2018-01-18,21:00:00,15.98,16.025,15.97,16.015,697994,0
2018-01-18,22:00:00,16.02,16.02,15.95,15.97,1553589,0
2018-01-19,16:00:00,16.05,16.07,16.03,16.07,663966,0
2018-01-19,17:00:00,16.07,16.08,16.02,16.025,1064107,0
2018-01-19,18:00:00,16.03,16.05,16.02,16.035,899815,0
2018-01-19,19:00:00,16.035,16.06,16.03,16.05,356356,0
2018-01-19,20:00:00,16.05,16.09,16.04,16.09,518150,0
2018-01-19,21:00:00,16.09,16.12,16.08,16.105,775313,0
2018-01-19,22:00:00,16.105,16.105,16.05,16.05,1887904,0
2018-01-22,16:00:00,16.07,16.07,16.02,16.029,595951,0
2018-01-22,17:00:00,16.025,16.09,16.025,16.07,1025470,0
2018-01-22,18:00:00,16.06,16.07,16.03,16.03,643058,0
2018-01-22,19:00:00,16.03,16.05,16,16.039,861266,0
2018-01-22,20:00:00,16.04,16.04,16.01,16.0131,340007,0
2018-01-22,21:00:00,16.01,16.04,16.01,16.03,259290,0
2018-01-22,22:00:00,16.03,16.05,16.03,16.04,713663,0
2018-01-23,16:00:00,15.86,15.89,15.791,15.88,2328973,0
2018-01-23,17:00:00,15.875,16,15.86,15.99,1536193,0
2018-01-23,18:00:00,15.99,16.0361,15.9514,15.97,1191952,0
2018-01-23,19:00:00,15.97,15.99,15.96,15.9649,425431,0
2018-01-23,20:00:00,15.963,16.02,15.9411,16,814397,0
2018-01-23,21:00:00,16,16.06,15.99,16.055,757368,0
2018-01-23,22:00:00,16.06,16.09,16.0534,16.08,1187950,0
2018-01-24,16:00:00,16.38,16.439,16.37,16.4284,2194645,0
2018-01-24,17:00:00,16.43,16.4442,16.38,16.4,2232653,0
2018-01-24,18:00:00,16.41,16.43,16.35,16.42,1414629,0
2018-01-24,19:00:00,16.4185,16.46,16.401,16.4351,1342708,0
2018-01-24,20:00:00,16.4344,16.55,16.43,16.545,1809257,0
2018-01-24,21:00:00,16.545,16.6,16.52,16.54,2192340,0
2018-01-24,22:00:00,16.5433,16.62,16.53,16.56,4659883,0
2018-01-25,16:00:00,16.54,16.545,16.47,16.51,1148073,0
2018-01-25,17:00:00,16.51,16.56,16.49,16.53,1261552,0
2018-01-25,18:00:00,16.52,16.6,16.5,16.6,1092661,0
2018-01-25,19:00:00,16.5993,16.63,16.57,16.62,904584,0
2018-01-25,20:00:00,16.63,16.64,16.551,16.555,1108411,0
2018-01-25,21:00:00,16.555,16.5748,16.16,16.305,7031652,0
2018-01-25,22:00:00,16.3,16.36,16.255,16.31,3656798,0
2018-01-26,16:00:00,16.38,16.44,16.37,16.42,705862,0
2018-01-26,17:00:00,16.425,16.43,16.36,16.38,1323003,0
2018-01-26,18:00:00,16.38,16.4474,16.375,16.425,1137730,0
2018-01-26,19:00:00,16.43,16.46,16.41,16.4501,637099,0
2018-01-26,20:00:00,16.45,16.48,16.425,16.475,684672,0
2018-01-26,21:00:00,16.47,16.5,16.3933,16.425,1616235,0
2018-01-26,22:00:00,16.425,16.43,16.39,16.41,803150,0
2018-01-29,16:00:00,16.29,16.29,16.2101,16.25,1157728,0
2018-01-29,17:00:00,16.245,16.26,16.21,16.235,897589,0
2018-01-29,18:00:00,16.23,16.24,16.14,16.17,1674645,0
2018-01-29,19:00:00,16.1651,16.199,16.13,16.187,785428,0
2018-01-29,20:00:00,16.1851,16.23,16.16,16.225,508475,0
2018-01-29,21:00:00,16.2206,16.27,16.22,16.24,594303,0
2018-01-29,22:00:00,16.24,16.25,16.1901,16.21,942326,0
2018-01-30,16:00:00,16.31,16.32,16.26,16.275,938686,0
2018-01-30,17:00:00,16.27,16.29,16.205,16.205,1796007,0
2018-01-30,18:00:00,16.205,16.225,16.155,16.16,1250173,0
2018-01-30,19:00:00,16.16,16.2199,16.15,16.165,771080,0
2018-01-30,20:00:00,16.16,16.17,16.1,16.15,1413202,0
2018-01-30,21:00:00,16.16,16.19,16.145,16.18,734188,0
2018-01-30,22:00:00,16.18,16.19,16.13,16.15,918806,0
2018-01-31,16:00:00,16.26,16.2901,16.26,16.281,486477,0
2018-01-31,17:00:00,16.29,16.34,16.27,16.2759,1295667,0
2018-01-31,18:00:00,16.279,16.3,16.25,16.2737,919811,0
2018-01-31,19:00:00,16.28,16.29,16.23,16.26,691456,0
2018-01-31,20:00:00,16.26,16.3,16.24,16.299,1120623,0
2018-01-31,21:00:00,16.28,16.41,16.1738,16.311,5687385,0
2018-01-31,22:00:00,16.32,16.37,16.3,16.35,1959228,0
2018-02-01,16:00:00,16.16,16.27,16.14,16.2063,853965,0
2018-02-01,17:00:00,16.2,16.23,16.1636,16.1838,1223106,0
2018-02-01,18:00:00,16.185,16.1937,16.145,16.18,836368,0
2018-02-01,19:00:00,16.18,16.2015,16.13,16.15,523850,0
2018-02-01,20:00:00,16.15,16.24,16.15,16.22,805736,0
2018-02-01,21:00:00,16.22,16.2454,16.19,16.24,818506,0
2018-02-01,22:00:00,16.24,16.275,16.24,16.25,1611754,0
2018-02-02,16:00:00,16.02,16.02,15.86,15.87,2388559,0
2018-02-02,17:00:00,15.87,15.87,15.77,15.81,3148065,0
2018-02-02,18:00:00,15.81,15.815,15.73,15.78,1985634,0
2018-02-02,19:00:00,15.779,15.88,15.7701,15.84,637521,0
2018-02-02,20:00:00,15.845,15.86,15.745,15.749,1259956,0
2018-02-02,21:00:00,15.75,15.7658,15.64,15.66,2973063,0
2018-02-02,22:00:00,15.6558,15.71,15.63,15.645,3178178,0
2018-02-05,16:00:00,15.91,15.92,15.86,15.8899,1286573,0
2018-02-05,17:00:00,15.86,15.93,15.85,15.8538,1206577,0
2018-02-05,18:00:00,15.86,15.88,15.8,15.8462,1492347,0
2018-02-05,19:00:00,15.85,15.86,15.8,15.805,659685,0
2018-02-05,20:00:00,15.8,15.803,15.7301,15.79,913984,0
2018-02-05,21:00:00,15.79,15.79,15.73,15.73,590320,0
2018-02-05,22:00:00,15.7399,15.855,15.72,15.745,4121267,0
2018-02-06,16:00:00,15.74,15.7555,15.7,15.72,1175007,0
2018-02-06,17:00:00,15.72,15.745,15.67,15.7099,1812404,0
2018-02-06,18:00:00,15.705,15.74,15.65,15.709,1147874,0
2018-02-06,19:00:00,15.71,15.74,15.681,15.681,774644,0
2018-02-06,20:00:00,15.68,15.71,15.63,15.66,891031,0
2018-02-06,21:00:00,15.67,15.7,15.64,15.7,831107,0
2018-02-06,22:00:00,15.7,15.7,15.64,15.66,2182544,0
2018-02-07,16:00:00,15.53,15.5763,15.48,15.5547,1540305,0
2018-02-07,17:00:00,15.555,15.57,15.465,15.49,1418293,0
2018-02-07,18:00:00,15.48,15.54,15.47,15.48,1144205,0
2018-02-07,19:00:00,15.48,15.55,15.46,15.46,1365380,0
2018-02-07,20:00:00,15.46,15.475,15.34,15.4065,2088685,0
2018-02-07,21:00:00,15.4,15.425,15.38,15.41,705832,0
2018-02-07,22:00:00,15.41,15.44,15.39,15.41,2158529,0
2018-02-08,16:00:00,15.52,15.52,15.4498,15.475,1148740,0
2018-02-08,17:00:00,15.48,15.48,15.41,15.43,1282309,0
2018-02-08,18:00:00,15.43,15.485,15.42,15.46,881813,0
2018-02-08,19:00:00,15.46,15.535,15.45,15.48,1011926,0
2018-02-08,20:00:00,15.479,15.515,15.43,15.495,720496,0
2018-02-08,21:00:00,15.495,15.52,15.4601,15.48,376188,0
2018-02-08,22:00:00,15.48,15.499,15.44,15.46,1138969,0
2018-02-09,16:00:00,15.4,15.4,15.35,15.395,606890,0
2018-02-09,17:00:00,15.4,15.4,15.29,15.34,1507220,0
2018-02-09,18:00:00,15.33,15.3867,15.3,15.36,823042,0
2018-02-09,19:00:00,15.36,15.375,15.27,15.2739,862230,0
2018-02-09,20:00:00,15.27,15.356,15.26,15.345,1202403,0
2018-02-09,21:00:00,15.35,15.38,15.33,15.355,953346,0
2018-02-09,22:00:00,15.355,15.4,15.34,15.39,1558068,0
2018-02-12,16:00:00,15.51,15.61,15.49,15.6,3608227,0
2018-02-12,17:00:00,15.6052,15.635,15.55,15.6,1607822,0
2018-02-12,18:00:00,15.595,15.615,15.569,15.6085,602444,0
2018-02-12,19:00:00,15.605,15.67,15.605,15.66,791272,0
2018-02-12,20:00:00,15.66,15.68,15.6106,15.63,701968,0
2018-02-12,21:00:00,15.63,15.64,15.585,15.59,735603,0
2018-02-12,22:00:00,15.59,15.6399,15.57,15.57,1542848,0
2018-02-13,16:00:00,15.59,15.6,15.51,15.59,614232,0
2018-02-13,17:00:00,15.59,15.66,15.57,15.62,1114496,0
2018-02-13,18:00:00,15.62,15.64,15.59,15.6301,1136001,0
2018-02-13,19:00:00,15.64,15.65,15.62,15.631,335052,0
2018-02-13,20:00:00,15.64,15.66,15.6001,15.62,421403,0
2018-02-13,21:00:00,15.62,15.63,15.6,15.63,378882,0
2018-02-13,22:00:00,15.63,15.66,15.61,15.62,919540,0
2018-02-14,16:00:00,15.66,15.71,15.64,15.665,802194,0
2018-02-14,17:00:00,15.66,15.87,15.66,15.85,3028683,0
2018-02-14,18:00:00,15.85,15.8549,15.75,15.78,1752219,0
2018-02-14,19:00:00,15.77,15.86,15.75,15.86,1087578,0
2018-02-14,20:00:00,15.86,15.97,15.85,15.9199,2397731,0
2018-02-14,21:00:00,15.915,15.94,15.91,15.935,754803,0
2018-02-14,22:00:00,15.935,15.94,15.89,15.91,2303607,0
2018-02-15,16:00:00,15.91,15.91,15.8464,15.87,720115,0
2018-02-15,17:00:00,15.87,15.875,15.71,15.72,1852603,0
2018-02-15,18:00:00,15.715,15.8,15.69,15.78,1777439,0
2018-02-15,19:00:00,15.78,15.86,15.76,15.8501,977564,0
2018-02-15,20:00:00,15.86,15.8961,15.835,15.87,981723,0
2018-02-15,21:00:00,15.87,15.92,15.87,15.92,470827,0
2018-02-15,22:00:00,15.92,15.94,15.9001,15.91,1351101,0
2018-02-16,16:00:00,15.83,15.881,15.81,15.82,702724,0
2018-02-16,17:00:00,15.82,15.851,15.77,15.825,1421928,0
2018-02-16,18:00:00,15.8201,15.879,15.8,15.8,569914,0
2018-02-16,19:00:00,15.808,15.8299,15.77,15.815,818873,0
2018-02-16,20:00:00,15.81,15.82,15.715,15.72,613699,0
2018-02-16,21:00:00,15.72,15.73,15.67,15.7,1623176,0
2018-02-16,22:00:00,15.7,15.74,15.68,15.73,1133596,0
2018-02-20,16:00:00,15.69,15.725,15.661,15.6699,666553,0
2018-02-20,17:00:00,15.6735,15.7158,15.61,15.64,1416760,0
2018-02-20,18:00:00,15.64,15.66,15.56,15.59,1593952,0
2018-02-20,19:00:00,15.5959,15.615,15.559,15.5807,963838,0
2018-02-20,20:00:00,15.581,15.59,15.52,15.54,877844,0
2018-02-20,21:00:00,15.549,15.5682,15.52,15.525,781345,0
2018-02-20,22:00:00,15.5225,15.54,15.49,15.54,1774711,0
2018-02-21,16:00:00,15.63,15.66,15.6,15.635,743567,0
2018-02-21,17:00:00,15.63,15.71,15.63,15.69,1664349,0
2018-02-21,18:00:00,15.7,15.715,15.67,15.68,848124,0
2018-02-21,19:00:00,15.68,15.72,15.661,15.71,506817,0
2018-02-21,20:00:00,15.711,15.72,15.632,15.65,696271,0
2018-02-21,21:00:00,15.65,15.81,15.625,15.63,3139224,0
2018-02-21,22:00:00,15.63,15.63,15.52,15.54,2501930,0
2018-02-22,16:00:00,15.63,15.67,15.601,15.615,593139,0
2018-02-22,17:00:00,15.615,15.695,15.615,15.6734,1125935,0
2018-02-22,18:00:00,15.68,15.715,15.67,15.69,728465,0
2018-02-22,19:00:00,15.6832,15.74,15.67,15.69,867803,0
2018-02-22,20:00:00,15.6936,15.6952,15.63,15.64,497036,0
2018-02-22,21:00:00,15.647,15.67,15.63,15.635,386992,0
2018-02-22,22:00:00,15.635,15.67,15.63,15.66,1303775,0
2018-02-23,16:00:00,15.62,15.63,15.56,15.59,699163,0
2018-02-23,17:00:00,15.5921,15.62,15.57,15.59,842979,0
2018-02-23,18:00:00,15.58,15.61,15.57,15.5955,606225,0
2018-02-23,19:00:00,15.5958,15.61,15.58,15.5927,314669,0
2018-02-23,20:00:00,15.6,15.6,15.5645,15.57,637954,0
2018-02-23,21:00:00,15.57,15.61,15.5699,15.6,375137,0
2018-02-23,22:00:00,15.6,15.62,15.58,15.59,681938,0
2018-02-26,16:00:00,15.67,15.69,15.55,15.6785,1545042,0
2018-02-26,17:00:00,15.68,15.69,15.63,15.6499,1255615,0
2018-02-26,18:00:00,15.6479,15.6799,15.64,15.64,473975,0
2018-02-26,19:00:00,15.645,15.685,15.63,15.68,220920,0
2018-02-26,20:00:00,15.68,15.69,15.64,15.65,318839,0
2018-02-26,21:00:00,15.65,15.67,15.6401,15.6652,304710,0
2018-02-26,22:00:00,15.665,15.69,15.65,15.68,612901,0
2018-02-27,16:00:00,15.64,15.65,15.57,15.57,675197,0
2018-02-27,17:00:00,15.57,15.59,15.39,15.45,2330920,0
2018-02-27,18:00:00,15.45,15.48,15.42,15.44,1320552,0
2018-02-27,19:00:00,15.44,15.49,15.4,15.47,975583,0
2018-02-27,20:00:00,15.469,15.5,15.46,15.495,674849,0
2018-02-27,21:00:00,15.4938,15.5,15.47,15.49,336364,0
2018-02-27,22:00:00,15.49,15.5,15.48,15.48,927348,0
2018-02-28,16:00:00,15.51,15.57,15.49,15.5,392179,0
2018-02-28,17:00:00,15.51,15.5348,15.47,15.5127,554422,0
2018-02-28,18:00:00,15.51,15.5462,15.5,15.54,416091,0
2018-02-28,19:00:00,15.54,15.5599,15.52,15.53,355108,0
2018-02-28,20:00:00,15.53,15.53,15.435,15.48,499915,0
2018-02-28,21:00:00,15.4728,15.4959,15.45,15.465,380722,0
2018-02-28,22:00:00,15.465,15.47,15.44,15.46,1149599,0
2018-03-01,16:00:00,15.33,15.33,15.27,15.2901,1071186,0
2018-03-01,17:00:00,15.29,15.405,15.23,15.33,2039077,0
2018-03-01,18:00:00,15.34,15.47,15.3101,15.4219,1099945,0
2018-03-01,19:00:00,15.42,15.46,15.4,15.42,615806,0
2018-03-01,20:00:00,15.425,15.43,15.33,15.36,693916,0
2018-03-01,21:00:00,15.35,15.5,15.35,15.489,1249879,0
2018-03-01,22:00:00,15.49,15.605,15.4801,15.54,2820565,0
2018-03-02,16:00:00,15.61,15.6298,15.54,15.555,1282641,0
2018-03-02,17:00:00,15.56,15.59,15.511,15.52,916581,0
2018-03-02,18:00:00,15.5201,15.55,15.4901,15.52,776173,0
2018-03-02,19:00:00,15.52,15.5352,15.501,15.5038,652122,0
2018-03-02,20:00:00,15.51,15.5699,15.4901,15.56,804397,0
2018-03-02,21:00:00,15.565,15.58,15.555,15.57,384851,0
2018-03-02,22:00:00,15.575,15.58,15.54,15.56,821217,0
2018-03-05,16:00:00,15.49,15.49,15.43,15.46,570823,0
2018-03-05,17:00:00,15.46,15.49,15.42,15.469,770128,0
2018-03-05,18:00:00,15.465,15.51,15.45,15.48,569417,0
2018-03-05,19:00:00,15.479,15.49,15.46,15.4641,406162,0
2018-03-05,20:00:00,15.47,15.48,15.43,15.435,305485,0
2018-03-05,21:00:00,15.435,15.4752,15.43,15.4752,339281,0
2018-03-05,22:00:00,15.475,15.49,15.46,15.49,754031,0
2018-03-06,16:00:00,15.69,15.76,15.68,15.75,977376,0
2018-03-06,17:00:00,15.76,15.86,15.75,15.831,2044955,0
2018-03-06,18:00:00,15.84,15.9,15.82,15.86,1638332,0
2018-03-06,19:00:00,15.86,15.87,15.785,15.79,768035,0
2018-03-06,20:00:00,15.785,15.82,15.78,15.795,836462,0
2018-03-06,21:00:00,15.8,15.825,15.8,15.8,612468,0
2018-03-06,22:00:00,15.805,15.81,15.77,15.78,2106317,0
2018-03-07,16:00:00,15.65,15.65,15.5702,15.608,1009004,0
2018-03-07,17:00:00,15.605,15.635,15.551,15.569,1422058,0
2018-03-07,18:00:00,15.56,15.57,15.5,15.5,1245544,0
2018-03-07,19:00:00,15.51,15.55,15.5,15.5252,923510,0
2018-03-07,20:00:00,15.53,15.5762,15.5238,15.5486,870978,0
2018-03-07,21:00:00,15.54,15.5479,15.49,15.52,913369,0
2018-03-07,22:00:00,15.52,15.54,15.5049,15.53,1587946,0
2018-03-08,16:00:00,15.55,15.57,15.49,15.5262,855219,0
2018-03-08,17:00:00,15.51,15.5457,15.49,15.5,734063,0
2018-03-08,18:00:00,15.49,15.5612,15.49,15.5485,988834,0
2018-03-08,19:00:00,15.54,15.55,15.51,15.54,969837,0
2018-03-08,20:00:00,15.5341,15.56,15.52,15.545,776105,0
2018-03-08,21:00:00,15.55,15.57,15.52,15.555,934732,0
2018-03-08,22:00:00,15.55,15.57,15.54,15.55,1405096,0
2018-03-09,16:00:00,15.5,15.62,15.47,15.61,1101943,0
2018-03-09,17:00:00,15.62,15.68,15.59,15.67,1447446,0
2018-03-09,18:00:00,15.68,15.72,15.6533,15.701,1023252,0
2018-03-09,19:00:00,15.7,15.74,15.64,15.64,1046715,0
2018-03-09,20:00:00,15.644,15.6555,15.621,15.635,718465,0
2018-03-09,21:00:00,15.635,15.6799,15.635,15.65,524918,0
2018-03-09,22:00:00,15.65,15.66,15.621,15.63,968098,0
2018-03-12,15:00:00,15.54,15.56,15.52,15.5275,626714,0
2018-03-12,16:00:00,15.52,15.5835,15.51,15.58,1161478,0
2018-03-12,17:00:00,15.5888,15.6,15.53,15.54,889799,0
2018-03-12,18:00:00,15.545,15.56,15.5242,15.55,324723,0
2018-03-12,19:00:00,15.545,15.5892,15.54,15.57,387830,0
2018-03-12,20:00:00,15.566,15.62,15.561,15.61,675761,0
2018-03-12,21:00:00,15.6028,15.615,15.59,15.61,766572,0
2018-03-13,15:00:00,15.63,15.6699,15.62,15.64,513263,0
2018-03-13,16:00:00,15.64,15.6633,15.53,15.605,2231081,0
2018-03-13,17:00:00,15.61,15.67,15.59,15.635,896039,0
2018-03-13,18:00:00,15.64,15.66,15.61,15.66,367971,0
2018-03-13,19:00:00,15.66,15.68,15.6401,15.65,497814,0
2018-03-13,20:00:00,15.651,15.67,15.64,15.66,333757,0
2018-03-13,21:00:00,15.655,15.66,15.6025,15.61,1207471,0
2018-03-14,15:00:00,15.61,15.6299,15.6,15.615,348510,0
2018-03-14,16:00:00,15.615,15.63,15.57,15.61,860905,0
2018-03-14,17:00:00,15.61,15.6123,15.565,15.59,701193,0
2018-03-14,18:00:00,15.59,15.6066,15.57,15.57,501268,0
2018-03-14,19:00:00,15.575,15.6,15.56,15.59,372997,0
2018-03-14,20:00:00,15.59,15.6,15.58,15.5938,327547,0
2018-03-14,21:00:00,15.595,15.61,15.585,15.61,849889,0
2018-03-15,15:00:00,15.52,15.52,15.47,15.49,905568,0
2018-03-15,16:00:00,15.49,15.5,15.43,15.465,1370022,0
2018-03-15,17:00:00,15.47,15.5052,15.45,15.46,789960,0
2018-03-15,18:00:00,15.4624,15.495,15.44,15.465,474662,0
2018-03-15,19:00:00,15.47,15.51,15.46,15.5,359634,0
2018-03-15,20:00:00,15.5,15.5,15.4349,15.439,396006,0
2018-03-15,21:00:00,15.44,15.46,15.43,15.45,1341832,0
2018-03-16,15:00:00,15.46,15.48,15.41,15.425,653622,0
2018-03-16,16:00:00,15.42,15.42,15.285,15.3,1792194,0
2018-03-16,17:00:00,15.3,15.34,15.28,15.33,993520,0
2018-03-16,18:00:00,15.33,15.37,15.33,15.365,544622,0
2018-03-16,19:00:00,15.365,15.39,15.335,15.385,428009,0
2018-03-16,20:00:00,15.385,15.39,15.36,15.365,391222,0
2018-03-16,21:00:00,15.365,15.405,15.36,15.395,1732646,0
2018-03-19,15:00:00,15.36,15.39,15.34,15.36,420940,0
2018-03-19,16:00:00,15.366,15.38,15.31,15.34,1042826,0
2018-03-19,17:00:00,15.34,15.4,15.32,15.39,816834,0
2018-03-19,18:00:00,15.38,15.42,15.37,15.385,762451,0
2018-03-19,19:00:00,15.385,15.4,15.37,15.39,595141,0
2018-03-19,20:00:00,15.394,15.41,15.38,15.4066,435861,0
2018-03-19,21:00:00,15.41,15.41,15.38,15.39,662080,0
2018-03-20,15:00:00,15.33,15.33,15.23,15.26,1428742,0
2018-03-20,16:00:00,15.26,15.27,15.19,15.22,1127529,0
2018-03-20,17:00:00,15.22,15.265,15.211,15.24,1502302,0
2018-03-20,18:00:00,15.25,15.27,15.24,15.245,460884,0
2018-03-20,19:00:00,15.25,15.28,15.24,15.27,538518,0
2018-03-20,20:00:00,15.269,15.28,15.26,15.279,435690,0
2018-03-20,21:00:00,15.27,15.28,15.25,15.27,1417462,0
2018-03-21,15:00:00,15.51,15.53,15.4547,15.46,1491826,0
2018-03-21,16:00:00,15.465,15.5,15.42,15.491,918369,0
2018-03-21,17:00:00,15.5,15.58,15.46,15.52,1526275,0
2018-03-21,18:00:00,15.525,15.53,15.47,15.501,550502,0
2018-03-21,19:00:00,15.51,15.52,15.46,15.51,565317,0
2018-03-21,20:00:00,15.51,15.645,15.45,15.63,3156534,0
2018-03-21,21:00:00,15.63,15.71,15.62,15.65,4211522,0
2018-03-22,15:00:00,15.52,15.525,15.475,15.515,957749,0
2018-03-22,16:00:00,15.519,15.535,15.475,15.48,1472313,0
2018-03-22,17:00:00,15.48,15.49,15.42,15.43,2553320,0
2018-03-22,18:00:00,15.4366,15.46,15.4,15.45,1814042,0
2018-03-22,19:00:00,15.446,15.47,15.425,15.4578,1167180,0
2018-03-22,20:00:00,15.46,15.47,15.44,15.45,476104,0
2018-03-22,21:00:00,15.447,15.47,15.44,15.44,1933447,0
2018-03-23,15:00:00,15.68,15.69,15.57,15.65,1684790,0
2018-03-23,16:00:00,15.65,15.71,15.615,15.63,1909652,0
2018-03-23,17:00:00,15.64,15.64,15.58,15.62,1300837,0
2018-03-23,18:00:00,15.62,15.64,15.605,15.6249,1027044,0
2018-03-23,19:00:00,15.63,15.64,15.591,15.61,1102629,0
2018-03-23,20:00:00,15.61,15.63,15.6,15.61,658048,0
2018-03-23,21:00:00,15.61,15.61,15.58,15.58,1303163,0
2018-03-26,16:00:00,15.73,15.81,15.72,15.78,1414766,0
2018-03-26,17:00:00,15.78,15.82,15.75,15.775,1481969,0
2018-03-26,18:00:00,15.78,15.8,15.77,15.7799,955395,0
2018-03-26,19:00:00,15.77,15.78,15.71,15.75,1508767,0
2018-03-26,20:00:00,15.75,15.759,15.71,15.7301,653955,0
2018-03-26,21:00:00,15.73,15.75,15.72,15.74,692511,0
2018-03-26,22:00:00,15.74,15.749,15.71,15.72,1549535,0
2018-03-27,16:00:00,15.62,15.63,15.57,15.6,1969990,0
2018-03-27,17:00:00,15.61,15.6343,15.52,15.531,1734258,0
2018-03-27,18:00:00,15.5363,15.585,15.52,15.585,946929,0
2018-03-27,19:00:00,15.585,15.62,15.57,15.6037,729396,0
2018-03-27,20:00:00,15.6,15.61,15.57,15.58,471749,0
2018-03-27,21:00:00,15.58,15.6,15.57,15.575,684462,0
2018-03-27,22:00:00,15.575,15.59,15.55,15.57,1599806,0
2018-03-28,16:00:00,15.43,15.43,15.38,15.41,1200357,0
2018-03-28,17:00:00,15.4,15.4199,15.3201,15.35,1985506,0
2018-03-28,18:00:00,15.35,15.38,15.33,15.36,1030641,0
2018-03-28,19:00:00,15.36,15.37,15.33,15.36,581948,0
2018-03-28,20:00:00,15.36,15.37,15.33,15.35,663977,0
2018-03-28,21:00:00,15.355,15.36,15.32,15.341,939833,0
2018-03-28,22:00:00,15.349,15.37,15.34,15.36,2155092,0
2018-03-29,16:00:00,15.31,15.38,15.3,15.3385,785792,0
2018-03-29,17:00:00,15.34,15.4,15.33,15.37,1404678,0
2018-03-29,18:00:00,15.375,15.4061,15.345,15.375,999770,0
2018-03-29,19:00:00,15.38,15.39,15.35,15.36,562777,0
2018-03-29,20:00:00,15.365,15.395,15.34,15.39,508548,0
2018-03-29,21:00:00,15.3938,15.4299,15.39,15.415,564085,0
2018-03-29,22:00:00,15.419,15.43,15.41,15.41,881226,0
