Date,Time,Open,High,Low,Close,Volume,OpenInt
2017-08-29,16:00:00,199.73,200.45,199.73,200.45,734,0
2017-08-29,17:00:00,199.6,200.3,199.6,200.3,378,0
2017-08-29,19:00:00,200.48,201.3,200.48,201.3,563,0
2017-08-29,20:00:00,201.28,201.47,201.24,201.24,2061,0
2017-08-29,21:00:00,201.13,201.42,201.13,201.13,373,0
2017-08-29,22:00:00,201.39,201.68,201.3,201.37,8900,0
2017-08-30,16:00:00,201.18,201.43,201.18,201.43,650,0
2017-08-30,17:00:00,201.58,201.76,201.58,201.76,427,0
2017-08-30,18:00:00,202.22,202.22,201.87,202.11,968,0
2017-08-30,19:00:00,202.09,202.2,201.99,202.2,6573,0
2017-08-30,20:00:00,202.51,202.56,202.51,202.56,428,0
2017-08-30,21:00:00,202.33,202.33,202.01,202.19,3741,0
2017-08-30,22:00:00,202.51,202.77,202.22,202.48,3119,0
2017-08-31,16:00:00,203.36,203.55,203.36,203.46,2058,0
2017-08-31,17:00:00,203.56,203.58,203.56,203.58,330,0
2017-08-31,18:00:00,203.87,204.66,203.87,204.53,741,0
2017-08-31,19:00:00,204.53,204.53,204.49,204.49,470,0
2017-08-31,20:00:00,204.32,204.32,204.32,204.32,185,0
2017-08-31,21:00:00,204.26,204.26,204.18,204.18,284,0
2017-08-31,22:00:00,204.31,204.55,204.18,204.32,22263,0
2017-09-01,16:00:00,204.74,205.17,204.74,205.17,816,0
2017-09-01,18:00:00,205.02,205.19,204.95,205.19,583,0
2017-09-01,19:00:00,205.09,205.41,205.09,205.38,2837,0
2017-09-01,20:00:00,205.5,205.67,205.17,205.56,8968,0
2017-09-01,21:00:00,205.36,205.36,205.3,205.3,597,0
2017-09-01,22:00:00,205.32,205.88,205.32,205.74,3626,0
2017-09-05,16:00:00,205.41,205.91,205.41,205.9,5879,0
2017-09-05,17:00:00,205.31,205.31,204.79,204.79,315,0
2017-09-05,18:00:00,204.99,205.35,204.65,204.8,1554,0
2017-09-05,19:00:00,204.96,204.96,203.14,203.18,2200,0
2017-09-05,20:00:00,202.83,203.31,202.83,203.15,968,0
2017-09-05,21:00:00,203.29,203.5,203.19,203.39,1061,0
2017-09-05,22:00:00,203.38,203.74,203.33,203.49,7093,0
2017-09-06,16:00:00,204.74,204.74,204.74,204.74,273,0
2017-09-06,17:00:00,204.55,204.55,204.49,204.49,292,0
2017-09-06,18:00:00,203.57,203.57,203.57,203.57,928,0
2017-09-06,19:00:00,203.69,203.7,203.67,203.67,636,0
2017-09-06,20:00:00,204.36,204.56,204.36,204.56,2672,0
2017-09-06,21:00:00,204.46,204.46,204.08,204.08,1013,0
2017-09-06,22:00:00,204.31,204.43,203.82,204.14,12646,0
2017-09-07,16:00:00,204.27,204.27,203.52,203.52,377,0
2017-09-07,17:00:00,202.69,202.69,202.69,202.69,256,0
2017-09-07,18:00:00,203.65,203.65,202.69,202.69,810,0
2017-09-07,19:00:00,202.81,203.22,202.81,203.22,498,0
2017-09-07,20:00:00,202.96,203.17,202.96,203,908,0
2017-09-07,21:00:00,202.97,202.97,202.97,202.97,104,0
2017-09-07,22:00:00,202.81,203.24,202.7,203.24,4594,0
2017-09-08,16:00:00,202.89,203.29,202.44,202.52,1641,0
2017-09-08,17:00:00,203.49,203.77,203.49,203.61,1001,0
2017-09-08,18:00:00,204.55,204.55,204.03,204.03,684,0
2017-09-08,19:00:00,204.26,204.26,203.53,203.95,1998,0
2017-09-08,20:00:00,203.84,203.84,203.77,203.79,615,0
2017-09-08,21:00:00,203.73,203.95,203.72,203.78,1880,0
2017-09-08,22:00:00,204.03,204.04,203.36,203.6,1828,0
2017-09-11,16:00:00,205.16,205.78,205.16,205.78,2629,0
2017-09-11,17:00:00,205.66,205.76,205.66,205.76,209,0
2017-09-11,18:00:00,205.48,205.83,205.29,205.83,660,0
2017-09-11,19:00:00,205.82,205.96,205.69,205.96,709,0
2017-09-11,20:00:00,205.86,205.91,205.86,205.91,252,0
2017-09-11,21:00:00,205.99,205.99,205.83,205.93,524,0
2017-09-11,22:00:00,205.92,205.97,205.91,205.93,3049,0
2017-09-12,16:00:00,206.34,206.41,206.34,206.41,699,0
2017-09-12,17:00:00,206.7,206.74,206.63,206.74,577,0
2017-09-12,18:00:00,207.11,207.15,207.08,207.15,419,0
2017-09-12,19:00:00,207.18,207.18,207.11,207.11,322,0
2017-09-12,20:00:00,207.19,207.19,207.19,207.19,109,0
2017-09-12,21:00:00,206.93,207.1,206.93,207.1,804,0
2017-09-12,22:00:00,207.12,207.46,206.87,207.45,3914,0
2017-09-13,16:00:00,207.28,207.37,207.18,207.18,1594,0
2017-09-13,17:00:00,207.42,207.84,207.42,207.84,473,0
2017-09-13,18:00:00,208.01,208.01,207.95,207.95,321,0
2017-09-13,21:00:00,207.99,208.07,207.99,208.07,465,0
2017-09-13,22:00:00,207.88,207.98,207.73,207.92,5554,0
2017-09-14,16:00:00,207.84,207.84,207.54,207.65,635,0
2017-09-14,17:00:00,207.81,208.16,207.81,207.95,900,0
2017-09-14,19:00:00,208.01,208.11,207.7,208.11,1175,0
2017-09-14,20:00:00,207.73,207.73,207.31,207.53,5965,0
2017-09-14,21:00:00,207.4,207.69,207.4,207.69,3557,0
2017-09-14,22:00:00,207.52,207.77,207.17,207.77,3387,0
2017-09-15,16:00:00,207.58,207.58,207.58,207.58,287,0
2017-09-15,17:00:00,208.16,208.16,208.16,208.16,104,0
2017-09-15,18:00:00,208.31,208.31,208.22,208.22,524,0
2017-09-15,19:00:00,208.25,208.25,208.25,208.25,208,0
2017-09-15,20:00:00,208.49,208.49,208.22,208.22,314,0
2017-09-15,21:00:00,208.53,208.53,208.09,208.21,691,0
2017-09-15,22:00:00,208.05,208.86,208.02,208.8,4045,0
2017-09-18,16:00:00,209,209,209,209,494,0
2017-09-18,18:00:00,209.79,210.18,209.79,210.18,631,0
2017-09-18,19:00:00,210.51,210.51,210.51,210.51,227,0
2017-09-18,20:00:00,210.37,210.37,210.37,210.37,113,0
2017-09-18,21:00:00,210.56,210.67,210.55,210.67,314,0
2017-09-18,22:00:00,210.48,210.74,210.22,210.55,2336,0
2017-09-19,16:00:00,210.57,210.57,210.3,210.3,495,0
2017-09-19,17:00:00,210.08,210.33,210.08,210.25,469,0
2017-09-19,18:00:00,209.93,209.95,209.69,209.69,626,0
2017-09-19,19:00:00,209.98,209.98,209.66,209.66,576,0
2017-09-19,20:00:00,209.81,209.97,209.81,209.97,314,0
2017-09-19,21:00:00,209.9,210.18,209.9,210.01,345,0
2017-09-19,22:00:00,209.9,210.09,209.8,209.8,3403,0
2017-09-20,16:00:00,210.19,210.19,209.81,209.94,891,0
2017-09-20,17:00:00,209.83,210.03,209.83,209.97,361,0
2017-09-20,19:00:00,210.42,210.48,210.42,210.48,770,0
2017-09-20,20:00:00,210.34,210.34,210.2,210.2,418,0
2017-09-20,21:00:00,210.37,210.78,210.13,210.78,841,0
2017-09-20,22:00:00,210.65,210.65,210.13,210.23,1255,0
2017-09-21,16:00:00,210.4,210.4,209.92,209.92,869,0
2017-09-21,17:00:00,210.12,210.12,210.12,210.12,208,0
2017-09-21,18:00:00,210.49,210.98,210.49,210.52,506,0
2017-09-21,19:00:00,210.57,210.97,210.57,210.97,314,0
2017-09-21,20:00:00,210.79,210.87,210.73,210.82,1166,0
2017-09-21,21:00:00,210.82,210.82,210.82,210.82,104,0
2017-09-21,22:00:00,210.69,210.92,210.31,210.31,2018,0
2017-09-22,16:00:00,210.15,210.15,210.15,210.15,191,0
2017-09-22,17:00:00,211.58,211.96,211.58,211.72,1540,0
2017-09-22,18:00:00,211.73,211.73,211.35,211.4,2810,0
2017-09-22,19:00:00,211.43,211.57,211.43,211.56,1424,0
2017-09-22,21:00:00,211.72,211.74,211.5,211.74,699,0
2017-09-22,22:00:00,211.7,211.73,211.42,211.47,14939,0
2017-09-25,16:00:00,211.29,211.51,211.29,211.51,698,0
2017-09-25,17:00:00,211.71,211.81,211.71,211.81,321,0
2017-09-25,18:00:00,210.64,211.3,210.53,211.3,703,0
2017-09-25,19:00:00,210.84,211.01,210.51,211.01,1524,0
2017-09-25,20:00:00,211.02,211.35,210.86,211.08,1488,0
2017-09-25,22:00:00,211.61,211.61,211.12,211.39,4852,0
2017-09-26,16:00:00,212.23,212.23,211.96,211.96,779,0
2017-09-26,17:00:00,212.15,212.31,212.12,212.31,4406,0
2017-09-26,19:00:00,212.37,212.37,212.33,212.33,626,0
2017-09-26,20:00:00,212.29,212.89,212.29,212.72,1241,0
2017-09-26,21:00:00,212.86,212.88,212.65,212.88,5714,0
2017-09-26,22:00:00,212.79,212.93,212.25,212.65,1424,0
2017-09-27,16:00:00,213.79,213.98,213.69,213.69,843,0
2017-09-27,19:00:00,213.72,215.1,213.72,215.1,2608,0
2017-09-27,20:00:00,215.78,216.45,215.77,216.42,823,0
2017-09-27,22:00:00,217.19,217.6,216.99,216.99,3722,0
2017-09-28,16:00:00,216.99,217.62,216.4,216.4,2088,0
2017-09-28,17:00:00,216.53,216.57,216.53,216.57,304,0
2017-09-28,18:00:00,216.27,216.59,216.27,216.59,1744,0
2017-09-28,19:00:00,216.72,216.72,216.72,216.72,135,0
2017-09-28,20:00:00,217.28,217.28,217.28,217.28,129,0
2017-09-28,21:00:00,217.47,217.47,217.39,217.39,574,0
2017-09-28,22:00:00,217.49,217.8,217.41,217.8,1909,0
2017-09-29,16:00:00,217.98,217.98,217.98,217.98,492,0
2017-09-29,17:00:00,218.04,218.04,217.87,217.9,510,0
2017-09-29,18:00:00,218.33,218.84,218.33,218.66,1538,0
2017-09-29,19:00:00,218.45,218.45,218.45,218.45,337,0
2017-09-29,20:00:00,218.85,218.85,218.5,218.51,13269,0
2017-09-29,21:00:00,218.46,218.83,218.46,218.83,26449,0
2017-09-29,22:00:00,218.66,218.66,218.34,218.34,1164,0
2017-10-02,16:00:00,219.09,219.25,218.96,219.25,4226,0
2017-10-02,17:00:00,219.85,220.17,219.45,219.45,2561,0
2017-10-02,18:00:00,219.46,219.46,219.18,219.41,3026,0
2017-10-02,19:00:00,219.27,220.05,219.25,220.05,1603,0
2017-10-02,20:00:00,220.46,220.46,220.36,220.36,4584,0
2017-10-02,21:00:00,220.69,221.07,220.68,221.06,6102,0
2017-10-02,22:00:00,220.51,221.85,220.51,221.85,6339,0
2017-10-03,16:00:00,222.46,222.46,221.75,221.85,1459,0
2017-10-03,17:00:00,221.22,221.22,220.84,220.84,2743,0
2017-10-03,18:00:00,221.03,221.03,220.75,220.75,490,0
2017-10-03,19:00:00,220.82,221.15,220.73,220.82,5304,0
2017-10-03,20:00:00,220.88,221.19,220.88,221.19,8196,0
2017-10-03,21:00:00,221.35,221.78,221.29,221.67,13217,0
2017-10-03,22:00:00,221.69,222.07,221.58,221.93,2854,0
2017-10-04,16:00:00,221.72,221.87,221.51,221.51,3281,0
2017-10-04,17:00:00,221.65,221.72,221.65,221.72,366,0
2017-10-04,18:00:00,221.83,222.04,221.83,221.95,6577,0
2017-10-04,19:00:00,222.26,222.26,221.51,221.51,2123,0
2017-10-04,20:00:00,221.81,221.89,221.23,221.32,5976,0
2017-10-04,21:00:00,221.1,221.33,221.1,221.33,1052,0
2017-10-04,22:00:00,221.57,221.68,220.94,221.39,1674,0
2017-10-05,16:00:00,221.85,221.85,221.5,221.5,451,0
2017-10-05,18:00:00,221.51,221.97,221.51,221.97,983,0
2017-10-05,19:00:00,222.26,222.26,221.76,221.81,1739,0
2017-10-05,20:00:00,221.57,221.88,221.57,221.88,723,0
2017-10-05,21:00:00,221.42,221.77,221.42,221.45,11312,0
2017-10-05,22:00:00,221.42,221.67,221.42,221.67,7169,0
2017-10-06,16:00:00,221.6,221.61,220.56,221.56,1697,0
2017-10-06,17:00:00,221.67,221.69,221.32,221.32,1952,0
2017-10-06,18:00:00,221.2,221.43,220.94,221.02,1248,0
2017-10-06,19:00:00,221.18,221.62,220.67,221.57,1700,0
2017-10-06,20:00:00,221.32,221.39,221.23,221.39,1148,0
2017-10-06,21:00:00,221.35,221.64,221.32,221.58,2700,0
2017-10-06,22:00:00,221.46,221.75,221.38,221.44,3569,0
2017-10-09,17:00:00,220.98,221.04,220.98,221.04,314,0
2017-10-09,18:00:00,220.94,221.08,220.94,221.06,731,0
2017-10-09,19:00:00,221.18,221.18,220.52,220.52,2376,0
2017-10-09,20:00:00,220.52,220.72,220.52,220.72,555,0
2017-10-09,21:00:00,220.66,220.66,220.45,220.61,882,0
2017-10-09,22:00:00,220.48,220.59,220.3,220.56,3111,0
2017-10-10,16:00:00,221.27,221.83,221.27,221.37,883,0
2017-10-10,17:00:00,221.04,221.12,220.96,221.12,406,0
2017-10-10,18:00:00,221.25,221.25,220.93,220.93,418,0
2017-10-10,19:00:00,220.66,220.66,220.61,220.61,522,0
2017-10-10,20:00:00,220.91,220.91,220.2,220.49,4823,0
2017-10-10,21:00:00,220.38,220.51,220.38,220.51,638,0
2017-10-10,22:00:00,220.72,220.94,220.72,220.94,12738,0
2017-10-11,16:00:00,220.7,221.22,220.7,221.22,1401,0
2017-10-11,17:00:00,220.66,220.98,220.66,220.75,859,0
2017-10-11,18:00:00,220.94,220.97,220.92,220.97,428,0
2017-10-11,19:00:00,220.93,221,220.77,220.77,2947,0
2017-10-11,20:00:00,220.53,220.56,220.53,220.56,858,0
2017-10-11,21:00:00,220.59,220.61,220.24,220.56,1748,0
2017-10-11,22:00:00,220.41,220.65,220.34,220.51,3529,0
2017-10-12,16:00:00,220.06,220.06,219.59,219.6,1251,0
2017-10-12,17:00:00,220.58,220.58,220.12,220.39,1026,0
2017-10-12,18:00:00,220.81,220.81,220.59,220.59,253,0
2017-10-12,19:00:00,220.41,220.41,220.36,220.36,730,0
2017-10-12,20:00:00,220.52,220.63,220.52,220.63,2045,0
2017-10-12,21:00:00,220.6,220.69,220.37,220.44,14343,0
2017-10-12,22:00:00,220.65,220.65,220.1,220.19,1354,0
2017-10-13,16:00:00,220.63,220.63,220.63,220.63,622,0
2017-10-13,17:00:00,220.76,220.8,220.67,220.68,1052,0
2017-10-13,18:00:00,220.68,220.68,219.92,219.92,840,0
2017-10-13,19:00:00,220.16,220.16,219.85,220.14,961,0
2017-10-13,20:00:00,220.16,220.16,219.99,219.99,275,0
2017-10-13,21:00:00,220.09,220.09,219.89,219.89,334,0
2017-10-13,22:00:00,219.83,219.96,219.71,219.96,765,0
2017-10-16,16:00:00,220.12,220.37,220.12,220.37,620,0
2017-10-16,17:00:00,220.12,220.12,219.87,219.87,292,0
2017-10-16,18:00:00,219.9,219.9,219.75,219.75,557,0
2017-10-16,19:00:00,219.44,219.58,219.44,219.58,240,0
2017-10-16,20:00:00,220.2,220.2,220.2,220.2,1708,0
2017-10-16,21:00:00,219.83,219.83,219.74,219.74,423,0
2017-10-16,22:00:00,219.77,219.82,219.77,219.82,2007,0
2017-10-17,16:00:00,219.56,219.56,219.56,219.56,442,0
2017-10-17,17:00:00,220.12,220.12,219.37,219.37,766,0
2017-10-17,18:00:00,220.49,220.49,219.9,220.05,1061,0
2017-10-17,19:00:00,220.11,220.11,219.83,219.83,441,0
2017-10-17,20:00:00,219.59,219.59,219.28,219.28,730,0
2017-10-17,21:00:00,219.18,219.23,219.18,219.23,909,0
2017-10-17,22:00:00,219.27,219.31,218.82,218.91,3044,0
2017-10-18,16:00:00,219.8,219.8,219.79,219.79,502,0
2017-10-18,18:00:00,219.99,220.23,219.97,219.97,418,0
2017-10-18,19:00:00,220.59,220.67,220.59,220.67,286,0
2017-10-18,20:00:00,220.88,220.92,220.87,220.92,445,0
2017-10-18,21:00:00,220.92,221.07,220.73,220.8,1694,0
2017-10-18,22:00:00,220.84,220.9,220.37,220.51,1788,0
2017-10-19,16:00:00,219.33,219.33,217.98,217.98,1485,0
2017-10-19,17:00:00,218.6,219.39,218.6,219.3,710,0
2017-10-19,18:00:00,219.47,219.47,219.24,219.4,378,0
2017-10-19,19:00:00,218.86,219.12,218.86,219,389,0
2017-10-19,20:00:00,219.19,219.86,219.19,219.55,1365,0
2017-10-19,21:00:00,219.67,220.06,219.67,219.9,11999,0
2017-10-19,22:00:00,220.04,220.26,219.96,220.26,1450,0
2017-10-20,16:00:00,221.29,221.32,221.29,221.32,976,0
2017-10-20,17:00:00,221.85,221.85,221.38,221.62,1357,0
2017-10-20,18:00:00,221.53,221.63,221.41,221.41,407,0
2017-10-20,19:00:00,221.63,221.63,221.62,221.62,208,0
2017-10-20,20:00:00,221.51,221.55,221.47,221.47,620,0
2017-10-20,21:00:00,221.38,221.6,221.38,221.52,1198,0
2017-10-20,22:00:00,221.43,221.57,220.97,221.2,4890,0
2017-10-23,16:00:00,221.48,221.49,221.06,221.49,1779,0
2017-10-23,17:00:00,220.53,220.98,220.53,220.63,1143,0
2017-10-23,18:00:00,220.53,220.59,220.48,220.59,447,0
2017-10-23,20:00:00,220.9,220.9,220.68,220.71,1105,0
2017-10-23,21:00:00,220.26,220.4,220.26,220.4,613,0
2017-10-23,22:00:00,220.23,220.39,219.84,219.84,2031,0
2017-10-24,16:00:00,221.24,221.32,221.24,221.26,431,0
2017-10-24,17:00:00,221.12,221.51,220.98,221.06,443,0
2017-10-24,18:00:00,221.03,221.1,220.88,221.04,775,0
2017-10-24,19:00:00,221.15,221.15,221.15,221.15,116,0
2017-10-24,20:00:00,221.39,221.56,221.39,221.49,555,0
2017-10-24,21:00:00,221.21,221.58,221.21,221.58,465,0
2017-10-24,22:00:00,221.34,221.34,220.85,221.14,2684,0
2017-10-25,16:00:00,220.61,220.8,220.05,220.05,1307,0
2017-10-25,17:00:00,219.67,219.96,219.41,219.41,1273,0
2017-10-25,18:00:00,218.52,219.06,218.08,219.03,1158,0
2017-10-25,19:00:00,218.17,218.61,217.96,218.61,1061,0
2017-10-25,20:00:00,219.25,219.25,219.25,219.25,104,0
2017-10-25,21:00:00,219.59,219.72,219.31,219.31,926,0
2017-10-25,22:00:00,219.39,219.61,219.25,219.25,7762,0
2017-10-26,16:00:00,219.76,220.58,219.76,220.41,1268,0
2017-10-26,17:00:00,220.09,220.57,220.09,220.57,608,0
2017-10-26,18:00:00,220.73,220.73,220.36,220.36,602,0
2017-10-26,19:00:00,220.34,220.34,219.92,219.92,226,0
2017-10-26,20:00:00,220.15,220.62,220.15,220.62,216,0
2017-10-26,21:00:00,220.44,220.46,220.24,220.24,759,0
2017-10-26,22:00:00,220.08,220.3,219.99,220.3,1471,0
2017-10-27,16:00:00,220.32,220.32,219.87,219.87,1432,0
2017-10-27,17:00:00,220.01,220.01,219.73,219.73,433,0
2017-10-27,18:00:00,220.27,221.03,220.27,221.03,567,0
2017-10-27,19:00:00,221.52,221.52,221.32,221.45,1438,0
2017-10-27,20:00:00,221.42,221.42,221.42,221.42,113,0
2017-10-27,21:00:00,221.51,221.51,221.51,221.51,133,0
2017-10-27,22:00:00,221.52,221.94,221.51,221.86,1918,0
2017-10-30,15:00:00,221.13,221.13,220.05,220.05,3496,0
2017-10-30,16:00:00,220.29,220.36,219.93,219.93,840,0
2017-10-30,17:00:00,219.89,220.24,218.92,218.92,2001,0
2017-10-30,18:00:00,219.01,219.01,218.92,218.92,550,0
2017-10-30,19:00:00,218.73,218.79,217.77,217.77,691,0
2017-10-30,20:00:00,217.66,218.37,217.66,218.37,5382,0
2017-10-30,21:00:00,219.01,219.07,218.75,218.75,1216,0
2017-10-31,15:00:00,219.49,219.9,219.49,219.9,767,0
2017-10-31,16:00:00,220.66,221.22,220.64,221.22,713,0
2017-10-31,17:00:00,221.37,221.37,221.17,221.24,522,0
2017-10-31,18:00:00,221.14,221.43,221.14,221.43,499,0
2017-10-31,19:00:00,221.52,221.52,221.37,221.48,515,0
2017-10-31,20:00:00,221.72,222.07,221.72,222.07,1520,0
2017-10-31,21:00:00,222.07,222.07,221.21,221.21,3748,0
2017-11-01,15:00:00,223.17,223.17,222.46,222.46,1025,0
2017-11-01,16:00:00,222.24,222.24,220.86,221.18,1618,0
2017-11-01,17:00:00,220.99,220.99,219.63,219.63,1479,0
2017-11-01,18:00:00,219.63,219.95,219.35,219.58,1476,0
2017-11-01,20:00:00,219.55,219.82,219.22,219.76,6270,0
2017-11-01,21:00:00,219.89,220.31,219.81,220.06,4631,0
2017-11-02,15:00:00,219.98,219.98,218.91,218.91,1463,0
2017-11-02,16:00:00,218.83,218.83,218.35,218.74,1211,0
2017-11-02,17:00:00,218.97,219.06,218.68,218.7,2040,0
2017-11-02,18:00:00,219.44,219.89,219.44,219.76,569,0
2017-11-02,19:00:00,219.43,219.58,219.23,219.33,1044,0
2017-11-02,20:00:00,219.21,219.54,219.07,219.07,1271,0
2017-11-02,21:00:00,219.08,219.78,218.98,219.73,6269,0
2017-11-03,15:00:00,218.76,218.76,217.66,217.66,3058,0
2017-11-03,16:00:00,218.36,218.45,218.17,218.18,2161,0
2017-11-03,17:00:00,218.35,218.48,218.17,218.17,866,0
2017-11-03,18:00:00,218.38,218.38,218.16,218.16,1868,0
2017-11-03,19:00:00,218.48,218.48,218.48,218.48,104,0
2017-11-03,20:00:00,218.39,218.45,217.94,218.17,1797,0
2017-11-03,21:00:00,218.23,218.41,217.99,218.21,2534,0
2017-11-06,16:00:00,218.37,218.37,218.22,218.22,749,0
2017-11-06,17:00:00,218.58,218.74,218.41,218.6,630,0
2017-11-06,18:00:00,218.12,218.24,218.1,218.24,467,0
2017-11-06,19:00:00,218.03,218.47,218.03,218.4,911,0
2017-11-06,20:00:00,218.91,218.91,218.48,218.57,443,0
2017-11-06,21:00:00,218.55,218.6,218.5,218.55,802,0
2017-11-06,22:00:00,218.58,218.94,218.58,218.6,3150,0
2017-11-07,16:00:00,218.61,218.61,218.61,218.61,553,0
2017-11-07,17:00:00,218.4,218.4,216.82,216.82,3304,0
2017-11-07,19:00:00,216.18,216.18,216.14,216.14,224,0
2017-11-07,20:00:00,216.18,216.52,216.18,216.52,1147,0
2017-11-07,21:00:00,216.5,216.76,216.43,216.76,852,0
2017-11-07,22:00:00,216.13,216.25,215.81,216.18,4256,0
2017-11-08,16:00:00,215.83,215.83,215.75,215.75,3873,0
2017-11-08,17:00:00,216.45,216.45,215.52,215.52,1259,0
2017-11-08,18:00:00,216.14,216.14,215.64,215.7,809,0
2017-11-08,19:00:00,216.21,216.86,216.16,216.86,559,0
2017-11-08,20:00:00,216.65,217.13,216.65,217.13,1949,0
2017-11-08,21:00:00,217.14,217.14,217.14,217.14,179,0
2017-11-08,22:00:00,217.51,217.71,217.39,217.39,7731,0
2017-11-09,16:00:00,216.04,216.04,215.23,215.23,683,0
2017-11-09,17:00:00,215.53,215.53,215.53,215.53,332,0
2017-11-09,19:00:00,214.95,214.95,214.44,214.44,1510,0
2017-11-09,20:00:00,214.65,215.51,214.65,215.3,1324,0
2017-11-09,21:00:00,215.77,215.77,215.68,215.68,656,0
2017-11-09,22:00:00,215.66,216.23,215.55,215.95,3380,0
2017-11-10,16:00:00,215.77,216.92,215.77,216.92,1996,0
2017-11-10,17:00:00,216.21,216.89,216.21,216.89,299,0
2017-11-10,18:00:00,216.61,216.81,216.54,216.68,1353,0
2017-11-10,19:00:00,216.81,216.81,216.57,216.58,722,0
2017-11-10,20:00:00,216.32,216.32,216.1,216.31,1444,0
2017-11-10,21:00:00,216.99,216.99,216.69,216.69,456,0
2017-11-10,22:00:00,216.91,216.95,216.29,216.29,1397,0
2017-11-13,16:00:00,215.62,215.62,215.62,215.62,594,0
2017-11-13,17:00:00,216.45,216.53,215.96,216.18,4578,0
2017-11-13,18:00:00,216.49,216.92,216.49,216.92,683,0
2017-11-13,19:00:00,217.05,217.05,217.05,217.05,104,0
2017-11-13,21:00:00,217.25,217.33,217.14,217.14,430,0
2017-11-13,22:00:00,217.28,217.46,217.1,217.1,3561,0
2017-11-14,16:00:00,215.95,216.84,215.95,216.81,1489,0
2017-11-14,17:00:00,216.54,216.54,216.54,216.54,104,0
2017-11-14,18:00:00,216.81,216.81,216.2,216.29,3039,0
2017-11-14,19:00:00,216.42,216.42,216.15,216.3,766,0
2017-11-14,20:00:00,216.69,216.71,216.53,216.69,1429,0
2017-11-14,21:00:00,216.63,216.99,216.63,216.99,1157,0
2017-11-14,22:00:00,217.06,217.22,216.78,216.81,6465,0
2017-11-15,16:00:00,215.43,215.43,214.71,214.71,882,0
2017-11-15,18:00:00,216.44,216.65,216.38,216.38,328,0
2017-11-15,19:00:00,216.67,216.67,216.55,216.55,314,0
2017-11-15,20:00:00,216.31,216.41,215.94,215.94,1222,0
2017-11-15,21:00:00,216.22,216.55,215.99,216.51,14383,0
2017-11-15,22:00:00,216.41,216.57,216.01,216.19,9657,0
2017-11-16,16:00:00,217.18,218.03,217.18,218.03,2014,0
2017-11-16,17:00:00,218.79,219.53,218.79,219.32,706,0
2017-11-16,18:00:00,219.41,219.49,219.34,219.49,761,0
2017-11-16,19:00:00,219.46,219.46,219.45,219.45,208,0
2017-11-16,20:00:00,220.53,220.53,220.46,220.46,570,0
2017-11-16,21:00:00,219.93,219.99,219.77,219.77,1163,0
2017-11-16,22:00:00,219.9,219.97,219.73,219.73,6165,0
2017-11-17,16:00:00,219.34,219.34,219.02,219.28,1733,0
2017-11-17,17:00:00,219.5,219.81,219.31,219.61,3449,0
2017-11-17,18:00:00,219.39,219.57,219.32,219.32,940,0
2017-11-17,20:00:00,220.91,221.44,220.91,221.04,1450,0
2017-11-17,21:00:00,220.87,221.03,220.7,220.7,418,0
2017-11-17,22:00:00,220.48,220.98,220.48,220.94,3219,0
2017-11-20,16:00:00,221.16,221.16,220.54,220.8,2024,0
2017-11-20,17:00:00,221.24,221.41,220.95,221.41,1514,0
2017-11-20,18:00:00,221.73,221.79,221.5,221.5,418,0
2017-11-20,19:00:00,221.49,221.49,221.36,221.37,3176,0
2017-11-20,20:00:00,221.35,221.52,221.35,221.52,471,0
2017-11-20,21:00:00,221.96,222.23,221.76,221.81,1947,0
2017-11-20,22:00:00,222.43,222.69,222.36,222.36,1293,0
2017-11-21,16:00:00,223.22,223.82,223.22,223.71,596,0
2017-11-21,17:00:00,223.7,224.31,223.7,224.31,317,0
2017-11-21,18:00:00,224.59,224.74,224.52,224.74,783,0
2017-11-21,19:00:00,224.49,224.66,224.15,224.55,1786,0
2017-11-21,20:00:00,224.93,225.1,224.78,225.1,934,0
2017-11-21,21:00:00,225.24,225.28,224.9,225.27,2059,0
2017-11-21,22:00:00,225.34,225.84,225.12,225.73,3673,0
2017-11-22,16:00:00,226.37,226.4,226.37,226.4,2428,0
2017-11-22,17:00:00,225.96,225.96,225.45,225.52,1030,0
2017-11-22,18:00:00,225.45,225.5,225.4,225.4,653,0
2017-11-22,19:00:00,225.17,225.17,225.17,225.17,319,0
2017-11-22,20:00:00,225.61,225.61,225.43,225.56,460,0
2017-11-22,21:00:00,225.68,225.76,225.28,225.5,1421,0
2017-11-22,22:00:00,225.38,225.58,225.15,225.23,2984,0
2017-11-24,16:00:00,225.77,225.77,225.12,225.12,931,0
2017-11-24,17:00:00,225.13,225.38,225.11,225.12,1507,0
2017-11-24,18:00:00,225.12,225.12,224.8,224.85,428,0
2017-11-24,19:00:00,225.14,225.79,224.64,225.31,2309,0
2017-11-27,16:00:00,225.88,226.11,225.38,226.11,1646,0
2017-11-27,17:00:00,225.58,225.58,225.25,225.29,719,0
2017-11-27,18:00:00,225.47,225.47,224.94,225.16,713,0
2017-11-27,20:00:00,224.82,224.98,224.53,224.68,1217,0
2017-11-27,21:00:00,224.56,224.56,224.51,224.52,739,0
2017-11-27,22:00:00,224.58,224.78,224.06,224.13,3545,0
2017-11-28,16:00:00,225.17,225.19,224.54,225.19,1490,0
2017-11-28,17:00:00,225.27,225.57,225.27,225.54,1025,0
2017-11-28,18:00:00,225.78,225.95,225.7,225.84,964,0
2017-11-28,19:00:00,225.84,226.1,225.84,225.88,1155,0
2017-11-28,20:00:00,226.2,226.2,225.53,225.53,1304,0
2017-11-28,21:00:00,225.04,226.8,225.04,226.59,8465,0
2017-11-28,22:00:00,226.8,227.97,226.8,227.97,1939,0
2017-11-29,16:00:00,228.81,229.12,228.81,229.12,1429,0
2017-11-29,17:00:00,229.13,229.23,228.86,229.23,522,0
2017-11-29,18:00:00,229.16,229.16,228.65,228.65,643,0
2017-11-29,19:00:00,228.83,229.07,228.83,228.85,586,0
2017-11-29,20:00:00,228.38,228.8,228.26,228.55,773,0
2017-11-29,21:00:00,228.63,229.14,228.58,228.8,2121,0
2017-11-29,22:00:00,228.82,229.22,228.61,228.83,6241,0
2017-11-30,16:00:00,230.46,230.46,229.29,229.29,1286,0
2017-11-30,17:00:00,229.59,229.59,228.99,229.53,818,0
2017-11-30,18:00:00,229.94,229.94,229.17,229.17,366,0
2017-11-30,19:00:00,229.09,229.37,228.95,229.15,1107,0
2017-11-30,20:00:00,229.18,229.18,228.86,228.86,1133,0
2017-11-30,21:00:00,229.08,229.08,228.84,228.84,480,0
2017-11-30,22:00:00,228.47,229.23,228.14,228.83,2677,0
2017-12-01,16:00:00,228.65,228.65,227.61,227.61,1239,0
2017-12-01,17:00:00,226.96,227.68,226.71,227.68,862,0
2017-12-01,18:00:00,227.33,227.35,222.14,223.34,3134,0
2017-12-01,19:00:00,224.68,225.44,224.24,225.22,1603,0
2017-12-01,20:00:00,225.52,226.74,225.32,226.3,5000,0
2017-12-01,21:00:00,226.51,226.51,225.83,225.83,1442,0
2017-12-01,22:00:00,226.83,227.28,226.8,227.02,1892,0
2017-12-04,16:00:00,230.05,230.56,230.05,230.47,1816,0
2017-12-04,17:00:00,230.07,230.08,228.86,228.86,747,0
2017-12-04,18:00:00,229.34,229.4,228.99,229.26,1201,0
2017-12-04,19:00:00,229.1,229.1,228.33,228.49,1093,0
2017-12-04,20:00:00,228.4,228.47,228.32,228.47,1327,0
2017-12-04,21:00:00,228.2,228.29,227.65,227.65,1080,0
2017-12-04,22:00:00,227.65,227.87,226.6,226.6,1239,0
2017-12-05,16:00:00,227.15,227.15,226.34,226.34,767,0
2017-12-05,17:00:00,226.94,227.04,226.06,226.06,932,0
2017-12-05,18:00:00,226.35,226.98,225.94,226.12,2398,0
2017-12-05,19:00:00,225.84,225.92,225.76,225.76,1684,0
2017-12-05,20:00:00,225.92,225.92,225.92,225.92,3554,0
2017-12-05,21:00:00,225.74,225.74,224.67,224.67,2939,0
2017-12-05,22:00:00,224.73,224.77,224.34,224.34,1319,0
2017-12-06,16:00:00,224.34,224.83,224.26,224.41,2650,0
2017-12-06,17:00:00,224.91,224.91,223.85,224.68,2192,0
2017-12-06,18:00:00,224.63,224.63,224.14,224.14,835,0
2017-12-06,19:00:00,223.76,224.07,223.76,224.07,4979,0
2017-12-06,20:00:00,223.85,224.05,223.85,224.05,314,0
2017-12-06,21:00:00,224.25,224.25,223.49,223.49,5974,0
2017-12-06,22:00:00,223.36,223.8,223.36,223.8,1726,0
2017-12-07,16:00:00,223.24,223.71,223.24,223.71,418,0
2017-12-07,17:00:00,224.39,225.31,224.39,225.31,522,0
2017-12-07,18:00:00,225.26,225.7,225.26,225.4,1065,0
2017-12-07,19:00:00,225.18,225.49,225.06,225.17,1505,0
2017-12-07,20:00:00,224.98,225.23,224.73,224.73,2414,0
2017-12-07,21:00:00,224.76,225.05,224.6,224.68,2417,0
2017-12-07,22:00:00,224.69,224.84,224.69,224.84,1645,0
2017-12-08,16:00:00,225.81,225.81,225.14,225.14,1081,0
2017-12-08,17:00:00,225.04,225.54,225.04,225.54,595,0
2017-12-08,18:00:00,225.49,225.54,225.25,225.34,709,0
2017-12-08,19:00:00,225.48,225.92,225.48,225.79,1672,0
2017-12-08,20:00:00,225.32,225.64,225.2,225.2,1523,0
2017-12-08,21:00:00,224.68,224.91,224.68,224.72,1393,0
2017-12-08,22:00:00,224.62,224.66,224.42,224.43,1617,0
2017-12-11,16:00:00,224.56,224.82,224.56,224.82,2694,0
2017-12-11,17:00:00,224.32,224.35,224,224.02,2398,0
2017-12-11,18:00:00,223.86,224.19,223.86,224.19,1026,0
2017-12-11,19:00:00,224.4,224.4,224.4,224.4,140,0
2017-12-11,20:00:00,224.17,224.18,223.79,223.84,1885,0
2017-12-11,21:00:00,223.77,223.77,223.59,223.59,503,0
2017-12-11,22:00:00,223.75,223.8,223.41,223.8,2288,0
2017-12-12,16:00:00,224.77,224.77,224.36,224.4,1865,0
2017-12-12,17:00:00,224.53,224.7,224.53,224.59,582,0
2017-12-12,18:00:00,224.68,225.07,224.38,224.49,10145,0
2017-12-12,19:00:00,224.64,224.64,224.64,224.64,104,0
2017-12-12,20:00:00,224.63,224.63,224.54,224.54,247,0
2017-12-12,21:00:00,224.38,224.77,224.09,224.2,1773,0
2017-12-12,22:00:00,224.13,224.13,223.53,223.53,2910,0
2017-12-13,16:00:00,223.29,224.89,223.29,224.74,3173,0
2017-12-13,17:00:00,224.94,225.32,224.83,224.86,2144,0
2017-12-13,18:00:00,224.87,224.87,224.87,224.87,483,0
2017-12-13,19:00:00,225.78,225.78,225.12,225.34,735,0
2017-12-13,20:00:00,225.17,225.84,225,225.29,2061,0
2017-12-13,21:00:00,225.41,225.61,225.41,225.61,326,0
2017-12-13,22:00:00,225.59,225.6,224.71,224.71,27828,0
2017-12-14,16:00:00,225.16,225.64,224.96,225.64,4220,0
2017-12-14,17:00:00,225.4,225.4,225.16,225.16,1900,0
2017-12-14,18:00:00,224.95,225.11,224.61,225.08,931,0
2017-12-14,19:00:00,224.88,224.88,224.57,224.57,669,0
2017-12-14,20:00:00,224.53,224.53,223.07,223.07,1333,0
2017-12-14,21:00:00,222.68,222.94,222.36,222.94,1563,0
2017-12-14,22:00:00,222.83,223.07,222.44,222.52,2895,0
2017-12-15,16:00:00,223.86,224.39,222.93,224.34,7246,0
2017-12-15,17:00:00,225.08,225.55,224.48,225.1,3059,0
2017-12-15,18:00:00,225.27,226.58,225.27,225.98,3952,0
2017-12-15,19:00:00,226.19,226.85,226.09,226.85,1603,0
2017-12-15,20:00:00,226.69,226.84,226.52,226.82,767,0
2017-12-15,21:00:00,227.53,227.83,227.53,227.57,18111,0
2017-12-15,22:00:00,227.71,227.71,226.52,226.52,2167,0
2017-12-18,16:00:00,228.57,229.75,228.57,229.75,3015,0
2017-12-18,17:00:00,230.15,230.17,229.49,229.54,1805,0
2017-12-18,18:00:00,229.57,229.57,229.22,229.5,1162,0
2017-12-18,19:00:00,229.73,229.73,228.92,228.92,1527,0
2017-12-18,20:00:00,229.03,229.21,228.85,228.85,621,0
2017-12-18,21:00:00,228.67,229.2,228.67,228.96,3024,0
2017-12-18,22:00:00,229.11,229.28,228.99,229.01,1591,0
2017-12-19,16:00:00,229.74,229.74,229.42,229.42,920,0
2017-12-19,17:00:00,229.64,229.71,229.32,229.48,2780,0
2017-12-19,18:00:00,229.44,229.52,228.82,229,3365,0
2017-12-19,19:00:00,228.57,228.57,228.07,228.07,781,0
2017-12-19,20:00:00,228.29,228.55,228.2,228.37,2614,0
2017-12-19,21:00:00,228.31,228.39,227.92,227.92,1258,0
2017-12-19,22:00:00,227.63,227.63,227.28,227.57,1577,0
2017-12-20,16:00:00,228.44,228.44,227.84,227.94,1368,0
2017-12-20,17:00:00,228.11,228.11,227.16,227.3,1870,0
2017-12-20,18:00:00,227.8,228.17,227.65,227.65,847,0
2017-12-20,19:00:00,227.7,227.96,227.68,227.74,4779,0
2017-12-20,20:00:00,227.77,228.53,227.77,228.53,1073,0
2017-12-20,21:00:00,228.62,228.65,228.15,228.15,1873,0
2017-12-20,22:00:00,228.03,228.24,227.72,227.72,4700,0
2017-12-21,16:00:00,228.32,228.62,228.29,228.29,1407,0
2017-12-21,17:00:00,228.49,228.58,228.25,228.32,2312,0
2017-12-21,18:00:00,228.9,229.06,228.89,229.06,1373,0
2017-12-21,19:00:00,228.89,228.89,228.77,228.77,4609,0
2017-12-21,20:00:00,229.17,229.2,228.72,228.94,749,0
2017-12-21,21:00:00,229,229.15,228.83,229.15,3523,0
2017-12-21,22:00:00,228.59,229.11,228.37,228.45,3564,0
2017-12-22,16:00:00,228.47,228.47,227.57,227.77,539,0
2017-12-22,17:00:00,227.6,227.84,227.6,227.81,1038,0
2017-12-22,18:00:00,227.6,227.74,227.6,227.74,380,0
2017-12-22,19:00:00,227.71,227.85,227.7,227.83,2770,0
2017-12-22,20:00:00,227.91,227.94,227.66,227.82,11441,0
2017-12-22,21:00:00,227.95,227.96,227.75,227.9,743,0
2017-12-22,22:00:00,227.78,227.79,227.51,227.71,1616,0
2017-12-26,16:00:00,227.45,227.94,227.45,227.77,2823,0
2017-12-26,17:00:00,227.83,228.14,227.83,227.9,2293,0
2017-12-26,18:00:00,227.47,227.7,227.47,227.7,441,0
2017-12-26,19:00:00,227.88,227.88,227.88,227.88,100,0
2017-12-26,20:00:00,228,228.08,227.85,227.85,2275,0
2017-12-26,21:00:00,227.87,227.87,227.69,227.83,557,0
2017-12-26,22:00:00,227.73,227.87,227.68,227.81,3292,0
2017-12-27,16:00:00,227.89,228.15,227.89,228.01,3736,0
2017-12-27,17:00:00,228.36,228.77,228.22,228.76,42003,0
2017-12-27,18:00:00,228.68,228.85,228.47,228.84,9626,0
2017-12-27,19:00:00,228.89,228.89,228.17,228.27,2400,0
2017-12-27,20:00:00,227.94,227.97,227.54,227.83,14860,0
2017-12-27,21:00:00,227.88,228.14,227.88,227.89,1832,0
2017-12-27,22:00:00,228.14,228.14,227.71,227.87,13896,0
2017-12-28,16:00:00,228.17,228.21,227.77,227.77,2525,0
2017-12-28,17:00:00,228.04,228.07,227.92,228.07,1763,0
2017-12-28,18:00:00,228.08,228.53,228.08,228.44,2673,0
2017-12-28,19:00:00,228.85,228.85,228.44,228.44,830,0
2017-12-28,20:00:00,228.32,228.57,228.32,228.55,6893,0
2017-12-28,21:00:00,228.6,228.78,228.55,228.73,2687,0
2017-12-28,22:00:00,228.78,229,228.34,228.94,4664,0
2017-12-29,16:00:00,229.28,229.83,228.74,228.74,2823,0
2017-12-29,17:00:00,228.65,228.77,228.65,228.74,421,0
2017-12-29,18:00:00,228.91,228.91,228.57,228.6,1522,0
2017-12-29,19:00:00,228.73,228.82,228.7,228.7,661,0
2017-12-29,20:00:00,228.56,228.82,228.46,228.52,3390,0
2017-12-29,21:00:00,228.39,228.5,228.08,228.21,6263,0
2017-12-29,22:00:00,227.81,228.12,226.96,226.96,12303,0
2018-01-02,16:00:00,227.96,228.25,227.35,228.25,3941,0
2018-01-02,17:00:00,228.37,228.94,228.37,228.6,3140,0
2018-01-02,18:00:00,228.62,228.68,227.84,228,4796,0
2018-01-02,19:00:00,228.22,228.46,227.63,227.95,6454,0
2018-01-02,20:00:00,227.81,228.05,227.62,227.68,27493,0
2018-01-02,21:00:00,227.58,227.59,227.16,227.18,5270,0
2018-01-02,22:00:00,227.23,228.21,227.23,227.94,9697,0
2018-01-03,16:00:00,228.46,228.46,228.02,228.09,2321,0
2018-01-03,17:00:00,228.75,228.75,228.53,228.53,401,0
2018-01-03,18:00:00,228.4,228.49,227.92,227.92,938,0
2018-01-03,19:00:00,227.62,227.99,227.31,227.99,2846,0
2018-01-03,20:00:00,227.92,228.21,227.89,228.21,1207,0
2018-01-03,21:00:00,228.27,228.68,228.24,228.53,2040,0
2018-01-03,22:00:00,228.79,228.85,228.11,228.27,16498,0
2018-01-04,16:00:00,229.54,229.92,229.4,229.4,3478,0
2018-01-04,17:00:00,228.89,228.89,228.7,228.72,938,0
2018-01-04,18:00:00,228.83,228.83,228.34,228.5,2506,0
2018-01-04,19:00:00,228.57,228.73,228.52,228.73,2055,0
2018-01-04,20:00:00,228.66,228.87,228.66,228.81,410,0
2018-01-04,21:00:00,228.88,228.95,228.76,228.93,1780,0
2018-01-04,22:00:00,228.82,228.92,228.56,228.56,8037,0
2018-01-05,16:00:00,229.34,229.34,229.01,229.01,1072,0
2018-01-05,17:00:00,228.81,229.57,228.81,229.55,2590,0
2018-01-05,18:00:00,229.91,229.92,229.46,229.46,9366,0
2018-01-05,19:00:00,229.4,229.43,228.75,228.75,1077,0
2018-01-05,20:00:00,228.74,229.34,228.74,229.13,2114,0
2018-01-05,21:00:00,229.41,229.61,229.29,229.61,3565,0
2018-01-05,22:00:00,229.36,230.21,229.36,230,40744,0
2018-01-08,16:00:00,229.89,229.89,228.16,228.39,5064,0
2018-01-08,17:00:00,228.82,228.92,228.82,228.91,739,0
2018-01-08,18:00:00,228.97,229.19,228.97,229.13,739,0
2018-01-08,19:00:00,229.31,229.49,229.22,229.49,821,0
2018-01-08,20:00:00,229.57,230.22,229.57,230.06,1787,0
2018-01-08,21:00:00,230.07,230.3,230.07,230.13,3616,0
2018-01-08,22:00:00,230.24,230.25,229.89,229.89,6624,0
2018-01-09,16:00:00,230.42,230.79,230.42,230.54,1043,0
2018-01-09,17:00:00,230.57,230.67,230.16,230.16,2522,0
2018-01-09,18:00:00,230.15,230.63,230.15,230.63,1767,0
2018-01-09,19:00:00,230.59,230.93,230.52,230.72,2138,0
2018-01-09,20:00:00,231.06,231.24,231.06,231.1,607,0
2018-01-09,21:00:00,231,231.3,231,231.3,859,0
2018-01-09,22:00:00,231.46,231.57,230.83,230.85,7667,0
2018-01-10,16:00:00,230.32,230.32,229.55,229.55,3211,0
2018-01-10,17:00:00,229.7,229.7,229.13,229.25,1277,0
2018-01-10,18:00:00,229.32,229.66,229.08,229.62,1059,0
2018-01-10,19:00:00,230.04,230.04,230.04,230.04,216,0
2018-01-10,20:00:00,230.08,230.17,230.02,230.16,2014,0
2018-01-10,21:00:00,229.93,229.98,229.81,229.89,966,0
2018-01-10,22:00:00,229.82,230.18,229.82,230.16,8543,0
2018-01-11,16:00:00,230.69,231.57,230.55,231.57,3969,0
2018-01-11,17:00:00,231.69,232.47,231.69,232.31,1059,0
2018-01-11,18:00:00,233.3,233.3,232.72,232.89,4469,0
2018-01-11,19:00:00,233.13,233.73,233.04,233.59,3310,0
2018-01-11,20:00:00,233.78,233.92,233.09,233.31,21959,0
2018-01-11,21:00:00,233.3,233.93,233.23,233.93,6817,0
2018-01-11,22:00:00,233.9,234.2,233.72,234.05,4684,0
2018-01-12,16:00:00,234.22,234.44,234.14,234.14,1773,0
2018-01-12,17:00:00,234.33,234.91,234.33,234.91,936,0
2018-01-12,18:00:00,235.57,236.15,235.57,235.76,1181,0
2018-01-12,19:00:00,235.83,235.83,235.16,235.16,2269,0
2018-01-12,20:00:00,235.08,235.15,234.75,234.82,3950,0
2018-01-12,21:00:00,234.64,234.87,234.55,234.55,1121,0
2018-01-12,22:00:00,234.75,235.05,234.48,235.05,7361,0
2018-01-16,16:00:00,236,236.56,236,236.4,3915,0
2018-01-16,17:00:00,236.69,237.21,236.52,236.52,2041,0
2018-01-16,18:00:00,235.99,236.33,235.69,235.69,1010,0
2018-01-16,19:00:00,235.87,236.01,235.06,235.07,9270,0
2018-01-16,20:00:00,234.87,234.87,234.15,234.16,2964,0
2018-01-16,21:00:00,234.06,234.06,232.54,232.98,7251,0
2018-01-16,22:00:00,233.27,233.62,232.85,232.85,3802,0
2018-01-17,16:00:00,234.03,234.03,233.38,233.76,1051,0
2018-01-17,17:00:00,233.8,234.38,233.8,234.38,1062,0
2018-01-17,18:00:00,234.07,234.25,233.96,234.25,781,0
2018-01-17,19:00:00,234.36,234.97,234.36,234.97,3121,0
2018-01-17,20:00:00,234.91,235.16,234.83,235.09,4596,0
2018-01-17,21:00:00,235.21,235.94,235.15,235.78,1794,0
2018-01-17,22:00:00,236.02,236.14,235.43,235.55,8729,0
2018-01-18,16:00:00,235.42,235.42,234.72,234.97,2268,0
2018-01-18,17:00:00,234.85,235.02,234.31,234.68,6602,0
2018-01-18,18:00:00,234.57,234.87,234.09,234.48,4399,0
2018-01-18,19:00:00,234.48,234.91,234.48,234.66,1134,0
2018-01-18,20:00:00,234.51,234.81,234.51,234.81,401,0
2018-01-18,21:00:00,234.98,235.1,234.76,235.1,3029,0
2018-01-18,22:00:00,234.88,234.88,233.87,234.14,17304,0
2018-01-19,16:00:00,234.3,235.13,234.3,234.59,1556,0
2018-01-19,17:00:00,235.04,236.3,235.04,236.26,7946,0
2018-01-19,18:00:00,236.3,236.69,235.74,236.69,1677,0
2018-01-19,19:00:00,236.8,237.14,236.75,236.9,2631,0
2018-01-19,20:00:00,237.01,237.14,236.98,237.11,4873,0
2018-01-19,21:00:00,237.21,237.66,237.21,237.57,5789,0
2018-01-19,22:00:00,237.28,238.07,237.22,237.82,8932,0
2018-01-22,16:00:00,237.5,237.5,237.03,237.03,2435,0
2018-01-22,17:00:00,237.17,237.62,236.81,237.52,2801,0
2018-01-22,18:00:00,237.48,237.48,237.16,237.38,624,0
2018-01-22,19:00:00,238.14,238.14,237.76,237.81,1203,0
2018-01-22,20:00:00,237.78,237.78,237.5,237.65,485,0
2018-01-22,21:00:00,237.55,237.62,237.4,237.62,867,0
2018-01-22,22:00:00,237.6,238.24,237.6,238.24,3357,0
2018-01-23,16:00:00,238.25,238.25,237.51,237.51,2180,0
2018-01-23,17:00:00,237.46,237.46,237.46,237.46,132,0
2018-01-23,18:00:00,237.95,238.52,237.95,238.25,351,0
2018-01-23,19:00:00,238.5,238.5,238.37,238.42,729,0
2018-01-23,20:00:00,238.58,239.06,238.53,238.81,1157,0
2018-01-23,21:00:00,238.82,239.14,238.56,239.14,2043,0
2018-01-23,22:00:00,239.23,239.23,238.63,239.16,5309,0
2018-01-24,16:00:00,239.59,239.6,239.04,239.38,1157,0
2018-01-24,17:00:00,239.57,239.84,239.04,239.04,2157,0
2018-01-24,18:00:00,238.36,238.51,237.41,237.55,2594,0
2018-01-24,19:00:00,237.33,237.33,237.3,237.3,301,0
2018-01-24,20:00:00,237.04,237.92,236.72,237.92,1701,0
2018-01-24,21:00:00,237.74,237.83,237.48,237.74,1293,0
2018-01-24,22:00:00,237.79,237.79,237.16,237.4,2425,0
2018-01-25,16:00:00,238.43,238.43,236.84,236.84,1557,0
2018-01-25,17:00:00,236.67,237.12,236.4,236.4,1947,0
2018-01-25,18:00:00,236.56,236.68,236.56,236.68,390,0
2018-01-25,19:00:00,237.82,238.09,237.73,237.81,1169,0
2018-01-25,20:00:00,237.82,238.04,237.69,237.93,1528,0
2018-01-25,21:00:00,237.91,237.91,237.15,237.15,907,0
2018-01-25,22:00:00,237.37,238.66,237.29,238.66,3473,0
2018-01-26,16:00:00,239.52,239.52,238.37,238.52,1760,0
2018-01-26,17:00:00,238.91,238.91,238.3,238.3,1706,0
2018-01-26,18:00:00,238.55,238.67,238.19,238.19,3656,0
2018-01-26,19:00:00,238.38,238.47,238.23,238.47,1002,0
2018-01-26,20:00:00,238.51,239.06,238.51,238.97,1298,0
2018-01-26,21:00:00,238.94,239.24,238.86,239.08,2318,0
2018-01-26,22:00:00,239.2,239.67,239.2,239.5,2487,0
2018-01-29,16:00:00,239.04,239.44,239.02,239.35,2212,0
2018-01-29,17:00:00,239.04,239.66,238.86,238.89,1863,0
2018-01-29,18:00:00,238.69,238.89,238.69,238.88,1296,0
2018-01-29,19:00:00,239.28,239.29,239.2,239.29,697,0
2018-01-29,20:00:00,239.55,239.65,239.38,239.38,1145,0
2018-01-29,21:00:00,239.15,239.48,239.06,239.21,3291,0
2018-01-29,22:00:00,239.15,239.48,238.32,238.56,2491,0
2018-01-30,16:00:00,236.68,236.68,235.73,236.48,4706,0
2018-01-30,17:00:00,236.24,237.79,236.24,237.79,2000,0
2018-01-30,18:00:00,237.79,237.79,237,237,1837,0
2018-01-30,19:00:00,236.91,236.91,236.34,236.36,2624,0
2018-01-30,20:00:00,235.76,236.67,235.76,236.63,1469,0
2018-01-30,21:00:00,236.77,236.9,236.14,236.23,2260,0
2018-01-30,22:00:00,236.46,236.72,236.12,236.16,5982,0
2018-01-31,16:00:00,237.27,238.22,237.27,237.63,2560,0
2018-01-31,17:00:00,236.74,236.74,236.61,236.61,879,0
2018-01-31,18:00:00,236.24,236.26,236.16,236.26,561,0
2018-01-31,19:00:00,235.85,236.14,235.85,236.14,200,0
2018-01-31,20:00:00,236.13,236.44,236.13,236.44,1313,0
2018-01-31,21:00:00,236.09,236.09,234.93,234.95,1268,0
2018-01-31,22:00:00,235.08,235.78,234.82,235.11,9074,0
2018-02-01,16:00:00,234.3,234.3,233.83,234.23,1612,0
2018-02-01,17:00:00,234.59,235.02,234.57,234.79,5363,0
2018-02-01,18:00:00,234.48,235.55,234.48,235.55,1034,0
2018-02-01,19:00:00,235.33,236.27,235.33,236.13,1518,0
2018-02-01,20:00:00,236.74,236.74,236.12,236.12,1182,0
2018-02-01,21:00:00,236.1,236.4,235.56,236.19,13029,0
2018-02-01,22:00:00,236.51,236.51,235.6,236.4,8551,0
2018-02-02,16:00:00,235.05,235.11,234.46,234.75,8290,0
2018-02-02,17:00:00,233.52,234.01,232.99,234.01,8718,0
2018-02-02,18:00:00,233.75,234.1,232.92,233.04,2976,0
2018-02-02,19:00:00,232.81,234.4,232.75,233.72,2901,0
2018-02-02,20:00:00,234.06,234.06,233.16,233.61,2257,0
2018-02-02,21:00:00,233.59,233.59,232.18,232.18,9695,0
2018-02-02,22:00:00,232.39,232.72,231.74,231.97,9608,0
2018-02-05,16:00:00,229.75,230.31,228.67,229.69,4774,0
2018-02-05,17:00:00,230.72,231.72,230.57,231.29,2083,0
2018-02-05,18:00:00,230.84,230.94,230.54,230.54,1043,0
2018-02-05,19:00:00,230.46,230.6,229.76,229.79,1727,0
2018-02-05,20:00:00,229.58,229.58,228.16,228.75,14759,0
2018-02-05,21:00:00,229.1,229.1,226.38,226.38,2428,0
2018-02-05,22:00:00,226.32,227.05,223.14,223.14,5565,0
2018-02-06,16:00:00,218.07,224.97,216.6,224.19,27358,0
2018-02-06,17:00:00,224.92,225.8,221.59,223.06,10840,0
2018-02-06,18:00:00,222.56,222.96,221.01,222.13,5743,0
2018-02-06,19:00:00,221.99,224.41,221.99,223.46,1196,0
2018-02-06,20:00:00,222.79,223.35,222.47,222.54,1814,0
2018-02-06,21:00:00,222.56,224.57,222.56,224.57,727,0
2018-02-06,22:00:00,224.99,226.36,224.78,225.38,6245,0
2018-02-07,16:00:00,225.24,226.3,224.54,224.94,3131,0
2018-02-07,17:00:00,225.24,226.15,224.81,226.15,1356,0
2018-02-07,18:00:00,226.47,226.47,225.42,225.75,1477,0
2018-02-07,19:00:00,226.3,226.43,225.58,225.58,1837,0
2018-02-07,20:00:00,224.9,225.61,224.27,225.61,2672,0
2018-02-07,21:00:00,225.39,226.1,224.54,225.28,1778,0
2018-02-07,22:00:00,225.93,226.48,225.32,225.32,5530,0
2018-02-08,16:00:00,225.32,225.32,223.22,224.2,1737,0
2018-02-08,17:00:00,223.89,223.89,222.36,222.48,2182,0
2018-02-08,18:00:00,222.27,222.33,221.3,222.29,1594,0
2018-02-08,19:00:00,222.19,222.25,220.21,220.21,3528,0
2018-02-08,20:00:00,221.2,222.04,221.2,221.66,2925,0
2018-02-08,21:00:00,221.65,221.83,220.54,220.58,2654,0
2018-02-08,22:00:00,220.81,220.97,219.07,219.07,3258,0
2018-02-09,16:00:00,220.47,220.77,219.87,220.53,4067,0
2018-02-09,17:00:00,220.33,220.37,218.12,218.12,1864,0
2018-02-09,18:00:00,219.71,219.71,217.96,217.96,1619,0
2018-02-09,19:00:00,218.02,218.02,214.33,215.99,10015,0
2018-02-09,20:00:00,216.06,217.61,214.91,217.61,2398,0
2018-02-09,21:00:00,218.9,219.91,218.67,219.91,2137,0
2018-02-09,22:00:00,219.01,222.38,218.49,221.82,5230,0
2018-02-12,16:00:00,220.83,221.72,220.41,220.47,3773,0
2018-02-12,17:00:00,220.45,220.45,218.74,220.23,2085,0
2018-02-12,18:00:00,220.95,221.02,220.76,221.02,501,0
2018-02-12,19:00:00,222.03,222.74,222.03,222.19,1043,0
2018-02-12,20:00:00,222.18,223.01,222.18,223.01,461,0
2018-02-12,21:00:00,223.63,224.26,223.52,223.52,776,0
2018-02-12,22:00:00,223.42,223.79,222.69,223.02,3427,0
2018-02-13,16:00:00,221.88,221.9,221.84,221.9,1092,0
2018-02-13,17:00:00,221.91,222.46,221.91,222.46,675,0
2018-02-13,18:00:00,222.75,223.07,222.6,222.63,698,0
2018-02-13,19:00:00,222.57,222.6,222.29,222.41,1555,0
2018-02-13,20:00:00,223.08,223.12,223.03,223.03,956,0
2018-02-13,21:00:00,222.77,223.68,222.77,223.49,10536,0
2018-02-13,22:00:00,223.48,223.72,223.43,223.58,1134,0
2018-02-14,16:00:00,221.95,223.87,221.95,223.87,1487,0
2018-02-14,17:00:00,223.7,225.78,223.7,225.78,501,0
2018-02-14,18:00:00,225.97,226.14,225.66,225.86,786,0
2018-02-14,19:00:00,226.2,226.4,225.92,226.14,955,0
2018-02-14,20:00:00,226.59,227.25,226.59,227.24,2026,0
2018-02-14,21:00:00,227.35,227.63,227.34,227.36,615,0
2018-02-14,22:00:00,227.47,227.99,227.14,227.77,4418,0
2018-02-15,16:00:00,229.61,229.61,228.01,228.7,883,0
2018-02-15,17:00:00,229.11,229.11,228.21,228.39,1047,0
2018-02-15,18:00:00,227.99,228.16,227.99,228.16,352,0
2018-02-15,19:00:00,228.11,228.75,228.11,228.75,316,0
2018-02-15,20:00:00,229.31,229.44,229.05,229.38,931,0
2018-02-15,21:00:00,229.35,230.31,229.35,230.04,1516,0
2018-02-15,22:00:00,229.87,230.07,229.62,230.07,2779,0
2018-02-16,16:00:00,229.69,230.56,229.69,230.56,1304,0
2018-02-16,17:00:00,230.6,231.09,230.57,231.09,541,0
2018-02-16,18:00:00,230.98,231.27,230.85,230.85,386,0
2018-02-16,19:00:00,231.19,231.56,231.19,231.37,701,0
2018-02-16,20:00:00,230.65,230.99,230.02,230.6,1845,0
2018-02-16,21:00:00,230.61,230.7,230.07,230.7,1084,0
2018-02-16,22:00:00,231.11,231.31,230.42,230.42,4355,0
2018-02-20,16:00:00,229.93,230.57,229.93,230.57,371,0
2018-02-20,17:00:00,230.14,230.44,230.14,230.44,802,0
2018-02-20,18:00:00,229.44,230.05,229.44,230.05,257,0
2018-02-20,20:00:00,229.91,230,229.58,230,2137,0
2018-02-20,21:00:00,230.03,230.04,229.51,229.52,2341,0
2018-02-20,22:00:00,229.16,229.16,228.02,228.46,9062,0
2018-02-21,16:00:00,228.91,228.91,228.91,228.91,328,0
2018-02-21,17:00:00,230.26,231.26,229.86,231.19,1430,0
2018-02-21,18:00:00,231.38,231.59,231.38,231.38,438,0
2018-02-21,19:00:00,231.24,231.54,231.03,231.4,768,0
2018-02-21,20:00:00,231.87,232.34,231.78,232.34,803,0
2018-02-21,21:00:00,232.85,232.85,232.27,232.27,1182,0
2018-02-21,22:00:00,230.85,231.2,230.05,230.05,1662,0
2018-02-22,16:00:00,230.79,231.49,230.74,230.74,1564,0
2018-02-22,17:00:00,230.32,230.74,230.32,230.74,332,0
2018-02-22,18:00:00,231.48,231.85,231.48,231.53,926,0
2018-02-22,19:00:00,231.68,231.93,231.26,231.26,541,0
2018-02-22,20:00:00,230.37,230.4,229.91,230.4,885,0
2018-02-22,21:00:00,230.87,230.87,230.87,230.87,111,0
2018-02-22,22:00:00,229.75,230.16,229.53,229.53,3810,0
2018-02-23,16:00:00,231.09,231.09,230.91,230.91,805,0
2018-02-23,17:00:00,231.02,231.02,229.99,229.99,422,0
2018-02-23,18:00:00,230.5,230.5,229.99,230.34,1222,0
2018-02-23,19:00:00,231.08,231.14,230.67,230.67,1046,0
2018-02-23,20:00:00,230.9,231.18,230.9,231.15,426,0
2018-02-23,21:00:00,231.13,231.84,231.13,231.84,476,0
2018-02-23,22:00:00,231.87,232.5,231.69,232.5,3531,0
2018-02-26,16:00:00,233.13,233.56,233.02,233.02,19192,0
2018-02-26,17:00:00,231.78,232.31,231.74,231.84,743,0
2018-02-26,19:00:00,233.26,233.75,233.2,233.75,888,0
2018-02-26,20:00:00,233.61,233.66,233.61,233.66,1002,0
2018-02-26,21:00:00,233.71,233.71,233.64,233.64,669,0
2018-02-26,22:00:00,234.13,234.29,233.97,234.07,3089,0
2018-02-27,16:00:00,234.06,234.73,234.06,234.08,1251,0
2018-02-27,17:00:00,234.2,234.38,232.56,232.56,751,0
2018-02-27,18:00:00,233,233,232.28,232.28,1312,0
2018-02-27,19:00:00,231.45,232.03,231.45,232.03,639,0
2018-02-27,20:00:00,232.71,232.75,232.46,232.46,46805,0
2018-02-27,21:00:00,232.07,232.07,231.92,231.92,401,0
2018-02-27,22:00:00,231.63,231.63,230.69,230.69,2700,0
2018-02-28,16:00:00,231.11,231.11,230.83,230.84,1614,0
2018-02-28,17:00:00,230.74,231.08,229.57,229.57,668,0
2018-02-28,18:00:00,229.87,229.87,228.87,229.14,532,0
2018-02-28,19:00:00,229.97,230.77,229.97,230.77,608,0
2018-02-28,20:00:00,230.52,230.52,229.8,229.8,1372,0
2018-02-28,21:00:00,230.56,230.67,229.66,229.66,442,0
2018-02-28,22:00:00,228.75,228.75,226.82,226.82,3262,0
2018-03-01,16:00:00,226.29,226.29,225.21,225.27,2560,0
2018-03-01,17:00:00,225.47,227.25,225.3,226.3,1495,0
2018-03-01,18:00:00,226.5,226.78,226.5,226.78,413,0
2018-03-01,19:00:00,228.03,228.03,226.52,226.52,521,0
2018-03-01,20:00:00,225.72,225.72,224.68,224.68,601,0
2018-03-01,21:00:00,223.8,224.69,223.41,224.69,2099,0
2018-03-01,22:00:00,224.59,225.96,224.59,225.23,1879,0
2018-03-02,16:00:00,223.43,224.74,223.43,224.74,985,0
2018-03-02,17:00:00,225.45,226.79,225.16,226.51,7955,0
2018-03-02,18:00:00,226.44,228.22,226.44,228.22,1502,0
2018-03-02,19:00:00,228.14,229.12,228.14,228.88,1263,0
2018-03-02,20:00:00,228.39,229.04,228.39,229,1329,0
2018-03-02,21:00:00,229.05,229.36,228.8,229.36,15880,0
2018-03-02,22:00:00,228.61,230.47,228.61,230.11,3431,0
2018-03-05,16:00:00,229.24,229.73,229.24,229.73,1278,0
2018-03-05,17:00:00,228.64,228.71,228.51,228.71,375,0
2018-03-05,18:00:00,230.44,230.44,230.44,230.44,152,0
2018-03-05,20:00:00,231.54,231.54,231.28,231.35,585,0
2018-03-05,21:00:00,230.67,231.69,230.62,231.69,1448,0
2018-03-05,22:00:00,231.84,232.15,231.32,231.32,3032,0
2018-03-06,16:00:00,232.03,232.03,231.33,231.33,784,0
2018-03-06,17:00:00,231.11,231.81,231.11,231.81,471,0
2018-03-06,18:00:00,230.05,231.39,230.05,231.25,610,0
2018-03-06,19:00:00,232.98,232.98,232.98,232.98,100,0
2018-03-06,20:00:00,232.92,232.93,232.4,232.4,956,0
2018-03-06,21:00:00,232.89,233.45,232.87,233.45,19282,0
2018-03-06,22:00:00,233.48,234.09,233.48,234,2786,0
2018-03-07,16:00:00,232.16,232.16,232.16,232.16,453,0
2018-03-07,17:00:00,233.46,235.47,233.46,235.47,532,0
2018-03-07,19:00:00,233.97,233.98,233.97,233.98,300,0
2018-03-07,20:00:00,234.83,234.93,234.37,234.52,912,0
2018-03-07,21:00:00,235.15,235.71,235.15,235.71,4210,0
2018-03-07,22:00:00,236.06,236.58,235.62,236.11,1895,0
2018-03-08,16:00:00,236.75,236.87,236.2,236.2,1502,0
2018-03-08,17:00:00,235.93,235.93,235.68,235.68,406,0
2018-03-08,18:00:00,235.66,235.66,235.66,235.66,100,0
2018-03-08,19:00:00,235.4,235.88,235.2,235.78,1892,0
2018-03-08,20:00:00,236.03,236.03,235.07,235.07,804,0
2018-03-08,21:00:00,235.35,235.89,235.35,235.89,551,0
2018-03-08,22:00:00,236.49,236.63,235.92,236.61,2105,0
2018-03-09,16:00:00,237.9,238.12,237.53,238.12,2555,0
2018-03-09,17:00:00,238.19,238.72,237.99,238.55,2240,0
2018-03-09,18:00:00,238.66,239.31,238.66,239.31,1014,0
2018-03-09,19:00:00,239.45,239.65,239.45,239.57,1043,0
2018-03-09,20:00:00,240.02,240.05,239.73,239.73,1302,0
2018-03-09,21:00:00,240.1,240.47,239.86,240.47,21596,0
2018-03-09,22:00:00,240.24,240.74,240.24,240.53,1325,0
2018-03-12,15:00:00,241.06,241.06,241.06,241.06,1936,0
2018-03-12,16:00:00,241.55,241.65,241.33,241.33,2481,0
2018-03-12,17:00:00,240.92,241.05,240.92,240.92,422,0
2018-03-12,18:00:00,241.65,241.65,241.65,241.65,100,0
2018-03-12,19:00:00,241.54,241.74,241.46,241.74,982,0
2018-03-12,20:00:00,241.12,241.14,240.98,241.13,4565,0
2018-03-12,21:00:00,241.25,241.43,240.87,240.87,3714,0
2018-03-13,15:00:00,241.99,241.99,241.99,241.99,137,0
2018-03-13,16:00:00,241.88,242.05,241.39,241.39,915,0
2018-03-13,17:00:00,241.01,241.01,240.29,240.64,925,0
2018-03-13,18:00:00,239.91,241.02,239.91,240.85,368,0
2018-03-13,19:00:00,241.07,241.07,240.82,240.82,957,0
2018-03-13,20:00:00,240.56,240.63,240.56,240.63,233,0
2018-03-13,21:00:00,240.21,240.37,239.76,240.18,8423,0
2018-03-14,15:00:00,241.04,241.04,241.04,241.04,189,0
2018-03-14,16:00:00,240.68,241.35,240.47,240.84,758,0
2018-03-14,17:00:00,239.69,239.69,239.21,239.58,935,0
2018-03-14,18:00:00,239.53,239.53,239.4,239.4,251,0
2018-03-14,19:00:00,239.95,240.58,239.95,240.58,576,0
2018-03-14,20:00:00,239.65,239.65,239.46,239.46,484,0
2018-03-14,21:00:00,239.74,239.74,239.19,239.54,4724,0
2018-03-15,15:00:00,240.22,240.22,240.22,240.22,521,0
2018-03-15,16:00:00,238.96,238.99,238.6,238.81,1099,0
2018-03-15,17:00:00,239.16,239.45,239.07,239.07,1121,0
2018-03-15,18:00:00,239.09,239.09,238.6,238.74,620,0
2018-03-15,19:00:00,238.49,238.62,238.49,238.56,888,0
2018-03-15,20:00:00,237.98,237.98,237.71,237.71,546,0
2018-03-15,21:00:00,238.05,238.41,237.77,238.41,2502,0
2018-03-16,15:00:00,238.45,238.45,238.45,238.45,428,0
2018-03-16,16:00:00,238.64,239.56,238.64,239.56,326,0
2018-03-16,17:00:00,239.51,239.95,239.51,239.78,1087,0
2018-03-16,18:00:00,239.71,239.96,239.71,239.94,1002,0
2018-03-16,19:00:00,239.65,239.65,239.25,239.25,589,0
2018-03-16,20:00:00,239.19,239.52,239.19,239.52,2091,0
2018-03-16,21:00:00,239.68,240.06,239.47,239.83,2889,0
2018-03-19,15:00:00,239.38,239.38,238,238,1061,0
2018-03-19,16:00:00,237.29,237.39,236.93,236.93,350,0
2018-03-19,17:00:00,237.0552,237.0552,235.84,235.84,829,0
2018-03-19,18:00:00,236.03,236.645,235.6,236.035,1060,0
2018-03-19,19:00:00,235.71,235.71,235.37,235.52,400,0
2018-03-19,20:00:00,236.19,236.31,235.83,236.31,1254,0
2018-03-19,21:00:00,236.244,237.82,236.18,237.41,5002,0
2018-03-20,15:00:00,238.02,238.34,238.02,238.34,318,0
2018-03-20,16:00:00,238.5427,238.5427,238.24,238.24,366,0
2018-03-20,17:00:00,238.196,238.196,237.4452,237.4452,2116,0
2018-03-20,18:00:00,238.2078,238.2078,238.15,238.15,570,0
2018-03-20,19:00:00,238.0398,238.0398,237.61,237.61,565,0
2018-03-20,20:00:00,238.5301,238.65,238.5301,238.585,900,0
2018-03-20,21:00:00,238.76,238.76,238.21,238.21,4555,0
2018-03-21,15:00:00,238.27,238.8099,238.27,238.59,567,0
2018-03-21,16:00:00,238.8,239.63,238.8,239.63,901,0
2018-03-21,17:00:00,239.4098,239.96,239.33,239.96,2671,0
2018-03-21,18:00:00,239.63,239.63,239.43,239.43,662,0
2018-03-21,19:00:00,239.33,239.52,239.1,239.52,1700,0
2018-03-21,20:00:00,239.75,240.2,238.8,238.8,910,0
2018-03-21,21:00:00,239.6,240.19,239.04,239.04,3154,0
2018-03-22,15:00:00,237.06,238.22,237.06,238.22,743,0
2018-03-22,16:00:00,238.07,238.48,237.73,237.73,1568,0
2018-03-22,17:00:00,236.98,236.99,236.3,236.32,2271,0
2018-03-22,19:00:00,237.383,238.4904,237.383,238.4904,300,0
2018-03-22,20:00:00,237.7501,237.7501,236.7095,236.7095,733,0
2018-03-22,21:00:00,236.78,236.78,234.17,234.17,3959,0
2018-03-23,15:00:00,234.38,235.1,233.9397,233.9397,1766,0
2018-03-23,16:00:00,233.6581,234.0699,232.976,233.605,3672,0
2018-03-23,17:00:00,233.33,233.33,231.5512,231.5512,726,0
2018-03-23,18:00:00,232.195,232.195,232.035,232.11,1295,0
2018-03-23,19:00:00,233.22,233.22,232.8,232.8,300,0
2018-03-23,20:00:00,233.5131,233.5131,231.465,231.465,242,0
2018-03-23,21:00:00,230.5,231.3,229.11,229.14,10726,0
2018-03-26,16:00:00,231.94,232.34,231.3392,231.807,3327,0
2018-03-26,17:00:00,231.52,231.5897,230.765,230.8843,2814,0
2018-03-26,18:00:00,230.89,230.94,229.9487,230.72,1456,0
2018-03-26,19:00:00,231.12,231.5898,230.23,230.23,2035,0
2018-03-26,20:00:00,230.565,231.34,230.49,231.34,7785,0
2018-03-26,21:00:00,231.4716,232.75,231.4716,232.58,1323,0
2018-03-26,22:00:00,233,234.21,233,234.21,4501,0
2018-03-27,16:00:00,235.14,235.14,233.095,233.235,4641,0
2018-03-27,17:00:00,234.232,234.232,233.31,233.6921,763,0
2018-03-27,18:00:00,233.4399,234.525,233.2443,234.4352,1911,0
2018-03-27,19:00:00,234,234,233.42,233.42,320,0
2018-03-27,20:00:00,233.81,233.81,232.54,232.54,927,0
2018-03-27,21:00:00,232.61,233.12,232.17,232.17,7938,0
2018-03-27,22:00:00,231.5967,231.5967,229.721,230.11,2212,0
2018-03-28,16:00:00,230.46,230.72,230.13,230.13,1661,0
2018-03-28,17:00:00,230.32,230.76,228.91,229.32,2428,0
2018-03-28,18:00:00,230,230.25,228.68,230.1,2276,0
2018-03-28,19:00:00,229.8087,230.91,229.67,229.67,1775,0
2018-03-28,20:00:00,229.31,231.03,229.31,231.01,1238,0
2018-03-28,21:00:00,230.66,230.86,230.37,230.6215,592,0
2018-03-28,22:00:00,229.75,230.16,229.42,230.016,3944,0
2018-03-29,16:00:00,231.3,231.3,230.78,230.78,301,0
2018-03-29,17:00:00,230.64,233.02,230.64,233.02,400,0
2018-03-29,18:00:00,232.74,232.74,232.0894,232.0894,505,0
2018-03-29,19:00:00,232.47,233.1,232.27,233.1,1123,0
2018-03-29,20:00:00,233.44,233.58,233.44,233.58,840,0
2018-03-29,21:00:00,233.78,234.49,233.68,234.18,1677,0
2018-03-29,22:00:00,234.11,234.14,232.58,232.58,27995,0
