Date,Time,Open,High,Low,Close,Volume,OpenInt
2017-09-05,16:00:00,22.522,22.522,22.387,22.462,83773,0
2017-09-05,17:00:00,22.492,22.771,22.463,22.726,64506,0
2017-09-05,18:00:00,22.73,22.791,22.612,22.612,37281,0
2017-09-05,19:00:00,22.61,22.861,22.61,22.801,536365,0
2017-09-05,20:00:00,22.791,22.901,22.722,22.742,61850,0
2017-09-05,21:00:00,22.721,22.871,22.721,22.871,35493,0
2017-09-05,22:00:00,22.872,22.94,22.836,22.921,103277,0
2017-09-06,16:00:00,22.96,22.96,22.871,22.95,119340,0
2017-09-06,17:00:00,22.911,22.99,22.831,22.931,28066,0
2017-09-06,18:00:00,22.911,23.069,22.891,22.975,41678,0
2017-09-06,19:00:00,22.975,23.01,22.731,22.731,27844,0
2017-09-06,20:00:00,22.721,22.731,22.518,22.518,23883,0
2017-09-06,21:00:00,22.512,22.542,22.393,22.507,21733,0
2017-09-06,22:00:00,22.472,22.522,22.462,22.522,101468,0
2017-09-07,16:00:00,22.741,22.96,22.701,22.958,36201,0
2017-09-07,17:00:00,22.96,23.239,22.96,23.239,35889,0
2017-09-07,18:00:00,23.251,23.348,23.219,23.249,43983,0
2017-09-07,19:00:00,23.202,23.209,23.039,23.039,14317,0
2017-09-07,20:00:00,23.02,23.079,22.951,23.079,15089,0
2017-09-07,21:00:00,23.096,23.109,23,23.029,3953,0
2017-09-07,22:00:00,23.041,23.219,23.041,23.219,23260,0
2017-09-08,16:00:00,23.139,23.139,22.97,22.971,14482,0
2017-09-08,17:00:00,23.029,23.029,22.841,22.891,50935,0
2017-09-08,18:00:00,22.903,22.99,22.831,22.99,36752,0
2017-09-08,19:00:00,22.98,23.049,22.881,22.93,23481,0
2017-09-08,20:00:00,22.911,22.949,22.881,22.901,3125,0
2017-09-08,21:00:00,22.938,22.97,22.921,22.96,12786,0
2017-09-08,22:00:00,23.019,23.109,23.01,23.069,15876,0
2017-09-11,16:00:00,22.482,22.522,22.411,22.522,54589,0
2017-09-11,17:00:00,22.502,22.512,22.333,22.348,387149,0
2017-09-11,18:00:00,22.343,22.402,22.25,22.274,220514,0
2017-09-11,19:00:00,22.273,22.323,22.229,22.319,16739,0
2017-09-11,20:00:00,22.323,22.333,22.134,22.164,25207,0
2017-09-11,21:00:00,22.164,22.363,22.121,22.284,25476,0
2017-09-11,22:00:00,22.264,22.264,22.164,22.244,201493,0
2017-09-12,16:00:00,22.024,22.044,21.855,21.895,118876,0
2017-09-12,17:00:00,21.905,21.945,21.855,21.895,29163,0
2017-09-12,18:00:00,21.876,21.905,21.805,21.855,20221,0
2017-09-12,19:00:00,21.835,21.895,21.805,21.875,25595,0
2017-09-12,20:00:00,21.835,21.885,21.756,21.825,61657,0
2017-09-12,21:00:00,21.835,21.895,21.776,21.865,14928,0
2017-09-12,22:00:00,21.865,21.905,21.835,21.885,181762,0
2017-09-13,16:00:00,21.945,21.945,21.845,21.845,50709,0
2017-09-13,17:00:00,21.815,21.864,21.795,21.845,14708,0
2017-09-13,18:00:00,21.845,21.845,21.726,21.785,13549,0
2017-09-13,19:00:00,21.793,21.793,21.736,21.756,9787,0
2017-09-13,20:00:00,21.696,21.795,21.686,21.733,19722,0
2017-09-13,21:00:00,21.745,21.746,21.637,21.637,9447,0
2017-09-13,22:00:00,21.636,21.671,21.607,21.637,105823,0
2017-09-14,16:00:00,21.657,21.756,21.585,21.662,20720,0
2017-09-14,17:00:00,21.716,21.795,21.68,21.746,8768,0
2017-09-14,18:00:00,21.746,21.793,21.736,21.793,4451,0
2017-09-14,19:00:00,21.785,21.785,21.676,21.686,1411,0
2017-09-14,20:00:00,21.667,21.794,21.667,21.771,7201,0
2017-09-14,21:00:00,21.786,21.814,21.697,21.766,7558,0
2017-09-14,22:00:00,21.776,21.885,21.746,21.885,60891,0
2017-09-15,16:00:00,21.945,21.974,21.875,21.935,36942,0
2017-09-15,17:00:00,21.885,21.905,21.736,21.776,19138,0
2017-09-15,18:00:00,21.785,21.875,21.785,21.865,24048,0
2017-09-15,19:00:00,21.895,21.925,21.875,21.9,42332,0
2017-09-15,20:00:00,21.885,21.885,21.835,21.875,11562,0
2017-09-15,21:00:00,21.846,21.875,21.825,21.875,9733,0
2017-09-15,22:00:00,21.885,21.905,21.865,21.905,210295,0
2017-09-18,16:00:00,21.696,21.746,21.676,21.688,42700,0
2017-09-18,17:00:00,21.706,21.736,21.527,21.547,134492,0
2017-09-18,18:00:00,21.548,21.617,21.537,21.558,61163,0
2017-09-18,19:00:00,21.567,21.567,21.517,21.527,121133,0
2017-09-18,20:00:00,21.517,21.527,21.377,21.377,37759,0
2017-09-18,21:00:00,21.367,21.572,21.367,21.457,150121,0
2017-09-18,22:00:00,21.457,21.577,21.448,21.547,154400,0
2017-09-19,16:00:00,21.577,21.597,21.492,21.527,71829,0
2017-09-19,17:00:00,21.527,21.527,21.407,21.452,285955,0
2017-09-19,18:00:00,21.428,21.477,21.348,21.417,49700,0
2017-09-19,19:00:00,21.427,21.437,21.318,21.397,34568,0
2017-09-19,20:00:00,21.387,21.397,21.338,21.387,12189,0
2017-09-19,21:00:00,21.357,21.447,21.313,21.367,30790,0
2017-09-19,22:00:00,21.357,21.437,21.348,21.348,419323,0
2017-09-20,16:00:00,21.427,21.427,21.338,21.427,15148,0
2017-09-20,17:00:00,21.426,21.452,21.397,21.417,19077,0
2017-09-20,18:00:00,21.447,21.447,21.308,21.308,122478,0
2017-09-20,19:00:00,21.298,21.321,21.248,21.3,33812,0
2017-09-20,20:00:00,21.338,21.426,21.328,21.417,8119,0
2017-09-20,21:00:00,21.342,21.367,21.099,21.248,84498,0
2017-09-20,22:00:00,21.228,21.417,21.198,21.417,79630,0
2017-09-21,16:00:00,21.497,21.723,21.497,21.648,111970,0
2017-09-21,17:00:00,21.647,21.666,21.467,21.467,13456,0
2017-09-21,18:00:00,21.547,21.627,21.532,21.567,24210,0
2017-09-21,19:00:00,21.528,21.547,21.437,21.467,277778,0
2017-09-21,20:00:00,21.417,21.487,21.397,21.447,12049,0
2017-09-21,21:00:00,21.407,21.504,21.383,21.409,217871,0
2017-09-21,22:00:00,21.414,21.497,21.357,21.357,76705,0
2017-09-22,16:00:00,21.676,21.815,21.676,21.696,41609,0
2017-09-22,17:00:00,21.716,21.735,21.627,21.663,30418,0
2017-09-22,18:00:00,21.695,21.695,21.498,21.577,15074,0
2017-09-22,19:00:00,21.579,21.587,21.487,21.587,25132,0
2017-09-22,20:00:00,21.517,21.594,21.467,21.569,37833,0
2017-09-22,21:00:00,21.597,21.696,21.557,21.567,31357,0
2017-09-22,22:00:00,21.556,21.573,21.508,21.537,22387,0
2017-09-25,16:00:00,21.617,21.696,21.544,21.696,51851,0
2017-09-25,17:00:00,21.667,21.955,21.667,21.935,544780,0
2017-09-25,18:00:00,21.945,22.074,21.895,21.945,100274,0
2017-09-25,19:00:00,21.946,22.014,21.899,21.915,86075,0
2017-09-25,20:00:00,21.925,21.972,21.905,21.925,28109,0
2017-09-25,21:00:00,21.915,21.985,21.89,21.985,30070,0
2017-09-25,22:00:00,21.985,22.034,21.905,21.905,179881,0
2017-09-26,16:00:00,21.815,21.825,21.716,21.766,23071,0
2017-09-26,17:00:00,21.766,21.825,21.647,21.667,53735,0
2017-09-26,18:00:00,21.667,21.747,21.667,21.736,18106,0
2017-09-26,19:00:00,21.726,21.815,21.647,21.736,35816,0
2017-09-26,20:00:00,21.716,21.865,21.696,21.85,6841,0
2017-09-26,21:00:00,21.844,21.875,21.766,21.845,19600,0
2017-09-26,22:00:00,21.835,21.845,21.746,21.845,34744,0
2017-09-27,16:00:00,20.83,20.93,20.82,20.9,282387,0
2017-09-27,17:00:00,20.91,21.039,20.8,21,595068,0
2017-09-27,18:00:00,20.99,21.049,20.9,20.94,34943,0
2017-09-27,19:00:00,20.925,20.97,20.88,20.89,63166,0
2017-09-27,20:00:00,20.9,20.91,20.75,20.794,73570,0
2017-09-27,21:00:00,20.81,20.83,20.711,20.77,67194,0
2017-09-27,22:00:00,20.76,20.87,20.73,20.87,100802,0
2017-09-28,16:00:00,20.472,20.588,20.472,20.571,187744,0
2017-09-28,17:00:00,20.522,20.601,20.383,20.462,60017,0
2017-09-28,18:00:00,20.462,20.542,20.443,20.472,26949,0
2017-09-28,19:00:00,20.452,20.641,20.452,20.631,37823,0
2017-09-28,20:00:00,20.631,20.711,20.581,20.611,19672,0
2017-09-28,21:00:00,20.611,20.722,20.611,20.701,21074,0
2017-09-28,22:00:00,20.711,20.72,20.631,20.631,44012,0
2017-09-29,16:00:00,20.8,20.82,20.542,20.581,101150,0
2017-09-29,17:00:00,20.601,20.77,20.581,20.77,48456,0
2017-09-29,18:00:00,20.74,20.82,20.706,20.721,47328,0
2017-09-29,19:00:00,20.72,20.79,20.72,20.76,11244,0
2017-09-29,20:00:00,20.78,20.862,20.769,20.83,11837,0
2017-09-29,21:00:00,20.83,20.91,20.82,20.83,28911,0
2017-09-29,22:00:00,20.8,20.854,20.731,20.77,70541,0
2017-10-02,16:00:00,20.9,21.02,20.87,20.89,736941,0
2017-10-02,17:00:00,20.87,21,20.725,20.9,178009,0
2017-10-02,18:00:00,20.88,20.88,20.745,20.841,229878,0
2017-10-02,19:00:00,20.85,20.88,20.73,20.73,56313,0
2017-10-02,20:00:00,20.73,20.769,20.661,20.74,63005,0
2017-10-02,21:00:00,20.75,20.8,20.711,20.76,45057,0
2017-10-02,22:00:00,20.76,20.76,20.651,20.651,168629,0
2017-10-03,16:00:00,20.482,20.611,20.462,20.611,49981,0
2017-10-03,17:00:00,20.621,20.731,20.601,20.701,136151,0
2017-10-03,18:00:00,20.711,20.759,20.611,20.681,33389,0
2017-10-03,19:00:00,20.679,20.691,20.641,20.651,37369,0
2017-10-03,20:00:00,20.651,20.682,20.565,20.639,13632,0
2017-10-03,21:00:00,20.641,20.684,20.619,20.681,11345,0
2017-10-03,22:00:00,20.651,20.769,20.651,20.671,86221,0
2017-10-04,16:00:00,20.76,20.809,20.691,20.711,14468,0
2017-10-04,17:00:00,20.691,20.701,20.502,20.542,36022,0
2017-10-04,18:00:00,20.561,20.571,20.492,20.522,281653,0
2017-10-04,19:00:00,20.522,20.601,20.472,20.588,291066,0
2017-10-04,20:00:00,20.581,20.651,20.581,20.641,11965,0
2017-10-04,21:00:00,20.661,20.661,20.611,20.62,115659,0
2017-10-04,22:00:00,20.653,20.74,20.651,20.72,483728,0
2017-10-05,16:00:00,20.621,20.631,20.512,20.591,23512,0
2017-10-05,17:00:00,20.543,20.632,20.502,20.532,475449,0
2017-10-05,18:00:00,20.502,20.502,20.363,20.422,471050,0
2017-10-05,19:00:00,20.403,20.472,20.363,20.452,48922,0
2017-10-05,20:00:00,20.452,20.522,20.429,20.502,169830,0
2017-10-05,21:00:00,20.512,20.532,20.442,20.472,53418,0
2017-10-05,22:00:00,20.472,20.542,20.472,20.482,69132,0
2017-10-06,16:00:00,20.173,20.184,20.054,20.083,110415,0
2017-10-06,17:00:00,20.054,20.432,20.03,20.403,81065,0
2017-10-06,18:00:00,20.452,20.561,20.442,20.482,55880,0
2017-10-06,19:00:00,20.492,20.522,20.412,20.462,21582,0
2017-10-06,20:00:00,20.453,20.472,20.373,20.412,25002,0
2017-10-06,21:00:00,20.422,20.432,20.313,20.333,29524,0
2017-10-06,22:00:00,20.353,20.353,20.283,20.303,57242,0
2017-10-09,17:00:00,20.343,20.416,20.336,20.416,15910,0
2017-10-09,18:00:00,20.412,20.452,20.412,20.45,14887,0
2017-10-09,19:00:00,20.442,20.462,20.442,20.452,9608,0
2017-10-09,20:00:00,20.452,20.502,20.449,20.502,8164,0
2017-10-09,21:00:00,20.482,20.509,20.442,20.442,39899,0
2017-10-09,22:00:00,20.442,20.542,20.442,20.482,211954,0
2017-10-10,16:00:00,20.502,20.72,20.502,20.711,728868,0
2017-10-10,17:00:00,20.72,20.93,20.72,20.91,110694,0
2017-10-10,18:00:00,20.923,20.927,20.751,20.751,39387,0
2017-10-10,19:00:00,20.77,20.77,20.681,20.706,14902,0
2017-10-10,20:00:00,20.691,20.76,20.611,20.645,13708,0
2017-10-10,21:00:00,20.641,20.671,20.63,20.631,42483,0
2017-10-10,22:00:00,20.611,20.661,20.581,20.601,61281,0
2017-10-11,16:00:00,20.78,20.81,20.75,20.79,65282,0
2017-10-11,17:00:00,20.785,20.8,20.668,20.724,11080,0
2017-10-11,18:00:00,20.738,20.82,20.701,20.701,5515,0
2017-10-11,19:00:00,20.708,20.708,20.641,20.681,7238,0
2017-10-11,20:00:00,20.658,20.75,20.64,20.661,12476,0
2017-10-11,21:00:00,20.661,20.77,20.661,20.691,12081,0
2017-10-11,22:00:00,20.701,20.76,20.651,20.73,226396,0
2017-10-12,16:00:00,20.76,20.81,20.701,20.701,13686,0
2017-10-12,17:00:00,20.695,20.75,20.631,20.748,265985,0
2017-10-12,18:00:00,20.73,20.76,20.661,20.661,25435,0
2017-10-12,19:00:00,20.671,20.74,20.621,20.74,120589,0
2017-10-12,20:00:00,20.75,20.95,20.74,20.93,399433,0
2017-10-12,21:00:00,20.93,20.98,20.875,20.95,59209,0
2017-10-12,22:00:00,20.938,20.99,20.9,20.97,153941,0
2017-10-13,16:00:00,21.318,21.338,21.228,21.228,86859,0
2017-10-13,17:00:00,21.228,21.238,21.083,21.188,59603,0
2017-10-13,18:00:00,21.198,21.288,21.188,21.221,28809,0
2017-10-13,19:00:00,21.226,21.367,21.226,21.357,61969,0
2017-10-13,20:00:00,21.348,21.447,21.348,21.441,41535,0
2017-10-13,21:00:00,21.467,21.467,21.387,21.417,19963,0
2017-10-13,22:00:00,21.417,21.457,21.372,21.437,77909,0
2017-10-16,16:00:00,21.268,21.338,21.188,21.237,28104,0
2017-10-16,17:00:00,21.228,21.377,21.186,21.357,44312,0
2017-10-16,18:00:00,21.357,21.417,21.268,21.397,46922,0
2017-10-16,19:00:00,21.397,21.442,21.387,21.437,37343,0
2017-10-16,20:00:00,21.427,21.437,21.338,21.427,553254,0
2017-10-16,21:00:00,21.417,21.418,21.238,21.318,49736,0
2017-10-16,22:00:00,21.308,21.402,21.288,21.397,39686,0
2017-10-17,16:00:00,21.178,21.351,21.178,21.318,11971,0
2017-10-17,17:00:00,21.308,21.517,21.278,21.467,40791,0
2017-10-17,18:00:00,21.467,21.487,21.417,21.417,37492,0
2017-10-17,19:00:00,21.417,21.447,21.389,21.427,33165,0
2017-10-17,20:00:00,21.417,21.496,21.387,21.477,38395,0
2017-10-17,21:00:00,21.467,21.517,21.427,21.517,592987,0
2017-10-17,22:00:00,21.487,21.497,21.437,21.477,55464,0
2017-10-18,16:00:00,20.99,21.059,20.85,20.87,98566,0
2017-10-18,17:00:00,20.85,21.01,20.81,20.97,294044,0
2017-10-18,18:00:00,20.95,21.01,20.89,20.98,585072,0
2017-10-18,19:00:00,20.98,21.039,20.97,21.007,324061,0
2017-10-18,20:00:00,21.01,21.01,20.969,20.97,10011,0
2017-10-18,21:00:00,20.977,21,20.94,20.96,20062,0
2017-10-18,22:00:00,20.96,21.049,20.95,21.049,241267,0
2017-10-19,16:00:00,21.348,21.427,21.278,21.407,178852,0
2017-10-19,17:00:00,21.433,21.477,21.397,21.407,40910,0
2017-10-19,18:00:00,21.417,21.47,21.308,21.357,20745,0
2017-10-19,19:00:00,21.367,21.377,21.268,21.288,14322,0
2017-10-19,20:00:00,21.268,21.298,21.198,21.298,557106,0
2017-10-19,21:00:00,21.298,21.308,21.198,21.238,99213,0
2017-10-19,22:00:00,21.228,21.338,21.119,21.119,677233,0
2017-10-20,16:00:00,20.452,20.542,20.452,20.482,596160,0
2017-10-20,17:00:00,20.462,20.552,20.442,20.472,47075,0
2017-10-20,18:00:00,20.472,20.5,20.307,20.333,50245,0
2017-10-20,19:00:00,20.412,20.591,20.372,20.482,518904,0
2017-10-20,20:00:00,20.512,20.512,20.441,20.461,42230,0
2017-10-20,21:00:00,20.482,20.571,20.403,20.481,449162,0
2017-10-20,22:00:00,20.472,20.512,20.423,20.492,123311,0
2017-10-23,16:00:00,20.552,20.671,20.542,20.671,49810,0
2017-10-23,17:00:00,20.681,20.701,20.571,20.631,50209,0
2017-10-23,18:00:00,20.626,20.661,20.601,20.642,21085,0
2017-10-23,19:00:00,20.661,20.691,20.581,20.581,312981,0
2017-10-23,20:00:00,20.591,20.601,20.509,20.532,489848,0
2017-10-23,21:00:00,20.522,20.591,20.482,20.542,43591,0
2017-10-23,22:00:00,20.542,20.601,20.512,20.571,76746,0
2017-10-24,16:00:00,20.153,20.253,20.133,20.253,46889,0
2017-10-24,17:00:00,20.233,20.313,20.183,20.193,65881,0
2017-10-24,18:00:00,20.192,20.213,20.143,20.183,33466,0
2017-10-24,19:00:00,20.173,20.183,20.132,20.171,14826,0
2017-10-24,20:00:00,20.173,20.193,20.143,20.175,19637,0
2017-10-24,21:00:00,20.193,20.243,20.169,20.173,54856,0
2017-10-24,22:00:00,20.163,20.213,20.044,20.203,90327,0
2017-10-25,16:00:00,19.756,19.785,19.696,19.756,164627,0
2017-10-25,17:00:00,19.726,19.815,19.686,19.805,283545,0
2017-10-25,18:00:00,19.805,19.925,19.785,19.835,72070,0
2017-10-25,19:00:00,19.835,19.963,19.805,19.875,47781,0
2017-10-25,20:00:00,19.885,19.935,19.835,19.845,51363,0
2017-10-25,21:00:00,19.835,19.915,19.795,19.845,32596,0
2017-10-25,22:00:00,19.855,19.954,19.855,19.915,89405,0
2017-10-26,16:00:00,19.974,20.004,19.865,19.895,76727,0
2017-10-26,17:00:00,19.885,19.905,19.766,19.775,28907,0
2017-10-26,18:00:00,19.795,19.935,19.696,19.925,57914,0
2017-10-26,19:00:00,19.905,19.905,19.845,19.885,12824,0
2017-10-26,20:00:00,19.905,19.905,19.696,19.775,237113,0
2017-10-26,21:00:00,19.775,19.825,19.746,19.756,22989,0
2017-10-26,22:00:00,19.746,19.775,19.696,19.706,65605,0
2017-10-27,16:00:00,19.915,20.004,19.875,19.875,44729,0
2017-10-27,17:00:00,19.875,20.064,19.855,20.024,599278,0
2017-10-27,18:00:00,20.034,20.084,19.954,20.024,36150,0
2017-10-27,19:00:00,20.024,20.044,19.974,19.989,311469,0
2017-10-27,20:00:00,19.994,20.004,19.964,19.994,11927,0
2017-10-27,21:00:00,19.984,20.054,19.984,20.024,190303,0
2017-10-27,22:00:00,20.024,20.103,20.014,20.084,315702,0
2017-10-30,15:00:00,20.373,20.403,20.293,20.323,39430,0
2017-10-30,16:00:00,20.333,20.353,20.233,20.283,176932,0
2017-10-30,17:00:00,20.283,20.462,20.253,20.422,86745,0
2017-10-30,18:00:00,20.403,20.502,20.403,20.492,45696,0
2017-10-30,19:00:00,20.482,20.502,20.442,20.482,36606,0
2017-10-30,20:00:00,20.462,20.611,20.462,20.611,36888,0
2017-10-30,21:00:00,20.601,20.666,20.581,20.661,158025,0
2017-10-31,15:00:00,20.671,20.74,20.651,20.701,47331,0
2017-10-31,16:00:00,20.681,20.76,20.651,20.711,59657,0
2017-10-31,17:00:00,20.691,20.72,20.661,20.661,25483,0
2017-10-31,18:00:00,20.681,20.703,20.641,20.701,22754,0
2017-10-31,19:00:00,20.694,20.702,20.671,20.671,9196,0
2017-10-31,20:00:00,20.681,20.74,20.651,20.681,36066,0
2017-10-31,21:00:00,20.681,20.73,20.661,20.661,57448,0
2017-11-01,15:00:00,20.73,20.84,20.711,20.805,73823,0
2017-11-01,16:00:00,20.83,21.026,20.811,20.99,114115,0
2017-11-01,17:00:00,21.022,21.109,20.995,21.02,47854,0
2017-11-01,18:00:00,21,21.059,20.98,21.029,16801,0
2017-11-01,19:00:00,21.017,21.129,21,21,43421,0
2017-11-01,20:00:00,21.074,21.102,20.83,20.85,57458,0
2017-11-01,21:00:00,20.87,20.955,20.85,20.95,58204,0
2017-11-02,15:00:00,21.059,21.089,21.02,21.049,23768,0
2017-11-02,16:00:00,21.049,21.318,21.045,21.099,66135,0
2017-11-02,17:00:00,21.109,21.258,21.059,21.248,79011,0
2017-11-02,18:00:00,21.248,21.258,21.109,21.198,24867,0
2017-11-02,19:00:00,21.208,21.298,21.199,21.26,31453,0
2017-11-02,20:00:00,21.267,21.278,21.178,21.208,16524,0
2017-11-02,21:00:00,21.248,21.268,21.188,21.218,83009,0
2017-11-03,15:00:00,21.288,21.348,21.278,21.318,28883,0
2017-11-03,16:00:00,21.298,21.327,21.179,21.198,50851,0
2017-11-03,17:00:00,21.188,21.367,21.119,21.266,145141,0
2017-11-03,18:00:00,21.268,21.328,21.258,21.318,22250,0
2017-11-03,19:00:00,21.318,21.387,21.298,21.382,20967,0
2017-11-03,20:00:00,21.387,21.397,21.288,21.288,17445,0
2017-11-03,21:00:00,21.308,21.412,21.308,21.407,80057,0
2017-11-06,16:00:00,21.547,21.597,21.496,21.577,81607,0
2017-11-06,17:00:00,21.567,21.597,21.417,21.527,178292,0
2017-11-06,18:00:00,21.537,21.567,21.487,21.518,46999,0
2017-11-06,19:00:00,21.537,21.607,21.527,21.557,27741,0
2017-11-06,20:00:00,21.563,21.667,21.563,21.667,24926,0
2017-11-06,21:00:00,21.665,21.667,21.577,21.607,25593,0
2017-11-06,22:00:00,21.607,21.637,21.587,21.627,65282,0
2017-11-07,16:00:00,21.676,21.756,21.637,21.679,25592,0
2017-11-07,17:00:00,21.676,21.845,21.667,21.835,53493,0
2017-11-07,19:00:00,21.925,21.955,21.895,21.925,16047,0
2017-11-07,20:00:00,21.932,21.932,21.835,21.855,11147,0
2017-11-07,21:00:00,21.835,21.945,21.825,21.915,16701,0
2017-11-07,22:00:00,21.895,21.965,21.795,21.875,71182,0
2017-11-08,16:00:00,21.875,21.969,21.855,21.939,14190,0
2017-11-08,17:00:00,21.905,21.922,21.816,21.835,19717,0
2017-11-08,18:00:00,21.815,21.895,21.795,21.835,13170,0
2017-11-08,19:00:00,21.83,21.845,21.706,21.751,26531,0
2017-11-08,20:00:00,21.736,21.825,21.719,21.756,8345,0
2017-11-08,21:00:00,21.756,21.795,21.736,21.756,6959,0
2017-11-08,22:00:00,21.766,21.766,21.671,21.746,65327,0
2017-11-09,16:00:00,21.507,21.596,21.467,21.577,33458,0
2017-11-09,17:00:00,21.557,21.557,21.397,21.397,18124,0
2017-11-09,18:00:00,21.398,21.487,21.318,21.427,48353,0
2017-11-09,19:00:00,21.437,21.577,21.437,21.507,17041,0
2017-11-09,20:00:00,21.577,21.676,21.522,21.557,21211,0
2017-11-09,21:00:00,21.557,21.577,21.477,21.512,30599,0
2017-11-09,22:00:00,21.488,21.567,21.457,21.567,49416,0
2017-11-10,16:00:00,20.91,20.96,20.86,20.9,73840,0
2017-11-10,17:00:00,20.91,20.93,20.77,20.775,317977,0
2017-11-10,18:00:00,20.77,20.79,20.642,20.711,41098,0
2017-11-10,19:00:00,20.681,20.681,20.562,20.581,294207,0
2017-11-10,20:00:00,20.571,20.621,20.522,20.621,19500,0
2017-11-10,21:00:00,20.641,20.694,20.571,20.641,19128,0
2017-11-10,22:00:00,20.66,20.666,20.561,20.621,95464,0
2017-11-13,16:00:00,20.95,20.95,20.85,20.87,31185,0
2017-11-13,17:00:00,20.85,20.871,20.716,20.82,20457,0
2017-11-13,18:00:00,20.78,20.85,20.691,20.82,9500,0
2017-11-13,19:00:00,20.78,20.85,20.78,20.83,4695,0
2017-11-13,20:00:00,20.81,20.83,20.76,20.83,97300,0
2017-11-13,21:00:00,20.827,20.85,20.711,20.73,17960,0
2017-11-13,22:00:00,20.711,20.77,20.701,20.72,43625,0
2017-11-14,16:00:00,20.9,21.099,20.9,21.079,87348,0
2017-11-14,17:00:00,21.119,21.149,21.01,21.049,62894,0
2017-11-14,18:00:00,21.049,21.089,21.01,21.01,238611,0
2017-11-14,19:00:00,21,21.129,21,21.119,329232,0
2017-11-14,20:00:00,21.119,21.129,21.059,21.069,8350,0
2017-11-14,21:00:00,21.039,21.059,21.03,21.049,5855,0
2017-11-14,22:00:00,21.049,21.119,21.03,21.099,78325,0
2017-11-15,16:00:00,21.547,21.731,21.547,21.686,47769,0
2017-11-15,17:00:00,21.607,21.629,21.397,21.437,31255,0
2017-11-15,18:00:00,21.407,21.417,21.348,21.398,17708,0
2017-11-15,19:00:00,21.427,21.576,21.427,21.562,20656,0
2017-11-15,20:00:00,21.547,21.647,21.517,21.647,19900,0
2017-11-15,21:00:00,21.646,21.717,21.627,21.706,24364,0
2017-11-15,22:00:00,21.726,21.865,21.706,21.835,162560,0
2017-11-16,16:00:00,21.547,21.696,21.498,21.607,77942,0
2017-11-16,17:00:00,21.607,21.647,21.477,21.567,56081,0
2017-11-16,18:00:00,21.592,21.647,21.537,21.537,37460,0
2017-11-16,19:00:00,21.527,21.597,21.527,21.557,12012,0
2017-11-16,20:00:00,21.537,21.567,21.477,21.546,12578,0
2017-11-16,21:00:00,21.577,21.591,21.407,21.407,44357,0
2017-11-16,22:00:00,21.397,21.427,21.238,21.238,210131,0
2017-11-17,16:00:00,21.547,21.596,21.517,21.567,38703,0
2017-11-17,17:00:00,21.587,21.656,21.517,21.597,41244,0
2017-11-17,18:00:00,21.596,21.726,21.567,21.706,29533,0
2017-11-17,19:00:00,21.726,21.735,21.648,21.696,47284,0
2017-11-17,20:00:00,21.706,21.706,21.627,21.627,14745,0
2017-11-17,21:00:00,21.617,21.617,21.477,21.537,9881,0
2017-11-17,22:00:00,21.637,21.711,21.637,21.686,45493,0
2017-11-20,16:00:00,21.447,21.685,21.447,21.597,29273,0
2017-11-20,17:00:00,21.607,21.681,21.547,21.567,46775,0
2017-11-20,18:00:00,21.567,21.637,21.516,21.516,29972,0
2017-11-20,19:00:00,21.547,21.577,21.547,21.547,21035,0
2017-11-20,20:00:00,21.547,21.617,21.537,21.568,32216,0
2017-11-20,21:00:00,21.557,21.607,21.527,21.537,10053,0
2017-11-20,22:00:00,21.597,21.696,21.597,21.696,125450,0
2017-11-21,16:00:00,22.054,22.163,22.054,22.094,44093,0
2017-11-21,17:00:00,22.064,22.09,21.825,21.825,30411,0
2017-11-21,18:00:00,21.836,21.885,21.766,21.805,26383,0
2017-11-21,19:00:00,21.772,21.825,21.686,21.805,20168,0
2017-11-21,20:00:00,21.776,21.95,21.776,21.865,6292,0
2017-11-21,21:00:00,21.875,21.915,21.845,21.865,7207,0
2017-11-21,22:00:00,21.885,21.922,21.843,21.865,34188,0
2017-11-22,16:00:00,21.855,21.895,21.815,21.845,3769,0
2017-11-22,17:00:00,21.845,22.004,21.805,21.805,87737,0
2017-11-22,18:00:00,21.845,22.014,21.845,21.985,14315,0
2017-11-22,19:00:00,21.96,22.034,21.945,21.945,10752,0
2017-11-22,20:00:00,21.97,22.014,21.935,21.994,8541,0
2017-11-22,21:00:00,22.033,22.114,22.024,22.074,20228,0
2017-11-22,22:00:00,22.084,22.094,22.034,22.084,28283,0
2017-11-24,16:00:00,22.004,22.024,21.955,21.965,44295,0
2017-11-24,17:00:00,21.955,21.975,21.835,21.935,22401,0
2017-11-24,18:00:00,21.935,21.935,21.895,21.906,16565,0
2017-11-24,19:00:00,21.895,21.93,21.895,21.905,34974,0
2017-11-24,20:00:00,21.885,21.915,21.885,21.915,5124,0
2017-11-24,22:00:00,21.915,21.915,21.915,21.915,0,0
2017-11-27,16:00:00,21.975,21.975,21.795,21.82,28296,0
2017-11-27,17:00:00,21.826,21.875,21.716,21.825,44662,0
2017-11-27,18:00:00,21.875,22.004,21.835,21.895,29285,0
2017-11-27,19:00:00,21.885,21.915,21.815,21.825,16536,0
2017-11-27,20:00:00,21.865,21.923,21.835,21.895,6656,0
2017-11-27,21:00:00,21.865,21.955,21.795,21.795,12158,0
2017-11-27,22:00:00,21.855,21.925,21.776,21.815,22838,0
2017-11-28,16:00:00,21.915,21.915,21.795,21.843,41069,0
2017-11-28,17:00:00,21.825,21.934,21.726,21.875,60156,0
2017-11-28,18:00:00,21.875,21.985,21.875,21.985,11346,0
2017-11-28,19:00:00,22.034,22.074,21.966,22.01,2685,0
2017-11-28,20:00:00,22.004,22.044,21.874,21.925,11706,0
2017-11-28,21:00:00,21.955,21.965,21.795,21.845,11696,0
2017-11-28,22:00:00,21.885,21.895,21.825,21.875,42658,0
2017-11-29,16:00:00,21.258,21.258,21.149,21.149,96780,0
2017-11-29,17:00:00,21.172,21.278,21.059,21.159,78420,0
2017-11-29,18:00:00,21.128,21.218,21.02,21.16,50062,0
2017-11-29,19:00:00,21.208,21.217,21.149,21.151,18654,0
2017-11-29,20:00:00,21.119,21.238,21.109,21.159,16022,0
2017-11-29,21:00:00,21.208,21.288,21.188,21.248,19073,0
2017-11-29,22:00:00,21.323,21.327,21.218,21.268,54493,0
2017-11-30,16:00:00,21.119,21.202,21.099,21.16,41266,0
2017-11-30,17:00:00,21.188,21.206,21.109,21.139,12796,0
2017-11-30,18:00:00,21.139,21.139,21.03,21.079,31595,0
2017-11-30,19:00:00,21.079,21.099,20.82,20.83,106274,0
2017-11-30,20:00:00,20.78,20.842,20.672,20.842,42070,0
2017-11-30,21:00:00,20.86,21.069,20.85,21.069,15081,0
2017-11-30,22:00:00,21.119,21.159,21.01,21.02,52986,0
2017-12-01,16:00:00,21.547,21.607,21.467,21.567,107536,0
2017-12-01,17:00:00,21.617,21.685,21.159,21.343,75299,0
2017-12-01,18:00:00,21.338,22.452,21.308,22.034,132324,0
2017-12-01,19:00:00,22.024,22.094,21.875,21.935,65174,0
2017-12-01,20:00:00,21.895,21.993,21.795,21.885,44692,0
2017-12-01,21:00:00,21.855,21.975,21.825,21.945,24475,0
2017-12-01,22:00:00,21.965,22.024,21.855,21.875,138332,0
2017-12-04,16:00:00,21.577,21.611,21.515,21.591,48677,0
2017-12-04,17:00:00,21.587,21.834,21.577,21.746,82250,0
2017-12-04,18:00:00,21.726,21.808,21.639,21.647,18512,0
2017-12-04,19:00:00,21.667,21.751,21.667,21.726,79103,0
2017-12-04,20:00:00,21.716,21.845,21.716,21.776,15118,0
2017-12-04,21:00:00,21.783,21.895,21.766,21.875,51974,0
2017-12-04,22:00:00,21.825,21.945,21.825,21.935,54686,0
2017-12-05,16:00:00,21.855,21.944,21.826,21.915,40383,0
2017-12-05,17:00:00,21.965,22.072,21.925,22.042,76644,0
2017-12-05,18:00:00,21.935,22.064,21.895,22.044,15295,0
2017-12-05,19:00:00,22.084,22.264,22.084,22.184,39608,0
2017-12-05,20:00:00,22.214,22.224,22.109,22.214,47726,0
2017-12-05,21:00:00,22.194,22.333,22.194,22.294,35971,0
2017-12-05,22:00:00,22.284,22.303,22.224,22.224,66646,0
2017-12-06,16:00:00,22.552,22.73,22.552,22.612,113281,0
2017-12-06,17:00:00,22.635,22.741,22.592,22.671,90833,0
2017-12-06,18:00:00,22.701,22.701,22.532,22.663,35791,0
2017-12-06,19:00:00,22.681,22.716,22.65,22.666,14980,0
2017-12-06,20:00:00,22.691,22.741,22.597,22.641,28386,0
2017-12-06,21:00:00,22.641,22.641,22.452,22.452,27644,0
2017-12-06,22:00:00,22.482,22.582,22.442,22.462,49283,0
2017-12-07,16:00:00,22.631,22.681,22.572,22.631,20601,0
2017-12-07,17:00:00,22.664,22.681,22.492,22.542,33446,0
2017-12-07,18:00:00,22.558,22.592,22.432,22.432,42207,0
2017-12-07,19:00:00,22.47,22.482,22.303,22.305,38096,0
2017-12-07,20:00:00,22.3,22.402,22.114,22.184,11054,0
2017-12-07,21:00:00,22.134,22.134,21.785,21.795,23816,0
2017-12-07,22:00:00,21.776,21.985,21.766,21.985,40563,0
2017-12-08,16:00:00,21.915,21.935,21.855,21.885,10856,0
2017-12-08,17:00:00,21.855,21.885,21.716,21.741,75349,0
2017-12-08,18:00:00,21.795,21.905,21.776,21.795,20907,0
2017-12-08,19:00:00,21.776,21.825,21.717,21.825,11918,0
2017-12-08,20:00:00,21.82,21.875,21.815,21.815,14966,0
2017-12-08,21:00:00,21.813,21.813,21.766,21.785,3383,0
2017-12-08,22:00:00,21.845,21.935,21.824,21.935,23025,0
2017-12-11,16:00:00,22.044,22.074,21.998,22.024,13133,0
2017-12-11,17:00:00,22.007,22.163,22.007,22.114,17543,0
2017-12-11,18:00:00,22.093,22.104,21.991,22.033,14112,0
2017-12-11,19:00:00,22.014,22.024,21.965,21.965,4477,0
2017-12-11,20:00:00,21.925,21.934,21.865,21.875,17713,0
2017-12-11,21:00:00,21.875,21.881,21.825,21.855,12532,0
2017-12-11,22:00:00,21.845,21.85,21.776,21.815,30819,0
2017-12-12,16:00:00,21.686,21.696,21.597,21.598,41582,0
2017-12-12,17:00:00,21.577,21.607,21.467,21.537,78507,0
2017-12-12,18:00:00,21.562,21.587,21.447,21.467,13636,0
2017-12-12,19:00:00,21.477,21.527,21.397,21.418,30595,0
2017-12-12,20:00:00,21.437,21.704,21.437,21.647,27938,0
2017-12-12,21:00:00,21.647,21.737,21.63,21.706,5397,0
2017-12-12,22:00:00,21.686,21.785,21.686,21.766,282818,0
2017-12-13,16:00:00,21.975,22.054,21.975,22.016,30816,0
2017-12-13,17:00:00,22.015,22.044,21.893,22.037,250809,0
2017-12-13,18:00:00,22.035,22.094,21.955,21.994,7861,0
2017-12-13,19:00:00,22.024,22.024,21.935,21.994,13779,0
2017-12-13,20:00:00,22.014,22.074,22.014,22.054,9256,0
2017-12-13,21:00:00,22.094,22.284,21.994,22.284,26732,0
2017-12-13,22:00:00,22.224,22.264,22.145,22.234,50035,0
2017-12-14,16:00:00,22.134,22.143,22.074,22.124,18879,0
2017-12-14,17:00:00,22.054,22.124,21.975,22.124,28563,0
2017-12-14,18:00:00,22.134,22.346,22.134,22.284,28672,0
2017-12-14,19:00:00,22.253,22.41,22.244,22.393,18642,0
2017-12-14,20:00:00,22.393,22.472,22.373,22.472,16130,0
2017-12-14,21:00:00,22.452,22.564,22.422,22.541,29041,0
2017-12-14,22:00:00,22.532,22.582,22.502,22.532,130048,0
2017-12-15,16:00:00,22.502,22.621,22.472,22.492,49290,0
2017-12-15,17:00:00,22.482,22.552,22.383,22.552,33084,0
2017-12-15,18:00:00,22.532,22.592,22.452,22.582,16681,0
2017-12-15,19:00:00,22.641,22.661,22.592,22.631,6205,0
2017-12-15,20:00:00,22.605,22.681,22.605,22.631,7079,0
2017-12-15,21:00:00,22.641,22.791,22.631,22.791,15810,0
2017-12-15,22:00:00,22.811,22.901,22.721,22.761,175092,0
2017-12-18,16:00:00,22.612,22.612,22.482,22.509,103001,0
2017-12-18,17:00:00,22.512,22.532,22.383,22.412,45302,0
2017-12-18,18:00:00,22.422,22.465,22.343,22.36,12234,0
2017-12-18,19:00:00,22.323,22.382,22.304,22.322,8382,0
2017-12-18,20:00:00,22.294,22.313,22.024,22.024,16148,0
2017-12-18,21:00:00,22.034,22.124,22.034,22.114,225011,0
2017-12-18,22:00:00,22.124,22.183,22.104,22.134,104009,0
2017-12-19,16:00:00,21.735,21.755,21.615,21.655,592927,0
2017-12-19,17:00:00,21.655,21.665,21.365,21.455,318970,0
2017-12-19,18:00:00,21.416,21.485,21.315,21.375,34295,0
2017-12-19,19:00:00,21.345,21.355,21.116,21.116,58947,0
2017-12-19,20:00:00,21.136,21.246,21.127,21.171,55296,0
2017-12-19,21:00:00,21.146,21.175,21.048,21.166,56222,0
2017-12-19,22:00:00,21.168,21.345,21.146,21.305,98429,0
2017-12-20,16:00:00,20.676,20.866,20.654,20.866,175541,0
2017-12-20,17:00:00,20.826,20.856,20.676,20.712,104079,0
2017-12-20,18:00:00,20.714,20.866,20.696,20.799,68970,0
2017-12-20,19:00:00,20.766,20.836,20.676,20.676,28069,0
2017-12-20,20:00:00,20.669,20.676,20.557,20.581,94614,0
2017-12-20,21:00:00,20.576,20.646,20.566,20.586,26592,0
2017-12-20,22:00:00,20.566,20.626,20.5,20.596,124970,0
2017-12-21,16:00:00,20.646,20.736,20.638,20.736,55187,0
2017-12-21,17:00:00,20.726,20.796,20.716,20.796,826412,0
2017-12-21,18:00:00,20.796,20.936,20.78,20.916,209953,0
2017-12-21,19:00:00,20.908,20.955,20.856,20.866,122084,0
2017-12-21,20:00:00,20.856,20.936,20.856,20.926,24799,0
2017-12-21,21:00:00,20.933,21.056,20.933,21.026,68048,0
2017-12-21,22:00:00,21.024,21.024,20.917,20.936,105926,0
2017-12-22,16:00:00,21.026,21.026,20.946,20.976,35754,0
2017-12-22,17:00:00,20.976,20.986,20.896,20.926,31243,0
2017-12-22,18:00:00,20.956,20.986,20.906,20.943,6905,0
2017-12-22,19:00:00,20.956,21.006,20.945,20.986,2933,0
2017-12-22,20:00:00,20.991,21.085,20.966,21.036,83814,0
2017-12-22,21:00:00,21.036,21.036,20.996,21.036,7089,0
2017-12-22,22:00:00,21.036,21.049,20.996,21.036,17785,0
2017-12-26,16:00:00,21.066,21.265,21.066,21.235,29278,0
2017-12-26,17:00:00,21.236,21.355,21.235,21.355,26145,0
2017-12-26,18:00:00,21.351,21.425,21.295,21.311,30314,0
2017-12-26,19:00:00,21.315,21.354,21.285,21.335,14464,0
2017-12-26,20:00:00,21.335,21.335,21.223,21.285,19187,0
2017-12-26,21:00:00,21.265,21.315,21.265,21.297,13495,0
2017-12-26,22:00:00,21.295,21.301,21.196,21.205,98577,0
2017-12-27,16:00:00,21.445,21.575,21.445,21.555,118314,0
2017-12-27,17:00:00,21.545,21.705,21.515,21.705,173033,0
2017-12-27,18:00:00,21.695,21.884,21.675,21.824,56201,0
2017-12-27,19:00:00,21.844,21.914,21.834,21.884,21974,0
2017-12-27,20:00:00,21.895,22.044,21.844,22.024,67004,0
2017-12-27,21:00:00,22.024,22.124,21.954,22.054,185394,0
2017-12-27,22:00:00,22.069,22.084,21.984,22.014,126260,0
2017-12-28,16:00:00,21.924,21.994,21.884,21.934,18650,0
2017-12-28,17:00:00,21.924,21.984,21.835,21.964,35894,0
2017-12-28,18:00:00,21.974,22.044,21.915,22.004,14512,0
2017-12-28,19:00:00,21.984,21.984,21.869,21.869,11581,0
2017-12-28,20:00:00,21.884,21.924,21.824,21.904,15022,0
2017-12-28,21:00:00,21.934,21.984,21.924,21.984,4242,0
2017-12-28,22:00:00,21.921,21.998,21.921,21.984,44314,0
2017-12-29,16:00:00,21.874,21.973,21.854,21.914,18637,0
2017-12-29,17:00:00,21.954,22.039,21.949,22.024,38811,0
2017-12-29,18:00:00,22.014,22.064,21.984,22.064,27040,0
2017-12-29,19:00:00,22.054,22.184,22.014,22.144,31951,0
2017-12-29,20:00:00,22.154,22.174,22.064,22.154,34644,0
2017-12-29,21:00:00,22.144,22.144,22.104,22.114,5767,0
2017-12-29,22:00:00,22.105,22.124,22.064,22.074,128397,0
2018-01-02,16:00:00,21.864,21.903,21.546,21.6,118810,0
2018-01-02,17:00:00,21.556,21.59,21.116,21.465,252998,0
2018-01-02,18:00:00,21.44,21.461,21.255,21.335,196297,0
2018-01-02,19:00:00,21.353,21.375,21.126,21.193,92087,0
2018-01-02,20:00:00,21.224,21.422,21.146,21.422,43066,0
2018-01-02,21:00:00,21.425,21.425,21.31,21.345,48312,0
2018-01-02,22:00:00,21.376,21.425,21.335,21.345,132905,0
2018-01-03,16:00:00,21.585,21.65,21.566,21.615,50043,0
2018-01-03,17:00:00,21.605,21.605,21.345,21.555,29901,0
2018-01-03,18:00:00,21.555,21.614,21.519,21.614,69004,0
2018-01-03,19:00:00,21.615,21.635,21.545,21.545,17692,0
2018-01-03,20:00:00,21.554,21.605,21.535,21.545,10362,0
2018-01-03,21:00:00,21.535,21.655,21.455,21.655,9591,0
2018-01-03,22:00:00,21.665,21.695,21.615,21.645,62008,0
2018-01-04,16:00:00,21.405,21.455,21.336,21.356,30217,0
2018-01-04,17:00:00,21.335,21.425,21.265,21.405,43511,0
2018-01-04,18:00:00,21.395,21.525,21.385,21.495,25684,0
2018-01-04,19:00:00,21.495,21.615,21.425,21.565,32190,0
2018-01-04,20:00:00,21.565,21.589,21.494,21.585,13637,0
2018-01-04,21:00:00,21.575,21.675,21.575,21.635,27377,0
2018-01-04,22:00:00,21.625,21.645,21.595,21.635,39821,0
2018-01-05,16:00:00,21.545,21.585,21.505,21.565,65481,0
2018-01-05,17:00:00,21.565,21.685,21.305,21.322,63534,0
2018-01-05,18:00:00,21.315,21.375,21.295,21.345,10004,0
2018-01-05,19:00:00,21.315,21.345,21.285,21.344,371114,0
2018-01-05,20:00:00,21.35,21.374,21.305,21.305,7472,0
2018-01-05,21:00:00,21.32,21.376,21.32,21.375,34187,0
2018-01-05,22:00:00,21.375,21.465,21.365,21.465,81600,0
2018-01-08,16:00:00,21.625,21.625,21.555,21.555,57062,0
2018-01-08,17:00:00,21.556,21.556,21.445,21.495,36897,0
2018-01-08,18:00:00,21.485,21.485,21.175,21.215,49123,0
2018-01-08,19:00:00,21.225,21.295,21.215,21.295,18236,0
2018-01-08,20:00:00,21.305,21.355,21.295,21.335,4357,0
2018-01-08,21:00:00,21.355,21.385,21.305,21.385,18020,0
2018-01-08,22:00:00,21.327,21.415,21.327,21.405,37723,0
2018-01-09,16:00:00,20.966,20.996,20.766,20.816,83892,0
2018-01-09,17:00:00,20.776,20.776,20.636,20.716,119759,0
2018-01-09,18:00:00,20.696,20.706,20.537,20.537,101705,0
2018-01-09,19:00:00,20.547,20.616,20.507,20.606,50551,0
2018-01-09,20:00:00,20.606,20.636,20.547,20.626,114144,0
2018-01-09,21:00:00,20.616,20.626,20.507,20.517,140102,0
2018-01-09,22:00:00,20.527,20.576,20.467,20.517,133424,0
2018-01-10,16:00:00,19.967,19.987,19.898,19.977,319437,0
2018-01-10,17:00:00,19.977,20.087,19.957,19.958,108172,0
2018-01-10,18:00:00,19.957,20.087,19.957,20.087,36686,0
2018-01-10,19:00:00,20.072,20.15,20.057,20.097,31846,0
2018-01-10,20:00:00,20.087,20.347,20.087,20.337,30951,0
2018-01-10,21:00:00,20.342,20.467,20.297,20.457,157480,0
2018-01-10,22:00:00,20.447,20.536,20.427,20.477,78632,0
2018-01-11,16:00:00,20.357,20.39,20.277,20.357,38710,0
2018-01-11,17:00:00,20.337,20.387,20.294,20.312,25207,0
2018-01-11,18:00:00,20.267,20.377,20.217,20.367,37531,0
2018-01-11,19:00:00,20.337,20.517,20.337,20.517,36830,0
2018-01-11,20:00:00,20.516,20.736,20.487,20.716,74490,0
2018-01-11,21:00:00,20.726,20.856,20.716,20.786,168149,0
2018-01-11,22:00:00,20.766,20.786,20.626,20.726,194924,0
2018-01-12,16:00:00,20.586,20.606,20.527,20.533,128292,0
2018-01-12,17:00:00,20.566,20.816,20.566,20.766,42785,0
2018-01-12,18:00:00,20.717,20.736,20.682,20.684,13173,0
2018-01-12,19:00:00,20.686,20.746,20.659,20.659,8256,0
2018-01-12,20:00:00,20.676,20.806,20.676,20.806,13076,0
2018-01-12,21:00:00,20.825,20.936,20.806,20.896,53620,0
2018-01-12,22:00:00,20.896,20.938,20.816,20.816,268874,0
2018-01-16,16:00:00,21.106,21.185,21.066,21.106,149468,0
2018-01-16,17:00:00,21.096,21.126,20.999,21.116,53361,0
2018-01-16,18:00:00,21.086,21.086,20.941,20.996,43852,0
2018-01-16,19:00:00,21.023,21.023,20.836,20.886,19663,0
2018-01-16,20:00:00,20.911,20.996,20.897,20.994,51340,0
2018-01-16,21:00:00,21.011,21.195,21.011,21.096,46330,0
2018-01-16,22:00:00,21.096,21.175,21.036,21.036,552984,0
2018-01-17,16:00:00,21.126,21.205,21.111,21.156,60584,0
2018-01-17,17:00:00,21.166,21.365,21.106,21.265,58441,0
2018-01-17,18:00:00,21.255,21.265,21.036,21.056,39125,0
2018-01-17,19:00:00,21.056,21.166,21.046,21.057,35461,0
2018-01-17,20:00:00,21.056,21.146,21.036,21.126,27325,0
2018-01-17,21:00:00,21.096,21.116,20.846,20.925,71292,0
2018-01-17,22:00:00,20.936,21.016,20.926,21.016,80406,0
2018-01-18,16:00:00,20.527,20.666,20.497,20.566,127677,0
2018-01-18,17:00:00,20.576,20.676,20.487,20.519,593664,0
2018-01-18,18:00:00,20.537,20.646,20.477,20.547,47814,0
2018-01-18,19:00:00,20.557,20.585,20.497,20.517,25415,0
2018-01-18,20:00:00,20.557,20.586,20.497,20.507,14337,0
2018-01-18,21:00:00,20.487,20.544,20.447,20.477,46518,0
2018-01-18,22:00:00,20.457,20.457,20.317,20.427,197609,0
2018-01-19,16:00:00,20.237,20.287,20.077,20.147,65458,0
2018-01-19,17:00:00,20.157,20.317,20.117,20.176,59278,0
2018-01-19,18:00:00,20.177,20.227,20.107,20.227,48710,0
2018-01-19,19:00:00,20.227,20.297,20.207,20.297,47694,0
2018-01-19,20:00:00,20.287,20.317,20.187,20.267,40647,0
2018-01-19,21:00:00,20.277,20.287,20.207,20.227,48557,0
2018-01-19,22:00:00,20.227,20.247,20.047,20.087,86765,0
2018-01-22,16:00:00,20.287,20.287,20.16,20.16,30920,0
2018-01-22,17:00:00,20.147,20.367,20.137,20.357,49610,0
2018-01-22,18:00:00,20.377,20.377,20.267,20.277,20285,0
2018-01-22,19:00:00,20.234,20.257,20.147,20.157,31055,0
2018-01-22,20:00:00,20.157,20.202,20.087,20.087,19109,0
2018-01-22,21:00:00,20.087,20.116,20.047,20.077,55891,0
2018-01-22,22:00:00,20.097,20.127,20.068,20.087,54765,0
2018-01-23,16:00:00,20.417,20.557,20.357,20.517,134018,0
2018-01-23,17:00:00,20.507,20.616,20.497,20.537,246736,0
2018-01-23,18:00:00,20.527,20.527,20.407,20.435,74684,0
2018-01-23,19:00:00,20.437,20.437,20.307,20.317,57312,0
2018-01-23,20:00:00,20.333,20.347,20.167,20.267,34125,0
2018-01-23,21:00:00,20.267,20.397,20.257,20.347,46752,0
2018-01-23,22:00:00,20.357,20.407,20.327,20.377,58073,0
2018-01-24,16:00:00,19.957,19.987,19.848,19.898,261693,0
2018-01-24,17:00:00,19.918,19.957,19.838,19.907,122077,0
2018-01-24,18:00:00,19.888,19.977,19.808,19.898,80540,0
2018-01-24,19:00:00,19.878,20.017,19.818,19.967,49516,0
2018-01-24,20:00:00,19.967,20.097,19.922,19.997,67857,0
2018-01-24,21:00:00,20.007,20.027,19.908,19.938,53607,0
2018-01-24,22:00:00,19.957,20.067,19.957,20.067,110616,0
2018-01-25,16:00:00,20.087,20.167,19.938,19.967,36697,0
2018-01-25,17:00:00,20.007,20.247,20.007,20.222,71079,0
2018-01-25,18:00:00,20.217,20.337,20.187,20.337,46489,0
2018-01-25,19:00:00,20.347,20.417,20.207,20.257,28677,0
2018-01-25,20:00:00,20.317,20.487,20.317,20.437,23021,0
2018-01-25,21:00:00,20.427,20.576,20.427,20.566,40766,0
2018-01-25,22:00:00,20.498,20.583,20.477,20.566,57421,0
2018-01-26,16:00:00,20.477,20.477,20.332,20.417,27423,0
2018-01-26,17:00:00,20.367,20.398,20.257,20.307,27373,0
2018-01-26,18:00:00,20.298,20.298,20.072,20.087,44410,0
2018-01-26,19:00:00,20.127,20.197,20.127,20.197,10129,0
2018-01-26,20:00:00,20.217,20.309,20.207,20.297,26361,0
2018-01-26,21:00:00,20.306,20.327,20.187,20.217,58842,0
2018-01-26,22:00:00,20.218,20.307,20.217,20.277,74035,0
2018-01-29,16:00:00,19.977,20.007,19.868,19.888,118110,0
2018-01-29,17:00:00,19.908,19.918,19.718,19.857,98035,0
2018-01-29,18:00:00,19.857,19.857,19.688,19.738,39608,0
2018-01-29,19:00:00,19.758,19.858,19.754,19.778,21154,0
2018-01-29,20:00:00,19.838,19.947,19.81,19.928,26055,0
2018-01-29,21:00:00,19.868,19.938,19.829,19.918,30843,0
2018-01-29,22:00:00,19.928,19.977,19.897,19.908,97656,0
2018-01-30,16:00:00,19.688,19.688,19.438,19.529,129819,0
2018-01-30,17:00:00,19.538,19.683,19.538,19.598,53721,0
2018-01-30,18:00:00,19.578,19.618,19.568,19.592,15577,0
2018-01-30,19:00:00,19.628,19.628,19.558,19.588,10921,0
2018-01-30,20:00:00,19.568,19.576,19.388,19.409,84629,0
2018-01-30,21:00:00,19.418,19.538,19.378,19.538,45216,0
2018-01-30,22:00:00,19.568,19.578,19.519,19.538,77508,0
2018-01-31,16:00:00,19.928,19.967,19.758,19.758,44184,0
2018-01-31,17:00:00,19.768,19.828,19.598,19.598,70227,0
2018-01-31,18:00:00,19.598,19.688,19.508,19.528,30580,0
2018-01-31,19:00:00,19.528,19.658,19.518,19.608,28745,0
2018-01-31,20:00:00,19.608,19.698,19.598,19.648,20289,0
2018-01-31,21:00:00,19.728,19.928,19.548,19.918,58000,0
2018-01-31,22:00:00,19.937,19.967,19.788,19.918,119775,0
2018-02-01,16:00:00,19.858,19.898,19.763,19.785,78271,0
2018-02-01,17:00:00,19.758,19.788,19.658,19.675,92337,0
2018-02-01,18:00:00,19.678,19.758,19.548,19.557,75350,0
2018-02-01,19:00:00,19.548,19.608,19.473,19.488,81674,0
2018-02-01,20:00:00,19.468,19.468,19.314,19.354,186536,0
2018-02-01,21:00:00,19.35,19.378,19.249,19.279,133982,0
2018-02-01,22:00:00,19.269,19.269,18.979,19.009,348248,0
2018-02-02,16:00:00,18.779,18.818,18.6,18.615,192820,0
2018-02-02,17:00:00,18.59,18.67,18.5,18.59,81492,0
2018-02-02,18:00:00,18.57,18.574,18.38,18.41,102885,0
2018-02-02,19:00:00,18.45,18.7,18.439,18.62,57060,0
2018-02-02,20:00:00,18.6,18.64,18.39,18.41,52109,0
2018-02-02,21:00:00,18.44,18.46,18.33,18.34,156326,0
2018-02-02,22:00:00,18.37,18.569,18.37,18.48,216049,0
2018-02-05,16:00:00,18.28,18.355,18.17,18.18,100010,0
2018-02-05,17:00:00,18.16,18.21,18.051,18.087,45165,0
2018-02-05,18:00:00,18.081,18.189,18.061,18.152,47793,0
2018-02-05,19:00:00,18.159,18.26,18.159,18.25,153051,0
2018-02-05,20:00:00,18.24,18.37,18.24,18.32,56651,0
2018-02-05,21:00:00,18.32,18.63,18.32,18.63,80444,0
2018-02-05,22:00:00,18.61,19.498,18.59,19.029,1009458,0
2018-02-06,16:00:00,18.879,18.879,18.51,18.67,189830,0
2018-02-06,17:00:00,18.65,18.919,18.65,18.819,128416,0
2018-02-06,18:00:00,18.859,18.899,18.769,18.809,82368,0
2018-02-06,19:00:00,18.8,18.869,18.67,18.719,59492,0
2018-02-06,20:00:00,18.72,18.969,18.719,18.969,30382,0
2018-02-06,21:00:00,19.009,19.069,18.819,18.819,106352,0
2018-02-06,22:00:00,18.839,18.869,18.64,18.65,172699,0
2018-02-07,16:00:00,18.7,18.799,18.64,18.64,64216,0
2018-02-07,17:00:00,18.67,18.7,18.575,18.64,24545,0
2018-02-07,18:00:00,18.6,18.61,18.39,18.41,99577,0
2018-02-07,19:00:00,18.39,18.47,18.295,18.36,32546,0
2018-02-07,20:00:00,18.36,18.37,18.096,18.14,88083,0
2018-02-07,21:00:00,18.163,18.24,18.061,18.13,594728,0
2018-02-07,22:00:00,18.11,18.15,18.001,18.11,121699,0
2018-02-08,16:00:00,17.731,17.811,17.671,17.721,164379,0
2018-02-08,17:00:00,17.731,17.912,17.706,17.841,151105,0
2018-02-08,18:00:00,17.851,17.982,17.821,17.931,67999,0
2018-02-08,19:00:00,17.931,18.277,17.931,18.21,239449,0
2018-02-08,20:00:00,18.243,18.247,17.789,17.911,140241,0
2018-02-08,21:00:00,17.961,17.971,17.851,17.961,88321,0
2018-02-08,22:00:00,17.951,18.071,17.921,18.071,149964,0
2018-02-09,16:00:00,17.761,17.821,17.711,17.781,51661,0
2018-02-09,17:00:00,17.801,17.931,17.713,17.882,36775,0
2018-02-09,18:00:00,17.901,17.94,17.78,17.94,34441,0
2018-02-09,19:00:00,17.931,18.22,17.901,17.991,112202,0
2018-02-09,20:00:00,18.021,18.2,17.929,17.959,69841,0
2018-02-09,21:00:00,17.931,17.941,17.821,17.921,69430,0
2018-02-09,22:00:00,17.961,17.971,17.631,17.681,144952,0
2018-02-12,16:00:00,17.971,18.021,17.851,17.911,137181,0
2018-02-12,17:00:00,17.901,18.31,17.901,18.101,552827,0
2018-02-12,18:00:00,18.091,18.091,17.921,17.941,156758,0
2018-02-12,19:00:00,17.941,17.951,17.821,17.871,32840,0
2018-02-12,20:00:00,17.861,17.871,17.811,17.861,34868,0
2018-02-12,21:00:00,17.861,17.951,17.811,17.951,65825,0
2018-02-12,22:00:00,17.961,18.001,17.875,17.961,141892,0
2018-02-13,16:00:00,18.011,18.08,17.961,18.021,32274,0
2018-02-13,17:00:00,17.981,18.061,17.941,18.061,25719,0
2018-02-13,18:00:00,18.051,18.051,17.901,17.921,24333,0
2018-02-13,19:00:00,17.921,17.991,17.911,17.991,117277,0
2018-02-13,20:00:00,17.981,18.057,17.971,18.036,64776,0
2018-02-13,21:00:00,18.031,18.051,18.014,18.041,59062,0
2018-02-13,22:00:00,18.041,18.17,18.041,18.14,108950,0
2018-02-14,16:00:00,17.911,17.911,17.721,17.796,70613,0
2018-02-14,17:00:00,17.826,17.971,17.812,17.831,27976,0
2018-02-14,18:00:00,17.901,17.932,17.682,17.771,514320,0
2018-02-14,19:00:00,17.781,17.781,17.631,17.631,32819,0
2018-02-14,20:00:00,17.651,17.651,17.541,17.591,32109,0
2018-02-14,21:00:00,17.581,17.664,17.541,17.551,52019,0
2018-02-14,22:00:00,17.561,17.631,17.482,17.581,103869,0
2018-02-15,16:00:00,17.791,17.967,17.781,17.961,80846,0
2018-02-15,17:00:00,17.941,18.061,17.941,18.001,57686,0
2018-02-15,18:00:00,18.011,18.024,17.921,17.961,12058,0
2018-02-15,19:00:00,17.921,17.991,17.831,17.876,26998,0
2018-02-15,20:00:00,17.851,17.851,17.711,17.771,11827,0
2018-02-15,21:00:00,17.811,17.871,17.811,17.841,24266,0
2018-02-15,22:00:00,17.851,17.861,17.746,17.761,92619,0
2018-02-16,16:00:00,18.16,18.209,18.05,18.19,88079,0
2018-02-16,17:00:00,18.16,18.23,18.081,18.22,643834,0
2018-02-16,18:00:00,18.23,18.25,18.081,18.091,97592,0
2018-02-16,19:00:00,18.11,18.11,17.962,18.08,47586,0
2018-02-16,20:00:00,18.061,18.091,18.001,18.021,49447,0
2018-02-16,21:00:00,17.991,18.001,17.861,17.921,69635,0
2018-02-16,22:00:00,17.961,18.051,17.931,18.021,188997,0
2018-02-20,16:00:00,17.861,17.901,17.791,17.881,128720,0
2018-02-20,17:00:00,17.871,17.921,17.731,17.761,96246,0
2018-02-20,18:00:00,17.771,17.811,17.641,17.641,200471,0
2018-02-20,19:00:00,17.631,17.671,17.591,17.614,38927,0
2018-02-20,20:00:00,17.621,17.676,17.621,17.661,56012,0
2018-02-20,21:00:00,17.661,17.801,17.661,17.751,39603,0
2018-02-20,22:00:00,17.771,17.841,17.731,17.771,169929,0
2018-02-21,16:00:00,17.811,17.831,17.721,17.786,53098,0
2018-02-21,17:00:00,17.781,17.801,17.606,17.606,542110,0
2018-02-21,18:00:00,17.591,17.631,17.512,17.561,90724,0
2018-02-21,19:00:00,17.571,17.601,17.541,17.591,25081,0
2018-02-21,20:00:00,17.571,17.639,17.531,17.561,12584,0
2018-02-21,21:00:00,17.531,17.581,17.142,17.142,392132,0
2018-02-21,22:00:00,17.132,17.202,17.032,17.152,158424,0
2018-02-22,16:00:00,17.352,17.381,17.262,17.362,40812,0
2018-02-22,17:00:00,17.382,17.531,17.382,17.462,94240,0
2018-02-22,18:00:00,17.442,17.472,17.342,17.342,61106,0
2018-02-22,19:00:00,17.342,17.392,17.292,17.392,44250,0
2018-02-22,20:00:00,17.406,17.431,17.299,17.318,40540,0
2018-02-22,21:00:00,17.312,17.312,17.242,17.302,28785,0
2018-02-22,22:00:00,17.312,17.352,17.252,17.282,81103,0
2018-02-23,16:00:00,17.621,17.661,17.561,17.631,78886,0
2018-02-23,17:00:00,17.631,17.721,17.601,17.691,687292,0
2018-02-23,18:00:00,17.691,17.691,17.621,17.661,54404,0
2018-02-23,19:00:00,17.671,17.731,17.671,17.69,26090,0
2018-02-23,20:00:00,17.671,17.751,17.671,17.731,79751,0
2018-02-23,21:00:00,17.741,17.811,17.726,17.751,51903,0
2018-02-23,22:00:00,17.731,17.761,17.691,17.741,184547,0
2018-02-26,16:00:00,18.001,18.021,17.981,18.021,78984,0
2018-02-26,17:00:00,18.027,18.081,18.007,18.021,202459,0
2018-02-26,18:00:00,18.011,18.011,17.856,17.871,153274,0
2018-02-26,19:00:00,17.851,17.901,17.791,17.841,39722,0
2018-02-26,20:00:00,17.831,17.861,17.801,17.841,27652,0
2018-02-26,21:00:00,17.811,17.826,17.746,17.761,43554,0
2018-02-26,22:00:00,17.791,17.811,17.701,17.749,120337,0
2018-02-27,16:00:00,17.921,17.98,17.801,17.801,69388,0
2018-02-27,17:00:00,17.801,17.911,17.501,17.541,118261,0
2018-02-27,18:00:00,17.531,17.531,17.342,17.482,892112,0
2018-02-27,19:00:00,17.491,17.555,17.382,17.491,63951,0
2018-02-27,20:00:00,17.491,17.541,17.412,17.482,43158,0
2018-02-27,21:00:00,17.472,17.586,17.432,17.571,54789,0
2018-02-27,22:00:00,17.571,17.691,17.561,17.691,89568,0
2018-02-28,16:00:00,17.911,17.911,17.841,17.851,92388,0
2018-02-28,17:00:00,17.861,17.871,17.801,17.821,27853,0
2018-02-28,18:00:00,17.801,17.921,17.801,17.911,42951,0
2018-02-28,19:00:00,17.901,17.921,17.881,17.891,374795,0
2018-02-28,20:00:00,17.901,17.921,17.871,17.901,191752,0
2018-02-28,21:00:00,17.904,18.021,17.891,18.011,184741,0
2018-02-28,22:00:00,18.011,18.051,17.961,18.011,136935,0
2018-03-01,16:00:00,17.991,18.22,17.951,18.16,127797,0
2018-03-01,17:00:00,18.14,18.14,17.871,17.981,169148,0
2018-03-01,18:00:00,17.981,18.101,17.981,18.02,72347,0
2018-03-01,19:00:00,18.011,18.081,17.981,18.061,24650,0
2018-03-01,20:00:00,18.061,18.364,18.061,18.35,71934,0
2018-03-01,21:00:00,18.36,18.51,18.29,18.42,151743,0
2018-03-01,22:00:00,18.47,18.48,18.35,18.39,192592,0
2018-03-02,16:00:00,18.17,18.19,18.081,18.17,45362,0
2018-03-02,17:00:00,18.164,18.175,17.921,17.922,133084,0
2018-03-02,18:00:00,17.941,18.021,17.831,17.861,30313,0
2018-03-02,19:00:00,17.861,17.98,17.861,17.971,44971,0
2018-03-02,20:00:00,17.982,18.056,17.971,18.022,49679,0
2018-03-02,21:00:00,18.026,18.061,18.001,18.001,22403,0
2018-03-02,22:00:00,18.001,18.067,17.901,17.901,291341,0
2018-03-05,16:00:00,18.14,18.14,18.031,18.071,33230,0
2018-03-05,17:00:00,18.081,18.131,18.001,18.001,33060,0
2018-03-05,18:00:00,18.011,18.011,17.721,17.791,267020,0
2018-03-05,19:00:00,17.781,17.801,17.631,17.631,96367,0
2018-03-05,20:00:00,17.641,17.721,17.602,17.681,42654,0
2018-03-05,21:00:00,17.655,17.821,17.631,17.821,47051,0
2018-03-05,22:00:00,17.761,17.811,17.714,17.811,97908,0
2018-03-06,16:00:00,17.931,18.051,17.921,18.031,849128,0
2018-03-06,17:00:00,18.041,18.061,17.971,18.031,70911,0
2018-03-06,18:00:00,18.031,18.071,17.971,17.977,41213,0
2018-03-06,19:00:00,17.971,18.001,17.871,17.891,50258,0
2018-03-06,20:00:00,17.881,17.901,17.831,17.871,64807,0
2018-03-06,21:00:00,17.871,17.971,17.871,17.931,70542,0
2018-03-06,22:00:00,17.931,17.962,17.811,17.831,176320,0
2018-03-07,16:00:00,18.031,18.04,17.831,17.861,39953,0
2018-03-07,17:00:00,17.851,17.94,17.821,17.871,30219,0
2018-03-07,18:00:00,17.881,17.957,17.791,17.957,32518,0
2018-03-07,19:00:00,17.951,18.061,17.931,17.931,26148,0
2018-03-07,20:00:00,17.911,17.971,17.841,17.841,10740,0
2018-03-07,21:00:00,17.841,17.841,17.781,17.801,19260,0
2018-03-07,22:00:00,17.791,17.791,17.731,17.781,66796,0
2018-03-08,16:00:00,17.901,18.091,17.891,18.091,36364,0
2018-03-08,17:00:00,18.109,18.2,18.081,18.12,53156,0
2018-03-08,18:00:00,18.12,18.15,18.091,18.11,13467,0
2018-03-08,19:00:00,18.12,18.19,18.071,18.071,29651,0
2018-03-08,20:00:00,18.071,18.071,17.971,17.991,11291,0
2018-03-08,21:00:00,17.991,18.011,17.901,17.951,28063,0
2018-03-08,22:00:00,17.981,18.071,17.981,18.071,61275,0
2018-03-09,16:00:00,17.761,17.771,17.651,17.702,88166,0
2018-03-09,17:00:00,17.701,17.722,17.566,17.671,66770,0
2018-03-09,18:00:00,17.671,17.811,17.651,17.801,21588,0
2018-03-09,19:00:00,17.791,17.861,17.771,17.811,26716,0
2018-03-09,20:00:00,17.801,17.871,17.801,17.821,151145,0
2018-03-09,21:00:00,17.831,17.861,17.771,17.771,39185,0
2018-03-09,22:00:00,17.731,17.751,17.681,17.721,101059,0
2018-03-12,15:00:00,17.881,17.931,17.841,17.899,43862,0
2018-03-12,16:00:00,17.898,17.961,17.871,17.931,64656,0
2018-03-12,17:00:00,17.931,17.957,17.887,17.891,32070,0
2018-03-12,18:00:00,17.891,17.931,17.871,17.888,12879,0
2018-03-12,19:00:00,17.861,17.951,17.842,17.929,43559,0
2018-03-12,20:00:00,17.911,18.04,17.911,17.984,17399,0
2018-03-12,21:00:00,18.041,18.051,17.992,18.031,42200,0
2018-03-13,15:00:00,18.22,18.22,18.101,18.11,30714,0
2018-03-13,16:00:00,18.11,18.12,17.981,18.069,54858,0
2018-03-13,17:00:00,18.071,18.24,18.051,18.18,31962,0
2018-03-13,18:00:00,18.18,18.26,18.18,18.19,45467,0
2018-03-13,19:00:00,18.19,18.31,18.16,18.3,39570,0
2018-03-13,20:00:00,18.3,18.35,18.24,18.33,34937,0
2018-03-13,21:00:00,18.32,18.365,18.27,18.31,102177,0
2018-03-14,15:00:00,18.38,18.56,18.37,18.52,38264,0
2018-03-14,16:00:00,18.53,18.61,18.52,18.536,65774,0
2018-03-14,17:00:00,18.56,18.839,18.56,18.779,88371,0
2018-03-14,18:00:00,18.769,18.832,18.69,18.729,66311,0
2018-03-14,19:00:00,18.71,18.719,18.66,18.66,21930,0
2018-03-14,20:00:00,18.69,18.789,18.68,18.719,27295,0
2018-03-14,21:00:00,18.739,18.788,18.729,18.779,205758,0
2018-03-15,15:00:00,18.729,18.819,18.729,18.809,36751,0
2018-03-15,16:00:00,18.809,18.873,18.779,18.859,46529,0
2018-03-15,17:00:00,18.859,18.859,18.69,18.761,44181,0
2018-03-15,18:00:00,18.749,18.759,18.64,18.65,52658,0
2018-03-15,19:00:00,18.64,18.759,18.62,18.759,8077,0
2018-03-15,20:00:00,18.789,18.789,18.7,18.71,22606,0
2018-03-15,21:00:00,18.718,18.789,18.718,18.779,33704,0
2018-03-16,15:00:00,18.58,18.58,18.51,18.56,57365,0
2018-03-16,16:00:00,18.517,18.55,18.45,18.52,71532,0
2018-03-16,17:00:00,18.52,18.65,18.52,18.57,36703,0
2018-03-16,18:00:00,18.61,18.61,18.53,18.54,17935,0
2018-03-16,19:00:00,18.54,18.55,18.505,18.53,13727,0
2018-03-16,20:00:00,18.54,18.551,18.5,18.5,10715,0
2018-03-16,21:00:00,18.51,18.57,18.5,18.55,206692,0
2018-03-19,15:00:00,18.32,18.449,18.27,18.449,368829,0
2018-03-19,16:00:00,18.446,18.589,18.39,18.589,149451,0
2018-03-19,17:00:00,18.57,18.61,18.426,18.57,150386,0
2018-03-19,18:00:00,18.575,18.64,18.51,18.54,106734,0
2018-03-19,19:00:00,18.54,18.594,18.46,18.46,152903,0
2018-03-19,20:00:00,18.46,18.56,18.446,18.536,217604,0
2018-03-19,21:00:00,18.53,18.53,18.38,18.41,184653,0
2018-03-20,15:00:00,18.17,18.2399,18.11,18.23,118113,0
2018-03-20,16:00:00,18.24,18.29,18.11,18.17,130466,0
2018-03-20,17:00:00,18.17,18.2199,18.15,18.18,49925,0
2018-03-20,18:00:00,18.18,18.24,18.16,18.2,43086,0
2018-03-20,19:00:00,18.2,18.22,18.14,18.22,40096,0
2018-03-20,20:00:00,18.22,18.26,18.17,18.22,36745,0
2018-03-20,21:00:00,18.21,18.21,18.1251,18.17,70864,0
2018-03-21,15:00:00,18.01,18.11,18.01,18.08,35875,0
2018-03-21,16:00:00,18.08,18.13,18.03,18.0767,22211,0
2018-03-21,17:00:00,18.04,18.0897,18,18.0399,28215,0
2018-03-21,18:00:00,18.07,18.1291,18.01,18.11,22163,0
2018-03-21,19:00:00,18.13,18.222,18.0701,18.19,69380,0
2018-03-21,20:00:00,18.19,18.38,17.77,18,139990,0
2018-03-21,21:00:00,18.07,18.24,17.98,18.2,80246,0
2018-03-22,15:00:00,18.81,18.9,18.73,18.86,59854,0
2018-03-22,16:00:00,18.86,18.9337,18.725,18.9,112441,0
2018-03-22,17:00:00,18.885,19,18.825,18.86,36380,0
2018-03-22,18:00:00,18.9,18.9,18.66,18.6898,32750,0
2018-03-22,19:00:00,18.6902,18.6902,18.4842,18.58,41819,0
2018-03-22,20:00:00,18.57,18.66,18.55,18.66,19894,0
2018-03-22,21:00:00,18.6624,18.85,18.66,18.76,145705,0
2018-03-23,15:00:00,18.5,18.62,18.47,18.54,68464,0
2018-03-23,16:00:00,18.53,18.58,18.4798,18.51,32695,0
2018-03-23,17:00:00,18.5127,18.68,18.5127,18.68,29326,0
2018-03-23,18:00:00,18.68,18.68,18.5898,18.64,64523,0
2018-03-23,19:00:00,18.64,18.64,18.49,18.5212,41079,0
2018-03-23,20:00:00,18.51,18.63,18.5,18.61,27491,0
2018-03-23,21:00:00,18.65,18.78,18.64,18.7,100017,0
2018-03-26,16:00:00,18.66,18.68,18.6,18.63,48983,0
2018-03-26,17:00:00,18.62,18.81,18.61,18.7707,46014,0
2018-03-26,18:00:00,18.7711,18.82,18.73,18.77,62465,0
2018-03-26,19:00:00,18.749,18.75,18.64,18.64,39206,0
2018-03-26,20:00:00,18.67,18.68,18.58,18.66,16351,0
2018-03-26,21:00:00,18.67,18.72,18.62,18.64,10077,0
2018-03-26,22:00:00,18.62,18.62,18.49,18.5,101490,0
2018-03-27,16:00:00,18.56,18.7084,18.56,18.685,107962,0
2018-03-27,17:00:00,18.66,18.8,18.65,18.7159,104016,0
2018-03-27,18:00:00,18.72,18.85,18.72,18.76,90971,0
2018-03-27,19:00:00,18.77,18.8999,18.76,18.87,21292,0
2018-03-27,20:00:00,18.84,18.96,18.81,18.91,32659,0
2018-03-27,21:00:00,18.91,19.02,18.8714,19.02,36575,0
2018-03-27,22:00:00,19.0201,19.14,18.99,19.08,199627,0
2018-03-28,16:00:00,19.32,19.35,19.18,19.21,152931,0
2018-03-28,17:00:00,19.18,19.349,19.17,19.33,111006,0
2018-03-28,18:00:00,19.3,19.39,19.24,19.3,64599,0
2018-03-28,19:00:00,19.3,19.3,19.23,19.29,14938,0
2018-03-28,20:00:00,19.3,19.3,19.1,19.1562,128985,0
2018-03-28,21:00:00,19.15,19.23,19.07,19.23,27695,0
2018-03-28,22:00:00,19.22,19.28,19.1792,19.21,74077,0
2018-03-29,16:00:00,19.32,19.49,19.32,19.46,55764,0
2018-03-29,17:00:00,19.46,19.55,19.4202,19.54,48458,0
2018-03-29,18:00:00,19.5348,19.5348,19.45,19.49,52124,0
2018-03-29,19:00:00,19.48,19.699,19.4701,19.66,109105,0
2018-03-29,20:00:00,19.66,19.6888,19.6092,19.6401,26869,0
2018-03-29,21:00:00,19.6301,19.669,19.6214,19.65,32337,0
2018-03-29,22:00:00,19.65,19.65,19.49,19.53,111996,0
