Date,Time,Open,High,Low,Close,Volume,OpenInt
2017-09-06,16:00:00,16.39,16.73,16.39,16.59,23369,0
2017-09-06,17:00:00,16.54,16.58,16.39,16.52,27710,0
2017-09-06,18:00:00,16.52,16.54,16.435,16.515,24129,0
2017-09-06,19:00:00,16.52,16.53,16.35,16.35,33686,0
2017-09-06,20:00:00,16.36,16.48,16.36,16.45,25440,0
2017-09-06,21:00:00,16.465,16.505,16.45,16.48,23617,0
2017-09-06,22:00:00,16.48,16.51,16.44,16.45,77015,0
2017-09-07,16:00:00,16.46,16.57,16.3,16.51,9759,0
2017-09-07,17:00:00,16.48,16.52,16.26,16.44,33736,0
2017-09-07,18:00:00,16.45,16.53,16.44,16.53,17023,0
2017-09-07,19:00:00,16.5037,16.57,16.435,16.53,78375,0
2017-09-07,20:00:00,16.545,16.57,16.47,16.48,19618,0
2017-09-07,21:00:00,16.47,16.55,16.41,16.48,29717,0
2017-09-07,22:00:00,16.48,16.54,16.43,16.46,100164,0
2017-09-08,16:00:00,16.47,16.82,16.1505,16.73,14539,0
2017-09-08,17:00:00,16.75,16.84,16.61,16.79,25541,0
2017-09-08,18:00:00,16.81,16.98,16.77,16.85,33470,0
2017-09-08,19:00:00,16.8,16.96,16.8,16.95,22594,0
2017-09-08,20:00:00,16.92,16.93,16.79,16.8,17462,0
2017-09-08,21:00:00,16.8,16.86,16.74,16.76,33033,0
2017-09-08,22:00:00,16.75,16.81,16.7,16.78,68716,0
2017-09-11,16:00:00,16.89,17.43,16.78,17.295,65379,0
2017-09-11,17:00:00,17.31,17.44,16.96,16.96,68839,0
2017-09-11,18:00:00,16.96,17.24,16.93,17.16,40579,0
2017-09-11,19:00:00,17.17,17.25,17.07,17.09,30444,0
2017-09-11,20:00:00,17.105,17.2,17.1039,17.17,29321,0
2017-09-11,21:00:00,17.17,17.195,16.94,16.99,61693,0
2017-09-11,22:00:00,16.99,17.21,16.97,17.18,114896,0
2017-09-12,16:00:00,17.09,17.23,16.98,17.01,19599,0
2017-09-12,17:00:00,17.02,17.03,16.9,16.91,30759,0
2017-09-12,18:00:00,16.905,17.13,16.905,17.03,40828,0
2017-09-12,19:00:00,17.04,17.0947,16.94,16.96,42227,0
2017-09-12,20:00:00,16.97,16.97,16.81,16.81,21431,0
2017-09-12,21:00:00,16.79,16.88,16.79,16.875,18681,0
2017-09-12,22:00:00,16.88,17.05,16.86,17.05,64071,0
2017-09-13,16:00:00,16.97,17.29,16.97,17.28,35636,0
2017-09-13,17:00:00,17.26,17.32,17.15,17.21,41245,0
2017-09-13,18:00:00,17.2,17.53,17.2,17.5,37155,0
2017-09-13,19:00:00,17.5,17.5345,17.365,17.4862,64015,0
2017-09-13,20:00:00,17.46,17.7,17.46,17.55,57649,0
2017-09-13,21:00:00,17.55,17.63,17.5001,17.62,27747,0
2017-09-13,22:00:00,17.6,17.62,17.51,17.6,135758,0
2017-09-14,16:00:00,17.53,17.6,17.43,17.6,13775,0
2017-09-14,17:00:00,17.65,17.78,17.58,17.73,38206,0
2017-09-14,18:00:00,17.74,17.79,17.6769,17.69,24687,0
2017-09-14,19:00:00,17.69,17.71,17.62,17.69,26671,0
2017-09-14,20:00:00,17.7,17.73,17.66,17.685,19704,0
2017-09-14,21:00:00,17.69,17.79,17.6625,17.79,17137,0
2017-09-14,22:00:00,17.7801,17.7801,17.68,17.73,79162,0
2017-09-15,16:00:00,17.7,17.7,16.97,17.105,106593,0
2017-09-15,17:00:00,17.12,17.45,17.04,17.245,35837,0
2017-09-15,18:00:00,17.22,17.39,17.105,17.25,27563,0
2017-09-15,19:00:00,17.26,17.26,17.045,17.065,18184,0
2017-09-15,20:00:00,17.06,17.23,17.04,17.155,15423,0
2017-09-15,21:00:00,17.16,17.24,17.09,17.145,21448,0
2017-09-15,22:00:00,17.145,17.32,17.0845,17.3,1090609,0
2017-09-18,16:00:00,17.27,17.44,17.16,17.31,15760,0
2017-09-18,17:00:00,17.29,17.69,17.25,17.39,35040,0
2017-09-18,18:00:00,17.39,17.43,17.24,17.4,74645,0
2017-09-18,19:00:00,17.43,17.66,17.35,17.62,98966,0
2017-09-18,20:00:00,17.61,17.66,17.45,17.49,29937,0
2017-09-18,21:00:00,17.46,17.49,17.3,17.35,27341,0
2017-09-18,22:00:00,17.35,17.4,17.27,17.29,62466,0
2017-09-19,16:00:00,17.35,17.55,17.2555,17.46,19792,0
2017-09-19,17:00:00,17.44,17.54,17.38,17.45,60037,0
2017-09-19,18:00:00,17.44,17.49,17.38,17.45,41304,0
2017-09-19,19:00:00,17.42,17.63,17.4,17.585,74287,0
2017-09-19,20:00:00,17.59,17.7,17.53,17.53,17117,0
2017-09-19,21:00:00,17.56,17.62,17.51,17.59,13239,0
2017-09-19,22:00:00,17.59,17.59,17.49,17.54,70423,0
2017-09-20,16:00:00,17.5,17.57,17.31,17.39,18665,0
2017-09-20,17:00:00,17.42,17.45,17.35,17.38,38510,0
2017-09-20,18:00:00,17.37,17.55,17.36,17.55,18923,0
2017-09-20,19:00:00,17.55,17.71,17.47,17.66,40990,0
2017-09-20,20:00:00,17.69,17.73,17.57,17.71,32285,0
2017-09-20,21:00:00,17.71,17.73,17.54,17.7,39770,0
2017-09-20,22:00:00,17.7,17.72,17.6,17.7,68468,0
2017-09-21,16:00:00,17.65,17.75,17.31,17.51,37883,0
2017-09-21,17:00:00,17.51,17.6958,17.39,17.68,34293,0
2017-09-21,18:00:00,17.65,17.72,17.6,17.71,20087,0
2017-09-21,19:00:00,17.71,17.83,17.67,17.75,15797,0
2017-09-21,20:00:00,17.76,17.76,17.65,17.685,14372,0
2017-09-21,21:00:00,17.7,17.72,17.59,17.62,33531,0
2017-09-21,22:00:00,17.62,17.62,17.5,17.52,61700,0
2017-09-22,16:00:00,17.52,17.665,17.47,17.6,19719,0
2017-09-22,17:00:00,17.57,17.75,17.55,17.65,20522,0
2017-09-22,18:00:00,17.68,17.805,17.6101,17.69,18540,0
2017-09-22,19:00:00,17.67,17.68,17.51,17.54,19637,0
2017-09-22,20:00:00,17.52,17.64,17.52,17.64,15091,0
2017-09-22,21:00:00,17.62,17.65,17.53,17.56,18477,0
2017-09-22,22:00:00,17.55,17.59,17.5,17.57,58130,0
2017-09-25,16:00:00,17.46,17.58,17.371,17.465,12682,0
2017-09-25,17:00:00,17.49,17.57,17.41,17.46,29506,0
2017-09-25,18:00:00,17.48,17.62,17.4,17.53,55195,0
2017-09-25,19:00:00,17.53,17.67,17.4814,17.64,29453,0
2017-09-25,20:00:00,17.64,17.71,17.63,17.67,30014,0
2017-09-25,21:00:00,17.685,17.84,17.64,17.84,33951,0
2017-09-25,22:00:00,17.85,17.94,17.81,17.9,156013,0
2017-09-26,16:00:00,17.95,17.9897,17.79,17.86,37380,0
2017-09-26,17:00:00,17.87,17.93,17.4,17.51,81407,0
2017-09-26,18:00:00,17.485,17.49,17.24,17.3,41551,0
2017-09-26,19:00:00,17.285,17.445,17.27,17.445,50412,0
2017-09-26,20:00:00,17.46,17.49,17.38,17.47,34425,0
2017-09-26,21:00:00,17.47,17.6,17.46,17.526,58000,0
2017-09-26,22:00:00,17.525,17.63,17.5,17.53,116538,0
2017-09-27,16:00:00,17.88,17.97,17.73,17.92,60289,0
2017-09-27,17:00:00,17.92,18.25,17.92,18.075,149683,0
2017-09-27,18:00:00,18.091,18.5,18.03,18.49,117898,0
2017-09-27,19:00:00,18.49,18.87,18.48,18.85,75767,0
2017-09-27,20:00:00,18.88,19.0499,18.65,18.75,110304,0
2017-09-27,21:00:00,18.77,18.85,18.68,18.73,40146,0
2017-09-27,22:00:00,18.72,18.83,18.66,18.79,134801,0
2017-09-28,16:00:00,18.84,19.1,18.75,18.99,56219,0
2017-09-28,17:00:00,19.04,19.16,18.89,18.92,55079,0
2017-09-28,18:00:00,18.92,19.13,18.895,19.09,171363,0
2017-09-28,19:00:00,19.09,19.1,18.821,19.04,75999,0
2017-09-28,20:00:00,19.04,19.38,18.99,19.35,57331,0
2017-09-28,21:00:00,19.37,19.37,19.1653,19.19,54516,0
2017-09-28,22:00:00,19.19,19.22,19.02,19.21,112876,0
2017-09-29,16:00:00,19.21,19.58,19.12,19.37,32366,0
2017-09-29,17:00:00,19.33,19.46,19.29,19.46,26993,0
2017-09-29,18:00:00,19.445,19.7,19.26,19.675,59718,0
2017-09-29,19:00:00,19.7,19.73,19.62,19.67,32907,0
2017-09-29,20:00:00,19.685,19.7,19.57,19.59,23061,0
2017-09-29,21:00:00,19.605,19.675,19.56,19.6,28115,0
2017-09-29,22:00:00,19.6,19.7,19.59,19.66,58217,0
2017-10-02,16:00:00,19.64,20.07,19.14,20.07,49915,0
2017-10-02,17:00:00,20.11,20.25,19.63,19.7,79615,0
2017-10-02,18:00:00,19.68,19.91,19.42,19.46,72699,0
2017-10-02,19:00:00,19.45,19.51,19.19,19.37,49020,0
2017-10-02,20:00:00,19.36,19.61,19.36,19.61,53014,0
2017-10-02,21:00:00,19.6,19.6,19.4218,19.49,30055,0
2017-10-02,22:00:00,19.46,19.62,19.42,19.59,97585,0
2017-10-03,16:00:00,19.52,19.99,19.42,19.44,15431,0
2017-10-03,17:00:00,19.38,19.38,19.11,19.1352,31567,0
2017-10-03,18:00:00,19.15,19.26,19,19.24,41946,0
2017-10-03,19:00:00,19.24,19.32,19.18,19.32,32328,0
2017-10-03,20:00:00,19.31,19.6,19.23,19.4525,83018,0
2017-10-03,21:00:00,19.46,19.47,19.32,19.335,47279,0
2017-10-03,22:00:00,19.34,19.39,19.26,19.33,112681,0
2017-10-04,16:00:00,19.4,19.47,19.13,19.38,11541,0
2017-10-04,17:00:00,19.4,19.41,19.1357,19.29,36463,0
2017-10-04,18:00:00,19.29,19.3,19.19,19.29,37723,0
2017-10-04,19:00:00,19.28,19.44,19.21,19.24,28100,0
2017-10-04,20:00:00,19.23,19.45,19.23,19.33,55988,0
2017-10-04,21:00:00,19.33,19.36,19.27,19.3,17039,0
2017-10-04,22:00:00,19.3,19.3,19.18,19.23,75615,0
2017-10-05,16:00:00,19.88,19.88,19.55,19.8499,33620,0
2017-10-05,17:00:00,19.86,19.89,19.43,19.44,88291,0
2017-10-05,18:00:00,19.42,19.47,19.37,19.4,52802,0
2017-10-05,19:00:00,19.38,19.4,19.15,19.2374,51154,0
2017-10-05,20:00:00,19.225,19.34,19.21,19.25,18809,0
2017-10-05,21:00:00,19.25,19.28,19.17,19.235,23499,0
2017-10-05,22:00:00,19.235,19.26,19.19,19.23,103173,0
2017-10-06,16:00:00,19.08,19.13,18.96,19.05,25421,0
2017-10-06,17:00:00,19,19.06,18.76,18.835,30385,0
2017-10-06,18:00:00,18.87,18.91,18.82,18.83,20585,0
2017-10-06,19:00:00,18.825,18.9,18.8,18.8,20997,0
2017-10-06,20:00:00,18.81,18.98,18.81,18.91,25004,0
2017-10-06,21:00:00,18.9104,18.92,18.86,18.92,15725,0
2017-10-06,22:00:00,18.92,18.97,18.88,18.97,76161,0
2017-10-09,16:00:00,19.12,19.1799,18.7753,18.83,8036,0
2017-10-09,17:00:00,18.8399,18.97,18.76,18.95,10026,0
2017-10-09,18:00:00,18.96,19.11,18.91,19.06,10298,0
2017-10-09,19:00:00,19.05,19.05,18.89,18.95,11041,0
2017-10-09,20:00:00,18.95,18.97,18.91,18.955,9450,0
2017-10-09,21:00:00,18.96,18.97,18.8901,18.92,17691,0
2017-10-09,22:00:00,18.89,18.92,18.72,18.74,99009,0
2017-10-10,16:00:00,18.75,19.01,18.75,18.92,13002,0
2017-10-10,17:00:00,18.9,18.99,18.84,18.91,14364,0
2017-10-10,18:00:00,18.91,18.935,18.79,18.8,18389,0
2017-10-10,19:00:00,18.795,18.82,18.68,18.79,11256,0
2017-10-10,20:00:00,18.8,18.86,18.78,18.83,8200,0
2017-10-10,21:00:00,18.82,18.85,18.8,18.84,14857,0
2017-10-10,22:00:00,18.85,18.95,18.83,18.94,83059,0
2017-10-11,16:00:00,18.93,19.15,18.81,18.9,12661,0
2017-10-11,17:00:00,18.9,19.02,18.86,18.95,39243,0
2017-10-11,18:00:00,18.95,19.07,18.94,19.03,28122,0
2017-10-11,19:00:00,19.03,19.04,18.92,18.94,13401,0
2017-10-11,20:00:00,18.93,18.97,18.87,18.92,16520,0
2017-10-11,21:00:00,18.92,18.93,18.88,18.91,15342,0
2017-10-11,22:00:00,18.92,18.99,18.871,18.98,119684,0
2017-10-12,16:00:00,18.9,19.24,18.9,19.17,19258,0
2017-10-12,17:00:00,19.18,19.25,19.05,19.05,35787,0
2017-10-12,18:00:00,19.08,19.14,18.94,19.09,46429,0
2017-10-12,19:00:00,19.12,19.15,19.01,19.07,14033,0
2017-10-12,20:00:00,19.02,19.13,19.02,19.0932,19378,0
2017-10-12,21:00:00,19.09,19.14,19.02,19.11,21448,0
2017-10-12,22:00:00,19.12,19.26,19.07,19.26,117875,0
2017-10-13,16:00:00,19.36,19.36,18.925,18.95,14465,0
2017-10-13,17:00:00,18.915,19.13,18.81,18.95,34637,0
2017-10-13,18:00:00,18.97,18.995,18.84,18.85,25350,0
2017-10-13,19:00:00,18.85,18.85,18.69,18.805,19454,0
2017-10-13,20:00:00,18.79,18.83,18.72,18.76,10100,0
2017-10-13,21:00:00,18.76,18.78,18.67,18.71,18080,0
2017-10-13,22:00:00,18.69,18.7,18.46,18.51,74868,0
2017-10-16,16:00:00,18.44,18.725,18.36,18.725,12447,0
2017-10-16,17:00:00,18.73,18.78,18.48,18.6,20147,0
2017-10-16,18:00:00,18.61,18.68,18.48,18.5,26374,0
2017-10-16,19:00:00,18.495,18.54,18.271,18.41,30448,0
2017-10-16,20:00:00,18.42,18.43,18.22,18.39,33357,0
2017-10-16,21:00:00,18.37,18.455,18.37,18.42,19796,0
2017-10-16,22:00:00,18.43,18.5,18.38,18.405,58491,0
2017-10-17,16:00:00,18.43,18.51,18.38,18.46,5434,0
2017-10-17,17:00:00,18.48,18.605,18.27,18.36,18991,0
2017-10-17,18:00:00,18.395,18.44,18.21,18.3,21394,0
2017-10-17,19:00:00,18.32,18.32,18.22,18.25,17636,0
2017-10-17,20:00:00,18.26,18.32,18.21,18.28,22864,0
2017-10-17,21:00:00,18.28,18.31,18.178,18.31,25938,0
2017-10-17,22:00:00,18.31,18.315,18.17,18.19,77247,0
2017-10-18,16:00:00,18.31,18.33,18.08,18.12,9056,0
2017-10-18,17:00:00,18.09,18.18,17.86,18.075,42198,0
2017-10-18,18:00:00,18.075,18.09,17.88,18.0211,29889,0
2017-10-18,19:00:00,18.03,18.17,18.01,18.1,19192,0
2017-10-18,20:00:00,18.11,18.15,18.01,18.03,24609,0
2017-10-18,21:00:00,18.02,18.05,18.0012,18.03,13900,0
2017-10-18,22:00:00,18.03,18.04,17.9536,18,58789,0
2017-10-19,16:00:00,17.95,18.07,17.521,17.675,38682,0
2017-10-19,17:00:00,17.685,17.8,17.54,17.74,52763,0
2017-10-19,18:00:00,17.715,17.73,17.55,17.61,53846,0
2017-10-19,19:00:00,17.61,17.78,17.52,17.77,59035,0
2017-10-19,20:00:00,17.8,18.02,17.79,17.93,44235,0
2017-10-19,21:00:00,17.92,17.93,17.72,17.76,31334,0
2017-10-19,22:00:00,17.77,17.8,17.71,17.78,104416,0
2017-10-20,16:00:00,17.94,18,17.75,17.81,35535,0
2017-10-20,17:00:00,17.8,18.08,17.8,18.08,23795,0
2017-10-20,18:00:00,18.07,18.08,17.85,17.9,71344,0
2017-10-20,19:00:00,17.88,17.97,17.8,17.96,14507,0
2017-10-20,20:00:00,17.97,18.01,17.97,18,18566,0
2017-10-20,21:00:00,18,18,17.84,17.84,16810,0
2017-10-20,22:00:00,17.85,17.9,17.79,17.88,75138,0
2017-10-23,16:00:00,17.86,17.8779,17.7,17.754,7761,0
2017-10-23,17:00:00,17.76,17.89,17.57,17.79,30009,0
2017-10-23,18:00:00,17.79,17.82,17.67,17.78,29828,0
2017-10-23,19:00:00,17.78,17.84,17.75,17.83,19168,0
2017-10-23,20:00:00,17.82,17.82,17.74,17.78,10789,0
2017-10-23,21:00:00,17.79,17.81,17.74,17.75,12394,0
2017-10-23,22:00:00,17.74,17.78,17.64,17.67,67491,0
2017-10-24,16:00:00,17.65,17.77,17.55,17.6,16169,0
2017-10-24,17:00:00,17.63,17.82,17.58,17.79,37474,0
2017-10-24,18:00:00,17.77,17.82,17.72,17.75,18564,0
2017-10-24,19:00:00,17.73,17.83,17.67,17.74,14620,0
2017-10-24,20:00:00,17.73,17.82,17.64,17.81,17511,0
2017-10-24,21:00:00,17.815,17.82,17.73,17.76,20600,0
2017-10-24,22:00:00,17.76,17.78,17.615,17.7,98287,0
2017-10-25,16:00:00,17.7,17.7,17.32,17.34,18765,0
2017-10-25,17:00:00,17.4,17.64,17.37,17.51,21616,0
2017-10-25,18:00:00,17.51,17.51,17.03,17.07,40216,0
2017-10-25,19:00:00,17.09,17.22,17.09,17.22,29664,0
2017-10-25,20:00:00,17.22,17.27,17.1,17.27,35195,0
2017-10-25,21:00:00,17.27,17.29,17.1,17.14,24971,0
2017-10-25,22:00:00,17.14,17.27,17.11,17.17,90083,0
2017-10-26,16:00:00,17.11,17.11,16.8,16.93,24389,0
2017-10-26,17:00:00,16.83,17.06,16.8,17.01,33638,0
2017-10-26,18:00:00,17.03,17.08,16.93,17.0095,28520,0
2017-10-26,19:00:00,17.005,17.07,16.97,17.02,14728,0
2017-10-26,20:00:00,17.01,17.1,16.98,17.07,11500,0
2017-10-26,21:00:00,17.07,17.1,17,17.03,17679,0
2017-10-26,22:00:00,17.04,17.06,16.95,16.975,182015,0
2017-10-27,16:00:00,17.02,17.175,17.02,17.17,8760,0
2017-10-27,17:00:00,17.14,17.17,16.93,17.12,25952,0
2017-10-27,18:00:00,17.08,17.18,17.04,17.13,26397,0
2017-10-27,19:00:00,17.15,17.25,17.14,17.2,42309,0
2017-10-27,20:00:00,17.2,17.34,17.17,17.34,34859,0
2017-10-27,21:00:00,17.325,17.49,17.2,17.44,51692,0
2017-10-27,22:00:00,17.445,17.49,17.31,17.42,129553,0
2017-10-30,15:00:00,17.42,17.72,17.42,17.64,18578,0
2017-10-30,16:00:00,17.58,17.66,17.45,17.54,19018,0
2017-10-30,17:00:00,17.51,17.54,17.37,17.42,24973,0
2017-10-30,18:00:00,17.47,17.54,17.34,17.5,11151,0
2017-10-30,19:00:00,17.5,17.6,17.46,17.46,27129,0
2017-10-30,20:00:00,17.46,17.61,17.4,17.51,26945,0
2017-10-30,21:00:00,17.55,17.64,17.47,17.63,49057,0
2017-10-31,15:00:00,17.68,17.95,17.68,17.75,12834,0
2017-10-31,16:00:00,17.7,17.81,17.62,17.7572,29309,0
2017-10-31,17:00:00,17.77,17.83,17.71,17.79,17751,0
2017-10-31,18:00:00,17.78,17.93,17.74,17.92,16900,0
2017-10-31,19:00:00,17.92,17.96,17.74,17.8,60448,0
2017-10-31,20:00:00,17.82,18.02,17.79,18.02,19665,0
2017-10-31,21:00:00,18,18.29,17.99,18.15,111905,0
2017-11-01,15:00:00,18.25,18.39,17.89,17.89,9927,0
2017-11-01,16:00:00,17.9,18.1344,17.86,17.95,38449,0
2017-11-01,17:00:00,17.95,18.1,17.88,17.94,40779,0
2017-11-01,18:00:00,17.93,18.09,17.91,17.94,27754,0
2017-11-01,19:00:00,17.95,18.11,17.9,18,53419,0
2017-11-01,20:00:00,18.02,18.07,17.92,17.975,121874,0
2017-11-01,21:00:00,17.95,18,17.83,17.86,68622,0
2017-11-02,15:00:00,17.82,17.89,17.61,17.78,10180,0
2017-11-02,16:00:00,17.8,17.92,17.57,17.635,73319,0
2017-11-02,17:00:00,17.67,17.78,17.5,17.56,14852,0
2017-11-02,18:00:00,17.53,17.65,17.47,17.48,19037,0
2017-11-02,19:00:00,17.5,17.6,17.47,17.49,10986,0
2017-11-02,20:00:00,17.46,17.61,17.46,17.53,12120,0
2017-11-02,21:00:00,17.53,17.555,17.41,17.52,77922,0
2017-11-03,15:00:00,17.53,17.65,17.47,17.61,5954,0
2017-11-03,16:00:00,17.7,17.84,17.59,17.75,40486,0
2017-11-03,17:00:00,17.75,17.88,17.7,17.77,69951,0
2017-11-03,18:00:00,17.78,17.82,17.6,17.64,21800,0
2017-11-03,19:00:00,17.65,17.72,17.64,17.71,15698,0
2017-11-03,20:00:00,17.74,17.81,17.69,17.78,22826,0
2017-11-03,21:00:00,17.76,17.82,17.74,17.8,71200,0
2017-11-06,16:00:00,17.92,18.14,17.765,17.84,7720,0
2017-11-06,17:00:00,17.87,17.93,17.69,17.73,13813,0
2017-11-06,18:00:00,17.73,17.75,17.51,17.57,18480,0
2017-11-06,19:00:00,17.56,17.63,17.495,17.57,15519,0
2017-11-06,20:00:00,17.565,17.71,17.56,17.69,15506,0
2017-11-06,21:00:00,17.71,17.79,17.68,17.77,11729,0
2017-11-06,22:00:00,17.77,17.8,17.68,17.71,51572,0
2017-11-07,16:00:00,17.64,17.64,17.36,17.49,11124,0
2017-11-07,17:00:00,17.4543,17.57,17.27,17.41,28481,0
2017-11-07,18:00:00,17.43,17.51,17.26,17.26,47748,0
2017-11-07,19:00:00,17.29,17.42,17.23,17.32,25339,0
2017-11-07,20:00:00,17.32,17.5,17.32,17.5,15916,0
2017-11-07,21:00:00,17.5,17.52,17.37,17.41,17194,0
2017-11-07,22:00:00,17.4,17.4,17.28,17.28,61578,0
2017-11-08,16:00:00,17.12,17.37,17.04,17.29,23762,0
2017-11-08,17:00:00,17.265,17.32,17.16,17.2571,17538,0
2017-11-08,18:00:00,17.3,17.39,17.22,17.23,20280,0
2017-11-08,19:00:00,17.2276,17.29,17.22,17.26,9268,0
2017-11-08,20:00:00,17.24,17.27,17.1,17.22,11745,0
2017-11-08,21:00:00,17.22,17.27,17.19,17.26,10333,0
2017-11-08,22:00:00,17.24,17.34,17.24,17.27,46828,0
2017-11-09,16:00:00,16.79,17.06,15.4775,16.02,109200,0
2017-11-09,17:00:00,15.985,16.33,15.63,15.63,207772,0
2017-11-09,18:00:00,15.6232,15.6232,14.945,14.9947,176044,0
2017-11-09,19:00:00,15.015,15.09,14.46,15.08,160921,0
2017-11-09,20:00:00,15.08,15.94,15.08,15.42,226357,0
2017-11-09,21:00:00,15.42,15.58,15.07,15.09,71324,0
2017-11-09,22:00:00,15.09,15.27,14.8801,15.1,191298,0
2017-11-10,16:00:00,15.04,15.31,14.85,15.24,47864,0
2017-11-10,17:00:00,15.22,15.47,15.17,15.38,74492,0
2017-11-10,18:00:00,15.38,15.72,15.38,15.69,76823,0
2017-11-10,19:00:00,15.69,15.73,15.311,15.5,94278,0
2017-11-10,20:00:00,15.46,15.58,15.4,15.47,26216,0
2017-11-10,21:00:00,15.45,15.58,15.375,15.41,41383,0
2017-11-10,22:00:00,15.41,15.575,15.41,15.49,252283,0
2017-11-13,16:00:00,15.48,15.56,15.18,15.26,51691,0
2017-11-13,17:00:00,15.3,15.3,15.09,15.19,57160,0
2017-11-13,18:00:00,15.19,15.3,15.14,15.2,56007,0
2017-11-13,19:00:00,15.2,15.401,15.19,15.26,150084,0
2017-11-13,20:00:00,15.26,15.3,15.11,15.19,69103,0
2017-11-13,21:00:00,15.19,15.25,15.13,15.15,31167,0
2017-11-13,22:00:00,15.15,15.25,15.07,15.07,130586,0
2017-11-14,16:00:00,14.95,15.07,14.7001,14.76,24652,0
2017-11-14,17:00:00,14.78,14.78,14.31,14.42,54037,0
2017-11-14,18:00:00,14.42,14.43,14.19,14.216,37854,0
2017-11-14,19:00:00,14.2232,14.41,14.14,14.23,67618,0
2017-11-14,20:00:00,14.23,14.25,14.1401,14.1999,49198,0
2017-11-14,21:00:00,14.18,14.23,14.07,14.2,78148,0
2017-11-14,22:00:00,14.19,14.37,14.135,14.24,160217,0
2017-11-15,16:00:00,14.29,14.49,14.2,14.23,25154,0
2017-11-15,17:00:00,14.21,14.6,14.21,14.51,47549,0
2017-11-15,18:00:00,14.49,14.51,14.36,14.425,47037,0
2017-11-15,19:00:00,14.42,14.64,14.4,14.64,41464,0
2017-11-15,20:00:00,14.64,14.7,14.56,14.68,18498,0
2017-11-15,21:00:00,14.68,14.83,14.65,14.65,57001,0
2017-11-15,22:00:00,14.67,14.77,14.6,14.72,164793,0
2017-11-16,16:00:00,14.76,15.01,14.54,14.81,27138,0
2017-11-16,17:00:00,14.86,15.15,14.83,15.1,17210,0
2017-11-16,18:00:00,15.17,15.22,15.02,15.105,16663,0
2017-11-16,19:00:00,15.09,15.16,15.04,15.115,12611,0
2017-11-16,20:00:00,15.159,15.24,15.07,15.08,15040,0
2017-11-16,21:00:00,15.11,15.24,15.07,15.15,23799,0
2017-11-16,22:00:00,15.15,15.21,15.1,15.13,70708,0
2017-11-17,16:00:00,15.08,15.3,15.065,15.065,11091,0
2017-11-17,17:00:00,15.04,15.2,14.95,15.02,20718,0
2017-11-17,18:00:00,15.01,15.06,14.86,15,38522,0
2017-11-17,19:00:00,15.03,15.21,14.96,15.21,63771,0
2017-11-17,20:00:00,15.2,15.3,15.2,15.27,18649,0
2017-11-17,21:00:00,15.27,15.43,15.25,15.335,35844,0
2017-11-17,22:00:00,15.335,15.37,15.28,15.36,51566,0
2017-11-20,16:00:00,15.42,15.54,15.42,15.48,7494,0
2017-11-20,17:00:00,15.5,15.55,15.4,15.51,24269,0
2017-11-20,18:00:00,15.5,15.5,15.4,15.43,13225,0
2017-11-20,19:00:00,15.44,15.49,15.3601,15.4086,10600,0
2017-11-20,20:00:00,15.4,15.52,15.38,15.49,14188,0
2017-11-20,21:00:00,15.485,15.54,15.43,15.48,19651,0
2017-11-20,22:00:00,15.5,15.56,15.46,15.49,63430,0
2017-11-21,16:00:00,15.59,15.73,15.57,15.655,22510,0
2017-11-21,17:00:00,15.66,15.74,15.59,15.73,31357,0
2017-11-21,18:00:00,15.7283,15.84,15.7,15.775,26075,0
2017-11-21,19:00:00,15.78,15.82,15.68,15.73,15100,0
2017-11-21,20:00:00,15.74,15.78,15.71,15.71,18956,0
2017-11-21,21:00:00,15.7,15.72,15.63,15.7,12761,0
2017-11-21,22:00:00,15.7,15.81,15.69,15.79,64684,0
2017-11-22,16:00:00,15.75,15.92,15.62,15.68,12754,0
2017-11-22,17:00:00,15.68,15.85,15.68,15.85,11044,0
2017-11-22,18:00:00,15.835,15.85,15.77,15.82,10806,0
2017-11-22,19:00:00,15.8,15.8,15.69,15.76,20173,0
2017-11-22,20:00:00,15.74,15.82,15.74,15.76,9304,0
2017-11-22,21:00:00,15.76,15.89,15.76,15.885,21540,0
2017-11-22,22:00:00,15.89,15.91,15.67,15.67,81778,0
2017-11-24,16:00:00,15.64,15.64,14.663,15.06,71089,0
2017-11-24,17:00:00,15.06,15.19,14.9,15.05,65176,0
2017-11-24,18:00:00,15.01,15.1,14.9,15.05,61706,0
2017-11-24,19:00:00,15.05,15.23,14.92,14.97,86460,0
2017-11-24,20:00:00,14.99,15,14.99,15,27279,0
2017-11-27,16:00:00,15.05,15.56,15.05,15.18,13719,0
2017-11-27,17:00:00,15.1514,15.38,15.1,15.36,42257,0
2017-11-27,18:00:00,15.33,15.58,15.24,15.51,62383,0
2017-11-27,19:00:00,15.53,15.59,15.45,15.575,35070,0
2017-11-27,20:00:00,15.575,15.59,15.3,15.31,38203,0
2017-11-27,21:00:00,15.32,15.36,15.16,15.2,40104,0
2017-11-27,22:00:00,15.18,15.57,15.15,15.56,129869,0
2017-11-28,16:00:00,15.57,15.61,15.17,15.18,20794,0
2017-11-28,17:00:00,15.16,15.3,15.04,15.25,21055,0
2017-11-28,18:00:00,15.28,15.38,15.2,15.35,15634,0
2017-11-28,19:00:00,15.33,15.335,15.12,15.12,29623,0
2017-11-28,20:00:00,15.13,15.2,14.98,14.98,31105,0
2017-11-28,21:00:00,14.97,15.12,14.92,15.05,29097,0
2017-11-28,22:00:00,15.02,15.23,14.92,15,543248,0
2017-11-29,16:00:00,15.05,15.343,14.84,14.86,18159,0
2017-11-29,17:00:00,14.86,15.12,14.81,14.93,38240,0
2017-11-29,18:00:00,14.93,15.03,14.82,14.82,21499,0
2017-11-29,19:00:00,14.81,15.02,14.8,14.87,23721,0
2017-11-29,20:00:00,14.9,15,14.81,14.86,26392,0
2017-11-29,21:00:00,14.85,14.87,14.55,14.55,57878,0
2017-11-29,22:00:00,14.56,14.84,14.56,14.83,95641,0
2017-11-30,16:00:00,14.92,15.17,14.83,15.02,15490,0
2017-11-30,17:00:00,15.05,15.33,15.01,15.3,17729,0
2017-11-30,18:00:00,15.3,15.36,15.19,15.34,14053,0
2017-11-30,19:00:00,15.37,15.4,15.27,15.3,14124,0
2017-11-30,20:00:00,15.309,15.41,15.26,15.35,14879,0
2017-11-30,21:00:00,15.37,15.49,15.34,15.41,22003,0
2017-11-30,22:00:00,15.43,15.65,15.41,15.56,330398,0
2017-12-01,16:00:00,15.62,15.9,15.62,15.82,16273,0
2017-12-01,17:00:00,15.82,16.06,15.775,15.97,33071,0
2017-12-01,18:00:00,15.97,16.03,15.36,15.59,32678,0
2017-12-01,19:00:00,15.63,15.8,15.54,15.77,19455,0
2017-12-01,20:00:00,15.78,15.9022,15.65,15.83,23258,0
2017-12-01,21:00:00,15.81,15.91,15.74,15.87,30416,0
2017-12-01,22:00:00,15.85,15.9099,15.8,15.85,84708,0
2017-12-04,16:00:00,16.02,16.43,15.94,15.94,33594,0
2017-12-04,17:00:00,15.9,15.94,15.59,15.68,23528,0
2017-12-04,18:00:00,15.69,15.81,15.63,15.77,14827,0
2017-12-04,19:00:00,15.76,15.87,15.61,15.61,21033,0
2017-12-04,20:00:00,15.61,15.76,15.61,15.68,19662,0
2017-12-04,21:00:00,15.69,15.7,15.48,15.57,17260,0
2017-12-04,22:00:00,15.56,15.56,15.37,15.39,58792,0
2017-12-05,16:00:00,15.4,15.79,15.4,15.54,6058,0
2017-12-05,17:00:00,15.58,15.61,15.41,15.52,14677,0
2017-12-05,18:00:00,15.57,15.69,15.54,15.64,27300,0
2017-12-05,19:00:00,15.65,15.69,15.39,15.42,62895,0
2017-12-05,20:00:00,15.42,15.56,15.41,15.5,20900,0
2017-12-05,21:00:00,15.52,15.52,15.27,15.33,27582,0
2017-12-05,22:00:00,15.34,15.34,15.15,15.19,56664,0
2017-12-06,16:00:00,15.22,15.46,14.99,15.04,14567,0
2017-12-06,17:00:00,15,15.25,15,15.07,20987,0
2017-12-06,18:00:00,15.105,15.14,14.965,14.97,13891,0
2017-12-06,19:00:00,14.97,15.02,14.89,14.98,12235,0
2017-12-06,20:00:00,14.95,15.09,14.89,15.06,10543,0
2017-12-06,21:00:00,15.07,15.24,15.07,15.2,20363,0
2017-12-06,22:00:00,15.21,15.42,15.19,15.4,92257,0
2017-12-07,16:00:00,15.81,16.03,15.24,15.9,43977,0
2017-12-07,17:00:00,15.9,15.9,15.34,15.6,69927,0
2017-12-07,18:00:00,15.58,15.73,15.52,15.63,26184,0
2017-12-07,19:00:00,15.63,15.66,15.485,15.56,79836,0
2017-12-07,20:00:00,15.56,15.6,15.44,15.52,53557,0
2017-12-07,21:00:00,15.52,15.61,15.46,15.4847,53641,0
2017-12-07,22:00:00,15.47,15.51,15.42,15.5,81158,0
2017-12-08,16:00:00,15.64,15.89,15.64,15.75,19758,0
2017-12-08,17:00:00,15.755,15.83,15.59,15.78,33226,0
2017-12-08,18:00:00,15.785,15.84,15.71,15.77,36200,0
2017-12-08,19:00:00,15.75,15.87,15.66,15.78,48120,0
2017-12-08,20:00:00,15.765,15.81,15.63,15.63,25950,0
2017-12-08,21:00:00,15.63,15.79,15.6,15.69,20725,0
2017-12-08,22:00:00,15.7,15.85,15.64,15.81,183230,0
2017-12-11,16:00:00,15.92,16.03,15.74,15.8,14695,0
2017-12-11,17:00:00,15.795,15.795,15.58,15.58,20117,0
2017-12-11,18:00:00,15.58,15.85,15.55,15.8125,23109,0
2017-12-11,19:00:00,15.82,15.84,15.62,15.655,23824,0
2017-12-11,20:00:00,15.63,15.77,15.53,15.73,44177,0
2017-12-11,21:00:00,15.74,15.76,15.54,15.56,19759,0
2017-12-11,22:00:00,15.56,15.63,15.48,15.52,50776,0
2017-12-12,16:00:00,15.5,15.67,15.46,15.48,9258,0
2017-12-12,17:00:00,15.48,15.58,15.32,15.51,18808,0
2017-12-12,18:00:00,15.5,15.55,15.375,15.4,9995,0
2017-12-12,19:00:00,15.46,15.47,15.2996,15.32,8347,0
2017-12-12,20:00:00,15.32,15.34,15.21,15.24,12526,0
2017-12-12,21:00:00,15.26,15.31,15.18,15.19,20857,0
2017-12-12,22:00:00,15.1991,15.32,15.19,15.31,84521,0
2017-12-13,16:00:00,15.3,15.72,15.29,15.5,32022,0
2017-12-13,17:00:00,15.52,15.52,15.27,15.38,22066,0
2017-12-13,18:00:00,15.365,15.58,15.28,15.57,29890,0
2017-12-13,19:00:00,15.57,15.57,15.375,15.41,24300,0
2017-12-13,20:00:00,15.42,15.51,15.39,15.5,25667,0
2017-12-13,21:00:00,15.5,15.52,15.37,15.475,51583,0
2017-12-13,22:00:00,15.49,15.55,15.4,15.53,69188,0
2017-12-14,16:00:00,15.53,15.65,15.3,15.57,14581,0
2017-12-14,17:00:00,15.65,15.68,15.36,15.36,21519,0
2017-12-14,18:00:00,15.36,15.48,15.22,15.22,16538,0
2017-12-14,19:00:00,15.25,15.27,14.98,15,38368,0
2017-12-14,20:00:00,15,15.04,14.79,14.82,40478,0
2017-12-14,21:00:00,14.795,15,14.795,14.93,27870,0
2017-12-14,22:00:00,14.89,14.97,14.78,14.84,82754,0
2017-12-15,16:00:00,14.87,15.01,14.77,14.78,89398,0
2017-12-15,17:00:00,14.77,15.02,14.77,14.91,35817,0
2017-12-15,18:00:00,14.91,14.91,14.81,14.88,10008,0
2017-12-15,19:00:00,14.88,14.9,14.75,14.87,27720,0
2017-12-15,20:00:00,14.88,14.92,14.77,14.845,23634,0
2017-12-15,21:00:00,14.84,14.96,14.83,14.9,23999,0
2017-12-15,22:00:00,14.92,15.1,14.92,15.04,64345,0
2017-12-18,16:00:00,15.15,15.31,14.95,15.22,51081,0
2017-12-18,17:00:00,15.2,15.43,15.2,15.27,13548,0
2017-12-18,18:00:00,15.25,15.3,15.18,15.28,13450,0
2017-12-18,19:00:00,15.29,15.34,15.2,15.2,16841,0
2017-12-18,20:00:00,15.195,15.25,15.18,15.23,6300,0
2017-12-18,21:00:00,15.25,15.31,15.17,15.22,17334,0
2017-12-18,22:00:00,15.23,15.27,15.19,15.24,45589,0
2017-12-19,16:00:00,15.75,15.75,15.28,15.37,46362,0
2017-12-19,17:00:00,15.41,15.68,15.4,15.585,80220,0
2017-12-19,18:00:00,15.585,15.585,15.4,15.44,18448,0
2017-12-19,19:00:00,15.43,15.45,15.13,15.27,23462,0
2017-12-19,20:00:00,15.29,15.32,15.2,15.3,8218,0
2017-12-19,21:00:00,15.31,15.4,15.26,15.27,20754,0
2017-12-19,22:00:00,15.3,15.5,15.1904,15.48,91551,0
2017-12-20,16:00:00,15.51,15.58,15.22,15.37,17783,0
2017-12-20,17:00:00,15.32,15.525,15.28,15.45,36090,0
2017-12-20,18:00:00,15.43,15.46,15.32,15.38,11430,0
2017-12-20,19:00:00,15.43,15.5,15.42,15.45,10477,0
2017-12-20,20:00:00,15.47,15.49,15.36,15.41,11450,0
2017-12-20,21:00:00,15.41,15.49,15.37,15.46,21649,0
2017-12-20,22:00:00,15.49,15.49,15.34,15.4,37955,0
2017-12-21,16:00:00,15.36,15.41,15.12,15.32,14081,0
2017-12-21,17:00:00,15.33,15.45,15.29,15.43,15398,0
2017-12-21,18:00:00,15.46,15.6,15.43,15.49,8400,0
2017-12-21,19:00:00,15.48,15.59,15.48,15.56,27338,0
2017-12-21,20:00:00,15.57,15.59,15.5,15.5,12956,0
2017-12-21,21:00:00,15.52,15.56,15.4762,15.54,12800,0
2017-12-21,22:00:00,15.53,15.6707,15.49,15.58,110552,0
2017-12-22,16:00:00,15.6,15.81,15.51,15.735,34088,0
2017-12-22,17:00:00,15.76,15.8,15.6834,15.73,38958,0
2017-12-22,18:00:00,15.73,15.74,15.47,15.49,71650,0
2017-12-22,19:00:00,15.47,15.68,15.45,15.68,31605,0
2017-12-22,20:00:00,15.69,15.69,15.56,15.61,32108,0
2017-12-22,21:00:00,15.61,15.71,15.57,15.69,40405,0
2017-12-22,22:00:00,15.69,15.71,15.6,15.7,119441,0
2017-12-26,16:00:00,15.59,15.71,15.38,15.496,8375,0
2017-12-26,17:00:00,15.3899,15.6,15.36,15.5234,35912,0
2017-12-26,18:00:00,15.55,15.59,15.46,15.5114,36507,0
2017-12-26,19:00:00,15.5,15.5,15.41,15.43,17207,0
2017-12-26,20:00:00,15.43,15.59,15.41,15.55,21310,0
2017-12-26,21:00:00,15.58,15.58,15.46,15.48,12636,0
2017-12-26,22:00:00,15.5,15.53,15.36,15.37,73339,0
2017-12-27,16:00:00,15.02,15.65,15.02,15.32,36781,0
2017-12-27,17:00:00,15.36,15.36,15.21,15.24,49569,0
2017-12-27,18:00:00,15.26,15.32,15.21,15.3,15390,0
2017-12-27,19:00:00,15.31,15.32,15.17,15.22,31390,0
2017-12-27,20:00:00,15.23,15.23,15.09,15.16,15550,0
2017-12-27,21:00:00,15.12,15.2,15.06,15.15,31403,0
2017-12-27,22:00:00,15.14,15.18,15.09,15.15,74872,0
2017-12-28,16:00:00,15.25,15.31,15.12,15.17,19492,0
2017-12-28,17:00:00,15.17,15.2799,15.13,15.27,12516,0
2017-12-28,18:00:00,15.2704,15.41,15.23,15.36,14132,0
2017-12-28,19:00:00,15.38,15.56,15.38,15.5,39734,0
2017-12-28,20:00:00,15.5,15.74,15.49,15.58,62555,0
2017-12-28,21:00:00,15.577,15.6,15.43,15.55,18521,0
2017-12-28,22:00:00,15.51,15.55,15.41,15.46,46331,0
2017-12-29,16:00:00,15.45,15.49,15.26,15.43,6570,0
2017-12-29,17:00:00,15.43,15.605,15.4,15.4,28587,0
2017-12-29,18:00:00,15.41,15.44,15.3,15.32,9595,0
2017-12-29,19:00:00,15.3413,15.36,15.17,15.22,16299,0
2017-12-29,20:00:00,15.18,15.22,15.07,15.07,11470,0
2017-12-29,21:00:00,15.08,15.09,14.93,14.9348,21863,0
2017-12-29,22:00:00,14.92,15.04,14.86,14.87,124680,0
2018-01-02,16:00:00,14.98,14.98,14.35,14.47,30905,0
2018-01-02,17:00:00,14.5,14.71,14.46,14.6,103501,0
2018-01-02,18:00:00,14.58,14.92,14.54,14.8814,23783,0
2018-01-02,19:00:00,14.885,14.97,14.62,14.68,30131,0
2018-01-02,20:00:00,14.71,14.89,14.614,14.84,43489,0
2018-01-02,21:00:00,14.86,14.92,14.8,14.8,32524,0
2018-01-02,22:00:00,14.8,14.98,14.77,14.97,98847,0
2018-01-03,16:00:00,14.91,15,14.73,14.88,20366,0
2018-01-03,17:00:00,14.87,15.2591,14.87,15.2591,21980,0
2018-01-03,18:00:00,15.28,15.395,15.25,15.33,23570,0
2018-01-03,19:00:00,15.35,15.47,15.2628,15.46,19568,0
2018-01-03,20:00:00,15.46,15.58,15.44,15.5,98026,0
2018-01-03,21:00:00,15.52,15.56,15.35,15.39,54370,0
2018-01-03,22:00:00,15.39,15.6,15.39,15.48,113834,0
2018-01-04,16:00:00,15.61,15.8579,15.41,15.41,37798,0
2018-01-04,17:00:00,15.36,15.5875,15.23,15.48,54479,0
2018-01-04,18:00:00,15.47,15.5,15.39,15.45,22071,0
2018-01-04,19:00:00,15.47,15.51,15.4198,15.48,40597,0
2018-01-04,20:00:00,15.47,15.57,15.44,15.46,41520,0
2018-01-04,21:00:00,15.44,15.5,15.41,15.47,18025,0
2018-01-04,22:00:00,15.48,15.5,15.415,15.43,60262,0
2018-01-05,16:00:00,15.41,15.48,15.175,15.3558,16447,0
2018-01-05,17:00:00,15.34,15.45,15.29,15.29,32750,0
2018-01-05,18:00:00,15.29,15.32,15.15,15.23,27920,0
2018-01-05,19:00:00,15.23,15.33,15.21,15.265,33561,0
2018-01-05,20:00:00,15.265,15.32,15.14,15.22,29570,0
2018-01-05,21:00:00,15.23,15.28,15.19,15.22,29816,0
2018-01-05,22:00:00,15.22,15.32,15.16,15.31,83630,0
2018-01-08,16:00:00,15.37,15.37,14.741,14.92,16049,0
2018-01-08,17:00:00,14.92,14.98,14.72,14.94,19201,0
2018-01-08,18:00:00,14.92,15.19,14.865,15.15,27808,0
2018-01-08,19:00:00,15.13,15.26,15.04,15.08,16870,0
2018-01-08,20:00:00,15.08,15.43,15.08,15.33,29815,0
2018-01-08,21:00:00,15.34,15.35,15.12,15.12,18784,0
2018-01-08,22:00:00,15.14,15.19,15.09,15.1,43874,0
2018-01-09,16:00:00,15.17,15.67,15.02,15.63,27673,0
2018-01-09,17:00:00,15.64,15.64,15.36,15.47,20622,0
2018-01-09,18:00:00,15.4786,15.59,15.45,15.5,16887,0
2018-01-09,19:00:00,15.47,15.62,15.47,15.58,19955,0
2018-01-09,20:00:00,15.58,15.59,15.52,15.53,17911,0
2018-01-09,21:00:00,15.59,15.6,15.4275,15.48,34791,0
2018-01-09,22:00:00,15.48,15.66,15.46,15.57,99303,0
2018-01-10,16:00:00,15.48,15.48,15.19,15.24,8571,0
2018-01-10,17:00:00,15.29,15.46,15.215,15.325,10263,0
2018-01-10,18:00:00,15.32,15.49,15.31,15.47,8756,0
2018-01-10,19:00:00,15.5199,15.5199,15.4,15.43,4901,0
2018-01-10,20:00:00,15.46,15.47,15.3,15.47,11058,0
2018-01-10,21:00:00,15.46,15.49,15.34,15.38,30085,0
2018-01-10,22:00:00,15.37,15.45,15.23,15.25,87476,0
2018-01-11,16:00:00,15.28,15.49,15.25,15.49,8236,0
2018-01-11,17:00:00,15.5,15.5,15.28,15.49,14388,0
2018-01-11,18:00:00,15.48,15.6,15.33,15.57,45413,0
2018-01-11,19:00:00,15.57,15.57,15.37,15.5,11704,0
2018-01-11,20:00:00,15.5,15.51,15.33,15.42,9881,0
2018-01-11,21:00:00,15.47,15.52,15.4,15.52,33318,0
2018-01-11,22:00:00,15.52,15.61,15.46,15.58,141145,0
2018-01-12,16:00:00,15.58,15.62,15.45,15.53,5933,0
2018-01-12,17:00:00,15.52,15.67,15.48,15.67,10050,0
2018-01-12,18:00:00,15.66,15.74,15.62,15.65,19936,0
2018-01-12,19:00:00,15.66,15.67,15.6,15.6576,7437,0
2018-01-12,20:00:00,15.65,15.67,15.56,15.61,10333,0
2018-01-12,21:00:00,15.61,15.64,15.56,15.56,5705,0
2018-01-12,22:00:00,15.56,15.69,15.54,15.68,84127,0
2018-01-16,16:00:00,15.64,15.825,15.5,15.825,22033,0
2018-01-16,17:00:00,15.825,15.825,15.6,15.62,18246,0
2018-01-16,18:00:00,15.58,15.61,15.4325,15.4325,11231,0
2018-01-16,19:00:00,15.45,15.47,15.28,15.2801,9027,0
2018-01-16,20:00:00,15.29,15.35,15.19,15.275,18474,0
2018-01-16,21:00:00,15.27,15.27,15.06,15.1,38645,0
2018-01-16,22:00:00,15.085,15.22,14.98,14.98,101478,0
2018-01-17,16:00:00,15.13,15.13,14.9,14.99,13784,0
2018-01-17,17:00:00,14.99,15.05,14.77,14.79,34929,0
2018-01-17,18:00:00,14.77,15.01,14.7,14.91,26055,0
2018-01-17,19:00:00,14.91,15.06,14.89,15.03,15892,0
2018-01-17,20:00:00,15.05,15.08,14.96,15.04,10661,0
2018-01-17,21:00:00,15.04,15.12,14.99,15.05,16925,0
2018-01-17,22:00:00,15.04,15.14,15,15.13,77350,0
2018-01-18,16:00:00,15.06,15.12,14.7,14.91,16305,0
2018-01-18,17:00:00,14.9,15,14.83,14.89,20454,0
2018-01-18,18:00:00,14.87,14.925,14.78,14.84,21807,0
2018-01-18,19:00:00,14.84,14.91,14.81,14.9,12100,0
2018-01-18,20:00:00,14.88,14.9,14.82,14.86,76419,0
2018-01-18,21:00:00,14.86,14.86,14.75,14.785,21970,0
2018-01-18,22:00:00,14.8,14.81,14.65,14.66,47096,0
2018-01-19,16:00:00,14.64,14.66,14.51,14.57,14589,0
2018-01-19,17:00:00,14.565,14.69,14.54,14.68,13699,0
2018-01-19,18:00:00,14.65,14.8,14.64,14.79,15980,0
2018-01-19,19:00:00,14.78,14.89,14.765,14.78,21024,0
2018-01-19,20:00:00,14.77,14.82,14.755,14.765,14197,0
2018-01-19,21:00:00,14.77,14.81,14.74,14.77,14926,0
2018-01-19,22:00:00,14.78,14.79,14.69,14.71,103848,0
2018-01-22,16:00:00,14.72,14.99,14.7,14.72,41781,0
2018-01-22,17:00:00,14.72,15,14.7,14.99,66513,0
2018-01-22,18:00:00,14.99,15.19,14.88,15.19,117220,0
2018-01-22,19:00:00,15.1753,15.46,14.95,15.07,116449,0
2018-01-22,20:00:00,15.0706,15.27,15.04,15.24,86950,0
2018-01-22,21:00:00,15.24,15.26,15.1402,15.23,39267,0
2018-01-22,22:00:00,15.2,15.25,15.09,15.22,135700,0
2018-01-23,16:00:00,15.18,15.39,15.1604,15.18,10905,0
2018-01-23,17:00:00,15.17,15.34,15.13,15.32,21711,0
2018-01-23,18:00:00,15.31,15.39,15.27,15.33,12700,0
2018-01-23,19:00:00,15.34,15.44,15.28,15.29,114888,0
2018-01-23,20:00:00,15.3,15.45,15.29,15.41,22871,0
2018-01-23,21:00:00,15.42,15.56,15.37,15.505,48294,0
2018-01-23,22:00:00,15.505,15.6,15.33,15.39,239075,0
2018-01-24,16:00:00,15.4,15.46,15.34,15.42,9923,0
2018-01-24,17:00:00,15.37,15.37,15.1,15.13,11520,0
2018-01-24,18:00:00,15.14,15.15,14.79,15.01,24864,0
2018-01-24,19:00:00,14.97,15.05,14.94,14.98,12975,0
2018-01-24,20:00:00,15.04,15.06,14.9295,14.94,49094,0
2018-01-24,21:00:00,14.91,15.02,14.76,14.92,27838,0
2018-01-24,22:00:00,14.9,14.94,14.8,14.8,73690,0
2018-01-25,16:00:00,14.94,14.95,14.82,14.95,6676,0
2018-01-25,17:00:00,15.02,15.14,14.9,15.08,16900,0
2018-01-25,18:00:00,15.06,15.24,15.06,15.21,21193,0
2018-01-25,19:00:00,15.16,15.18,15.05,15.12,12400,0
2018-01-25,20:00:00,15.08,15.15,15.05,15.13,5300,0
2018-01-25,21:00:00,15.14,15.16,15.043,15.13,9282,0
2018-01-25,22:00:00,15.13,15.17,15.07,15.14,38107,0
2018-01-26,16:00:00,15.26,15.31,15.16,15.26,34825,0
2018-01-26,17:00:00,15.29,15.3675,15.28,15.32,22315,0
2018-01-26,18:00:00,15.31,15.37,15.24,15.3,9450,0
2018-01-26,19:00:00,15.31,15.31,15.1799,15.22,10850,0
2018-01-26,20:00:00,15.23,15.28,15.23,15.28,9380,0
2018-01-26,21:00:00,15.29,15.31,15.2103,15.24,8783,0
2018-01-26,22:00:00,15.25,15.29,15.21,15.23,35014,0
2018-01-29,16:00:00,15.26,15.37,15.1501,15.37,7074,0
2018-01-29,17:00:00,15.355,15.44,15.25,15.39,25429,0
2018-01-29,18:00:00,15.38,15.45,15.32,15.34,24620,0
2018-01-29,19:00:00,15.32,15.579,15.32,15.47,400657,0
2018-01-29,20:00:00,15.5,15.78,15.5,15.725,34558,0
2018-01-29,21:00:00,15.71,15.74,15.64,15.725,33513,0
2018-01-29,22:00:00,15.725,15.7525,15.55,15.59,92029,0
2018-01-30,16:00:00,15.42,15.495,15.1501,15.2657,25848,0
2018-01-30,17:00:00,15.27,15.51,15.25,15.51,15657,0
2018-01-30,18:00:00,15.51,15.579,15.4127,15.4127,8100,0
2018-01-30,19:00:00,15.41,15.45,15.25,15.2548,8429,0
2018-01-30,20:00:00,15.23,15.32,15.1136,15.28,11213,0
2018-01-30,21:00:00,15.25,15.2699,15.07,15.08,15677,0
2018-01-30,22:00:00,15.08,15.18,15.02,15.02,88931,0
2018-01-31,16:00:00,15.14,15.32,14.835,14.9795,27354,0
2018-01-31,17:00:00,14.94,14.94,14.74,14.77,34928,0
2018-01-31,18:00:00,14.76,14.9,14.68,14.78,19358,0
2018-01-31,19:00:00,14.78,14.85,14.73,14.84,11821,0
2018-01-31,20:00:00,14.85,15.06,14.84,14.95,27281,0
2018-01-31,21:00:00,14.95,15.04,14.71,14.84,39651,0
2018-01-31,22:00:00,14.84,14.89,14.77,14.78,89696,0
2018-02-01,16:00:00,14.65,14.93,14.55,14.89,22014,0
2018-02-01,17:00:00,14.92,14.94,14.65,14.77,28041,0
2018-02-01,18:00:00,14.79,14.88,14.71,14.79,12575,0
2018-02-01,19:00:00,14.79,14.95,14.77,14.94,15219,0
2018-02-01,20:00:00,14.96,15.02,14.87,14.88,9600,0
2018-02-01,21:00:00,14.86,14.98,14.83,14.95,10450,0
2018-02-01,22:00:00,14.93,14.98,14.85,14.94,36586,0
2018-02-02,16:00:00,14.85,14.93,14.76,14.76,8940,0
2018-02-02,17:00:00,14.64,14.85,14.6,14.77,12993,0
2018-02-02,18:00:00,14.77,14.84,14.725,14.78,9567,0
2018-02-02,19:00:00,14.7999,14.93,14.76,14.76,8273,0
2018-02-02,20:00:00,14.76,14.87,14.75,14.86,8040,0
2018-02-02,21:00:00,14.87,14.89,14.79,14.8,12953,0
2018-02-02,22:00:00,14.77,14.8,14.55,14.56,99325,0
2018-02-05,16:00:00,14.49,14.63,14.3,14.585,17449,0
2018-02-05,17:00:00,14.55,14.83,14.47,14.71,14810,0
2018-02-05,18:00:00,14.68,14.68,14.52,14.62,7788,0
2018-02-05,19:00:00,14.6448,14.6448,14.526,14.54,8425,0
2018-02-05,20:00:00,14.53,14.61,14.39,14.61,14642,0
2018-02-05,21:00:00,14.61,14.61,14.4,14.42,24764,0
2018-02-05,22:00:00,14.43,14.5,14.14,14.15,74013,0
2018-02-06,16:00:00,13.91,14.47,13.6708,14.26,21863,0
2018-02-06,17:00:00,14.31,14.49,14.14,14.2014,25597,0
2018-02-06,18:00:00,14.18,14.3,14.02,14.105,42403,0
2018-02-06,19:00:00,14.1,14.19,14,14.085,35528,0
2018-02-06,20:00:00,14.07,14.17,14.03,14.08,43540,0
2018-02-06,21:00:00,14.08,14.37,14.08,14.34,29142,0
2018-02-06,22:00:00,14.34,14.4,14.01,14.19,209146,0
2018-02-07,16:00:00,14.14,14.23,14.08,14.16,9571,0
2018-02-07,17:00:00,14.14,14.29,14.02,14.28,14904,0
2018-02-07,18:00:00,14.26,14.37,14.26,14.35,23238,0
2018-02-07,19:00:00,14.36,14.42,14.32,14.32,8000,0
2018-02-07,20:00:00,14.31,14.35,14.23,14.34,7723,0
2018-02-07,21:00:00,14.32,14.46,14.29,14.33,6839,0
2018-02-07,22:00:00,14.35,14.44,14.32,14.36,60449,0
2018-02-08,16:00:00,14.41,14.61,14.25,14.56,8703,0
2018-02-08,17:00:00,14.54,14.66,14.37,14.37,18321,0
2018-02-08,18:00:00,14.36,14.41,14.17,14.29,15000,0
2018-02-08,19:00:00,14.295,14.331,14.1,14.21,20797,0
2018-02-08,20:00:00,14.21,14.32,14.1,14.19,23428,0
2018-02-08,21:00:00,14.17,14.24,14.04,14.1,14353,0
2018-02-08,22:00:00,14.08,14.14,13.97,14,85082,0
2018-02-09,16:00:00,14.16,14.16,13.905,14,8269,0
2018-02-09,17:00:00,14.02,14.1,13.61,13.7,42298,0
2018-02-09,18:00:00,13.72,13.81,13.53,13.57,33474,0
2018-02-09,19:00:00,13.54,13.6,13.28,13.415,47078,0
2018-02-09,20:00:00,13.42,13.76,13.29,13.7,20594,0
2018-02-09,21:00:00,13.7,14.075,13.7,13.97,26997,0
2018-02-09,22:00:00,13.87,14.265,13.86,14.11,81218,0
2018-02-12,16:00:00,14.11,14.11,13.95,14.0491,14106,0
2018-02-12,17:00:00,14.03,14.03,13.77,13.91,26037,0
2018-02-12,18:00:00,13.94,14.33,13.93,14.32,18647,0
2018-02-12,19:00:00,14.34,14.39,14.2,14.36,10264,0
2018-02-12,20:00:00,14.36,14.5,14.31,14.5,16729,0
2018-02-12,21:00:00,14.46,14.6069,14.45,14.51,16311,0
2018-02-12,22:00:00,14.52,14.685,14.35,14.45,80094,0
2018-02-13,16:00:00,14.4,14.6,14.15,14.3,8641,0
2018-02-13,17:00:00,14.33,14.64,14.3,14.63,9800,0
2018-02-13,18:00:00,14.57,14.615,14.487,14.54,18021,0
2018-02-13,19:00:00,14.53,14.54,14.28,14.38,18103,0
2018-02-13,20:00:00,14.39,14.4894,14.39,14.46,10878,0
2018-02-13,21:00:00,14.49,14.65,14.45,14.6,11781,0
2018-02-13,22:00:00,14.58,14.59,14.37,14.47,75714,0
2018-02-14,16:00:00,14.31,14.54,14.29,14.41,8732,0
2018-02-14,17:00:00,14.44,14.655,14.35,14.48,28142,0
2018-02-14,18:00:00,14.54,14.56,14.38,14.44,14014,0
2018-02-14,19:00:00,14.44,14.5,14.34,14.38,15900,0
2018-02-14,20:00:00,14.34,14.54,14.29,14.48,18459,0
2018-02-14,21:00:00,14.5,14.67,14.48,14.53,14176,0
2018-02-14,22:00:00,14.53,14.61,14.46,14.56,71825,0
2018-02-15,16:00:00,14.62,14.81,14.4022,14.75,16334,0
2018-02-15,17:00:00,14.73,14.85,14.69,14.69,11873,0
2018-02-15,18:00:00,14.65,14.75,14.6,14.73,15067,0
2018-02-15,19:00:00,14.71,14.78,14.67,14.78,10316,0
2018-02-15,20:00:00,14.8,14.82,14.74,14.79,13548,0
2018-02-15,21:00:00,14.77,14.89,14.77,14.8,20488,0
2018-02-15,22:00:00,14.8,14.82,14.74,14.78,25506,0
2018-02-16,16:00:00,14.71,14.79,14.555,14.64,11071,0
2018-02-16,17:00:00,14.59,14.78,14.59,14.63,15750,0
2018-02-16,18:00:00,14.64,14.68,14.56,14.63,5100,0
2018-02-16,19:00:00,14.608,14.67,14.57,14.65,13418,0
2018-02-16,20:00:00,14.64,14.64,14.45,14.46,14441,0
2018-02-16,21:00:00,14.44,14.48,14.33,14.36,17850,0
2018-02-16,22:00:00,14.37,14.37,13.95,14.12,91942,0
2018-02-20,16:00:00,14.14,14.26,13.89,14.14,16009,0
2018-02-20,17:00:00,14.11,14.16,13.98,14,19475,0
2018-02-20,18:00:00,14.04,14.17,14.04,14.04,9400,0
2018-02-20,19:00:00,14.04,14.12,13.9,13.97,21628,0
2018-02-20,20:00:00,13.95,13.96,13.83,13.91,22078,0
2018-02-20,21:00:00,13.92,14.01,13.84,13.92,75104,0
2018-02-20,22:00:00,13.88,13.88,13.55,13.62,110987,0
2018-02-21,16:00:00,13.75,13.925,13.56,13.9163,22783,0
2018-02-21,17:00:00,13.93,14.24,13.91,14.24,46757,0
2018-02-21,18:00:00,14.25,14.46,14.09,14.205,160251,0
2018-02-21,19:00:00,14.205,14.47,14.14,14.45,99054,0
2018-02-21,20:00:00,14.49,14.72,14.47,14.6,33356,0
2018-02-21,21:00:00,14.6,14.78,14.52,14.53,17505,0
2018-02-21,22:00:00,14.53,14.53,14.29,14.31,68648,0
2018-02-22,16:00:00,14.39,14.7,14.39,14.64,9595,0
2018-02-22,17:00:00,14.64,14.71,14.55,14.64,24330,0
2018-02-22,18:00:00,14.67,14.81,14.66,14.72,38173,0
2018-02-22,19:00:00,14.72,14.75,14.58,14.72,33158,0
2018-02-22,20:00:00,14.73,14.78,14.55,14.615,28056,0
2018-02-22,21:00:00,14.64,14.71,14.54,14.65,88841,0
2018-02-22,22:00:00,14.65,15.07,14.6,15.03,175605,0
2018-02-23,16:00:00,15.08,15.13,14.771,14.771,20742,0
2018-02-23,17:00:00,14.835,14.89,14.73,14.8488,40543,0
2018-02-23,18:00:00,14.87,14.93,14.8,14.9,14855,0
2018-02-23,19:00:00,14.93,15.04,14.93,15,14133,0
2018-02-23,20:00:00,15,15.21,14.98,15.15,39524,0
2018-02-23,21:00:00,15.15,15.22,15.1,15.15,43270,0
2018-02-23,22:00:00,15.17,15.26,15.1,15.23,151149,0
2018-02-26,16:00:00,15.23,15.37,14.98,15.08,19023,0
2018-02-26,17:00:00,15.12,15.26,15.03,15.17,50402,0
2018-02-26,18:00:00,15.19,15.34,15.19,15.25,61361,0
2018-02-26,19:00:00,15.25,15.34,15.21,15.2927,69349,0
2018-02-26,20:00:00,15.33,15.33,15.085,15.2,16799,0
2018-02-26,21:00:00,15.2,15.21,14.85,14.94,97955,0
2018-02-26,22:00:00,14.94,15.15,14.9,15.1,120888,0
2018-02-27,16:00:00,15.01,15.21,14.79,14.84,6920,0
2018-02-27,17:00:00,14.81,15,14.81,14.91,9991,0
2018-02-27,18:00:00,14.8874,14.96,14.86,14.89,8300,0
2018-02-27,19:00:00,14.94,14.94,14.84,14.88,3600,0
2018-02-27,20:00:00,14.88,14.9,14.791,14.815,6600,0
2018-02-27,21:00:00,14.78,14.84,14.73,14.8176,10682,0
2018-02-27,22:00:00,14.79,14.83,14.59,14.59,66583,0
2018-02-28,16:00:00,14.57,14.73,14.57,14.58,4647,0
2018-02-28,17:00:00,14.62,14.72,14.51,14.54,17970,0
2018-02-28,18:00:00,14.57,14.68,14.53,14.59,23895,0
2018-02-28,19:00:00,14.61,14.75,14.61,14.665,12600,0
2018-02-28,20:00:00,14.66,14.81,14.62,14.74,84420,0
2018-02-28,21:00:00,14.74,14.8,14.53,14.53,13188,0
2018-02-28,22:00:00,14.57,14.57,14.29,14.3,90452,0
2018-03-01,16:00:00,14.37,14.37,13.9,14.15,21183,0
2018-03-01,17:00:00,14.165,14.354,14.165,14.22,17413,0
2018-03-01,18:00:00,14.27,14.38,14.24,14.35,10903,0
2018-03-01,19:00:00,14.3404,14.38,14.215,14.22,9874,0
2018-03-01,20:00:00,14.22,14.25,14.1341,14.165,87420,0
2018-03-01,21:00:00,14.14,14.45,14.14,14.43,94457,0
2018-03-01,22:00:00,14.4574,14.48,14.33,14.43,65052,0
2018-03-02,16:00:00,14.26,14.605,14.2,14.41,23198,0
2018-03-02,17:00:00,14.44,14.515,14.23,14.25,24197,0
2018-03-02,18:00:00,14.26,14.43,14.26,14.405,31771,0
2018-03-02,19:00:00,14.42,14.445,14.34,14.39,18351,0
2018-03-02,20:00:00,14.39,14.4691,14.28,14.4,26952,0
2018-03-02,21:00:00,14.39,14.5,14.35,14.45,14029,0
2018-03-02,22:00:00,14.45,14.56,14.39,14.46,88878,0
2018-03-05,16:00:00,14.47,14.52,14.31,14.34,13324,0
2018-03-05,17:00:00,14.3,14.41,14.26,14.39,33105,0
2018-03-05,18:00:00,14.4,14.4,14.26,14.26,18631,0
2018-03-05,19:00:00,14.23,14.415,14.23,14.39,23311,0
2018-03-05,20:00:00,14.44,14.44,14.28,14.31,18835,0
2018-03-05,21:00:00,14.315,14.42,14.27,14.32,20114,0
2018-03-05,22:00:00,14.33,14.42,14.29,14.34,106214,0
2018-03-06,16:00:00,14.39,14.59,14.3,14.49,25012,0
2018-03-06,17:00:00,14.46,14.46,14.1,14.12,30591,0
2018-03-06,18:00:00,14.12,14.13,13.965,14.06,71883,0
2018-03-06,19:00:00,14.04,14.36,14.03,14.35,47626,0
2018-03-06,20:00:00,14.37,14.37,14.17,14.25,29842,0
2018-03-06,21:00:00,14.26,14.27,14.11,14.21,28514,0
2018-03-06,22:00:00,14.21,14.22,14.13,14.2,118922,0
2018-03-07,16:00:00,14.05,14.11,13.76,13.86,22064,0
2018-03-07,17:00:00,13.87,13.93,13.76,13.86,52870,0
2018-03-07,18:00:00,13.86,13.863,13.45,13.4999,54369,0
2018-03-07,19:00:00,13.5,13.725,13.5,13.67,64395,0
2018-03-07,20:00:00,13.68,13.705,13.61,13.61,45061,0
2018-03-07,21:00:00,13.61,13.74,13.6,13.62,24788,0
2018-03-07,22:00:00,13.66,13.88,13.66,13.85,137517,0
2018-03-08,16:00:00,13.82,13.82,13.65,13.73,9381,0
2018-03-08,17:00:00,13.72,13.785,13.43,13.6,92763,0
2018-03-08,18:00:00,13.59,13.71,13.3,13.315,99387,0
2018-03-08,19:00:00,13.31,13.66,13.22,13.61,96033,0
2018-03-08,20:00:00,13.61,13.65,13.46,13.54,25321,0
2018-03-08,21:00:00,13.555,13.585,13.45,13.57,38822,0
2018-03-08,22:00:00,13.555,13.67,13.51,13.6,182632,0
2018-03-09,16:00:00,13.74,13.825,13.6,13.6,31175,0
2018-03-09,17:00:00,13.605,13.66,13.55,13.625,26812,0
2018-03-09,18:00:00,13.625,13.93,13.59,13.88,58455,0
2018-03-09,19:00:00,13.89,13.91,13.76,13.82,126899,0
2018-03-09,20:00:00,13.82,13.87,13.66,13.75,67908,0
2018-03-09,21:00:00,13.76,14.12,13.74,14.02,92467,0
2018-03-09,22:00:00,14.01,14.15,13.91,14.08,131513,0
2018-03-12,15:00:00,14.12,14.33,13.81,13.83,24662,0
2018-03-12,16:00:00,13.851,13.851,13.68,13.75,52504,0
2018-03-12,17:00:00,13.76,13.77,13.59,13.59,22164,0
2018-03-12,18:00:00,13.6,13.7,13.53,13.615,90065,0
2018-03-12,19:00:00,13.615,13.615,13.44,13.461,20170,0
2018-03-12,20:00:00,13.45,13.56,13.45,13.55,15284,0
2018-03-12,21:00:00,13.555,13.65,13.5,13.52,105003,0
2018-03-13,15:00:00,13.94,14.04,12.85,12.8925,107832,0
2018-03-13,16:00:00,12.92,13.28,12.79,12.88,102275,0
2018-03-13,17:00:00,12.89,12.98,12.63,12.75,107283,0
2018-03-13,18:00:00,12.72,12.77,12.4784,12.66,103720,0
2018-03-13,19:00:00,12.67,13.04,12.649,12.98,57650,0
2018-03-13,20:00:00,12.99,13,12.8,12.91,63003,0
2018-03-13,21:00:00,12.92,12.92,12.54,12.59,134554,0
2018-03-14,15:00:00,12.69,12.7899,12.34,12.39,44362,0
2018-03-14,16:00:00,12.385,12.63,12.385,12.44,63265,0
2018-03-14,17:00:00,12.45,12.45,12.26,12.32,36608,0
2018-03-14,18:00:00,12.33,12.46,12.33,12.39,46731,0
2018-03-14,19:00:00,12.39,12.47,12.35,12.38,51203,0
2018-03-14,20:00:00,12.38,12.39,12.28,12.32,33366,0
2018-03-14,21:00:00,12.31,12.32,12.24,12.26,145625,0
2018-03-15,15:00:00,12.37,12.53,12.22,12.32,51875,0
2018-03-15,16:00:00,12.32,12.36,12.24,12.285,70135,0
2018-03-15,17:00:00,12.28,12.42,12.25,12.295,98127,0
2018-03-15,18:00:00,12.33,12.37,12.215,12.23,70819,0
2018-03-15,19:00:00,12.24,12.32,12.17,12.293,48837,0
2018-03-15,20:00:00,12.28,12.28,12.04,12.12,31471,0
2018-03-15,21:00:00,12.12,12.12,11.88,11.92,162289,0
2018-03-16,15:00:00,11.89,11.9,11.71,11.86,94473,0
2018-03-16,16:00:00,11.86,12.01,11.85,12.01,29650,0
2018-03-16,17:00:00,12.015,12.1,12.01,12.04,30289,0
2018-03-16,18:00:00,12.06,12.64,12.04,12.55,117096,0
2018-03-16,19:00:00,12.55,12.58,12.4,12.45,41979,0
2018-03-16,20:00:00,12.45,12.47,12.21,12.26,41929,0
2018-03-16,21:00:00,12.25,12.4,12.24,12.3,376944,0
2018-03-19,15:00:00,12.35,13.05,12.12,12.675,142172,0
2018-03-19,16:00:00,12.6801,12.76,12.39,12.455,63204,0
2018-03-19,17:00:00,12.43,12.43,12.3,12.37,54050,0
2018-03-19,18:00:00,12.36,12.48,12.33,12.43,64518,0
2018-03-19,19:00:00,12.42,12.42,12.3,12.33,43131,0
2018-03-19,20:00:00,12.33,12.34,12.07,12.17,28458,0
2018-03-19,21:00:00,12.15,12.2,12.0745,12.16,120357,0
2018-03-20,15:00:00,12.13,12.24,12.02,12.1,31932,0
2018-03-20,16:00:00,12.075,12.25,12.03,12.11,29781,0
2018-03-20,17:00:00,12.1,12.1,11.845,11.85,51876,0
2018-03-20,18:00:00,11.85,11.91,11.81,11.85,32990,0
2018-03-20,19:00:00,11.85,11.855,11.765,11.8,35349,0
2018-03-20,20:00:00,11.79,11.91,11.78,11.88,28322,0
2018-03-20,21:00:00,11.88,11.91,11.8599,11.86,75535,0
2018-03-21,15:00:00,11.92,12.3092,11.88,12.07,15740,0
2018-03-21,16:00:00,12.08,12.17,12.03,12.15,11845,0
2018-03-21,17:00:00,12.16,12.215,12.1,12.14,14315,0
2018-03-21,18:00:00,12.11,12.12,11.99,12.045,9493,0
2018-03-21,19:00:00,12.06,12.07,11.99,12.01,12392,0
2018-03-21,20:00:00,12.01,12.09,11.88,11.89,29260,0
2018-03-21,21:00:00,11.92,12.02,11.92,12,96109,0
2018-03-22,15:00:00,11.9,12.08,11.73,12.055,19265,0
2018-03-22,16:00:00,12.03,12.09,12.02,12.03,25810,0
2018-03-22,17:00:00,12.02,12.04,11.87,11.95,23331,0
2018-03-22,18:00:00,11.945,12.0663,11.93,12,21669,0
2018-03-22,19:00:00,11.99,12.0559,11.92,11.99,26654,0
2018-03-22,20:00:00,11.99,11.99,11.8,11.82,25261,0
2018-03-22,21:00:00,11.81,11.84,11.68,11.68,101672,0
2018-03-23,15:00:00,10.58,10.8,10.4,10.64,387273,0
2018-03-23,16:00:00,10.64,10.87,10.6,10.81,467283,0
2018-03-23,17:00:00,10.8098,10.82,10.45,10.5,225036,0
2018-03-23,18:00:00,10.505,10.68,10.455,10.54,149477,0
2018-03-23,19:00:00,10.545,10.63,10.495,10.6,175060,0
2018-03-23,20:00:00,10.6,10.6,10.47,10.49,109833,0
2018-03-23,21:00:00,10.49,10.52,10.31,10.49,562974,0
2018-03-26,16:00:00,10.58,10.78,10.49,10.75,101990,0
2018-03-26,17:00:00,10.77,10.78,10.55,10.59,154782,0
2018-03-26,18:00:00,10.58,10.66,10.51,10.52,90386,0
2018-03-26,19:00:00,10.515,10.55,10.5,10.54,150093,0
2018-03-26,20:00:00,10.53,10.65,10.53,10.555,67124,0
2018-03-26,21:00:00,10.555,10.67,10.485,10.59,333954,0
2018-03-26,22:00:00,10.59,10.65,10.56,10.575,261979,0
2018-03-27,16:00:00,10.57,10.65,10.45,10.57,47014,0
2018-03-27,17:00:00,10.57,10.655,10.44,10.5,141498,0
2018-03-27,18:00:00,10.5,10.51,10.37,10.39,67904,0
2018-03-27,19:00:00,10.38,10.405,10.1,10.27,74593,0
2018-03-27,20:00:00,10.27,10.27,9.97,9.99,66577,0
2018-03-27,21:00:00,10,10.099,9.89,9.99,112146,0
2018-03-27,22:00:00,9.98,9.98,9.7,9.77,200462,0
2018-03-28,16:00:00,9.81,9.87,9.6,9.85,74877,0
2018-03-28,17:00:00,9.85,9.94,9.64,9.73,110740,0
2018-03-28,18:00:00,9.74,9.89,9.68,9.77,79641,0
2018-03-28,19:00:00,9.8,9.88,9.73,9.77,82174,0
2018-03-28,20:00:00,9.75,9.93,9.73,9.87,45698,0
2018-03-28,21:00:00,9.89,9.9,9.81,9.81,62704,0
2018-03-28,22:00:00,9.8,9.82,9.72,9.74,203192,0
2018-03-29,16:00:00,9.78,9.8,9.35,9.39,66682,0
2018-03-29,17:00:00,9.38,9.56,9.29,9.56,148598,0
2018-03-29,18:00:00,9.55,9.57,9.47,9.5,84123,0
2018-03-29,19:00:00,9.51,9.59,9.44,9.54,57637,0
2018-03-29,20:00:00,9.55,9.58,9.52,9.57,72791,0
2018-03-29,21:00:00,9.57,9.61,9.53,9.565,115533,0
2018-03-29,22:00:00,9.57,9.61,9.51,9.53,250935,0
