Date,Time,Open,High,Low,Close,Volume,OpenInt
2017-09-05,16:00:00,3.24,3.25,3.2,3.2,151750,0
2017-09-05,17:00:00,3.205,3.24,3.17,3.204,472245,0
2017-09-05,18:00:00,3.21,3.235,3.2,3.23,55913,0
2017-09-05,19:00:00,3.2201,3.23,3.17,3.17,140635,0
2017-09-05,20:00:00,3.17,3.19,3.16,3.19,73741,0
2017-09-05,21:00:00,3.19,3.23,3.1799,3.21,336589,0
2017-09-05,22:00:00,3.215,3.23,3.19,3.21,229630,0
2017-09-06,16:00:00,3.23,3.24,3.21,3.23,73452,0
2017-09-06,17:00:00,3.24,3.24,3.19,3.195,53292,0
2017-09-06,18:00:00,3.195,3.2,3.12,3.18,298276,0
2017-09-06,19:00:00,3.1799,3.18,3.16,3.165,49100,0
2017-09-06,20:00:00,3.165,3.17,3.16,3.17,35637,0
2017-09-06,21:00:00,3.17,3.17,3.15,3.16,40602,0
2017-09-06,22:00:00,3.16,3.17,3.08,3.09,848374,0
2017-09-07,16:00:00,3.1,3.16,3.1,3.15,100781,0
2017-09-07,17:00:00,3.1401,3.19,3.13,3.19,148685,0
2017-09-07,18:00:00,3.1894,3.225,3.1894,3.205,240700,0
2017-09-07,19:00:00,3.21,3.22,3.18,3.18,73731,0
2017-09-07,20:00:00,3.19,3.19,3.1699,3.18,77836,0
2017-09-07,21:00:00,3.18,3.19,3.17,3.18,48883,0
2017-09-07,22:00:00,3.18,3.18,3.14,3.15,186023,0
2017-09-08,16:00:00,3.11,3.18,3.11,3.16,80084,0
2017-09-08,17:00:00,3.16,3.16,3.09,3.12,286976,0
2017-09-08,18:00:00,3.12,3.12,3.1,3.11,52482,0
2017-09-08,19:00:00,3.1,3.13,3.1,3.11,82826,0
2017-09-08,20:00:00,3.12,3.13,3.09,3.093,147534,0
2017-09-08,21:00:00,3.09,3.115,3.09,3.11,125261,0
2017-09-08,22:00:00,3.11,3.13,3.1,3.11,549579,0
2017-09-11,16:00:00,3.12,3.185,3.12,3.17,71650,0
2017-09-11,17:00:00,3.18,3.18,3.12,3.13,336213,0
2017-09-11,18:00:00,3.13,3.17,3.13,3.16,193795,0
2017-09-11,19:00:00,3.16,3.2,3.16,3.185,150649,0
2017-09-11,20:00:00,3.185,3.19,3.18,3.18,45701,0
2017-09-11,21:00:00,3.18,3.19,3.15,3.15,82127,0
2017-09-11,22:00:00,3.15,3.18,3.14,3.16,495916,0
2017-09-12,16:00:00,3.16,3.25,3.16,3.191,172595,0
2017-09-12,17:00:00,3.19,3.21,3.17,3.2,152526,0
2017-09-12,18:00:00,3.1946,3.21,3.17,3.21,177075,0
2017-09-12,19:00:00,3.2,3.25,3.2,3.2365,342514,0
2017-09-12,20:00:00,3.2316,3.25,3.23,3.23,121215,0
2017-09-12,21:00:00,3.23,3.25,3.21,3.24,269534,0
2017-09-12,22:00:00,3.24,3.27,3.19,3.19,589962,0
2017-09-13,16:00:00,3.21,3.28,3.207,3.275,140787,0
2017-09-13,17:00:00,3.27,3.29,3.23,3.25,264225,0
2017-09-13,18:00:00,3.25,3.3,3.24,3.3,191083,0
2017-09-13,19:00:00,3.295,3.3,3.265,3.2784,243728,0
2017-09-13,20:00:00,3.27,3.28,3.22,3.22,149841,0
2017-09-13,21:00:00,3.22,3.23,3.18,3.205,195513,0
2017-09-13,22:00:00,3.2,3.22,3.19,3.2,333642,0
2017-09-14,16:00:00,3.2,3.215,3.18,3.2,129843,0
2017-09-14,17:00:00,3.2079,3.27,3.2,3.27,213361,0
2017-09-14,18:00:00,3.28,3.32,3.28,3.2901,204224,0
2017-09-14,19:00:00,3.29,3.35,3.26,3.3,377768,0
2017-09-14,20:00:00,3.3066,3.37,3.3,3.36,646728,0
2017-09-14,21:00:00,3.36,3.43,3.345,3.3733,803859,0
2017-09-14,22:00:00,3.3799,3.38,3.325,3.36,1056948,0
2017-09-15,16:00:00,3.36,3.43,3.36,3.4299,209896,0
2017-09-15,17:00:00,3.42,3.45,3.38,3.419,465338,0
2017-09-15,18:00:00,3.42,3.445,3.4,3.42,285494,0
2017-09-15,19:00:00,3.42,3.44,3.36,3.365,364909,0
2017-09-15,20:00:00,3.36,3.37,3.33,3.35,252448,0
2017-09-15,21:00:00,3.35,3.38,3.34,3.38,224692,0
2017-09-15,22:00:00,3.38,3.415,3.36,3.37,519605,0
2017-09-18,16:00:00,3.39,3.4365,3.38,3.38,101341,0
2017-09-18,17:00:00,3.38,3.42,3.38,3.4,172856,0
2017-09-18,18:00:00,3.39,3.39,3.31,3.32,377767,0
2017-09-18,19:00:00,3.32,3.34,3.31,3.33,72404,0
2017-09-18,20:00:00,3.325,3.33,3.27,3.285,182742,0
2017-09-18,21:00:00,3.29,3.29,3.25,3.255,188694,0
2017-09-18,22:00:00,3.25,3.26,3.24,3.25,356165,0
2017-09-19,16:00:00,3.28,3.28,3.24,3.25,107091,0
2017-09-19,17:00:00,3.2565,3.295,3.24,3.25,157671,0
2017-09-19,18:00:00,3.26,3.26,3.22,3.235,170776,0
2017-09-19,19:00:00,3.23,3.25,3.23,3.25,42678,0
2017-09-19,20:00:00,3.25,3.27,3.24,3.25,80126,0
2017-09-19,21:00:00,3.25,3.25,3.23,3.23,101843,0
2017-09-19,22:00:00,3.235,3.24,3.2,3.22,350514,0
2017-09-20,16:00:00,3.2,3.27,3.2,3.26,137475,0
2017-09-20,17:00:00,3.26,3.31,3.26,3.2967,198409,0
2017-09-20,18:00:00,3.29,3.3,3.25,3.275,184765,0
2017-09-20,19:00:00,3.29,3.31,3.28,3.305,109510,0
2017-09-20,20:00:00,3.3,3.3055,3.27,3.28,51321,0
2017-09-20,21:00:00,3.29,3.29,3.26,3.29,52604,0
2017-09-20,22:00:00,3.2822,3.3,3.27,3.28,194360,0
2017-09-21,16:00:00,3.3,3.3,3.26,3.265,38807,0
2017-09-21,17:00:00,3.26,3.27,3.24,3.26,169761,0
2017-09-21,18:00:00,3.2537,3.28,3.25,3.27,110568,0
2017-09-21,19:00:00,3.27,3.29,3.25,3.255,173895,0
2017-09-21,20:00:00,3.255,3.26,3.23,3.23,47889,0
2017-09-21,21:00:00,3.23,3.24,3.21,3.22,257144,0
2017-09-21,22:00:00,3.22,3.24,3.2,3.24,227109,0
2017-09-22,16:00:00,3.25,3.25,3.21,3.23,32463,0
2017-09-22,17:00:00,3.23,3.28,3.22,3.245,227032,0
2017-09-22,18:00:00,3.25,3.27,3.24,3.26,73713,0
2017-09-22,19:00:00,3.26,3.27,3.25,3.26,44287,0
2017-09-22,20:00:00,3.25,3.28,3.25,3.28,83946,0
2017-09-22,21:00:00,3.28,3.28,3.27,3.28,68536,0
2017-09-22,22:00:00,3.275,3.31,3.27,3.29,470061,0
2017-09-25,16:00:00,3.35,3.44,3.35,3.4,480636,0
2017-09-25,17:00:00,3.41,3.42,3.36,3.38,316729,0
2017-09-25,18:00:00,3.385,3.43,3.38,3.43,442736,0
2017-09-25,19:00:00,3.425,3.4793,3.405,3.42,819815,0
2017-09-25,20:00:00,3.425,3.46,3.42,3.46,390870,0
2017-09-25,21:00:00,3.46,3.47,3.42,3.45,189539,0
2017-09-25,22:00:00,3.447,3.45,3.43,3.43,336834,0
2017-09-26,16:00:00,3.45,3.48,3.35,3.355,189893,0
2017-09-26,17:00:00,3.351,3.41,3.35,3.4,165508,0
2017-09-26,18:00:00,3.4002,3.405,3.37,3.39,136766,0
2017-09-26,19:00:00,3.395,3.4,3.39,3.395,81015,0
2017-09-26,20:00:00,3.4,3.46,3.395,3.45,287730,0
2017-09-26,21:00:00,3.45,3.59,3.445,3.46,1719472,0
2017-09-26,22:00:00,3.465,3.5,3.46,3.48,632758,0
2017-09-27,16:00:00,3.5,3.57,3.49,3.532,522020,0
2017-09-27,17:00:00,3.53,3.58,3.52,3.58,396521,0
2017-09-27,18:00:00,3.575,3.63,3.565,3.605,370498,0
2017-09-27,19:00:00,3.6,3.61,3.58,3.6078,138458,0
2017-09-27,20:00:00,3.61,3.62,3.59,3.595,105209,0
2017-09-27,21:00:00,3.6,3.6653,3.6,3.65,362741,0
2017-09-27,22:00:00,3.65,3.67,3.62,3.63,450687,0
2017-09-28,16:00:00,3.66,3.66,3.62,3.63,138479,0
2017-09-28,17:00:00,3.635,3.64,3.55,3.555,389818,0
2017-09-28,18:00:00,3.55,3.56,3.475,3.515,491976,0
2017-09-28,19:00:00,3.51,3.53,3.5,3.515,84144,0
2017-09-28,20:00:00,3.52,3.52,3.485,3.515,223782,0
2017-09-28,21:00:00,3.51,3.54,3.51,3.522,79101,0
2017-09-28,22:00:00,3.53,3.53,3.49,3.5,331170,0
2017-09-29,16:00:00,3.52,3.56,3.5,3.5,152167,0
2017-09-29,17:00:00,3.5099,3.53,3.48,3.495,136338,0
2017-09-29,18:00:00,3.5,3.555,3.49,3.53,140054,0
2017-09-29,19:00:00,3.52,3.53,3.5,3.53,63524,0
2017-09-29,20:00:00,3.52,3.54,3.51,3.515,39153,0
2017-09-29,21:00:00,3.5129,3.53,3.5,3.51,87705,0
2017-09-29,22:00:00,3.5199,3.52,3.5,3.5,169127,0
2017-10-02,16:00:00,3.5,3.52,3.47,3.505,112881,0
2017-10-02,17:00:00,3.51,3.53,3.48,3.48,233338,0
2017-10-02,18:00:00,3.49,3.51,3.46,3.46,127206,0
2017-10-02,19:00:00,3.46,3.48,3.45,3.4705,67264,0
2017-10-02,20:00:00,3.47,3.4892,3.46,3.47,62413,0
2017-10-02,21:00:00,3.48,3.48,3.47,3.48,60583,0
2017-10-02,22:00:00,3.47,3.49,3.435,3.49,285037,0
2017-10-03,16:00:00,3.5,3.53,3.45,3.515,153822,0
2017-10-03,17:00:00,3.515,3.519,3.44,3.46,231418,0
2017-10-03,18:00:00,3.47,3.5,3.45,3.48,87706,0
2017-10-03,19:00:00,3.49,3.5,3.48,3.48,51556,0
2017-10-03,20:00:00,3.49,3.4965,3.48,3.49,44112,0
2017-10-03,21:00:00,3.49,3.49,3.46,3.4699,35899,0
2017-10-03,22:00:00,3.4699,3.5,3.46,3.47,204195,0
2017-10-04,16:00:00,3.49,3.52,3.465,3.51,98715,0
2017-10-04,17:00:00,3.51,3.54,3.47,3.4908,240248,0
2017-10-04,18:00:00,3.5,3.54,3.5,3.54,79860,0
2017-10-04,19:00:00,3.5308,3.5308,3.505,3.51,129712,0
2017-10-04,20:00:00,3.51,3.56,3.5085,3.5299,256101,0
2017-10-04,21:00:00,3.53,3.55,3.52,3.5323,69507,0
2017-10-04,22:00:00,3.5301,3.54,3.5,3.53,143201,0
2017-10-05,16:00:00,3.53,3.55,3.4858,3.49,70274,0
2017-10-05,17:00:00,3.49,3.5,3.47,3.5,136608,0
2017-10-05,18:00:00,3.49,3.5,3.46,3.485,262026,0
2017-10-05,19:00:00,3.4853,3.51,3.4853,3.51,97095,0
2017-10-05,20:00:00,3.51,3.51,3.5,3.505,23339,0
2017-10-05,21:00:00,3.51,3.51,3.48,3.485,83865,0
2017-10-05,22:00:00,3.49,3.49,3.46,3.47,145018,0
2017-10-06,16:00:00,3.47,3.48,3.45,3.46,65305,0
2017-10-06,17:00:00,3.46,3.49,3.44,3.445,231808,0
2017-10-06,18:00:00,3.449,3.5,3.44,3.5,115669,0
2017-10-06,19:00:00,3.5,3.5,3.48,3.5,89624,0
2017-10-06,20:00:00,3.494,3.53,3.49,3.515,87042,0
2017-10-06,21:00:00,3.51,3.51,3.49,3.505,40632,0
2017-10-06,22:00:00,3.505,3.52,3.49,3.51,189122,0
2017-10-09,16:00:00,3.52,3.52,3.46,3.46,137680,0
2017-10-09,17:00:00,3.46,3.5,3.44,3.5,225617,0
2017-10-09,18:00:00,3.4975,3.51,3.495,3.51,71076,0
2017-10-09,19:00:00,3.505,3.51,3.49,3.51,44177,0
2017-10-09,20:00:00,3.51,3.51,3.49,3.5,57395,0
2017-10-09,21:00:00,3.49,3.51,3.48,3.51,85762,0
2017-10-09,22:00:00,3.51,3.51,3.47,3.48,262526,0
2017-10-10,16:00:00,3.5,3.51,3.47,3.47,49054,0
2017-10-10,17:00:00,3.48,3.48,3.46,3.48,59302,0
2017-10-10,18:00:00,3.48,3.48,3.455,3.46,119008,0
2017-10-10,19:00:00,3.4601,3.4699,3.415,3.4336,351386,0
2017-10-10,20:00:00,3.435,3.49,3.43,3.4693,122715,0
2017-10-10,21:00:00,3.46,3.47,3.43,3.44,64605,0
2017-10-10,22:00:00,3.44,3.48,3.435,3.46,210530,0
2017-10-11,16:00:00,3.44,3.45,3.43,3.435,78912,0
2017-10-11,17:00:00,3.44,3.45,3.38,3.42,440305,0
2017-10-11,18:00:00,3.42,3.425,3.39,3.395,110740,0
2017-10-11,19:00:00,3.39,3.4,3.35,3.3811,149867,0
2017-10-11,20:00:00,3.39,3.435,3.3837,3.43,117436,0
2017-10-11,21:00:00,3.43,3.44,3.38,3.43,152446,0
2017-10-11,22:00:00,3.425,3.44,3.4,3.41,240319,0
2017-10-12,16:00:00,3.38,3.41,3.38,3.395,54474,0
2017-10-12,17:00:00,3.3944,3.4,3.36,3.36,116938,0
2017-10-12,18:00:00,3.3614,3.37,3.32,3.37,264180,0
2017-10-12,19:00:00,3.37,3.37,3.33,3.3393,78847,0
2017-10-12,20:00:00,3.335,3.34,3.315,3.33,137104,0
2017-10-12,21:00:00,3.33,3.33,3.3,3.32,129561,0
2017-10-12,22:00:00,3.315,3.35,3.3136,3.35,200847,0
2017-10-13,16:00:00,3.379,3.379,3.31,3.3192,70450,0
2017-10-13,17:00:00,3.32,3.35,3.3,3.31,200800,0
2017-10-13,18:00:00,3.315,3.33,3.3,3.325,97616,0
2017-10-13,19:00:00,3.325,3.35,3.32,3.35,115877,0
2017-10-13,20:00:00,3.35,3.35,3.33,3.3361,45043,0
2017-10-13,21:00:00,3.335,3.34,3.305,3.305,121969,0
2017-10-13,22:00:00,3.31,3.33,3.305,3.31,198843,0
2017-10-16,16:00:00,3.29,3.37,3.28,3.36,136148,0
2017-10-16,17:00:00,3.36,3.4,3.34,3.37,93880,0
2017-10-16,18:00:00,3.37,3.37,3.325,3.325,123913,0
2017-10-16,19:00:00,3.325,3.33,3.3,3.31,113162,0
2017-10-16,20:00:00,3.32,3.33,3.3,3.31,141987,0
2017-10-16,21:00:00,3.31,3.32,3.29,3.29,103378,0
2017-10-16,22:00:00,3.29,3.33,3.29,3.32,162848,0
2017-10-17,16:00:00,3.32,3.33,3.3,3.3,46557,0
2017-10-17,17:00:00,3.291,3.31,3.28,3.285,182718,0
2017-10-17,18:00:00,3.29,3.32,3.29,3.31,106743,0
2017-10-17,19:00:00,3.31,3.34,3.295,3.32,181194,0
2017-10-17,20:00:00,3.3225,3.325,3.28,3.2999,95018,0
2017-10-17,21:00:00,3.31,3.31,3.28,3.31,129240,0
2017-10-17,22:00:00,3.31,3.33,3.28,3.29,311409,0
2017-10-18,16:00:00,3.29,3.34,3.26,3.3357,164514,0
2017-10-18,17:00:00,3.34,3.38,3.31,3.38,270509,0
2017-10-18,18:00:00,3.38,3.38,3.33,3.34,227263,0
2017-10-18,19:00:00,3.34,3.34,3.32,3.33,124311,0
2017-10-18,20:00:00,3.32,3.33,3.31,3.3134,50050,0
2017-10-18,21:00:00,3.32,3.34,3.31,3.335,118831,0
2017-10-18,22:00:00,3.335,3.37,3.335,3.36,320668,0
2017-10-19,16:00:00,3.33,3.35,3.31,3.3291,142007,0
2017-10-19,17:00:00,3.3216,3.33,3.28,3.3,212436,0
2017-10-19,18:00:00,3.3,3.3,3.28,3.29,127722,0
2017-10-19,19:00:00,3.29,3.31,3.285,3.305,76382,0
2017-10-19,20:00:00,3.31,3.33,3.3,3.31,79721,0
2017-10-19,21:00:00,3.31,3.36,3.3,3.34,103480,0
2017-10-19,22:00:00,3.335,3.4,3.325,3.38,522502,0
2017-10-20,16:00:00,3.4,3.44,3.36,3.39,256041,0
2017-10-20,17:00:00,3.39,3.42,3.37,3.375,113743,0
2017-10-20,18:00:00,3.3737,3.38,3.37,3.375,56708,0
2017-10-20,19:00:00,3.375,3.38,3.37,3.38,33848,0
2017-10-20,20:00:00,3.375,3.49,3.375,3.42,872186,0
2017-10-20,21:00:00,3.425,3.47,3.425,3.4399,215947,0
2017-10-20,22:00:00,3.435,3.455,3.4,3.4,400665,0
2017-10-23,16:00:00,3.42,3.455,3.39,3.39,172661,0
2017-10-23,17:00:00,3.39,3.41,3.375,3.385,136917,0
2017-10-23,18:00:00,3.38,3.39,3.37,3.385,117634,0
2017-10-23,19:00:00,3.3899,3.41,3.38,3.3837,107343,0
2017-10-23,20:00:00,3.38,3.3862,3.38,3.38,43892,0
2017-10-23,21:00:00,3.3801,3.41,3.37,3.375,208997,0
2017-10-23,22:00:00,3.37,3.375,3.32,3.33,304473,0
2017-10-24,16:00:00,3.33,3.35,3.29,3.29,155712,0
2017-10-24,17:00:00,3.29,3.34,3.28,3.3199,190538,0
2017-10-24,18:00:00,3.31,3.33,3.31,3.325,23846,0
2017-10-24,19:00:00,3.325,3.34,3.32,3.33,67680,0
2017-10-24,20:00:00,3.3231,3.34,3.32,3.34,16121,0
2017-10-24,21:00:00,3.33,3.34,3.29,3.31,136441,0
2017-10-24,22:00:00,3.3,3.33,3.29,3.32,367133,0
2017-10-25,16:00:00,3.31,3.34,3.2899,3.2992,90883,0
2017-10-25,17:00:00,3.2999,3.33,3.28,3.29,247964,0
2017-10-25,18:00:00,3.29,3.3,3.26,3.27,272898,0
2017-10-25,19:00:00,3.2699,3.29,3.25,3.28,127218,0
2017-10-25,20:00:00,3.285,3.32,3.285,3.31,92974,0
2017-10-25,21:00:00,3.3,3.305,3.275,3.28,57102,0
2017-10-25,22:00:00,3.28,3.33,3.27,3.32,211012,0
2017-10-26,16:00:00,3.31,3.35,3.27,3.285,93073,0
2017-10-26,17:00:00,3.285,3.3,3.21,3.285,402587,0
2017-10-26,18:00:00,3.2899,3.31,3.25,3.27,119252,0
2017-10-26,19:00:00,3.275,3.28,3.25,3.26,116526,0
2017-10-26,20:00:00,3.265,3.27,3.25,3.265,61537,0
2017-10-26,21:00:00,3.2659,3.27,3.24,3.245,67469,0
2017-10-26,22:00:00,3.245,3.29,3.22,3.28,304796,0
2017-10-27,16:00:00,3.3,3.32,3.27,3.285,62267,0
2017-10-27,17:00:00,3.285,3.29,3.24,3.275,164374,0
2017-10-27,18:00:00,3.275,3.34,3.2701,3.3144,142740,0
2017-10-27,19:00:00,3.32,3.34,3.31,3.33,94628,0
2017-10-27,20:00:00,3.32,3.35,3.32,3.35,25222,0
2017-10-27,21:00:00,3.35,3.35,3.325,3.35,52500,0
2017-10-27,22:00:00,3.35,3.36,3.33,3.33,202171,0
2017-10-30,15:00:00,3.31,3.45,3.28,3.44,261582,0
2017-10-30,16:00:00,3.43,3.485,3.41,3.475,475849,0
2017-10-30,17:00:00,3.47,3.48,3.43,3.44,118267,0
2017-10-30,18:00:00,3.4401,3.4401,3.37,3.4212,282615,0
2017-10-30,19:00:00,3.425,3.44,3.4,3.4,121346,0
2017-10-30,20:00:00,3.4,3.42,3.36,3.395,245375,0
2017-10-30,21:00:00,3.39,3.425,3.37,3.41,149193,0
2017-10-31,15:00:00,3.39,3.43,3.345,3.35,134751,0
2017-10-31,16:00:00,3.36,3.36,3.33,3.35,140374,0
2017-10-31,17:00:00,3.35,3.36,3.33,3.335,90759,0
2017-10-31,18:00:00,3.335,3.38,3.33,3.335,174322,0
2017-10-31,19:00:00,3.33,3.37,3.31,3.31,115125,0
2017-10-31,20:00:00,3.315,3.35,3.31,3.345,94083,0
2017-10-31,21:00:00,3.34,3.42,3.325,3.4,474017,0
2017-11-01,15:00:00,3.49,3.579,3.46,3.47,489432,0
2017-11-01,16:00:00,3.48,3.5,3.38,3.42,429488,0
2017-11-01,17:00:00,3.42,3.44,3.39,3.4,154931,0
2017-11-01,18:00:00,3.4,3.44,3.39,3.4,165730,0
2017-11-01,19:00:00,3.4015,3.43,3.4,3.4,201372,0
2017-11-01,20:00:00,3.4,3.42,3.4,3.42,103373,0
2017-11-01,21:00:00,3.41,3.48,3.4,3.47,360455,0
2017-11-02,15:00:00,3.5,3.54,3.49,3.5,144116,0
2017-11-02,16:00:00,3.5048,3.545,3.445,3.465,434707,0
2017-11-02,17:00:00,3.46,3.52,3.4501,3.4501,164405,0
2017-11-02,18:00:00,3.455,3.57,3.455,3.52,296947,0
2017-11-02,19:00:00,3.5261,3.54,3.51,3.525,73764,0
2017-11-02,20:00:00,3.525,3.54,3.505,3.52,105300,0
2017-11-02,21:00:00,3.5188,3.59,3.51,3.56,473649,0
2017-11-03,15:00:00,3.58,3.6,3.555,3.56,150460,0
2017-11-03,16:00:00,3.56,3.57,3.525,3.5401,73892,0
2017-11-03,17:00:00,3.545,3.59,3.54,3.56,102506,0
2017-11-03,18:00:00,3.56,3.57,3.52,3.54,169679,0
2017-11-03,19:00:00,3.54,3.55,3.51,3.5339,71774,0
2017-11-03,20:00:00,3.53,3.57,3.53,3.57,145439,0
2017-11-03,21:00:00,3.565,3.62,3.565,3.59,559669,0
2017-11-06,16:00:00,3.58,3.65,3.58,3.62,118694,0
2017-11-06,17:00:00,3.62,3.6501,3.62,3.63,150942,0
2017-11-06,18:00:00,3.6264,3.65,3.6,3.6299,178551,0
2017-11-06,19:00:00,3.6281,3.7,3.62,3.68,240235,0
2017-11-06,20:00:00,3.675,3.675,3.65,3.67,79595,0
2017-11-06,21:00:00,3.6699,3.675,3.65,3.66,90651,0
2017-11-06,22:00:00,3.655,3.67,3.64,3.65,149464,0
2017-11-07,16:00:00,3.66,3.669,3.63,3.66,39581,0
2017-11-07,17:00:00,3.655,3.67,3.57,3.57,211742,0
2017-11-07,19:00:00,3.605,3.605,3.54,3.57,161094,0
2017-11-07,20:00:00,3.575,3.58,3.56,3.58,105131,0
2017-11-07,21:00:00,3.58,3.59,3.57,3.575,61846,0
2017-11-07,22:00:00,3.575,3.585,3.55,3.56,159450,0
2017-11-08,16:00:00,3.56,3.56,3.39,3.4799,472491,0
2017-11-08,17:00:00,3.48,3.52,3.46,3.5,257299,0
2017-11-08,18:00:00,3.5,3.54,3.495,3.51,135946,0
2017-11-08,19:00:00,3.51,3.53,3.5,3.52,41777,0
2017-11-08,20:00:00,3.53,3.55,3.5,3.5475,69851,0
2017-11-08,21:00:00,3.545,3.555,3.52,3.545,104406,0
2017-11-08,22:00:00,3.545,3.56,3.52,3.53,133615,0
2017-11-09,16:00:00,3.5,3.52,3.45,3.501,54425,0
2017-11-09,17:00:00,3.505,3.54,3.495,3.53,121568,0
2017-11-09,18:00:00,3.53,3.53,3.48,3.49,70400,0
2017-11-09,19:00:00,3.48,3.51,3.47,3.505,113052,0
2017-11-09,20:00:00,3.505,3.53,3.49,3.51,52938,0
2017-11-09,21:00:00,3.515,3.52,3.49,3.495,33612,0
2017-11-09,22:00:00,3.5,3.51,3.48,3.5,96541,0
2017-11-10,16:00:00,3.49,3.53,3.48,3.53,32391,0
2017-11-10,17:00:00,3.53,3.53,3.5048,3.53,61369,0
2017-11-10,18:00:00,3.53,3.53,3.51,3.515,43882,0
2017-11-10,19:00:00,3.515,3.53,3.5,3.51,52999,0
2017-11-10,20:00:00,3.51,3.53,3.505,3.52,25048,0
2017-11-10,21:00:00,3.515,3.53,3.49,3.53,88359,0
2017-11-10,22:00:00,3.525,3.55,3.52,3.52,99367,0
2017-11-13,16:00:00,3.53,3.53,3.465,3.485,60809,0
2017-11-13,17:00:00,3.49,3.53,3.4822,3.52,64851,0
2017-11-13,18:00:00,3.5135,3.54,3.51,3.54,27847,0
2017-11-13,19:00:00,3.535,3.55,3.4901,3.4957,99031,0
2017-11-13,20:00:00,3.495,3.51,3.48,3.505,28539,0
2017-11-13,21:00:00,3.51,3.55,3.503,3.54,136558,0
2017-11-13,22:00:00,3.54,3.545,3.51,3.51,133061,0
2017-11-14,16:00:00,3.58,3.6,3.5,3.595,181989,0
2017-11-14,17:00:00,3.596,3.6,3.54,3.56,195466,0
2017-11-14,18:00:00,3.565,3.57,3.5,3.52,78490,0
2017-11-14,19:00:00,3.515,3.5271,3.47,3.475,103246,0
2017-11-14,20:00:00,3.475,3.5,3.475,3.49,97410,0
2017-11-14,21:00:00,3.49,3.51,3.48,3.505,41261,0
2017-11-14,22:00:00,3.505,3.53,3.5,3.5,167859,0
2017-11-15,16:00:00,3.5,3.5,3.425,3.425,118293,0
2017-11-15,17:00:00,3.4299,3.52,3.42,3.48,152786,0
2017-11-15,18:00:00,3.485,3.52,3.48,3.5,63988,0
2017-11-15,19:00:00,3.49,3.4999,3.47,3.47,64466,0
2017-11-15,20:00:00,3.475,3.485,3.45,3.4563,68992,0
2017-11-15,21:00:00,3.45,3.49,3.45,3.49,42945,0
2017-11-15,22:00:00,3.49,3.49,3.45,3.46,112788,0
2017-11-16,16:00:00,3.49,3.5,3.43,3.445,142271,0
2017-11-16,17:00:00,3.445,3.46,3.415,3.415,331937,0
2017-11-16,18:00:00,3.415,3.46,3.41,3.455,178711,0
2017-11-16,19:00:00,3.455,3.46,3.425,3.435,178295,0
2017-11-16,20:00:00,3.43,3.44,3.405,3.415,191063,0
2017-11-16,21:00:00,3.415,3.43,3.41,3.425,157319,0
2017-11-16,22:00:00,3.425,3.4792,3.405,3.42,561076,0
2017-11-17,16:00:00,3.44,3.44,3.373,3.41,144735,0
2017-11-17,17:00:00,3.405,3.42,3.37,3.38,128499,0
2017-11-17,18:00:00,3.3833,3.39,3.36,3.37,164634,0
2017-11-17,19:00:00,3.37,3.38,3.35,3.365,219453,0
2017-11-17,20:00:00,3.37,3.37,3.32,3.33,236297,0
2017-11-17,21:00:00,3.339,3.339,3.3,3.3,302845,0
2017-11-17,22:00:00,3.3,3.31,3.21,3.24,885301,0
2017-11-20,16:00:00,3.26,3.28,3.21,3.235,195488,0
2017-11-20,17:00:00,3.235,3.31,3.23,3.305,185358,0
2017-11-20,18:00:00,3.305,3.31,3.27,3.2766,109103,0
2017-11-20,19:00:00,3.28,3.3,3.27,3.27,83924,0
2017-11-20,20:00:00,3.275,3.29,3.27,3.29,39319,0
2017-11-20,21:00:00,3.29,3.305,3.285,3.295,68872,0
2017-11-20,22:00:00,3.295,3.3,3.29,3.29,98700,0
2017-11-21,16:00:00,3.3,3.35,3.28,3.32,117637,0
2017-11-21,17:00:00,3.33,3.37,3.33,3.345,124001,0
2017-11-21,18:00:00,3.345,3.35,3.3,3.3,92421,0
2017-11-21,19:00:00,3.3,3.31,3.27,3.3,91728,0
2017-11-21,20:00:00,3.295,3.32,3.2938,3.305,66655,0
2017-11-21,21:00:00,3.3,3.31,3.29,3.295,32288,0
2017-11-21,22:00:00,3.295,3.32,3.29,3.32,89786,0
2017-11-22,16:00:00,3.33,3.33,3.29,3.298,63191,0
2017-11-22,17:00:00,3.2901,3.36,3.29,3.33,198286,0
2017-11-22,18:00:00,3.34,3.395,3.33,3.37,170274,0
2017-11-22,19:00:00,3.37,3.37,3.32,3.335,122048,0
2017-11-22,20:00:00,3.335,3.34,3.33,3.335,55464,0
2017-11-22,21:00:00,3.34,3.36,3.33,3.355,39812,0
2017-11-22,22:00:00,3.355,3.38,3.335,3.36,175361,0
2017-11-24,16:00:00,3.35,3.36,3.3144,3.36,36403,0
2017-11-24,17:00:00,3.35,3.35,3.3,3.33,194984,0
2017-11-24,18:00:00,3.33,3.33,3.3,3.3,70379,0
2017-11-24,19:00:00,3.31,3.32,3.29,3.295,179742,0
2017-11-24,20:00:00,3.29,3.3,3.29,3.3,9809,0
2017-11-27,16:00:00,3.35,3.35,3.3,3.325,174381,0
2017-11-27,17:00:00,3.32,3.325,3.28,3.31,192661,0
2017-11-27,18:00:00,3.31,3.31,3.27,3.28,127090,0
2017-11-27,19:00:00,3.2848,3.29,3.27,3.275,68961,0
2017-11-27,20:00:00,3.28,3.28,3.24,3.26,140568,0
2017-11-27,21:00:00,3.26,3.26,3.23,3.26,161852,0
2017-11-27,22:00:00,3.25,3.26,3.17,3.18,531259,0
2017-11-28,16:00:00,3.2,3.22,3.132,3.165,290682,0
2017-11-28,17:00:00,3.1664,3.195,3.16,3.18,233016,0
2017-11-28,18:00:00,3.185,3.2,3.18,3.185,107046,0
2017-11-28,19:00:00,3.18,3.19,3.13,3.1826,267190,0
2017-11-28,20:00:00,3.185,3.22,3.18,3.185,100183,0
2017-11-28,21:00:00,3.185,3.21,3.18,3.195,76265,0
2017-11-28,22:00:00,3.1999,3.23,3.19,3.22,239726,0
2017-11-29,16:00:00,3.21,3.28,3.18,3.22,96014,0
2017-11-29,17:00:00,3.2265,3.2461,3.19,3.21,171763,0
2017-11-29,18:00:00,3.22,3.235,3.21,3.21,81154,0
2017-11-29,19:00:00,3.21,3.22,3.19,3.2,60690,0
2017-11-29,20:00:00,3.2,3.21,3.195,3.2,49338,0
2017-11-29,21:00:00,3.195,3.2,3.17,3.17,113473,0
2017-11-29,22:00:00,3.17,3.21,3.17,3.18,208780,0
2017-11-30,16:00:00,3.19,3.22,3.18,3.1952,39149,0
2017-11-30,17:00:00,3.2,3.23,3.19,3.205,158113,0
2017-11-30,18:00:00,3.2099,3.23,3.205,3.215,147613,0
2017-11-30,19:00:00,3.22,3.22,3.21,3.22,53920,0
2017-11-30,20:00:00,3.22,3.22,3.21,3.215,46415,0
2017-11-30,21:00:00,3.215,3.24,3.21,3.24,147673,0
2017-11-30,22:00:00,3.24,3.29,3.23,3.26,212443,0
2017-12-01,16:00:00,3.27,3.29,3.27,3.29,123354,0
2017-12-01,17:00:00,3.2834,3.29,3.24,3.265,119158,0
2017-12-01,18:00:00,3.2655,3.27,3.15,3.2,237443,0
2017-12-01,19:00:00,3.2,3.22,3.18,3.21,82045,0
2017-12-01,20:00:00,3.2035,3.26,3.2035,3.24,74163,0
2017-12-01,21:00:00,3.23,3.235,3.2,3.205,129144,0
2017-12-01,22:00:00,3.205,3.23,3.19,3.19,152897,0
2017-12-04,16:00:00,3.2,3.27,3.2,3.22,85795,0
2017-12-04,17:00:00,3.2273,3.2273,3.16,3.16,207313,0
2017-12-04,18:00:00,3.165,3.21,3.15,3.19,118072,0
2017-12-04,19:00:00,3.19,3.21,3.19,3.201,53937,0
2017-12-04,20:00:00,3.205,3.21,3.17,3.18,59270,0
2017-12-04,21:00:00,3.19,3.19,3.15,3.155,77633,0
2017-12-04,22:00:00,3.15,3.1775,3.11,3.12,376602,0
2017-12-05,16:00:00,3.11,3.17,3.11,3.12,98383,0
2017-12-05,17:00:00,3.12,3.13,3.07,3.1145,337085,0
2017-12-05,18:00:00,3.1033,3.12,3.09,3.09,121397,0
2017-12-05,19:00:00,3.1,3.1088,3.08,3.09,110987,0
2017-12-05,20:00:00,3.095,3.1,3.09,3.0999,77880,0
2017-12-05,21:00:00,3.09,3.1,3.065,3.08,97916,0
2017-12-05,22:00:00,3.07,3.08,3.05,3.06,341765,0
2017-12-06,16:00:00,3.06,3.09,3.04,3.08,131760,0
2017-12-06,17:00:00,3.09,3.13,3.05,3.13,293795,0
2017-12-06,18:00:00,3.125,3.19,3.12,3.155,212250,0
2017-12-06,19:00:00,3.155,3.16,3.145,3.15,62915,0
2017-12-06,20:00:00,3.155,3.16,3.14,3.15,126780,0
2017-12-06,21:00:00,3.15,3.16,3.14,3.14,63907,0
2017-12-06,22:00:00,3.145,3.15,3.12,3.14,324798,0
2017-12-07,16:00:00,3.14,3.1784,3.14,3.15,89371,0
2017-12-07,17:00:00,3.15,3.25,3.14,3.22,916843,0
2017-12-07,18:00:00,3.21,3.25,3.19,3.23,328756,0
2017-12-07,19:00:00,3.23,3.275,3.23,3.24,399520,0
2017-12-07,20:00:00,3.24,3.25,3.22,3.235,73370,0
2017-12-07,21:00:00,3.235,3.25,3.22,3.235,311676,0
2017-12-07,22:00:00,3.235,3.27,3.23,3.26,290281,0
2017-12-08,16:00:00,3.26,3.335,3.24,3.29,208856,0
2017-12-08,17:00:00,3.29,3.34,3.28,3.315,790574,0
2017-12-08,18:00:00,3.3136,3.3251,3.28,3.29,151909,0
2017-12-08,19:00:00,3.29,3.3,3.245,3.25,98130,0
2017-12-08,20:00:00,3.2499,3.2599,3.23,3.24,67957,0
2017-12-08,21:00:00,3.2451,3.2451,3.21,3.225,92977,0
2017-12-08,22:00:00,3.225,3.255,3.19,3.25,512210,0
2017-12-11,16:00:00,3.25,3.28,3.2286,3.27,136897,0
2017-12-11,17:00:00,3.27,3.31,3.25,3.285,349802,0
2017-12-11,18:00:00,3.28,3.34,3.28,3.33,113781,0
2017-12-11,19:00:00,3.325,3.34,3.3,3.31,217347,0
2017-12-11,20:00:00,3.32,3.34,3.31,3.33,206475,0
2017-12-11,21:00:00,3.33,3.34,3.29,3.31,187628,0
2017-12-11,22:00:00,3.31,3.33,3.3,3.33,307213,0
2017-12-12,16:00:00,3.32,3.3699,3.28,3.3,357614,0
2017-12-12,17:00:00,3.31,3.32,3.26,3.29,312145,0
2017-12-12,18:00:00,3.29,3.29,3.24,3.25,309516,0
2017-12-12,19:00:00,3.24,3.25,3.21,3.23,360145,0
2017-12-12,20:00:00,3.22,3.23,3.18,3.2,279396,0
2017-12-12,21:00:00,3.205,3.22,3.185,3.21,270401,0
2017-12-12,22:00:00,3.205,3.25,3.19,3.23,183308,0
2017-12-13,16:00:00,3.25,3.32,3.23,3.3,420262,0
2017-12-13,17:00:00,3.31,3.33,3.25,3.295,376001,0
2017-12-13,18:00:00,3.3,3.32,3.285,3.31,310803,0
2017-12-13,19:00:00,3.301,3.32,3.275,3.305,126628,0
2017-12-13,20:00:00,3.3,3.32,3.285,3.31,520632,0
2017-12-13,21:00:00,3.315,3.36,3.3,3.34,363549,0
2017-12-13,22:00:00,3.33,3.34,3.29,3.305,264481,0
2017-12-14,16:00:00,3.34,3.34,3.3,3.3066,54252,0
2017-12-14,17:00:00,3.3,3.31,3.225,3.24,487182,0
2017-12-14,18:00:00,3.25,3.26,3.23,3.25,179416,0
2017-12-14,19:00:00,3.2468,3.25,3.22,3.23,116212,0
2017-12-14,20:00:00,3.23,3.2456,3.22,3.24,102672,0
2017-12-14,21:00:00,3.235,3.26,3.23,3.26,110871,0
2017-12-14,22:00:00,3.25,3.3,3.25,3.28,465556,0
2017-12-15,16:00:00,3.32,3.3541,3.265,3.35,436178,0
2017-12-15,17:00:00,3.35,3.35,3.3,3.35,379152,0
2017-12-15,18:00:00,3.35,3.42,3.34,3.39,569872,0
2017-12-15,19:00:00,3.3901,3.4,3.34,3.37,191212,0
2017-12-15,20:00:00,3.37,3.38,3.35,3.355,99475,0
2017-12-15,21:00:00,3.36,3.38,3.35,3.38,66328,0
2017-12-15,22:00:00,3.38,3.395,3.36,3.39,930992,0
2017-12-18,16:00:00,3.4,3.48,3.39,3.45,257027,0
2017-12-18,17:00:00,3.45,3.5,3.435,3.49,546013,0
2017-12-18,18:00:00,3.49,3.525,3.47,3.525,537192,0
2017-12-18,19:00:00,3.53,3.53,3.49,3.49,213768,0
2017-12-18,20:00:00,3.495,3.52,3.495,3.52,253714,0
2017-12-18,21:00:00,3.515,3.53,3.5,3.53,305285,0
2017-12-18,22:00:00,3.53,3.55,3.5,3.54,892998,0
2017-12-19,16:00:00,3.6,3.6376,3.56,3.5639,559508,0
2017-12-19,17:00:00,3.5639,3.6,3.5407,3.58,339111,0
2017-12-19,18:00:00,3.585,3.59,3.53,3.5677,253668,0
2017-12-19,19:00:00,3.5638,3.57,3.54,3.5599,117153,0
2017-12-19,20:00:00,3.556,3.61,3.54,3.605,279639,0
2017-12-19,21:00:00,3.6095,3.61,3.545,3.5664,110283,0
2017-12-19,22:00:00,3.56,3.6,3.55,3.59,287204,0
2017-12-20,16:00:00,3.65,3.69,3.57,3.62,410649,0
2017-12-20,17:00:00,3.61,3.68,3.61,3.675,729347,0
2017-12-20,18:00:00,3.67,3.84,3.67,3.84,918511,0
2017-12-20,19:00:00,3.85,3.86,3.75,3.79,475715,0
2017-12-20,20:00:00,3.79,3.845,3.79,3.835,287873,0
2017-12-20,21:00:00,3.83,3.93,3.83,3.9001,517975,0
2017-12-20,22:00:00,3.9061,3.93,3.87,3.91,612618,0
2017-12-21,16:00:00,3.92,3.99,3.86,3.87,584784,0
2017-12-21,17:00:00,3.88,3.95,3.825,3.895,578127,0
2017-12-21,18:00:00,3.9,3.91,3.87,3.89,204512,0
2017-12-21,19:00:00,3.9,3.95,3.88,3.935,231214,0
2017-12-21,20:00:00,3.93,3.96,3.91,3.9279,279401,0
2017-12-21,21:00:00,3.92,3.99,3.905,3.9825,263076,0
2017-12-21,22:00:00,3.99,4,3.94,3.96,376558,0
2017-12-22,16:00:00,3.95,3.99,3.9,3.97,155550,0
2017-12-22,17:00:00,3.96,4.05,3.95,4.0101,555786,0
2017-12-22,18:00:00,4.015,4.05,4.01,4.05,127708,0
2017-12-22,19:00:00,4.04,4.055,4.02,4.03,174873,0
2017-12-22,20:00:00,4.03,4.08,4.03,4.075,183445,0
2017-12-22,21:00:00,4.08,4.13,4.07,4.115,385315,0
2017-12-22,22:00:00,4.11,4.12,4.085,4.09,287009,0
2017-12-26,16:00:00,4.09,4.16,4.085,4.15,91088,0
2017-12-26,17:00:00,4.1456,4.215,4.13,4.1961,316954,0
2017-12-26,18:00:00,4.195,4.24,4.19,4.215,309829,0
2017-12-26,19:00:00,4.2145,4.22,4.19,4.201,149863,0
2017-12-26,20:00:00,4.21,4.21,4.12,4.13,256714,0
2017-12-26,21:00:00,4.12,4.16,4.105,4.127,255882,0
2017-12-26,22:00:00,4.13,4.13,4.08,4.09,200784,0
2017-12-27,16:00:00,4.12,4.15,4.06,4.1,211182,0
2017-12-27,17:00:00,4.11,4.11,4.01,4.0399,486342,0
2017-12-27,18:00:00,4.035,4.04,3.99,4,236577,0
2017-12-27,19:00:00,3.995,4.01,3.98,4.005,132393,0
2017-12-27,20:00:00,4.01,4.01,3.98,4,130258,0
2017-12-27,21:00:00,4,4.035,3.99,4.005,166453,0
2017-12-27,22:00:00,4.005,4.01,3.98,3.99,255513,0
2017-12-28,16:00:00,4.03,4.06,3.99,3.99,210948,0
2017-12-28,17:00:00,3.99,4.09,3.98,4.045,203878,0
2017-12-28,18:00:00,4.045,4.06,4.01,4.055,311815,0
2017-12-28,19:00:00,4.055,4.06,4.01,4.04,196391,0
2017-12-28,20:00:00,4.04,4.05,4.02,4.035,121670,0
2017-12-28,21:00:00,4.04,4.05,4.01,4.05,134471,0
2017-12-28,22:00:00,4.05,4.07,4.03,4.05,264640,0
2017-12-29,16:00:00,4.04,4.09,4.01,4.031,101327,0
2017-12-29,17:00:00,4.035,4.075,4.03,4.0628,177910,0
2017-12-29,18:00:00,4.06,4.11,4.06,4.085,164461,0
2017-12-29,19:00:00,4.085,4.12,4.0836,4.115,181099,0
2017-12-29,20:00:00,4.115,4.12,4.0351,4.06,182234,0
2017-12-29,21:00:00,4.055,4.075,4.035,4.035,82799,0
2017-12-29,22:00:00,4.03,4.07,4.01,4.01,239606,0
2018-01-02,16:00:00,4.01,4.21,4,4.2,289479,0
2018-01-02,17:00:00,4.2,4.27,4.18,4.27,524359,0
2018-01-02,18:00:00,4.2643,4.265,4.225,4.235,201684,0
2018-01-02,19:00:00,4.235,4.24,4.11,4.1326,286752,0
2018-01-02,20:00:00,4.14,4.19,4.12,4.19,72274,0
2018-01-02,21:00:00,4.19,4.23,4.185,4.22,168734,0
2018-01-02,22:00:00,4.22,4.24,4.19,4.235,208934,0
2018-01-03,16:00:00,4.23,4.23,4.081,4.115,326765,0
2018-01-03,17:00:00,4.1183,4.18,4.11,4.165,272121,0
2018-01-03,18:00:00,4.165,4.2,4.15,4.165,137065,0
2018-01-03,19:00:00,4.165,4.21,4.16,4.185,87552,0
2018-01-03,20:00:00,4.186,4.23,4.18,4.2,186505,0
2018-01-03,21:00:00,4.195,4.21,4.17,4.205,103301,0
2018-01-03,22:00:00,4.21,4.22,4.155,4.19,359704,0
2018-01-04,16:00:00,4.2,4.24,4.14,4.16,140983,0
2018-01-04,17:00:00,4.16,4.21,4.135,4.2,107011,0
2018-01-04,18:00:00,4.2,4.2,4.16,4.1883,142555,0
2018-01-04,19:00:00,4.19,4.23,4.181,4.22,81732,0
2018-01-04,20:00:00,4.22,4.25,4.21,4.25,126574,0
2018-01-04,21:00:00,4.25,4.25,4.21,4.215,112561,0
2018-01-04,22:00:00,4.22,4.225,4.185,4.19,176111,0
2018-01-05,16:00:00,4.36,4.41,4.255,4.3,749476,0
2018-01-05,17:00:00,4.3,4.3701,4.28,4.315,406037,0
2018-01-05,18:00:00,4.3199,4.35,4.29,4.345,148005,0
2018-01-05,19:00:00,4.345,4.38,4.34,4.35,130828,0
2018-01-05,20:00:00,4.3501,4.37,4.33,4.37,72122,0
2018-01-05,21:00:00,4.365,4.4,4.365,4.39,292495,0
2018-01-05,22:00:00,4.39,4.4,4.37,4.37,246291,0
2018-01-08,16:00:00,4.38,4.38,4.31,4.32,156673,0
2018-01-08,17:00:00,4.3107,4.32,4.27,4.3,274423,0
2018-01-08,18:00:00,4.295,4.3,4.27,4.295,73407,0
2018-01-08,19:00:00,4.3,4.325,4.28,4.2867,88427,0
2018-01-08,20:00:00,4.29,4.32,4.28,4.31,77450,0
2018-01-08,21:00:00,4.31,4.33,4.2916,4.315,126013,0
2018-01-08,22:00:00,4.31,4.325,4.25,4.28,227289,0
2018-01-09,16:00:00,4.31,4.31,4.26,4.27,86887,0
2018-01-09,17:00:00,4.27,4.28,4.21,4.215,244024,0
2018-01-09,18:00:00,4.2115,4.26,4.21,4.2569,157898,0
2018-01-09,19:00:00,4.255,4.29,4.25,4.27,53981,0
2018-01-09,20:00:00,4.276,4.28,4.26,4.27,57221,0
2018-01-09,21:00:00,4.26,4.27,4.25,4.255,65667,0
2018-01-09,22:00:00,4.26,4.31,4.25,4.3,274786,0
2018-01-10,16:00:00,4.29,4.308,4.21,4.2361,96685,0
2018-01-10,17:00:00,4.24,4.27,4.22,4.237,107068,0
2018-01-10,18:00:00,4.24,4.28,4.24,4.28,114831,0
2018-01-10,19:00:00,4.275,4.32,4.27,4.3101,149780,0
2018-01-10,20:00:00,4.32,4.36,4.31,4.35,133482,0
2018-01-10,21:00:00,4.3587,4.36,4.34,4.36,122531,0
2018-01-10,22:00:00,4.36,4.37,4.34,4.36,225194,0
2018-01-11,16:00:00,4.36,4.39,4.32,4.39,109329,0
2018-01-11,17:00:00,4.39,4.4,4.34,4.365,169030,0
2018-01-11,18:00:00,4.365,4.37,4.32,4.37,145924,0
2018-01-11,19:00:00,4.365,4.37,4.35,4.365,63637,0
2018-01-11,20:00:00,4.37,4.37,4.34,4.36,63606,0
2018-01-11,21:00:00,4.36,4.36,4.325,4.342,152479,0
2018-01-11,22:00:00,4.335,4.35,4.29,4.3,299765,0
2018-01-12,16:00:00,4.3,4.34,4.29,4.29,79286,0
2018-01-12,17:00:00,4.295,4.3,4.27,4.295,117054,0
2018-01-12,18:00:00,4.2907,4.3,4.29,4.295,57807,0
2018-01-12,19:00:00,4.295,4.3,4.29,4.298,49257,0
2018-01-12,20:00:00,4.295,4.3,4.27,4.28,87870,0
2018-01-12,21:00:00,4.28,4.29,4.26,4.2759,132181,0
2018-01-12,22:00:00,4.27,4.28,4.24,4.25,285161,0
2018-01-16,16:00:00,4.3,4.32,4.26,4.28,141847,0
2018-01-16,17:00:00,4.28,4.315,4.2336,4.24,203069,0
2018-01-16,18:00:00,4.23,4.255,4.22,4.245,161468,0
2018-01-16,19:00:00,4.24,4.26,4.2,4.21,129793,0
2018-01-16,20:00:00,4.205,4.21,4.14,4.16,295853,0
2018-01-16,21:00:00,4.16,4.16,4.07,4.12,271044,0
2018-01-16,22:00:00,4.12,4.14,4.09,4.11,267479,0
2018-01-17,16:00:00,4.14,4.19,3.98,3.995,1128288,0
2018-01-17,17:00:00,4,4.095,3.97,4.08,742758,0
2018-01-17,18:00:00,4.08,4.1,4.05,4.08,237775,0
2018-01-17,19:00:00,4.0888,4.1,4.04,4.05,374040,0
2018-01-17,20:00:00,4.055,4.075,3.995,4.01,211913,0
2018-01-17,21:00:00,4.02,4.03,3.985,4,295416,0
2018-01-17,22:00:00,3.999,4.005,3.97,4,436715,0
2018-01-18,16:00:00,4.02,4.03,3.96,4.01,246762,0
2018-01-18,17:00:00,4.0001,4.06,4,4.045,133689,0
2018-01-18,18:00:00,4.045,4.06,4.02,4.04,125018,0
2018-01-18,19:00:00,4.0399,4.04,4,4.02,34549,0
2018-01-18,20:00:00,4.02,4.02,3.98,3.98,73722,0
2018-01-18,21:00:00,3.9899,4.01,3.975,4.01,243631,0
2018-01-18,22:00:00,4.01,4.02,3.98,3.98,405466,0
2018-01-19,16:00:00,4,4.02,3.94,3.9745,119599,0
2018-01-19,17:00:00,3.98,4.01,3.93,3.95,238070,0
2018-01-19,18:00:00,3.955,4,3.95,3.98,156700,0
2018-01-19,19:00:00,3.98,4,3.97,3.99,71163,0
2018-01-19,20:00:00,3.99,3.99,3.96,3.99,59438,0
2018-01-19,21:00:00,3.99,3.99,3.97,3.98,112635,0
2018-01-19,22:00:00,3.9706,3.99,3.945,3.97,350030,0
2018-01-22,16:00:00,3.98,3.99,3.97,3.98,153143,0
2018-01-22,17:00:00,3.99,4.08,3.98,4.07,395922,0
2018-01-22,18:00:00,4.07,4.115,4.06,4.08,530658,0
2018-01-22,19:00:00,4.08,4.1,4.075,4.08,89595,0
2018-01-22,20:00:00,4.08,4.08,4.0401,4.0561,140023,0
2018-01-22,21:00:00,4.055,4.06,4.03,4.04,74887,0
2018-01-22,22:00:00,4.0309,4.05,4.01,4.04,493458,0
2018-01-23,16:00:00,4.31,4.45,4.12,4.385,2852927,0
2018-01-23,17:00:00,4.3801,4.6,4.38,4.4901,3529593,0
2018-01-23,18:00:00,4.492,4.59,4.42,4.53,1934422,0
2018-01-23,19:00:00,4.54,4.57,4.44,4.485,1190486,0
2018-01-23,20:00:00,4.485,4.53,4.47,4.5,589502,0
2018-01-23,21:00:00,4.495,4.5,4.42,4.466,521152,0
2018-01-23,22:00:00,4.4699,4.525,4.44,4.45,1587877,0
2018-01-24,16:00:00,4.47,4.5,4.37,4.415,568795,0
2018-01-24,17:00:00,4.415,4.435,4.29,4.3,697095,0
2018-01-24,18:00:00,4.305,4.33,4.25,4.33,491558,0
2018-01-24,19:00:00,4.325,4.34,4.285,4.32,227030,0
2018-01-24,20:00:00,4.33,4.375,4.29,4.36,263746,0
2018-01-24,21:00:00,4.36,4.38,4.34,4.375,340134,0
2018-01-24,22:00:00,4.38,4.38,4.32,4.33,235615,0
2018-01-25,16:00:00,4.32,4.38,4.311,4.34,115951,0
2018-01-25,17:00:00,4.345,4.37,4.305,4.365,349945,0
2018-01-25,18:00:00,4.37,4.375,4.34,4.37,450377,0
2018-01-25,19:00:00,4.361,4.38,4.36,4.38,165718,0
2018-01-25,20:00:00,4.38,4.38,4.35,4.36,132700,0
2018-01-25,21:00:00,4.36,4.36,4.31,4.33,159289,0
2018-01-25,22:00:00,4.33,4.35,4.23,4.27,818156,0
2018-01-26,16:00:00,4.3,4.34,4.255,4.325,149451,0
2018-01-26,17:00:00,4.325,4.33,4.29,4.32,276734,0
2018-01-26,18:00:00,4.32,4.33,4.3,4.325,94848,0
2018-01-26,19:00:00,4.325,4.33,4.31,4.32,80537,0
2018-01-26,20:00:00,4.315,4.32,4.295,4.305,110643,0
2018-01-26,21:00:00,4.305,4.32,4.275,4.275,158289,0
2018-01-26,22:00:00,4.27,4.28,4.26,4.27,214190,0
2018-01-29,16:00:00,4.26,4.3,4.23,4.29,167275,0
2018-01-29,17:00:00,4.28,4.32,4.28,4.295,265562,0
2018-01-29,18:00:00,4.295,4.3,4.135,4.175,682546,0
2018-01-29,19:00:00,4.18,4.18,4.11,4.125,310642,0
2018-01-29,20:00:00,4.13,4.16,4.08,4.1,391344,0
2018-01-29,21:00:00,4.09,4.1,4.0452,4.05,217886,0
2018-01-29,22:00:00,4.05,4.05,3.99,4.01,1074801,0
2018-01-30,16:00:00,3.85,3.85,3.72,3.7536,2012394,0
2018-01-30,17:00:00,3.75,3.785,3.71,3.77,1672180,0
2018-01-30,18:00:00,3.775,3.86,3.7742,3.8,1109749,0
2018-01-30,19:00:00,3.8,3.83,3.79,3.825,489506,0
2018-01-30,20:00:00,3.825,3.825,3.79,3.805,298687,0
2018-01-30,21:00:00,3.8,3.85,3.8,3.84,507280,0
2018-01-30,22:00:00,3.84,3.85,3.805,3.82,1047779,0
2018-01-31,16:00:00,3.85,3.9,3.775,3.795,591231,0
2018-01-31,17:00:00,3.7987,3.8,3.745,3.765,601012,0
2018-01-31,18:00:00,3.765,3.78,3.71,3.72,474227,0
2018-01-31,19:00:00,3.72,3.74,3.675,3.71,684675,0
2018-01-31,20:00:00,3.71,3.755,3.7091,3.75,304845,0
2018-01-31,21:00:00,3.7412,3.75,3.69,3.7,385616,0
2018-01-31,22:00:00,3.7,3.75,3.66,3.74,1089987,0
2018-02-01,16:00:00,3.77,3.81,3.71,3.8,187669,0
2018-02-01,17:00:00,3.8,3.865,3.765,3.845,781897,0
2018-02-01,18:00:00,3.845,3.85,3.75,3.795,3705626,0
2018-02-01,19:00:00,3.79,3.83,3.7801,3.83,429005,0
2018-02-01,20:00:00,3.8299,3.86,3.82,3.86,315386,0
2018-02-01,21:00:00,3.85,3.8599,3.821,3.825,198899,0
2018-02-01,22:00:00,3.83,3.84,3.78,3.8,637174,0
2018-02-02,16:00:00,3.79,3.81,3.76,3.76,153957,0
2018-02-02,17:00:00,3.76,3.81,3.74,3.7971,266256,0
2018-02-02,18:00:00,3.8,3.805,3.78,3.8,161479,0
2018-02-02,19:00:00,3.795,3.85,3.785,3.785,197761,0
2018-02-02,20:00:00,3.785,3.8,3.77,3.785,200324,0
2018-02-02,21:00:00,3.785,3.79,3.75,3.76,404257,0
2018-02-02,22:00:00,3.76,3.81,3.71,3.755,1448137,0
2018-02-05,16:00:00,3.69,3.78,3.69,3.78,211548,0
2018-02-05,17:00:00,3.781,3.8,3.735,3.74,260690,0
2018-02-05,18:00:00,3.745,3.81,3.7,3.701,327189,0
2018-02-05,19:00:00,3.705,3.72,3.65,3.66,276530,0
2018-02-05,20:00:00,3.665,3.665,3.6,3.64,379490,0
2018-02-05,21:00:00,3.645,3.66,3.56,3.565,389343,0
2018-02-05,22:00:00,3.57,3.66,3.51,3.62,950879,0
2018-02-06,16:00:00,3.56,3.745,3.53,3.71,353422,0
2018-02-06,17:00:00,3.72,3.73,3.635,3.66,334103,0
2018-02-06,18:00:00,3.665,3.67,3.635,3.64,170421,0
2018-02-06,19:00:00,3.635,3.705,3.63,3.64,174452,0
2018-02-06,20:00:00,3.64,3.66,3.62,3.625,126929,0
2018-02-06,21:00:00,3.625,3.7,3.62,3.7,217056,0
2018-02-06,22:00:00,3.7,3.72,3.63,3.65,446542,0
2018-02-07,16:00:00,3.64,3.69,3.62,3.665,95341,0
2018-02-07,17:00:00,3.665,3.7,3.6637,3.695,131417,0
2018-02-07,18:00:00,3.695,3.7,3.665,3.67,165497,0
2018-02-07,19:00:00,3.675,3.68,3.66,3.675,71279,0
2018-02-07,20:00:00,3.68,3.69,3.65,3.69,221861,0
2018-02-07,21:00:00,3.685,3.71,3.67,3.68,294091,0
2018-02-07,22:00:00,3.68,3.7,3.67,3.67,219101,0
2018-02-08,16:00:00,3.69,3.705,3.65,3.7,39624,0
2018-02-08,17:00:00,3.695,3.695,3.61,3.6246,137728,0
2018-02-08,18:00:00,3.62,3.625,3.56,3.58,107218,0
2018-02-08,19:00:00,3.5799,3.589,3.53,3.535,118697,0
2018-02-08,20:00:00,3.54,3.6,3.53,3.55,127276,0
2018-02-08,21:00:00,3.545,3.57,3.53,3.54,157781,0
2018-02-08,22:00:00,3.54,3.56,3.48,3.48,513570,0
2018-02-09,16:00:00,3.51,3.57,3.48,3.55,192532,0
2018-02-09,17:00:00,3.555,3.56,3.43,3.46,242595,0
2018-02-09,18:00:00,3.46,3.49,3.39,3.4,195914,0
2018-02-09,19:00:00,3.3963,3.42,3.3139,3.365,326089,0
2018-02-09,20:00:00,3.37,3.42,3.325,3.3938,188366,0
2018-02-09,21:00:00,3.4,3.475,3.4,3.45,222671,0
2018-02-09,22:00:00,3.45,3.5,3.42,3.48,320436,0
2018-02-12,16:00:00,3.51,3.58,3.503,3.5136,186565,0
2018-02-12,17:00:00,3.51,3.52,3.44,3.475,305787,0
2018-02-12,18:00:00,3.47,3.51,3.46,3.505,122722,0
2018-02-12,19:00:00,3.505,3.53,3.5,3.51,175020,0
2018-02-12,20:00:00,3.515,3.55,3.51,3.55,242280,0
2018-02-12,21:00:00,3.545,3.55,3.51,3.52,372187,0
2018-02-12,22:00:00,3.525,3.54,3.5,3.5,319271,0
2018-02-13,16:00:00,3.5,3.53,3.47,3.475,101100,0
2018-02-13,17:00:00,3.48,3.52,3.48,3.515,57015,0
2018-02-13,18:00:00,3.515,3.53,3.51,3.515,133681,0
2018-02-13,19:00:00,3.52,3.53,3.51,3.53,75839,0
2018-02-13,20:00:00,3.53,3.55,3.52,3.545,77779,0
2018-02-13,21:00:00,3.545,3.55,3.52,3.525,161142,0
2018-02-13,22:00:00,3.53,3.53,3.51,3.53,197117,0
2018-02-14,16:00:00,3.51,3.5799,3.5,3.57,99750,0
2018-02-14,17:00:00,3.57,3.72,3.565,3.675,376332,0
2018-02-14,18:00:00,3.68,3.68,3.635,3.645,86952,0
2018-02-14,19:00:00,3.65,3.65,3.625,3.635,62723,0
2018-02-14,20:00:00,3.64,3.66,3.61,3.65,240910,0
2018-02-14,21:00:00,3.65,3.65,3.64,3.645,84656,0
2018-02-14,22:00:00,3.65,3.65,3.62,3.63,199550,0
2018-02-15,16:00:00,3.68,3.74,3.63,3.655,132696,0
2018-02-15,17:00:00,3.65,3.6586,3.585,3.585,289777,0
2018-02-15,18:00:00,3.585,3.63,3.5734,3.625,115552,0
2018-02-15,19:00:00,3.625,3.65,3.62,3.64,93970,0
2018-02-15,20:00:00,3.64,3.665,3.64,3.65,102778,0
2018-02-15,21:00:00,3.65,3.66,3.63,3.64,59514,0
2018-02-15,22:00:00,3.64,3.65,3.6312,3.65,177287,0
2018-02-16,16:00:00,3.63,3.67,3.63,3.645,99089,0
2018-02-16,17:00:00,3.65,3.655,3.63,3.635,156664,0
2018-02-16,18:00:00,3.635,3.64,3.62,3.635,165685,0
2018-02-16,19:00:00,3.6376,3.66,3.635,3.65,167202,0
2018-02-16,20:00:00,3.645,3.65,3.6314,3.635,58526,0
2018-02-16,21:00:00,3.635,3.645,3.62,3.63,114346,0
2018-02-16,22:00:00,3.63,3.65,3.62,3.64,303350,0
2018-02-20,16:00:00,3.7,3.7199,3.67,3.69,150051,0
2018-02-20,17:00:00,3.6936,3.71,3.66,3.7,256840,0
2018-02-20,18:00:00,3.695,3.72,3.68,3.69,150748,0
2018-02-20,19:00:00,3.695,3.71,3.69,3.7,85101,0
2018-02-20,20:00:00,3.7,3.72,3.7,3.715,108671,0
2018-02-20,21:00:00,3.715,3.72,3.695,3.695,142504,0
2018-02-20,22:00:00,3.6964,3.72,3.68,3.71,564346,0
2018-02-21,16:00:00,3.71,3.73,3.69,3.71,179732,0
2018-02-21,17:00:00,3.705,3.74,3.69,3.71,325439,0
2018-02-21,18:00:00,3.71,3.715,3.685,3.695,187130,0
2018-02-21,19:00:00,3.695,3.715,3.695,3.705,62200,0
2018-02-21,20:00:00,3.71,3.73,3.7,3.72,148649,0
2018-02-21,21:00:00,3.72,3.755,3.72,3.725,348068,0
2018-02-21,22:00:00,3.72,3.73,3.695,3.71,448131,0
2018-02-22,16:00:00,3.74,3.75,3.71,3.72,62242,0
2018-02-22,17:00:00,3.7199,3.74,3.71,3.72,141000,0
2018-02-22,18:00:00,3.725,3.73,3.71,3.71,95830,0
2018-02-22,19:00:00,3.71,3.7193,3.675,3.685,117866,0
2018-02-22,20:00:00,3.681,3.7,3.67,3.67,113197,0
2018-02-22,21:00:00,3.675,3.7,3.665,3.69,125791,0
2018-02-22,22:00:00,3.685,3.7,3.66,3.68,271432,0
2018-02-23,16:00:00,3.7,3.72,3.69,3.7,59001,0
2018-02-23,17:00:00,3.695,3.7,3.66,3.665,202555,0
2018-02-23,18:00:00,3.67,3.67,3.64,3.645,112965,0
2018-02-23,19:00:00,3.645,3.68,3.63,3.675,184005,0
2018-02-23,20:00:00,3.675,3.69,3.67,3.685,31198,0
2018-02-23,21:00:00,3.68,3.7,3.68,3.695,79693,0
2018-02-23,22:00:00,3.6958,3.7,3.68,3.69,179713,0
2018-02-26,16:00:00,3.94,3.99,3.685,3.72,336493,0
2018-02-26,17:00:00,3.717,3.75,3.69,3.74,185308,0
2018-02-26,18:00:00,3.73,3.74,3.71,3.72,185936,0
2018-02-26,19:00:00,3.72,3.74,3.72,3.72,203769,0
2018-02-26,20:00:00,3.7201,3.73,3.71,3.73,195070,0
2018-02-26,21:00:00,3.725,3.73,3.71,3.715,90660,0
2018-02-26,22:00:00,3.71,3.735,3.69,3.7,387712,0
2018-02-27,16:00:00,3.66,3.7,3.48,3.51,657260,0
2018-02-27,17:00:00,3.51,3.62,3.49,3.61,275897,0
2018-02-27,18:00:00,3.609,3.66,3.57,3.615,158677,0
2018-02-27,19:00:00,3.61,3.62,3.575,3.5999,146533,0
2018-02-27,20:00:00,3.59,3.605,3.58,3.589,92831,0
2018-02-27,21:00:00,3.58,3.61,3.575,3.6,88691,0
2018-02-27,22:00:00,3.595,3.6,3.545,3.56,575153,0
2018-02-28,16:00:00,3.59,3.639,3.49,3.5399,222565,0
2018-02-28,17:00:00,3.53,3.53,3.49,3.51,193468,0
2018-02-28,18:00:00,3.51,3.57,3.5,3.5685,244452,0
2018-02-28,19:00:00,3.57,3.6,3.535,3.6,110367,0
2018-02-28,20:00:00,3.59,3.59,3.56,3.58,39317,0
2018-02-28,21:00:00,3.58,3.58,3.51,3.515,162326,0
2018-02-28,22:00:00,3.51,3.5199,3.48,3.49,307166,0
2018-03-01,16:00:00,3.54,3.54,3.37,3.39,372001,0
2018-03-01,17:00:00,3.39,3.47,3.385,3.44,166862,0
2018-03-01,18:00:00,3.445,3.46,3.42,3.44,158128,0
2018-03-01,19:00:00,3.435,3.46,3.4,3.405,223860,0
2018-03-01,20:00:00,3.4,3.405,3.36,3.39,274538,0
2018-03-01,21:00:00,3.3856,3.39,3.35,3.385,305405,0
2018-03-01,22:00:00,3.385,3.4,3.35,3.37,403065,0
2018-03-02,16:00:00,3.3,3.315,3.26,3.2934,281491,0
2018-03-02,17:00:00,3.3,3.36,3.28,3.3365,355621,0
2018-03-02,18:00:00,3.335,3.37,3.28,3.37,427502,0
2018-03-02,19:00:00,3.38,3.41,3.3771,3.405,114674,0
2018-03-02,20:00:00,3.4062,3.41,3.39,3.4,77845,0
2018-03-02,21:00:00,3.41,3.41,3.39,3.39,37823,0
2018-03-02,22:00:00,3.395,3.4,3.34,3.36,657691,0
2018-03-05,16:00:00,3.36,3.4399,3.35,3.43,301522,0
2018-03-05,17:00:00,3.43,3.44,3.39,3.43,208695,0
2018-03-05,18:00:00,3.43,3.44,3.37,3.435,437391,0
2018-03-05,19:00:00,3.44,3.44,3.38,3.435,265126,0
2018-03-05,20:00:00,3.435,3.44,3.3901,3.4051,68844,0
2018-03-05,21:00:00,3.4074,3.41,3.39,3.405,101061,0
2018-03-05,22:00:00,3.41,3.44,3.4,3.42,344429,0
2018-03-06,16:00:00,3.42,3.44,3.39,3.41,46651,0
2018-03-06,17:00:00,3.41,3.41,3.35,3.355,350735,0
2018-03-06,18:00:00,3.35,3.37,3.34,3.34,134684,0
2018-03-06,19:00:00,3.3407,3.39,3.34,3.385,107525,0
2018-03-06,20:00:00,3.385,3.395,3.37,3.39,73137,0
2018-03-06,21:00:00,3.385,3.4,3.36,3.39,226383,0
2018-03-06,22:00:00,3.385,3.39,3.34,3.35,600251,0
2018-03-07,16:00:00,3.32,3.355,3.3,3.34,97159,0
2018-03-07,17:00:00,3.3399,3.34,3.33,3.34,65198,0
2018-03-07,18:00:00,3.335,3.34,3.29,3.295,408203,0
2018-03-07,19:00:00,3.297,3.31,3.29,3.31,81665,0
2018-03-07,20:00:00,3.305,3.32,3.3,3.32,37179,0
2018-03-07,21:00:00,3.31,3.37,3.29,3.365,314197,0
2018-03-07,22:00:00,3.365,3.46,3.35,3.42,609540,0
2018-03-08,16:00:00,3.42,3.475,3.385,3.395,136729,0
2018-03-08,17:00:00,3.395,3.42,3.37,3.415,257351,0
2018-03-08,18:00:00,3.415,3.5,3.41,3.485,278311,0
2018-03-08,19:00:00,3.49,3.56,3.47,3.51,311094,0
2018-03-08,20:00:00,3.5087,3.53,3.5,3.51,118262,0
2018-03-08,21:00:00,3.505,3.51,3.47,3.5,205289,0
2018-03-08,22:00:00,3.4933,3.55,3.47,3.54,545971,0
2018-03-09,16:00:00,3.57,3.58,3.55,3.58,86789,0
2018-03-09,17:00:00,3.58,3.62,3.55,3.62,426697,0
2018-03-09,18:00:00,3.62,3.63,3.6,3.61,237604,0
2018-03-09,19:00:00,3.615,3.63,3.58,3.595,137325,0
2018-03-09,20:00:00,3.595,3.6,3.56,3.57,67207,0
2018-03-09,21:00:00,3.565,3.6,3.56,3.59,118219,0
2018-03-09,22:00:00,3.59,3.62,3.58,3.6,390308,0
2018-03-12,15:00:00,3.62,3.62,3.57,3.595,70256,0
2018-03-12,16:00:00,3.595,3.64,3.59,3.64,116198,0
2018-03-12,17:00:00,3.64,3.66,3.63,3.63,145720,0
2018-03-12,18:00:00,3.635,3.66,3.63,3.645,159868,0
2018-03-12,19:00:00,3.64,3.66,3.64,3.655,63561,0
2018-03-12,20:00:00,3.65,3.67,3.65,3.6637,80141,0
2018-03-12,21:00:00,3.67,3.69,3.66,3.67,301811,0
2018-03-13,15:00:00,3.7,3.74,3.67,3.7399,218736,0
2018-03-13,16:00:00,3.735,3.7866,3.73,3.7535,484892,0
2018-03-13,17:00:00,3.759,3.77,3.735,3.76,203125,0
2018-03-13,18:00:00,3.765,3.79,3.73,3.77,163040,0
2018-03-13,19:00:00,3.775,3.815,3.77,3.81,292680,0
2018-03-13,20:00:00,3.81,3.82,3.75,3.75,128944,0
2018-03-13,21:00:00,3.755,3.76,3.74,3.75,240531,0
2018-03-14,15:00:00,3.75,3.76,3.68,3.735,161169,0
2018-03-14,16:00:00,3.74,3.74,3.67,3.67,307283,0
2018-03-14,17:00:00,3.675,3.675,3.63,3.66,237225,0
2018-03-14,18:00:00,3.655,3.67,3.63,3.635,57352,0
2018-03-14,19:00:00,3.635,3.65,3.63,3.63,67676,0
2018-03-14,20:00:00,3.63,3.64,3.62,3.6373,136077,0
2018-03-14,21:00:00,3.635,3.64,3.6,3.61,297264,0
2018-03-15,15:00:00,3.63,3.64,3.55,3.575,163302,0
2018-03-15,16:00:00,3.575,3.62,3.56,3.605,180408,0
2018-03-15,17:00:00,3.61,3.62,3.57,3.57,106127,0
2018-03-15,18:00:00,3.58,3.58,3.5225,3.54,224222,0
2018-03-15,19:00:00,3.55,3.55,3.52,3.52,95295,0
2018-03-15,20:00:00,3.52,3.53,3.47,3.5214,245621,0
2018-03-15,21:00:00,3.525,3.55,3.5,3.54,385673,0
2018-03-16,15:00:00,3.56,3.58,3.54,3.565,119525,0
2018-03-16,16:00:00,3.565,3.59,3.55,3.555,158603,0
2018-03-16,17:00:00,3.555,3.555,3.5,3.54,163531,0
2018-03-16,18:00:00,3.535,3.54,3.51,3.53,57249,0
2018-03-16,19:00:00,3.52,3.53,3.5,3.51,121388,0
2018-03-16,20:00:00,3.505,3.51,3.46,3.47,234382,0
2018-03-16,21:00:00,3.47,3.47,3.37,3.4,559016,0
2018-03-19,15:00:00,3.4,3.4174,3.33,3.35,173191,0
2018-03-19,16:00:00,3.3533,3.3533,3.265,3.28,641130,0
2018-03-19,17:00:00,3.28,3.28,3.2,3.26,664283,0
2018-03-19,18:00:00,3.256,3.26,3.23,3.245,248328,0
2018-03-19,19:00:00,3.25,3.26,3.24,3.26,99934,0
2018-03-19,20:00:00,3.25,3.26,3.2,3.225,388771,0
2018-03-19,21:00:00,3.225,3.26,3.21,3.26,571781,0
2018-03-20,15:00:00,3.25,3.2723,3.21,3.215,166701,0
2018-03-20,16:00:00,3.21,3.25,3.21,3.22,261722,0
2018-03-20,17:00:00,3.23,3.24,3.205,3.2175,255242,0
2018-03-20,18:00:00,3.2168,3.23,3.21,3.21,61710,0
2018-03-20,19:00:00,3.21,3.22,3.17,3.21,270601,0
2018-03-20,20:00:00,3.21,3.22,3.19,3.215,97731,0
2018-03-20,21:00:00,3.215,3.23,3.2,3.2,265403,0
2018-03-21,15:00:00,3.24,3.2893,3.13,3.165,566254,0
2018-03-21,16:00:00,3.165,3.17,3.11,3.1572,884682,0
2018-03-21,17:00:00,3.15,3.19,3.14,3.18,649291,0
2018-03-21,18:00:00,3.18,3.1958,3.16,3.17,834933,0
2018-03-21,19:00:00,3.165,3.175,3.16,3.17,84528,0
2018-03-21,20:00:00,3.165,3.19,3.14,3.145,412097,0
2018-03-21,21:00:00,3.15,3.17,3.12,3.13,681977,0
2018-03-22,15:00:00,3.13,3.14,3.0803,3.12,253877,0
2018-03-22,16:00:00,3.12,3.21,3.12,3.18,733715,0
2018-03-22,17:00:00,3.17,3.18,3.13,3.13,288318,0
2018-03-22,18:00:00,3.13,3.2,3.12,3.2,540470,0
2018-03-22,19:00:00,3.195,3.2,3.18,3.19,141337,0
2018-03-22,20:00:00,3.185,3.19,3.16,3.17,249551,0
2018-03-22,21:00:00,3.165,3.18,3.12,3.12,491062,0
2018-03-23,15:00:00,3.11,3.12,3.0199,3.06,528495,0
2018-03-23,16:00:00,3.065,3.11,3.035,3.1031,391773,0
2018-03-23,17:00:00,3.105,3.12,3.085,3.095,138217,0
2018-03-23,18:00:00,3.09,3.1,3.08,3.1,98862,0
2018-03-23,19:00:00,3.091,3.11,3.091,3.11,39085,0
2018-03-23,20:00:00,3.105,3.12,3.08,3.08,199532,0
2018-03-23,21:00:00,3.085,3.095,3.05,3.06,227381,0
2018-03-26,16:00:00,3.05,3.13,3.05,3.13,255701,0
2018-03-26,17:00:00,3.13,3.14,3.09,3.115,260938,0
2018-03-26,18:00:00,3.115,3.13,3.085,3.1094,160908,0
2018-03-26,19:00:00,3.105,3.11,3.07,3.08,113519,0
2018-03-26,20:00:00,3.075,3.105,3.07,3.095,68044,0
2018-03-26,21:00:00,3.1,3.155,3.1,3.145,130162,0
2018-03-26,22:00:00,3.14,3.18,3.14,3.16,242614,0
2018-03-27,16:00:00,3.17,3.19,3.15,3.17,101931,0
2018-03-27,17:00:00,3.16,3.18,3.12,3.13,193846,0
2018-03-27,18:00:00,3.125,3.15,3.11,3.15,135504,0
2018-03-27,19:00:00,3.15,3.17,3.13,3.16,181053,0
2018-03-27,20:00:00,3.16,3.18,3.13,3.135,137151,0
2018-03-27,21:00:00,3.13,3.155,3.12,3.13,202230,0
2018-03-27,22:00:00,3.12,3.125,3.04,3.05,530467,0
2018-03-28,16:00:00,3.04,3.09,3.02,3.045,191332,0
2018-03-28,17:00:00,3.045,3.0675,2.93,2.96,605332,0
2018-03-28,18:00:00,2.97,2.98,2.92,2.96,470243,0
2018-03-28,19:00:00,2.955,3,2.95,2.97,199791,0
2018-03-28,20:00:00,2.97,2.99,2.96,2.9744,192558,0
2018-03-28,21:00:00,2.98,2.98,2.92,2.925,289175,0
2018-03-28,22:00:00,2.92,3,2.91,2.99,589217,0
2018-03-29,16:00:00,2.99,3.0601,2.99,3.035,159691,0
2018-03-29,17:00:00,3.035,3.045,2.99,3.04,267673,0
2018-03-29,18:00:00,3.04,3.06,3.01,3.03,664596,0
2018-03-29,19:00:00,3.03,3.05,2.99,3.049,325446,0
2018-03-29,20:00:00,3.05,3.06,3.04,3.045,109431,0
2018-03-29,21:00:00,3.045,3.08,3.04,3.06,113833,0
2018-03-29,22:00:00,3.06,3.07,3,3.01,564532,0
