Date,Time,Open,High,Low,Close,Volume,OpenInt
2017-09-06,16:00:00,3.02,3.06,2.97,3.01,173098,0
2017-09-06,17:00:00,3,3.02,2.89,2.92,192160,0
2017-09-06,18:00:00,2.9112,2.94,2.88,2.94,90644,0
2017-09-06,19:00:00,2.94,2.94,2.9,2.91,68890,0
2017-09-06,20:00:00,2.91,2.95,2.905,2.93,77563,0
2017-09-06,21:00:00,2.935,3.05,2.935,3.015,147011,0
2017-09-06,22:00:00,3.015,3.0401,2.995,3.01,167026,0
2017-09-07,16:00:00,3.04,3.05,2.95,3.04,82488,0
2017-09-07,17:00:00,3.03,3.215,3.01,3.145,344157,0
2017-09-07,18:00:00,3.1475,3.28,3.125,3.245,309331,0
2017-09-07,19:00:00,3.25,3.355,3.25,3.34,302091,0
2017-09-07,20:00:00,3.36,3.42,3.27,3.27,252050,0
2017-09-07,21:00:00,3.27,3.389,3.25,3.345,224179,0
2017-09-07,22:00:00,3.3474,3.3474,3.29,3.31,162247,0
2017-09-08,16:00:00,3.35,3.4,3.26,3.2752,162257,0
2017-09-08,17:00:00,3.27,3.3,3.08,3.11,436029,0
2017-09-08,18:00:00,3.11,3.15,3.0399,3.1399,215179,0
2017-09-08,19:00:00,3.135,3.2,3.1066,3.12,122407,0
2017-09-08,20:00:00,3.125,3.16,3.07,3.15,132929,0
2017-09-08,21:00:00,3.14,3.15,3.085,3.0892,91199,0
2017-09-08,22:00:00,3.1,3.12,3.06,3.1,172423,0
2017-09-11,16:00:00,3.16,3.37,3.16,3.3318,233134,0
2017-09-11,17:00:00,3.3301,3.5,3.32,3.5,485518,0
2017-09-11,18:00:00,3.4907,3.55,3.4269,3.4515,303794,0
2017-09-11,19:00:00,3.4501,3.4601,3.36,3.41,210381,0
2017-09-11,20:00:00,3.41,3.43,3.39,3.43,74739,0
2017-09-11,21:00:00,3.435,3.48,3.4099,3.43,133952,0
2017-09-11,22:00:00,3.425,3.46,3.41,3.43,150543,0
2017-09-12,16:00:00,3.52,3.53,3.39,3.45,206405,0
2017-09-12,17:00:00,3.44,3.6298,3.44,3.595,360016,0
2017-09-12,18:00:00,3.59,3.74,3.555,3.69,412468,0
2017-09-12,19:00:00,3.685,3.8873,3.675,3.8048,549023,0
2017-09-12,20:00:00,3.805,3.82,3.61,3.61,369688,0
2017-09-12,21:00:00,3.601,3.6301,3.47,3.52,240527,0
2017-09-12,22:00:00,3.52,3.53,3.41,3.44,455457,0
2017-09-13,16:00:00,3.44,3.74,3.44,3.63,361837,0
2017-09-13,17:00:00,3.64,3.65,3.52,3.574,292491,0
2017-09-13,18:00:00,3.575,3.59,3.47,3.5,341003,0
2017-09-13,19:00:00,3.5,3.53,3.49,3.5,52739,0
2017-09-13,20:00:00,3.5,3.5,3.4,3.46,183912,0
2017-09-13,21:00:00,3.47,3.57,3.47,3.5262,114819,0
2017-09-13,22:00:00,3.53,3.56,3.48,3.53,210172,0
2017-09-14,16:00:00,3.51,3.51,3.36,3.41,256635,0
2017-09-14,17:00:00,3.415,3.49,3.415,3.45,149820,0
2017-09-14,18:00:00,3.44,3.49,3.405,3.45,89336,0
2017-09-14,19:00:00,3.4596,3.525,3.42,3.5,194879,0
2017-09-14,20:00:00,3.505,3.52,3.45,3.45,136232,0
2017-09-14,21:00:00,3.44,3.455,3.03,3.1699,842494,0
2017-09-14,22:00:00,3.17,3.18,2.65,2.79,1802999,0
2017-09-15,16:00:00,2.76,3.43,2.75,3.31,1195373,0
2017-09-15,17:00:00,3.3,3.34,3.18,3.19,623470,0
2017-09-15,18:00:00,3.1805,3.24,3.14,3.2072,366885,0
2017-09-15,19:00:00,3.2,3.21,3.03,3.09,242131,0
2017-09-15,20:00:00,3.085,3.12,3.05,3.12,155160,0
2017-09-15,21:00:00,3.1,3.2,3.1,3.19,159899,0
2017-09-15,22:00:00,3.2,3.3,3.1801,3.25,813701,0
2017-09-18,16:00:00,3.61,3.67,3.23,3.35,986659,0
2017-09-18,17:00:00,3.3519,3.55,3.34,3.4,500520,0
2017-09-18,18:00:00,3.415,3.44,3.37,3.39,172283,0
2017-09-18,19:00:00,3.385,3.42,3.37,3.395,138971,0
2017-09-18,20:00:00,3.395,3.42,3.32,3.405,222155,0
2017-09-18,21:00:00,3.4047,3.43,3.28,3.32,484057,0
2017-09-18,22:00:00,3.3135,3.38,3.28,3.31,423356,0
2017-09-19,16:00:00,3.35,3.37,3.28,3.3337,134832,0
2017-09-19,17:00:00,3.34,3.36,3.25,3.2967,178472,0
2017-09-19,18:00:00,3.2926,3.31,3.24,3.2489,155400,0
2017-09-19,19:00:00,3.25,3.25,3.19,3.23,119835,0
2017-09-19,20:00:00,3.23,3.232,3.175,3.2,123397,0
2017-09-19,21:00:00,3.21,3.22,3.03,3.17,299859,0
2017-09-19,22:00:00,3.17,3.22,3.165,3.22,162184,0
2017-09-20,16:00:00,3.26,3.39,3.2437,3.37,344104,0
2017-09-20,17:00:00,3.365,3.4683,3.32,3.33,406104,0
2017-09-20,18:00:00,3.345,3.37,3.32,3.36,143465,0
2017-09-20,19:00:00,3.36,3.59,3.34,3.52,454578,0
2017-09-20,20:00:00,3.521,3.5675,3.48,3.49,247113,0
2017-09-20,21:00:00,3.48,3.51,3.4,3.47,128731,0
2017-09-20,22:00:00,3.4691,3.52,3.455,3.52,214671,0
2017-09-21,16:00:00,3.52,3.54,3.4,3.51,146615,0
2017-09-21,17:00:00,3.51,3.66,3.47,3.5799,411713,0
2017-09-21,18:00:00,3.575,3.585,3.48,3.5749,242162,0
2017-09-21,19:00:00,3.58,3.64,3.56,3.59,146042,0
2017-09-21,20:00:00,3.5947,3.6,3.56,3.5699,92258,0
2017-09-21,21:00:00,3.561,3.58,3.53,3.55,98266,0
2017-09-21,22:00:00,3.55,3.55,3.5,3.51,145872,0
2017-09-22,16:00:00,3.49,3.55,3.45,3.48,60366,0
2017-09-22,17:00:00,3.4931,3.52,3.45,3.4948,100841,0
2017-09-22,18:00:00,3.493,3.51,3.4,3.46,92714,0
2017-09-22,19:00:00,3.46,3.47,3.44,3.46,63315,0
2017-09-22,20:00:00,3.4501,3.47,3.445,3.46,44614,0
2017-09-22,21:00:00,3.455,3.56,3.45,3.56,96396,0
2017-09-22,22:00:00,3.56,3.58,3.51,3.55,214099,0
2017-09-25,16:00:00,3.6,3.77,3.58,3.7447,189827,0
2017-09-25,17:00:00,3.7458,3.79,3.61,3.63,260610,0
2017-09-25,18:00:00,3.64,3.74,3.61,3.74,128323,0
2017-09-25,19:00:00,3.74,3.77,3.7001,3.76,117765,0
2017-09-25,20:00:00,3.76,3.77,3.75,3.766,114959,0
2017-09-25,21:00:00,3.76,3.77,3.68,3.71,81790,0
2017-09-25,22:00:00,3.71,3.76,3.69,3.74,312843,0
2017-09-26,16:00:00,3.78,3.87,3.7,3.82,151295,0
2017-09-26,17:00:00,3.8,3.835,3.72,3.7754,157780,0
2017-09-26,18:00:00,3.7725,3.797,3.7,3.75,120569,0
2017-09-26,19:00:00,3.75,3.76,3.64,3.66,124385,0
2017-09-26,20:00:00,3.66,3.71,3.66,3.68,40173,0
2017-09-26,21:00:00,3.6723,3.69,3.641,3.675,120780,0
2017-09-26,22:00:00,3.68,3.695,3.64,3.66,356844,0
2017-09-27,16:00:00,3.65,3.79,3.65,3.7412,79250,0
2017-09-27,17:00:00,3.7499,3.7499,3.67,3.7375,102812,0
2017-09-27,18:00:00,3.735,3.78,3.73,3.74,64464,0
2017-09-27,19:00:00,3.73,3.782,3.72,3.77,54415,0
2017-09-27,20:00:00,3.78,3.8,3.77,3.795,93963,0
2017-09-27,21:00:00,3.8,4.02,3.78,3.9819,813903,0
2017-09-27,22:00:00,3.973,4,3.91,3.95,365741,0
2017-09-28,16:00:00,4.01,4.32,4,4.2189,460113,0
2017-09-28,17:00:00,4.2224,4.34,4.15,4.1692,484658,0
2017-09-28,18:00:00,4.1705,4.2,4.1,4.18,241776,0
2017-09-28,19:00:00,4.176,4.24,4.14,4.16,131304,0
2017-09-28,20:00:00,4.1523,4.18,4.11,4.1737,107011,0
2017-09-28,21:00:00,4.18,4.28,4.17,4.27,169558,0
2017-09-28,22:00:00,4.26,4.3,4.2,4.22,222629,0
2017-09-29,16:00:00,4.26,4.35,4.21,4.22,186864,0
2017-09-29,17:00:00,4.24,4.2724,4.12,4.2315,195018,0
2017-09-29,18:00:00,4.25,4.25,4.166,4.18,61223,0
2017-09-29,19:00:00,4.17,4.24,4.15,4.23,97389,0
2017-09-29,20:00:00,4.22,4.225,4.18,4.1871,29527,0
2017-09-29,21:00:00,4.18,4.3,4.18,4.2601,138067,0
2017-09-29,22:00:00,4.26,4.417,4.24,4.33,306885,0
2017-10-02,16:00:00,4.48,4.54,4.36,4.46,331703,0
2017-10-02,17:00:00,4.47,4.52,4.43,4.4442,244721,0
2017-10-02,18:00:00,4.44,4.48,4.42,4.42,58917,0
2017-10-02,19:00:00,4.43,4.49,4.415,4.43,201487,0
2017-10-02,20:00:00,4.43,4.44,4.33,4.38,312699,0
2017-10-02,21:00:00,4.3888,4.475,4.35,4.39,164455,0
2017-10-02,22:00:00,4.395,4.46,4.38,4.45,201731,0
2017-10-03,16:00:00,4.5,4.52,4.38,4.412,166721,0
2017-10-03,17:00:00,4.41,4.44,4.34,4.41,173951,0
2017-10-03,18:00:00,4.3901,4.4524,4.34,4.45,140444,0
2017-10-03,19:00:00,4.44,4.49,4.3901,4.455,103569,0
2017-10-03,20:00:00,4.46,4.51,4.45,4.475,130770,0
2017-10-03,21:00:00,4.46,4.5,4.41,4.43,83931,0
2017-10-03,22:00:00,4.425,4.525,4.42,4.5,226589,0
2017-10-04,16:00:00,4.53,4.53,4.32,4.43,83969,0
2017-10-04,17:00:00,4.43,4.48,4.335,4.36,122728,0
2017-10-04,18:00:00,4.3664,4.44,4.3538,4.42,81065,0
2017-10-04,19:00:00,4.415,4.44,4.39,4.4,78064,0
2017-10-04,20:00:00,4.4,4.43,4.3867,4.41,50830,0
2017-10-04,21:00:00,4.41,4.41,4.365,4.39,60941,0
2017-10-04,22:00:00,4.39,4.42,4.359,4.4,310669,0
2017-10-05,16:00:00,4.35,4.43,4.35,4.3771,41785,0
2017-10-05,17:00:00,4.39,4.42,4.29,4.339,111343,0
2017-10-05,18:00:00,4.34,4.39,4.24,4.3501,163660,0
2017-10-05,19:00:00,4.36,4.41,4.26,4.33,95968,0
2017-10-05,20:00:00,4.3387,4.4,4.31,4.4,62847,0
2017-10-05,21:00:00,4.388,4.41,4.36,4.4,57749,0
2017-10-05,22:00:00,4.4,4.41,4.3,4.38,211577,0
2017-10-06,16:00:00,4.35,4.41,4.3,4.38,65287,0
2017-10-06,17:00:00,4.4,4.43,4.31,4.33,72253,0
2017-10-06,18:00:00,4.3301,4.34,4.27,4.27,92778,0
2017-10-06,19:00:00,4.28,4.3,4.27,4.28,61810,0
2017-10-06,20:00:00,4.29,4.29,4.25,4.25,104831,0
2017-10-06,21:00:00,4.255,4.28,4.2,4.25,96002,0
2017-10-06,22:00:00,4.25,4.27,4.22,4.245,150291,0
2017-10-09,16:00:00,4.23,4.33,4.21,4.26,171303,0
2017-10-09,17:00:00,4.25,4.3301,4.2201,4.32,114367,0
2017-10-09,18:00:00,4.329,4.4126,4.3001,4.3901,182012,0
2017-10-09,19:00:00,4.4,4.4,4.3301,4.38,78371,0
2017-10-09,20:00:00,4.39,4.4001,4.28,4.34,207577,0
2017-10-09,21:00:00,4.33,4.36,4.32,4.35,87839,0
2017-10-09,22:00:00,4.35,4.42,4.3,4.36,295668,0
2017-10-10,16:00:00,4.44,4.44,4.2138,4.2323,209777,0
2017-10-10,17:00:00,4.24,4.2544,4.12,4.13,285563,0
2017-10-10,18:00:00,4.14,4.226,4.14,4.2,120724,0
2017-10-10,19:00:00,4.2,4.2,4,4.1,403950,0
2017-10-10,20:00:00,4.1065,4.11,3.96,4.075,372861,0
2017-10-10,21:00:00,4.08,4.08,4,4.0599,162973,0
2017-10-10,22:00:00,4.06,4.08,3.94,3.99,312989,0
2017-10-11,16:00:00,4.02,4.1,3.9876,4.07,83573,0
2017-10-11,17:00:00,4.0747,4.15,4.07,4.09,120784,0
2017-10-11,18:00:00,4.08,4.1,4.04,4.05,123455,0
2017-10-11,19:00:00,4.05,4.055,4.04,4.045,50705,0
2017-10-11,20:00:00,4.05,4.05,3.97,4,100797,0
2017-10-11,21:00:00,4,4.055,3.9978,4.035,76814,0
2017-10-11,22:00:00,4.03,4.1,4.02,4.1,422629,0
2017-10-12,16:00:00,4.11,4.14,4.05,4.11,52849,0
2017-10-12,17:00:00,4.12,4.15,4.06,4.12,62378,0
2017-10-12,18:00:00,4.12,4.14,4.06,4.1049,58459,0
2017-10-12,19:00:00,4.1,4.11,4.07,4.0778,18171,0
2017-10-12,20:00:00,4.07,4.08,3.98,4.02,115912,0
2017-10-12,21:00:00,4.03,4.04,4.02,4.03,37176,0
2017-10-12,22:00:00,4.03,4.06,4.02,4.06,110973,0
2017-10-13,16:00:00,4.09,4.12,4.0016,4.02,50639,0
2017-10-13,17:00:00,4.02,4.05,3.9801,4.01,55516,0
2017-10-13,18:00:00,4,4.01,3.99,4,56970,0
2017-10-13,19:00:00,3.995,4.03,3.97,4,66695,0
2017-10-13,20:00:00,4,4.02,3.98,4.02,79531,0
2017-10-13,21:00:00,4.03,4.04,3.98,4.04,134245,0
2017-10-13,22:00:00,4.04,4.04,3.99,4,108418,0
2017-10-16,16:00:00,4,4.05,3.9,4.0219,99848,0
2017-10-16,17:00:00,4.03,4.03,3.94,3.9499,74829,0
2017-10-16,18:00:00,3.94,4,3.91,3.9199,52067,0
2017-10-16,19:00:00,3.92,3.92,3.73,3.88,212930,0
2017-10-16,20:00:00,3.8932,3.93,3.87,3.91,60953,0
2017-10-16,21:00:00,3.92,3.94,3.89,3.89,35238,0
2017-10-16,22:00:00,3.9,3.94,3.87,3.89,155370,0
2017-10-17,16:00:00,3.85,3.93,3.79,3.92,80579,0
2017-10-17,17:00:00,3.92,4.05,3.92,4,211154,0
2017-10-17,18:00:00,4,4.01,3.97,3.97,53948,0
2017-10-17,19:00:00,3.97,4,3.9431,3.96,38178,0
2017-10-17,20:00:00,3.95,3.95,3.9,3.9,20918,0
2017-10-17,21:00:00,3.91,3.95,3.91,3.945,27898,0
2017-10-17,22:00:00,3.945,3.96,3.86,3.92,138214,0
2017-10-18,16:00:00,3.97,3.97,3.86,3.87,46848,0
2017-10-18,17:00:00,3.8601,3.87,3.77,3.77,107493,0
2017-10-18,18:00:00,3.7615,3.84,3.72,3.84,139156,0
2017-10-18,19:00:00,3.835,3.9,3.835,3.88,39831,0
2017-10-18,20:00:00,3.89,3.92,3.8801,3.9,22072,0
2017-10-18,21:00:00,3.89,3.91,3.88,3.9,22753,0
2017-10-18,22:00:00,3.9,3.93,3.885,3.9,101254,0
2017-10-19,16:00:00,3.84,3.98,3.81,3.86,59633,0
2017-10-19,17:00:00,3.86,3.995,3.86,3.95,85205,0
2017-10-19,18:00:00,3.951,4.06,3.93,3.98,187806,0
2017-10-19,19:00:00,3.98,4.01,3.94,4,71408,0
2017-10-19,20:00:00,3.99,4.04,3.99,3.995,58871,0
2017-10-19,21:00:00,3.992,4.02,3.93,3.955,97449,0
2017-10-19,22:00:00,3.959,4.01,3.95,4,115288,0
2017-10-20,16:00:00,4.02,4.07,3.9316,3.9701,61286,0
2017-10-20,17:00:00,3.98,4.005,3.94,3.945,71272,0
2017-10-20,18:00:00,3.9444,3.975,3.92,3.9401,94452,0
2017-10-20,19:00:00,3.94,3.95,3.86,3.9199,135034,0
2017-10-20,20:00:00,3.92,3.95,3.91,3.94,65404,0
2017-10-20,21:00:00,3.94,3.945,3.89,3.9099,84563,0
2017-10-20,22:00:00,3.905,3.91,3.86,3.87,134588,0
2017-10-23,16:00:00,3.88,3.95,3.867,3.92,54308,0
2017-10-23,17:00:00,3.9109,3.95,3.89,3.92,70661,0
2017-10-23,18:00:00,3.92,3.92,3.85,3.8808,103955,0
2017-10-23,19:00:00,3.89,3.93,3.89,3.925,45053,0
2017-10-23,20:00:00,3.925,3.93,3.89,3.9,40449,0
2017-10-23,21:00:00,3.9,3.92,3.87,3.92,74258,0
2017-10-23,22:00:00,3.92,3.95,3.88,3.89,151832,0
2017-10-24,16:00:00,3.88,3.93,3.868,3.9,12980,0
2017-10-24,17:00:00,3.875,3.945,3.875,3.935,74732,0
2017-10-24,18:00:00,3.93,3.93,3.8801,3.887,56322,0
2017-10-24,19:00:00,3.88,3.91,3.86,3.88,36140,0
2017-10-24,20:00:00,3.88,3.905,3.864,3.8759,48246,0
2017-10-24,21:00:00,3.88,3.9,3.875,3.88,31193,0
2017-10-24,22:00:00,3.885,3.89,3.8,3.82,136850,0
2017-10-25,16:00:00,3.8,3.89,3.78,3.82,67695,0
2017-10-25,17:00:00,3.83,3.88,3.78,3.81,73266,0
2017-10-25,18:00:00,3.805,3.805,3.72,3.77,76117,0
2017-10-25,19:00:00,3.76,3.79,3.735,3.79,37873,0
2017-10-25,20:00:00,3.78,3.8,3.76,3.8,64481,0
2017-10-25,21:00:00,3.79,3.795,3.73,3.735,34686,0
2017-10-25,22:00:00,3.73,3.75,3.72,3.74,85192,0
2017-10-26,16:00:00,3.75,3.75,3.57,3.58,132882,0
2017-10-26,17:00:00,3.59,3.6,3.41,3.56,294317,0
2017-10-26,18:00:00,3.57,3.59,3.54,3.55,71008,0
2017-10-26,19:00:00,3.55,3.56,3.39,3.4301,142569,0
2017-10-26,20:00:00,3.43,3.45,3.42,3.44,82852,0
2017-10-26,21:00:00,3.44,3.46,3.3,3.35,158202,0
2017-10-26,22:00:00,3.36,3.4,3.35,3.39,126450,0
2017-10-27,16:00:00,3.4,3.49,3.4,3.48,77833,0
2017-10-27,17:00:00,3.47,3.5,3.405,3.49,67725,0
2017-10-27,18:00:00,3.48,3.549,3.48,3.52,42206,0
2017-10-27,19:00:00,3.52,3.54,3.5,3.52,17945,0
2017-10-27,20:00:00,3.52,3.57,3.515,3.57,35538,0
2017-10-27,21:00:00,3.565,3.61,3.56,3.61,38723,0
2017-10-27,22:00:00,3.61,3.66,3.57,3.65,116503,0
2017-10-30,15:00:00,3.65,3.73,3.55,3.71,70685,0
2017-10-30,16:00:00,3.71,3.71,3.65,3.66,35543,0
2017-10-30,17:00:00,3.65,3.65,3.58,3.62,35468,0
2017-10-30,18:00:00,3.62,3.62,3.5825,3.61,24376,0
2017-10-30,19:00:00,3.6,3.63,3.58,3.6,27837,0
2017-10-30,20:00:00,3.59,3.62,3.56,3.61,34201,0
2017-10-30,21:00:00,3.61,3.65,3.58,3.65,59552,0
2017-10-31,15:00:00,3.66,3.75,3.62,3.65,23987,0
2017-10-31,16:00:00,3.64,3.66,3.62,3.62,16259,0
2017-10-31,17:00:00,3.63,3.65,3.57,3.65,29267,0
2017-10-31,18:00:00,3.64,3.66,3.61,3.63,14688,0
2017-10-31,19:00:00,3.63,3.68,3.62,3.67,18422,0
2017-10-31,20:00:00,3.67,3.68,3.62,3.66,53462,0
2017-10-31,21:00:00,3.65,3.67,3.63,3.64,59580,0
2017-11-01,15:00:00,3.65,3.7,3.6,3.6,21613,0
2017-11-01,16:00:00,3.6,3.63,3.555,3.615,32487,0
2017-11-01,17:00:00,3.62,3.625,3.535,3.5644,32227,0
2017-11-01,18:00:00,3.554,3.6,3.52,3.5499,65331,0
2017-11-01,19:00:00,3.54,3.55,3.46,3.55,84887,0
2017-11-01,20:00:00,3.56,3.56,3.52,3.54,40527,0
2017-11-01,21:00:00,3.53,3.55,3.51,3.51,75460,0
2017-11-02,15:00:00,3.49,3.58,3.39,3.56,33874,0
2017-11-02,16:00:00,3.55,3.645,3.49,3.59,73653,0
2017-11-02,17:00:00,3.6,3.61,3.5,3.535,73455,0
2017-11-02,18:00:00,3.54,3.59,3.54,3.55,29152,0
2017-11-02,19:00:00,3.56,3.56,3.52,3.525,32287,0
2017-11-02,20:00:00,3.52,3.54,3.49,3.5199,29346,0
2017-11-02,21:00:00,3.52,3.58,3.5,3.56,90073,0
2017-11-03,15:00:00,3.5,3.63,3.49,3.6141,69487,0
2017-11-03,16:00:00,3.62,3.69,3.62,3.67,121588,0
2017-11-03,17:00:00,3.66,3.75,3.66,3.71,98543,0
2017-11-03,18:00:00,3.71,3.7299,3.685,3.7089,71647,0
2017-11-03,19:00:00,3.7161,3.73,3.69,3.71,31630,0
2017-11-03,20:00:00,3.7,3.735,3.69,3.73,46772,0
2017-11-03,21:00:00,3.725,3.73,3.69,3.71,112441,0
2017-11-06,16:00:00,3.66,3.77,3.66,3.735,37556,0
2017-11-06,17:00:00,3.735,3.78,3.68,3.685,88707,0
2017-11-06,18:00:00,3.685,3.71,3.67,3.69,94008,0
2017-11-06,19:00:00,3.69,3.7,3.665,3.675,58843,0
2017-11-06,20:00:00,3.68,3.69,3.66,3.665,12225,0
2017-11-06,21:00:00,3.66,3.7,3.66,3.695,21979,0
2017-11-06,22:00:00,3.7,3.7,3.665,3.67,46392,0
2017-11-07,16:00:00,3.7,3.72,3.57,3.64,34647,0
2017-11-07,17:00:00,3.63,3.63,3.54,3.56,62991,0
2017-11-07,18:00:00,3.57,3.62,3.5499,3.55,83394,0
2017-11-07,19:00:00,3.55,3.57,3.537,3.5515,30650,0
2017-11-07,20:00:00,3.55,3.6,3.55,3.58,44201,0
2017-11-07,21:00:00,3.59,3.6,3.57,3.58,8650,0
2017-11-07,22:00:00,3.5701,3.58,3.56,3.57,42409,0
2017-11-08,16:00:00,3.57,3.67,3.49,3.6129,34259,0
2017-11-08,17:00:00,3.615,3.63,3.57,3.58,41289,0
2017-11-08,18:00:00,3.57,3.585,3.515,3.5219,103390,0
2017-11-08,19:00:00,3.52,3.53,3.51,3.53,27182,0
2017-11-08,20:00:00,3.53,3.55,3.48,3.54,28457,0
2017-11-08,21:00:00,3.53,3.585,3.52,3.5743,25783,0
2017-11-08,22:00:00,3.57,3.62,3.57,3.59,58260,0
2017-11-09,16:00:00,3.52,3.63,3.51,3.6275,38618,0
2017-11-09,17:00:00,3.63,3.715,3.62,3.71,146238,0
2017-11-09,18:00:00,3.71,3.7115,3.635,3.645,102097,0
2017-11-09,19:00:00,3.645,3.67,3.59,3.61,50840,0
2017-11-09,20:00:00,3.61,3.65,3.6,3.64,31498,0
2017-11-09,21:00:00,3.635,3.65,3.63,3.635,14636,0
2017-11-09,22:00:00,3.635,3.69,3.635,3.64,79032,0
2017-11-10,16:00:00,3.65,3.78,3.6,3.77,54104,0
2017-11-10,17:00:00,3.77,3.78,3.68,3.7,57198,0
2017-11-10,18:00:00,3.7,3.755,3.69,3.73,47385,0
2017-11-10,19:00:00,3.74,3.74,3.68,3.69,34413,0
2017-11-10,20:00:00,3.69,3.72,3.65,3.7,26969,0
2017-11-10,21:00:00,3.71,3.72,3.67,3.7,35554,0
2017-11-10,22:00:00,3.69,3.72,3.67,3.68,128776,0
2017-11-13,16:00:00,3.64,3.7,3.64,3.66,34004,0
2017-11-13,17:00:00,3.65,3.65,3.5598,3.5901,61297,0
2017-11-13,18:00:00,3.6,3.6,3.57,3.59,20896,0
2017-11-13,19:00:00,3.59,3.6,3.54,3.56,30700,0
2017-11-13,20:00:00,3.56,3.59,3.54,3.59,24525,0
2017-11-13,21:00:00,3.585,3.65,3.58,3.65,49467,0
2017-11-13,22:00:00,3.65,3.66,3.6,3.61,87143,0
2017-11-14,16:00:00,3.6,3.62,3.51,3.59,57723,0
2017-11-14,17:00:00,3.59,3.5966,3.45,3.48,69190,0
2017-11-14,18:00:00,3.48,3.5054,3.42,3.47,63235,0
2017-11-14,19:00:00,3.475,3.515,3.41,3.43,52045,0
2017-11-14,20:00:00,3.4236,3.49,3.41,3.44,77644,0
2017-11-14,21:00:00,3.45,3.52,3.45,3.52,36320,0
2017-11-14,22:00:00,3.52,3.58,3.52,3.57,74304,0
2017-11-15,16:00:00,3.51,3.525,3.42,3.49,38651,0
2017-11-15,17:00:00,3.5,3.59,3.5,3.59,44381,0
2017-11-15,18:00:00,3.595,3.5984,3.545,3.57,43311,0
2017-11-15,19:00:00,3.57,3.59,3.53,3.585,25497,0
2017-11-15,20:00:00,3.58,3.63,3.565,3.625,21061,0
2017-11-15,21:00:00,3.62,3.62,3.57,3.61,63119,0
2017-11-15,22:00:00,3.61,3.68,3.59,3.59,85974,0
2017-11-16,16:00:00,3.59,3.71,3.54,3.61,100088,0
2017-11-16,17:00:00,3.61,3.66,3.6,3.65,45084,0
2017-11-16,18:00:00,3.65,3.7,3.65,3.66,37006,0
2017-11-16,19:00:00,3.656,3.67,3.62,3.67,16739,0
2017-11-16,20:00:00,3.67,3.69,3.59,3.6,84919,0
2017-11-16,21:00:00,3.61,3.61,3.55,3.58,37661,0
2017-11-16,22:00:00,3.58,3.63,3.58,3.59,67835,0
2017-11-17,16:00:00,3.62,3.67,3.62,3.655,24789,0
2017-11-17,17:00:00,3.655,3.87,3.65,3.8359,166273,0
2017-11-17,18:00:00,3.83,3.845,3.76,3.79,106020,0
2017-11-17,19:00:00,3.7999,3.7999,3.68,3.6858,77814,0
2017-11-17,20:00:00,3.689,3.73,3.67,3.72,82990,0
2017-11-17,21:00:00,3.73,3.74,3.69,3.73,30821,0
2017-11-17,22:00:00,3.74,3.74,3.67,3.7,137611,0
2017-11-20,16:00:00,3.7,3.77,3.69,3.72,25078,0
2017-11-20,17:00:00,3.7225,3.7225,3.66,3.69,22022,0
2017-11-20,18:00:00,3.69,3.7,3.69,3.7,23683,0
2017-11-20,19:00:00,3.7,3.7,3.6716,3.68,10856,0
2017-11-20,20:00:00,3.68,3.71,3.6712,3.7,21466,0
2017-11-20,21:00:00,3.7,3.7,3.69,3.7,42953,0
2017-11-20,22:00:00,3.7,3.71,3.685,3.69,94342,0
2017-11-21,16:00:00,3.68,3.73,3.66,3.665,72538,0
2017-11-21,17:00:00,3.66,3.68,3.64,3.65,47766,0
2017-11-21,18:00:00,3.645,3.65,3.62,3.64,32663,0
2017-11-21,19:00:00,3.64,3.65,3.61,3.65,42286,0
2017-11-21,20:00:00,3.65,3.65,3.63,3.65,32823,0
2017-11-21,21:00:00,3.645,3.66,3.6315,3.65,32450,0
2017-11-21,22:00:00,3.64,3.67,3.63,3.63,93169,0
2017-11-22,16:00:00,3.64,3.71,3.64,3.66,46164,0
2017-11-22,17:00:00,3.68,3.72,3.67,3.67,41174,0
2017-11-22,18:00:00,3.67,3.7,3.6399,3.65,101517,0
2017-11-22,19:00:00,3.65,3.655,3.62,3.63,74207,0
2017-11-22,20:00:00,3.62,3.66,3.62,3.65,43685,0
2017-11-22,21:00:00,3.65,3.655,3.64,3.65,41729,0
2017-11-22,22:00:00,3.65,3.65,3.635,3.64,69004,0
2017-11-24,16:00:00,3.62,3.68,3.62,3.68,38173,0
2017-11-24,17:00:00,3.68,3.71,3.665,3.71,62707,0
2017-11-24,18:00:00,3.7045,3.71,3.7,3.7062,46220,0
2017-11-24,19:00:00,3.71,3.71,3.675,3.7,83106,0
2017-11-24,20:00:00,3.7,3.7,3.7,3.7,6642,0
2017-11-27,16:00:00,3.9,3.99,3.78,3.82,389381,0
2017-11-27,17:00:00,3.81,3.86,3.77,3.79,207851,0
2017-11-27,18:00:00,3.8,3.835,3.72,3.795,210593,0
2017-11-27,19:00:00,3.8,3.8,3.775,3.8,77877,0
2017-11-27,20:00:00,3.7992,3.88,3.795,3.88,211134,0
2017-11-27,21:00:00,3.88,3.93,3.88,3.91,91635,0
2017-11-27,22:00:00,3.91,3.98,3.84,3.84,438198,0
2017-11-28,16:00:00,3.95,3.95,3.8508,3.9,98549,0
2017-11-28,17:00:00,3.895,3.98,3.89,3.97,147916,0
2017-11-28,18:00:00,3.98,4.1,3.98,4.015,246459,0
2017-11-28,19:00:00,4.02,4.03,3.87,3.875,190418,0
2017-11-28,20:00:00,3.87,3.9,3.79,3.87,290783,0
2017-11-28,21:00:00,3.87,3.975,3.86,3.955,118413,0
2017-11-28,22:00:00,3.95,3.98,3.86,3.89,293102,0
2017-11-29,16:00:00,3.95,4.02,3.91,4,195607,0
2017-11-29,17:00:00,4,4,3.91,3.94,189453,0
2017-11-29,18:00:00,3.94,3.95,3.9201,3.93,77606,0
2017-11-29,19:00:00,3.93,3.94,3.895,3.93,53874,0
2017-11-29,20:00:00,3.9279,3.96,3.86,3.86,75477,0
2017-11-29,21:00:00,3.85,3.86,3.6758,3.715,410728,0
2017-11-29,22:00:00,3.715,3.765,3.52,3.54,4105345,0
2017-11-30,16:00:00,3.54,3.65,3.44,3.5,159763,0
2017-11-30,17:00:00,3.497,3.53,3.48,3.49,187876,0
2017-11-30,18:00:00,3.495,3.5,3.48,3.5,104342,0
2017-11-30,19:00:00,3.5,3.57,3.49,3.53,162538,0
2017-11-30,20:00:00,3.53,3.54,3.49,3.51,106577,0
2017-11-30,21:00:00,3.515,3.618,3.4901,3.6,207652,0
2017-11-30,22:00:00,3.6,3.63,3.57,3.57,201408,0
2017-12-01,16:00:00,3.55,3.56,3.48,3.5,122952,0
2017-12-01,17:00:00,3.5,3.53,3.41,3.43,241672,0
2017-12-01,18:00:00,3.43,3.47,3.33,3.4,276612,0
2017-12-01,19:00:00,3.3939,3.47,3.3939,3.465,59085,0
2017-12-01,20:00:00,3.4699,3.5,3.45,3.5,90861,0
2017-12-01,21:00:00,3.4931,3.5,3.46,3.49,62798,0
2017-12-01,22:00:00,3.49,3.5,3.475,3.485,98098,0
2017-12-04,16:00:00,3.54,3.6,3.473,3.59,89191,0
2017-12-04,17:00:00,3.59,3.59,3.48,3.5,91674,0
2017-12-04,18:00:00,3.509,3.525,3.47,3.5,114515,0
2017-12-04,19:00:00,3.5,3.52,3.49,3.49,38404,0
2017-12-04,20:00:00,3.5,3.5,3.4,3.4014,51772,0
2017-12-04,21:00:00,3.405,3.42,3.34,3.35,121135,0
2017-12-04,22:00:00,3.345,3.35,3.29,3.33,208342,0
2017-12-05,16:00:00,3.33,3.4475,3.31,3.4299,54126,0
2017-12-05,17:00:00,3.44,3.45,3.325,3.35,59926,0
2017-12-05,18:00:00,3.3475,3.435,3.34,3.405,114515,0
2017-12-05,19:00:00,3.405,3.46,3.3668,3.43,79224,0
2017-12-05,20:00:00,3.425,3.45,3.41,3.4299,31701,0
2017-12-05,21:00:00,3.43,3.44,3.36,3.3738,34535,0
2017-12-05,22:00:00,3.3753,3.38,3.3,3.33,146529,0
2017-12-06,16:00:00,3.51,3.62,3.46,3.56,392513,0
2017-12-06,17:00:00,3.555,3.62,3.47,3.5599,754162,0
2017-12-06,18:00:00,3.55,3.55,3.42,3.425,199584,0
2017-12-06,19:00:00,3.43,3.46,3.38,3.425,113931,0
2017-12-06,20:00:00,3.4293,3.5,3.41,3.495,121478,0
2017-12-06,21:00:00,3.495,3.5,3.47,3.485,65183,0
2017-12-06,22:00:00,3.49,3.505,3.45,3.46,228026,0
2017-12-07,16:00:00,3.43,3.54,3.4204,3.54,108077,0
2017-12-07,17:00:00,3.54,3.68,3.54,3.6,182523,0
2017-12-07,18:00:00,3.6,3.62,3.57,3.6,207709,0
2017-12-07,19:00:00,3.6,3.6,3.59,3.6,89865,0
2017-12-07,20:00:00,3.6,3.625,3.57,3.59,139312,0
2017-12-07,21:00:00,3.6,3.68,3.59,3.66,526732,0
2017-12-07,22:00:00,3.67,3.67,3.5828,3.6,474305,0
2017-12-08,16:00:00,3.57,3.5942,3.455,3.54,161067,0
2017-12-08,17:00:00,3.55,3.56,3.4,3.42,130175,0
2017-12-08,18:00:00,3.42,3.52,3.4099,3.5,102665,0
2017-12-08,19:00:00,3.5,3.51,3.48,3.485,43223,0
2017-12-08,20:00:00,3.48,3.52,3.48,3.5,63458,0
2017-12-08,21:00:00,3.5,3.51,3.49,3.49,86238,0
2017-12-08,22:00:00,3.49,3.5,3.43,3.45,285917,0
2017-12-11,16:00:00,3.45,3.4884,3.37,3.38,128146,0
2017-12-11,17:00:00,3.386,3.5,3.38,3.4961,155049,0
2017-12-11,18:00:00,3.498,3.575,3.48,3.57,150831,0
2017-12-11,19:00:00,3.57,3.595,3.54,3.585,146699,0
2017-12-11,20:00:00,3.585,3.595,3.53,3.5475,117286,0
2017-12-11,21:00:00,3.5453,3.55,3.52,3.53,68770,0
2017-12-11,22:00:00,3.53,3.54,3.51,3.51,151079,0
2017-12-12,16:00:00,3.54,3.58,3.44,3.4667,46643,0
2017-12-12,17:00:00,3.47,3.55,3.45,3.55,78434,0
2017-12-12,18:00:00,3.55,3.65,3.53,3.56,103794,0
2017-12-12,19:00:00,3.56,3.57,3.53,3.53,74151,0
2017-12-12,20:00:00,3.53,3.54,3.5,3.51,78197,0
2017-12-12,21:00:00,3.51,3.55,3.5,3.5,78114,0
2017-12-12,22:00:00,3.505,3.6,3.48,3.55,357510,0
2017-12-13,16:00:00,3.3,3.4,3.01,3.18,571250,0
2017-12-13,17:00:00,3.18,3.39,3.16,3.31,401611,0
2017-12-13,18:00:00,3.3,3.33,3.24,3.3,202107,0
2017-12-13,19:00:00,3.3,3.335,3.25,3.275,203320,0
2017-12-13,20:00:00,3.28,3.32,3.26,3.265,132797,0
2017-12-13,21:00:00,3.27,3.4,3.2647,3.37,201600,0
2017-12-13,22:00:00,3.37,3.41,3.35,3.4,229186,0
2017-12-14,16:00:00,3.41,3.42,3.25,3.2863,119113,0
2017-12-14,17:00:00,3.2872,3.37,3.19,3.265,320448,0
2017-12-14,18:00:00,3.265,3.28,3.22,3.235,128660,0
2017-12-14,19:00:00,3.235,3.235,3.14,3.15,226021,0
2017-12-14,20:00:00,3.15,3.15,3.05,3.06,211303,0
2017-12-14,21:00:00,3.055,3.16,3.05,3.16,223785,0
2017-12-14,22:00:00,3.1564,3.19,3.14,3.15,408822,0
2017-12-15,16:00:00,3.19,3.2,3.08,3.17,94602,0
2017-12-15,17:00:00,3.16,3.19,3.14,3.165,88686,0
2017-12-15,18:00:00,3.17,3.17,3.1101,3.15,185845,0
2017-12-15,19:00:00,3.15,3.17,3.125,3.17,102126,0
2017-12-15,20:00:00,3.17,3.19,3.14,3.19,67985,0
2017-12-15,21:00:00,3.18,3.2,3.171,3.185,50240,0
2017-12-15,22:00:00,3.19,3.19,3.14,3.14,676819,0
2017-12-18,16:00:00,3.15,3.25,3.1461,3.24,75621,0
2017-12-18,17:00:00,3.24,3.24,3.205,3.21,129358,0
2017-12-18,18:00:00,3.205,3.26,3.18,3.24,186620,0
2017-12-18,19:00:00,3.245,3.25,3.23,3.235,58306,0
2017-12-18,20:00:00,3.24,3.25,3.22,3.24,62354,0
2017-12-18,21:00:00,3.24,3.395,3.23,3.305,484753,0
2017-12-18,22:00:00,3.3,3.32,3.225,3.23,208448,0
2017-12-19,16:00:00,3.25,3.31,3.2271,3.3,63490,0
2017-12-19,17:00:00,3.3,3.38,3.29,3.355,149453,0
2017-12-19,18:00:00,3.35,3.36,3.3101,3.34,154274,0
2017-12-19,19:00:00,3.34,3.34,3.295,3.305,143063,0
2017-12-19,20:00:00,3.305,3.37,3.29,3.37,190555,0
2017-12-19,21:00:00,3.36,3.37,3.32,3.325,144315,0
2017-12-19,22:00:00,3.325,3.35,3.25,3.25,225970,0
2017-12-20,16:00:00,3.29,3.36,3.27,3.305,27637,0
2017-12-20,17:00:00,3.3,3.36,3.29,3.35,88364,0
2017-12-20,18:00:00,3.35,3.575,3.33,3.55,446583,0
2017-12-20,19:00:00,3.5402,3.585,3.49,3.515,374234,0
2017-12-20,20:00:00,3.515,3.52,3.46,3.49,183288,0
2017-12-20,21:00:00,3.49,3.49,3.44,3.442,114843,0
2017-12-20,22:00:00,3.4498,3.46,3.41,3.43,102836,0
2017-12-21,16:00:00,3.4,3.52,3.4,3.48,64434,0
2017-12-21,17:00:00,3.475,3.5398,3.45,3.495,142025,0
2017-12-21,18:00:00,3.495,3.5,3.42,3.425,127754,0
2017-12-21,19:00:00,3.425,3.49,3.42,3.43,198374,0
2017-12-21,20:00:00,3.435,3.435,3.41,3.415,43784,0
2017-12-21,21:00:00,3.41,3.44,3.38,3.41,254986,0
2017-12-21,22:00:00,3.41,3.44,3.37,3.38,247349,0
2017-12-22,16:00:00,3.45,3.64,3.424,3.595,228102,0
2017-12-22,17:00:00,3.595,3.81,3.59,3.805,629336,0
2017-12-22,18:00:00,3.8076,3.8267,3.73,3.785,275828,0
2017-12-22,19:00:00,3.785,3.81,3.75,3.795,245350,0
2017-12-22,20:00:00,3.8,3.81,3.64,3.6801,160156,0
2017-12-22,21:00:00,3.69,3.75,3.68,3.73,102568,0
2017-12-22,22:00:00,3.735,3.76,3.7,3.7,266756,0
2017-12-26,16:00:00,3.7,3.79,3.62,3.75,91991,0
2017-12-26,17:00:00,3.74,3.83,3.73,3.81,152966,0
2017-12-26,18:00:00,3.82,3.83,3.79,3.82,109033,0
2017-12-26,19:00:00,3.81,3.85,3.785,3.82,176882,0
2017-12-26,20:00:00,3.82,3.86,3.79,3.85,111589,0
2017-12-26,21:00:00,3.845,3.86,3.79,3.8,121899,0
2017-12-26,22:00:00,3.8,3.85,3.77,3.79,253487,0
2017-12-27,16:00:00,3.82,3.88,3.761,3.855,79780,0
2017-12-27,17:00:00,3.8501,3.89,3.84,3.85,172112,0
2017-12-27,18:00:00,3.85,3.89,3.83,3.88,114368,0
2017-12-27,19:00:00,3.89,3.9,3.87,3.885,84826,0
2017-12-27,20:00:00,3.88,3.91,3.86,3.9,157246,0
2017-12-27,21:00:00,3.9089,3.91,3.86,3.89,188887,0
2017-12-27,22:00:00,3.885,3.9,3.83,3.84,415243,0
2017-12-28,16:00:00,3.86,3.93,3.86,3.91,72441,0
2017-12-28,17:00:00,3.9,3.92,3.89,3.9,131238,0
2017-12-28,18:00:00,3.905,4,3.9,3.97,131588,0
2017-12-28,19:00:00,3.9626,3.99,3.94,3.97,100180,0
2017-12-28,20:00:00,3.975,4.03,3.97,3.99,317444,0
2017-12-28,21:00:00,4,4.01,3.97,3.99,135680,0
2017-12-28,22:00:00,3.99,3.99,3.94,3.97,189535,0
2017-12-29,16:00:00,4,4.04,3.915,3.96,62754,0
2017-12-29,17:00:00,3.955,3.955,3.71,3.73,317748,0
2017-12-29,18:00:00,3.73,3.81,3.73,3.75,124292,0
2017-12-29,19:00:00,3.75,3.75,3.65,3.69,174087,0
2017-12-29,20:00:00,3.69,3.82,3.68,3.78,208401,0
2017-12-29,21:00:00,3.77,3.82,3.75,3.77,152059,0
2017-12-29,22:00:00,3.7701,3.78,3.665,3.68,271750,0
2018-01-02,16:00:00,3.69,3.71,3.57,3.6899,136359,0
2018-01-02,17:00:00,3.69,3.79,3.69,3.79,77550,0
2018-01-02,18:00:00,3.8,3.83,3.78,3.78,54525,0
2018-01-02,19:00:00,3.79,3.79,3.7,3.7401,92689,0
2018-01-02,20:00:00,3.74,3.75,3.69,3.7,74610,0
2018-01-02,21:00:00,3.7,3.75,3.68,3.71,109680,0
2018-01-02,22:00:00,3.71,3.75,3.69,3.72,198342,0
2018-01-03,16:00:00,3.79,3.87,3.77,3.79,129033,0
2018-01-03,17:00:00,3.7899,4.2,3.7899,4.1507,644776,0
2018-01-03,18:00:00,4.155,4.48,4.08,4.4562,1327698,0
2018-01-03,19:00:00,4.4599,4.88,4.45,4.76,1924197,0
2018-01-03,20:00:00,4.76,4.83,4.6601,4.69,572754,0
2018-01-03,21:00:00,4.68,4.74,4.57,4.625,389977,0
2018-01-03,22:00:00,4.625,4.76,4.615,4.64,764806,0
2018-01-04,16:00:00,4.58,5.13,4.5,5.0701,1009235,0
2018-01-04,17:00:00,5.07,5.13,4.9,4.91,935285,0
2018-01-04,18:00:00,4.91,4.93,4.71,4.75,479277,0
2018-01-04,19:00:00,4.75,4.95,4.73,4.9,293509,0
2018-01-04,20:00:00,4.9,5,4.8982,4.925,137700,0
2018-01-04,21:00:00,4.94,4.95,4.83,4.83,137112,0
2018-01-04,22:00:00,4.83,4.87,4.81,4.85,287317,0
2018-01-05,16:00:00,4.86,4.95,4.66,4.84,266784,0
2018-01-05,17:00:00,4.84,5.23,4.83,5.085,852486,0
2018-01-05,18:00:00,5.0844,5.11,4.97,5.03,287408,0
2018-01-05,19:00:00,5.03,5.03,4.91,4.92,100040,0
2018-01-05,20:00:00,4.9199,4.93,4.87,4.895,129737,0
2018-01-05,21:00:00,4.9,4.9,4.825,4.84,135777,0
2018-01-05,22:00:00,4.85,4.89,4.79,4.87,434430,0
2018-01-08,16:00:00,4.88,4.88,4.625,4.6499,305008,0
2018-01-08,17:00:00,4.65,4.79,4.46,4.7,1028812,0
2018-01-08,18:00:00,4.7,4.72,4.59,4.62,160602,0
2018-01-08,19:00:00,4.61,4.62,4.48,4.5,356746,0
2018-01-08,20:00:00,4.495,4.52,4.37,4.515,364494,0
2018-01-08,21:00:00,4.52,4.54,4.455,4.54,117434,0
2018-01-08,22:00:00,4.535,4.56,4.53,4.55,255977,0
2018-01-09,16:00:00,4.58,4.9,4.55,4.84,318143,0
2018-01-09,17:00:00,4.8302,4.85,4.585,4.61,243225,0
2018-01-09,18:00:00,4.61,4.6118,4.56,4.58,160171,0
2018-01-09,19:00:00,4.575,4.62,4.455,4.595,223096,0
2018-01-09,20:00:00,4.6,4.63,4.58,4.585,101786,0
2018-01-09,21:00:00,4.59,4.65,4.58,4.626,126040,0
2018-01-09,22:00:00,4.63,4.64,4.61,4.62,203903,0
2018-01-10,16:00:00,4.57,4.71,4.55,4.69,119981,0
2018-01-10,17:00:00,4.68,4.69,4.47,4.5,168734,0
2018-01-10,18:00:00,4.49,4.63,4.49,4.5701,228957,0
2018-01-10,19:00:00,4.57,4.575,4.4134,4.44,447214,0
2018-01-10,20:00:00,4.45,4.48,4.35,4.4,449606,0
2018-01-10,21:00:00,4.4,4.42,4.31,4.34,145020,0
2018-01-10,22:00:00,4.345,4.4,4.32,4.4,341547,0
2018-01-11,16:00:00,4.44,4.61,4.37,4.58,203205,0
2018-01-11,17:00:00,4.58,4.82,4.54,4.81,628914,0
2018-01-11,18:00:00,4.805,5.079,4.79,4.98,857798,0
2018-01-11,19:00:00,4.97,4.97,4.8401,4.8401,244538,0
2018-01-11,20:00:00,4.845,5.07,4.825,5.04,443393,0
2018-01-11,21:00:00,5.04,5.47,5.03,5.21,1446222,0
2018-01-11,22:00:00,5.205,5.225,4.96,5.04,916975,0
2018-01-12,16:00:00,5.17,5.6,5.0106,5.5257,694184,0
2018-01-12,17:00:00,5.52,5.96,5.41,5.85,1898547,0
2018-01-12,18:00:00,5.86,6.25,5.68,5.77,2389724,0
2018-01-12,19:00:00,5.77,5.91,5.74,5.7838,581146,0
2018-01-12,20:00:00,5.785,5.785,5.59,5.62,435128,0
2018-01-12,21:00:00,5.62,5.84,5.62,5.825,547928,0
2018-01-12,22:00:00,5.825,5.8299,5.67,5.73,595978,0
2018-01-16,16:00:00,5.9,5.91,5.51,5.56,520009,0
2018-01-16,17:00:00,5.56,5.75,5.54,5.64,442039,0
2018-01-16,18:00:00,5.645,5.67,5.41,5.46,371764,0
2018-01-16,19:00:00,5.46,5.4947,5.3041,5.33,293123,0
2018-01-16,20:00:00,5.335,5.57,5.31,5.53,318203,0
2018-01-16,21:00:00,5.54,5.63,5.53,5.555,232538,0
2018-01-16,22:00:00,5.56,5.63,5.51,5.6,618786,0
2018-01-17,16:00:00,5.59,5.72,5.4601,5.47,125807,0
2018-01-17,17:00:00,5.4888,5.5201,5.37,5.415,207210,0
2018-01-17,18:00:00,5.42,5.442,5.37,5.405,84532,0
2018-01-17,19:00:00,5.4,5.48,5.4,5.45,110056,0
2018-01-17,20:00:00,5.45,5.69,5.45,5.6899,188204,0
2018-01-17,21:00:00,5.7,5.86,5.6447,5.81,468211,0
2018-01-17,22:00:00,5.815,5.86,5.66,5.72,524867,0
2018-01-18,16:00:00,5.41,5.75,5.4,5.62,1085640,0
2018-01-18,17:00:00,5.625,5.7,5.535,5.56,806893,0
2018-01-18,18:00:00,5.565,5.585,5.41,5.48,784400,0
2018-01-18,19:00:00,5.49,5.5667,5.44,5.53,268633,0
2018-01-18,20:00:00,5.54,5.6475,5.52,5.585,265767,0
2018-01-18,21:00:00,5.58,5.74,5.57,5.7,412023,0
2018-01-18,22:00:00,5.71,5.81,5.61,5.72,1138985,0
2018-01-19,16:00:00,5.82,5.94,5.74,5.8988,433429,0
2018-01-19,17:00:00,5.895,6.1,5.8238,6.045,834685,0
2018-01-19,18:00:00,6.04,6.1,6.0015,6.085,475347,0
2018-01-19,19:00:00,6.0864,6.4,6.08,6.37,1169695,0
2018-01-19,20:00:00,6.3601,6.375,6.21,6.3,641876,0
2018-01-19,21:00:00,6.29,6.31,6.06,6.13,357098,0
2018-01-19,22:00:00,6.13,6.29,6.08,6.29,614375,0
2018-01-22,16:00:00,6.31,6.7,6.27,6.6126,617443,0
2018-01-22,17:00:00,6.61,6.75,6.54,6.56,618256,0
2018-01-22,18:00:00,6.57,6.57,6.27,6.42,541239,0
2018-01-22,19:00:00,6.42,6.61,6.38,6.5091,270522,0
2018-01-22,20:00:00,6.51,6.53,6.42,6.53,149486,0
2018-01-22,21:00:00,6.5299,6.56,6.46,6.49,210163,0
2018-01-22,22:00:00,6.49,6.51,6.34,6.39,481656,0
2018-01-23,16:00:00,6.46,6.59,6.37,6.4,359503,0
2018-01-23,17:00:00,6.4,6.41,6.2676,6.3,361494,0
2018-01-23,18:00:00,6.305,6.39,6.3,6.35,283161,0
2018-01-23,19:00:00,6.36,6.39,6.2999,6.315,178142,0
2018-01-23,20:00:00,6.31,6.36,6.275,6.29,232333,0
2018-01-23,21:00:00,6.29,6.37,6.24,6.3,364172,0
2018-01-23,22:00:00,6.3,6.32,6.27,6.28,361631,0
2018-01-24,16:00:00,6.31,6.43,6.21,6.3,161754,0
2018-01-24,17:00:00,6.3001,6.31,5.97,6.01,404421,0
2018-01-24,18:00:00,6.01,6.07,5.86,5.95,481930,0
2018-01-24,19:00:00,5.941,6.03,5.86,5.8666,256332,0
2018-01-24,20:00:00,5.8698,6.08,5.835,6.05,263915,0
2018-01-24,21:00:00,6.0531,6.13,6.0499,6.1059,172632,0
2018-01-24,22:00:00,6.11,6.11,6.03,6.11,230703,0
2018-01-25,16:00:00,6.19,6.19,6.06,6.09,66314,0
2018-01-25,17:00:00,6.0936,6.2486,6.09,6.19,178705,0
2018-01-25,18:00:00,6.189,6.3545,6.185,6.315,200547,0
2018-01-25,19:00:00,6.32,6.38,6.3,6.31,91129,0
2018-01-25,20:00:00,6.31,6.33,6.28,6.325,74938,0
2018-01-25,21:00:00,6.32,6.35,6.25,6.29,111562,0
2018-01-25,22:00:00,6.3,6.305,6.24,6.29,190751,0
2018-01-26,16:00:00,6.29,6.35,6.2195,6.29,85173,0
2018-01-26,17:00:00,6.29,6.31,6.22,6.285,87969,0
2018-01-26,18:00:00,6.285,6.285,6.11,6.15,157392,0
2018-01-26,19:00:00,6.1489,6.16,6.13,6.155,68630,0
2018-01-26,20:00:00,6.155,6.18,6.135,6.175,40542,0
2018-01-26,21:00:00,6.175,6.2,6.17,6.17,42587,0
2018-01-26,22:00:00,6.18,6.2,6.12,6.12,237264,0
2018-01-29,16:00:00,6.24,6.27,6.06,6.14,101050,0
2018-01-29,17:00:00,6.155,6.25,6.12,6.2,151941,0
2018-01-29,18:00:00,6.21,6.27,6.16,6.225,136501,0
2018-01-29,19:00:00,6.225,6.3,6.21,6.2701,80770,0
2018-01-29,20:00:00,6.27,6.325,6.25,6.285,63421,0
2018-01-29,21:00:00,6.29,6.29,6.23,6.26,50067,0
2018-01-29,22:00:00,6.255,6.26,6.16,6.17,259251,0
2018-01-30,16:00:00,6.1,6.11,5.87,6.03,157054,0
2018-01-30,17:00:00,6.04,6.16,6,6.13,177209,0
2018-01-30,18:00:00,6.14,6.175,6.01,6.0101,142052,0
2018-01-30,19:00:00,6.0168,6.11,6,6.1,168832,0
2018-01-30,20:00:00,6.1,6.195,6.09,6.1743,77597,0
2018-01-30,21:00:00,6.18,6.18,6.08,6.11,81323,0
2018-01-30,22:00:00,6.1101,6.18,6.09,6.14,423854,0
2018-01-31,16:00:00,6.23,6.35,6.16,6.265,107597,0
2018-01-31,17:00:00,6.27,6.285,6.11,6.13,82597,0
2018-01-31,18:00:00,6.13,6.15,6.03,6.03,125476,0
2018-01-31,19:00:00,6.035,6.15,6.035,6.12,85408,0
2018-01-31,20:00:00,6.12,6.17,6.12,6.13,40165,0
2018-01-31,21:00:00,6.1201,6.18,6.12,6.15,91928,0
2018-01-31,22:00:00,6.15,6.19,6.12,6.18,170665,0
2018-02-01,16:00:00,6.15,6.275,6.1,6.25,66052,0
2018-02-01,17:00:00,6.23,6.2608,6.12,6.165,213638,0
2018-02-01,18:00:00,6.17,6.19,6.08,6.1,76244,0
2018-02-01,19:00:00,6.1,6.16,6.09,6.15,68603,0
2018-02-01,20:00:00,6.15,6.24,6.15,6.19,70123,0
2018-02-01,21:00:00,6.19,6.2,6.14,6.1649,53815,0
2018-02-01,22:00:00,6.165,6.17,6.11,6.15,136993,0
2018-02-02,16:00:00,6.03,6.15,6.0199,6.0299,132460,0
2018-02-02,17:00:00,6.03,6.035,5.83,5.93,152801,0
2018-02-02,18:00:00,5.94,6.05,5.92,6.02,125738,0
2018-02-02,19:00:00,6.01,6.12,6,6.04,42411,0
2018-02-02,20:00:00,6.04,6.13,6.03,6.13,76071,0
2018-02-02,21:00:00,6.13,6.13,6.02,6.04,69758,0
2018-02-02,22:00:00,6.04,6.05,5.885,5.9,584857,0
2018-02-05,16:00:00,5.81,5.87,5.66,5.79,166962,0
2018-02-05,17:00:00,5.795,5.84,5.68,5.7999,142050,0
2018-02-05,18:00:00,5.79,5.8,5.68,5.7601,131440,0
2018-02-05,19:00:00,5.77,5.8,5.7,5.77,72411,0
2018-02-05,20:00:00,5.76,5.76,5.56,5.61,142106,0
2018-02-05,21:00:00,5.62,5.65,5.56,5.61,124257,0
2018-02-05,22:00:00,5.6,5.65,5.41,5.45,375072,0
2018-02-06,16:00:00,5.36,5.4,5.14,5.35,210774,0
2018-02-06,17:00:00,5.35,5.47,5.23,5.36,228881,0
2018-02-06,18:00:00,5.36,5.45,5.34,5.4,144061,0
2018-02-06,19:00:00,5.405,5.54,5.36,5.47,128028,0
2018-02-06,20:00:00,5.475,5.555,5.43,5.5,70468,0
2018-02-06,21:00:00,5.495,5.715,5.495,5.685,144380,0
2018-02-06,22:00:00,5.685,5.73,5.615,5.71,379063,0
2018-02-07,16:00:00,5.69,5.96,5.67,5.95,116185,0
2018-02-07,17:00:00,5.9599,6.09,5.92,6.03,207889,0
2018-02-07,18:00:00,6.035,6.1136,5.98,6.03,174538,0
2018-02-07,19:00:00,6.05,6.05,5.901,5.925,76017,0
2018-02-07,20:00:00,5.9201,5.945,5.88,5.94,91812,0
2018-02-07,21:00:00,5.935,6.01,5.89,5.9399,83173,0
2018-02-07,22:00:00,5.94,6,5.84,5.86,236632,0
2018-02-08,16:00:00,5.92,6.04,5.88,5.97,108381,0
2018-02-08,17:00:00,5.96,6.04,5.84,5.86,85920,0
2018-02-08,18:00:00,5.86,5.87,5.7,5.73,129252,0
2018-02-08,19:00:00,5.735,5.75,5.63,5.675,79363,0
2018-02-08,20:00:00,5.675,5.82,5.67,5.8,81660,0
2018-02-08,21:00:00,5.8,5.8,5.75,5.79,52811,0
2018-02-08,22:00:00,5.79,5.81,5.66,5.66,195800,0
2018-02-09,16:00:00,5.75,5.98,5.72,5.83,111804,0
2018-02-09,17:00:00,5.84,5.9,5.64,5.65,92909,0
2018-02-09,18:00:00,5.65,5.66,5.53,5.58,71630,0
2018-02-09,19:00:00,5.5828,5.6,5.399,5.47,142214,0
2018-02-09,20:00:00,5.46,5.59,5.38,5.57,76294,0
2018-02-09,21:00:00,5.57,5.67,5.5,5.55,162324,0
2018-02-09,22:00:00,5.55,5.65,5.46,5.59,451573,0
2018-02-12,16:00:00,5.42,5.61,5.33,5.51,290003,0
2018-02-12,17:00:00,5.53,5.65,5.42,5.6,153664,0
2018-02-12,18:00:00,5.61,5.65,5.37,5.51,245747,0
2018-02-12,19:00:00,5.51,5.59,5.45,5.55,134406,0
2018-02-12,20:00:00,5.55,5.58,5.47,5.57,50072,0
2018-02-12,21:00:00,5.57,5.57,5.4,5.4,196721,0
2018-02-12,22:00:00,5.42,5.52,5.3,5.31,431363,0
2018-02-13,16:00:00,5.2,5.31,4.78,4.89,414659,0
2018-02-13,17:00:00,4.89,5.19,4.78,5.12,360215,0
2018-02-13,18:00:00,5.11,5.19,5.061,5.185,132010,0
2018-02-13,19:00:00,5.1899,5.27,5.145,5.26,88306,0
2018-02-13,20:00:00,5.26,5.365,5.24,5.3,216639,0
2018-02-13,21:00:00,5.3,5.42,5.28,5.285,147454,0
2018-02-13,22:00:00,5.285,5.285,5.15,5.16,475710,0
2018-02-14,16:00:00,5.1,5.15,5.03,5.1,74122,0
2018-02-14,17:00:00,5.1,5.28,5.1,5.28,81309,0
2018-02-14,18:00:00,5.285,5.37,5.27,5.37,68282,0
2018-02-14,19:00:00,5.37,5.42,5.295,5.36,71399,0
2018-02-14,20:00:00,5.36,5.495,5.35,5.43,86596,0
2018-02-14,21:00:00,5.4268,5.52,5.4051,5.48,130922,0
2018-02-14,22:00:00,5.475,5.55,5.47,5.47,215186,0
2018-02-15,16:00:00,5.51,5.589,5.43,5.43,167077,0
2018-02-15,17:00:00,5.41,5.62,5.41,5.46,184592,0
2018-02-15,18:00:00,5.45,5.565,5.45,5.53,105028,0
2018-02-15,19:00:00,5.54,5.625,5.52,5.6,280876,0
2018-02-15,20:00:00,5.6,5.65,5.57,5.58,98099,0
2018-02-15,21:00:00,5.58,5.7396,5.58,5.725,146664,0
2018-02-15,22:00:00,5.73,5.9,5.72,5.83,267962,0
2018-02-16,16:00:00,5.85,5.95,5.84,5.91,106918,0
2018-02-16,17:00:00,5.9309,5.94,5.79,5.8,156596,0
2018-02-16,18:00:00,5.81,5.81,5.67,5.67,132606,0
2018-02-16,19:00:00,5.67,5.685,5.6,5.63,134797,0
2018-02-16,20:00:00,5.63,5.645,5.46,5.55,220381,0
2018-02-16,21:00:00,5.55,5.59,5.47,5.58,94643,0
2018-02-16,22:00:00,5.58,5.63,5.54,5.57,232399,0
2018-02-20,16:00:00,5.48,5.75,5.48,5.705,94755,0
2018-02-20,17:00:00,5.71,5.83,5.7,5.7,163483,0
2018-02-20,18:00:00,5.705,5.81,5.705,5.77,96171,0
2018-02-20,19:00:00,5.77,5.78,5.72,5.75,64878,0
2018-02-20,20:00:00,5.76,5.77,5.71,5.76,52319,0
2018-02-20,21:00:00,5.77,5.79,5.68,5.71,61470,0
2018-02-20,22:00:00,5.705,5.71,5.61,5.65,120565,0
2018-02-21,16:00:00,5.65,5.81,5.63,5.67,63452,0
2018-02-21,17:00:00,5.6656,5.67,5.58,5.6,80830,0
2018-02-21,18:00:00,5.61,5.675,5.6014,5.6249,105532,0
2018-02-21,19:00:00,5.6236,5.63,5.565,5.62,39954,0
2018-02-21,20:00:00,5.62,5.69,5.6,5.67,51806,0
2018-02-21,21:00:00,5.66,5.7101,5.6273,5.66,144308,0
2018-02-21,22:00:00,5.65,5.655,5.53,5.54,203084,0
2018-02-22,16:00:00,5.63,5.74,5.55,5.57,39344,0
2018-02-22,17:00:00,5.57,5.62,5.525,5.61,60966,0
2018-02-22,18:00:00,5.62,5.71,5.62,5.64,112862,0
2018-02-22,19:00:00,5.64,5.66,5.58,5.59,68074,0
2018-02-22,20:00:00,5.585,5.6,5.5,5.515,70498,0
2018-02-22,21:00:00,5.51,5.59,5.51,5.53,82322,0
2018-02-22,22:00:00,5.54,5.59,5.52,5.54,158518,0
2018-02-23,16:00:00,5.61,5.62,5.5,5.51,46134,0
2018-02-23,17:00:00,5.5,5.5,5.35,5.385,189401,0
2018-02-23,18:00:00,5.38,5.59,5.38,5.555,114791,0
2018-02-23,19:00:00,5.555,5.64,5.555,5.62,58743,0
2018-02-23,20:00:00,5.62,5.75,5.6,5.7,148675,0
2018-02-23,21:00:00,5.69,5.79,5.66,5.76,138987,0
2018-02-23,22:00:00,5.76,5.808,5.75,5.8,188021,0
2018-02-26,16:00:00,5.86,6.2,5.86,6.1199,208901,0
2018-02-26,17:00:00,6.12,6.35,6.11,6.29,308229,0
2018-02-26,18:00:00,6.28,6.4393,6.23,6.4101,271161,0
2018-02-26,19:00:00,6.41,6.56,6.32,6.3401,404735,0
2018-02-26,20:00:00,6.35,6.59,6.2639,6.58,419199,0
2018-02-26,21:00:00,6.5828,6.68,6.49,6.515,464714,0
2018-02-26,22:00:00,6.525,6.59,6.5,6.56,346545,0
2018-02-27,16:00:00,6.62,6.8,6.4998,6.57,453766,0
2018-02-27,17:00:00,6.56,6.5684,6.39,6.49,341856,0
2018-02-27,18:00:00,6.4832,6.49,6.395,6.43,155932,0
2018-02-27,19:00:00,6.425,6.46,6.33,6.435,121925,0
2018-02-27,20:00:00,6.45,6.5,6.4,6.44,110723,0
2018-02-27,21:00:00,6.44,6.51,6.395,6.48,165210,0
2018-02-27,22:00:00,6.48,6.52,6.41,6.45,486615,0
2018-02-28,16:00:00,6.53,6.64,6.41,6.54,188738,0
2018-02-28,17:00:00,6.53,6.55,6.43,6.499,158280,0
2018-02-28,18:00:00,6.495,6.515,6.39,6.4837,157482,0
2018-02-28,19:00:00,6.485,6.56,6.48,6.55,171658,0
2018-02-28,20:00:00,6.55,6.605,6.485,6.4901,177107,0
2018-02-28,21:00:00,6.495,6.535,6.39,6.415,194625,0
2018-02-28,22:00:00,6.415,6.51,6.38,6.48,389559,0
2018-03-01,16:00:00,6.47,6.62,6.45,6.515,86585,0
2018-03-01,17:00:00,6.52,6.66,6.48,6.55,235782,0
2018-03-01,18:00:00,6.55,6.589,6.49,6.52,105029,0
2018-03-01,19:00:00,6.525,6.57,6.41,6.5,181354,0
2018-03-01,20:00:00,6.48,6.51,6.29,6.32,261137,0
2018-03-01,21:00:00,6.3,6.35,6.16,6.33,200999,0
2018-03-01,22:00:00,6.325,6.43,6.27,6.28,325562,0
2018-03-02,16:00:00,6.13,6.45,6.12,6.41,79867,0
2018-03-02,17:00:00,6.44,6.48,6.3,6.39,120073,0
2018-03-02,18:00:00,6.41,6.565,6.37,6.56,145065,0
2018-03-02,19:00:00,6.56,6.61,6.51,6.582,165035,0
2018-03-02,20:00:00,6.58,6.665,6.53,6.645,165664,0
2018-03-02,21:00:00,6.65,6.66,6.545,6.585,110971,0
2018-03-02,22:00:00,6.58,6.66,6.53,6.66,318756,0
2018-03-05,16:00:00,6.62,7.12,6.61,7.04,390897,0
2018-03-05,17:00:00,7.06,7.49,7.03,7.36,778378,0
2018-03-05,18:00:00,7.36,7.6,7.32,7.55,637430,0
2018-03-05,19:00:00,7.54,7.65,7.15,7.33,423823,0
2018-03-05,20:00:00,7.343,7.635,7.343,7.43,370663,0
2018-03-05,21:00:00,7.43,7.47,7.21,7.29,271144,0
2018-03-05,22:00:00,7.3,7.36,7.18,7.28,475366,0
2018-03-06,16:00:00,7.39,7.79,7.39,7.6002,327850,0
2018-03-06,17:00:00,7.59,7.68,7.37,7.4,373806,0
2018-03-06,18:00:00,7.4,7.6,7.39,7.42,247581,0
2018-03-06,19:00:00,7.4149,7.57,7.4,7.53,219406,0
2018-03-06,20:00:00,7.54,7.59,7.47,7.5199,134102,0
2018-03-06,21:00:00,7.52,7.565,7.4339,7.52,154428,0
2018-03-06,22:00:00,7.525,7.55,7.37,7.46,427586,0
2018-03-07,16:00:00,7.45,7.6,7.29,7.32,173513,0
2018-03-07,17:00:00,7.31,7.38,7.18,7.34,304347,0
2018-03-07,18:00:00,7.33,7.425,7.3,7.325,164964,0
2018-03-07,19:00:00,7.33,7.39,7.31,7.34,132872,0
2018-03-07,20:00:00,7.33,7.35,7.29,7.33,106479,0
2018-03-07,21:00:00,7.33,7.37,7.3,7.37,91656,0
2018-03-07,22:00:00,7.365,7.405,7.32,7.39,318880,0
2018-03-08,16:00:00,7.44,7.51,7.2112,7.295,109436,0
2018-03-08,17:00:00,7.31,7.39,7.22,7.36,205906,0
2018-03-08,18:00:00,7.36,7.51,7.32,7.35,315426,0
2018-03-08,19:00:00,7.3325,7.38,7.27,7.33,131748,0
2018-03-08,20:00:00,7.34,7.34,7.27,7.29,66198,0
2018-03-08,21:00:00,7.28,7.33,7.215,7.3,84565,0
2018-03-08,22:00:00,7.3,7.36,7.28,7.33,123521,0
2018-03-09,16:00:00,7.4,7.45,7.25,7.25,97999,0
2018-03-09,17:00:00,7.25,7.34,7.21,7.29,103141,0
2018-03-09,18:00:00,7.32,7.44,7.31,7.36,120338,0
2018-03-09,19:00:00,7.38,7.38,7.27,7.3,48402,0
2018-03-09,20:00:00,7.31,7.34,7.27,7.31,66782,0
2018-03-09,21:00:00,7.3157,7.38,7.31,7.38,63844,0
2018-03-09,22:00:00,7.38,7.42,7.35,7.41,271336,0
2018-03-12,15:00:00,7.42,7.93,7.41,7.48,290001,0
2018-03-12,16:00:00,7.47,7.84,7.3614,7.7101,391115,0
2018-03-12,17:00:00,7.7,7.83,7.69,7.8,201491,0
2018-03-12,18:00:00,7.8,7.85,7.64,7.75,268125,0
2018-03-12,19:00:00,7.74,7.81,7.6,7.64,216235,0
2018-03-12,20:00:00,7.635,7.64,7.5,7.525,271628,0
2018-03-12,21:00:00,7.52,7.58,7.51,7.54,252661,0
2018-03-13,15:00:00,7.53,7.67,7.49,7.525,242551,0
2018-03-13,16:00:00,7.525,7.54,7.41,7.44,290829,0
2018-03-13,17:00:00,7.4433,7.55,7.28,7.52,389650,0
2018-03-13,18:00:00,7.5,7.58,7.46,7.55,177922,0
2018-03-13,19:00:00,7.56,7.63,7.51,7.6,82986,0
2018-03-13,20:00:00,7.61,7.77,7.58,7.67,219966,0
2018-03-13,21:00:00,7.68,7.7,7.62,7.64,332530,0
2018-03-14,15:00:00,7.7,7.79,7.57,7.59,143388,0
2018-03-14,16:00:00,7.595,7.62,7.5,7.55,189495,0
2018-03-14,17:00:00,7.55,7.57,7.37,7.39,315464,0
2018-03-14,18:00:00,7.39,7.45,7.38,7.42,74417,0
2018-03-14,19:00:00,7.41,7.45,7.38,7.4,70281,0
2018-03-14,20:00:00,7.4,7.42,7.25,7.315,175046,0
2018-03-14,21:00:00,7.33,7.42,7.285,7.37,280704,0
2018-03-15,15:00:00,7.42,7.5295,7.38,7.45,108534,0
2018-03-15,16:00:00,7.46,7.48,7.35,7.4,224273,0
2018-03-15,17:00:00,7.42,7.45,7.36,7.41,143349,0
2018-03-15,18:00:00,7.4,7.435,7.37,7.4,124033,0
2018-03-15,19:00:00,7.405,7.42,7.365,7.365,140409,0
2018-03-15,20:00:00,7.36,7.43,7.31,7.42,119317,0
2018-03-15,21:00:00,7.415,7.57,7.41,7.57,319634,0
2018-03-16,15:00:00,7.45,7.53,7.3,7.36,165602,0
2018-03-16,16:00:00,7.3438,7.41,7.27,7.38,260511,0
2018-03-16,17:00:00,7.39,7.46,7.37,7.41,187277,0
2018-03-16,18:00:00,7.41,7.53,7.38,7.5103,133493,0
2018-03-16,19:00:00,7.52,7.58,7.46,7.5,123033,0
2018-03-16,20:00:00,7.51,7.54,7.44,7.5,132484,0
2018-03-16,21:00:00,7.49,7.53,7.39,7.53,3405870,0
2018-03-19,15:00:00,7.53,7.55,7.39,7.49,89754,0
2018-03-19,16:00:00,7.48,7.49,7.3265,7.3265,176353,0
2018-03-19,17:00:00,7.32,7.33,7.09,7.1252,307242,0
2018-03-19,18:00:00,7.12,7.2,7.06,7.11,161966,0
2018-03-19,19:00:00,7.1,7.15,7.06,7.13,125129,0
2018-03-19,20:00:00,7.15,7.18,7.08,7.15,125593,0
2018-03-19,21:00:00,7.145,7.22,7.04,7.17,321126,0
2018-03-20,15:00:00,7.24,7.25,7.12,7.18,62867,0
2018-03-20,16:00:00,7.16,7.35,7.16,7.32,121756,0
2018-03-20,17:00:00,7.32,7.33,7.1699,7.21,96797,0
2018-03-20,18:00:00,7.2,7.27,7.17,7.22,48138,0
2018-03-20,19:00:00,7.23,7.24,7.11,7.19,53373,0
2018-03-20,20:00:00,7.18,7.18,7.11,7.17,76129,0
2018-03-20,21:00:00,7.17,7.22,7.14,7.19,227553,0
2018-03-21,15:00:00,7.15,7.17,7.06,7.08,78453,0
2018-03-21,16:00:00,7.07,7.24,7.07,7.24,161063,0
2018-03-21,17:00:00,7.245,7.36,7.1965,7.2901,111532,0
2018-03-21,18:00:00,7.29,7.36,7.19,7.335,136985,0
2018-03-21,19:00:00,7.33,7.37,7.27,7.36,72942,0
2018-03-21,20:00:00,7.34,7.38,7.25,7.3,116663,0
2018-03-21,21:00:00,7.29,7.36,7.25,7.32,161758,0
2018-03-22,15:00:00,7.18,7.3,7.06,7.27,61678,0
2018-03-22,16:00:00,7.3,7.39,7.18,7.195,62950,0
2018-03-22,17:00:00,7.2,7.27,7.15,7.205,118403,0
2018-03-22,18:00:00,7.2038,7.28,7.12,7.275,70684,0
2018-03-22,19:00:00,7.27,7.275,7.16,7.17,67787,0
2018-03-22,20:00:00,7.18,7.19,7.082,7.135,84372,0
2018-03-22,21:00:00,7.13,7.15,6.91,6.91,525142,0
2018-03-23,15:00:00,6.95,7.0785,6.77,6.91,70259,0
2018-03-23,16:00:00,6.9095,6.96,6.81,6.9599,159308,0
2018-03-23,17:00:00,6.96,7.01,6.87,6.87,100132,0
2018-03-23,18:00:00,6.88,6.9699,6.87,6.9,56590,0
2018-03-23,19:00:00,6.8999,6.99,6.88,6.95,128417,0
2018-03-23,20:00:00,6.95,6.9592,6.77,6.79,104586,0
2018-03-23,21:00:00,6.79,6.82,6.71,6.75,277155,0
2018-03-26,16:00:00,6.83,7.025,6.52,6.625,248097,0
2018-03-26,17:00:00,6.62,6.82,6.6,6.7,201264,0
2018-03-26,18:00:00,6.68,6.73,6.6,6.73,133473,0
2018-03-26,19:00:00,6.73,6.78,6.635,6.65,83263,0
2018-03-26,20:00:00,6.64,6.76,6.63,6.6744,69129,0
2018-03-26,21:00:00,6.67,6.85,6.67,6.75,91742,0
2018-03-26,22:00:00,6.745,6.97,6.745,6.94,442070,0
2018-03-27,16:00:00,7.3,7.78,7.24,7.775,416166,0
2018-03-27,17:00:00,7.7714,8.01,7.6008,7.9801,1145025,0
2018-03-27,18:00:00,7.98,8.09,7.84,7.9646,781621,0
2018-03-27,19:00:00,7.9699,7.99,7.55,7.66,518458,0
2018-03-27,20:00:00,7.66,7.69,7.2613,7.37,388936,0
2018-03-27,21:00:00,7.35,7.39,7.0304,7.05,310993,0
2018-03-27,22:00:00,7.04,7.09,6.87,6.91,618760,0
2018-03-28,16:00:00,6.92,7.0652,6.7,6.881,215617,0
2018-03-28,17:00:00,6.88,6.98,6.56,6.61,312619,0
2018-03-28,18:00:00,6.62,6.78,6.6,6.6599,217336,0
2018-03-28,19:00:00,6.65,6.74,6.63,6.63,190728,0
2018-03-28,20:00:00,6.63,6.75,6.6,6.69,166863,0
2018-03-28,21:00:00,6.7,6.77,6.67,6.735,158948,0
2018-03-28,22:00:00,6.73,6.81,6.72,6.72,410653,0
2018-03-29,16:00:00,6.75,6.79,6.63,6.75,70117,0
2018-03-29,17:00:00,6.75,7.01,6.75,7.01,176906,0
2018-03-29,18:00:00,7.02,7.06,6.89,7.0277,137155,0
2018-03-29,19:00:00,7.025,7.19,6.96,7.08,241337,0
2018-03-29,20:00:00,7.08,7.15,7,7.1377,77479,0
2018-03-29,21:00:00,7.135,7.325,7.11,7.25,192822,0
2018-03-29,22:00:00,7.25,7.27,7.16,7.2,350805,0
