Date,Time,Open,High,Low,Close,Volume,OpenInt
2017-09-05,16:00:00,19.85,20.99,19.8408,20.9,87679,0
2017-09-05,17:00:00,20.89,20.89,20.365,20.41,101770,0
2017-09-05,18:00:00,20.41,20.56,20.37,20.48,71966,0
2017-09-05,19:00:00,20.5,20.5,20.1701,20.35,53605,0
2017-09-05,20:00:00,20.36,20.42,20.23,20.32,44048,0
2017-09-05,21:00:00,20.36,20.39,20.26,20.29,41635,0
2017-09-05,22:00:00,20.31,20.36,20.2601,20.35,131428,0
2017-09-06,16:00:00,21.58,21.58,20.32,20.35,49874,0
2017-09-06,17:00:00,20.32,20.38,19.88,19.91,70825,0
2017-09-06,18:00:00,19.915,19.97,19.8,19.9,41990,0
2017-09-06,19:00:00,19.91,19.94,19.63,19.71,46115,0
2017-09-06,20:00:00,19.7275,19.73,19.39,19.48,103032,0
2017-09-06,21:00:00,19.5,19.589,19.411,19.505,86348,0
2017-09-06,22:00:00,19.51,20.025,19.5,19.97,232888,0
2017-09-07,16:00:00,20.2,20.259,19.15,19.71,77182,0
2017-09-07,17:00:00,19.71,19.775,19.33,19.41,190670,0
2017-09-07,18:00:00,19.56,20.21,19.32,20.13,153357,0
2017-09-07,19:00:00,20.11,20.33,20.02,20.18,50549,0
2017-09-07,20:00:00,20.19,20.88,20.19,20.55,71478,0
2017-09-07,21:00:00,20.55,20.74,20.53,20.74,42930,0
2017-09-07,22:00:00,20.73,21.25,20.62,21.08,254683,0
2017-09-08,16:00:00,21.15,22.2,21.15,21.48,98604,0
2017-09-08,17:00:00,21.48,21.729,21.26,21.48,73386,0
2017-09-08,18:00:00,21.5,21.71,21.07,21.08,87394,0
2017-09-08,19:00:00,21.085,21.26,20.86,21.02,77745,0
2017-09-08,20:00:00,20.995,20.995,20.54,20.675,57211,0
2017-09-08,21:00:00,20.68,20.75,20.37,20.65,62026,0
2017-09-08,22:00:00,20.685,20.73,20.405,20.44,92332,0
2017-09-11,16:00:00,20.49,20.85,20.46,20.63,51421,0
2017-09-11,17:00:00,20.65,20.9,20.5,20.57,152965,0
2017-09-11,18:00:00,20.54,21.78,20.45,20.98,62562,0
2017-09-11,19:00:00,20.9808,21.07,20.9,21.07,47056,0
2017-09-11,20:00:00,21.068,21.24,20.93,21.2,51056,0
2017-09-11,21:00:00,21.21,21.27,21.06,21.14,42631,0
2017-09-11,22:00:00,21.12,21.66,21.12,21.58,183399,0
2017-09-12,16:00:00,21.78,21.85,20.6,20.655,128548,0
2017-09-12,17:00:00,20.62,20.62,19.6,19.6979,280888,0
2017-09-12,18:00:00,19.66,20.27,19.648,20.09,132952,0
2017-09-12,19:00:00,20.09,20.3,19.86,19.865,100482,0
2017-09-12,20:00:00,19.865,19.91,19.67,19.68,129977,0
2017-09-12,21:00:00,19.6852,19.77,19.63,19.77,100311,0
2017-09-12,22:00:00,19.77,19.98,19.7133,19.91,225727,0
2017-09-13,16:00:00,19.91,20.31,19.9,20.15,97665,0
2017-09-13,17:00:00,20.14,20.34,20.05,20.08,98932,0
2017-09-13,18:00:00,20.08,20.5,20.05,20.32,58863,0
2017-09-13,19:00:00,20.31,20.49,20.06,20.12,51299,0
2017-09-13,20:00:00,20.14,20.29,20.06,20.125,59201,0
2017-09-13,21:00:00,20.15,20.17,19.67,19.67,93255,0
2017-09-13,22:00:00,19.67,19.88,19.63,19.83,180321,0
2017-09-14,16:00:00,19.9,20.05,19.04,19.53,126252,0
2017-09-14,17:00:00,19.46,19.66,19.28,19.4,72258,0
2017-09-14,18:00:00,19.4,19.767,19.25,19.3,256357,0
2017-09-14,19:00:00,19.28,19.48,19.22,19.27,65919,0
2017-09-14,20:00:00,19.27,19.37,19.07,19.3401,89049,0
2017-09-14,21:00:00,19.355,19.37,19.1,19.25,154794,0
2017-09-14,22:00:00,19.28,19.59,19.25,19.52,217663,0
2017-09-15,16:00:00,19.56,19.59,19.221,19.56,85468,0
2017-09-15,17:00:00,19.53,20.03,19.53,20.0166,51970,0
2017-09-15,18:00:00,19.99,20.3397,19.96,20.315,84145,0
2017-09-15,19:00:00,20.31,20.629,20.31,20.544,127970,0
2017-09-15,20:00:00,20.57,21.13,20.53,20.89,166292,0
2017-09-15,21:00:00,20.89,21.08,20.8825,20.95,136755,0
2017-09-15,22:00:00,20.98,21.35,20.95,21.34,398017,0
2017-09-18,16:00:00,21.3,22.6099,21.23,22.09,254606,0
2017-09-18,17:00:00,22.03,22.34,21.921,22.298,153561,0
2017-09-18,18:00:00,22.3,22.68,22.17,22.6,143908,0
2017-09-18,19:00:00,22.62,23.38,22.53,23.2165,330808,0
2017-09-18,20:00:00,23.25,23.55,22.71,22.83,374986,0
2017-09-18,21:00:00,22.83,23.2027,22.44,22.83,216140,0
2017-09-18,22:00:00,22.83,22.96,22.76,22.88,238758,0
2017-09-19,16:00:00,23.06,24.46,23.06,23.255,181348,0
2017-09-19,17:00:00,23.21,23.36,22.83,23.26,165713,0
2017-09-19,18:00:00,23.29,23.6,23.08,23.32,182611,0
2017-09-19,19:00:00,23.3,23.75,23.26,23.485,71854,0
2017-09-19,20:00:00,23.51,23.75,23.24,23.26,92814,0
2017-09-19,21:00:00,23.24,23.73,23.2,23.55,82150,0
2017-09-19,22:00:00,23.5776,24.34,23.55,24.27,336983,0
2017-09-20,16:00:00,24.64,25.27,23.99,24.05,208599,0
2017-09-20,17:00:00,24,24.535,23.93,24.305,279374,0
2017-09-20,18:00:00,24.3042,24.89,24.28,24.89,130655,0
2017-09-20,19:00:00,24.887,25.45,24.685,25.42,145861,0
2017-09-20,20:00:00,25.431,25.52,25.12,25.325,146839,0
2017-09-20,21:00:00,25.325,25.94,25.2001,25.8,190576,0
2017-09-20,22:00:00,25.75,26.47,25.715,26.2,358064,0
2017-09-21,16:00:00,26.53,27.489,26.53,26.9507,210680,0
2017-09-21,17:00:00,26.9685,27.79,25.03,25.15,487925,0
2017-09-21,18:00:00,25.17,26.32,25.08,25.8025,256591,0
2017-09-21,19:00:00,25.8,26.1,25.68,26,83966,0
2017-09-21,20:00:00,25.9896,26.29,25.91,26.1,96239,0
2017-09-21,21:00:00,26.1,26.165,25.47,25.77,139470,0
2017-09-21,22:00:00,25.79,26.35,25.62,26.08,274536,0
2017-09-22,16:00:00,26.98,27.9755,26.01,26.01,438743,0
2017-09-22,17:00:00,26,26.164,24.8464,25.04,449011,0
2017-09-22,18:00:00,25.08,25.63,25.01,25.49,155371,0
2017-09-22,19:00:00,25.5,25.96,25.32,25.44,134187,0
2017-09-22,20:00:00,25.46,25.6778,25.271,25.44,128386,0
2017-09-22,21:00:00,25.46,25.55,25.21,25.27,209514,0
2017-09-22,22:00:00,25.27,25.31,24.89,24.99,495895,0
2017-09-25,16:00:00,25.9,26.27,25.2505,25.75,225214,0
2017-09-25,17:00:00,25.79,25.98,23.5,24.03,395154,0
2017-09-25,18:00:00,23.9605,24.5,23.55,24.31,241303,0
2017-09-25,19:00:00,24.2591,25.14,24.02,24.83,197509,0
2017-09-25,20:00:00,24.82,25.419,24.76,25.285,127853,0
2017-09-25,21:00:00,25.3,25.31,24.82,24.91,71145,0
2017-09-25,22:00:00,24.9,25.1,24.23,24.25,311216,0
2017-09-26,16:00:00,6.37,7.4,6.13,6.884,7858122,0
2017-09-26,17:00:00,6.8892,7.13,6.4,6.67,5362111,0
2017-09-26,18:00:00,6.675,7.15,6.54,6.935,4367617,0
2017-09-26,19:00:00,6.93,7,6.62,6.98,2770561,0
2017-09-26,20:00:00,6.985,7.06,6.8,6.8501,2301124,0
2017-09-26,21:00:00,6.85,6.85,6.61,6.675,2313892,0
2017-09-26,22:00:00,6.675,6.68,6.27,6.33,4498680,0
2017-09-27,16:00:00,6.65,7.07,6.5475,6.9462,3066725,0
2017-09-27,17:00:00,6.95,7.12,6.85,6.95,3274355,0
2017-09-27,18:00:00,6.955,7.06,6.86,7.015,1330437,0
2017-09-27,19:00:00,7.01,7.1,6.91,7.04,1298619,0
2017-09-27,20:00:00,7.0399,7.05,6.95,7.01,651920,0
2017-09-27,21:00:00,7.005,7.01,6.9,6.99,695735,0
2017-09-27,22:00:00,6.985,7.01,6.89,6.99,1202972,0
2017-09-28,16:00:00,7,7.14,6.58,6.74,1388735,0
2017-09-28,17:00:00,6.73,6.89,6.58,6.6501,1260066,0
2017-09-28,18:00:00,6.66,6.67,6.51,6.61,542213,0
2017-09-28,19:00:00,6.605,6.655,6.53,6.6,406789,0
2017-09-28,20:00:00,6.608,6.69,6.58,6.625,351071,0
2017-09-28,21:00:00,6.62,6.7,6.58,6.7,308464,0
2017-09-28,22:00:00,6.7,6.78,6.63,6.75,798058,0
2017-09-29,16:00:00,6.74,6.81,6.557,6.582,276240,0
2017-09-29,17:00:00,6.6,6.65,6.5,6.58,708555,0
2017-09-29,18:00:00,6.59,6.6,6.52,6.6,333636,0
2017-09-29,19:00:00,6.595,6.67,6.58,6.59,219301,0
2017-09-29,20:00:00,6.6,6.75,6.55,6.69,380688,0
2017-09-29,21:00:00,6.68,6.74,6.67,6.71,103829,0
2017-09-29,22:00:00,6.71,6.94,6.71,6.89,1697657,0
2017-10-02,16:00:00,6.86,6.95,6.67,6.91,218908,0
2017-10-02,17:00:00,6.9,7.1,6.81,6.92,337444,0
2017-10-02,18:00:00,6.93,7.08,6.9242,7.035,254985,0
2017-10-02,19:00:00,7.03,7.24,6.99,7.22,336874,0
2017-10-02,20:00:00,7.237,7.35,7.14,7.26,546665,0
2017-10-02,21:00:00,7.255,7.27,7.19,7.2007,273836,0
2017-10-02,22:00:00,7.21,7.46,7.18,7.39,757552,0
2017-10-03,16:00:00,7.5,8.01,7.5,7.6716,782557,0
2017-10-03,17:00:00,7.68,7.77,7.35,7.45,791074,0
2017-10-03,18:00:00,7.46,7.6,7.43,7.52,262585,0
2017-10-03,19:00:00,7.52,7.71,7.52,7.64,255536,0
2017-10-03,20:00:00,7.65,7.83,7.63,7.69,393841,0
2017-10-03,21:00:00,7.69,7.7234,7.51,7.57,347418,0
2017-10-03,22:00:00,7.57,7.66,7.51,7.51,594536,0
2017-10-04,16:00:00,7.5,7.55,7.3,7.4368,167083,0
2017-10-04,17:00:00,7.43,7.48,7.35,7.45,290966,0
2017-10-04,18:00:00,7.46,7.62,7.421,7.61,149350,0
2017-10-04,19:00:00,7.61,7.69,7.55,7.6,156635,0
2017-10-04,20:00:00,7.6,7.62,7.54,7.6136,146007,0
2017-10-04,21:00:00,7.619,7.69,7.61,7.66,119006,0
2017-10-04,22:00:00,7.665,7.75,7.64,7.73,443794,0
2017-10-05,16:00:00,7.72,7.95,7.7,7.79,184592,0
2017-10-05,17:00:00,7.7899,7.99,7.78,7.9,275624,0
2017-10-05,18:00:00,7.9,7.95,7.8,7.87,154536,0
2017-10-05,19:00:00,7.86,7.98,7.86,7.97,140041,0
2017-10-05,20:00:00,7.98,7.98,7.88,7.9,150105,0
2017-10-05,21:00:00,7.8832,7.95,7.86,7.92,100190,0
2017-10-05,22:00:00,7.93,8,7.91,7.92,530237,0
2017-10-06,16:00:00,7.92,7.92,7.65,7.82,233576,0
2017-10-06,17:00:00,7.82,7.8447,7.26,7.36,706377,0
2017-10-06,18:00:00,7.36,7.428,7.29,7.3685,429786,0
2017-10-06,19:00:00,7.36,7.36,7.12,7.284,390300,0
2017-10-06,20:00:00,7.2826,7.29,7.02,7.195,407930,0
2017-10-06,21:00:00,7.2,7.25,7.14,7.1494,178871,0
2017-10-06,22:00:00,7.15,7.15,7.03,7.05,924925,0
2017-10-09,16:00:00,7.19,7.2,6.905,6.945,496322,0
2017-10-09,17:00:00,6.945,7.06,6.86,7.02,470990,0
2017-10-09,18:00:00,7.02,7.08,6.95,6.99,287515,0
2017-10-09,19:00:00,6.99,7.07,6.97,7.03,107549,0
2017-10-09,20:00:00,7.02,7.05,6.98,7.01,128025,0
2017-10-09,21:00:00,7.005,7.072,7,7.06,151625,0
2017-10-09,22:00:00,7.06,7.12,7.045,7.09,392841,0
2017-10-10,16:00:00,7.14,7.14,6.93,6.99,275187,0
2017-10-10,17:00:00,6.99,7.01,6.87,6.93,338867,0
2017-10-10,18:00:00,6.934,6.95,6.86,6.89,228323,0
2017-10-10,19:00:00,6.89,6.91,6.82,6.8499,212002,0
2017-10-10,20:00:00,6.845,6.91,6.82,6.905,155708,0
2017-10-10,21:00:00,6.91,6.91,6.81,6.815,135698,0
2017-10-10,22:00:00,6.815,6.82,6.72,6.74,708527,0
2017-10-11,16:00:00,6.82,6.82,6.59,6.6174,232571,0
2017-10-11,17:00:00,6.62,6.66,6.53,6.58,333694,0
2017-10-11,18:00:00,6.58,6.6,6.56,6.59,156656,0
2017-10-11,19:00:00,6.58,6.61,6.53,6.6,795018,0
2017-10-11,20:00:00,6.591,6.6,6.5501,6.565,141510,0
2017-10-11,21:00:00,6.5699,6.59,6.56,6.57,75512,0
2017-10-11,22:00:00,6.57,6.63,6.54,6.54,613157,0
2017-10-12,16:00:00,6.52,6.57,6.28,6.305,329939,0
2017-10-12,17:00:00,6.3127,6.42,6.27,6.38,183475,0
2017-10-12,18:00:00,6.38,6.46,6.37,6.45,140158,0
2017-10-12,19:00:00,6.45,6.5,6.4,6.4,130856,0
2017-10-12,20:00:00,6.403,6.45,6.36,6.42,137339,0
2017-10-12,21:00:00,6.43,6.44,6.37,6.375,87838,0
2017-10-12,22:00:00,6.38,6.4,6.33,6.37,460689,0
2017-10-13,16:00:00,6.36,6.43,6.251,6.3,144838,0
2017-10-13,17:00:00,6.291,6.36,6.11,6.3,259834,0
2017-10-13,18:00:00,6.3,6.3,6.15,6.1575,126800,0
2017-10-13,19:00:00,6.1575,6.18,6.12,6.12,164053,0
2017-10-13,20:00:00,6.13,6.1386,6.08,6.115,158489,0
2017-10-13,21:00:00,6.115,6.13,6.09,6.105,175440,0
2017-10-13,22:00:00,6.11,6.2,6.095,6.18,559219,0
2017-10-16,16:00:00,6.2,6.4,6.2,6.395,137058,0
2017-10-16,17:00:00,6.39,6.41,6.29,6.31,251173,0
2017-10-16,18:00:00,6.31,6.31,6.1936,6.2,114961,0
2017-10-16,19:00:00,6.2,6.22,6.13,6.16,111082,0
2017-10-16,20:00:00,6.16,6.27,6.15,6.24,115091,0
2017-10-16,21:00:00,6.24,6.3,6.22,6.29,83957,0
2017-10-16,22:00:00,6.28,6.31,6.12,6.17,917762,0
2017-10-17,16:00:00,6.16,6.29,6.14,6.29,75341,0
2017-10-17,17:00:00,6.28,6.38,6.2,6.26,212157,0
2017-10-17,18:00:00,6.2699,6.33,6.18,6.2,111611,0
2017-10-17,19:00:00,6.2,6.27,6.1915,6.255,58324,0
2017-10-17,20:00:00,6.26,6.26,6.17,6.18,92595,0
2017-10-17,21:00:00,6.19,6.19,6.15,6.17,88037,0
2017-10-17,22:00:00,6.165,6.3,6.15,6.26,330593,0
2017-10-18,16:00:00,6.3,6.33,6.17,6.17,69199,0
2017-10-18,17:00:00,6.17,6.2,5.88,5.96,445735,0
2017-10-18,18:00:00,5.96,5.975,5.59,5.67,898820,0
2017-10-18,19:00:00,5.67,5.84,5.51,5.7557,361664,0
2017-10-18,20:00:00,5.76,5.83,5.601,5.82,326911,0
2017-10-18,21:00:00,5.82,5.95,5.81,5.91,227368,0
2017-10-18,22:00:00,5.91,5.95,5.87,5.88,305487,0
2017-10-19,16:00:00,5.86,5.93,5.62,5.68,115675,0
2017-10-19,17:00:00,5.681,5.76,5.68,5.72,122613,0
2017-10-19,18:00:00,5.725,5.75,5.7,5.75,98196,0
2017-10-19,19:00:00,5.745,5.87,5.74,5.84,122013,0
2017-10-19,20:00:00,5.846,5.88,5.82,5.87,58135,0
2017-10-19,21:00:00,5.87,5.87,5.79,5.795,151672,0
2017-10-19,22:00:00,5.8,5.97,5.78,5.8,761940,0
2017-10-20,16:00:00,5.8,5.88,5.65,5.75,143609,0
2017-10-20,17:00:00,5.75,5.83,5.7404,5.76,119166,0
2017-10-20,18:00:00,5.77,5.82,5.74,5.78,325579,0
2017-10-20,19:00:00,5.78,5.79,5.7,5.78,125221,0
2017-10-20,20:00:00,5.79,5.8,5.73,5.74,53063,0
2017-10-20,21:00:00,5.75,5.76,5.7,5.755,92320,0
2017-10-20,22:00:00,5.755,5.77,5.68,5.68,509076,0
2017-10-23,16:00:00,5.67,5.7773,5.62,5.67,135937,0
2017-10-23,17:00:00,5.68,5.68,5.5,5.555,270935,0
2017-10-23,18:00:00,5.56,5.56,5.48,5.53,356015,0
2017-10-23,19:00:00,5.54,5.7,5.528,5.69,259087,0
2017-10-23,20:00:00,5.69,5.7,5.54,5.55,102676,0
2017-10-23,21:00:00,5.55,5.65,5.55,5.595,118045,0
2017-10-23,22:00:00,5.59,5.6,5.5,5.51,328733,0
2017-10-24,16:00:00,5.47,5.58,5.461,5.51,117978,0
2017-10-24,17:00:00,5.5042,5.62,5.5,5.62,129413,0
2017-10-24,18:00:00,5.615,5.69,5.58,5.59,107356,0
2017-10-24,19:00:00,5.59,5.64,5.57,5.64,71447,0
2017-10-24,20:00:00,5.63,5.64,5.58,5.59,66932,0
2017-10-24,21:00:00,5.59,5.62,5.55,5.6,80674,0
2017-10-24,22:00:00,5.6,5.61,5.51,5.54,270842,0
2017-10-25,16:00:00,5.52,5.63,5.51,5.51,49328,0
2017-10-25,17:00:00,5.5,5.61,5.45,5.47,159351,0
2017-10-25,18:00:00,5.465,5.48,5.301,5.39,296482,0
2017-10-25,19:00:00,5.36,5.42,5.32,5.37,142797,0
2017-10-25,20:00:00,5.38,5.44,5.32,5.38,142815,0
2017-10-25,21:00:00,5.39,5.46,5.39,5.46,82008,0
2017-10-25,22:00:00,5.455,5.49,5.41,5.43,369109,0
2017-10-26,16:00:00,5.41,5.41,5.25,5.32,78790,0
2017-10-26,17:00:00,5.31,5.45,5.24,5.4,177102,0
2017-10-26,18:00:00,5.4,5.41,5.29,5.31,107671,0
2017-10-26,19:00:00,5.32,5.35,5.25,5.28,91200,0
2017-10-26,20:00:00,5.275,5.28,5.21,5.23,143574,0
2017-10-26,21:00:00,5.225,5.25,5.16,5.22,220034,0
2017-10-26,22:00:00,5.22,5.23,5.08,5.1,494425,0
2017-10-27,16:00:00,5.1,5.14,4.6,4.98,588422,0
2017-10-27,17:00:00,4.97,5,4.835,5,410013,0
2017-10-27,18:00:00,5.01,5.09,4.96,5.0201,245442,0
2017-10-27,19:00:00,5.03,5.11,5.02,5.11,125316,0
2017-10-27,20:00:00,5.11,5.21,5.1,5.205,103190,0
2017-10-27,21:00:00,5.205,5.21,5.105,5.205,146946,0
2017-10-27,22:00:00,5.21,5.23,5.115,5.13,441291,0
2017-10-30,15:00:00,5.13,5.39,5.081,5.3,149862,0
2017-10-30,16:00:00,5.32,5.37,5.25,5.26,154737,0
2017-10-30,17:00:00,5.25,5.359,5.25,5.34,139710,0
2017-10-30,18:00:00,5.34,5.38,5.29,5.35,116266,0
2017-10-30,19:00:00,5.34,5.35,5.23,5.2375,136547,0
2017-10-30,20:00:00,5.24,5.26,5.135,5.15,130199,0
2017-10-30,21:00:00,5.15,5.17,5.12,5.14,469575,0
2017-10-31,15:00:00,5.16,5.37,5.15,5.24,105797,0
2017-10-31,16:00:00,5.29,5.3,5.19,5.26,117866,0
2017-10-31,17:00:00,5.26,5.31,5.2201,5.24,166939,0
2017-10-31,18:00:00,5.235,5.24,5.16,5.21,103373,0
2017-10-31,19:00:00,5.22,5.22,5.14,5.1423,68804,0
2017-10-31,20:00:00,5.145,5.27,5.145,5.24,86055,0
2017-10-31,21:00:00,5.24,5.28,5.21,5.24,282156,0
2017-11-01,15:00:00,5.25,5.42,5.17,5.37,64060,0
2017-11-01,16:00:00,5.35,5.39,5.26,5.27,112521,0
2017-11-01,17:00:00,5.28,5.36,5.24,5.25,154184,0
2017-11-01,18:00:00,5.26,5.31,5.26,5.27,291832,0
2017-11-01,19:00:00,5.27,5.27,5.16,5.16,83704,0
2017-11-01,20:00:00,5.18,5.3,5.17,5.29,114399,0
2017-11-01,21:00:00,5.2967,5.305,5.24,5.26,175869,0
2017-11-02,15:00:00,5.22,5.25,5.15,5.21,54900,0
2017-11-02,16:00:00,5.21,5.27,5.15,5.21,96261,0
2017-11-02,17:00:00,5.2,5.28,5.19,5.22,66467,0
2017-11-02,18:00:00,5.23,5.26,5.18,5.19,47620,0
2017-11-02,19:00:00,5.19,5.2,5.12,5.13,68977,0
2017-11-02,20:00:00,5.125,5.17,5.12,5.15,119832,0
2017-11-02,21:00:00,5.15,5.23,5.14,5.22,300731,0
2017-11-03,15:00:00,5.05,5.22,4.83,4.89,351247,0
2017-11-03,16:00:00,4.88,4.94,4.77,4.78,299453,0
2017-11-03,17:00:00,4.78,4.83,4.72,4.78,256815,0
2017-11-03,18:00:00,4.78,4.94,4.76,4.9172,167335,0
2017-11-03,19:00:00,4.915,5.04,4.9,5.0169,121096,0
2017-11-03,20:00:00,5.01,5.24,4.97,5.21,219614,0
2017-11-03,21:00:00,5.2199,5.32,5.19,5.26,527290,0
2017-11-06,16:00:00,5.2,5.41,5.151,5.2,100023,0
2017-11-06,17:00:00,5.205,5.3,5.16,5.22,121030,0
2017-11-06,18:00:00,5.22,5.33,5.195,5.31,131066,0
2017-11-06,19:00:00,5.31,5.39,5.29,5.33,99909,0
2017-11-06,20:00:00,5.34,5.47,5.33,5.41,143250,0
2017-11-06,21:00:00,5.4014,5.43,5.31,5.4,135328,0
2017-11-06,22:00:00,5.4,5.445,5.37,5.4,344659,0
2017-11-07,16:00:00,5.4,5.56,5.36,5.43,211849,0
2017-11-07,17:00:00,5.421,5.421,5.27,5.295,243138,0
2017-11-07,19:00:00,5.36,5.43,5.26,5.29,125211,0
2017-11-07,20:00:00,5.28,5.31,5.25,5.3,131642,0
2017-11-07,21:00:00,5.305,5.34,5.28,5.29,132263,0
2017-11-07,22:00:00,5.3,5.305,5.21,5.28,340119,0
2017-11-08,16:00:00,5.29,5.37,5.23,5.32,58608,0
2017-11-08,17:00:00,5.32,5.35,5.16,5.19,86763,0
2017-11-08,18:00:00,5.195,5.22,5.17,5.21,76875,0
2017-11-08,19:00:00,5.21,5.255,5.11,5.15,187128,0
2017-11-08,20:00:00,5.1487,5.163,5.115,5.14,87689,0
2017-11-08,21:00:00,5.131,5.155,5.08,5.1,139563,0
2017-11-08,22:00:00,5.095,5.095,4.98,5,455334,0
2017-11-09,16:00:00,4.95,4.97,4.85,4.95,141858,0
2017-11-09,17:00:00,4.96,5.01,4.85,4.92,199270,0
2017-11-09,18:00:00,4.924,4.97,4.88,4.89,157241,0
2017-11-09,19:00:00,4.89,4.91,4.81,4.9,115682,0
2017-11-09,20:00:00,4.89,5.02,4.89,5,101514,0
2017-11-09,21:00:00,5,5.08,5,5.065,84829,0
2017-11-09,22:00:00,5.07,5.13,5.04,5.09,345150,0
2017-11-10,16:00:00,5.11,5.22,5,5.22,101443,0
2017-11-10,17:00:00,5.21,5.3,5.16,5.29,140650,0
2017-11-10,18:00:00,5.2982,5.4,5.27,5.3512,86050,0
2017-11-10,19:00:00,5.35,5.41,5.33,5.33,83597,0
2017-11-10,20:00:00,5.32,5.44,5.32,5.43,71019,0
2017-11-10,21:00:00,5.43,5.5,5.4,5.49,106255,0
2017-11-10,22:00:00,5.49,5.501,5.3,5.34,352996,0
2017-11-13,16:00:00,5.29,5.3,5.05,5.07,81875,0
2017-11-13,17:00:00,5.0675,5.14,5.01,5.1,317886,0
2017-11-13,18:00:00,5.1,5.185,5.09,5.17,83074,0
2017-11-13,19:00:00,5.17,5.22,5.15,5.2,128951,0
2017-11-13,20:00:00,5.2,5.2,5.1,5.19,63334,0
2017-11-13,21:00:00,5.19,5.2,5.14,5.17,53945,0
2017-11-13,22:00:00,5.16,5.17,5.09,5.11,302624,0
2017-11-14,16:00:00,5.14,5.17,5.02,5.17,56975,0
2017-11-14,17:00:00,5.17,5.18,5.04,5.1,51763,0
2017-11-14,18:00:00,5.1,5.16,5.07,5.1,77207,0
2017-11-14,19:00:00,5.095,5.12,5.07,5.1,67748,0
2017-11-14,20:00:00,5.1,5.12,5.09,5.095,29214,0
2017-11-14,21:00:00,5.09,5.1566,5.09,5.15,34696,0
2017-11-14,22:00:00,5.14,5.2,5.14,5.16,225539,0
2017-11-15,16:00:00,5.13,5.19,4.93,5.04,168883,0
2017-11-15,17:00:00,5.07,5.1884,5.06,5.1884,86286,0
2017-11-15,18:00:00,5.17,5.24,5.13,5.17,40488,0
2017-11-15,19:00:00,5.17,5.2247,5.15,5.18,60548,0
2017-11-15,20:00:00,5.17,5.19,5.06,5.07,86615,0
2017-11-15,21:00:00,5.07,5.13,4.99,5.13,82557,0
2017-11-15,22:00:00,5.12,5.1299,5.02,5.03,187095,0
2017-11-16,16:00:00,5.09,5.13,5.05,5.08,32738,0
2017-11-16,17:00:00,5.08,5.19,5.08,5.165,39226,0
2017-11-16,18:00:00,5.17,5.19,5.08,5.085,25107,0
2017-11-16,19:00:00,5.09,5.09,5.03,5.08,33021,0
2017-11-16,20:00:00,5.08,5.09,5.02,5.04,31712,0
2017-11-16,21:00:00,5.04,5.08,5.04,5.04,70503,0
2017-11-16,22:00:00,5.04,5.08,5.03,5.03,173865,0
2017-11-17,16:00:00,5.08,5.17,5.05,5.12,86391,0
2017-11-17,17:00:00,5.13,5.18,5.09,5.1,75593,0
2017-11-17,18:00:00,5.1,5.21,5.06,5.16,96974,0
2017-11-17,19:00:00,5.1694,5.2,5.12,5.16,46640,0
2017-11-17,20:00:00,5.15,5.18,5.05,5.0712,172821,0
2017-11-17,21:00:00,5.07,5.1,4.96,4.985,265091,0
2017-11-17,22:00:00,4.9899,5.01,4.96,4.99,268833,0
2017-11-20,16:00:00,5,5.08,4.945,5.08,125048,0
2017-11-20,17:00:00,5.07,5.13,5.02,5.13,147060,0
2017-11-20,18:00:00,5.12,5.19,5.11,5.1616,232154,0
2017-11-20,19:00:00,5.16,5.19,5.065,5.17,53506,0
2017-11-20,20:00:00,5.18,5.2,5.145,5.19,81647,0
2017-11-20,21:00:00,5.195,5.3,5.15,5.23,261918,0
2017-11-20,22:00:00,5.23,5.39,5.23,5.38,410136,0
2017-11-21,16:00:00,5.4,5.4,5.25,5.34,96828,0
2017-11-21,17:00:00,5.35,5.48,5.3401,5.47,111737,0
2017-11-21,18:00:00,5.46,5.51,5.45,5.51,101856,0
2017-11-21,19:00:00,5.51,5.54,5.41,5.41,91527,0
2017-11-21,20:00:00,5.42,5.46,5.32,5.395,62033,0
2017-11-21,21:00:00,5.395,5.5,5.36,5.43,79429,0
2017-11-21,22:00:00,5.44,5.49,5.41,5.46,202609,0
2017-11-22,16:00:00,5.49,5.65,5.47,5.48,116518,0
2017-11-22,17:00:00,5.485,5.51,5.36,5.47,143991,0
2017-11-22,18:00:00,5.48,5.55,5.44,5.54,112734,0
2017-11-22,19:00:00,5.54,5.59,5.5,5.59,84292,0
2017-11-22,20:00:00,5.585,5.63,5.5702,5.62,91521,0
2017-11-22,21:00:00,5.62,5.72,5.61,5.67,131640,0
2017-11-22,22:00:00,5.67,5.7,5.62,5.65,277662,0
2017-11-24,16:00:00,5.64,5.7,5.425,5.51,87621,0
2017-11-24,17:00:00,5.52,5.58,5.49,5.55,75027,0
2017-11-24,18:00:00,5.53,5.55,5.49,5.51,51196,0
2017-11-24,19:00:00,5.51,5.53,5.39,5.41,128076,0
2017-11-24,20:00:00,5.41,5.41,5.41,5.41,19729,0
2017-11-27,16:00:00,5.43,5.575,5.42,5.42,77930,0
2017-11-27,17:00:00,5.44,5.49,5.41,5.4486,77714,0
2017-11-27,18:00:00,5.45,5.485,5.4366,5.47,59794,0
2017-11-27,19:00:00,5.46,5.49,5.46,5.4775,60074,0
2017-11-27,20:00:00,5.47,5.495,5.39,5.435,118270,0
2017-11-27,21:00:00,5.43,5.44,5.4,5.41,74548,0
2017-11-27,22:00:00,5.4075,5.42,5.38,5.4,142251,0
2017-11-28,16:00:00,5.44,5.46,5.29,5.39,65295,0
2017-11-28,17:00:00,5.3916,5.435,5.33,5.415,70833,0
2017-11-28,18:00:00,5.42,5.46,5.41,5.44,43912,0
2017-11-28,19:00:00,5.43,5.435,5.28,5.29,68652,0
2017-11-28,20:00:00,5.3,5.4,5.295,5.385,36510,0
2017-11-28,21:00:00,5.385,5.385,5.305,5.37,58063,0
2017-11-28,22:00:00,5.37,5.4,5.26,5.3,214856,0
2017-11-29,16:00:00,5.29,5.5084,5.29,5.39,83481,0
2017-11-29,17:00:00,5.38,5.39,5.251,5.29,87474,0
2017-11-29,18:00:00,5.3,5.39,5.28,5.33,50854,0
2017-11-29,19:00:00,5.335,5.4,5.31,5.34,55357,0
2017-11-29,20:00:00,5.33,5.35,5.29,5.3,59934,0
2017-11-29,21:00:00,5.3,5.31,5.26,5.26,34753,0
2017-11-29,22:00:00,5.2629,5.3,5.21,5.3,160933,0
2017-11-30,16:00:00,5.33,5.43,5.33,5.37,43351,0
2017-11-30,17:00:00,5.37,5.53,5.37,5.48,89553,0
2017-11-30,18:00:00,5.48,5.495,5.44,5.44,43500,0
2017-11-30,19:00:00,5.445,5.5,5.44,5.49,40086,0
2017-11-30,20:00:00,5.48,5.56,5.48,5.52,65661,0
2017-11-30,21:00:00,5.52,5.57,5.51,5.54,44251,0
2017-11-30,22:00:00,5.545,5.565,5.51,5.52,163336,0
2017-12-01,16:00:00,5.51,5.54,5.44,5.52,39414,0
2017-12-01,17:00:00,5.51,5.56,5.4,5.4,74556,0
2017-12-01,18:00:00,5.41,5.43,5.11,5.21,184071,0
2017-12-01,19:00:00,5.22,5.2764,5.17,5.24,106462,0
2017-12-01,20:00:00,5.245,5.419,5.23,5.35,83052,0
2017-12-01,21:00:00,5.345,5.42,5.32,5.38,57868,0
2017-12-01,22:00:00,5.385,5.42,5.36,5.4,181008,0
2017-12-04,16:00:00,5.45,5.56,5.3836,5.43,49049,0
2017-12-04,17:00:00,5.43,5.4902,5.375,5.41,68613,0
2017-12-04,18:00:00,5.42,5.48,5.37,5.47,68393,0
2017-12-04,19:00:00,5.47,5.55,5.44,5.5,49388,0
2017-12-04,20:00:00,5.5,5.55,5.5,5.51,20531,0
2017-12-04,21:00:00,5.505,5.51,5.451,5.5,56267,0
2017-12-04,22:00:00,5.495,5.5,5.44,5.5,134287,0
2017-12-05,16:00:00,5.47,5.58,5.41,5.42,59483,0
2017-12-05,17:00:00,5.43,5.44,5.18,5.18,104398,0
2017-12-05,18:00:00,5.19,5.27,5.18,5.22,108426,0
2017-12-05,19:00:00,5.225,5.23,5.17,5.19,77519,0
2017-12-05,20:00:00,5.2048,5.21,5.08,5.14,220046,0
2017-12-05,21:00:00,5.1438,5.18,5.14,5.18,42256,0
2017-12-05,22:00:00,5.17,5.2,5.11,5.12,154405,0
2017-12-06,16:00:00,5.11,5.19,5.05,5.07,52650,0
2017-12-06,17:00:00,5.08,5.12,5,5.05,133869,0
2017-12-06,18:00:00,5.045,5.06,4.92,4.97,163909,0
2017-12-06,19:00:00,4.96,5.03,4.87,4.96,152483,0
2017-12-06,20:00:00,4.96,5.04,4.92,5.01,38613,0
2017-12-06,21:00:00,5.03,5.08,5.01,5.04,47257,0
2017-12-06,22:00:00,5.045,5.07,5.01,5.03,206282,0
2017-12-07,16:00:00,5.04,5.04,4.92,4.977,94395,0
2017-12-07,17:00:00,4.975,5.04,4.87,5.04,239840,0
2017-12-07,18:00:00,5.04,5.11,4.98,5.11,120898,0
2017-12-07,19:00:00,5.1,5.11,5.04,5.07,25838,0
2017-12-07,20:00:00,5.06,5.07,5.02,5.06,33348,0
2017-12-07,21:00:00,5.05,5.09,5.03,5.05,50408,0
2017-12-07,22:00:00,5.045,5.05,4.99,5.02,182409,0
2017-12-08,16:00:00,5.08,5.18,5.06,5.15,87943,0
2017-12-08,17:00:00,5.165,5.239,5.13,5.21,110205,0
2017-12-08,18:00:00,5.22,5.35,5.22,5.35,187228,0
2017-12-08,19:00:00,5.3433,5.39,5.33,5.34,96362,0
2017-12-08,20:00:00,5.34,5.36,5.32,5.35,93370,0
2017-12-08,21:00:00,5.36,5.38,5.33,5.33,99208,0
2017-12-08,22:00:00,5.33,5.35,5.28,5.3,152036,0
2017-12-11,16:00:00,5.32,5.4955,5.22,5.46,109341,0
2017-12-11,17:00:00,5.46,5.46,5.33,5.35,92263,0
2017-12-11,18:00:00,5.35,5.45,5.32,5.405,88252,0
2017-12-11,19:00:00,5.41,5.435,5.305,5.31,61931,0
2017-12-11,20:00:00,5.31,5.32,5.21,5.26,80958,0
2017-12-11,21:00:00,5.26,5.27,5.215,5.23,49405,0
2017-12-11,22:00:00,5.235,5.29,5.235,5.27,147214,0
2017-12-12,16:00:00,5.27,5.44,5.22,5.31,73367,0
2017-12-12,17:00:00,5.32,5.4,5.27,5.35,124305,0
2017-12-12,18:00:00,5.36,5.425,5.28,5.35,99537,0
2017-12-12,19:00:00,5.345,5.4,5.34,5.359,65616,0
2017-12-12,20:00:00,5.36,5.3905,5.35,5.37,67648,0
2017-12-12,21:00:00,5.36,5.45,5.35,5.405,114724,0
2017-12-12,22:00:00,5.405,5.46,5.4012,5.46,242822,0
2017-12-13,16:00:00,5.49,5.7,5.471,5.67,250393,0
2017-12-13,17:00:00,5.68,5.7,5.43,5.495,145056,0
2017-12-13,18:00:00,5.5,5.55,5.45,5.545,65850,0
2017-12-13,19:00:00,5.55,5.55,5.4,5.51,112428,0
2017-12-13,20:00:00,5.505,5.505,5.44,5.46,90061,0
2017-12-13,21:00:00,5.47,5.51,5.44,5.49,111596,0
2017-12-13,22:00:00,5.5,5.67,5.49,5.61,281454,0
2017-12-14,16:00:00,5.59,5.61,5.505,5.54,65971,0
2017-12-14,17:00:00,5.53,5.55,5.3,5.325,660348,0
2017-12-14,18:00:00,5.325,5.505,5.32,5.4501,232136,0
2017-12-14,19:00:00,5.46,5.5,5.41,5.43,232957,0
2017-12-14,20:00:00,5.42,5.44,5.34,5.365,66783,0
2017-12-14,21:00:00,5.36,5.45,5.35,5.43,121434,0
2017-12-14,22:00:00,5.435,5.4992,5.4039,5.45,600590,0
2017-12-15,16:00:00,5.51,5.51,5.38,5.385,90186,0
2017-12-15,17:00:00,5.38,5.55,5.38,5.52,240699,0
2017-12-15,18:00:00,5.52,5.54,5.45,5.51,46944,0
2017-12-15,19:00:00,5.515,5.515,5.45,5.47,28103,0
2017-12-15,20:00:00,5.4734,5.48,5.36,5.37,269687,0
2017-12-15,21:00:00,5.36,5.39,5.3,5.33,202557,0
2017-12-15,22:00:00,5.325,5.38,5.28,5.3,2258766,0
2017-12-18,16:00:00,5.31,5.44,5.28,5.28,84635,0
2017-12-18,17:00:00,5.2973,5.32,5.21,5.215,129910,0
2017-12-18,18:00:00,5.21,5.26,5.19,5.25,128646,0
2017-12-18,19:00:00,5.25,5.28,5.19,5.2,76989,0
2017-12-18,20:00:00,5.2,5.25,5.2,5.25,65588,0
2017-12-18,21:00:00,5.25,5.25,5.18,5.2,101257,0
2017-12-18,22:00:00,5.2,5.22,5.14,5.17,306862,0
2017-12-19,16:00:00,5.16,5.21,5.03,5.0928,129836,0
2017-12-19,17:00:00,5.09,5.22,5.07,5.175,219088,0
2017-12-19,18:00:00,5.18,5.4,5.17,5.29,262298,0
2017-12-19,19:00:00,5.3,5.31,5.21,5.23,74469,0
2017-12-19,20:00:00,5.23,5.24,5.195,5.235,76229,0
2017-12-19,21:00:00,5.24,5.26,5.15,5.18,99333,0
2017-12-19,22:00:00,5.18,5.25,5.13,5.175,465638,0
2017-12-20,16:00:00,5.18,5.2634,5.12,5.16,39880,0
2017-12-20,17:00:00,5.17,5.24,5.16,5.19,89795,0
2017-12-20,18:00:00,5.195,5.24,5.18,5.205,98483,0
2017-12-20,19:00:00,5.2058,5.26,5.17,5.245,75997,0
2017-12-20,20:00:00,5.245,5.285,5.21,5.27,63647,0
2017-12-20,21:00:00,5.265,5.28,5.24,5.255,95755,0
2017-12-20,22:00:00,5.2552,5.26,5.18,5.21,341960,0
2017-12-21,16:00:00,4.95,5.05,4.92,4.9658,342077,0
2017-12-21,17:00:00,4.97,5.11,4.97,5.06,338979,0
2017-12-21,18:00:00,5.07,5.112,5.02,5.099,116563,0
2017-12-21,19:00:00,5.1,5.2,5.07,5.2,116887,0
2017-12-21,20:00:00,5.19,5.19,5.11,5.115,59938,0
2017-12-21,21:00:00,5.11,5.22,5.1,5.16,138298,0
2017-12-21,22:00:00,5.15,5.16,5.12,5.16,333389,0
2017-12-22,16:00:00,5.12,5.16,4.97,5.03,78453,0
2017-12-22,17:00:00,5.04,5.13,5,5.0041,182058,0
2017-12-22,18:00:00,5.01,5.06,4.98,5.04,196811,0
2017-12-22,19:00:00,5.04,5.07,5,5.04,62301,0
2017-12-22,20:00:00,5.0455,5.06,5.03,5.03,49699,0
2017-12-22,21:00:00,5.03,5.07,4.98,4.99,241064,0
2017-12-22,22:00:00,5.0099,5.01,4.95,4.97,329118,0
2017-12-26,16:00:00,4.97,5.21,4.97,5.11,182945,0
2017-12-26,17:00:00,5.11,5.24,5.11,5.21,120095,0
2017-12-26,18:00:00,5.2157,5.26,5.14,5.21,180208,0
2017-12-26,19:00:00,5.22,5.25,5.21,5.24,55158,0
2017-12-26,20:00:00,5.245,5.33,5.215,5.28,119019,0
2017-12-26,21:00:00,5.28,5.3151,5.2662,5.3086,66326,0
2017-12-26,22:00:00,5.305,5.34,5.285,5.33,240888,0
2017-12-27,16:00:00,5.32,5.37,5.25,5.3,65959,0
2017-12-27,17:00:00,5.28,5.39,5.23,5.255,162245,0
2017-12-27,18:00:00,5.25,5.29,5.22,5.25,114070,0
2017-12-27,19:00:00,5.255,5.28,5.24,5.26,67330,0
2017-12-27,20:00:00,5.25,5.29,5.21,5.29,92848,0
2017-12-27,21:00:00,5.2851,5.3,5.26,5.28,63822,0
2017-12-27,22:00:00,5.28,5.31,5.23,5.3,258012,0
2017-12-28,16:00:00,5.32,5.34,5.19,5.26,94870,0
2017-12-28,17:00:00,5.25,5.26,5.15,5.16,144202,0
2017-12-28,18:00:00,5.16,5.225,5.16,5.205,95898,0
2017-12-28,19:00:00,5.21,5.21,5.17,5.19,61790,0
2017-12-28,20:00:00,5.19,5.25,5.18,5.22,100394,0
2017-12-28,21:00:00,5.2148,5.22,5.18,5.2,68407,0
2017-12-28,22:00:00,5.2,5.3,5.19,5.3,274340,0
2017-12-29,16:00:00,5.33,5.34,5.19,5.24,73240,0
2017-12-29,17:00:00,5.235,5.33,5.22,5.25,145934,0
2017-12-29,18:00:00,5.245,5.5,5.24,5.491,215872,0
2017-12-29,19:00:00,5.4999,5.4999,5.26,5.35,242895,0
2017-12-29,20:00:00,5.345,5.35,5.27,5.285,51306,0
2017-12-29,21:00:00,5.29,5.3,5.27,5.3,77791,0
2017-12-29,22:00:00,5.29,5.31,5.24,5.27,374293,0
2018-01-02,16:00:00,5.34,5.48,5.3,5.3999,67201,0
2018-01-02,17:00:00,5.4,5.44,5.37,5.424,134076,0
2018-01-02,18:00:00,5.43,5.435,5.325,5.37,61373,0
2018-01-02,19:00:00,5.38,5.4,5.28,5.3131,81604,0
2018-01-02,20:00:00,5.31,5.33,5.26,5.32,81894,0
2018-01-02,21:00:00,5.33,5.33,5.28,5.2901,90981,0
2018-01-02,22:00:00,5.3,5.31,5.23,5.31,353238,0
2018-01-03,16:00:00,5.31,5.38,5.23,5.26,92233,0
2018-01-03,17:00:00,5.26,5.32,5.2,5.27,217790,0
2018-01-03,18:00:00,5.26,5.265,5.25,5.25,84395,0
2018-01-03,19:00:00,5.2562,5.26,5.2,5.205,155985,0
2018-01-03,20:00:00,5.205,5.2728,5.16,5.26,338251,0
2018-01-03,21:00:00,5.26,5.2601,5.16,5.24,113732,0
2018-01-03,22:00:00,5.235,5.235,5.16,5.18,263641,0
2018-01-04,16:00:00,5.22,5.23,5.1,5.1,76596,0
2018-01-04,17:00:00,5.11,5.25,5.08,5.23,123881,0
2018-01-04,18:00:00,5.23,5.24,5.18,5.2,99110,0
2018-01-04,19:00:00,5.2001,5.32,5.2,5.29,163087,0
2018-01-04,20:00:00,5.29,5.38,5.2899,5.34,189767,0
2018-01-04,21:00:00,5.34,5.34,5.23,5.25,91569,0
2018-01-04,22:00:00,5.25,5.25,5.21,5.245,151648,0
2018-01-05,16:00:00,5.28,5.48,5.26,5.38,302316,0
2018-01-05,17:00:00,5.38,5.385,5.27,5.33,266358,0
2018-01-05,18:00:00,5.335,5.38,5.33,5.36,65871,0
2018-01-05,19:00:00,5.36,5.4,5.35,5.3899,72524,0
2018-01-05,20:00:00,5.39,5.44,5.35,5.435,132171,0
2018-01-05,21:00:00,5.44,5.45,5.37,5.38,160385,0
2018-01-05,22:00:00,5.38,5.4,5.36,5.37,342596,0
2018-01-08,16:00:00,2.85,2.93,2.7,2.8201,1851225,0
2018-01-08,17:00:00,2.83,2.87,2.73,2.7499,1215768,0
2018-01-08,18:00:00,2.7456,2.75,2.645,2.67,1279250,0
2018-01-08,19:00:00,2.67,2.676,2.57,2.6201,1427557,0
2018-01-08,20:00:00,2.625,2.63,2.42,2.435,1534233,0
2018-01-08,21:00:00,2.435,2.46,2.32,2.36,1342784,0
2018-01-08,22:00:00,2.355,2.39,2.3,2.31,2633026,0
2018-01-09,16:00:00,2.38,2.395,2.23,2.36,1116859,0
2018-01-09,17:00:00,2.3548,2.3548,2.23,2.2601,1003695,0
2018-01-09,18:00:00,2.265,2.32,2.26,2.285,705469,0
2018-01-09,19:00:00,2.29,2.33,2.28,2.295,604066,0
2018-01-09,20:00:00,2.295,2.31,2.28,2.28,638068,0
2018-01-09,21:00:00,2.28,2.35,2.28,2.35,1116794,0
2018-01-09,22:00:00,2.35,2.4,2.32,2.38,1967458,0
2018-01-10,16:00:00,2.43,2.43,2.31,2.33,421482,0
2018-01-10,17:00:00,2.32,2.33,2.25,2.28,552272,0
2018-01-10,18:00:00,2.2788,2.32,2.275,2.31,430626,0
2018-01-10,19:00:00,2.305,2.38,2.3,2.36,380141,0
2018-01-10,20:00:00,2.365,2.4,2.36,2.39,232762,0
2018-01-10,21:00:00,2.39,2.48,2.38,2.48,513221,0
2018-01-10,22:00:00,2.48,2.48,2.4,2.43,923019,0
2018-01-11,16:00:00,2.4,2.419,2.31,2.38,199551,0
2018-01-11,17:00:00,2.38,2.38,2.34,2.35,195217,0
2018-01-11,18:00:00,2.35,2.4,2.35,2.38,270887,0
2018-01-11,19:00:00,2.375,2.39,2.34,2.34,211219,0
2018-01-11,20:00:00,2.34,2.36,2.33,2.34,114393,0
2018-01-11,21:00:00,2.34,2.35,2.32,2.33,162118,0
2018-01-11,22:00:00,2.32,2.34,2.26,2.26,1233386,0
2018-01-12,16:00:00,2.24,2.27,2.155,2.17,553320,0
2018-01-12,17:00:00,2.16,2.17,2.06,2.1,1296549,0
2018-01-12,18:00:00,2.1,2.13,2.06,2.12,552511,0
2018-01-12,19:00:00,2.1159,2.12,2.09,2.09,625647,0
2018-01-12,20:00:00,2.095,2.15,2.09,2.13,620358,0
2018-01-12,21:00:00,2.13,2.14,2.08,2.0801,320315,0
2018-01-12,22:00:00,2.08,2.1,2.08,2.09,558578,0
2018-01-16,16:00:00,2.09,2.14,2.025,2.04,256209,0
2018-01-16,17:00:00,2.05,2.07,2.03,2.06,178116,0
2018-01-16,18:00:00,2.06,2.07,2.04,2.07,202352,0
2018-01-16,19:00:00,2.07,2.08,2.06,2.06,155831,0
2018-01-16,20:00:00,2.06,2.07,2.03,2.045,120180,0
2018-01-16,21:00:00,2.04,2.12,2.03,2.11,568527,0
2018-01-16,22:00:00,2.11,2.12,2.1,2.11,509376,0
2018-01-17,16:00:00,2.13,2.15,2.06,2.07,127133,0
2018-01-17,17:00:00,2.07,2.09,2.04,2.06,159014,0
2018-01-17,18:00:00,2.06,2.07,2.05,2.07,94376,0
2018-01-17,19:00:00,2.07,2.08,2.06,2.06,85597,0
2018-01-17,20:00:00,2.065,2.07,2.06,2.07,92337,0
2018-01-17,21:00:00,2.06,2.1,2.06,2.0848,937140,0
2018-01-17,22:00:00,2.09,2.09,2.06,2.06,253399,0
2018-01-18,16:00:00,2.08,2.1,2.02,2.03,100882,0
2018-01-18,17:00:00,2.03,2.05,2,2.045,219966,0
2018-01-18,18:00:00,2.05,2.07,2.04,2.055,158435,0
2018-01-18,19:00:00,2.055,2.07,2.05,2.06,127767,0
2018-01-18,20:00:00,2.06,2.07,2.06,2.06,30835,0
2018-01-18,21:00:00,2.06,2.07,2.04,2.04,72213,0
2018-01-18,22:00:00,2.04,2.06,2.04,2.06,165333,0
2018-01-19,16:00:00,2.05,2.06,2.03,2.0301,32675,0
2018-01-19,17:00:00,2.04,2.05,2,2.005,362161,0
2018-01-19,18:00:00,2,2.03,2,2.03,174531,0
2018-01-19,19:00:00,2.02,2.03,2.001,2.015,71094,0
2018-01-19,20:00:00,2.01,2.02,2.01,2.01,55681,0
2018-01-19,21:00:00,2.01,2.04,2.01,2.03,134823,0
2018-01-19,22:00:00,2.03,2.04,2.02,2.03,248961,0
2018-01-22,16:00:00,2.03,2.15,2.01,2.1201,895197,0
2018-01-22,17:00:00,2.13,2.16,2.12,2.15,765257,0
2018-01-22,18:00:00,2.14,2.18,2.13,2.18,529150,0
2018-01-22,19:00:00,2.171,2.18,2.15,2.16,205221,0
2018-01-22,20:00:00,2.159,2.19,2.15,2.19,129002,0
2018-01-22,21:00:00,2.1899,2.19,2.16,2.18,122023,0
2018-01-22,22:00:00,2.175,2.2,2.17,2.2,319125,0
2018-01-23,16:00:00,2.19,2.24,2.1601,2.2299,180230,0
2018-01-23,17:00:00,2.23,2.23,2.2,2.22,130071,0
2018-01-23,18:00:00,2.23,2.24,2.21,2.23,231677,0
2018-01-23,19:00:00,2.23,2.25,2.23,2.2499,167280,0
2018-01-23,20:00:00,2.25,2.28,2.24,2.27,148834,0
2018-01-23,21:00:00,2.27,2.32,2.27,2.32,340743,0
2018-01-23,22:00:00,2.315,2.33,2.2907,2.32,522100,0
2018-01-24,16:00:00,2.34,2.3793,2.3274,2.33,181395,0
2018-01-24,17:00:00,2.33,2.3368,2.22,2.25,317286,0
2018-01-24,18:00:00,2.25,2.25,2.15,2.1948,600078,0
2018-01-24,19:00:00,2.19,2.23,2.18,2.22,53129,0
2018-01-24,20:00:00,2.22,2.25,2.22,2.25,45639,0
2018-01-24,21:00:00,2.2401,2.27,2.24,2.26,53182,0
2018-01-24,22:00:00,2.265,2.27,2.22,2.23,236901,0
2018-01-25,16:00:00,2.23,2.29,2.16,2.1909,117428,0
2018-01-25,17:00:00,2.19,2.2,2.15,2.155,93613,0
2018-01-25,18:00:00,2.15,2.2,2.15,2.16,174448,0
2018-01-25,19:00:00,2.1678,2.17,2.16,2.16,51688,0
2018-01-25,20:00:00,2.16,2.17,2.16,2.16,49615,0
2018-01-25,21:00:00,2.16,2.17,2.16,2.17,19690,0
2018-01-25,22:00:00,2.16,2.18,2.16,2.17,138660,0
2018-01-26,16:00:00,2.19,2.21,2.16,2.195,74413,0
2018-01-26,17:00:00,2.2,2.2,2.16,2.16,112466,0
2018-01-26,18:00:00,2.16,2.17,2.15,2.16,73616,0
2018-01-26,19:00:00,2.17,2.17,2.15,2.16,64872,0
2018-01-26,20:00:00,2.16,2.16,2.15,2.15,28830,0
2018-01-26,21:00:00,2.15,2.16,2.15,2.15,50448,0
2018-01-26,22:00:00,2.155,2.16,2.15,2.16,156476,0
2018-01-29,16:00:00,2.15,2.17,2.15,2.16,66278,0
2018-01-29,17:00:00,2.16,2.1682,2.15,2.15,117929,0
2018-01-29,18:00:00,2.15,2.16,2.15,2.15,160018,0
2018-01-29,19:00:00,2.1537,2.1555,2.15,2.15,48188,0
2018-01-29,20:00:00,2.15,2.165,2.15,2.16,47393,0
2018-01-29,21:00:00,2.16,2.16,2.15,2.15,45791,0
2018-01-29,22:00:00,2.15,2.17,2.15,2.15,163305,0
2018-01-30,16:00:00,2.12,2.13,2.05,2.06,265883,0
2018-01-30,17:00:00,2.0538,2.06,2,2.02,582631,0
2018-01-30,18:00:00,2.02,2.07,2.02,2.04,185163,0
2018-01-30,19:00:00,2.04,2.05,2.03,2.03,62358,0
2018-01-30,20:00:00,2.03,2.05,2.02,2.04,161722,0
2018-01-30,21:00:00,2.04,2.09,2.04,2.08,90861,0
2018-01-30,22:00:00,2.08,2.09,2.05,2.07,253996,0
2018-01-31,16:00:00,2.09,2.09,2.02,2.0249,55487,0
2018-01-31,17:00:00,2.02,2.05,2.01,2.03,78201,0
2018-01-31,18:00:00,2.035,2.05,2.035,2.04,88755,0
2018-01-31,19:00:00,2.05,2.07,2.04,2.05,53791,0
2018-01-31,20:00:00,2.06,2.06,2.05,2.06,28413,0
2018-01-31,21:00:00,2.05,2.06,2.03,2.03,54020,0
2018-01-31,22:00:00,2.03,2.04,2.02,2.03,156703,0
2018-02-01,16:00:00,2.01,2.04,2.01,2.03,61736,0
2018-02-01,17:00:00,2.04,2.04,2,2.01,120843,0
2018-02-01,18:00:00,2.005,2.03,2,2.02,130810,0
2018-02-01,19:00:00,2.02,2.03,2.02,2.025,54897,0
2018-02-01,20:00:00,2.02,2.06,2.02,2.04,69127,0
2018-02-01,21:00:00,2.04,2.045,2.02,2.02,72812,0
2018-02-01,22:00:00,2.02,2.035,2.02,2.03,156698,0
2018-02-02,16:00:00,2.02,2.0389,1.88,1.96,436518,0
2018-02-02,17:00:00,1.959,1.959,1.89,1.94,125347,0
2018-02-02,18:00:00,1.945,1.945,1.91,1.92,265040,0
2018-02-02,19:00:00,1.92,1.95,1.92,1.92,45708,0
2018-02-02,20:00:00,1.925,1.93,1.89,1.9,161820,0
2018-02-02,21:00:00,1.9,1.95,1.9,1.93,85720,0
2018-02-02,22:00:00,1.93,1.95,1.91,1.92,182105,0
2018-02-05,16:00:00,1.9,1.915,1.89,1.905,43533,0
2018-02-05,17:00:00,1.905,2.01,1.895,1.94,221809,0
2018-02-05,18:00:00,1.94,1.99,1.94,1.99,86620,0
2018-02-05,19:00:00,1.99,2.1,1.99,2.06,549517,0
2018-02-05,20:00:00,2.06,2.11,2.06,2.11,312553,0
2018-02-05,21:00:00,2.1,2.11,1.975,1.99,459524,0
2018-02-05,22:00:00,1.995,2.06,1.95,1.98,419279,0
2018-02-06,16:00:00,1.95,1.97,1.91,1.96,62259,0
2018-02-06,17:00:00,1.97,1.98,1.92,1.92,82962,0
2018-02-06,18:00:00,1.92,1.97,1.91,1.93,75976,0
2018-02-06,19:00:00,1.935,2.04,1.93,2.04,189587,0
2018-02-06,20:00:00,2.035,2.04,2.0001,2.005,80444,0
2018-02-06,21:00:00,2.01,2.04,2,2.02,97752,0
2018-02-06,22:00:00,2.025,2.08,2.01,2.04,306446,0
2018-02-07,16:00:00,2.05,2.0752,2,2.01,39027,0
2018-02-07,17:00:00,2.02,2.03,1.95,1.95,95211,0
2018-02-07,18:00:00,1.96,1.96,1.93,1.93,86327,0
2018-02-07,19:00:00,1.93,1.96,1.93,1.9599,67992,0
2018-02-07,20:00:00,1.9548,1.98,1.93,1.98,53045,0
2018-02-07,21:00:00,1.979,2.02,1.97,2.005,123044,0
2018-02-07,22:00:00,2,2.02,1.99,2.005,128880,0
2018-02-08,16:00:00,2,2.03,1.97,2.01,24209,0
2018-02-08,17:00:00,2.01,2.015,1.96,1.97,38959,0
2018-02-08,18:00:00,1.97,1.98,1.94,1.95,37387,0
2018-02-08,19:00:00,1.95,1.965,1.92,1.94,67021,0
2018-02-08,20:00:00,1.93,1.96,1.93,1.95,49139,0
2018-02-08,21:00:00,1.945,1.97,1.94,1.94,41733,0
2018-02-08,22:00:00,1.94,1.95,1.92,1.94,255424,0
2018-02-09,16:00:00,1.96,1.9761,1.89,1.895,103921,0
2018-02-09,17:00:00,1.9,1.91,1.82,1.82,353399,0
2018-02-09,18:00:00,1.8201,1.85,1.81,1.82,81630,0
2018-02-09,19:00:00,1.82,1.83,1.77,1.8,150294,0
2018-02-09,20:00:00,1.795,1.86,1.78,1.855,126566,0
2018-02-09,21:00:00,1.86,1.89,1.84,1.875,62812,0
2018-02-09,22:00:00,1.875,1.93,1.86,1.91,207688,0
2018-02-12,16:00:00,1.54,1.55,1.47,1.51,1009383,0
2018-02-12,17:00:00,1.515,1.55,1.5,1.53,897448,0
2018-02-12,18:00:00,1.526,1.54,1.5,1.51,494347,0
2018-02-12,19:00:00,1.51,1.55,1.49,1.5,324504,0
2018-02-12,20:00:00,1.495,1.51,1.49,1.495,298044,0
2018-02-12,21:00:00,1.49,1.53,1.49,1.505,1500548,0
2018-02-12,22:00:00,1.5,1.58,1.5,1.535,446908,0
2018-02-13,16:00:00,1.54,1.57,1.48,1.57,212324,0
2018-02-13,17:00:00,1.565,1.68,1.5601,1.6701,300337,0
2018-02-13,18:00:00,1.679,1.8,1.6701,1.75,432087,0
2018-02-13,19:00:00,1.75,1.79,1.74,1.78,210368,0
2018-02-13,20:00:00,1.7789,1.82,1.74,1.76,280365,0
2018-02-13,21:00:00,1.755,1.79,1.75,1.785,99894,0
2018-02-13,22:00:00,1.79,1.82,1.78,1.81,226724,0
2018-02-14,16:00:00,1.79,1.84,1.685,1.69,212622,0
2018-02-14,17:00:00,1.69,1.71,1.64,1.65,262109,0
2018-02-14,18:00:00,1.65,1.66,1.61,1.645,177523,0
2018-02-14,19:00:00,1.645,1.65,1.6,1.6,127577,0
2018-02-14,20:00:00,1.6,1.63,1.6,1.61,116053,0
2018-02-14,21:00:00,1.615,1.66,1.61,1.64,136494,0
2018-02-14,22:00:00,1.645,1.65,1.62,1.63,228839,0
2018-02-15,16:00:00,1.66,1.69,1.63,1.68,126968,0
2018-02-15,17:00:00,1.68,1.7,1.67,1.68,132158,0
2018-02-15,18:00:00,1.68,1.69,1.67,1.685,68585,0
2018-02-15,19:00:00,1.685,1.69,1.68,1.69,60159,0
2018-02-15,20:00:00,1.68,1.69,1.68,1.685,104446,0
2018-02-15,21:00:00,1.685,1.69,1.68,1.685,81308,0
2018-02-15,22:00:00,1.685,1.69,1.68,1.685,164192,0
2018-02-16,16:00:00,1.69,1.77,1.69,1.72,133451,0
2018-02-16,17:00:00,1.72,1.73,1.71,1.71,66209,0
2018-02-16,18:00:00,1.71,1.74,1.71,1.73,79016,0
2018-02-16,19:00:00,1.73,1.74,1.7,1.73,99999,0
2018-02-16,20:00:00,1.73,1.74,1.72,1.72,32243,0
2018-02-16,21:00:00,1.72,1.73,1.695,1.709,100233,0
2018-02-16,22:00:00,1.7,1.72,1.67,1.675,190298,0
2018-02-20,16:00:00,1.68,1.75,1.68,1.68,78606,0
2018-02-20,17:00:00,1.68,1.6851,1.64,1.655,128456,0
2018-02-20,18:00:00,1.65,1.71,1.65,1.69,96269,0
2018-02-20,19:00:00,1.69,1.71,1.69,1.69,50185,0
2018-02-20,20:00:00,1.69,1.7,1.69,1.69,29044,0
2018-02-20,21:00:00,1.695,1.7,1.69,1.6904,15655,0
2018-02-20,22:00:00,1.7,1.71,1.65,1.665,117636,0
2018-02-21,16:00:00,1.67,1.6752,1.61,1.6499,119347,0
2018-02-21,17:00:00,1.65,1.67,1.61,1.64,160635,0
2018-02-21,18:00:00,1.65,1.65,1.61,1.61,110261,0
2018-02-21,19:00:00,1.61,1.62,1.6,1.62,83793,0
2018-02-21,20:00:00,1.62,1.64,1.61,1.63,41323,0
2018-02-21,21:00:00,1.63,1.65,1.63,1.63,39609,0
2018-02-21,22:00:00,1.63,1.63,1.6,1.61,71127,0
2018-02-22,16:00:00,1.62,1.62,1.61,1.615,17485,0
2018-02-22,17:00:00,1.61,1.63,1.61,1.62,37858,0
2018-02-22,18:00:00,1.62,1.63,1.62,1.62,25413,0
2018-02-22,19:00:00,1.63,1.63,1.615,1.63,26875,0
2018-02-22,20:00:00,1.62,1.63,1.61,1.61,20016,0
2018-02-22,21:00:00,1.61,1.63,1.61,1.62,19770,0
2018-02-22,22:00:00,1.62,1.63,1.6,1.62,101189,0
2018-02-23,16:00:00,1.62,1.62,1.54,1.567,143266,0
2018-02-23,17:00:00,1.56,1.5699,1.49,1.5,1087792,0
2018-02-23,18:00:00,1.5,1.51,1.43,1.455,537006,0
2018-02-23,19:00:00,1.46,1.5,1.43,1.4499,360434,0
2018-02-23,20:00:00,1.447,1.45,1.44,1.44,177011,0
2018-02-23,21:00:00,1.44,1.45,1.44,1.44,143395,0
2018-02-23,22:00:00,1.45,1.45,1.44,1.45,272155,0
2018-02-26,16:00:00,1.44,1.47,1.42,1.42,162650,0
2018-02-26,17:00:00,1.4201,1.6,1.42,1.53,290114,0
2018-02-26,18:00:00,1.5387,1.54,1.51,1.54,92486,0
2018-02-26,19:00:00,1.5323,1.57,1.45,1.52,206550,0
2018-02-26,20:00:00,1.52,1.55,1.49,1.55,91043,0
2018-02-26,21:00:00,1.55,1.58,1.52,1.54,193798,0
2018-02-26,22:00:00,1.54,1.57,1.5301,1.57,267551,0
2018-02-27,16:00:00,1.56,1.58,1.52,1.52,165465,0
2018-02-27,17:00:00,1.523,1.54,1.495,1.51,123974,0
2018-02-27,18:00:00,1.505,1.52,1.48,1.48,128962,0
2018-02-27,19:00:00,1.48,1.5,1.46,1.4695,129661,0
2018-02-27,20:00:00,1.46,1.48,1.455,1.46,209382,0
2018-02-27,21:00:00,1.46,1.47,1.4527,1.46,74514,0
2018-02-27,22:00:00,1.465,1.47,1.46,1.46,115045,0
2018-02-28,16:00:00,1.48,1.55,1.445,1.4599,82227,0
2018-02-28,17:00:00,1.455,1.47,1.41,1.415,126188,0
2018-02-28,18:00:00,1.41,1.465,1.41,1.45,67817,0
2018-02-28,19:00:00,1.46,1.5,1.45,1.4901,119344,0
2018-02-28,20:00:00,1.49,1.499,1.46,1.47,60577,0
2018-02-28,21:00:00,1.47,1.485,1.4571,1.4571,19608,0
2018-02-28,22:00:00,1.46,1.46,1.44,1.445,151862,0
2018-03-01,16:00:00,1.43,1.43,1.4,1.4,61895,0
2018-03-01,17:00:00,1.4,1.47,1.4,1.44,112573,0
2018-03-01,18:00:00,1.43,1.51,1.43,1.5,104805,0
2018-03-01,19:00:00,1.5,1.52,1.475,1.48,85423,0
2018-03-01,20:00:00,1.48,1.49,1.46,1.46,59048,0
2018-03-01,21:00:00,1.46,1.48,1.45,1.48,73106,0
2018-03-01,22:00:00,1.48,1.5,1.47,1.5,228722,0
2018-03-02,16:00:00,1.5,1.51,1.47,1.5011,28539,0
2018-03-02,17:00:00,1.5,1.53,1.49,1.51,99886,0
2018-03-02,18:00:00,1.51,1.57,1.51,1.5614,241005,0
2018-03-02,19:00:00,1.57,1.59,1.55,1.55,145100,0
2018-03-02,20:00:00,1.55,1.56,1.52,1.54,93711,0
2018-03-02,21:00:00,1.55,1.57,1.53,1.55,150753,0
2018-03-02,22:00:00,1.545,1.56,1.53,1.54,194432,0
2018-03-05,16:00:00,1.53,1.585,1.51,1.565,39140,0
2018-03-05,17:00:00,1.57,1.57,1.54,1.57,58921,0
2018-03-05,18:00:00,1.5699,1.6,1.55,1.58,136380,0
2018-03-05,19:00:00,1.57,1.61,1.57,1.605,159213,0
2018-03-05,20:00:00,1.6,1.605,1.59,1.59,90713,0
2018-03-05,21:00:00,1.59,1.6,1.57,1.58,53821,0
2018-03-05,22:00:00,1.58,1.58,1.55,1.55,123201,0
2018-03-06,16:00:00,1.58,1.58,1.56,1.5794,60926,0
2018-03-06,17:00:00,1.5799,1.58,1.48,1.48,191581,0
2018-03-06,18:00:00,1.485,1.51,1.48,1.51,53869,0
2018-03-06,19:00:00,1.51,1.56,1.505,1.56,52965,0
2018-03-06,20:00:00,1.56,1.56,1.51,1.54,94027,0
2018-03-06,21:00:00,1.54,1.56,1.53,1.56,50323,0
2018-03-06,22:00:00,1.56,1.58,1.54,1.58,176177,0
2018-03-07,16:00:00,1.55,1.58,1.52,1.565,38189,0
2018-03-07,17:00:00,1.561,1.58,1.56,1.58,31750,0
2018-03-07,18:00:00,1.57,1.58,1.52,1.55,53181,0
2018-03-07,19:00:00,1.54,1.56,1.515,1.55,61875,0
2018-03-07,20:00:00,1.55,1.5559,1.53,1.55,33440,0
2018-03-07,21:00:00,1.54,1.57,1.54,1.56,27213,0
2018-03-07,22:00:00,1.57,1.57,1.56,1.56,97485,0
2018-03-08,16:00:00,1.57,1.59,1.56,1.57,17348,0
2018-03-08,17:00:00,1.58,1.58,1.505,1.55,83340,0
2018-03-08,18:00:00,1.555,1.565,1.53,1.56,71617,0
2018-03-08,19:00:00,1.55,1.58,1.55,1.58,38359,0
2018-03-08,20:00:00,1.575,1.59,1.57,1.59,66994,0
2018-03-08,21:00:00,1.589,1.62,1.58,1.59,95527,0
2018-03-08,22:00:00,1.58,1.59,1.57,1.59,129949,0
2018-03-09,16:00:00,1.6,1.6049,1.585,1.59,42581,0
2018-03-09,17:00:00,1.59,1.591,1.55,1.565,64576,0
2018-03-09,18:00:00,1.56,1.6,1.56,1.595,46343,0
2018-03-09,19:00:00,1.6,1.61,1.59,1.6,25749,0
2018-03-09,20:00:00,1.61,1.62,1.6,1.61,86536,0
2018-03-09,21:00:00,1.62,1.63,1.61,1.63,83448,0
2018-03-09,22:00:00,1.62,1.65,1.62,1.64,118730,0
2018-03-12,15:00:00,1.65,1.69,1.595,1.62,251774,0
2018-03-12,16:00:00,1.62,1.64,1.58,1.61,214735,0
2018-03-12,17:00:00,1.61,1.64,1.61,1.63,43529,0
2018-03-12,18:00:00,1.625,1.635,1.62,1.635,21146,0
2018-03-12,19:00:00,1.64,1.665,1.63,1.64,59018,0
2018-03-12,20:00:00,1.64,1.649,1.59,1.6,117080,0
2018-03-12,21:00:00,1.6,1.61,1.58,1.6,256554,0
2018-03-13,15:00:00,1.58,1.6,1.56,1.56,65458,0
2018-03-13,16:00:00,1.56,1.58,1.52,1.53,138765,0
2018-03-13,17:00:00,1.53,1.54,1.51,1.52,112892,0
2018-03-13,18:00:00,1.52,1.53,1.51,1.515,49734,0
2018-03-13,19:00:00,1.51,1.53,1.49,1.525,259972,0
2018-03-13,20:00:00,1.52,1.54,1.52,1.53,65382,0
2018-03-13,21:00:00,1.53,1.54,1.52,1.53,92952,0
2018-03-14,15:00:00,1.53,1.54,1.52,1.525,25231,0
2018-03-14,16:00:00,1.525,1.53,1.49,1.495,108006,0
2018-03-14,17:00:00,1.495,1.5,1.49,1.495,41858,0
2018-03-14,18:00:00,1.49,1.52,1.49,1.52,126300,0
2018-03-14,19:00:00,1.52,1.52,1.51,1.52,26110,0
2018-03-14,20:00:00,1.515,1.52,1.47,1.485,127283,0
2018-03-14,21:00:00,1.485,1.5,1.48,1.5,99023,0
2018-03-15,15:00:00,1.49,1.53,1.48,1.48,35796,0
2018-03-15,16:00:00,1.475,1.48,1.45,1.465,86892,0
2018-03-15,17:00:00,1.47,1.48,1.46,1.47,65883,0
2018-03-15,18:00:00,1.475,1.48,1.46,1.465,46085,0
2018-03-15,19:00:00,1.46,1.47,1.46,1.47,16955,0
2018-03-15,20:00:00,1.47,1.47,1.42,1.42,139984,0
2018-03-15,21:00:00,1.42,1.47,1.42,1.46,181443,0
2018-03-16,15:00:00,1.45,1.4501,1.41,1.425,163473,0
2018-03-16,16:00:00,1.42,1.45,1.42,1.43,77783,0
2018-03-16,17:00:00,1.43,1.46,1.43,1.45,47636,0
2018-03-16,18:00:00,1.45,1.46,1.45,1.455,36272,0
2018-03-16,19:00:00,1.455,1.48,1.45,1.46,50754,0
2018-03-16,20:00:00,1.47,1.5,1.46,1.5,92247,0
2018-03-16,21:00:00,1.5,1.54,1.49,1.51,230863,0
2018-03-19,15:00:00,1.5,1.52,1.48,1.51,177165,0
2018-03-19,16:00:00,1.51,1.5192,1.46,1.475,140117,0
2018-03-19,17:00:00,1.47,1.49,1.47,1.48,82086,0
2018-03-19,18:00:00,1.48,1.49,1.48,1.48,104982,0
2018-03-19,19:00:00,1.48,1.49,1.45,1.46,106351,0
2018-03-19,20:00:00,1.46,1.46,1.43,1.43,33521,0
2018-03-19,21:00:00,1.44,1.48,1.44,1.48,105473,0
2018-03-20,15:00:00,1.47,1.49,1.43,1.46,52570,0
2018-03-20,16:00:00,1.47,1.47,1.42,1.46,128880,0
2018-03-20,17:00:00,1.455,1.46,1.43,1.435,20412,0
2018-03-20,18:00:00,1.44,1.47,1.43,1.455,20806,0
2018-03-20,19:00:00,1.455,1.47,1.455,1.4661,14591,0
2018-03-20,20:00:00,1.4699,1.5,1.45,1.46,113829,0
2018-03-20,21:00:00,1.46,1.5,1.45,1.46,124556,0
2018-03-21,15:00:00,1.46,1.49,1.46,1.485,7412,0
2018-03-21,16:00:00,1.48,1.49,1.46,1.49,72685,0
2018-03-21,17:00:00,1.485,1.49,1.47,1.475,26721,0
2018-03-21,18:00:00,1.47,1.475,1.46,1.465,22186,0
2018-03-21,19:00:00,1.47,1.49,1.47,1.49,29900,0
2018-03-21,20:00:00,1.4851,1.53,1.48,1.505,172888,0
2018-03-21,21:00:00,1.51,1.52,1.48,1.49,144066,0
2018-03-22,15:00:00,1.5,1.5,1.4601,1.48,25331,0
2018-03-22,16:00:00,1.48,1.5,1.473,1.49,18025,0
2018-03-22,17:00:00,1.49,1.5,1.46,1.46,41267,0
2018-03-22,18:00:00,1.465,1.49,1.45,1.485,33040,0
2018-03-22,19:00:00,1.485,1.49,1.43,1.46,151799,0
2018-03-22,20:00:00,1.46,1.46,1.44,1.46,74265,0
2018-03-22,21:00:00,1.46,1.46,1.45,1.45,199208,0
2018-03-23,15:00:00,1.46,1.479,1.41,1.425,57585,0
2018-03-23,16:00:00,1.421,1.48,1.42,1.48,65701,0
2018-03-23,17:00:00,1.48,1.48,1.44,1.46,30699,0
2018-03-23,18:00:00,1.46,1.48,1.44,1.465,41391,0
2018-03-23,19:00:00,1.47,1.48,1.45,1.47,49001,0
2018-03-23,20:00:00,1.48,1.51,1.45,1.46,98876,0
2018-03-23,21:00:00,1.47,1.48,1.43,1.44,77312,0
2018-03-26,16:00:00,1.44,1.46,1.42,1.425,35088,0
2018-03-26,17:00:00,1.43,1.47,1.4229,1.445,62862,0
2018-03-26,18:00:00,1.445,1.45,1.44,1.44,129007,0
2018-03-26,19:00:00,1.445,1.45,1.41,1.41,136932,0
2018-03-26,20:00:00,1.415,1.42,1.4,1.42,84451,0
2018-03-26,21:00:00,1.42,1.44,1.41,1.4352,33899,0
2018-03-26,22:00:00,1.431,1.44,1.4,1.41,217581,0
2018-03-27,16:00:00,1.4,1.429,1.38,1.42,49557,0
2018-03-27,17:00:00,1.42,1.44,1.41,1.42,28885,0
2018-03-27,18:00:00,1.42,1.435,1.4,1.425,15100,0
2018-03-27,19:00:00,1.43,1.43,1.42,1.43,18589,0
2018-03-27,20:00:00,1.42,1.43,1.42,1.425,6963,0
2018-03-27,21:00:00,1.43,1.43,1.4,1.405,16431,0
2018-03-27,22:00:00,1.4,1.41,1.37,1.37,139252,0
2018-03-28,16:00:00,1.38,1.38,1.325,1.37,83111,0
2018-03-28,17:00:00,1.36,1.39,1.35,1.375,49937,0
2018-03-28,18:00:00,1.38,1.38,1.34,1.355,123127,0
2018-03-28,19:00:00,1.355,1.4,1.34,1.39,81717,0
2018-03-28,20:00:00,1.395,1.4,1.37,1.395,29200,0
2018-03-28,21:00:00,1.395,1.4,1.375,1.39,53108,0
2018-03-28,22:00:00,1.3831,1.39,1.35,1.35,63268,0
2018-03-29,16:00:00,1.35,1.39,1.325,1.33,23132,0
2018-03-29,17:00:00,1.335,1.38,1.32,1.37,44569,0
2018-03-29,18:00:00,1.36,1.36,1.33,1.34,45192,0
2018-03-29,19:00:00,1.345,1.36,1.321,1.36,52169,0
2018-03-29,20:00:00,1.36,1.38,1.355,1.375,37266,0
2018-03-29,21:00:00,1.38,1.39,1.34,1.35,153702,0
2018-03-29,22:00:00,1.34,1.355,1.33,1.335,108698,0
