Date,Time,Open,High,Low,Close,Volume,OpenInt
2016-11-02,15:00:00,21.818,21.818,21.818,21.818,732,0
2016-11-02,16:00:00,21.372,21.912,21.372,21.891,2782,0
2016-11-02,17:00:00,21.607,22.056,21.58,22.034,2308,0
2016-11-02,21:00:00,21.768,21.768,21.768,21.768,106,0
2016-11-03,15:00:00,21.912,21.912,21.912,21.912,416,0
2016-11-03,16:00:00,21.723,21.723,21.723,21.723,212,0
2016-11-04,18:00:00,21.198,21.198,21.151,21.198,524,0
2016-11-04,20:00:00,21.151,21.413,21.151,21.413,762,0
2016-11-04,21:00:00,21.246,21.246,21.246,21.246,408,0
2016-11-07,16:00:00,21.723,21.989,21.56,21.989,2460,0
2016-11-08,16:00:00,21.674,21.674,21.674,21.674,106,0
2016-11-08,18:00:00,21.628,21.628,21.628,21.628,316,0
2016-11-08,20:00:00,21.723,21.912,21.719,21.719,2203,0
2016-11-08,22:00:00,21.633,21.723,21.628,21.723,630,0
2016-11-09,16:00:00,21.818,21.912,21.818,21.912,252,0
2016-11-09,18:00:00,21.723,21.723,21.723,21.723,499,0
2016-11-09,20:00:00,21.768,21.866,21.755,21.803,1575,0
2016-11-09,21:00:00,21.818,21.818,21.818,21.818,212,0
2016-11-09,22:00:00,21.818,21.912,21.818,21.912,1758,0
2016-11-10,16:00:00,21.912,21.912,21.674,21.674,1480,0
2016-11-10,17:00:00,21.794,21.794,21.794,21.794,230,0
2016-11-11,16:00:00,21.912,21.912,21.912,21.912,118,0
2016-11-11,18:00:00,21.912,21.961,21.912,21.961,144615,0
2016-11-11,19:00:00,22.008,22.056,22.008,22.056,1784,0
2016-11-11,21:00:00,21.993,22.199,21.993,22.189,3010,0
2016-11-11,22:00:00,22.199,22.247,22.104,22.247,1155,0
2016-11-14,16:00:00,22.247,22.247,22.247,22.247,996,0
2016-11-14,17:00:00,22.295,22.295,22.247,22.295,1155,0
2016-11-14,18:00:00,22.27,22.295,22.247,22.295,2308,0
2016-11-14,19:00:00,22.247,22.247,22.247,22.247,106,0
2016-11-14,20:00:00,22.28,22.295,22.28,22.295,524,0
2016-11-14,21:00:00,22.295,22.295,22.151,22.199,709,0
2016-11-14,22:00:00,22.104,22.104,22.104,22.104,212,0
2016-11-15,19:00:00,22.247,22.247,22.247,22.247,106,0
2016-11-15,21:00:00,22.199,22.199,22.199,22.199,316,0
2016-11-15,22:00:00,22.151,22.151,22.151,22.151,106,0
2016-11-16,16:00:00,22.295,22.345,22.295,22.345,836,0
2016-11-16,17:00:00,22.389,22.389,22.295,22.295,840,0
2016-11-16,18:00:00,22.295,22.295,22.295,22.295,145,0
2016-11-16,19:00:00,22.199,22.199,22.199,22.199,316,0
2016-11-16,21:00:00,22.184,22.184,22.184,22.184,256,0
2016-11-16,22:00:00,22.247,22.389,22.247,22.389,418,0
2016-11-17,17:00:00,22.436,22.436,22.415,22.436,840,0
2016-11-17,19:00:00,22.914,23.341,22.914,23.341,1082,0
2016-11-17,20:00:00,24.104,24.295,23.341,23.341,1635,0
2016-11-17,22:00:00,23.138,23.341,23.138,23.152,840,0
2016-11-18,17:00:00,23.319,23.319,23.319,23.319,524,0
2016-11-18,18:00:00,23.295,23.341,23.295,23.341,680,0
2016-11-18,19:00:00,23.341,23.341,23.295,23.295,946,0
2016-11-18,20:00:00,23.341,23.341,23.341,23.341,106,0
2016-11-18,21:00:00,23.295,23.341,23.295,23.341,1155,0
2016-11-18,22:00:00,23.341,23.341,23.295,23.341,524,0
2016-11-21,16:00:00,23.341,23.341,23.341,23.341,630,0
2016-11-21,20:00:00,23.341,23.341,23.341,23.341,106,0
2016-11-21,22:00:00,23.295,23.295,23.295,23.295,106,0
2016-11-22,18:00:00,22.874,22.874,22.874,22.874,1050,0
2016-11-22,19:00:00,23.059,23.103,23.059,23.103,630,0
2016-11-22,20:00:00,23.103,23.103,23.056,23.056,316,0
2016-11-22,22:00:00,23.295,23.341,23.246,23.341,919,0
2016-11-23,16:00:00,23.341,23.341,23.341,23.341,1072,0
2016-11-23,18:00:00,23.272,23.341,23.272,23.341,734,0
2016-11-23,19:00:00,23.341,23.341,23.341,23.341,106,0
2016-11-25,17:00:00,23.341,23.341,23.341,23.341,2012,0
2016-11-29,16:00:00,23.056,23.341,23.056,23.341,238,0
2016-11-29,17:00:00,23.246,23.246,23.08,23.08,418,0
2016-11-29,18:00:00,23.223,23.246,23.223,23.246,734,0
2016-11-29,19:00:00,23.246,23.246,23.246,23.246,106,0
2016-11-29,21:00:00,23.23,23.246,23.162,23.246,3355,0
2016-11-29,22:00:00,23.219,23.246,23.219,23.246,1470,0
2016-11-30,18:00:00,23.246,23.341,23.226,23.341,1470,0
2016-11-30,22:00:00,23.246,23.341,23.246,23.341,630,0
2016-12-01,18:00:00,23.341,23.341,23.341,23.341,734,0
2016-12-01,20:00:00,23.341,23.341,23.341,23.341,2624,0
2016-12-01,22:00:00,23.301,23.341,23.295,23.338,5721,0
2016-12-02,16:00:00,23.58,23.58,23.546,23.58,3174,0
2016-12-02,17:00:00,23.58,23.58,23.58,23.58,3747,0
2016-12-02,20:00:00,23.77,23.77,23.77,23.77,106,0
2016-12-05,16:00:00,23.818,23.818,23.818,23.818,5038,0
2016-12-05,17:00:00,23.818,24.057,23.818,24.057,1889,0
2016-12-05,18:00:00,24.057,24.057,24.057,24.057,316,0
2016-12-05,19:00:00,24.057,24.057,23.912,23.912,316,0
2016-12-05,20:00:00,24.057,24.057,24.057,24.057,212,0
2016-12-05,21:00:00,24.057,24.057,24.057,24.057,212,0
2016-12-05,22:00:00,24.057,24.057,24.009,24.057,2103,0
2016-12-06,16:00:00,24.057,24.057,24.057,24.057,1964,0
2016-12-06,17:00:00,24.057,24.057,24.057,24.057,946,0
2016-12-06,18:00:00,24.057,24.057,24.057,24.057,524,0
2016-12-06,20:00:00,24.057,24.057,24.057,24.057,212,0
2016-12-06,21:00:00,24.057,24.057,24.009,24.009,630,0
2016-12-06,22:00:00,24.057,24.248,24.009,24.248,4198,0
2016-12-07,18:00:00,24.248,24.248,24.248,24.248,105,0
2016-12-07,20:00:00,24.122,24.122,24.122,24.122,131,0
2016-12-07,22:00:00,24.507,24.507,24.411,24.411,1889,0
2016-12-08,16:00:00,24.363,24.363,24.363,24.363,260,0
2016-12-08,17:00:00,24.363,24.363,24.363,24.363,105,0
2016-12-08,19:00:00,24.363,24.363,24.314,24.314,210,0
2016-12-08,20:00:00,24.314,24.507,24.314,24.507,428,0
2016-12-08,21:00:00,24.411,24.411,24.411,24.411,210,0
2016-12-08,22:00:00,24.352,24.507,24.314,24.507,1981,0
2016-12-09,16:00:00,24.507,24.507,24.507,24.507,2362,0
2016-12-09,17:00:00,24.507,25.054,24.507,24.987,4583,0
2016-12-09,18:00:00,24.987,24.987,24.892,24.905,3122,0
2016-12-09,19:00:00,24.795,24.795,24.795,24.795,625,0
2016-12-09,20:00:00,24.795,24.795,24.497,24.795,1186,0
2016-12-09,21:00:00,24.651,24.651,24.578,24.651,833,0
2016-12-09,22:00:00,24.603,24.603,24.315,24.603,1426,0
2016-12-12,16:00:00,24.603,24.603,24.603,24.603,520,0
2016-12-12,21:00:00,24.507,24.507,24.507,24.507,425,0
2016-12-12,22:00:00,24.507,24.507,24.507,24.507,2082,0
2016-12-13,21:00:00,24.411,24.411,24.411,24.411,2082,0
2016-12-13,22:00:00,24.411,24.411,24.314,24.411,728,0
2016-12-14,18:00:00,24.314,24.603,24.314,24.603,652,0
2016-12-14,19:00:00,24.543,24.603,24.507,24.603,520,0
2016-12-14,20:00:00,24.554,24.554,24.458,24.507,4276,0
2016-12-14,21:00:00,24.531,24.554,24.507,24.531,5599,0
2016-12-14,22:00:00,24.507,24.507,24.267,24.267,5445,0
2016-12-15,17:00:00,24.267,24.267,24.267,24.267,1277,0
2016-12-15,18:00:00,24.554,24.554,24.483,24.483,210,0
2016-12-15,19:00:00,24.603,24.939,24.483,24.939,1561,0
2016-12-15,20:00:00,24.795,24.987,24.795,24.987,2663,0
2016-12-15,21:00:00,25.227,25.227,25.227,25.227,105,0
2016-12-16,16:00:00,25.227,25.227,25.227,25.227,625,0
2016-12-16,17:00:00,25.227,25.227,24.895,25.227,520,0
2016-12-16,18:00:00,25.468,25.468,25.227,25.253,520,0
2016-12-16,21:00:00,25.114,25.114,25.114,25.114,520,0
2016-12-16,22:00:00,25.276,25.42,25.276,25.42,672,0
2016-12-19,16:00:00,25.179,25.179,25.179,25.179,210,0
2016-12-19,17:00:00,25.429,25.429,25.429,25.429,260,0
2016-12-19,18:00:00,25.468,25.468,25.468,25.468,105,0
2016-12-19,19:00:00,25.468,25.468,25.468,25.468,105,0
2016-12-19,20:00:00,25.468,25.468,25.395,25.395,210,0
2016-12-19,22:00:00,25.373,25.373,25.373,25.373,260,0
2016-12-20,16:00:00,25.468,25.468,25.468,25.468,210,0
2016-12-20,17:00:00,25.425,25.425,25.425,25.425,214,0
2016-12-20,18:00:00,25.468,25.515,25.227,25.515,6468,0
2016-12-20,19:00:00,25.659,25.659,25.659,25.659,105,0
2016-12-20,21:00:00,25.659,25.659,25.659,25.659,105,0
2016-12-20,22:00:00,25.853,25.853,25.853,25.853,105,0
2016-12-21,16:00:00,24.854,24.854,24.854,24.854,471,0
2016-12-21,17:00:00,25.163,25.163,25.163,25.163,105,0
2016-12-21,19:00:00,25.323,25.323,25.179,25.179,618,0
2016-12-21,20:00:00,25.42,25.42,25.227,25.227,1214,0
2016-12-21,21:00:00,25.227,25.227,25.227,25.227,105,0
2016-12-21,22:00:00,25.082,25.179,25.082,25.179,210,0
2016-12-22,18:00:00,25.132,25.132,25.082,25.082,625,0
2016-12-23,21:00:00,24.651,24.651,24.554,24.554,210,0
2016-12-27,18:00:00,24.554,24.554,24.554,24.554,180,0
2016-12-27,19:00:00,24.507,24.507,24.507,24.507,261,0
2016-12-27,22:00:00,24.507,24.507,24.507,24.507,349,0
2016-12-28,22:00:00,24.554,24.554,24.554,24.554,105,0
2016-12-29,17:00:00,24.795,24.795,24.747,24.747,320,0
2016-12-29,18:00:00,24.747,24.747,24.747,24.747,397,0
2016-12-29,22:00:00,24.507,24.507,24.267,24.267,950,0
2016-12-30,16:00:00,24.363,24.363,24.363,24.363,311,0
2016-12-30,22:00:00,25.036,25.036,24.843,24.843,210,0
2017-01-03,16:00:00,25.079,25.081,25.045,25.081,398,0
2017-01-03,21:00:00,25.036,25.036,25.036,25.036,622,0
2017-01-03,22:00:00,25.036,25.036,24.915,25.012,520,0
2017-01-04,18:00:00,24.507,24.987,24.507,24.987,2071,0
2017-01-04,20:00:00,24.507,24.795,24.507,24.795,229,0
2017-01-04,21:00:00,24.554,24.554,24.554,24.554,105,0
2017-01-04,22:00:00,24.812,24.987,24.554,24.892,6283,0
2017-01-05,21:00:00,24.987,25.082,24.627,25.082,2641,0
2017-01-06,16:00:00,25.082,25.082,25.082,25.082,417,0
2017-01-06,19:00:00,25.058,25.058,25.058,25.058,520,0
2017-01-09,21:00:00,24.651,24.651,24.651,24.651,1327,0
2017-01-09,22:00:00,24.698,24.939,24.698,24.939,210,0
2017-01-10,16:00:00,24.706,24.706,24.706,24.706,520,0
2017-01-10,21:00:00,25.036,25.036,25.036,25.036,132,0
2017-01-10,22:00:00,24.448,24.939,24.448,24.939,317,0
2017-01-11,16:00:00,24.939,24.939,24.939,24.939,220,0
2017-01-11,22:00:00,24.887,24.939,24.554,24.554,921,0
2017-01-12,16:00:00,24.913,24.913,24.913,24.913,520,0
2017-01-12,18:00:00,24.808,24.808,24.808,24.808,625,0
2017-01-12,19:00:00,24.892,24.939,24.758,24.758,1561,0
2017-01-12,20:00:00,24.939,24.939,24.723,24.939,4149,0
2017-01-12,21:00:00,24.795,25.082,24.795,25.082,1006,0
2017-01-12,22:00:00,25.179,25.468,25.179,25.468,554,0
2017-01-17,16:00:00,25.468,30.561,25.468,30.561,2082,0
2017-01-17,17:00:00,25.227,25.227,25.227,25.227,105,0
2017-01-17,21:00:00,25.227,25.227,25.227,25.227,186,0
2017-01-17,22:00:00,25.227,25.227,25.179,25.179,265,0
2017-01-18,17:00:00,25.132,25.132,25.132,25.132,268,0
2017-01-18,18:00:00,25.34,25.34,25.34,25.34,365,0
2017-01-18,21:00:00,25.276,25.276,24.795,24.795,2082,0
2017-01-18,22:00:00,24.122,24.987,24.122,24.987,395,0
2017-01-19,16:00:00,25.082,25.209,25.082,25.209,1954,0
2017-01-19,22:00:00,25.276,25.276,25.276,25.276,105,0
2017-01-20,16:00:00,25.372,25.372,25.372,25.372,520,0
2017-01-20,17:00:00,25.468,25.468,25.45,25.468,1144,0
2017-01-20,20:00:00,25.468,25.468,25.468,25.468,105,0
2017-01-20,21:00:00,25.468,25.468,25.468,25.468,105,0
2017-01-20,22:00:00,25.468,25.468,25.468,25.468,105,0
2017-01-23,16:00:00,24.507,24.507,24.507,24.507,475,0
2017-01-25,22:00:00,25.179,25.179,25.179,25.179,111,0
2017-01-26,17:00:00,24.987,24.987,24.987,24.987,311,0
2017-01-26,22:00:00,25.082,25.082,25.082,25.082,105,0
2017-01-30,21:00:00,25.305,25.327,25.227,25.327,1365,0
2017-01-30,22:00:00,25.323,25.515,25.323,25.515,385,0
2017-01-31,17:00:00,25.899,25.899,25.899,25.899,222,0
2017-01-31,18:00:00,25.939,25.949,25.939,25.949,573,0
2017-01-31,19:00:00,25.853,25.853,25.853,25.853,210,0
2017-01-31,20:00:00,25.899,25.899,25.899,25.899,419,0
2017-02-01,18:00:00,25.949,25.949,25.949,25.949,311,0
2017-02-01,19:00:00,25.949,25.949,25.323,25.949,1041,0
2017-02-01,20:00:00,25.949,26.044,25.323,25.949,4205,0
2017-02-01,21:00:00,25.949,25.949,25.875,25.899,1248,0
2017-02-01,22:00:00,25.949,26.044,25.899,25.949,2713,0
2017-02-02,16:00:00,25.949,25.949,25.949,25.949,426,0
2017-02-02,19:00:00,25.853,25.853,25.853,25.853,210,0
2017-02-02,20:00:00,25.853,25.853,25.853,25.853,105,0
2017-02-02,22:00:00,25.853,25.853,25.853,25.853,105,0
2017-02-06,18:00:00,25.804,25.804,25.804,25.804,105,0
2017-02-07,17:00:00,25.374,25.374,25.374,25.374,105,0
2017-02-07,22:00:00,25.852,25.852,25.852,25.852,285,0
2017-02-08,16:00:00,25.804,25.827,24.567,25.827,625,0
2017-02-08,17:00:00,25.227,25.227,24.603,24.603,36939,0
2017-02-08,18:00:00,25.372,25.372,25.372,25.372,210,0
2017-02-08,20:00:00,25.42,25.42,24.987,25.031,625,0
2017-02-08,21:00:00,25.036,25.227,25.036,25.227,50968,0
2017-02-08,22:00:00,25.408,25.433,24.987,25.036,860,0
2017-02-09,17:00:00,25.179,25.179,25.132,25.132,311,0
2017-02-09,21:00:00,25.515,25.564,25.515,25.564,210,0
2017-02-09,22:00:00,24.843,24.843,24.843,24.843,105,0
2017-02-10,17:00:00,25.238,25.238,25.238,25.238,365,0
2017-02-10,21:00:00,25.179,25.179,25.179,25.179,625,0
2017-02-10,22:00:00,25.179,25.179,24.651,25.179,630,0
2017-02-13,22:00:00,24.915,25.106,24.795,25.059,1561,0
2017-02-14,17:00:00,24.933,25.132,24.933,25.132,2116,0
2017-02-14,18:00:00,25.132,25.132,25.132,25.132,308,0
2017-02-14,22:00:00,25.179,25.179,25.132,25.179,672,0
2017-02-15,16:00:00,25.468,25.468,25.468,25.468,105,0
2017-02-15,17:00:00,25.42,25.468,25.372,25.42,2394,0
2017-02-15,18:00:00,25.42,25.468,24.507,25.372,4267,0
2017-02-15,19:00:00,25.323,25.468,25.323,25.468,520,0
2017-02-15,20:00:00,25.468,25.468,25.468,25.468,105,0
2017-02-15,21:00:00,25.564,25.564,25.564,25.564,105,0
2017-02-15,22:00:00,25.179,25.515,25.179,25.468,5790,0
2017-02-16,17:00:00,25.42,25.42,25.179,25.179,2462,0
2017-02-16,20:00:00,25.247,25.29,25.203,25.29,5119,0
2017-02-16,21:00:00,25.179,25.179,25.132,25.132,728,0
2017-02-16,22:00:00,25.179,25.323,25.179,25.323,1304,0
2017-02-17,21:00:00,24.987,24.987,24.987,24.987,105,0
2017-02-17,22:00:00,24.843,24.843,24.843,24.843,105,0
2017-02-21,18:00:00,25.082,25.082,25.082,25.082,210,0
2017-02-21,22:00:00,25.347,25.347,25.347,25.347,210,0
2017-02-22,17:00:00,25.227,25.227,25.227,25.227,105,0
2017-02-22,21:00:00,24.843,24.843,24.267,24.363,6036,0
2017-02-22,22:00:00,24.411,24.554,24.267,24.267,2914,0
2017-02-23,16:00:00,24.267,24.267,24.267,24.267,105,0
2017-02-23,17:00:00,24.458,24.605,24.458,24.605,415,0
2017-02-23,21:00:00,24.458,24.458,24.411,24.411,666,0
2017-02-23,22:00:00,24.267,24.267,24.267,24.267,2435,0
2017-02-24,16:00:00,24.267,24.267,24.267,24.267,2123,0
2017-02-27,16:00:00,24.267,25.323,24.267,25.323,4682,0
2017-02-27,17:00:00,24.843,24.987,24.843,24.915,2168,0
2017-02-27,20:00:00,24.987,24.987,24.987,24.987,105,0
2017-02-27,22:00:00,25.372,25.372,25.372,25.372,267,0
2017-02-28,16:00:00,25.276,25.276,25.276,25.276,1041,0
2017-02-28,17:00:00,25.276,25.276,25.276,25.276,105,0
2017-02-28,19:00:00,25.036,25.132,24.986,25.082,2363,0
2017-02-28,20:00:00,25.082,25.082,25.003,25.082,2437,0
2017-02-28,22:00:00,24.684,24.987,24.684,24.892,3351,0
2017-03-01,17:00:00,25.263,25.263,25.263,25.263,520,0
2017-03-01,20:00:00,25.372,25.372,25.321,25.321,415,0
2017-03-01,22:00:00,25.323,25.323,25.295,25.295,1123,0
2017-03-02,20:00:00,25.276,25.276,25.276,25.276,180,0
2017-03-02,22:00:00,25.276,25.276,25.276,25.276,186,0
2017-03-03,19:00:00,25.132,25.132,25.132,25.132,105,0
2017-03-03,20:00:00,25.227,25.468,25.227,25.468,2055,0
2017-03-03,22:00:00,25.564,25.564,25.276,25.277,415,0
2017-03-06,16:00:00,25.468,25.468,25.468,25.468,105,0
2017-03-06,17:00:00,25.54,25.54,25.54,25.54,105,0
2017-03-06,18:00:00,25.515,25.515,25.468,25.468,311,0
2017-03-06,21:00:00,25.564,25.564,25.564,25.564,105,0
2017-03-06,22:00:00,25.564,25.564,25.564,25.564,105,0
2017-03-07,17:00:00,25.659,25.659,25.659,25.659,210,0
2017-03-07,18:00:00,25.733,25.733,25.733,25.733,105,0
2017-03-07,19:00:00,25.853,25.853,25.804,25.804,415,0
2017-03-08,18:00:00,25.775,25.775,25.775,25.775,208,0
2017-03-08,20:00:00,25.97,25.97,25.774,25.97,929,0
2017-03-08,22:00:00,25.946,25.97,25.946,25.97,1147,0
2017-03-09,18:00:00,26.066,26.14,26.066,26.14,999,0
2017-03-09,20:00:00,26.157,26.162,26.114,26.114,1063,0
2017-03-09,22:00:00,26.016,26.016,26.016,26.016,208,0
2017-03-10,22:00:00,26.162,26.162,26.066,26.066,680,0
2017-03-13,21:00:00,25.73,25.73,25.73,25.73,516,0
2017-03-14,16:00:00,25.727,25.727,25.727,25.727,104,0
2017-03-14,20:00:00,25.92,26.192,25.92,26.119,620,0
2017-03-15,19:00:00,25.97,26.066,25.97,26.066,224,0
2017-03-15,20:00:00,26.016,26.114,26.016,26.114,225,0
2017-03-15,21:00:00,25.678,25.678,25.678,25.678,204,0
2017-03-16,15:00:00,25.678,25.678,25.678,25.678,413,0
2017-03-17,16:00:00,24.719,24.719,24.714,24.714,1032,0
2017-03-17,18:00:00,24.951,25.531,24.806,25.531,1291,0
2017-03-17,19:00:00,25.048,25.048,25.048,25.048,104,0
2017-03-17,20:00:00,25.589,25.589,25.589,25.589,208,0
2017-03-17,21:00:00,25.339,28.489,25.194,28.439,38085,0
2017-03-20,15:00:00,27.907,27.907,27.761,27.858,1134,0
2017-03-20,16:00:00,27.858,28.003,27.791,27.956,6802,0
2017-03-20,17:00:00,28.198,28.246,27.858,28.246,1404,0
2017-03-20,18:00:00,28.343,28.343,27.956,28.343,1446,0
2017-03-20,19:00:00,28.198,28.343,28.198,28.343,1446,0
2017-03-20,20:00:00,28.343,28.391,28.343,28.391,208,0
2017-03-20,21:00:00,28.246,28.391,28.149,28.246,3757,0
2017-03-21,15:00:00,28.052,28.052,28.052,28.052,208,0
2017-03-21,16:00:00,28.115,28.197,28.003,28.149,2153,0
2017-03-21,17:00:00,28.101,28.101,27.519,27.519,929,0
2017-03-21,18:00:00,27.551,27.616,27.551,27.568,1987,0
2017-03-21,19:00:00,27.616,27.8,27.616,27.8,1961,0
2017-03-21,20:00:00,27.616,27.616,27.616,27.616,104,0
2017-03-21,21:00:00,27.616,27.858,27.616,27.858,501,0
2017-03-22,15:00:00,27.761,27.761,27.761,27.761,309,0
2017-03-22,16:00:00,27.907,28.101,27.815,27.853,5310,0
2017-03-22,17:00:00,27.907,28.003,27.761,27.761,722,0
2017-03-22,18:00:00,27.761,27.761,27.591,27.591,208,0
2017-03-22,19:00:00,27.761,27.761,27.761,27.761,722,0
2017-03-22,20:00:00,27.761,27.907,27.761,27.907,1446,0
2017-03-22,21:00:00,28.003,28.052,28.003,28.052,709,0
2017-03-23,17:00:00,27.858,27.858,27.858,27.858,104,0
2017-03-23,18:00:00,27.858,27.907,27.568,27.568,2158,0
2017-03-23,19:00:00,27.62,27.907,27.62,27.907,620,0
2017-03-23,21:00:00,27.713,27.858,27.713,27.858,220,0
2017-03-24,16:00:00,27.788,27.788,27.667,27.667,635,0
2017-03-27,16:00:00,27.665,27.665,27.47,27.47,309,0
2017-03-27,17:00:00,27.554,27.665,27.554,27.665,309,0
2017-03-27,22:00:00,27.665,27.665,27.665,27.665,309,0
2017-03-28,21:00:00,28.003,28.003,28.003,28.003,208,0
2017-03-28,22:00:00,28.003,28.003,27.665,27.665,331,0
2017-03-29,17:00:00,27.747,27.784,27.747,27.784,1032,0
2017-03-29,18:00:00,28.003,28.052,28.003,28.052,412,0
2017-03-29,21:00:00,28.003,28.003,27.907,27.907,516,0
2017-03-29,22:00:00,27.956,27.956,27.956,27.956,372,0
2017-03-30,17:00:00,27.956,27.956,27.956,27.956,412,0
2017-03-30,19:00:00,27.802,27.81,27.802,27.81,826,0
2017-03-30,21:00:00,27.998,27.998,27.998,27.998,309,0
2017-03-30,22:00:00,28.003,28.052,27.81,27.81,2674,0
2017-03-31,17:00:00,27.424,27.424,27.423,27.423,516,0
2017-03-31,18:00:00,27.426,27.519,27.374,27.423,3228,0
2017-03-31,21:00:00,27.423,27.423,27.423,27.423,104,0
2017-03-31,22:00:00,27.423,27.423,27.374,27.423,1238,0
2017-04-03,16:00:00,27.423,27.423,27.423,27.423,114,0
2017-04-03,17:00:00,27.519,27.519,27.519,27.519,357,0
2017-04-03,19:00:00,28.003,28.003,27.886,27.886,516,0
2017-04-03,20:00:00,27.931,27.968,27.931,27.968,208,0
2017-04-03,22:00:00,27.761,27.761,27.761,27.761,104,0
2017-04-04,17:00:00,27.616,27.616,27.591,27.591,208,0
2017-04-04,18:00:00,27.519,27.616,27.519,27.616,620,0
2017-04-04,19:00:00,27.858,27.858,27.858,27.858,208,0
2017-04-04,20:00:00,27.907,27.907,27.907,27.907,208,0
2017-04-04,21:00:00,27.907,27.907,27.036,27.324,1134,0
2017-04-04,22:00:00,27.132,27.132,26.259,26.454,5160,0
2017-04-05,16:00:00,26.647,26.647,26.502,26.502,3416,0
2017-04-05,17:00:00,26.793,26.797,26.696,26.696,1238,0
2017-04-05,18:00:00,26.647,26.696,26.647,26.647,2539,0
2017-04-05,22:00:00,27.278,27.278,26.454,26.454,1134,0
2017-04-06,16:00:00,26.795,26.795,26.795,26.795,208,0
2017-04-07,17:00:00,28.003,28.003,27.634,27.634,309,0
2017-04-07,21:00:00,26.84,26.84,26.84,26.84,620,0
2017-04-10,17:00:00,27.541,27.541,26.404,26.404,1141,0
2017-04-10,19:00:00,27.082,27.082,27.082,27.082,104,0
2017-04-10,22:00:00,27.423,27.423,27.423,27.423,104,0
2017-04-11,16:00:00,26.89,27.541,26.89,27.541,309,0
2017-04-11,18:00:00,26.928,27.228,26.928,26.986,1321,0
2017-04-11,19:00:00,27.228,27.519,27.203,27.423,1842,0
2017-04-11,20:00:00,27.47,27.568,27.47,27.568,725,0
2017-04-11,21:00:00,26.704,26.704,26.704,26.704,1332,0
2017-04-11,22:00:00,27.253,27.253,26.986,26.986,402,0
2017-04-12,22:00:00,27.568,27.568,27.324,27.324,309,0
2017-04-13,21:00:00,27.47,27.47,27.47,27.47,104,0
2017-04-18,16:00:00,26.937,26.937,26.937,26.937,208,0
2017-04-18,21:00:00,27.542,27.542,27.542,27.542,228,0
2017-04-18,22:00:00,26.937,26.937,26.937,26.937,110,0
2017-04-19,22:00:00,27.374,27.423,27.374,27.374,1961,0
2017-04-20,21:00:00,26.846,27.014,26.84,26.84,2142,0
2017-04-20,22:00:00,27.082,27.082,26.937,26.937,309,0
2017-04-21,16:00:00,26.937,26.937,26.937,26.937,877,0
2017-04-21,17:00:00,26.937,26.964,26.937,26.937,1444,0
2017-04-21,19:00:00,27.132,27.133,27.132,27.133,929,0
2017-04-21,20:00:00,27.132,27.132,27.132,27.132,104,0
2017-04-21,22:00:00,27.132,27.324,26.986,26.986,1455,0
2017-04-24,21:00:00,26.986,26.986,26.986,26.986,185,0
2017-04-25,16:00:00,26.986,26.986,26.937,26.986,1575,0
2017-04-25,17:00:00,27.031,27.031,27.031,27.031,309,0
2017-04-25,18:00:00,27.132,27.132,27.132,27.132,620,0
2017-04-25,19:00:00,26.798,26.798,26.798,26.798,208,0
2017-04-25,22:00:00,27.423,27.423,27.423,27.423,412,0
2017-04-26,21:00:00,27.395,27.423,27.112,27.331,3197,0
2017-04-27,16:00:00,27.423,27.423,27.423,27.423,110,0
2017-04-27,18:00:00,27.423,27.423,27.423,27.423,104,0
2017-04-28,18:00:00,27.423,27.423,27.368,27.368,516,0
2017-05-01,16:00:00,27.132,27.132,27.132,27.132,962,0
2017-05-01,17:00:00,27.132,27.132,27.132,27.132,119,0
2017-05-02,16:00:00,25.727,25.727,25.727,25.727,131,0
2017-05-02,18:00:00,26.231,26.231,26.163,26.163,208,0
2017-05-02,19:00:00,26.869,27.18,26.869,27.155,516,0
2017-05-02,20:00:00,27.132,27.132,27.132,27.132,1073,0
2017-05-03,17:00:00,26.886,27.132,26.886,27.132,882,0
2017-05-03,22:00:00,27.132,27.132,26.89,26.89,516,0
2017-05-04,22:00:00,26.598,26.598,26.598,26.598,104,0
2017-05-05,16:00:00,26.986,26.986,26.986,26.986,258,0
2017-05-05,17:00:00,26.815,26.815,26.815,26.815,258,0
2017-05-05,21:00:00,26.793,26.793,26.793,26.793,144,0
2017-05-08,18:00:00,26.647,26.647,26.647,26.647,42524,0
2017-05-08,21:00:00,27.082,27.082,27.082,27.082,104,0
2017-05-08,22:00:00,26.212,26.744,26.162,26.744,1548,0
2017-05-09,16:00:00,25.97,27.201,25.97,27.201,995,0
2017-05-09,21:00:00,27.031,27.031,27.031,27.031,104,0
2017-05-15,20:00:00,26.308,26.86,25.97,26.647,13849,0
2017-05-16,19:00:00,25.774,27.132,25.774,27.063,980,0
2017-05-22,19:00:00,26.066,26.385,26.066,26.237,1243,0
2017-05-22,20:00:00,26.573,26.573,26.573,26.573,428,0
2017-05-22,21:00:00,26.066,26.308,26.066,26.308,208,0
2017-05-22,22:00:00,26.066,26.349,25.92,26.349,620,0
2017-05-23,19:00:00,26.016,26.016,25.92,25.92,251,0
2017-05-24,21:00:00,25.775,25.775,25.774,25.774,662,0
2017-05-24,22:00:00,25.678,26.137,25.194,26.137,3871,0
2017-05-25,16:00:00,25.97,25.97,24.951,24.951,674,0
2017-05-25,17:00:00,25.736,25.736,25.251,25.251,826,0
2017-05-25,18:00:00,25.387,25.387,25.194,25.194,2430,0
2017-05-25,20:00:00,25.194,25.194,25.179,25.179,1032,0
2017-05-25,21:00:00,25.194,25.217,25.194,25.217,620,0
2017-05-25,22:00:00,25.194,25.194,25.194,25.194,419,0
2017-05-26,16:00:00,24.951,24.951,24.951,24.951,208,0
2017-05-26,17:00:00,25.077,25.97,24.941,25.194,5239,0
2017-05-26,19:00:00,25.417,25.417,25.417,25.417,620,0
2017-05-26,21:00:00,25.266,25.339,25.194,25.339,1392,0
2017-05-26,22:00:00,25.194,25.32,25.048,25.194,3255,0
2017-05-30,17:00:00,25.307,25.307,25.096,25.096,743,0
2017-05-30,18:00:00,25.242,25.242,25.145,25.145,208,0
2017-05-30,19:00:00,25.581,25.581,25.556,25.581,722,0
2017-05-30,21:00:00,25.568,25.568,25.291,25.363,1650,0
2017-05-30,22:00:00,25.387,25.387,25.096,25.096,208,0
2017-05-31,16:00:00,24.563,24.613,24.563,24.613,336,0
2017-05-31,18:00:00,24.903,24.903,24.563,24.563,309,0
2017-05-31,19:00:00,24.467,24.613,24.321,24.321,2992,0
2017-05-31,20:00:00,24.563,24.563,24.563,24.563,104,0
2017-05-31,21:00:00,24.321,24.709,24.321,24.684,26970,0
2017-05-31,22:00:00,25.193,25.242,25.193,25.242,579,0
2017-06-01,16:00:00,25.387,26.114,24.515,24.515,1342,0
2017-06-01,17:00:00,25.387,25.387,25.242,25.339,309,0
2017-06-01,18:00:00,24.661,24.661,24.661,24.661,309,0
2017-06-01,20:00:00,25.096,25.096,25.096,25.096,104,0
2017-06-01,21:00:00,24.951,24.951,24.903,24.903,208,0
2017-06-01,22:00:00,24.515,25.01,24.515,25.01,732,0
2017-06-02,16:00:00,24.661,24.661,24.661,24.661,208,0
2017-06-02,19:00:00,24.806,24.806,24.758,24.758,309,0
2017-06-02,21:00:00,25.533,25.533,25.533,25.533,179,0
2017-06-02,22:00:00,24.903,25.933,24.854,25.581,1372,0
2017-06-05,16:00:00,25.242,25.97,24.903,25.194,1329,0
2017-06-05,17:00:00,25.581,25.581,25.581,25.581,104,0
2017-06-05,18:00:00,25.774,25.774,25.242,25.242,309,0
2017-06-05,20:00:00,25.339,25.871,25.291,25.871,722,0
2017-06-05,21:00:00,25.678,25.678,25.678,25.678,208,0
2017-06-06,16:00:00,25.678,25.678,25.678,25.678,104,0
2017-06-06,17:00:00,25.436,25.436,25.436,25.436,104,0
2017-06-06,19:00:00,25.484,25.484,25.484,25.484,104,0
2017-06-07,16:00:00,25.553,25.553,25.553,25.553,194,0
2017-06-07,19:00:00,26.138,26.138,24.802,25.65,416,0
2017-06-07,20:00:00,25.21,25.21,25.21,25.21,103,0
2017-06-07,21:00:00,26.041,26.041,26.041,26.041,103,0
2017-06-08,19:00:00,24.932,24.932,24.932,24.932,607,0
2017-06-08,20:00:00,25.309,25.992,25.21,25.968,932,0
2017-06-08,22:00:00,25.455,25.887,25.357,25.729,819,0
2017-06-09,17:00:00,25.797,25.797,25.797,25.797,103,0
2017-06-09,18:00:00,25.797,25.797,25.797,25.797,103,0
2017-06-09,19:00:00,25.797,25.797,25.797,25.797,103,0
2017-06-09,20:00:00,25.797,25.797,25.797,25.797,103,0
2017-06-12,22:00:00,25.797,25.797,25.797,25.797,103,0
2017-06-14,18:00:00,26.335,26.335,26.335,26.335,159,0
2017-06-14,20:00:00,26.335,26.335,26.335,26.335,103,0
2017-06-14,21:00:00,26.285,26.285,26.285,26.285,103,0
2017-06-14,22:00:00,26.335,26.335,26.335,26.335,112,0
2017-06-15,22:00:00,26.335,26.335,26.335,26.335,103,0
2017-06-19,16:00:00,26.285,26.335,26.285,26.335,409,0
2017-06-19,17:00:00,26.335,26.335,26.335,26.335,103,0
2017-06-19,19:00:00,26.383,26.383,26.383,26.383,103,0
2017-06-19,22:00:00,26.823,26.823,26.335,26.383,5649,0
2017-06-20,17:00:00,26.335,26.432,26.335,26.432,314,0
2017-06-20,18:00:00,25.38,25.386,25.38,25.38,2976,0
2017-06-20,19:00:00,26.663,26.724,26.188,26.188,3276,0
2017-06-20,20:00:00,26.31,26.31,26.31,26.31,306,0
2017-06-20,21:00:00,26.432,26.432,26.188,26.432,5158,0
2017-06-20,22:00:00,26.432,26.432,26.383,26.383,4809,0
2017-06-21,18:00:00,26.481,26.481,26.335,26.432,460,0
2017-06-21,19:00:00,26.383,26.383,26.248,26.248,512,0
2017-06-21,21:00:00,26.245,26.245,26.245,26.245,125,0
2017-06-21,22:00:00,26.383,26.383,26.285,26.285,460,0
2017-06-22,18:00:00,25.894,25.894,25.894,25.894,103,0
2017-06-22,19:00:00,25.904,26.041,25.904,26.015,537,0
2017-06-22,22:00:00,25.944,25.944,25.894,25.894,206,0
2017-06-23,16:00:00,25.21,25.21,25.21,25.21,103,0
2017-06-23,18:00:00,25.65,25.894,25.65,25.869,306,0
2017-06-23,20:00:00,25.7,25.944,25.7,25.944,356,0
2017-06-23,22:00:00,25.504,25.504,25.504,25.504,776,0
2017-06-26,18:00:00,25.387,25.387,25.248,25.248,1631,0
2017-06-26,19:00:00,25.604,25.604,25.604,25.604,306,0
2017-06-26,22:00:00,25.357,25.406,25.162,25.162,901,0
2017-06-27,17:00:00,25.309,25.309,25.309,25.309,291,0
2017-06-27,19:00:00,25.162,25.21,25.162,25.162,1203,0
2017-06-28,16:00:00,25.406,25.406,25.016,25.016,819,0
2017-06-28,17:00:00,25.357,25.406,25.162,25.162,5342,0
2017-06-28,18:00:00,25.26,25.406,25.162,25.162,4687,0
2017-06-28,19:00:00,25.26,25.26,25.162,25.162,3377,0
2017-06-28,20:00:00,25.21,25.21,25.113,25.113,2661,0
2017-06-28,21:00:00,25.162,25.382,25.113,25.309,4195,0
2017-06-28,22:00:00,25.309,25.309,25.016,25.162,9210,0
2017-06-29,16:00:00,25.162,25.406,25.162,25.406,409,0
2017-06-29,17:00:00,25.406,25.406,25.406,25.406,103,0
2017-06-29,19:00:00,25.394,25.602,25.394,25.602,1228,0
2017-06-29,20:00:00,25.406,25.406,25.406,25.406,103,0
2017-06-29,21:00:00,25.406,25.406,25.406,25.406,533,0
2017-06-29,22:00:00,25.455,25.455,25.26,25.26,3405,0
2017-06-30,16:00:00,25.357,25.357,25.357,25.357,103,0
2017-07-03,17:00:00,25.333,25.333,25.333,25.333,206,0
2017-07-05,18:00:00,24.917,24.917,24.917,24.917,819,0
2017-07-05,22:00:00,25.016,25.016,25.016,25.016,103,0
2017-07-06,20:00:00,25.074,25.113,25.074,25.113,246,0
2017-07-06,22:00:00,25.333,25.357,25.333,25.357,306,0
2017-07-10,18:00:00,25.406,25.406,25.357,25.357,512,0
2017-07-10,19:00:00,25.406,25.406,25.406,25.406,103,0
2017-07-10,22:00:00,25.65,25.7,25.65,25.7,281,0
2017-07-11,22:00:00,25.602,25.7,25.602,25.7,1502,0
2017-07-12,16:00:00,25.65,25.65,25.625,25.625,512,0
2017-07-12,17:00:00,25.65,25.65,25.625,25.625,206,0
2017-07-12,22:00:00,26.091,26.091,26.091,26.091,103,0
2017-07-18,16:00:00,24.917,24.917,24.917,24.917,1170,0
2017-07-18,17:00:00,25.894,26.003,25.846,26.003,819,0
2017-07-20,19:00:00,25.541,25.541,25.541,25.541,560,0
2017-07-20,21:00:00,25.973,25.973,25.973,25.973,512,0
2017-07-20,22:00:00,25.869,25.894,25.846,25.894,512,0
2017-07-21,16:00:00,25.65,25.65,25.65,25.65,103,0
2017-07-21,22:00:00,26.188,26.188,26.188,26.188,1038,0
2017-07-24,16:00:00,26.188,26.188,26.188,26.188,387,0
2017-07-24,17:00:00,25.944,26.041,25.406,25.747,1125,0
2017-07-24,18:00:00,26.091,26.383,26.091,26.364,3769,0
2017-07-24,20:00:00,26.261,26.261,26.261,26.261,103,0
2017-07-24,21:00:00,26.188,26.188,26.188,26.188,206,0
2017-07-24,22:00:00,26.335,26.383,26.285,26.383,3650,0
2017-07-25,16:00:00,26.383,26.383,25.894,25.894,819,0
2017-07-25,17:00:00,26.432,26.872,26.335,26.335,684,0
2017-07-25,18:00:00,26.335,26.335,26.335,26.335,103,0
2017-07-25,19:00:00,26.335,26.335,26.335,26.335,256,0
2017-07-25,20:00:00,26.335,26.823,26.335,26.774,2599,0
2017-07-25,21:00:00,26.676,26.676,26.285,26.579,1484,0
2017-07-25,22:00:00,26.774,26.774,26.383,26.383,1196,0
2017-07-26,16:00:00,26.432,26.432,26.383,26.383,229,0
2017-07-26,17:00:00,26.628,26.628,26.561,26.561,1024,0
2017-07-26,19:00:00,26.481,26.481,26.481,26.481,206,0
2017-07-27,17:00:00,26.823,26.857,26.286,26.452,1024,0
2017-07-27,19:00:00,25.869,25.869,25.869,25.869,103,0
2017-07-27,21:00:00,25.7,25.7,25.7,25.7,103,0
2017-07-27,22:00:00,26.016,26.188,25.747,26.188,1708,0
2017-07-28,22:00:00,26.237,26.237,26.237,26.237,1660,0
2017-07-31,16:00:00,26.335,26.335,25.625,26.309,1024,0
2017-07-31,17:00:00,26.091,26.335,26.091,26.335,2666,0
2017-07-31,18:00:00,26.67,26.67,26.67,26.67,153,0
2017-07-31,20:00:00,26.481,26.481,26.481,26.481,206,0
2017-08-01,18:00:00,26.774,26.774,26.138,26.545,1945,0
2017-08-01,21:00:00,26.628,26.628,26.628,26.628,103,0
2017-08-02,16:00:00,26.138,26.138,26.138,26.138,103,0
2017-08-02,17:00:00,26.676,26.774,26.676,26.774,206,0
2017-08-02,22:00:00,26.725,27.312,26.725,27.312,2252,0
2017-08-03,16:00:00,26.969,26.969,26.969,26.969,308,0
2017-08-03,17:00:00,27.116,27.116,27.116,27.116,103,0
2017-08-03,19:00:00,26.798,26.798,26.798,26.798,103,0
2017-08-03,21:00:00,26.75,26.75,26.75,26.75,103,0
2017-08-03,22:00:00,27.36,27.36,27.36,27.36,199,0
2017-08-04,17:00:00,27.067,27.285,27.067,27.285,409,0
2017-08-04,21:00:00,27.19,27.19,27.19,27.19,103,0
2017-08-04,22:00:00,27.202,27.202,27.166,27.166,306,0
2017-08-09,18:00:00,26.091,26.091,26.091,26.091,374,0
2017-08-09,21:00:00,26.481,26.481,26.481,26.481,103,0
2017-08-09,22:00:00,26.091,26.091,26.091,26.091,103,0
2017-08-10,16:00:00,26.138,26.138,26.138,26.138,103,0
2017-08-11,17:00:00,26.823,26.823,26.638,26.809,1024,0
2017-08-11,18:00:00,26.138,26.774,26.138,26.772,615,0
2017-08-11,21:00:00,26.432,26.774,26.432,26.774,206,0
2017-08-14,16:00:00,26.872,26.872,26.872,26.872,397,0
2017-08-14,22:00:00,27.36,27.36,27.307,27.307,214,0
2017-08-15,22:00:00,27.116,27.116,26.628,26.628,710,0
2017-08-16,17:00:00,27.312,27.312,27.298,27.298,306,0
2017-08-16,21:00:00,26.564,27.263,26.564,27.263,306,0
2017-08-17,20:00:00,27.066,27.068,27.066,27.068,793,0
2017-08-17,21:00:00,27.144,27.36,27.144,27.36,902,0
2017-08-17,22:00:00,27.8,28.679,27.64,28.679,1740,0
2017-08-18,22:00:00,27.726,27.849,27.726,27.849,1643,0
2017-08-21,16:00:00,27.849,27.849,27.849,27.849,153,0
2017-08-21,17:00:00,27.8,27.8,27.8,27.8,103,0
2017-08-21,18:00:00,27.751,27.753,27.751,27.753,497,0
2017-08-21,21:00:00,27.751,27.751,27.702,27.702,206,0
2017-08-21,22:00:00,27.604,27.8,27.067,27.8,921,0
2017-08-24,22:00:00,27.213,27.536,26.383,27.36,9856,0
2017-08-25,16:00:00,26.432,26.432,26.432,26.432,716,0
2017-08-25,17:00:00,26.432,26.53,26.432,26.53,871,0
2017-08-25,20:00:00,26.792,26.792,26.792,26.792,512,0
2017-08-25,22:00:00,26.481,26.481,26.481,26.481,206,0
2017-08-28,18:00:00,26.921,26.921,26.921,26.921,103,0
2017-08-28,19:00:00,26.839,26.839,26.753,26.753,884,0
2017-08-28,22:00:00,26.921,26.921,26.383,26.383,948,0
2017-08-29,17:00:00,27.102,27.102,27.102,27.102,206,0
2017-08-30,19:00:00,26.481,26.481,26.481,26.481,206,0
2017-08-30,21:00:00,27.355,27.355,27.355,27.355,206,0
2017-08-31,21:00:00,26.969,26.969,26.969,26.969,103,0
2017-08-31,22:00:00,26.969,26.969,26.53,26.53,753,0
2017-09-01,22:00:00,26.481,26.481,26.481,26.481,103,0
2017-09-05,16:00:00,26.481,26.481,26.481,26.481,103,0
2017-09-05,17:00:00,26.409,26.649,26.409,26.649,724,0
2017-09-05,20:00:00,26.579,26.579,26.579,26.579,103,0
2017-09-05,21:00:00,26.437,26.481,26.091,26.091,1945,0
2017-09-05,22:00:00,26.676,26.676,26.65,26.65,206,0
2017-09-06,17:00:00,26.481,26.481,26.481,26.481,103,0
2017-09-06,19:00:00,26.383,26.383,26.335,26.383,1740,0
2017-09-06,20:00:00,26.335,26.432,26.307,26.307,819,0
2017-09-06,21:00:00,26.432,26.774,26.354,26.774,512,0
2017-09-06,22:00:00,26.53,26.53,26.53,26.53,103,0
2017-09-07,16:00:00,26.845,26.845,26.254,26.796,406,0
2017-09-07,21:00:00,26.205,26.205,26.205,26.205,254,0
2017-09-07,22:00:00,27.091,27.091,26.747,27.091,508,0
2017-09-08,16:00:00,27.091,27.091,27.091,27.091,204,0
2017-09-08,17:00:00,27.19,27.19,26.956,27.141,304,0
2017-09-11,16:00:00,27.091,27.091,26.109,26.52,710,0
2017-09-11,17:00:00,26.599,26.707,26.303,26.707,406,0
2017-09-11,18:00:00,26.599,26.943,26.599,26.943,406,0
2017-09-11,21:00:00,26.993,26.993,26.993,26.993,406,0
2017-09-11,22:00:00,26.943,26.993,26.943,26.993,218,0
2017-09-12,16:00:00,27.042,27.091,27.042,27.091,204,0
2017-09-12,18:00:00,27.091,27.091,27.091,27.091,102,0
2017-09-12,19:00:00,27.066,27.091,27.042,27.091,304,0
2017-09-12,20:00:00,27.091,27.091,27.091,27.091,102,0
2017-09-12,22:00:00,27.091,27.091,26.845,27.091,2701,0
2017-09-13,17:00:00,26.895,26.895,26.895,26.895,102,0
2017-09-13,22:00:00,26.993,27.091,26.993,27.091,367,0
2017-09-14,19:00:00,27.091,27.091,27.091,27.091,220,0
2017-09-14,20:00:00,27.091,27.116,27.091,27.116,592,0
2017-09-14,21:00:00,27.141,27.141,27.022,27.022,876,0
2017-09-14,22:00:00,26.993,26.993,26.993,26.993,102,0
2017-09-15,22:00:00,26.943,27.091,26.943,27.091,4799,0
2017-09-18,17:00:00,27.091,27.091,27.091,27.091,304,0
2017-09-18,21:00:00,27.091,27.091,27.091,27.091,406,0
2017-09-18,22:00:00,27.091,27.19,27.051,27.19,1422,0
2017-09-19,16:00:00,27.091,27.091,27.091,27.091,102,0
2017-09-19,17:00:00,27.091,27.091,27.066,27.066,204,0
2017-09-19,18:00:00,27.091,27.091,27.091,27.091,102,0
2017-09-20,22:00:00,27.091,27.091,27.091,27.091,102,0
2017-09-21,16:00:00,27.091,27.091,27.091,27.091,147,0
2017-09-21,19:00:00,27.091,27.091,27.091,27.091,438,0
2017-09-21,22:00:00,27.091,27.091,27.091,27.091,204,0
2017-09-22,16:00:00,27.584,27.584,27.091,27.091,284,0
2017-09-22,20:00:00,27.091,27.091,27.091,27.091,102,0
2017-09-22,21:00:00,27.091,27.091,27.091,27.091,102,0
2017-09-22,22:00:00,27.584,27.584,27.584,27.584,240,0
2017-09-25,17:00:00,27.147,27.147,27.147,27.147,102,0
2017-09-25,19:00:00,27.584,27.584,27.584,27.584,102,0
2017-09-25,22:00:00,27.731,27.781,27.731,27.781,578,0
2017-09-26,16:00:00,27.337,27.337,27.337,27.337,102,0
2017-09-27,18:00:00,27.639,27.978,27.584,27.781,1721,0
2017-09-27,19:00:00,28.519,28.519,28.441,28.441,1016,0
2017-09-27,20:00:00,28.175,28.175,28.125,28.125,204,0
2017-09-27,21:00:00,28.215,28.215,28.215,28.215,508,0
2017-09-27,22:00:00,28.372,28.6,28.372,28.569,12635,0
2017-09-28,16:00:00,28.815,28.815,28.815,28.815,406,0
2017-09-28,17:00:00,28.225,28.225,28.225,28.225,102,0
2017-09-28,18:00:00,28.273,29.161,28.273,29.013,2501,0
2017-09-28,21:00:00,28.569,28.675,28.569,28.675,3460,0
2017-09-28,22:00:00,28.569,28.569,28.569,28.569,215,0
2017-09-29,21:00:00,28.57,28.627,28.569,28.569,2016,0
2017-09-29,22:00:00,28.569,28.627,28.569,28.627,5989,0
2017-10-02,21:00:00,29.496,29.496,29.496,29.496,107,0
2017-10-02,22:00:00,29.505,29.603,29.209,29.407,2820,0
2017-10-03,22:00:00,29.949,29.949,29.751,29.751,210,0
2017-10-04,21:00:00,29.357,29.357,29.357,29.357,122,0
2017-10-05,22:00:00,28.569,29.646,28.187,29.646,710,0
2017-10-06,16:00:00,28.717,28.717,28.717,28.717,228,0
2017-10-06,17:00:00,29.209,29.209,28.913,28.913,431,0
2017-10-06,18:00:00,29.392,29.603,29.215,29.215,1724,0
2017-10-06,20:00:00,29.208,29.208,29.208,29.208,508,0
2017-10-06,22:00:00,29.329,29.329,28.913,28.913,204,0
2017-10-11,22:00:00,28.027,28.815,28.027,28.815,1934,0
2017-10-12,16:00:00,28.323,29.555,28.323,29.555,345,0
2017-10-12,22:00:00,29.061,29.061,29.061,29.061,107,0
2017-10-13,16:00:00,28.125,28.125,28.125,28.125,208,0
2017-10-13,17:00:00,29.536,29.536,29.536,29.536,246,0
2017-10-13,20:00:00,27.929,27.929,27.929,27.929,284,0
2017-10-13,22:00:00,29.489,29.489,28.372,28.372,862,0
2017-10-16,17:00:00,28.077,28.077,28.077,28.077,204,0
2017-10-16,18:00:00,29.447,29.447,29.447,29.447,102,0
2017-10-17,17:00:00,28.619,29.349,28.619,29.349,304,0
2017-10-18,16:00:00,28.766,28.766,28.766,28.766,102,0
2017-10-18,17:00:00,29.156,29.156,29.156,29.156,102,0
2017-10-18,20:00:00,28.421,28.766,28.421,28.766,204,0
2017-10-18,21:00:00,29.044,29.044,28.766,28.766,710,0
2017-10-18,22:00:00,29.013,29.013,28.323,28.619,752,0
2017-10-23,16:00:00,27.584,27.584,27.584,27.584,914,0
2017-10-23,22:00:00,28.767,28.872,28.767,28.872,1238,0
2017-10-24,16:00:00,27.929,27.929,27.929,27.929,204,0
2017-10-24,17:00:00,28.323,28.323,28.323,28.323,812,0
2017-10-24,18:00:00,28.323,28.323,28.323,28.323,508,0
2017-10-24,22:00:00,28.899,28.899,28.899,28.899,152,0
2017-10-27,17:00:00,28.815,28.963,28.815,28.815,610,0
2017-10-30,17:00:00,27.929,28.963,27.831,28.963,2984,0
2017-10-30,18:00:00,28.913,28.913,28.913,28.913,102,0
2017-10-30,21:00:00,27.978,27.978,27.879,27.929,508,0
2017-10-31,15:00:00,28.125,28.471,28.125,28.471,204,0
2017-10-31,17:00:00,28.372,28.372,28.273,28.273,304,0
2017-10-31,18:00:00,28.323,28.667,28.323,28.667,1624,0
2017-10-31,20:00:00,28.815,28.815,28.815,28.815,1016,0
2017-10-31,21:00:00,28.815,28.865,28.815,28.865,508,0
2017-11-01,15:00:00,29.061,29.061,29.013,29.061,1577,0
2017-11-01,19:00:00,29.013,29.061,29.013,29.061,1320,0
2017-11-01,21:00:00,29.505,29.751,29.455,29.7,3818,0
2017-11-02,15:00:00,29.751,30.047,29.751,30.047,1218,0
2017-11-02,16:00:00,29.849,29.849,29.849,29.849,102,0
2017-11-02,19:00:00,29.702,29.702,29.555,29.555,406,0
2017-11-02,21:00:00,29.555,29.761,29.555,29.761,204,0
2017-11-03,15:00:00,29.801,29.801,29.751,29.751,971,0
2017-11-03,16:00:00,29.751,29.869,29.751,29.869,660,0
2017-11-03,20:00:00,30.046,30.046,30.046,30.046,102,0
2017-11-06,16:00:00,29.308,29.308,29.308,29.308,103,0
2017-11-07,17:00:00,29.061,29.061,29.061,29.061,395,0
2017-11-07,18:00:00,29.068,29.068,29.068,29.068,197,0
2017-11-09,18:00:00,29.455,29.455,29.455,29.455,117,0
2017-11-09,19:00:00,29.455,29.455,29.455,29.455,289,0
2017-11-09,21:00:00,29.308,29.366,29.259,29.259,1411,0
2017-11-10,22:00:00,29.209,29.209,29.209,29.209,127,0
2017-11-13,18:00:00,29.963,29.963,29.963,29.963,209,0
2017-11-13,19:00:00,29.643,29.643,29.643,29.643,204,0
2017-11-13,20:00:00,29.515,29.515,29.455,29.455,304,0
2017-11-13,21:00:00,29.455,29.455,28.651,28.651,820,0
2017-11-15,16:00:00,29.455,29.455,29.455,29.455,105,0
2017-11-15,20:00:00,29.988,29.988,29.988,29.988,102,0
2017-11-16,21:00:00,29.643,29.643,29.515,29.643,610,0
2017-11-16,22:00:00,29.959,29.959,29.959,29.959,304,0
2017-11-17,16:00:00,30.047,30.637,29.603,29.702,11990,0
2017-11-17,17:00:00,29.949,29.997,29.801,29.826,7056,0
2017-11-17,18:00:00,29.899,29.959,29.455,29.455,14736,0
2017-11-17,19:00:00,29.397,29.397,29.397,29.397,558,0
2017-11-17,20:00:00,29.161,29.555,29.161,29.555,710,0
2017-11-17,22:00:00,29.308,29.53,29.209,29.209,1218,0
2017-11-20,16:00:00,29.209,29.209,29.209,29.209,152,0
2017-11-20,17:00:00,28.717,29.152,28.717,29.152,356,0
2017-11-20,18:00:00,29.086,29.086,29.086,29.086,204,0
2017-11-20,19:00:00,29.209,29.209,29.208,29.208,538,0
2017-11-20,21:00:00,29.234,29.308,29.161,29.288,967,0
2017-11-20,22:00:00,29.161,29.307,29.161,29.286,1218,0
2017-11-21,17:00:00,29.603,29.603,29.603,29.603,304,0
2017-11-21,18:00:00,29.357,29.357,29.357,29.357,136,0
2017-11-21,21:00:00,29.357,29.357,29.357,29.357,102,0
2017-11-21,22:00:00,29.061,29.061,29.061,29.061,191,0
2017-11-22,18:00:00,29.849,30.047,29.849,30.047,334,0
2017-11-24,20:00:00,30.293,30.293,30.293,30.293,175,0
2017-11-27,17:00:00,29.555,29.555,29.555,29.555,102,0
2017-11-27,20:00:00,30.136,30.136,30.136,30.136,204,0
2017-11-28,21:00:00,29.209,29.49,29.209,29.49,812,0
2017-11-28,22:00:00,30.087,30.087,29.663,29.901,304,0
2017-11-29,17:00:00,27.116,27.116,27.116,27.116,508,0
2017-11-29,18:00:00,29.448,29.448,29.448,29.448,508,0
2017-11-29,22:00:00,29.426,29.426,29.426,29.426,406,0
2017-12-01,16:00:00,29.505,29.505,28.544,28.544,603,0
2017-12-01,17:00:00,28.659,28.659,27.831,27.831,204,0
2017-12-01,21:00:00,29.447,29.447,29.447,29.447,204,0
2017-12-01,22:00:00,28.913,28.913,28.913,28.913,102,0
2017-12-04,17:00:00,29.308,29.505,29.111,29.111,1086,0
2017-12-04,22:00:00,29.111,29.111,29.111,29.111,1158,0
2017-12-05,16:00:00,29.111,29.111,29.111,29.111,1116,0
2017-12-05,17:00:00,29.111,29.702,29.111,29.435,4471,0
2017-12-05,18:00:00,29.308,29.308,29.308,29.308,102,0
2017-12-05,20:00:00,29.555,29.555,29.555,29.555,1422,0
2017-12-05,21:00:00,29.161,29.161,29.161,29.161,508,0
2017-12-05,22:00:00,29.161,29.555,29.161,29.555,904,0
2017-12-06,16:00:00,29.061,29.061,29.061,29.061,491,0
2017-12-06,17:00:00,29.111,29.111,29.111,29.111,812,0
2017-12-06,20:00:00,29.111,29.55,29.066,29.55,1776,0
2017-12-06,21:00:00,29.111,29.111,29.111,29.111,558,0
2017-12-07,16:00:00,29.329,29.429,29.329,29.354,756,0
2017-12-07,17:00:00,29.726,29.776,29.597,29.66,1008,0
2017-12-07,22:00:00,29.775,29.775,29.717,29.717,504,0
2017-12-08,17:00:00,29.776,29.776,29.776,29.776,504,0
2017-12-08,18:00:00,29.451,29.478,29.329,29.329,2852,0
2017-12-08,20:00:00,29.716,29.716,29.716,29.716,101,0
2017-12-08,21:00:00,29.528,29.716,29.528,29.716,806,0
2017-12-11,22:00:00,29.716,29.716,29.716,29.716,101,0
2017-12-12,16:00:00,30.024,30.024,30.024,30.024,240,0
2017-12-12,17:00:00,29.528,29.528,29.528,29.528,101,0
2017-12-13,17:00:00,29.23,29.28,29.23,29.28,6650,0
2017-12-13,18:00:00,29.726,29.728,29.726,29.728,202,0
2017-12-13,19:00:00,29.574,29.581,29.379,29.437,6848,0
2017-12-13,20:00:00,29.429,29.429,29.429,29.429,806,0
2017-12-13,22:00:00,29.28,29.28,29.28,29.28,104,0
2017-12-14,16:00:00,29.577,29.577,29.577,29.577,242,0
2017-12-14,17:00:00,29.338,29.338,29.338,29.338,252,0
2017-12-14,18:00:00,29.542,29.627,29.542,29.627,302,0
2017-12-14,19:00:00,29.281,29.281,29.281,29.281,504,0
2017-12-14,22:00:00,29.726,29.726,29.379,29.379,234,0
2017-12-15,19:00:00,29.627,29.776,29.627,29.677,2015,0
2017-12-15,21:00:00,29.726,29.776,29.726,29.776,1612,0
2017-12-15,22:00:00,29.829,30.52,29.776,30.52,1976,0
2017-12-18,16:00:00,30.074,30.074,30.074,30.074,227,0
2017-12-18,17:00:00,30.231,30.52,29.776,29.776,3113,0
2017-12-18,18:00:00,29.776,29.826,29.776,29.776,6616,0
2017-12-18,20:00:00,29.776,29.925,29.776,29.925,2695,0
2017-12-18,21:00:00,30.024,30.024,30.024,30.024,101,0
2017-12-18,22:00:00,30.148,30.223,30.007,30.007,1108,0
2017-12-19,16:00:00,29.925,29.925,29.875,29.875,1612,0
2017-12-19,17:00:00,31.265,31.265,29.826,29.925,14204,0
2017-12-19,19:00:00,29.925,29.926,29.925,29.926,438,0
2017-12-19,20:00:00,30.154,30.154,30.154,30.154,501,0
2017-12-19,21:00:00,30.074,30.074,30.074,30.074,349,0
2017-12-19,22:00:00,30.074,30.074,30.074,30.074,101,0
2017-12-20,17:00:00,30.074,30.074,30.074,30.074,302,0
2017-12-20,20:00:00,31.197,31.197,30.719,30.719,773,0
2017-12-20,21:00:00,30.669,30.669,30.52,30.52,2781,0
2017-12-20,22:00:00,30.123,30.123,30.123,30.123,101,0
2017-12-21,16:00:00,30.173,30.173,30.173,30.173,101,0
2017-12-21,21:00:00,30.371,30.371,30.371,30.371,101,0
2017-12-21,22:00:00,30.272,30.272,30.272,30.272,1495,0
2017-12-22,22:00:00,30.52,30.52,30.52,30.52,113,0
2017-12-26,17:00:00,30.173,30.173,29.974,30.089,907,0
2017-12-26,22:00:00,30.073,30.088,30.073,30.088,202,0
2017-12-28,16:00:00,30.024,30.024,30.024,30.024,101,0
2017-12-28,18:00:00,29.826,29.826,29.826,29.826,302,0
2017-12-28,21:00:00,29.875,29.875,29.776,29.776,1008,0
2017-12-29,17:00:00,29.826,29.826,29.776,29.776,2217,0
2017-12-29,18:00:00,29.825,29.826,29.801,29.801,3526,0
2017-12-29,19:00:00,29.776,29.776,29.776,29.776,728,0
2017-12-29,20:00:00,29.826,29.826,29.776,29.776,202,0
2017-12-29,22:00:00,29.826,29.826,29.776,29.776,202,0
2018-01-02,16:00:00,29.776,29.776,29.776,29.776,1008,0
2018-01-02,17:00:00,29.776,29.776,29.776,29.776,1422,0
2018-01-02,22:00:00,29.776,29.776,29.776,29.776,1939,0
2018-01-03,16:00:00,29.776,29.776,29.776,29.776,1786,0
2018-01-03,17:00:00,29.776,29.776,29.776,29.776,1914,0
2018-01-03,18:00:00,29.776,29.776,29.776,29.776,1008,0
2018-01-03,19:00:00,29.726,29.726,29.726,29.726,101,0
2018-01-03,21:00:00,28.829,29.776,28.829,29.677,3132,0
2018-01-03,22:00:00,29.677,29.776,29.329,29.726,1763,0
2018-01-04,17:00:00,29.637,29.637,29.637,29.637,504,0
2018-01-04,18:00:00,29.329,29.438,29.28,29.28,4629,0
2018-01-04,19:00:00,29.375,29.375,29.28,29.28,3973,0
2018-01-04,20:00:00,29.528,29.528,29.528,29.528,218,0
2018-01-04,21:00:00,29.528,29.775,29.528,29.775,605,0
2018-01-04,22:00:00,29.28,29.28,29.28,29.28,656,0
2018-01-05,17:00:00,29.28,29.28,29.28,29.28,202,0
2018-01-05,18:00:00,29.602,29.776,29.602,29.776,2271,0
2018-01-05,19:00:00,30.024,30.024,30.024,30.024,101,0
2018-01-05,20:00:00,30.024,30.024,30.024,30.024,101,0
2018-01-05,21:00:00,30.074,30.074,29.926,30.074,373,0
2018-01-05,22:00:00,30.081,30.223,30.074,30.223,1139,0
2018-01-08,17:00:00,30.371,30.371,30.371,30.371,403,0
2018-01-08,18:00:00,30.52,30.768,30.421,30.421,1713,0
2018-01-08,20:00:00,30.223,30.223,30.223,30.223,1511,0
2018-01-08,21:00:00,30.272,30.272,30.223,30.223,705,0
2018-01-08,22:00:00,30.223,30.433,30.223,30.433,1809,0
2018-01-09,17:00:00,30.322,30.763,30.322,30.763,302,0
2018-01-09,20:00:00,30.461,30.461,30.223,30.347,1038,0
2018-01-09,22:00:00,30.381,30.381,30.381,30.381,504,0
2018-01-10,19:00:00,30.459,30.459,30.459,30.459,131,0
2018-01-11,22:00:00,30.768,30.768,30.768,30.768,101,0
2018-01-12,16:00:00,30.52,30.52,30.52,30.52,101,0
2018-01-12,21:00:00,30.609,30.609,30.591,30.591,1027,0
2018-01-12,22:00:00,30.537,30.719,30.272,30.708,935,0
2018-01-16,22:00:00,30.719,30.719,30.719,30.719,183,0
2018-01-18,18:00:00,30.57,30.57,30.57,30.57,101,0
2018-01-18,21:00:00,30.48,30.48,30.322,30.322,302,0
2018-01-18,22:00:00,30.272,30.272,30.272,30.272,101,0
2018-01-19,17:00:00,30.208,30.208,30.208,30.208,504,0
2018-01-19,18:00:00,30.768,31.562,30.768,30.768,3698,0
2018-01-19,20:00:00,30.809,30.953,30.768,30.843,661,0
2018-01-19,22:00:00,30.768,30.768,30.768,30.768,302,0
2018-01-22,20:00:00,30.173,30.223,30.173,30.223,232,0
2018-01-22,21:00:00,30.223,30.223,30.223,30.223,386,0
2018-01-23,16:00:00,30.173,30.173,30.173,30.173,240,0
2018-01-23,20:00:00,30.719,30.768,30.272,30.272,2130,0
2018-01-23,21:00:00,30.719,30.768,30.719,30.768,1434,0
2018-01-23,22:00:00,30.768,30.917,30.768,30.788,5312,0
2018-01-24,19:00:00,31.116,31.662,31.116,31.116,6955,0
2018-01-24,20:00:00,30.669,30.669,30.62,30.669,705,0
2018-01-24,22:00:00,30.768,30.818,30.768,30.818,202,0
2018-01-25,20:00:00,31.117,31.117,31.117,31.117,111,0
2018-01-26,17:00:00,30.173,30.173,30.173,30.173,157,0
2018-01-26,22:00:00,30.768,31.264,30.768,31.264,302,0
2018-01-29,17:00:00,31.083,31.083,31.083,31.083,302,0
2018-01-30,19:00:00,30.768,30.768,30.768,30.768,504,0
2018-01-31,19:00:00,30.769,30.769,30.769,30.769,202,0
2018-01-31,22:00:00,30.872,30.872,30.872,30.872,504,0
2018-02-02,16:00:00,30.57,30.839,30.421,30.839,1515,0
2018-02-02,22:00:00,30.173,30.917,30.173,30.917,713,0
2018-02-05,20:00:00,30.173,30.173,30.173,30.173,773,0
2018-02-05,21:00:00,30.173,30.173,30.173,30.173,214,0
2018-02-05,22:00:00,29.826,30.857,29.826,30.857,202,0
2018-02-06,16:00:00,29.776,29.776,29.776,29.776,1303,0
2018-02-06,17:00:00,30.083,30.173,29.935,29.974,2740,0
2018-02-06,18:00:00,29.974,29.974,29.964,29.964,504,0
2018-02-06,19:00:00,29.778,30.778,29.778,30.778,1098,0
2018-02-06,21:00:00,30.272,30.272,30.272,30.272,101,0
2018-02-06,22:00:00,30.356,30.654,30.356,30.654,1550,0
2018-02-07,16:00:00,30.074,30.074,30.074,30.074,1814,0
2018-02-07,19:00:00,29.925,29.925,29.925,29.925,252,0
2018-02-08,19:00:00,30.123,30.123,30.123,30.123,101,0
2018-02-08,20:00:00,30.173,30.173,29.327,29.776,3426,0
2018-02-08,22:00:00,29.379,29.379,29.379,29.379,101,0
2018-02-09,18:00:00,30.955,30.955,30.955,30.955,338,0
2018-02-09,19:00:00,29.925,29.925,29.925,29.925,101,0
2018-02-09,21:00:00,29.677,29.677,29.627,29.677,1310,0
2018-02-09,22:00:00,29.627,30.899,29.031,30.899,3929,0
2018-02-13,17:00:00,29.379,29.379,28.982,28.982,2293,0
2018-02-13,19:00:00,29.601,29.689,29.505,29.689,2015,0
2018-02-13,20:00:00,28.99,28.99,28.99,28.99,101,0
2018-02-13,21:00:00,29.776,29.776,29.776,29.776,111,0
2018-02-13,22:00:00,29.45,29.718,29.378,29.718,484,0
2018-02-14,16:00:00,29.776,29.776,29.776,29.776,217,0
2018-02-14,17:00:00,29.776,29.776,29.776,29.776,2604,0
2018-02-14,18:00:00,29.776,30.768,29.776,30.024,302,0
2018-02-14,21:00:00,29.04,29.04,29.04,29.04,466,0
2018-02-14,22:00:00,30.322,30.322,30.322,30.322,101,0
2018-02-16,17:00:00,29.925,30.272,29.925,29.925,1814,0
2018-02-16,18:00:00,29.776,29.925,29.776,29.925,1149,0
2018-02-16,20:00:00,30.074,30.074,30.024,30.024,202,0
2018-02-16,21:00:00,30.396,30.768,29.776,30.272,1209,0
2018-02-16,22:00:00,30.52,30.709,29.826,30.709,1008,0
2018-02-20,17:00:00,29.776,29.776,29.776,29.776,202,0
2018-02-20,18:00:00,29.627,29.627,29.528,29.528,1108,0
2018-02-20,19:00:00,29.677,29.677,29.677,29.677,101,0
2018-02-20,20:00:00,29.652,29.776,29.652,29.776,202,0
2018-02-20,21:00:00,29.627,29.639,29.627,29.639,202,0
2018-02-21,16:00:00,29.528,29.528,29.528,29.528,202,0
2018-02-21,18:00:00,29.577,29.776,29.528,29.776,1128,0
2018-02-21,22:00:00,29.379,29.379,29.379,29.379,101,0
2018-02-22,16:00:00,29.528,29.528,29.469,29.528,605,0
2018-02-22,21:00:00,29.478,29.478,29.478,29.478,202,0
2018-02-23,22:00:00,29.528,29.528,29.528,29.528,334,0
2018-02-26,16:00:00,29.528,29.528,29.528,29.528,504,0
2018-02-26,17:00:00,29.528,29.528,29.416,29.416,403,0
2018-02-26,18:00:00,29.528,29.528,29.528,29.528,302,0
2018-02-26,21:00:00,29.528,29.528,29.528,29.528,403,0
2018-02-27,16:00:00,29.528,29.528,29.404,29.404,1850,0
2018-02-27,17:00:00,29.409,29.409,29.409,29.409,302,0
2018-02-27,21:00:00,29.28,29.28,29.28,29.28,177,0
2018-02-27,22:00:00,29.329,29.875,29.329,29.875,515,0
2018-02-28,19:00:00,29.429,29.429,29.28,29.28,2775,0
2018-02-28,20:00:00,29.478,29.478,29.478,29.478,302,0
2018-02-28,22:00:00,29.875,29.875,29.875,29.875,101,0
2018-03-01,16:00:00,29.081,29.081,28.783,28.883,2989,0
2018-03-02,16:00:00,28.783,29.031,28.783,29.031,403,0
2018-03-02,22:00:00,29.22,29.22,29.22,29.22,101,0
2018-03-06,16:00:00,28.883,28.883,28.783,28.833,1108,0
2018-03-06,18:00:00,29.145,29.145,29.145,29.145,418,0
2018-03-06,22:00:00,29.28,29.28,28.932,28.932,577,0
2018-03-07,18:00:00,28.982,29.23,28.982,29.23,202,0
2018-03-07,22:00:00,29.156,29.28,29.156,29.23,894,0
2018-03-08,16:00:00,28.9077,28.9077,28.9077,28.9077,300,0
2018-03-08,18:00:00,29.5,29.5,29.5,29.5,1000,0
2018-03-08,20:00:00,29.5,29.5,29.5,29.5,100,0
2018-03-08,22:00:00,29.5,29.75,29.5,29.75,599,0
2018-03-09,21:00:00,29.461,29.461,29.461,29.461,700,0
2018-03-09,22:00:00,30.0247,30.0247,30.0247,30.0247,100,0
2018-03-12,16:00:00,29.7525,29.7525,29.7525,29.7525,100,0
2018-03-12,18:00:00,29.8922,29.8922,29.8922,29.8922,250,0
2018-03-12,19:00:00,29.9999,30,29.9999,29.9999,795,0
2018-03-12,20:00:00,30.1708,30.1708,30.1708,30.1708,200,0
2018-03-12,21:00:00,30.55,30.55,30.55,30.55,300,0
2018-03-14,15:00:00,30.55,30.6125,30.55,30.6125,600,0
2018-03-14,18:00:00,30.5,30.5027,30.1001,30.5,1000,0
2018-03-14,19:00:00,30.55,30.55,30.55,30.55,100,0
2018-03-15,15:00:00,30.55,30.55,30.5,30.5,1434,0
2018-03-15,17:00:00,30.45,30.45,30.45,30.45,123,0
2018-03-15,19:00:00,30.55,30.55,30.55,30.55,400,0
2018-03-15,20:00:00,30.55,30.55,30.55,30.55,100,0
2018-03-15,21:00:00,30.3,30.55,30.3,30.55,1800,0
2018-03-16,19:00:00,30.25,30.25,30.25,30.25,300,0
2018-03-16,21:00:00,30.2,30.25,29.1,30.25,3191,0
2018-03-19,17:00:00,30.2499,30.2499,30.2499,30.2499,265,0
2018-03-19,20:00:00,30.3,30.3,30.3,30.3,160,0
2018-03-19,21:00:00,30.55,30.55,30.55,30.55,2814,0
2018-03-20,16:00:00,30.275,30.275,30.275,30.275,162,0
2018-03-20,18:00:00,30.25,30.4014,30.2045,30.4014,890,0
2018-03-20,19:00:00,30.25,30.55,30.25,30.55,279,0
2018-03-20,20:00:00,30.4928,30.4928,30.4928,30.4928,100,0
2018-03-21,15:00:00,30,30,29.8,29.95,400,0
2018-03-21,16:00:00,30.1,30.15,30.1,30.15,200,0
2018-03-21,20:00:00,30.175,30.175,30.175,30.175,500,0
2018-03-22,16:00:00,30.0847,30.55,29.75,29.75,2440,0
2018-03-22,18:00:00,30.3425,30.3425,30.3425,30.3425,500,0
2018-03-22,21:00:00,30.2,30.3,29.95,30.3,1184,0
2018-03-23,17:00:00,30.055,30.055,30.055,30.055,175,0
2018-03-23,19:00:00,30.15,30.15,30.1,30.1,300,0
2018-03-23,21:00:00,30.55,30.55,30.55,30.55,141,0
2018-03-26,19:00:00,29.75,30.3,29.75,30.3,1829,0
2018-03-26,20:00:00,30,30,29.8997,30,3889,0
2018-03-26,21:00:00,30,30,29.9737,29.9738,500,0
2018-03-26,22:00:00,30,30,29.8,29.8,320,0
2018-03-27,18:00:00,30.3,30.55,30.3,30.3606,833,0
2018-03-27,22:00:00,30.0003,30.0735,30.0003,30.0735,950,0
2018-03-28,20:00:00,30.4,30.4,30.4,30.4,100,0
2018-03-29,17:00:00,31.15,31.15,30.9689,30.9689,200,0
2018-03-29,20:00:00,30.45,30.45,30.45,30.45,100,0
2018-03-29,22:00:00,31.0088,31.05,30.9,31.05,578,0
