Date,Time,Open,High,Low,Close,Volume,OpenInt
2017-09-05,16:00:00,6.99,7.0161,6.745,7.0161,9356,0
2017-09-05,17:00:00,7.01,7.07,6.95,6.99,5603,0
2017-09-05,18:00:00,6.97,7.01,6.88,7,18712,0
2017-09-05,19:00:00,6.99,7,6.85,6.86,19752,0
2017-09-05,20:00:00,6.87,6.94,6.85,6.94,4050,0
2017-09-05,21:00:00,6.95,7,6.9,6.92,5000,0
2017-09-05,22:00:00,6.92,7.02,6.92,6.98,25982,0
2017-09-06,16:00:00,7.04,7.13,7.04,7.11,22621,0
2017-09-06,17:00:00,7.1,7.1,6.85,6.89,19222,0
2017-09-06,18:00:00,6.86,6.9,6.76,6.86,19352,0
2017-09-06,19:00:00,6.87,6.98,6.85,6.92,12818,0
2017-09-06,20:00:00,6.9,6.99,6.9,6.92,9088,0
2017-09-06,21:00:00,6.89,7,6.89,6.93,5964,0
2017-09-06,22:00:00,6.93,7.11,6.93,7.02,32189,0
2017-09-07,16:00:00,7.01,7.05,6.86,6.98,4442,0
2017-09-07,17:00:00,7.01,7.09,6.92,7.03,6600,0
2017-09-07,18:00:00,7.08,7.31,7.06,7.21,32300,0
2017-09-07,19:00:00,7.2,7.31,7.18,7.31,13631,0
2017-09-07,20:00:00,7.3163,7.59,7.3,7.44,24272,0
2017-09-07,21:00:00,7.44,7.46,7.39,7.39,9750,0
2017-09-07,22:00:00,7.41,7.44,7.32,7.37,28708,0
2017-09-08,16:00:00,7.31,7.47,7.25,7.38,7275,0
2017-09-08,17:00:00,7.34,7.44,7.29,7.405,6650,0
2017-09-08,18:00:00,7.405,7.4685,7.39,7.43,12800,0
2017-09-08,19:00:00,7.4,7.4,7.32,7.36,2600,0
2017-09-08,20:00:00,7.34,7.35,7.315,7.33,2100,0
2017-09-08,21:00:00,7.35,7.37,7.32,7.34,10210,0
2017-09-08,22:00:00,7.34,7.37,7.29,7.32,17925,0
2017-09-11,16:00:00,7.32,7.51,7.32,7.51,14932,0
2017-09-11,17:00:00,7.5484,7.5484,7.38,7.42,11463,0
2017-09-11,18:00:00,7.38,7.47,7.38,7.38,5400,0
2017-09-11,19:00:00,7.39,7.445,7.36,7.43,5893,0
2017-09-11,20:00:00,7.43,7.43,7.37,7.395,9567,0
2017-09-11,21:00:00,7.41,7.46,7.38,7.405,16530,0
2017-09-11,22:00:00,7.37,7.42,7.31,7.32,50680,0
2017-09-12,16:00:00,7.44,7.44,7.2,7.2,8402,0
2017-09-12,17:00:00,7.19,7.27,7.18,7.26,3847,0
2017-09-12,18:00:00,7.23,7.33,7.23,7.26,2900,0
2017-09-12,19:00:00,7.26,7.272,7.25,7.26,6085,0
2017-09-12,20:00:00,7.26,7.27,7.24,7.26,5602,0
2017-09-12,21:00:00,7.26,7.32,7.26,7.29,6274,0
2017-09-12,22:00:00,7.29,7.33,7.27,7.32,12869,0
2017-09-13,16:00:00,7.34,7.455,7.25,7.38,4586,0
2017-09-13,17:00:00,7.32,7.39,7.29,7.39,4743,0
2017-09-13,18:00:00,7.38,7.44,7.34,7.365,3620,0
2017-09-13,19:00:00,7.365,7.39,7.335,7.38,3400,0
2017-09-13,20:00:00,7.36,7.4,7.34,7.395,14540,0
2017-09-13,21:00:00,7.39,7.46,7.39,7.44,10600,0
2017-09-13,22:00:00,7.41,7.44,7.355,7.39,11389,0
2017-09-14,16:00:00,7.4,7.4,7.25,7.3,5578,0
2017-09-14,17:00:00,7.33,7.3994,7.3,7.36,2200,0
2017-09-14,18:00:00,7.36,7.45,7.34,7.345,2518,0
2017-09-14,19:00:00,7.34,7.38,7.29,7.29,3072,0
2017-09-14,20:00:00,7.2983,7.36,7.27,7.36,4380,0
2017-09-14,21:00:00,7.39,7.39,7.29,7.345,2200,0
2017-09-14,22:00:00,7.33,7.36,7.28,7.31,15085,0
2017-09-15,16:00:00,7.33,7.33,7.14,7.3,49872,0
2017-09-15,17:00:00,7.31,7.31,7.19,7.24,9183,0
2017-09-15,18:00:00,7.24,7.25,7.19,7.23,13700,0
2017-09-15,19:00:00,7.22,7.23,7.1,7.14,30641,0
2017-09-15,20:00:00,7.115,7.15,7.06,7.13,42716,0
2017-09-15,21:00:00,7.14,7.23,7.08,7.195,22657,0
2017-09-15,22:00:00,7.2,7.26,7.17,7.21,75569,0
2017-09-18,16:00:00,7.25,7.385,7.22,7.29,3903,0
2017-09-18,17:00:00,7.3,7.39,7.3,7.33,2906,0
2017-09-18,18:00:00,7.33,7.37,7.27,7.37,4500,0
2017-09-18,19:00:00,7.355,7.44,7.34,7.38,12896,0
2017-09-18,20:00:00,7.395,7.43,7.38,7.42,4388,0
2017-09-18,21:00:00,7.42,7.43,7.33,7.335,4800,0
2017-09-18,22:00:00,7.35,7.4,7.28,7.32,26594,0
2017-09-19,16:00:00,7.31,7.43,7.31,7.32,3958,0
2017-09-19,17:00:00,7.2956,7.35,7.24,7.24,4012,0
2017-09-19,18:00:00,7.2,7.21,7.11,7.18,9100,0
2017-09-19,19:00:00,7.21,7.246,7.12,7.195,14301,0
2017-09-19,20:00:00,7.205,7.23,7.17,7.195,12100,0
2017-09-19,21:00:00,7.195,7.24,7.18,7.22,5950,0
2017-09-19,22:00:00,7.23,7.34,7.22,7.29,28851,0
2017-09-20,16:00:00,7.32,7.38,7.27,7.33,1606,0
2017-09-20,17:00:00,7.39,7.39,7.27,7.32,7797,0
2017-09-20,18:00:00,7.33,7.34,7.28,7.29,4902,0
2017-09-20,19:00:00,7.27,7.3,7.17,7.2699,11578,0
2017-09-20,20:00:00,7.28,7.28,7.17,7.25,17400,0
2017-09-20,21:00:00,7.22,7.27,7.1849,7.27,3096,0
2017-09-20,22:00:00,7.28,7.3399,7.23,7.29,18587,0
2017-09-21,16:00:00,7.29,7.29,7.16,7.16,8108,0
2017-09-21,17:00:00,7.16,7.35,7.11,7.32,9800,0
2017-09-21,18:00:00,7.32,7.37,7.2475,7.3,4030,0
2017-09-21,19:00:00,7.2801,7.35,7.26,7.29,7800,0
2017-09-21,20:00:00,7.31,7.331,7.23,7.27,5584,0
2017-09-21,21:00:00,7.29,7.3,7.215,7.26,5214,0
2017-09-21,22:00:00,7.27,7.28,7.15,7.2,21118,0
2017-09-22,16:00:00,7.2,7.2,6.9449,7.05,11034,0
2017-09-22,17:00:00,7.07,7.0725,6.9201,6.98,23623,0
2017-09-22,18:00:00,7.02,7.04,6.92,6.97,22373,0
2017-09-22,19:00:00,6.97,7.025,6.97,7,8980,0
2017-09-22,20:00:00,6.96,7.1013,6.96,7.05,21690,0
2017-09-22,21:00:00,7.06,7.14,7.0101,7.14,6056,0
2017-09-22,22:00:00,7.14,7.28,7.11,7.21,27916,0
2017-09-25,16:00:00,7.15,7.22,7.03,7.1,6462,0
2017-09-25,17:00:00,7.1,7.27,7.08,7.215,7431,0
2017-09-25,18:00:00,7.28,7.37,7.1,7.24,21164,0
2017-09-25,19:00:00,7.3,7.41,7.26,7.37,24956,0
2017-09-25,20:00:00,7.385,7.42,7.36,7.375,13407,0
2017-09-25,21:00:00,7.375,7.38,7.3,7.335,12009,0
2017-09-25,22:00:00,7.33,7.34,7.19,7.28,48165,0
2017-09-26,16:00:00,7.29,7.29,7.155,7.17,400,0
2017-09-26,17:00:00,7.12,7.27,7.11,7.27,10574,0
2017-09-26,18:00:00,7.25,7.25,7.22,7.23,3500,0
2017-09-26,19:00:00,7.25,7.25,7.15,7.185,2145,0
2017-09-26,20:00:00,7.1784,7.25,7.15,7.25,2755,0
2017-09-26,21:00:00,7.24,7.25,7.18,7.18,3922,0
2017-09-26,22:00:00,7.21,7.26,7.08,7.2,19710,0
2017-09-27,16:00:00,7.18,7.31,7.175,7.31,2503,0
2017-09-27,17:00:00,7.31,7.45,7.26,7.37,11198,0
2017-09-27,18:00:00,7.38,7.42,7.32,7.41,3078,0
2017-09-27,19:00:00,7.37,7.43,7.37,7.43,2520,0
2017-09-27,20:00:00,7.42,7.44,7.35,7.41,19446,0
2017-09-27,21:00:00,7.41,7.42,7.325,7.39,15782,0
2017-09-27,22:00:00,7.36,7.44,7.2,7.3,67286,0
2017-09-28,16:00:00,7.27,7.44,7.27,7.345,1654,0
2017-09-28,17:00:00,7.41,7.47,7.36,7.38,5200,0
2017-09-28,18:00:00,7.37,7.42,7.34,7.34,4300,0
2017-09-28,19:00:00,7.33,7.43,7.33,7.41,2500,0
2017-09-28,20:00:00,7.42,7.55,7.41,7.545,9178,0
2017-09-28,21:00:00,7.545,7.545,7.4,7.45,7500,0
2017-09-28,22:00:00,7.46,7.56,7.35,7.52,27282,0
2017-09-29,16:00:00,7.48,7.49,7.43,7.46,2785,0
2017-09-29,17:00:00,7.46,7.55,7.45,7.505,1800,0
2017-09-29,18:00:00,7.52,7.55,7.49,7.515,4180,0
2017-09-29,19:00:00,7.51,7.5334,7.5,7.52,10301,0
2017-09-29,20:00:00,7.51,7.51,7.46,7.49,2700,0
2017-09-29,21:00:00,7.4802,7.51,7.47,7.5,15197,0
2017-09-29,22:00:00,7.49,7.5,7.41,7.42,45294,0
2017-10-02,16:00:00,7.32,7.589,7.31,7.55,11218,0
2017-10-02,17:00:00,7.53,7.59,7.485,7.485,5900,0
2017-10-02,18:00:00,7.48,7.56,7.47,7.51,8725,0
2017-10-02,19:00:00,7.51,7.56,7.48,7.56,5400,0
2017-10-02,20:00:00,7.54,7.67,7.54,7.67,16102,0
2017-10-02,21:00:00,7.6665,7.69,7.64,7.67,4061,0
2017-10-02,22:00:00,7.68,7.96,7.67,7.93,64473,0
2017-10-03,16:00:00,7.77,7.94,7.47,7.87,28613,0
2017-10-03,17:00:00,7.865,7.95,7.77,7.87,25885,0
2017-10-03,18:00:00,7.9,8,7.85,7.95,11901,0
2017-10-03,19:00:00,7.96,8.08,7.94,8.02,15792,0
2017-10-03,20:00:00,8.01,8.12,7.99,8.1086,14940,0
2017-10-03,21:00:00,8.11,8.15,7.99,8.1,16311,0
2017-10-03,22:00:00,8.09,8.27,8.08,8.17,45770,0
2017-10-04,16:00:00,8.08,8.24,8.06,8.24,9521,0
2017-10-04,17:00:00,8.235,8.38,8.235,8.324,25187,0
2017-10-04,18:00:00,8.35,8.6,8.31,8.46,40749,0
2017-10-04,19:00:00,8.43,8.45,8.351,8.44,18047,0
2017-10-04,20:00:00,8.436,8.48,8.41,8.476,11356,0
2017-10-04,21:00:00,8.477,8.56,8.39,8.41,33014,0
2017-10-04,22:00:00,8.41,8.54,8.33,8.41,58127,0
2017-10-05,16:00:00,8.55,8.57,8.251,8.38,10860,0
2017-10-05,17:00:00,8.4,8.56,8.37,8.5064,37344,0
2017-10-05,18:00:00,8.49,8.51,8.44,8.47,6570,0
2017-10-05,19:00:00,8.45,8.5,8.43,8.5,5800,0
2017-10-05,20:00:00,8.46,8.48,8.34,8.38,11522,0
2017-10-05,21:00:00,8.36,8.48,8.34,8.45,12652,0
2017-10-05,22:00:00,8.48,8.6,8.39,8.42,28613,0
2017-10-06,16:00:00,8.43,8.465,8.32,8.44,2053,0
2017-10-06,17:00:00,8.41,8.471,8.31,8.47,10152,0
2017-10-06,18:00:00,8.463,8.505,8.417,8.48,5900,0
2017-10-06,19:00:00,8.495,8.506,8.425,8.425,5749,0
2017-10-06,20:00:00,8.4,8.472,8.395,8.42,3100,0
2017-10-06,21:00:00,8.4,8.43,8.38,8.42,4200,0
2017-10-06,22:00:00,8.427,8.445,8.22,8.3,30327,0
2017-10-09,16:00:00,8.24,8.34,8.22,8.27,3528,0
2017-10-09,17:00:00,8.23,8.23,8.1008,8.19,8771,0
2017-10-09,18:00:00,8.21,8.28,8.2,8.24,8159,0
2017-10-09,19:00:00,8.2621,8.2621,8.15,8.15,4549,0
2017-10-09,20:00:00,8.1211,8.19,8.12,8.16,3100,0
2017-10-09,21:00:00,8.1626,8.17,8.13,8.17,1730,0
2017-10-09,22:00:00,8.13,8.13,8.06,8.07,16088,0
2017-10-10,16:00:00,8.18,8.27,8.05,8.09,7713,0
2017-10-10,17:00:00,8.09,8.1,8.04,8.04,4700,0
2017-10-10,18:00:00,8.03,8.0404,7.91,7.96,12725,0
2017-10-10,19:00:00,7.96,7.96,7.79,7.82,11649,0
2017-10-10,20:00:00,7.83,7.85,7.81,7.81,2870,0
2017-10-10,21:00:00,7.82,7.83,7.73,7.74,7571,0
2017-10-10,22:00:00,7.75,7.77,7.6748,7.73,14109,0
2017-10-11,16:00:00,7.81,8.26,7.81,8.07,16804,0
2017-10-11,17:00:00,8.07,8.16,7.905,7.92,27452,0
2017-10-11,18:00:00,7.93,7.9899,7.89,7.9,5025,0
2017-10-11,19:00:00,7.89,7.89,7.78,7.78,2610,0
2017-10-11,20:00:00,7.78,7.84,7.78,7.84,2440,0
2017-10-11,21:00:00,7.84,7.8699,7.81,7.84,6910,0
2017-10-11,22:00:00,7.85,7.89,7.77,7.78,18243,0
2017-10-12,16:00:00,7.78,7.87,7.75,7.82,2339,0
2017-10-12,17:00:00,7.84,7.892,7.79,7.81,11652,0
2017-10-12,18:00:00,7.82,7.95,7.81,7.92,6478,0
2017-10-12,19:00:00,7.92,7.935,7.81,7.88,5811,0
2017-10-12,20:00:00,7.87,7.89,7.81,7.81,5100,0
2017-10-12,21:00:00,7.84,7.84,7.8,7.8,4600,0
2017-10-12,22:00:00,7.8,7.87,7.71,7.81,30168,0
2017-10-13,16:00:00,7.87,7.92,7.84,7.84,3200,0
2017-10-13,17:00:00,7.79,7.9,7.74,7.84,6345,0
2017-10-13,18:00:00,7.83,7.84,7.79,7.83,3600,0
2017-10-13,19:00:00,7.81,7.84,7.7999,7.83,3300,0
2017-10-13,20:00:00,7.85,7.89,7.78,7.89,6231,0
2017-10-13,21:00:00,7.89,7.93,7.86,7.91,2761,0
2017-10-13,22:00:00,7.91,7.94,7.86,7.89,15524,0
2017-10-16,16:00:00,7.94,8,7.9,7.96,17071,0
2017-10-16,17:00:00,7.99,8.05,7.84,7.91,6526,0
2017-10-16,18:00:00,7.95,7.96,7.87,7.905,6300,0
2017-10-16,19:00:00,7.9,7.93,7.76,7.78,23529,0
2017-10-16,20:00:00,7.795,7.81,7.711,7.75,12299,0
2017-10-16,21:00:00,7.75,7.78,7.63,7.64,6000,0
2017-10-16,22:00:00,7.63,7.75,7.63,7.72,23343,0
2017-10-17,16:00:00,7.73,7.77,7.64,7.705,1105,0
2017-10-17,17:00:00,7.7,7.76,7.63,7.67,2900,0
2017-10-17,18:00:00,7.69,7.74,7.64,7.68,2595,0
2017-10-17,19:00:00,7.63,7.705,7.58,7.7,7000,0
2017-10-17,20:00:00,7.64,7.66,7.61,7.61,1700,0
2017-10-17,21:00:00,7.62,7.64,7.61,7.62,1200,0
2017-10-17,22:00:00,7.62,7.66,7.54,7.57,14284,0
2017-10-18,16:00:00,7.62,7.67,7.62,7.66,700,0
2017-10-18,17:00:00,7.66,7.66,7.49,7.54,4500,0
2017-10-18,18:00:00,7.52,7.54,7.4,7.41,10093,0
2017-10-18,19:00:00,7.43,7.44,7.37,7.425,3658,0
2017-10-18,20:00:00,7.45,7.52,7.435,7.5,8370,0
2017-10-18,21:00:00,7.4301,7.5,7.4301,7.5,3025,0
2017-10-18,22:00:00,7.51,7.52,7.37,7.44,14889,0
2017-10-19,16:00:00,7.51,7.54,7.32,7.335,14052,0
2017-10-19,17:00:00,7.36,7.36,7.24,7.24,13813,0
2017-10-19,18:00:00,7.25,7.29,7.21,7.23,4164,0
2017-10-19,19:00:00,7.265,7.29,7.265,7.28,1900,0
2017-10-19,20:00:00,7.28,7.28,7.24,7.27,29833,0
2017-10-19,21:00:00,7.28,7.285,7.21,7.21,14286,0
2017-10-19,22:00:00,7.22,7.22,7.13,7.17,20327,0
2017-10-20,16:00:00,7.22,7.22,7.05,7.12,27105,0
2017-10-20,17:00:00,7.13,7.19,7.05,7.1,24132,0
2017-10-20,18:00:00,7.11,7.155,6.97,7,9675,0
2017-10-20,19:00:00,6.9709,7.1,6.9601,7.028,23073,0
2017-10-20,20:00:00,7.03,7.1,7.02,7.05,11891,0
2017-10-20,21:00:00,7.05,7.06,7,7.04,11950,0
2017-10-20,22:00:00,7.04,7.07,6.99,7.03,20910,0
2017-10-23,16:00:00,7.05,7.19,6.97,7.12,5457,0
2017-10-23,17:00:00,7.11,7.11,6.93,6.99,13200,0
2017-10-23,18:00:00,6.99,7,6.96,6.99,7706,0
2017-10-23,19:00:00,7,7.1,6.98,7.1,6675,0
2017-10-23,20:00:00,7.06,7.07,7.01,7.03,3700,0
2017-10-23,21:00:00,7,7.02,6.9,6.96,48025,0
2017-10-23,22:00:00,6.94,6.96,6.72,6.75,34505,0
2017-10-24,16:00:00,6.8,6.92,6.75,6.75,9543,0
2017-10-24,17:00:00,6.76,6.99,6.76,6.83,22640,0
2017-10-24,18:00:00,6.83,6.889,6.79,6.85,13525,0
2017-10-24,19:00:00,6.81,6.89,6.805,6.805,3230,0
2017-10-24,20:00:00,6.79,6.835,6.76,6.8337,3871,0
2017-10-24,21:00:00,6.82,6.835,6.72,6.72,13882,0
2017-10-24,22:00:00,6.765,6.86,6.75,6.82,67025,0
2017-10-25,16:00:00,6.84,6.9133,6.79,6.91,2470,0
2017-10-25,17:00:00,6.91,6.93,6.74,6.87,6900,0
2017-10-25,18:00:00,6.85,6.87,6.67,6.735,7213,0
2017-10-25,19:00:00,6.71,6.82,6.71,6.81,15749,0
2017-10-25,20:00:00,6.81,6.85,6.8,6.82,4750,0
2017-10-25,21:00:00,6.81,6.84,6.65,6.65,7696,0
2017-10-25,22:00:00,6.65,6.77,6.6,6.76,23386,0
2017-10-26,16:00:00,6.77,6.82,6.63,6.76,7054,0
2017-10-26,17:00:00,6.78,6.94,6.74,6.8,11279,0
2017-10-26,18:00:00,6.77,6.79,6.72,6.79,3300,0
2017-10-26,19:00:00,6.81,6.82,6.74,6.76,2400,0
2017-10-26,20:00:00,6.739,6.74,6.71,6.71,750,0
2017-10-26,21:00:00,6.7,6.76,6.621,6.71,2650,0
2017-10-26,22:00:00,6.72,6.73,6.64,6.71,12284,0
2017-10-27,16:00:00,6.74,6.83,6.72,6.83,1884,0
2017-10-27,17:00:00,6.95,6.95,6.78,6.79,9846,0
2017-10-27,18:00:00,6.8,6.91,6.76,6.9,3179,0
2017-10-27,19:00:00,6.9,6.92,6.83,6.83,5300,0
2017-10-27,20:00:00,6.83,6.9,6.83,6.85,3450,0
2017-10-27,21:00:00,6.85,6.86,6.79,6.845,3300,0
2017-10-27,22:00:00,6.86,7.07,6.825,7,49946,0
2017-10-30,15:00:00,6.9,7.21,6.9,7.12,6550,0
2017-10-30,16:00:00,7.189,7.189,6.937,7,8842,0
2017-10-30,17:00:00,6.98,6.98,6.88,6.88,4337,0
2017-10-30,18:00:00,6.89,6.89,6.76,6.77,8900,0
2017-10-30,19:00:00,6.8,6.8,6.68,6.68,5800,0
2017-10-30,20:00:00,6.67,6.68,6.59,6.59,10900,0
2017-10-30,21:00:00,6.605,6.7,6.53,6.64,33066,0
2017-10-31,15:00:00,6.7,6.74,6.61,6.66,3154,0
2017-10-31,16:00:00,6.72,6.72,6.52,6.59,12713,0
2017-10-31,17:00:00,6.59,6.6,6.51,6.51,12336,0
2017-10-31,18:00:00,6.51,6.545,6.51,6.525,8112,0
2017-10-31,19:00:00,6.54,6.54,6.501,6.525,3700,0
2017-10-31,20:00:00,6.525,6.61,6.52,6.57,10285,0
2017-10-31,21:00:00,6.555,6.61,6.55,6.57,29395,0
2017-11-01,15:00:00,6.53,6.59,6.52,6.58,7184,0
2017-11-01,16:00:00,6.58,6.6,6.44,6.45,13677,0
2017-11-01,17:00:00,6.49,6.52,6.42,6.51,17987,0
2017-11-01,18:00:00,6.53,6.57,6.49,6.56,8005,0
2017-11-01,19:00:00,6.55,6.6,6.495,6.58,39224,0
2017-11-01,20:00:00,6.58,6.65,6.55,6.65,5571,0
2017-11-01,21:00:00,6.67,6.68,6.59,6.65,16621,0
2017-11-02,15:00:00,6.7,6.7,6.69,6.69,200,0
2017-11-02,16:00:00,6.6,6.9,6.6,6.84,5961,0
2017-11-02,17:00:00,6.86,6.89,6.78,6.79,1934,0
2017-11-02,18:00:00,6.79,7,6.79,6.96,10921,0
2017-11-02,19:00:00,6.96,7.03,6.96,7.01,5833,0
2017-11-02,20:00:00,6.99,7.0826,6.98,7.0826,8043,0
2017-11-02,21:00:00,7.05,7.14,7.03,7.09,32948,0
2017-11-03,15:00:00,7.08,7.08,6.98,7.05,3558,0
2017-11-03,16:00:00,7.07,7.15,6.99,7.07,7837,0
2017-11-03,17:00:00,7.08,7.18,7.08,7.12,8498,0
2017-11-03,18:00:00,7.13,7.19,7.08,7.08,3680,0
2017-11-03,19:00:00,7.1,7.17,7.1,7.14,2400,0
2017-11-03,20:00:00,7.12,7.19,7.12,7.15,3666,0
2017-11-03,21:00:00,7.09,7.2,7.08,7.2,19919,0
2017-11-06,16:00:00,7.24,7.26,7.1,7.26,3340,0
2017-11-06,17:00:00,7.225,7.225,7.1,7.12,9155,0
2017-11-06,18:00:00,7.11,7.16,7.11,7.13,4618,0
2017-11-06,19:00:00,7.13,7.16,7.1157,7.16,4900,0
2017-11-06,20:00:00,7.15,7.23,7.15,7.16,3900,0
2017-11-06,21:00:00,7.15,7.18,7.05,7.05,15643,0
2017-11-06,22:00:00,6.9912,7.12,6.98,7.03,22824,0
2017-11-07,16:00:00,7.07,7.07,6.97,6.995,5811,0
2017-11-07,17:00:00,6.98,7.12,6.97,7.07,15601,0
2017-11-07,19:00:00,7.09,7.13,7.07,7.13,7431,0
2017-11-07,20:00:00,7.13,7.16,7.1,7.11,5270,0
2017-11-07,21:00:00,7.14,7.17,7.08,7.125,3240,0
2017-11-07,22:00:00,7.11,7.14,7.0667,7.09,18726,0
2017-11-08,16:00:00,6.8,7.53,6.8,7.22,20287,0
2017-11-08,17:00:00,7.23,7.32,7.12,7.2,18460,0
2017-11-08,18:00:00,7.17,7.28,7.17,7.28,10892,0
2017-11-08,19:00:00,7.25,7.5,7.25,7.5,8340,0
2017-11-08,20:00:00,7.5,7.79,7.47,7.79,19987,0
2017-11-08,21:00:00,7.8,7.86,7.71,7.73,12687,0
2017-11-08,22:00:00,7.77,7.84,7.71,7.77,25607,0
2017-11-09,16:00:00,7.67,7.67,7.52,7.53,2754,0
2017-11-09,17:00:00,7.64,7.72,7.58,7.62,4800,0
2017-11-09,18:00:00,7.63,7.63,7.4,7.42,8855,0
2017-11-09,19:00:00,7.42,7.5,7.4,7.425,17304,0
2017-11-09,20:00:00,7.41,7.44,7.36,7.36,8129,0
2017-11-09,21:00:00,7.36,7.45,7.34,7.45,13100,0
2017-11-09,22:00:00,7.45,7.45,7.31,7.41,9168,0
2017-11-10,16:00:00,7.42,7.52,7.39,7.52,3488,0
2017-11-10,17:00:00,7.6,7.6,7.38,7.38,16300,0
2017-11-10,18:00:00,7.37,7.37,7.3,7.35,2854,0
2017-11-10,19:00:00,7.36,7.38,7.33,7.35,2000,0
2017-11-10,20:00:00,7.36,7.46,7.35,7.43,2400,0
2017-11-10,21:00:00,7.42,7.51,7.38,7.51,8050,0
2017-11-10,22:00:00,7.53,7.53,7.47,7.48,14939,0
2017-11-13,16:00:00,7.41,7.4822,7.36,7.36,6434,0
2017-11-13,17:00:00,7.36,7.5,7.36,7.475,7362,0
2017-11-13,18:00:00,7.5,7.5,7.4,7.41,4030,0
2017-11-13,19:00:00,7.39,7.42,7.3,7.32,4200,0
2017-11-13,20:00:00,7.32,7.33,7.3,7.33,2100,0
2017-11-13,21:00:00,7.34,7.37,7.3,7.31,3700,0
2017-11-13,22:00:00,7.33,7.33,7.3,7.31,18683,0
2017-11-14,16:00:00,7.3,7.33,7.13,7.27,3700,0
2017-11-14,17:00:00,7.18,7.26,7.1,7.24,5145,0
2017-11-14,18:00:00,7.19,7.2,7.14,7.2,2200,0
2017-11-14,19:00:00,7.2,7.22,7.13,7.14,2690,0
2017-11-14,20:00:00,7.13,7.21,7.11,7.21,1600,0
2017-11-14,21:00:00,7.145,7.24,7.145,7.19,7397,0
2017-11-14,22:00:00,7.23,7.3,7.16,7.21,9555,0
2017-11-15,16:00:00,7.22,7.35,7.15,7.16,1600,0
2017-11-15,17:00:00,7.19,7.32,7.19,7.27,2100,0
2017-11-15,18:00:00,7.2876,7.38,7.25,7.31,6524,0
2017-11-15,19:00:00,7.3,7.36,7.27,7.325,4879,0
2017-11-15,20:00:00,7.3,7.3,7.23,7.27,6447,0
2017-11-15,21:00:00,7.28,7.34,7.28,7.335,2626,0
2017-11-15,22:00:00,7.34,7.34,7.25,7.26,13186,0
2017-11-16,16:00:00,7.21,7.35,7.21,7.35,4600,0
2017-11-16,17:00:00,7.48,7.48,7.39,7.45,2650,0
2017-11-16,18:00:00,7.45,7.47,7.41,7.45,3600,0
2017-11-16,19:00:00,7.46,7.49,7.36,7.43,5462,0
2017-11-16,20:00:00,7.42,7.5,7.36,7.37,3688,0
2017-11-16,21:00:00,7.385,7.4,7.34,7.39,1200,0
2017-11-16,22:00:00,7.38,7.42,7.33,7.34,13455,0
2017-11-17,16:00:00,7.28,7.3,7.28,7.3,3147,0
2017-11-17,17:00:00,7.28,7.33,7.28,7.31,800,0
2017-11-17,18:00:00,7.22,7.435,7.22,7.37,10919,0
2017-11-17,19:00:00,7.35,7.37,7.31,7.35,2387,0
2017-11-17,20:00:00,7.39,7.425,7.36,7.385,7866,0
2017-11-17,21:00:00,7.39,7.4,7.29,7.33,2100,0
2017-11-17,22:00:00,7.34,7.36,7.29,7.32,8647,0
2017-11-20,16:00:00,7.32,7.32,7.25,7.28,1945,0
2017-11-20,17:00:00,7.27,7.33,7.17,7.33,1800,0
2017-11-20,18:00:00,7.31,7.31,7.18,7.19,1400,0
2017-11-20,19:00:00,7.23,7.23,7.16,7.17,7900,0
2017-11-20,20:00:00,7.17,7.28,7.17,7.28,2311,0
2017-11-20,21:00:00,7.26,7.26,7.21,7.23,4630,0
2017-11-20,22:00:00,7.22,7.24,7.15,7.21,31923,0
2017-11-21,16:00:00,7.2,7.275,7.17,7.26,7773,0
2017-11-21,17:00:00,7.26,7.26,7.17,7.195,12360,0
2017-11-21,18:00:00,7.15,7.18,7.05,7.07,10950,0
2017-11-21,19:00:00,7.075,7.085,7.025,7.055,1900,0
2017-11-21,20:00:00,7.04,7.08,7.0101,7.055,4200,0
2017-11-21,21:00:00,7.07,7.07,7.01,7.01,4500,0
2017-11-21,22:00:00,7.0422,7.0422,6.99,7.02,27239,0
2017-11-22,16:00:00,7.05,7.05,7.01,7.02,2042,0
2017-11-22,17:00:00,7.02,7.05,6.94,6.99,19861,0
2017-11-22,18:00:00,6.98,6.99,6.96,6.97,2200,0
2017-11-22,19:00:00,6.98,6.98,6.95,6.98,2600,0
2017-11-22,20:00:00,7,7.005,6.95,7,6000,0
2017-11-22,21:00:00,7.01,7.01,6.98,7.01,6754,0
2017-11-22,22:00:00,7.01,7.02,6.99,7,15369,0
2017-11-24,16:00:00,7.04,7.04,6.96,6.96,8463,0
2017-11-24,17:00:00,6.98,6.99,6.95,6.974,5643,0
2017-11-24,18:00:00,6.96,6.98,6.95,6.97,1300,0
2017-11-24,19:00:00,6.96,6.96,6.94,6.95,10105,0
2017-11-24,20:00:00,6.96,6.96,6.96,6.96,2933,0
2017-11-27,16:00:00,6.95,7.05,6.95,7.03,4813,0
2017-11-27,17:00:00,7.03,7.1,6.99,7.1,12398,0
2017-11-27,18:00:00,6.98,7.1,6.98,6.98,4100,0
2017-11-27,19:00:00,7,7.03,6.95,7.015,6701,0
2017-11-27,20:00:00,7.005,7.07,7,7.01,13500,0
2017-11-27,21:00:00,7.03,7.05,7,7.02,5073,0
2017-11-27,22:00:00,7.01,7.01,6.95,6.96,21868,0
2017-11-28,16:00:00,6.95,6.95,6.72,6.72,15368,0
2017-11-28,17:00:00,6.75,6.81,6.7201,6.81,3689,0
2017-11-28,18:00:00,6.79,6.83,6.79,6.82,500,0
2017-11-28,19:00:00,6.859,6.86,6.7714,6.7714,2349,0
2017-11-28,20:00:00,6.76,6.7883,6.6419,6.6419,7873,0
2017-11-28,21:00:00,6.59,6.74,6.59,6.74,3995,0
2017-11-28,22:00:00,6.74,6.81,6.72,6.78,8467,0
2017-11-29,16:00:00,6.75,6.94,6.73,6.94,12989,0
2017-11-29,17:00:00,6.94,7.09,6.89,6.97,8471,0
2017-11-29,18:00:00,6.975,6.98,6.85,6.85,3925,0
2017-11-29,19:00:00,6.86,7,6.84,6.89,2700,0
2017-11-29,20:00:00,6.92,6.92,6.86,6.8716,20455,0
2017-11-29,21:00:00,6.87,6.91,6.85,6.8899,3196,0
2017-11-29,22:00:00,6.88,6.88,6.79,6.83,13193,0
2017-11-30,16:00:00,6.81,6.81,6.74,6.79,1357,0
2017-11-30,17:00:00,6.72,6.77,6.69,6.73,3400,0
2017-11-30,18:00:00,6.72,6.74,6.58,6.62,8100,0
2017-11-30,19:00:00,6.58,6.6931,6.58,6.64,10414,0
2017-11-30,20:00:00,6.66,6.66,6.6,6.6001,11911,0
2017-11-30,21:00:00,6.6,6.64,6.23,6.36,40990,0
2017-11-30,22:00:00,6.37,6.51,6.345,6.5,90534,0
2017-12-01,16:00:00,6.48,6.75,6.3527,6.65,10577,0
2017-12-01,17:00:00,6.73,6.76,6.68,6.71,5320,0
2017-12-01,18:00:00,6.69,6.75,6.48,6.58,18100,0
2017-12-01,19:00:00,6.63,6.73,6.55,6.62,5903,0
2017-12-01,20:00:00,6.67,6.76,6.65,6.74,3025,0
2017-12-01,21:00:00,6.7799,6.93,6.7799,6.8,4110,0
2017-12-01,22:00:00,6.8038,6.94,6.79,6.85,12534,0
2017-12-04,16:00:00,6.95,7.08,6.91,6.91,2553,0
2017-12-04,17:00:00,6.85,6.87,6.71,6.77,1400,0
2017-12-04,18:00:00,6.77,6.77,6.52,6.57,23541,0
2017-12-04,19:00:00,6.52,6.55,6.39,6.39,7788,0
2017-12-04,20:00:00,6.43,6.51,6.39,6.51,7650,0
2017-12-04,21:00:00,6.495,6.499,6.39,6.42,11780,0
2017-12-04,22:00:00,6.46,6.49,6.44,6.47,28015,0
2017-12-05,16:00:00,6.47,6.59,6.47,6.5,1650,0
2017-12-05,17:00:00,6.49,6.54,6.32,6.32,19523,0
2017-12-05,18:00:00,6.33,6.43,6.33,6.415,1844,0
2017-12-05,19:00:00,6.43,6.43,6.4001,6.43,1500,0
2017-12-05,20:00:00,6.43,6.505,6.4,6.4,2704,0
2017-12-05,21:00:00,6.5,6.5,6.36,6.4,2037,0
2017-12-05,22:00:00,6.36,6.42,6.29,6.29,21448,0
2017-12-06,16:00:00,6.27,6.29,6.16,6.21,9727,0
2017-12-06,17:00:00,6.25,6.25,6.07,6.0801,18319,0
2017-12-06,18:00:00,6.1,6.1,5.94,5.94,16106,0
2017-12-06,19:00:00,5.95,5.98,5.851,5.88,9681,0
2017-12-06,20:00:00,5.87,5.95,5.84,5.92,9299,0
2017-12-06,21:00:00,5.94,5.98,5.88,5.93,7500,0
2017-12-06,22:00:00,5.94,5.98,5.94,5.96,15565,0
2017-12-07,16:00:00,5.89,5.94,5.84,5.94,11266,0
2017-12-07,17:00:00,5.95,6,5.95,5.99,16800,0
2017-12-07,18:00:00,5.99,6,5.9,5.96,9100,0
2017-12-07,19:00:00,5.9689,6,5.93,5.96,4054,0
2017-12-07,20:00:00,5.95,5.95,5.87,5.93,3863,0
2017-12-07,21:00:00,5.93,5.94,5.9001,5.93,8900,0
2017-12-07,22:00:00,5.92,5.97,5.8778,5.92,19207,0
2017-12-08,16:00:00,5.88,5.99,5.85,5.99,2400,0
2017-12-08,17:00:00,5.9903,6,5.93,5.95,2073,0
2017-12-08,18:00:00,5.97,5.97,5.91,5.96,3900,0
2017-12-08,19:00:00,5.9582,5.99,5.94,5.94,1700,0
2017-12-08,20:00:00,5.94,6,5.89,5.89,1200,0
2017-12-08,21:00:00,5.9215,5.95,5.9,5.91,2753,0
2017-12-08,22:00:00,5.8976,5.8976,5.81,5.84,24025,0
2017-12-11,16:00:00,5.8,5.9309,5.8,5.88,4956,0
2017-12-11,17:00:00,5.8616,5.91,5.82,5.83,6570,0
2017-12-11,18:00:00,5.8,5.86,5.8,5.845,3500,0
2017-12-11,19:00:00,5.83,5.89,5.83,5.89,3700,0
2017-12-11,20:00:00,5.87,5.89,5.72,5.72,12391,0
2017-12-11,21:00:00,5.74,5.84,5.718,5.825,11786,0
2017-12-11,22:00:00,5.82,5.83,5.73,5.78,28885,0
2017-12-12,16:00:00,5.77,5.83,5.72,5.82,1765,0
2017-12-12,17:00:00,5.8,5.86,5.74,5.74,5605,0
2017-12-12,18:00:00,5.73,5.74,5.7,5.73,4420,0
2017-12-12,19:00:00,5.71,5.72,5.67,5.7,9408,0
2017-12-12,20:00:00,5.71,5.72,5.68,5.7,4958,0
2017-12-12,21:00:00,5.695,5.76,5.66,5.76,8641,0
2017-12-12,22:00:00,5.78,5.78,5.68,5.73,31018,0
2017-12-13,16:00:00,5.7432,5.93,5.7432,5.91,1350,0
2017-12-13,17:00:00,5.9,5.9,5.8,5.87,8212,0
2017-12-13,18:00:00,5.87,5.93,5.87,5.93,3900,0
2017-12-13,19:00:00,5.91,5.945,5.855,5.905,6093,0
2017-12-13,20:00:00,5.905,6.03,5.905,6,16312,0
2017-12-13,21:00:00,6.01,6.05,5.9541,5.96,5110,0
2017-12-13,22:00:00,5.97,6.03,5.96,5.99,16415,0
2017-12-14,16:00:00,6.02,6.02,5.84,5.84,18091,0
2017-12-14,17:00:00,5.805,5.81,5.69,5.81,5545,0
2017-12-14,18:00:00,5.8,5.81,5.71,5.755,7410,0
2017-12-14,19:00:00,5.755,5.755,5.71,5.71,5310,0
2017-12-14,20:00:00,5.71,5.73,5.66,5.675,11530,0
2017-12-14,21:00:00,5.66,5.6759,5.65,5.675,7290,0
2017-12-14,22:00:00,5.65,5.7,5.64,5.67,21565,0
2017-12-15,16:00:00,5.66,5.74,5.66,5.7,46802,0
2017-12-15,17:00:00,5.65,5.78,5.64,5.775,3700,0
2017-12-15,18:00:00,5.78,5.94,5.78,5.8,7000,0
2017-12-15,19:00:00,5.8,5.91,5.78,5.91,4126,0
2017-12-15,20:00:00,5.9,5.91,5.82,5.83,7900,0
2017-12-15,21:00:00,5.83,5.9,5.83,5.88,5867,0
2017-12-15,22:00:00,5.87,5.91,5.86,5.87,109108,0
2017-12-18,16:00:00,5.96,6.05,5.96,6,19878,0
2017-12-18,17:00:00,6,6.025,5.98,5.98,14659,0
2017-12-18,18:00:00,5.97,5.97,5.88,5.9,4100,0
2017-12-18,19:00:00,5.91,5.94,5.88,5.883,1700,0
2017-12-18,20:00:00,5.88,5.94,5.88,5.88,1100,0
2017-12-18,21:00:00,5.9,5.92,5.87,5.9,2400,0
2017-12-18,22:00:00,5.9,5.93,5.82,5.84,13720,0
2017-12-19,16:00:00,5.83,5.88,5.755,5.755,3609,0
2017-12-19,17:00:00,5.7801,5.835,5.78,5.81,8362,0
2017-12-19,18:00:00,5.81,5.82,5.631,5.8,23192,0
2017-12-19,19:00:00,5.8,5.8,5.73,5.73,3500,0
2017-12-19,20:00:00,5.76,5.78,5.7,5.78,3200,0
2017-12-19,21:00:00,5.75,5.79,5.72,5.75,2200,0
2017-12-19,22:00:00,5.75,5.75,5.6,5.63,32540,0
2017-12-20,16:00:00,5.63,5.74,5.63,5.65,2803,0
2017-12-20,17:00:00,5.63,5.658,5.6029,5.658,5992,0
2017-12-20,18:00:00,5.66,5.71,5.6,5.615,5701,0
2017-12-20,19:00:00,5.61,5.62,5.55,5.58,19368,0
2017-12-20,20:00:00,5.56,5.56,5.505,5.53,12273,0
2017-12-20,21:00:00,5.51,5.63,5.51,5.61,12162,0
2017-12-20,22:00:00,5.61,5.62,5.44,5.53,28350,0
2017-12-21,16:00:00,5.595,5.67,5.57,5.67,2355,0
2017-12-21,17:00:00,5.7,5.8399,5.64,5.81,18856,0
2017-12-21,18:00:00,5.85,5.89,5.85,5.89,1250,0
2017-12-21,19:00:00,5.9,5.94,5.895,5.94,1716,0
2017-12-21,20:00:00,5.94,5.95,5.89,5.91,3900,0
2017-12-21,21:00:00,5.91,5.94,5.81,5.93,15323,0
2017-12-21,22:00:00,5.93,5.95,5.84,5.87,14159,0
2017-12-22,16:00:00,5.83,5.9,5.77,5.9,1073,0
2017-12-22,17:00:00,5.8474,5.91,5.795,5.9,1878,0
2017-12-22,18:00:00,5.9,5.9,5.86,5.89,2100,0
2017-12-22,19:00:00,5.9,5.9,5.73,5.77,13656,0
2017-12-22,20:00:00,5.8,5.82,5.77,5.82,1500,0
2017-12-22,21:00:00,5.82,5.82,5.76,5.82,1992,0
2017-12-22,22:00:00,5.82,5.82,5.75,5.76,14212,0
2017-12-26,16:00:00,5.76,5.76,5.73,5.74,1652,0
2017-12-26,17:00:00,5.7,5.71,5.67,5.67,11219,0
2017-12-26,18:00:00,5.685,5.685,5.52,5.64,21296,0
2017-12-26,19:00:00,5.65,5.68,5.61,5.68,2512,0
2017-12-26,20:00:00,5.68,5.685,5.66,5.68,1100,0
2017-12-26,21:00:00,5.69,5.7,5.67,5.7,2226,0
2017-12-26,22:00:00,5.69,5.71,5.66,5.66,8388,0
2017-12-27,16:00:00,5.64,5.66,5.427,5.59,9745,0
2017-12-27,17:00:00,5.58,5.64,5.58,5.61,4225,0
2017-12-27,18:00:00,5.63,5.65,5.59,5.61,4586,0
2017-12-27,19:00:00,5.62,5.64,5.6,5.61,1338,0
2017-12-27,20:00:00,5.59,5.59,5.51,5.54,21958,0
2017-12-27,21:00:00,5.54,5.55,5.42,5.55,25843,0
2017-12-27,22:00:00,5.53,5.59,5.495,5.55,19143,0
2017-12-28,16:00:00,5.6,5.801,5.6,5.801,13683,0
2017-12-28,17:00:00,5.82,5.93,5.72,5.93,18895,0
2017-12-28,18:00:00,5.92,6.05,5.87,6,42719,0
2017-12-28,19:00:00,6.0075,6.05,5.98,5.99,26808,0
2017-12-28,20:00:00,6,6,5.93,5.97,2897,0
2017-12-28,21:00:00,5.9979,6.03,5.97,6,7542,0
2017-12-28,22:00:00,5.99,6,5.87,5.91,21448,0
2017-12-29,16:00:00,5.91,5.9999,5.9,5.9999,2176,0
2017-12-29,17:00:00,5.955,6.04,5.955,5.97,5950,0
2017-12-29,18:00:00,5.945,5.96,5.895,5.95,19880,0
2017-12-29,19:00:00,5.98,6.01,5.9425,5.96,2305,0
2017-12-29,20:00:00,5.9303,6.01,5.93,5.96,1995,0
2017-12-29,21:00:00,5.96,5.99,5.905,5.9275,7000,0
2017-12-29,22:00:00,5.94,5.99,5.89,5.95,21473,0
2018-01-02,16:00:00,5.93,5.98,5.9,5.97,3196,0
2018-01-02,17:00:00,5.992,6.03,5.87,5.995,9977,0
2018-01-02,18:00:00,5.995,6.01,5.85,5.915,18924,0
2018-01-02,19:00:00,5.94,5.95,5.72,5.83,4956,0
2018-01-02,20:00:00,5.835,5.835,5.75,5.79,7427,0
2018-01-02,21:00:00,5.77,5.91,5.77,5.84,15072,0
2018-01-02,22:00:00,5.85,5.93,5.82,5.91,21617,0
2018-01-03,16:00:00,5.82,6.02,5.82,6,8058,0
2018-01-03,17:00:00,6.02,6.1,5.99,6.06,25916,0
2018-01-03,18:00:00,6.08,6.21,6.07,6.14,10290,0
2018-01-03,19:00:00,6.14,6.27,6.06,6.18,8933,0
2018-01-03,20:00:00,6.17,6.265,6.16,6.215,4488,0
2018-01-03,21:00:00,6.18,6.35,6.18,6.33,5117,0
2018-01-03,22:00:00,6.33,6.38,6.15,6.19,38842,0
2018-01-04,16:00:00,7.5,9.5,7.5,9.105,536535,0
2018-01-04,17:00:00,9.08,9.1,8.44,8.55,262670,0
2018-01-04,18:00:00,8.55,8.55,8.18,8.22,102124,0
2018-01-04,19:00:00,8.24,8.425,8.24,8.36,25477,0
2018-01-04,20:00:00,8.33,8.99,8.33,8.6,200067,0
2018-01-04,21:00:00,8.62,8.9,8.45,8.72,131475,0
2018-01-04,22:00:00,8.711,8.79,8.47,8.63,96275,0
2018-01-05,16:00:00,8.55,8.89,8.4,8.59,198329,0
2018-01-05,17:00:00,8.59,8.59,8.121,8.14,102596,0
2018-01-05,18:00:00,8.12,8.31,8.028,8.31,36319,0
2018-01-05,19:00:00,8.26,8.5,8.22,8.23,37591,0
2018-01-05,20:00:00,8.23,8.25,8.155,8.185,5470,0
2018-01-05,21:00:00,8.19,8.31,8.16,8.1701,35502,0
2018-01-05,22:00:00,8.17,8.46,8.13,8.45,160693,0
2018-01-08,16:00:00,8.45,8.6397,8.4,8.47,20960,0
2018-01-08,17:00:00,8.47,8.55,8.41,8.43,43289,0
2018-01-08,18:00:00,8.43,8.76,8.415,8.66,21976,0
2018-01-08,19:00:00,8.6799,8.98,8.645,8.775,32256,0
2018-01-08,20:00:00,8.79,8.8303,8.645,8.67,13778,0
2018-01-08,21:00:00,8.68,8.86,8.65,8.685,12250,0
2018-01-08,22:00:00,8.69,8.8,8.67,8.76,34054,0
2018-01-09,16:00:00,8.76,8.955,8.76,8.82,10890,0
2018-01-09,17:00:00,8.815,8.815,8.5,8.52,31017,0
2018-01-09,18:00:00,8.52,8.62,8.501,8.53,9696,0
2018-01-09,19:00:00,8.53,8.5392,8.37,8.445,20402,0
2018-01-09,20:00:00,8.455,8.46,8.39,8.4,12674,0
2018-01-09,21:00:00,8.4,8.43,8.31,8.38,21411,0
2018-01-09,22:00:00,8.38,8.4,8.3,8.35,33464,0
2018-01-10,16:00:00,8.27,8.3,8.0872,8.11,1906,0
2018-01-10,17:00:00,8.21,8.22,8,8.05,19237,0
2018-01-10,18:00:00,8.08,8.08,7.9,7.96,23849,0
2018-01-10,19:00:00,7.94,7.98,7.87,7.92,22687,0
2018-01-10,20:00:00,7.9,8.18,7.9,8.16,18182,0
2018-01-10,21:00:00,8.11,8.39,8.11,8.33,24833,0
2018-01-10,22:00:00,8.315,8.48,8.315,8.42,39904,0
2018-01-11,16:00:00,8.4,8.48,8.2528,8.43,13594,0
2018-01-11,17:00:00,8.435,8.94,8.4201,8.88,50160,0
2018-01-11,18:00:00,8.83,8.92,8.67,8.67,78234,0
2018-01-11,19:00:00,8.7,8.84,8.58,8.8373,22515,0
2018-01-11,20:00:00,8.79,8.96,8.72,8.95,21928,0
2018-01-11,21:00:00,8.86,9.06,8.82,9.06,24553,0
2018-01-11,22:00:00,9.06,9.06,8.96,9,51402,0
2018-01-12,16:00:00,9,9,8.81,8.81,15146,0
2018-01-12,17:00:00,8.85,8.86,8.75,8.76,20016,0
2018-01-12,18:00:00,8.7689,8.78,8.63,8.65,7720,0
2018-01-12,19:00:00,8.63,8.66,8.42,8.51,7034,0
2018-01-12,20:00:00,8.49,8.5,8.35,8.37,8447,0
2018-01-12,21:00:00,8.37,8.375,8.27,8.34,14029,0
2018-01-12,22:00:00,8.34,8.4,8.3,8.38,19392,0
2018-01-16,16:00:00,8.44,8.64,8.44,8.5,5255,0
2018-01-16,17:00:00,8.49,8.62,8.25,8.31,37791,0
2018-01-16,18:00:00,8.3,8.36,8.13,8.2,33234,0
2018-01-16,19:00:00,8.21,8.31,8.15,8.19,34286,0
2018-01-16,20:00:00,8.2,8.4,8.19,8.36,125207,0
2018-01-16,21:00:00,8.36,8.36,8.26,8.27,8000,0
2018-01-16,22:00:00,8.32,8.32,8.17,8.18,24522,0
2018-01-17,16:00:00,8.3,8.3,8.09,8.12,5311,0
2018-01-17,17:00:00,8.13,8.13,8.02,8.1,100441,0
2018-01-17,18:00:00,8.11,8.11,8.01,8.02,19690,0
2018-01-17,19:00:00,8.01,8.08,8.01,8.045,6037,0
2018-01-17,20:00:00,8.045,8.09,8.02,8.0898,3710,0
2018-01-17,21:00:00,8.1,8.315,8.1,8.28,25690,0
2018-01-17,22:00:00,8.3,8.37,8.3,8.34,43164,0
2018-01-18,16:00:00,8.27,8.33,8.135,8.18,6156,0
2018-01-18,17:00:00,8.2,8.22,8.1,8.21,21460,0
2018-01-18,18:00:00,8.23,8.45,8.18,8.18,13913,0
2018-01-18,19:00:00,8.17,8.21,8.119,8.13,18117,0
2018-01-18,20:00:00,8.13,8.62,8.1,8.27,40107,0
2018-01-18,21:00:00,8.29,8.29,8.14,8.15,9134,0
2018-01-18,22:00:00,8.165,8.26,8.15,8.16,83345,0
2018-01-19,16:00:00,8.18,8.21,8.11,8.11,7245,0
2018-01-19,17:00:00,8.13,8.39,8.13,8.22,42159,0
2018-01-19,18:00:00,8.26,8.37,8.2,8.2,6121,0
2018-01-19,19:00:00,8.23,8.3,8.18,8.27,5800,0
2018-01-19,20:00:00,8.24,8.32,8.19,8.22,10900,0
2018-01-19,21:00:00,8.26,8.39,8.26,8.34,4100,0
2018-01-19,22:00:00,8.32,8.35,8.26,8.35,39952,0
2018-01-22,16:00:00,8.34,8.58,8.34,8.41,1708,0
2018-01-22,17:00:00,8.55,8.55,8.32,8.46,26131,0
2018-01-22,18:00:00,8.4669,8.4669,8.2401,8.34,16895,0
2018-01-22,19:00:00,8.36,8.4,8.31,8.37,3604,0
2018-01-22,20:00:00,8.3,8.35,8.23,8.2401,6004,0
2018-01-22,21:00:00,8.33,8.42,8.27,8.31,24200,0
2018-01-22,22:00:00,8.32,8.34,8.2,8.31,20270,0
2018-01-23,16:00:00,8.55,9,8.46,8.79,58462,0
2018-01-23,17:00:00,8.79,8.9,8.7001,8.865,57003,0
2018-01-23,18:00:00,8.87,9.14,8.83,8.89,110783,0
2018-01-23,19:00:00,8.9276,8.93,8.83,8.87,26171,0
2018-01-23,20:00:00,8.87,8.9,8.78,8.8,18044,0
2018-01-23,21:00:00,8.8299,8.83,8.69,8.77,29849,0
2018-01-23,22:00:00,8.75,8.88,8.7,8.74,63801,0
2018-01-24,16:00:00,8.75,8.82,8.6001,8.7801,41010,0
2018-01-24,17:00:00,8.8,8.84,8.6,8.615,31179,0
2018-01-24,18:00:00,8.63,8.74,8.51,8.5601,42226,0
2018-01-24,19:00:00,8.6,8.6,8.45,8.5,27513,0
2018-01-24,20:00:00,8.5,8.66,8.5,8.58,19752,0
2018-01-24,21:00:00,8.6,8.6,8.49,8.53,11068,0
2018-01-24,22:00:00,8.51,8.71,8.43,8.69,83796,0
2018-01-25,16:00:00,8.72,8.8,8.68,8.72,3200,0
2018-01-25,17:00:00,8.74,9.56,8.68,9.5,104627,0
2018-01-25,18:00:00,9.476,9.779,9.45,9.53,63282,0
2018-01-25,19:00:00,9.57,9.64,9.44,9.4894,23094,0
2018-01-25,20:00:00,9.48,9.48,9.22,9.46,49204,0
2018-01-25,21:00:00,9.459,9.49,9.3,9.42,25879,0
2018-01-25,22:00:00,9.445,9.49,9.22,9.34,51753,0
2018-01-26,16:00:00,9.41,9.98,9.34,9.965,59615,0
2018-01-26,17:00:00,9.98,10.13,9.65,9.77,49294,0
2018-01-26,18:00:00,9.75,9.81,9.6,9.6,30060,0
2018-01-26,19:00:00,9.62,9.675,9.4769,9.5,15843,0
2018-01-26,20:00:00,9.52,9.61,9.44,9.4773,11226,0
2018-01-26,21:00:00,9.44,9.53,9.43,9.53,11233,0
2018-01-26,22:00:00,9.51,9.64,9.5,9.62,59073,0
2018-01-29,16:00:00,9.86,9.86,9.63,9.73,14443,0
2018-01-29,17:00:00,9.7,9.7834,9.65,9.7,93563,0
2018-01-29,18:00:00,9.68,9.69,9.16,9.2,31875,0
2018-01-29,19:00:00,9.17,9.3,9.01,9.26,31166,0
2018-01-29,20:00:00,9.24,9.37,9.24,9.37,6926,0
2018-01-29,21:00:00,9.35,9.48,9.258,9.38,18552,0
2018-01-29,22:00:00,9.43,9.45,9.35,9.41,44371,0
2018-01-30,16:00:00,9.25,9.42,9.16,9.41,22656,0
2018-01-30,17:00:00,9.44,9.7,9.35,9.64,45194,0
2018-01-30,18:00:00,9.62,9.7,9.61,9.69,36360,0
2018-01-30,19:00:00,9.7,9.7,9.58,9.58,9061,0
2018-01-30,20:00:00,9.61,9.69,9.44,9.69,17268,0
2018-01-30,21:00:00,9.69,9.7,9.535,9.59,8344,0
2018-01-30,22:00:00,9.61,9.69,9.55,9.63,35635,0
2018-01-31,16:00:00,9.65,9.73,9.61,9.67,26008,0
2018-01-31,17:00:00,9.65,9.66,9.42,9.42,22264,0
2018-01-31,18:00:00,9.42,9.44,9.31,9.36,9407,0
2018-01-31,19:00:00,9.39,9.485,9.365,9.4212,9898,0
2018-01-31,20:00:00,9.42,9.51,9.4,9.46,6551,0
2018-01-31,21:00:00,9.48,9.52,9.28,9.38,7370,0
2018-01-31,22:00:00,9.36,9.47,9.2601,9.35,34712,0
2018-02-01,16:00:00,9.27,9.41,9.1,9.41,14493,0
2018-02-01,17:00:00,9.44,9.46,9.09,9.2,53426,0
2018-02-01,18:00:00,9.2,9.37,9.15,9.18,23081,0
2018-02-01,19:00:00,9.2,9.38,9.18,9.36,12800,0
2018-02-01,20:00:00,9.37,9.54,9.31,9.39,21491,0
2018-02-01,21:00:00,9.37,9.5,9.31,9.37,9720,0
2018-02-01,22:00:00,9.37,9.54,9.37,9.49,41463,0
2018-02-02,16:00:00,9.39,9.5902,9.28,9.3,4029,0
2018-02-02,17:00:00,9.27,9.47,9.21,9.35,4726,0
2018-02-02,18:00:00,9.35,9.53,9.34,9.5,7028,0
2018-02-02,19:00:00,9.52,9.73,9.45,9.68,30981,0
2018-02-02,20:00:00,9.66,9.72,9.6,9.65,24759,0
2018-02-02,21:00:00,9.66,9.795,9.51,9.61,28546,0
2018-02-02,22:00:00,9.62,9.7,9.515,9.66,65675,0
2018-02-05,16:00:00,9.55,9.6,9.315,9.45,11221,0
2018-02-05,17:00:00,9.43,9.745,9.35,9.35,39544,0
2018-02-05,18:00:00,9.35,9.36,9.175,9.2799,24900,0
2018-02-05,19:00:00,9.26,9.32,9.2,9.235,17385,0
2018-02-05,20:00:00,9.23,9.23,9.2,9.21,16432,0
2018-02-05,21:00:00,9.205,9.22,9.02,9.04,28450,0
2018-02-05,22:00:00,9.03,9.08,8.71,8.84,65439,0
2018-02-06,16:00:00,8.75,9,8.75,8.845,15610,0
2018-02-06,17:00:00,8.895,8.99,8.645,8.77,20426,0
2018-02-06,18:00:00,8.74,8.96,8.6301,8.82,21595,0
2018-02-06,19:00:00,8.83,8.93,8.8,8.9,8806,0
2018-02-06,20:00:00,8.89,8.91,8.781,8.86,7730,0
2018-02-06,21:00:00,8.9,9.28,8.9,9.28,24376,0
2018-02-06,22:00:00,9.23,9.34,9.1,9.31,50885,0
2018-02-07,16:00:00,9.31,9.4,9.0789,9.3,17450,0
2018-02-07,17:00:00,9.3,9.35,9.025,9.335,18711,0
2018-02-07,18:00:00,9.34,9.4,9.16,9.36,8875,0
2018-02-07,19:00:00,9.39,9.47,9.33,9.36,14515,0
2018-02-07,20:00:00,9.4,9.41,9.2,9.375,24252,0
2018-02-07,21:00:00,9.34,9.47,9.2,9.31,21362,0
2018-02-07,22:00:00,9.27,9.38,9.24,9.28,43831,0
2018-02-08,16:00:00,9.34,9.64,9.34,9.58,5259,0
2018-02-08,17:00:00,9.55,9.63,9.44,9.57,15866,0
2018-02-08,18:00:00,9.52,9.59,9.35,9.53,17528,0
2018-02-08,19:00:00,9.43,9.43,9.2,9.25,7390,0
2018-02-08,20:00:00,9.26,9.37,9.25,9.35,9410,0
2018-02-08,21:00:00,9.31,9.37,9.172,9.25,7400,0
2018-02-08,22:00:00,9.26,9.3999,9.21,9.24,41516,0
2018-02-09,16:00:00,9.35,9.35,8.811,9.05,6695,0
2018-02-09,17:00:00,9.09,9.1,8.78,8.83,15100,0
2018-02-09,18:00:00,8.82,8.94,8.65,8.72,7300,0
2018-02-09,19:00:00,8.6649,8.72,8.3542,8.4088,96592,0
2018-02-09,20:00:00,8.3667,8.82,8.3667,8.8101,20131,0
2018-02-09,21:00:00,8.84,9.14,8.84,9.04,13791,0
2018-02-09,22:00:00,9.03,9.26,9,9.14,22631,0
2018-02-12,16:00:00,9.14,9.435,9.13,9.4,7764,0
2018-02-12,17:00:00,9.315,9.37,8.93,9,14271,0
2018-02-12,18:00:00,8.99,9.1,8.9,9.08,4500,0
2018-02-12,19:00:00,9.08,9.08,8.945,9.03,2490,0
2018-02-12,20:00:00,9.03,9.12,8.94,9.1148,4770,0
2018-02-12,21:00:00,9.12,9.13,8.94,8.94,13201,0
2018-02-12,22:00:00,9.03,9.03,8.82,8.97,26581,0
2018-02-13,16:00:00,8.85,9.05,8.77,8.93,8250,0
2018-02-13,17:00:00,8.89,9.21,8.84,9.13,11589,0
2018-02-13,18:00:00,9.13,9.19,8.989,9.02,9471,0
2018-02-13,19:00:00,9.02,9.18,8.98,9.025,7000,0
2018-02-13,20:00:00,9.07,9.125,8.9756,9.08,4070,0
2018-02-13,21:00:00,9.1,9.2,8.9,9.09,19284,0
2018-02-13,22:00:00,9.1,9.17,9.06,9.15,18724,0
2018-02-14,16:00:00,9.02,9.2,8.84,8.92,9157,0
2018-02-14,17:00:00,9,9.22,9,9.05,21100,0
2018-02-14,18:00:00,9.064,9.46,9.0574,9.28,107230,0
2018-02-14,19:00:00,9.3,9.3352,9.22,9.25,45510,0
2018-02-14,20:00:00,9.25,9.75,9.24,9.675,21071,0
2018-02-14,21:00:00,9.6391,9.7,9.31,9.62,50326,0
2018-02-14,22:00:00,9.65,9.73,9.45,9.63,87307,0
2018-02-15,16:00:00,9.65,9.79,9.515,9.61,3801,0
2018-02-15,17:00:00,9.66,9.7,9.23,9.23,7782,0
2018-02-15,18:00:00,9.23,9.39,9.225,9.24,6394,0
2018-02-15,19:00:00,9.27,9.27,9.235,9.27,1500,0
2018-02-15,20:00:00,9.33,9.3464,9.25,9.25,3550,0
2018-02-15,21:00:00,9.26,9.38,9.24,9.29,9138,0
2018-02-15,22:00:00,9.285,9.41,9.27,9.4,20127,0
2018-02-16,16:00:00,9.42,9.499,9.4,9.41,14596,0
2018-02-16,17:00:00,9.42,9.55,9.42,9.53,2084,0
2018-02-16,18:00:00,9.5,9.6,9.47,9.54,3082,0
2018-02-16,19:00:00,9.59,9.59,9.45,9.4863,6605,0
2018-02-16,20:00:00,9.485,9.54,9.36,9.47,4800,0
2018-02-16,21:00:00,9.45,9.5,9.31,9.495,9918,0
2018-02-16,22:00:00,9.5,9.52,9.435,9.47,19498,0
2018-02-20,16:00:00,9.39,9.469,8.77,9.38,5723,0
2018-02-20,17:00:00,9.52,9.52,9.21,9.2375,4600,0
2018-02-20,18:00:00,9.25,9.37,9.25,9.295,1000,0
2018-02-20,19:00:00,9.38,9.49,9.32,9.49,2378,0
2018-02-20,20:00:00,9.44,9.48,9.32,9.45,14634,0
2018-02-20,21:00:00,9.48,9.48,9.36,9.39,4300,0
2018-02-20,22:00:00,9.375,9.4,9.24,9.3,30001,0
2018-02-21,16:00:00,9.22,9.75,9.22,9.66,19803,0
2018-02-21,17:00:00,9.7,10.07,9.66,9.94,72175,0
2018-02-21,18:00:00,9.94,9.95,9.65,9.7,24561,0
2018-02-21,19:00:00,9.7,9.86,9.6,9.705,33078,0
2018-02-21,20:00:00,9.71,9.74,9.64,9.72,11920,0
2018-02-21,21:00:00,9.7,9.96,9.7,9.905,46415,0
2018-02-21,22:00:00,9.82,9.89,9.69,9.7,47083,0
2018-02-22,16:00:00,9.7,10.35,9.62,9.7031,38405,0
2018-02-22,17:00:00,9.72,9.82,9.65,9.755,16144,0
2018-02-22,18:00:00,9.81,9.92,9.7,9.92,7328,0
2018-02-22,19:00:00,9.8899,10.2342,9.8899,10.16,38023,0
2018-02-22,20:00:00,10.16,10.16,9.9,9.91,22514,0
2018-02-22,21:00:00,9.96,10.28,9.955,10.22,21707,0
2018-02-22,22:00:00,10.16,10.49,10.15,10.29,59279,0
2018-02-23,16:00:00,10.47,10.5,9.93,10.01,18797,0
2018-02-23,17:00:00,10.045,10.1,9.56,9.5909,37945,0
2018-02-23,18:00:00,9.575,9.75,9.5,9.75,24959,0
2018-02-23,19:00:00,9.68,9.75,9.53,9.57,25261,0
2018-02-23,20:00:00,9.565,9.78,9.56,9.78,22996,0
2018-02-23,21:00:00,9.77,9.81,9.6,9.79,35657,0
2018-02-23,22:00:00,9.79,9.795,9.18,9.56,127874,0
2018-02-26,16:00:00,9.58,9.605,9.4,9.515,33375,0
2018-02-26,17:00:00,9.52,9.74,9.52,9.72,10000,0
2018-02-26,18:00:00,9.74,9.85,9.59,9.6,18466,0
2018-02-26,19:00:00,9.58,9.68,9.56,9.68,11504,0
2018-02-26,20:00:00,9.667,9.68,9.59,9.6,5700,0
2018-02-26,21:00:00,9.62,9.71,9.62,9.64,5299,0
2018-02-26,22:00:00,9.59,9.7509,9.56,9.67,59399,0
2018-02-27,16:00:00,9.75,9.98,9.75,9.89,22917,0
2018-02-27,17:00:00,9.89,9.99,9.76,9.89,23972,0
2018-02-27,18:00:00,9.87,9.92,9.7,9.725,16483,0
2018-02-27,19:00:00,9.67,9.87,9.67,9.85,14280,0
2018-02-27,20:00:00,9.82,9.89,9.74,9.75,10318,0
2018-02-27,21:00:00,9.76,9.81,9.64,9.75,9700,0
2018-02-27,22:00:00,9.78,9.79,9.67,9.75,37110,0
2018-02-28,16:00:00,9.82,10.08,8.821,9.76,29244,0
2018-02-28,17:00:00,9.765,9.94,9.76,9.79,5013,0
2018-02-28,18:00:00,9.8099,9.835,9.75,9.75,4705,0
2018-02-28,19:00:00,9.765,9.89,9.765,9.86,4489,0
2018-02-28,20:00:00,9.85,9.86,9.77,9.77,20297,0
2018-02-28,21:00:00,9.77,9.98,9.77,9.87,9936,0
2018-02-28,22:00:00,9.8697,9.915,9.71,9.74,32120,0
2018-03-01,16:00:00,9.73,9.86,9.49,9.86,6756,0
2018-03-01,17:00:00,9.78,9.92,9.68,9.69,6900,0
2018-03-01,18:00:00,9.74,9.9,9.7,9.795,12537,0
2018-03-01,19:00:00,9.79,9.8603,9.75,9.815,9101,0
2018-03-01,20:00:00,9.78,9.85,9.7336,9.755,25601,0
2018-03-01,21:00:00,9.73,9.88,9.68,9.86,51318,0
2018-03-01,22:00:00,9.84,9.9,9.75,9.82,40600,0
2018-03-02,16:00:00,9.76,9.89,9.65,9.89,8348,0
2018-03-02,17:00:00,9.9,9.97,9.79,9.92,3180,0
2018-03-02,18:00:00,9.9,10.2,9.81,10.2,22268,0
2018-03-02,19:00:00,10.2768,10.2768,10.091,10.16,28711,0
2018-03-02,20:00:00,10.15,10.48,10.09,10.39,108715,0
2018-03-02,21:00:00,10.3925,10.7357,10.33,10.6448,48865,0
2018-03-02,22:00:00,10.56,10.85,10.53,10.81,89898,0
2018-03-05,16:00:00,10.81,10.89,10.5,10.5,33918,0
2018-03-05,17:00:00,10.5455,10.875,10.28,10.875,89214,0
2018-03-05,18:00:00,10.83,10.88,10.66,10.72,31089,0
2018-03-05,19:00:00,10.79,11.39,10.76,11.1125,250400,0
2018-03-05,20:00:00,11.09,11.15,10.77,10.89,35471,0
2018-03-05,21:00:00,10.91,11,10.63,10.75,129543,0
2018-03-05,22:00:00,10.7,10.98,10.65,10.86,85124,0
2018-03-06,16:00:00,10.86,11.1242,10.7,11.05,38917,0
2018-03-06,17:00:00,10.91,11.11,10.83,10.83,29224,0
2018-03-06,18:00:00,10.81,10.98,10.785,10.97,39701,0
2018-03-06,19:00:00,10.965,11.35,10.85,11.261,337587,0
2018-03-06,20:00:00,11.335,11.54,11.16,11.19,106502,0
2018-03-06,21:00:00,11.2,11.25,10.9,10.96,95171,0
2018-03-06,22:00:00,10.98,11.16,10.95,11.02,102926,0
2018-03-07,16:00:00,10.9,11.3151,10.9,11.12,13214,0
2018-03-07,17:00:00,11.1378,11.27,10.95,11.15,66157,0
2018-03-07,18:00:00,11.0837,11.14,11,11.11,17219,0
2018-03-07,19:00:00,11.01,11.1,10.9,10.99,22036,0
2018-03-07,20:00:00,10.97,11,10.87,10.95,21922,0
2018-03-07,21:00:00,10.98,11.15,10.87,11.12,39800,0
2018-03-07,22:00:00,11.08,11.14,10.98,10.99,78189,0
2018-03-08,16:00:00,10.99,11.32,10.99,11.01,13199,0
2018-03-08,17:00:00,11.055,11.11,10.9,10.936,49432,0
2018-03-08,18:00:00,10.96,11.08,10.8016,10.97,27257,0
2018-03-08,19:00:00,11,11.13,10.86,11.04,28960,0
2018-03-08,20:00:00,11.06,11.31,11.04,11.16,83655,0
2018-03-08,21:00:00,11.19,11.19,11.075,11.1,8177,0
2018-03-08,22:00:00,11.0949,11.18,10.79,10.89,87749,0
2018-03-09,16:00:00,11.94,12.751,11.64,12.34,158718,0
2018-03-09,17:00:00,12.33,12.75,11.8,12.19,133928,0
2018-03-09,18:00:00,11.96,12.26,11.75,12.15,158457,0
2018-03-09,19:00:00,12.145,12.25,11.96,12.065,83483,0
2018-03-09,20:00:00,12.09,12.09,11.98,11.98,30941,0
2018-03-09,21:00:00,12.04,12.34,12,12.3201,114671,0
2018-03-09,22:00:00,12.31,12.31,11.98,12.19,212952,0
2018-03-12,15:00:00,12.05,12.4652,12.05,12.25,67645,0
2018-03-12,16:00:00,12.27,12.5675,12.25,12.36,310386,0
2018-03-12,17:00:00,12.36,12.4,12.15,12.21,77749,0
2018-03-12,18:00:00,12.2,12.26,11.97,12.03,102286,0
2018-03-12,19:00:00,12.05,12.22,11.975,12.18,40692,0
2018-03-12,20:00:00,12.2,12.25,12.09,12.25,74979,0
2018-03-12,21:00:00,12.25,12.26,12.11,12.19,139824,0
2018-03-13,15:00:00,12.55,12.74,12.31,12.6,97152,0
2018-03-13,16:00:00,12.625,13.26,12.58,13.01,263211,0
2018-03-13,17:00:00,13,13.0397,12.8,12.93,58960,0
2018-03-13,18:00:00,12.94,12.94,12.6583,12.775,51839,0
2018-03-13,19:00:00,12.78,12.84,12.7,12.77,40086,0
2018-03-13,20:00:00,12.75,12.9,12.6268,12.81,79874,0
2018-03-13,21:00:00,12.8,13,12.77,12.79,160464,0
2018-03-14,15:00:00,12.91,13.6,12.91,13.355,155052,0
2018-03-14,16:00:00,13.3931,13.84,13.3,13.5889,152430,0
2018-03-14,17:00:00,13.6,13.625,13.41,13.43,27552,0
2018-03-14,18:00:00,13.46,13.53,13.37,13.37,25530,0
2018-03-14,19:00:00,13.35,13.57,13.3,13.5648,41911,0
2018-03-14,20:00:00,13.57,14.1,13.51,13.94,246694,0
2018-03-14,21:00:00,13.95,14.43,13.85,14.02,143514,0
2018-03-15,15:00:00,14.01,14.41,13.8034,14.4068,97151,0
2018-03-15,16:00:00,14.345,14.47,13.9301,13.96,67233,0
2018-03-15,17:00:00,13.97,14.06,13.85,13.91,48038,0
2018-03-15,18:00:00,13.9412,14.13,13.91,13.989,37027,0
2018-03-15,19:00:00,13.97,14.04,13.635,13.7313,55900,0
2018-03-15,20:00:00,13.7,13.91,13.61,13.75,145083,0
2018-03-15,21:00:00,13.7,13.8999,13.7,13.85,73280,0
2018-03-16,15:00:00,13.9,14.28,13.75,14.195,66414,0
2018-03-16,16:00:00,14.15,14.36,14.08,14.13,66784,0
2018-03-16,17:00:00,14.14,14.162,13.83,13.92,28626,0
2018-03-16,18:00:00,13.915,14.05,13.8906,14,28082,0
2018-03-16,19:00:00,13.99,14.025,13.81,13.81,27306,0
2018-03-16,20:00:00,13.81,14,13.81,13.98,24736,0
2018-03-16,21:00:00,13.96,14.2,13.91,14.13,79206,0
2018-03-19,15:00:00,14.16,14.75,14.16,14.6442,52387,0
2018-03-19,16:00:00,14.68,14.68,14.19,14.23,32643,0
2018-03-19,17:00:00,14.19,14.24,14.0256,14.1,36799,0
2018-03-19,18:00:00,14.06,14.19,13.83,13.965,91509,0
2018-03-19,19:00:00,13.99,14.1,13.875,14.07,28763,0
2018-03-19,20:00:00,14.04,14.1,13.93,14.04,38318,0
2018-03-19,21:00:00,14.04,14.17,13.95,14.14,50307,0
2018-03-20,15:00:00,14.14,14.2,13.77,13.97,49278,0
2018-03-20,16:00:00,13.89,14.38,13.89,14.3,35923,0
2018-03-20,17:00:00,14.36,14.37,14.11,14.2,18210,0
2018-03-20,18:00:00,14.21,14.33,14.12,14.12,21103,0
2018-03-20,19:00:00,14.15,14.21,13.98,14.1158,10222,0
2018-03-20,20:00:00,14.07,14.35,14.06,14.32,19911,0
2018-03-20,21:00:00,14.35,14.39,14.17,14.25,39451,0
2018-03-21,15:00:00,14.38,14.39,14.203,14.289,11507,0
2018-03-21,16:00:00,14.33,14.74,14.2873,14.74,57631,0
2018-03-21,17:00:00,14.7379,14.96,14.72,14.83,41942,0
2018-03-21,18:00:00,14.771,14.99,14.72,14.93,24808,0
2018-03-21,19:00:00,14.93,14.93,14.74,14.88,19414,0
2018-03-21,20:00:00,14.9,14.99,14.79,14.85,19376,0
2018-03-21,21:00:00,14.87,15.08,14.87,14.99,93389,0
2018-03-22,15:00:00,14.82,14.84,14.04,14.04,39625,0
2018-03-22,16:00:00,14.0915,14.67,14.071,14.42,36051,0
2018-03-22,17:00:00,14.42,14.5275,14.33,14.46,32613,0
2018-03-22,18:00:00,14.49,14.65,14.44,14.6,18301,0
2018-03-22,19:00:00,14.58,14.96,14.54,14.91,24054,0
2018-03-22,20:00:00,14.88,14.88,14.6701,14.84,17908,0
2018-03-22,21:00:00,14.84,14.94,14.53,14.55,98262,0
2018-03-23,15:00:00,14.85,14.85,14.54,14.67,53376,0
2018-03-23,16:00:00,14.67,14.8,14.6,14.8,14387,0
2018-03-23,17:00:00,14.79,14.8,14.59,14.64,22027,0
2018-03-23,18:00:00,14.65,14.713,14.59,14.62,12649,0
2018-03-23,19:00:00,14.64,14.725,14.56,14.69,15274,0
2018-03-23,20:00:00,14.69,14.69,14.34,14.36,24957,0
2018-03-23,21:00:00,14.37,14.44,14.1,14.13,49386,0
2018-03-26,16:00:00,14.32,14.3784,13.6573,13.9409,24978,0
2018-03-26,17:00:00,13.96,14.09,13.63,13.81,25960,0
2018-03-26,18:00:00,13.76,13.99,13.67,13.99,15498,0
2018-03-26,19:00:00,13.91,13.97,13.695,13.695,21836,0
2018-03-26,20:00:00,13.66,13.86,13.66,13.86,15720,0
2018-03-26,21:00:00,13.84,14.24,13.84,14.22,83511,0
2018-03-26,22:00:00,14.18,14.51,14.1142,14.41,69922,0
2018-03-27,16:00:00,14.44,14.45,13.77,14.42,7298,0
2018-03-27,17:00:00,14.44,14.449,14.09,14.18,22220,0
2018-03-27,18:00:00,14.15,14.29,14.013,14.25,13912,0
2018-03-27,19:00:00,14.235,14.26,13.92,14.23,17488,0
2018-03-27,20:00:00,14.22,14.29,13.95,14,7422,0
2018-03-27,21:00:00,13.97,14.13,13.94,14.02,25933,0
2018-03-27,22:00:00,14.05,14.09,13.84,13.96,46001,0
2018-03-28,16:00:00,14.03,14.19,13.73,14.01,11569,0
2018-03-28,17:00:00,14.01,14.32,13.7601,13.9,47262,0
2018-03-28,18:00:00,13.9,14.03,13.79,13.99,22458,0
2018-03-28,19:00:00,13.92,14.17,13.83,13.865,32591,0
2018-03-28,20:00:00,13.82,14.14,13.77,14.03,12258,0
2018-03-28,21:00:00,14.04,14.1,13.91,13.95,6850,0
2018-03-28,22:00:00,13.99,14.04,13.89,14.01,47395,0
2018-03-29,16:00:00,14.08,14.08,13.86,13.86,2686,0
2018-03-29,17:00:00,13.95,13.99,13.745,13.8,34035,0
2018-03-29,18:00:00,13.8,13.85,13.73,13.84,20499,0
2018-03-29,19:00:00,13.85,13.9,13.75,13.88,8429,0
2018-03-29,20:00:00,13.88,13.9,13.77,13.87,15850,0
2018-03-29,21:00:00,13.89,13.9,13.84,13.84,15287,0
2018-03-29,22:00:00,13.82,13.82,13.6,13.6,64639,0
