Date,Time,Open,High,Low,Close,Volume,OpenInt
2017-09-06,16:00:00,0.52,0.52,0.49481,0.5036,214466,0
2017-09-06,17:00:00,0.503,0.5095,0.49,0.4905,81753,0
2017-09-06,18:00:00,0.4965,0.4975,0.482,0.489,64038,0
2017-09-06,19:00:00,0.4899,0.4899,0.4851,0.4874,26232,0
2017-09-06,20:00:00,0.4969,0.5011,0.49,0.4901,45920,0
2017-09-06,21:00:00,0.497,0.502,0.489,0.4985,90730,0
2017-09-06,22:00:00,0.4984,0.501851,0.497,0.5001,93579,0
2017-09-07,16:00:00,0.5,0.5025,0.49,0.4995,65905,0
2017-09-07,17:00:00,0.5,0.5,0.48,0.4991,27783,0
2017-09-07,18:00:00,0.499282,0.505,0.4911,0.50301,77320,0
2017-09-07,19:00:00,0.503,0.5078,0.491,0.5001,54567,0
2017-09-07,20:00:00,0.5,0.505,0.5,0.5,34375,0
2017-09-07,21:00:00,0.5,0.5035,0.4999,0.5,28193,0
2017-09-07,22:00:00,0.5,0.50011,0.4949,0.498,14957,0
2017-09-08,16:00:00,0.52,0.52,0.499,0.5099,234943,0
2017-09-08,17:00:00,0.51,0.51,0.5,0.5051,96147,0
2017-09-08,18:00:00,0.5051,0.51,0.5,0.507602,56061,0
2017-09-08,19:00:00,0.5079,0.5079,0.5,0.5078,52982,0
2017-09-08,20:00:00,0.5078,0.51,0.5078,0.51,84945,0
2017-09-08,21:00:00,0.5099,0.51,0.5089,0.51,79868,0
2017-09-08,22:00:00,0.5089,0.5099,0.507,0.507217,48649,0
2017-09-11,16:00:00,0.59,0.6,0.5126,0.5176,1879878,0
2017-09-11,17:00:00,0.5175,0.56,0.512,0.5504,1019024,0
2017-09-11,18:00:00,0.55,0.5504,0.515,0.53,432618,0
2017-09-11,19:00:00,0.53,0.5499,0.525,0.53,88810,0
2017-09-11,20:00:00,0.53,0.5399,0.5113,0.529,274703,0
2017-09-11,21:00:00,0.53371,0.53371,0.52,0.5279,156766,0
2017-09-11,22:00:00,0.5279,0.54,0.5279,0.5376,167445,0
2017-09-12,16:00:00,0.522,0.525,0.5029,0.5082,245791,0
2017-09-12,17:00:00,0.507,0.5175,0.5066,0.5102,109986,0
2017-09-12,18:00:00,0.5101,0.5101,0.502,0.5025,132417,0
2017-09-12,19:00:00,0.5025,0.506,0.482,0.4996,267594,0
2017-09-12,20:00:00,0.495,0.5,0.495,0.4976,108737,0
2017-09-12,21:00:00,0.4963,0.5,0.489,0.4901,243093,0
2017-09-12,22:00:00,0.4902,0.5,0.49,0.4984,218662,0
2017-09-13,16:00:00,0.5,0.5,0.4902,0.4916,78790,0
2017-09-13,17:00:00,0.4916,0.5,0.48571,0.4984,138940,0
2017-09-13,18:00:00,0.495,0.498,0.495,0.495,75683,0
2017-09-13,19:00:00,0.4975,0.4995,0.4738,0.49,247667,0
2017-09-13,20:00:00,0.49,0.495,0.481,0.4821,114140,0
2017-09-13,21:00:00,0.485,0.4983,0.485,0.49,41868,0
2017-09-13,22:00:00,0.49001,0.4943,0.4801,0.485,171978,0
2017-09-14,16:00:00,0.49,0.4997,0.48,0.4889,161621,0
2017-09-14,17:00:00,0.482847,0.4899,0.4802,0.4851,103601,0
2017-09-14,18:00:00,0.4854,0.49,0.4802,0.4898,143281,0
2017-09-14,19:00:00,0.4896,0.499,0.485,0.489,22111,0
2017-09-14,20:00:00,0.489,0.49,0.485,0.4855,20825,0
2017-09-14,21:00:00,0.486,0.486,0.4753,0.4793,191232,0
2017-09-14,22:00:00,0.4793,0.485,0.47,0.485,141563,0
2017-09-15,16:00:00,0.4825,0.493,0.48,0.4841,67897,0
2017-09-15,17:00:00,0.485,0.4899,0.4842,0.486,67780,0
2017-09-15,18:00:00,0.4895,0.4895,0.475,0.4811,77929,0
2017-09-15,19:00:00,0.4859,0.486,0.48,0.4824,20101,0
2017-09-15,20:00:00,0.4833,0.4833,0.48,0.4822,38682,0
2017-09-15,21:00:00,0.482,0.482,0.4751,0.48,104381,0
2017-09-15,22:00:00,0.4801,0.486,0.475,0.486,200185,0
2017-09-18,16:00:00,0.48,0.485,0.47,0.48,55546,0
2017-09-18,17:00:00,0.48,0.4899,0.48,0.4869,92551,0
2017-09-18,18:00:00,0.485,0.4868,0.48,0.4868,62770,0
2017-09-18,19:00:00,0.4837,0.489,0.4805,0.48061,58033,0
2017-09-18,20:00:00,0.4829,0.488,0.4825,0.4825,37131,0
2017-09-18,21:00:00,0.4806,0.488,0.4701,0.4701,158296,0
2017-09-18,22:00:00,0.4701,0.488,0.47,0.475,252607,0
2017-09-19,16:00:00,0.47501,0.485,0.475,0.475,133162,0
2017-09-19,17:00:00,0.47501,0.4792,0.47501,0.4762,76907,0
2017-09-19,18:00:00,0.4763,0.4763,0.46,0.4742,132253,0
2017-09-19,19:00:00,0.4742,0.493,0.474,0.4899,152551,0
2017-09-19,20:00:00,0.4898,0.49,0.48,0.4896,36770,0
2017-09-19,21:00:00,0.485,0.4997,0.485,0.4997,198403,0
2017-09-19,22:00:00,0.4974,0.499,0.4901,0.499,35413,0
2017-09-20,16:00:00,0.5,0.511,0.48,0.5076,157057,0
2017-09-20,17:00:00,0.5002,0.5049,0.5,0.5001,71135,0
2017-09-20,18:00:00,0.5001,0.508668,0.4955,0.508668,9044,0
2017-09-20,19:00:00,0.503016,0.508513,0.5,0.5012,39980,0
2017-09-20,20:00:00,0.5012,0.5085,0.5012,0.5052,32502,0
2017-09-20,21:00:00,0.505,0.5085,0.49,0.49,85489,0
2017-09-20,22:00:00,0.49,0.508,0.49,0.4952,41588,0
2017-09-21,16:00:00,0.5,0.5094,0.4901,0.49061,33753,0
2017-09-21,17:00:00,0.4952,0.51,0.4952,0.501005,29788,0
2017-09-21,18:00:00,0.5014,0.5089,0.5002,0.507893,24428,0
2017-09-21,19:00:00,0.5088,0.5088,0.506,0.5084,36617,0
2017-09-21,20:00:00,0.5081,0.5196,0.50561,0.519,78833,0
2017-09-21,21:00:00,0.5199,0.53,0.51,0.51,168673,0
2017-09-21,22:00:00,0.51,0.5228,0.51,0.512,78267,0
2017-09-22,16:00:00,0.5375,0.5375,0.5101,0.5107,56045,0
2017-09-22,17:00:00,0.5111,0.5194,0.5102,0.510439,49420,0
2017-09-22,18:00:00,0.51125,0.518425,0.51041,0.517568,2972,0
2017-09-22,19:00:00,0.5117,0.5195,0.5105,0.5185,42500,0
2017-09-22,20:00:00,0.5111,0.5155,0.5054,0.5054,51897,0
2017-09-22,21:00:00,0.5061,0.5151,0.5061,0.515,73730,0
2017-09-22,22:00:00,0.5133,0.5149,0.5076,0.5149,61811,0
2017-09-25,16:00:00,0.52,0.5212,0.510722,0.518,13712,0
2017-09-25,17:00:00,0.5121,0.52,0.5,0.509014,54663,0
2017-09-25,18:00:00,0.5011,0.515,0.4816,0.5,144418,0
2017-09-25,19:00:00,0.5,0.518,0.5,0.509,13706,0
2017-09-25,20:00:00,0.505,0.5099,0.505,0.5079,10255,0
2017-09-25,21:00:00,0.5051,0.5095,0.505,0.5075,9249,0
2017-09-25,22:00:00,0.5094,0.5095,0.5,0.5,86478,0
2017-09-26,16:00:00,0.5,0.51,0.5,0.505,22742,0
2017-09-26,17:00:00,0.5034,0.51,0.4902,0.4955,108010,0
2017-09-26,18:00:00,0.4999,0.4999,0.495,0.4969,10970,0
2017-09-26,19:00:00,0.4954,0.4994,0.4906,0.494499,25150,0
2017-09-26,20:00:00,0.4945,0.5,0.49,0.497741,94190,0
2017-09-26,21:00:00,0.4902,0.495,0.49,0.49,118868,0
2017-09-26,22:00:00,0.49,0.4945,0.49,0.494,66856,0
2017-09-27,16:00:00,0.5,0.5,0.485,0.4904,31830,0
2017-09-27,17:00:00,0.4933,0.51,0.4932,0.5003,30575,0
2017-09-27,18:00:00,0.5,0.5086,0.4933,0.4978,25291,0
2017-09-27,19:00:00,0.4957,0.5,0.495,0.495,6000,0
2017-09-27,20:00:00,0.4957,0.5,0.4912,0.4927,14535,0
2017-09-27,21:00:00,0.4999,0.505,0.4955,0.5021,121075,0
2017-09-27,22:00:00,0.504,0.51,0.491,0.5001,95959,0
2017-09-28,16:00:00,0.5,0.51,0.4951,0.4953,53369,0
2017-09-28,17:00:00,0.4952,0.5092,0.4951,0.4999,73299,0
2017-09-28,18:00:00,0.5011,0.5098,0.501,0.50521,65983,0
2017-09-28,19:00:00,0.5051,0.5096,0.5,0.5082,60419,0
2017-09-28,20:00:00,0.5069,0.5399,0.5002,0.5275,471064,0
2017-09-28,21:00:00,0.5275,0.53,0.515,0.52,138246,0
2017-09-28,22:00:00,0.5201,0.5298,0.5151,0.526,136438,0
2017-09-29,16:00:00,0.5166,0.55,0.5153,0.5411,462037,0
2017-09-29,17:00:00,0.55,0.57,0.5378,0.5414,563632,0
2017-09-29,18:00:00,0.547,0.5498,0.525,0.525,189021,0
2017-09-29,19:00:00,0.525,0.538,0.52,0.5255,105339,0
2017-09-29,20:00:00,0.5283,0.5298,0.525,0.5253,43321,0
2017-09-29,21:00:00,0.5269,0.527,0.52,0.523,59114,0
2017-09-29,22:00:00,0.5208,0.54,0.52,0.52,172946,0
2017-10-02,16:00:00,0.53,0.5388,0.51531,0.5254,104386,0
2017-10-02,17:00:00,0.5255,0.5255,0.5107,0.52,175239,0
2017-10-02,18:00:00,0.526,0.54,0.5192,0.525425,78422,0
2017-10-02,19:00:00,0.5258,0.5385,0.5258,0.5306,31783,0
2017-10-02,20:00:00,0.5315,0.537,0.5315,0.5354,22638,0
2017-10-02,21:00:00,0.53651,0.537,0.53,0.53,81515,0
2017-10-02,22:00:00,0.5301,0.5375,0.5301,0.5371,119436,0
2017-10-03,16:00:00,0.5309,0.5499,0.52511,0.5488,157314,0
2017-10-03,17:00:00,0.5487,0.5692,0.5486,0.55111,300797,0
2017-10-03,18:00:00,0.5514,0.569,0.5451,0.5652,301024,0
2017-10-03,19:00:00,0.5689,0.5898,0.5599,0.5671,582554,0
2017-10-03,20:00:00,0.5675,0.583,0.5655,0.5721,212173,0
2017-10-03,21:00:00,0.5739,0.5859,0.5654,0.58,191220,0
2017-10-03,22:00:00,0.5804,0.61,0.5715,0.5901,1004374,0
2017-10-04,16:00:00,0.6,0.647,0.596,0.6399,1025935,0
2017-10-04,17:00:00,0.635,0.666,0.61,0.65021,1723656,0
2017-10-04,18:00:00,0.6511,0.666,0.625,0.666,863606,0
2017-10-04,19:00:00,0.666,0.6889,0.6515,0.6716,718441,0
2017-10-04,20:00:00,0.6797,0.749,0.6716,0.7197,1850217,0
2017-10-04,21:00:00,0.716,0.7916,0.7151,0.743,2243323,0
2017-10-04,22:00:00,0.7429,0.78,0.73,0.75,1046142,0
2017-10-05,16:00:00,0.747,0.75,0.6213,0.6385,1397566,0
2017-10-05,17:00:00,0.6308,0.698,0.6116,0.69,1244514,0
2017-10-05,18:00:00,0.6801,0.6899,0.642,0.6505,469129,0
2017-10-05,19:00:00,0.6542,0.6598,0.648,0.6511,257784,0
2017-10-05,20:00:00,0.651,0.68,0.651,0.6631,150586,0
2017-10-05,21:00:00,0.6641,0.669966,0.648,0.6481,202541,0
2017-10-05,22:00:00,0.6481,0.66,0.63,0.6301,467122,0
2017-10-06,16:00:00,0.6032,0.61,0.57,0.5999,498849,0
2017-10-06,17:00:00,0.5938,0.61,0.588,0.60991,189856,0
2017-10-06,18:00:00,0.6099,0.61,0.591,0.5969,105481,0
2017-10-06,19:00:00,0.596,0.6,0.59,0.59997,76106,0
2017-10-06,20:00:00,0.59831,0.5989,0.58031,0.5892,49861,0
2017-10-06,21:00:00,0.5893,0.6099,0.5802,0.5955,156528,0
2017-10-06,22:00:00,0.5955,0.62,0.5955,0.62,169081,0
2017-10-09,16:00:00,0.6,0.6299,0.5901,0.605,219485,0
2017-10-09,17:00:00,0.6033,0.6045,0.5902,0.5904,132256,0
2017-10-09,18:00:00,0.5903,0.609,0.5903,0.59111,104921,0
2017-10-09,19:00:00,0.5999,0.5999,0.5911,0.595,72000,0
2017-10-09,20:00:00,0.5911,0.5987,0.59,0.591,88293,0
2017-10-09,21:00:00,0.591,0.6,0.591,0.591,127992,0
2017-10-09,22:00:00,0.59101,0.6136,0.59101,0.595,170342,0
2017-10-10,16:00:00,0.6,0.6175,0.59,0.617,67846,0
2017-10-10,17:00:00,0.6117,0.6388,0.6117,0.6201,148896,0
2017-10-10,18:00:00,0.62,0.6272,0.6012,0.6108,75108,0
2017-10-10,19:00:00,0.6107,0.6149,0.61,0.61,29248,0
2017-10-10,20:00:00,0.6067,0.615,0.603,0.615,60438,0
2017-10-10,21:00:00,0.61,0.629141,0.61,0.6152,132339,0
2017-10-10,22:00:00,0.6153,0.629,0.61,0.6201,117003,0
2017-10-11,16:00:00,0.62,0.625,0.6012,0.614,61860,0
2017-10-11,17:00:00,0.6017,0.64,0.6016,0.6299,131882,0
2017-10-11,18:00:00,0.6256,0.6316,0.6201,0.6201,169932,0
2017-10-11,19:00:00,0.6201,0.6201,0.6,0.6111,202992,0
2017-10-11,20:00:00,0.6126,0.62,0.61,0.6102,57763,0
2017-10-11,21:00:00,0.6199,0.6199,0.6031,0.61,59978,0
2017-10-11,22:00:00,0.6098,0.62,0.6001,0.6011,131082,0
2017-10-12,16:00:00,0.62,0.76,0.62,0.6901,2006686,0
2017-10-12,17:00:00,0.6968,0.71,0.66,0.6799,662269,0
2017-10-12,18:00:00,0.67,0.7,0.67,0.6995,257910,0
2017-10-12,19:00:00,0.69501,0.7,0.68,0.7,138248,0
2017-10-12,20:00:00,0.6999,0.7,0.68,0.7,99914,0
2017-10-12,21:00:00,0.6996,0.72,0.6927,0.6927,658377,0
2017-10-12,22:00:00,0.6927,0.71,0.6927,0.7061,229888,0
2017-10-13,16:00:00,0.71,0.73,0.6901,0.7001,360732,0
2017-10-13,17:00:00,0.7,0.77,0.7,0.76,1203429,0
2017-10-13,18:00:00,0.7597,0.7788,0.74,0.7445,700535,0
2017-10-13,19:00:00,0.7445,0.7445,0.7125,0.73,267575,0
2017-10-13,20:00:00,0.73,0.73,0.695,0.7289,299628,0
2017-10-13,21:00:00,0.7289,0.7289,0.71,0.7154,99872,0
2017-10-13,22:00:00,0.714,0.72,0.6629,0.68,426475,0
2017-10-16,16:00:00,0.697,0.7299,0.697,0.7098,131558,0
2017-10-16,17:00:00,0.70071,0.725,0.7007,0.71,195925,0
2017-10-16,18:00:00,0.719,0.759,0.6905,0.7251,380554,0
2017-10-16,19:00:00,0.725,0.7379,0.7,0.7005,326512,0
2017-10-16,20:00:00,0.7005,0.7199,0.7,0.7031,158613,0
2017-10-16,21:00:00,0.71,0.7215,0.7002,0.7055,113464,0
2017-10-16,22:00:00,0.7099,0.729,0.705,0.72,212554,0
2017-10-17,16:00:00,0.77,0.825,0.7501,0.764,966784,0
2017-10-17,17:00:00,0.76011,0.77,0.713,0.7384,623480,0
2017-10-17,18:00:00,0.7349,0.739741,0.72,0.73,136376,0
2017-10-17,19:00:00,0.7308,0.749,0.73,0.7447,101948,0
2017-10-17,20:00:00,0.737,0.7489,0.737,0.7453,130755,0
2017-10-17,21:00:00,0.7444,0.75,0.74,0.7495,105467,0
2017-10-17,22:00:00,0.746,0.75,0.67,0.7226,445406,0
2017-10-18,16:00:00,0.72,0.72,0.690582,0.7086,251860,0
2017-10-18,17:00:00,0.7087,0.73,0.6911,0.723,143094,0
2017-10-18,18:00:00,0.725,0.7295,0.7022,0.7114,104553,0
2017-10-18,19:00:00,0.72,0.72,0.7024,0.715,56960,0
2017-10-18,20:00:00,0.72,0.72,0.715,0.7183,14025,0
2017-10-18,21:00:00,0.71501,0.7198,0.71,0.712,51075,0
2017-10-18,22:00:00,0.7144,0.734,0.705,0.705,73031,0
2017-10-19,16:00:00,0.7,0.7339,0.6994,0.7048,147338,0
2017-10-19,17:00:00,0.7096,0.71,0.69,0.71,107959,0
2017-10-19,18:00:00,0.71,0.76,0.7011,0.735,486877,0
2017-10-19,19:00:00,0.7401,0.749,0.72,0.7225,130152,0
2017-10-19,20:00:00,0.72,0.7399,0.72,0.7213,119095,0
2017-10-19,21:00:00,0.72,0.76,0.72,0.7385,157915,0
2017-10-19,22:00:00,0.7389,0.7549,0.72,0.7411,123757,0
2017-10-20,16:00:00,0.7411,0.75,0.7116,0.7356,82217,0
2017-10-20,17:00:00,0.735,0.74,0.72,0.7245,127563,0
2017-10-20,18:00:00,0.7289,0.729,0.7118,0.712,72237,0
2017-10-20,19:00:00,0.7135,0.74,0.71,0.7254,106351,0
2017-10-20,20:00:00,0.7252,0.7399,0.72,0.729,36439,0
2017-10-20,21:00:00,0.72,0.725,0.72,0.7249,39236,0
2017-10-20,22:00:00,0.7212,0.7398,0.721,0.7252,99828,0
2017-10-23,16:00:00,0.72,0.72,0.6781,0.68001,287829,0
2017-10-23,17:00:00,0.6859,0.7,0.6802,0.699,72226,0
2017-10-23,18:00:00,0.6989,0.7,0.683,0.6885,121019,0
2017-10-23,19:00:00,0.69,0.69,0.681,0.681,26674,0
2017-10-23,20:00:00,0.683,0.7,0.681,0.6964,128518,0
2017-10-23,21:00:00,0.6815,0.682,0.6752,0.6808,118410,0
2017-10-23,22:00:00,0.679,0.679,0.65,0.65,206336,0
2017-10-24,16:00:00,0.6612,0.6799,0.65,0.6501,112619,0
2017-10-24,17:00:00,0.65,0.6501,0.58,0.6303,425033,0
2017-10-24,18:00:00,0.6304,0.6304,0.6124,0.6146,42239,0
2017-10-24,19:00:00,0.6146,0.6147,0.5903,0.6011,163822,0
2017-10-24,20:00:00,0.6011,0.6252,0.5902,0.5952,182234,0
2017-10-24,21:00:00,0.5951,0.6,0.5888,0.6,85011,0
2017-10-24,22:00:00,0.6,0.6,0.5901,0.6,128987,0
2017-10-25,16:00:00,0.5844,0.6,0.58061,0.5853,72481,0
2017-10-25,17:00:00,0.5807,0.59,0.58,0.58,157039,0
2017-10-25,18:00:00,0.575,0.5899,0.57,0.5797,87736,0
2017-10-25,19:00:00,0.5751,0.58,0.57,0.58,48904,0
2017-10-25,20:00:00,0.5794,0.5799,0.5651,0.57,266021,0
2017-10-25,21:00:00,0.57,0.57,0.5651,0.5651,56303,0
2017-10-25,22:00:00,0.5652,0.57,0.561,0.5683,31304,0
2017-10-26,16:00:00,0.57,0.5745,0.56,0.5604,55641,0
2017-10-26,17:00:00,0.5649,0.5649,0.5412,0.5412,186075,0
2017-10-26,18:00:00,0.5412,0.55,0.54,0.55,72455,0
2017-10-26,19:00:00,0.5431,0.555,0.5423,0.551,11879,0
2017-10-26,20:00:00,0.555,0.5579,0.55,0.55,36674,0
2017-10-26,21:00:00,0.5562,0.5562,0.5402,0.5402,40253,0
2017-10-26,22:00:00,0.5403,0.56,0.54,0.56,110081,0
2017-10-27,16:00:00,0.56,0.57,0.5412,0.543,85481,0
2017-10-27,17:00:00,0.5499,0.5666,0.5429,0.561,91712,0
2017-10-27,18:00:00,0.5611,0.5698,0.561,0.5621,113200,0
2017-10-27,19:00:00,0.5655,0.579,0.562,0.5744,159640,0
2017-10-27,20:00:00,0.5701,0.5788,0.5651,0.57,33073,0
2017-10-27,21:00:00,0.57,0.588,0.57,0.5745,39186,0
2017-10-27,22:00:00,0.58,0.64,0.58,0.617,398686,0
2017-10-30,15:00:00,0.565,0.58,0.55,0.5721,348406,0
2017-10-30,16:00:00,0.5799,0.5799,0.54,0.5481,324978,0
2017-10-30,17:00:00,0.5481,0.55,0.53,0.531,210007,0
2017-10-30,18:00:00,0.5318,0.54,0.5301,0.5337,58997,0
2017-10-30,19:00:00,0.5337,0.54,0.5332,0.5332,74332,0
2017-10-30,20:00:00,0.5333,0.54,0.501,0.5101,468486,0
2017-10-30,21:00:00,0.5102,0.5297,0.5102,0.5198,287551,0
2017-10-31,15:00:00,0.5,0.52,0.5,0.5016,129935,0
2017-10-31,16:00:00,0.5013,0.5013,0.48,0.4802,268314,0
2017-10-31,17:00:00,0.4803,0.4897,0.48,0.4876,92713,0
2017-10-31,18:00:00,0.4876,0.4898,0.487,0.4873,59186,0
2017-10-31,19:00:00,0.4887,0.4987,0.4875,0.4887,98792,0
2017-10-31,20:00:00,0.4916,0.4976,0.487,0.4894,151766,0
2017-10-31,21:00:00,0.4895,0.5,0.4894,0.499,74805,0
2017-11-01,15:00:00,0.5,0.52,0.483,0.4999,67855,0
2017-11-01,16:00:00,0.489,0.52,0.489,0.51,178071,0
2017-11-01,17:00:00,0.51,0.5398,0.5099,0.535,193070,0
2017-11-01,18:00:00,0.535,0.55,0.5298,0.5497,98739,0
2017-11-01,19:00:00,0.5478,0.55,0.5,0.529,298255,0
2017-11-01,20:00:00,0.5398,0.5399,0.5251,0.5251,78488,0
2017-11-01,21:00:00,0.5288,0.53,0.5288,0.53,110342,0
2017-11-02,15:00:00,0.525,0.53,0.52,0.52,6355,0
2017-11-02,16:00:00,0.5201,0.5295,0.51301,0.51301,12954,0
2017-11-02,17:00:00,0.52,0.5248,0.513,0.5208,14861,0
2017-11-02,18:00:00,0.515,0.521,0.51,0.515,53528,0
2017-11-02,19:00:00,0.51,0.51,0.50501,0.51,28418,0
2017-11-02,20:00:00,0.51,0.51,0.5,0.5076,57500,0
2017-11-02,21:00:00,0.506,0.51,0.5014,0.51,50043,0
2017-11-03,15:00:00,0.5017,0.52,0.491,0.4999,86551,0
2017-11-03,16:00:00,0.5175,0.5197,0.5,0.505,12440,0
2017-11-03,17:00:00,0.5098,0.5098,0.5078,0.5096,9319,0
2017-11-03,18:00:00,0.5079,0.5097,0.501,0.5026,30474,0
2017-11-03,19:00:00,0.503,0.5097,0.497,0.5095,99448,0
2017-11-03,20:00:00,0.5,0.5099,0.5,0.508,18220,0
2017-11-03,21:00:00,0.508,0.51,0.501,0.507,18874,0
2017-11-06,16:00:00,0.5,0.5069,0.49,0.4988,171298,0
2017-11-06,17:00:00,0.4987,0.4989,0.4925,0.4967,87213,0
2017-11-06,18:00:00,0.4985,0.5,0.495,0.4993,60126,0
2017-11-06,19:00:00,0.4972,0.529,0.4951,0.5009,138629,0
2017-11-06,20:00:00,0.501,0.5099,0.5009,0.501,24990,0
2017-11-06,21:00:00,0.501,0.5099,0.501,0.5097,86109,0
2017-11-06,22:00:00,0.501,0.5089,0.5009,0.5011,81702,0
2017-11-07,16:00:00,0.5,0.51,0.49,0.492,165671,0
2017-11-07,17:00:00,0.4999,0.5046,0.49,0.4923,121220,0
2017-11-07,18:00:00,0.4923,0.4994,0.4923,0.493,70272,0
2017-11-07,19:00:00,0.493,0.493,0.49,0.49,76477,0
2017-11-07,20:00:00,0.49,0.4987,0.49,0.49,29819,0
2017-11-07,21:00:00,0.49,0.4988,0.49,0.4935,108250,0
2017-11-07,22:00:00,0.49,0.5,0.483,0.5,83034,0
2017-11-08,16:00:00,0.5,0.509,0.485,0.485,50778,0
2017-11-08,17:00:00,0.485,0.5,0.4801,0.4822,153362,0
2017-11-08,18:00:00,0.4822,0.4849,0.48,0.48,105869,0
2017-11-08,19:00:00,0.48,0.4996,0.477,0.4918,83493,0
2017-11-08,20:00:00,0.4851,0.4919,0.478,0.4801,164519,0
2017-11-08,21:00:00,0.4918,0.4918,0.48,0.48,14539,0
2017-11-08,22:00:00,0.48,0.487,0.48,0.4865,90468,0
2017-11-09,16:00:00,0.49,0.49,0.485,0.4851,16485,0
2017-11-09,17:00:00,0.4851,0.509,0.4851,0.4853,73840,0
2017-11-09,18:00:00,0.4898,0.4898,0.4853,0.4853,8585,0
2017-11-09,19:00:00,0.4854,0.495,0.4853,0.4861,93448,0
2017-11-09,20:00:00,0.4979,0.5089,0.4869,0.50001,31349,0
2017-11-09,21:00:00,0.5002,0.5018,0.5001,0.5005,26962,0
2017-11-09,22:00:00,0.505,0.5277,0.505,0.5199,93667,0
2017-11-10,16:00:00,0.52,0.5281,0.5,0.5051,44201,0
2017-11-10,17:00:00,0.5053,0.5179,0.501,0.5025,55340,0
2017-11-10,18:00:00,0.5,0.5079,0.5,0.5056,16000,0
2017-11-10,19:00:00,0.5055,0.51,0.497,0.497,53996,0
2017-11-10,20:00:00,0.497,0.5,0.497,0.4972,23686,0
2017-11-10,21:00:00,0.4972,0.5,0.49,0.4903,77251,0
2017-11-10,22:00:00,0.4904,0.5,0.482,0.485,113106,0
2017-11-13,16:00:00,0.481,0.4898,0.481,0.4811,71239,0
2017-11-13,17:00:00,0.482,0.487,0.48,0.485,98312,0
2017-11-13,18:00:00,0.484,0.484,0.481,0.483,5701,0
2017-11-13,19:00:00,0.4832,0.4832,0.4798,0.4798,53170,0
2017-11-13,20:00:00,0.4799,0.5,0.475,0.48,113902,0
2017-11-13,21:00:00,0.5,0.5,0.48,0.48301,18085,0
2017-11-13,22:00:00,0.48401,0.52,0.484,0.52,95862,0
2017-11-14,16:00:00,0.505,0.5054,0.5,0.5001,26971,0
2017-11-14,17:00:00,0.5001,0.515,0.4977,0.5067,51425,0
2017-11-14,18:00:00,0.5144,0.5144,0.4992,0.5049,18409,0
2017-11-14,19:00:00,0.5002,0.5002,0.4975,0.4997,23731,0
2017-11-14,20:00:00,0.4999,0.4999,0.486,0.4898,61866,0
2017-11-14,21:00:00,0.4889,0.49,0.487,0.4871,35226,0
2017-11-14,22:00:00,0.4899,0.49,0.48,0.4802,55615,0
2017-11-15,16:00:00,0.48,0.48,0.475,0.4773,28725,0
2017-11-15,17:00:00,0.4795,0.4795,0.47,0.4751,101920,0
2017-11-15,18:00:00,0.4794,0.4795,0.479,0.4795,23860,0
2017-11-15,19:00:00,0.4757,0.4966,0.4752,0.4853,43253,0
2017-11-15,20:00:00,0.489,0.4897,0.48,0.4897,8780,0
2017-11-15,21:00:00,0.485,0.4882,0.4801,0.4882,4900,0
2017-11-15,22:00:00,0.4867,0.49,0.4813,0.49,58380,0
2017-11-16,16:00:00,0.4828,0.51,0.4781,0.492,27075,0
2017-11-16,17:00:00,0.4809,0.4994,0.4809,0.4925,22892,0
2017-11-16,18:00:00,0.4949,0.4949,0.4904,0.4904,1400,0
2017-11-16,19:00:00,0.4906,0.5,0.4906,0.4923,21683,0
2017-11-16,20:00:00,0.49411,0.4999,0.4926,0.4998,850,0
2017-11-16,21:00:00,0.4925,0.4951,0.4851,0.4851,9860,0
2017-11-16,22:00:00,0.485,0.4898,0.4701,0.4701,95667,0
2017-11-17,16:00:00,0.49,0.49,0.47,0.4799,28357,0
2017-11-17,17:00:00,0.4725,0.4799,0.47,0.4771,46133,0
2017-11-17,18:00:00,0.4799,0.48,0.475,0.4772,36817,0
2017-11-17,19:00:00,0.4754,0.4799,0.4754,0.4799,13971,0
2017-11-17,20:00:00,0.48,0.49,0.4799,0.4849,52297,0
2017-11-17,21:00:00,0.4895,0.4895,0.4759,0.48,21985,0
2017-11-17,22:00:00,0.4799,0.48,0.4761,0.48,89502,0
2017-11-20,16:00:00,0.475,0.48,0.4712,0.4795,59733,0
2017-11-20,17:00:00,0.47161,0.49,0.47161,0.4803,83866,0
2017-11-20,18:00:00,0.4803,0.4877,0.4722,0.486,126770,0
2017-11-20,19:00:00,0.482,0.4938,0.48,0.48,110139,0
2017-11-20,20:00:00,0.48,0.4919,0.4723,0.4872,135918,0
2017-11-20,21:00:00,0.4871,0.4872,0.48,0.48,32670,0
2017-11-20,22:00:00,0.4808,0.49,0.48,0.48,105203,0
2017-11-21,16:00:00,0.492,0.492,0.4805,0.4809,15165,0
2017-11-21,17:00:00,0.4866,0.4874,0.4723,0.4758,122033,0
2017-11-21,18:00:00,0.4726,0.51,0.4721,0.5061,517031,0
2017-11-21,19:00:00,0.5097,0.5355,0.505,0.5198,465094,0
2017-11-21,20:00:00,0.518,0.54,0.514,0.529,243748,0
2017-11-21,21:00:00,0.5295,0.5295,0.505,0.5063,182597,0
2017-11-21,22:00:00,0.5088,0.51,0.5012,0.5088,82586,0
2017-11-22,16:00:00,0.5,0.5,0.4851,0.4939,119919,0
2017-11-22,17:00:00,0.492,0.5148,0.489,0.5028,152052,0
2017-11-22,18:00:00,0.4995,0.504,0.486,0.5039,165370,0
2017-11-22,19:00:00,0.5039,0.51,0.4901,0.51,25247,0
2017-11-22,20:00:00,0.51,0.51,0.4929,0.4998,32208,0
2017-11-22,21:00:00,0.4967,0.4999,0.4901,0.4929,50458,0
2017-11-22,22:00:00,0.4912,0.4999,0.4895,0.4902,95096,0
2017-11-24,16:00:00,0.487,0.4988,0.475,0.4899,157407,0
2017-11-24,17:00:00,0.4802,0.4898,0.4703,0.47201,139473,0
2017-11-24,18:00:00,0.4758,0.4897,0.4725,0.4753,140716,0
2017-11-24,19:00:00,0.4774,0.48,0.475,0.4795,71165,0
2017-11-24,20:00:00,0.48,0.48,0.48,0.48,3334,0
2017-11-27,16:00:00,0.49,0.5,0.481,0.498,123017,0
2017-11-27,17:00:00,0.4979,0.4979,0.48,0.4885,353800,0
2017-11-27,18:00:00,0.4888,0.5181,0.4888,0.5016,354040,0
2017-11-27,19:00:00,0.5045,0.525,0.495,0.5111,439490,0
2017-11-27,20:00:00,0.5111,0.5111,0.495,0.5,114425,0
2017-11-27,21:00:00,0.4995,0.5,0.4898,0.5,170557,0
2017-11-27,22:00:00,0.4951,0.5,0.4877,0.488,140150,0
2017-11-28,16:00:00,0.5,0.5,0.4851,0.491,94693,0
2017-11-28,17:00:00,0.4901,0.4901,0.481,0.485,287413,0
2017-11-28,18:00:00,0.4843,0.4855,0.4805,0.4805,178396,0
2017-11-28,19:00:00,0.483,0.49,0.4752,0.4801,308282,0
2017-11-28,20:00:00,0.4802,0.51,0.4801,0.51,330739,0
2017-11-28,21:00:00,0.5075,0.5199,0.4851,0.4989,1145854,0
2017-11-28,22:00:00,0.4965,0.5,0.476,0.49,677742,0
2017-11-29,16:00:00,0.5,0.5,0.4853,0.4853,152400,0
2017-11-29,17:00:00,0.485,0.4897,0.4771,0.48,329004,0
2017-11-29,18:00:00,0.4781,0.487,0.478,0.4869,135005,0
2017-11-29,19:00:00,0.485,0.49,0.4755,0.4755,213144,0
2017-11-29,20:00:00,0.476,0.4787,0.4755,0.4755,57724,0
2017-11-29,21:00:00,0.4778,0.48,0.4755,0.48,167866,0
2017-11-29,22:00:00,0.48,0.4899,0.4775,0.485,102241,0
2017-11-30,16:00:00,0.495,0.495,0.476,0.4766,137762,0
2017-11-30,17:00:00,0.4797,0.48,0.4755,0.4784,163177,0
2017-11-30,18:00:00,0.4789,0.4799,0.47,0.475,217505,0
2017-11-30,19:00:00,0.4725,0.4764,0.47,0.4749,229998,0
2017-11-30,20:00:00,0.4721,0.475,0.471,0.4748,48987,0
2017-11-30,21:00:00,0.474,0.495,0.472,0.495,390601,0
2017-11-30,22:00:00,0.4901,0.495,0.4825,0.4925,104289,0
2017-12-01,16:00:00,0.49,0.4925,0.475,0.481,140397,0
2017-12-01,17:00:00,0.48,0.4808,0.43,0.4556,704026,0
2017-12-01,18:00:00,0.4568,0.46,0.4401,0.45,355927,0
2017-12-01,19:00:00,0.45,0.4596,0.445,0.456,112408,0
2017-12-01,20:00:00,0.45,0.459,0.45,0.4552,88710,0
2017-12-01,21:00:00,0.4584,0.4584,0.45,0.4549,77108,0
2017-12-01,22:00:00,0.455,0.4585,0.45,0.456,262898,0
2017-12-04,16:00:00,0.45,0.45,0.42,0.42,298257,0
2017-12-04,17:00:00,0.4212,0.454,0.42,0.4394,441833,0
2017-12-04,18:00:00,0.4385,0.439,0.4216,0.4298,170928,0
2017-12-04,19:00:00,0.4252,0.4299,0.425,0.4262,43474,0
2017-12-04,20:00:00,0.4261,0.4451,0.4261,0.4426,38612,0
2017-12-04,21:00:00,0.4421,0.443,0.439,0.439,24964,0
2017-12-04,22:00:00,0.439,0.439,0.43,0.437,55952,0
2017-12-05,16:00:00,0.45,0.45,0.4252,0.4306,28763,0
2017-12-05,17:00:00,0.4305,0.4399,0.4304,0.433,46792,0
2017-12-05,18:00:00,0.43111,0.438,0.4311,0.4349,49321,0
2017-12-05,19:00:00,0.4312,0.4498,0.431,0.4334,27542,0
2017-12-05,20:00:00,0.4329,0.46,0.4329,0.4478,35355,0
2017-12-05,21:00:00,0.4362,0.4479,0.4306,0.445,9533,0
2017-12-05,22:00:00,0.4352,0.445,0.431,0.445,52004,0
2017-12-06,16:00:00,0.445,0.45,0.43,0.43,173828,0
2017-12-06,17:00:00,0.43,0.43,0.4001,0.4128,336427,0
2017-12-06,18:00:00,0.4128,0.4164,0.4095,0.41,153733,0
2017-12-06,19:00:00,0.4098,0.4099,0.38,0.3935,340948,0
2017-12-06,20:00:00,0.393,0.4191,0.39,0.4115,381906,0
2017-12-06,21:00:00,0.4119,0.4299,0.4119,0.4231,112302,0
2017-12-06,22:00:00,0.4298,0.4298,0.414,0.4143,96069,0
2017-12-07,16:00:00,0.415,0.421,0.415,0.4152,61221,0
2017-12-07,17:00:00,0.42,0.4399,0.4151,0.4388,54512,0
2017-12-07,18:00:00,0.4367,0.45,0.43,0.4399,121952,0
2017-12-07,19:00:00,0.4399,0.45,0.4399,0.4489,125267,0
2017-12-07,20:00:00,0.4499,0.45,0.44,0.4402,62268,0
2017-12-07,21:00:00,0.4416,0.449,0.4401,0.4452,14489,0
2017-12-07,22:00:00,0.443,0.443,0.3801,0.428,189721,0
2017-12-08,16:00:00,0.4237,0.428,0.3985,0.4153,103105,0
2017-12-08,17:00:00,0.4172,0.445,0.4153,0.4175,70679,0
2017-12-08,18:00:00,0.4202,0.4299,0.42,0.4202,27801,0
2017-12-08,19:00:00,0.4277,0.4277,0.4202,0.4203,42609,0
2017-12-08,20:00:00,0.4203,0.428,0.4203,0.428,23952,0
2017-12-08,21:00:00,0.428,0.4295,0.4248,0.4272,48933,0
2017-12-08,22:00:00,0.4272,0.4272,0.41,0.42,76961,0
2017-12-11,16:00:00,0.41,0.41,0.39,0.3922,326296,0
2017-12-11,17:00:00,0.3921,0.3921,0.35,0.37,1106779,0
2017-12-11,18:00:00,0.375,0.38,0.3618,0.38,188017,0
2017-12-11,19:00:00,0.3799,0.38,0.37,0.3733,198248,0
2017-12-11,20:00:00,0.3702,0.3788,0.37,0.3701,150452,0
2017-12-11,21:00:00,0.3755,0.39,0.37,0.37,338141,0
2017-12-11,22:00:00,0.371,0.388,0.368,0.3687,211596,0
2017-12-12,16:00:00,0.37,0.3788,0.37,0.373,78617,0
2017-12-12,17:00:00,0.373,0.38,0.37,0.37,120663,0
2017-12-12,18:00:00,0.3701,0.3713,0.352,0.352,267126,0
2017-12-12,19:00:00,0.36,0.361,0.35,0.35,149168,0
2017-12-12,20:00:00,0.35,0.365,0.3301,0.35,480184,0
2017-12-12,21:00:00,0.3526,0.365,0.34,0.347,246169,0
2017-12-12,22:00:00,0.3469,0.35,0.33,0.35,258200,0
2017-12-13,16:00:00,0.3739,0.3739,0.32,0.326,186353,0
2017-12-13,17:00:00,0.3374,0.3499,0.3301,0.3479,136041,0
2017-12-13,18:00:00,0.3491,0.35,0.336,0.3478,187128,0
2017-12-13,19:00:00,0.3478,0.3478,0.3361,0.3379,61851,0
2017-12-13,20:00:00,0.3379,0.35,0.3364,0.34235,65149,0
2017-12-13,21:00:00,0.34235,0.35,0.34,0.344,111099,0
2017-12-13,22:00:00,0.34395,0.35,0.336,0.3375,71420,0
2017-12-14,16:00:00,0.34,0.35,0.34,0.35,66947,0
2017-12-14,17:00:00,0.35,0.3691,0.348,0.3569,167996,0
2017-12-14,18:00:00,0.3554,0.35545,0.3401,0.3449,77773,0
2017-12-14,19:00:00,0.3548,0.355,0.33,0.3449,58362,0
2017-12-14,20:00:00,0.3439,0.35,0.341,0.3499,21200,0
2017-12-14,21:00:00,0.3499,0.35,0.3429,0.3469,18419,0
2017-12-14,22:00:00,0.3498,0.3498,0.3427,0.3451,85018,0
2017-12-15,16:00:00,0.35,0.36,0.3427,0.359,41093,0
2017-12-15,17:00:00,0.359,0.359,0.3428,0.35,77440,0
2017-12-15,18:00:00,0.34745,0.3496,0.341,0.3495,79310,0
2017-12-15,19:00:00,0.3495,0.3529,0.34211,0.3529,35934,0
2017-12-15,20:00:00,0.3529,0.3529,0.342,0.342,65084,0
2017-12-15,21:00:00,0.3421,0.3565,0.342,0.3565,158506,0
2017-12-15,22:00:00,0.3565,0.3595,0.34,0.34,94517,0
2017-12-18,16:00:00,0.3705,0.3705,0.3467,0.3589,46291,0
2017-12-18,17:00:00,0.3589,0.36,0.3501,0.36,54769,0
2017-12-18,18:00:00,0.36,0.37,0.3522,0.365,113098,0
2017-12-18,19:00:00,0.3687,0.3689,0.3598,0.3685,28567,0
2017-12-18,20:00:00,0.3632,0.3685,0.36,0.3617,55104,0
2017-12-18,21:00:00,0.3629,0.3653,0.3552,0.35521,110365,0
2017-12-18,22:00:00,0.366,0.367,0.363,0.367,96568,0
2017-12-19,16:00:00,0.378,0.378,0.3601,0.3612,95922,0
2017-12-19,17:00:00,0.3611,0.3736,0.3611,0.3715,76587,0
2017-12-19,18:00:00,0.3714,0.378,0.37,0.3717,137632,0
2017-12-19,19:00:00,0.3718,0.3776,0.365,0.3651,31360,0
2017-12-19,20:00:00,0.365,0.3709,0.365,0.3689,41487,0
2017-12-19,21:00:00,0.3689,0.3689,0.3588,0.3606,79334,0
2017-12-19,22:00:00,0.3604,0.3604,0.3551,0.3551,15944,0
2017-12-20,16:00:00,0.3572,0.375,0.3551,0.3699,38288,0
2017-12-20,17:00:00,0.3699,0.3699,0.36,0.3644,53226,0
2017-12-20,18:00:00,0.3644,0.3644,0.3601,0.3626,24618,0
2017-12-20,19:00:00,0.3622,0.364,0.3552,0.3579,42870,0
2017-12-20,20:00:00,0.3649,0.3649,0.362,0.3649,8233,0
2017-12-20,21:00:00,0.3647,0.365,0.3601,0.3602,15341,0
2017-12-20,22:00:00,0.3621,0.365,0.3601,0.362,11378,0
2017-12-21,16:00:00,0.37,0.37,0.3552,0.3599,78901,0
2017-12-21,17:00:00,0.3579,0.37,0.3552,0.365,47662,0
2017-12-21,18:00:00,0.365,0.365,0.3552,0.3629,43801,0
2017-12-21,19:00:00,0.364,0.364,0.36,0.364,41283,0
2017-12-21,20:00:00,0.364,0.37,0.363,0.3631,96997,0
2017-12-21,21:00:00,0.37,0.375,0.362,0.3675,97011,0
2017-12-21,22:00:00,0.366,0.3711,0.3622,0.3622,46506,0
2017-12-22,16:00:00,0.375,0.375,0.3602,0.3698,10318,0
2017-12-22,17:00:00,0.3666,0.38,0.3625,0.3737,100534,0
2017-12-22,18:00:00,0.3737,0.3788,0.365,0.3661,58611,0
2017-12-22,19:00:00,0.37,0.37,0.366,0.37,17200,0
2017-12-22,20:00:00,0.37,0.3769,0.3677,0.3769,82481,0
2017-12-22,21:00:00,0.3769,0.3769,0.37,0.3729,31761,0
2017-12-22,22:00:00,0.3749,0.3749,0.3652,0.3652,94458,0
2017-12-26,16:00:00,0.3621,0.377,0.36001,0.377,30155,0
2017-12-26,17:00:00,0.3782,0.3782,0.37,0.3704,53664,0
2017-12-26,18:00:00,0.3705,0.375,0.3704,0.3704,23636,0
2017-12-26,19:00:00,0.3749,0.3749,0.3658,0.3673,56862,0
2017-12-26,20:00:00,0.368,0.372,0.3664,0.3683,18123,0
2017-12-26,21:00:00,0.3719,0.375,0.37,0.375,57698,0
2017-12-26,22:00:00,0.3798,0.3849,0.3722,0.3813,136161,0
2017-12-27,16:00:00,0.3851,0.39,0.3752,0.3799,16939,0
2017-12-27,17:00:00,0.3799,0.38,0.3721,0.38,60792,0
2017-12-27,18:00:00,0.38,0.38,0.3605,0.3702,133287,0
2017-12-27,19:00:00,0.3772,0.3772,0.3705,0.377,32500,0
2017-12-27,20:00:00,0.3745,0.38,0.371,0.3799,94765,0
2017-12-27,21:00:00,0.3741,0.3769,0.3704,0.3704,62819,0
2017-12-27,22:00:00,0.3717,0.3792,0.3669,0.3775,64182,0
2017-12-28,16:00:00,0.3708,0.3797,0.365,0.365,51164,0
2017-12-28,17:00:00,0.3658,0.3699,0.36,0.3695,175347,0
2017-12-28,18:00:00,0.3651,0.3665,0.36,0.362,65881,0
2017-12-28,19:00:00,0.366,0.369,0.3605,0.3689,60580,0
2017-12-28,20:00:00,0.3651,0.3675,0.3651,0.3663,28658,0
2017-12-28,21:00:00,0.3663,0.3675,0.3651,0.3652,38901,0
2017-12-28,22:00:00,0.3652,0.3675,0.361,0.3611,59830,0
2017-12-29,16:00:00,0.37,0.376,0.3611,0.376,223940,0
2017-12-29,17:00:00,0.375,0.376,0.365,0.3744,75699,0
2017-12-29,18:00:00,0.3741,0.3748,0.374,0.3741,22200,0
2017-12-29,19:00:00,0.374,0.374,0.3611,0.363,89069,0
2017-12-29,20:00:00,0.3612,0.362,0.352,0.362,103366,0
2017-12-29,21:00:00,0.3603,0.3603,0.3523,0.3526,77095,0
2017-12-29,22:00:00,0.355,0.36,0.352,0.353,145036,0
2018-01-02,16:00:00,0.37,0.37,0.35,0.3553,35800,0
2018-01-02,17:00:00,0.355,0.3592,0.355,0.3591,7124,0
2018-01-02,18:00:00,0.3569,0.359,0.3505,0.3505,109682,0
2018-01-02,19:00:00,0.3586,0.36,0.3509,0.3535,103200,0
2018-01-02,20:00:00,0.356891,0.3649,0.3551,0.3602,45899,0
2018-01-02,21:00:00,0.3602,0.365,0.3601,0.3641,67334,0
2018-01-02,22:00:00,0.3641,0.365,0.36,0.36,75377,0
2018-01-03,16:00:00,0.36,0.3699,0.36,0.3698,23391,0
2018-01-03,17:00:00,0.365,0.3695,0.3552,0.361,60295,0
2018-01-03,18:00:00,0.3611,0.3611,0.344,0.35,130188,0
2018-01-03,19:00:00,0.35,0.3594,0.3481,0.352,20409,0
2018-01-03,20:00:00,0.3521,0.3595,0.3511,0.3595,6949,0
2018-01-03,21:00:00,0.3508,0.3588,0.3396,0.3496,107687,0
2018-01-03,22:00:00,0.3433,0.35,0.3399,0.3493,40105,0
2018-01-04,16:00:00,0.339,0.3498,0.33,0.343,112225,0
2018-01-04,17:00:00,0.344,0.348,0.3389,0.348,72953,0
2018-01-04,18:00:00,0.345,0.3487,0.3402,0.3449,58230,0
2018-01-04,19:00:00,0.3449,0.345,0.34031,0.345,4286,0
2018-01-04,20:00:00,0.3403,0.3441,0.339,0.33931,49042,0
2018-01-04,21:00:00,0.3395,0.3395,0.3311,0.3339,110381,0
2018-01-04,22:00:00,0.334,0.3449,0.3311,0.3418,116301,0
2018-01-05,16:00:00,0.3418,0.3418,0.33,0.3395,35959,0
2018-01-05,17:00:00,0.3385,0.3394,0.33,0.33111,120108,0
2018-01-05,18:00:00,0.3331,0.3388,0.3331,0.3357,47801,0
2018-01-05,19:00:00,0.336214,0.3388,0.325,0.3279,96535,0
2018-01-05,20:00:00,0.3275,0.3387,0.3254,0.3376,47233,0
2018-01-05,21:00:00,0.33001,0.3339,0.33001,0.3334,32908,0
2018-01-05,22:00:00,0.3341,0.3372,0.33,0.3301,89301,0
2018-01-08,16:00:00,0.3427,0.3427,0.32,0.3293,77294,0
2018-01-08,17:00:00,0.3289,0.3396,0.3209,0.331,72055,0
2018-01-08,18:00:00,0.3302,0.3338,0.3301,0.3319,27898,0
2018-01-08,19:00:00,0.3326,0.3339,0.3301,0.3302,21794,0
2018-01-08,20:00:00,0.3337,0.3337,0.3213,0.3306,56869,0
2018-01-08,21:00:00,0.3248,0.3336,0.3232,0.3336,34093,0
2018-01-08,22:00:00,0.3301,0.334,0.323,0.334,55260,0
2018-01-09,16:00:00,0.3325,0.3325,0.3252,0.3258,15178,0
2018-01-09,17:00:00,0.3252,0.3296,0.3251,0.3251,21924,0
2018-01-09,18:00:00,0.3286,0.3286,0.3251,0.3267,30326,0
2018-01-09,19:00:00,0.3251,0.3259,0.325,0.3257,52760,0
2018-01-09,20:00:00,0.3222,0.3255,0.321,0.325,148700,0
2018-01-09,21:00:00,0.3221,0.33,0.321,0.3214,195001,0
2018-01-09,22:00:00,0.3212,0.33,0.3212,0.3298,86875,0
2018-01-10,16:00:00,0.3306,0.3306,0.321,0.325,89785,0
2018-01-10,17:00:00,0.3286,0.334,0.3251,0.3318,87757,0
2018-01-10,18:00:00,0.3329,0.3385,0.3301,0.3351,36249,0
2018-01-10,19:00:00,0.3385,0.3459,0.33511,0.33511,152063,0
2018-01-10,20:00:00,0.3393,0.344,0.3352,0.344,28838,0
2018-01-10,21:00:00,0.344,0.36,0.3427,0.3427,280938,0
2018-01-10,22:00:00,0.3426,0.3499,0.34,0.3422,19111,0
2018-01-11,16:00:00,0.34,0.3422,0.33511,0.3362,28532,0
2018-01-11,17:00:00,0.33631,0.3599,0.33631,0.3555,47570,0
2018-01-11,18:00:00,0.3554,0.3554,0.3453,0.3549,19645,0
2018-01-11,19:00:00,0.3482,0.3499,0.3466,0.3466,2100,0
2018-01-11,20:00:00,0.3472,0.3549,0.3461,0.34611,15201,0
2018-01-11,21:00:00,0.3464,0.3549,0.3464,0.3485,49081,0
2018-01-11,22:00:00,0.3531,0.3548,0.346,0.3502,26110,0
2018-01-12,16:00:00,0.36,0.36,0.35011,0.35531,22955,0
2018-01-12,17:00:00,0.3553,0.3592,0.345,0.3498,29045,0
2018-01-12,18:00:00,0.3499,0.35,0.3451,0.35,71475,0
2018-01-12,19:00:00,0.35,0.35,0.346,0.346,33453,0
2018-01-12,20:00:00,0.3486,0.3499,0.3471,0.3496,2965,0
2018-01-12,21:00:00,0.3472,0.3497,0.3411,0.3411,35035,0
2018-01-12,22:00:00,0.3408,0.342,0.3337,0.3409,55327,0
2018-01-16,16:00:00,0.3325,0.3399,0.33,0.3302,56172,0
2018-01-16,17:00:00,0.3326,0.335,0.3303,0.3307,20324,0
2018-01-16,18:00:00,0.3332,0.3349,0.3302,0.3302,24812,0
2018-01-16,19:00:00,0.331,0.3319,0.3302,0.3318,14505,0
2018-01-16,20:00:00,0.3318,0.3319,0.3302,0.3302,22588,0
2018-01-16,21:00:00,0.3302,0.3303,0.326,0.3262,71695,0
2018-01-16,22:00:00,0.3261,0.33,0.32,0.33,71957,0
2018-01-17,16:00:00,0.3256,0.3297,0.3006,0.3161,230154,0
2018-01-17,17:00:00,0.31,0.32,0.3021,0.31011,65215,0
2018-01-17,18:00:00,0.3128,0.315,0.3127,0.3148,18641,0
2018-01-17,19:00:00,0.3111,0.3147,0.3101,0.3101,27750,0
2018-01-17,20:00:00,0.3101,0.3143,0.31,0.31,45828,0
2018-01-17,21:00:00,0.31,0.3138,0.31,0.3109,31065,0
2018-01-17,22:00:00,0.3101,0.3135,0.3101,0.3101,4012,0
2018-01-18,16:00:00,0.3139,0.3187,0.3103,0.3148,21992,0
2018-01-18,17:00:00,0.3131,0.3148,0.31,0.3109,143089,0
2018-01-18,18:00:00,0.3101,0.3147,0.31,0.3118,33519,0
2018-01-18,19:00:00,0.314,0.33,0.3104,0.3231,141305,0
2018-01-18,20:00:00,0.3238,0.3239,0.311,0.3121,35374,0
2018-01-18,21:00:00,0.3133,0.3202,0.3128,0.3202,10391,0
2018-01-18,22:00:00,0.326,0.326,0.311,0.317,37559,0
2018-01-19,16:00:00,0.3234,0.33,0.3115,0.3115,11089,0
2018-01-19,17:00:00,0.3198,0.322,0.3101,0.3184,29417,0
2018-01-19,18:00:00,0.3198,0.3199,0.3103,0.3112,18150,0
2018-01-19,19:00:00,0.3112,0.318,0.3112,0.3126,23620,0
2018-01-19,20:00:00,0.318,0.3199,0.3121,0.3198,24120,0
2018-01-19,21:00:00,0.3133,0.33,0.3129,0.3298,48824,0
2018-01-19,22:00:00,0.3243,0.328,0.3118,0.318,18606,0
2018-01-22,16:00:00,0.32,0.3293,0.318,0.32,14488,0
2018-01-22,17:00:00,0.3274,0.3297,0.32,0.32,80045,0
2018-01-22,18:00:00,0.3244,0.325,0.315,0.3199,15244,0
2018-01-22,19:00:00,0.3191,0.3198,0.31,0.3193,79414,0
2018-01-22,20:00:00,0.3198,0.3198,0.31,0.31,32182,0
2018-01-22,21:00:00,0.3132,0.32,0.31111,0.31111,22688,0
2018-01-22,22:00:00,0.3198,0.3199,0.3198,0.3199,1622,0
2018-01-23,16:00:00,0.3149,0.3279,0.3103,0.3199,22816,0
2018-01-23,17:00:00,0.3199,0.321,0.3152,0.318,28377,0
2018-01-23,18:00:00,0.318,0.3198,0.318,0.3181,27468,0
2018-01-23,19:00:00,0.3181,0.3199,0.318,0.3199,42158,0
2018-01-23,20:00:00,0.319,0.3199,0.319,0.3195,37927,0
2018-01-23,21:00:00,0.3198,0.32,0.319,0.319,37355,0
2018-01-23,22:00:00,0.3199,0.37,0.319,0.365,1439723,0
2018-01-24,16:00:00,0.36,0.36,0.34,0.3411,266655,0
2018-01-24,17:00:00,0.3438,0.3438,0.3301,0.332,253505,0
2018-01-24,18:00:00,0.3317,0.3388,0.3202,0.3241,145795,0
2018-01-24,19:00:00,0.3249,0.33,0.323,0.324,71034,0
2018-01-24,20:00:00,0.3241,0.3297,0.324,0.3294,73950,0
2018-01-24,21:00:00,0.3293,0.3293,0.32541,0.3258,56333,0
2018-01-24,22:00:00,0.3259,0.3299,0.3201,0.3203,97538,0
2018-01-25,16:00:00,0.34,0.34,0.3221,0.3256,77974,0
2018-01-25,17:00:00,0.3255,0.3255,0.315,0.3162,126448,0
2018-01-25,18:00:00,0.3161,0.33,0.3161,0.3248,103466,0
2018-01-25,19:00:00,0.3202,0.3239,0.3165,0.3171,45353,0
2018-01-25,20:00:00,0.3201,0.325,0.3185,0.3241,24612,0
2018-01-25,21:00:00,0.324,0.324,0.3169,0.3223,27641,0
2018-01-25,22:00:00,0.3201,0.3222,0.318,0.318,35480,0
2018-01-26,16:00:00,0.315,0.3272,0.315,0.316,66789,0
2018-01-26,17:00:00,0.3222,0.3222,0.31621,0.3197,44149,0
2018-01-26,18:00:00,0.3167,0.3197,0.30651,0.3097,148824,0
2018-01-26,19:00:00,0.3086,0.3145,0.3051,0.3106,90855,0
2018-01-26,20:00:00,0.3102,0.3142,0.3102,0.3102,91715,0
2018-01-26,21:00:00,0.3102,0.3107,0.308,0.3098,54402,0
2018-01-26,22:00:00,0.3081,0.3144,0.3081,0.3143,85754,0
2018-01-29,16:00:00,0.322,0.322,0.3053,0.3053,52283,0
2018-01-29,17:00:00,0.3062,0.322,0.3051,0.31,78613,0
2018-01-29,18:00:00,0.3149,0.32,0.3098,0.3199,129503,0
2018-01-29,19:00:00,0.31031,0.3192,0.304,0.3051,40654,0
2018-01-29,20:00:00,0.3184,0.3184,0.30511,0.30611,11654,0
2018-01-29,21:00:00,0.306,0.3148,0.305,0.30541,124971,0
2018-01-29,22:00:00,0.3056,0.322,0.3054,0.3206,116234,0
2018-01-30,16:00:00,0.32,0.32,0.3013,0.315604,37628,0
2018-01-30,17:00:00,0.3145,0.3145,0.3,0.3096,93323,0
2018-01-30,18:00:00,0.305,0.3095,0.305,0.3056,7433,0
2018-01-30,19:00:00,0.3088,0.3097,0.3053,0.3096,76034,0
2018-01-30,20:00:00,0.3054,0.3094,0.3054,0.3086,18579,0
2018-01-30,21:00:00,0.3066,0.3085,0.306,0.307,41154,0
2018-01-30,22:00:00,0.3082,0.3082,0.305,0.305,124656,0
2018-01-31,16:00:00,0.31,0.3123,0.3018,0.3051,76416,0
2018-01-31,17:00:00,0.3031,0.3098,0.3006,0.3009,45493,0
2018-01-31,18:00:00,0.3009,0.3029,0.29,0.292,161999,0
2018-01-31,19:00:00,0.292,0.3084,0.29181,0.298,79438,0
2018-01-31,20:00:00,0.3001,0.3001,0.2901,0.2939,124390,0
2018-01-31,21:00:00,0.2999,0.2999,0.295,0.2951,50197,0
2018-01-31,22:00:00,0.2997,0.2997,0.292,0.299,69495,0
2018-02-01,16:00:00,0.291,0.2997,0.27,0.277645,209087,0
2018-02-01,17:00:00,0.2789,0.2988,0.2789,0.2903,294996,0
2018-02-01,18:00:00,0.2901,0.2918,0.29,0.29,96535,0
2018-02-01,19:00:00,0.2909,0.2918,0.2802,0.2899,224323,0
2018-02-01,20:00:00,0.2899,0.2899,0.28,0.2898,171810,0
2018-02-01,21:00:00,0.2896,0.2896,0.2812,0.2812,6800,0
2018-02-01,22:00:00,0.2891,0.2893,0.2761,0.2761,117021,0
2018-02-02,16:00:00,0.28,0.2897,0.2775,0.2801,244742,0
2018-02-02,17:00:00,0.2878,0.288,0.275,0.2769,31156,0
2018-02-02,18:00:00,0.277,0.2798,0.271,0.2751,115791,0
2018-02-02,19:00:00,0.2794,0.2794,0.2751,0.2776,11129,0
2018-02-02,20:00:00,0.2775,0.2775,0.275,0.2751,15550,0
2018-02-02,21:00:00,0.2765,0.28,0.27,0.2798,185388,0
2018-02-02,22:00:00,0.2718,0.2798,0.27,0.27,85014,0
2018-02-05,16:00:00,0.2835,0.2835,0.25,0.2646,224616,0
2018-02-05,17:00:00,0.2641,0.2641,0.2535,0.256,105817,0
2018-02-05,18:00:00,0.256,0.2805,0.256,0.2711,600001,0
2018-02-05,19:00:00,0.2711,0.2777,0.2626,0.2648,128001,0
2018-02-05,20:00:00,0.2648,0.2777,0.26,0.26,82597,0
2018-02-05,21:00:00,0.26,0.2696,0.2501,0.2504,303577,0
2018-02-05,22:00:00,0.2504,0.27,0.2389,0.247,599666,0
2018-02-06,16:00:00,0.25,0.2515,0.2301,0.2373,128382,0
2018-02-06,17:00:00,0.2382,0.25,0.2312,0.24901,163162,0
2018-02-06,18:00:00,0.24911,0.2555,0.2486,0.2498,239124,0
2018-02-06,19:00:00,0.2498,0.2599,0.245,0.255,177704,0
2018-02-06,20:00:00,0.2515,0.2689,0.24991,0.25,193851,0
2018-02-06,21:00:00,0.2557,0.26,0.25,0.25,92639,0
2018-02-06,22:00:00,0.251,0.26,0.2499,0.25,134289,0
2018-02-07,16:00:00,0.252,0.25311,0.2451,0.2501,66498,0
2018-02-07,17:00:00,0.2501,0.2531,0.2471,0.25,61532,0
2018-02-07,18:00:00,0.25,0.254,0.24811,0.2521,125254,0
2018-02-07,19:00:00,0.2521,0.254,0.2495,0.25,44112,0
2018-02-07,20:00:00,0.2493,0.25,0.2448,0.24488,126428,0
2018-02-07,21:00:00,0.2449,0.254,0.2448,0.2501,109917,0
2018-02-07,22:00:00,0.2501,0.254,0.2501,0.252,59034,0
2018-02-08,16:00:00,0.2589,0.262,0.251,0.252,132766,0
2018-02-08,17:00:00,0.252,0.262,0.24961,0.24961,86964,0
2018-02-08,18:00:00,0.2501,0.2598,0.2481,0.25,37046,0
2018-02-08,19:00:00,0.25,0.2546,0.2481,0.2493,101590,0
2018-02-08,20:00:00,0.2547,0.2547,0.24801,0.2493,2890,0
2018-02-08,21:00:00,0.2497,0.2498,0.248,0.2494,16605,0
2018-02-08,22:00:00,0.24801,0.2599,0.24101,0.24101,112846,0
2018-02-09,16:00:00,0.24,0.257,0.24,0.2448,37418,0
2018-02-09,17:00:00,0.2453,0.2499,0.24,0.2469,26657,0
2018-02-09,18:00:00,0.2499,0.2499,0.2412,0.2412,10500,0
2018-02-09,19:00:00,0.2435,0.2435,0.2412,0.2421,47206,0
2018-02-09,20:00:00,0.2422,0.25,0.2421,0.245,92857,0
2018-02-09,21:00:00,0.2486,0.252,0.245,0.25,92205,0
2018-02-09,22:00:00,0.252,0.2535,0.2451,0.25,75921,0
2018-02-12,16:00:00,0.33,0.3368,0.295,0.3199,1340419,0
2018-02-12,17:00:00,0.3192,0.32,0.2911,0.2911,877790,0
2018-02-12,18:00:00,0.2984,0.32,0.2911,0.315,308482,0
2018-02-12,19:00:00,0.32,0.34,0.3016,0.317,3015712,0
2018-02-12,20:00:00,0.317,0.318595,0.2915,0.2919,637086,0
2018-02-12,21:00:00,0.2917,0.3164,0.2901,0.305,593481,0
2018-02-12,22:00:00,0.3048,0.3083,0.2901,0.291,816539,0
2018-02-13,16:00:00,0.2887,0.3098,0.262,0.2631,503958,0
2018-02-13,17:00:00,0.26501,0.28,0.2536,0.28,558867,0
2018-02-13,18:00:00,0.2736,0.28,0.261,0.264,172239,0
2018-02-13,19:00:00,0.264,0.271,0.2624,0.265,129223,0
2018-02-13,20:00:00,0.265,0.2705,0.2647,0.268,106309,0
2018-02-13,21:00:00,0.268,0.275,0.2627,0.269,243626,0
2018-02-13,22:00:00,0.269,0.27,0.26,0.264,268329,0
2018-02-14,16:00:00,0.265,0.2687,0.265,0.2687,83358,0
2018-02-14,17:00:00,0.2686,0.279,0.2671,0.2754,189170,0
2018-02-14,18:00:00,0.2753,0.279,0.2686,0.275,241780,0
2018-02-14,19:00:00,0.2731,0.275,0.2686,0.2686,70883,0
2018-02-14,20:00:00,0.2686,0.27,0.255,0.2634,161433,0
2018-02-14,21:00:00,0.2636,0.2647,0.248,0.2627,447221,0
2018-02-14,22:00:00,0.2597,0.2636,0.2541,0.2605,100040,0
2018-02-15,16:00:00,0.25,0.265,0.25,0.2599,205031,0
2018-02-15,17:00:00,0.2594,0.26,0.251,0.2534,167851,0
2018-02-15,18:00:00,0.2523,0.2599,0.25,0.2515,110691,0
2018-02-15,19:00:00,0.2515,0.2599,0.25,0.2517,182328,0
2018-02-15,20:00:00,0.2517,0.2587,0.2517,0.2545,13593,0
2018-02-15,21:00:00,0.2557,0.2581,0.2551,0.2551,29483,0
2018-02-15,22:00:00,0.2582,0.259,0.255,0.255,82415,0
2018-02-16,16:00:00,0.27,0.2758,0.26,0.2609,168437,0
2018-02-16,17:00:00,0.26011,0.27,0.26011,0.268067,64516,0
2018-02-16,18:00:00,0.2692,0.2692,0.265,0.269,77692,0
2018-02-16,19:00:00,0.2689,0.27,0.2655,0.2699,82987,0
2018-02-16,20:00:00,0.27,0.27,0.2693,0.27,35052,0
2018-02-16,21:00:00,0.2699,0.277,0.26,0.2749,563055,0
2018-02-16,22:00:00,0.275,0.2751,0.26,0.2668,321888,0
2018-02-20,16:00:00,0.28,0.2827,0.261,0.2711,119631,0
2018-02-20,17:00:00,0.27,0.272,0.26,0.2699,117356,0
2018-02-20,18:00:00,0.2675,0.27,0.2675,0.2679,59016,0
2018-02-20,19:00:00,0.269,0.27,0.2609,0.262,57328,0
2018-02-20,20:00:00,0.2684,0.2684,0.2601,0.2601,105205,0
2018-02-20,21:00:00,0.262089,0.2669,0.262089,0.2655,14845,0
2018-02-20,22:00:00,0.2669,0.2669,0.255,0.26,104143,0
2018-02-21,16:00:00,0.26,0.2601,0.2498,0.2498,209275,0
2018-02-21,17:00:00,0.2451,0.255,0.24,0.255,225050,0
2018-02-21,18:00:00,0.2557,0.2599,0.255,0.2599,22016,0
2018-02-21,19:00:00,0.2599,0.2599,0.2489,0.2525,38355,0
2018-02-21,20:00:00,0.251,0.2576,0.245,0.2471,114279,0
2018-02-21,21:00:00,0.2565,0.2565,0.2471,0.2526,76266,0
2018-02-21,22:00:00,0.24801,0.2549,0.247,0.247,94470,0
2018-02-22,16:00:00,0.31,0.32,0.2806,0.2944,2548445,0
2018-02-22,17:00:00,0.2944,0.295,0.28,0.2898,836617,0
2018-02-22,18:00:00,0.2899,0.2899,0.252,0.265,730195,0
2018-02-22,19:00:00,0.265,0.2741,0.265,0.2737,340800,0
2018-02-22,20:00:00,0.2721,0.28,0.2699,0.27,294498,0
2018-02-22,21:00:00,0.2702,0.2714,0.2699,0.2701,360302,0
2018-02-22,22:00:00,0.2701,0.2701,0.264,0.2642,276292,0
2018-02-23,16:00:00,0.2643,0.2739,0.255,0.255,298733,0
2018-02-23,17:00:00,0.254,0.26,0.253,0.26,235906,0
2018-02-23,18:00:00,0.26,0.26,0.253,0.2593,108543,0
2018-02-23,19:00:00,0.2556,0.26,0.255,0.2551,45452,0
2018-02-23,20:00:00,0.26,0.26,0.257,0.2571,39957,0
2018-02-23,21:00:00,0.2599,0.264,0.2589,0.2635,66506,0
2018-02-23,22:00:00,0.2635,0.27,0.2598,0.2668,327512,0
2018-02-26,16:00:00,0.2835,0.2835,0.255,0.26031,174167,0
2018-02-26,17:00:00,0.2603,0.2685,0.26,0.2642,157109,0
2018-02-26,18:00:00,0.2649,0.2669,0.2551,0.2574,226729,0
2018-02-26,19:00:00,0.2579,0.2625,0.25741,0.2599,88884,0
2018-02-26,20:00:00,0.2591,0.265,0.259,0.2625,22135,0
2018-02-26,21:00:00,0.2592,0.263,0.2592,0.2599,28306,0
2018-02-26,22:00:00,0.26,0.2649,0.259,0.2611,155972,0
2018-02-27,16:00:00,0.2639,0.2639,0.255,0.259,160268,0
2018-02-27,17:00:00,0.2589,0.27,0.2589,0.26,194093,0
2018-02-27,18:00:00,0.2595,0.2609,0.2571,0.26,538407,0
2018-02-27,19:00:00,0.26,0.2621,0.259,0.259,186972,0
2018-02-27,20:00:00,0.2594,0.26,0.259,0.259,133374,0
2018-02-27,21:00:00,0.2593,0.2593,0.256,0.2587,131365,0
2018-02-27,22:00:00,0.2583,0.2599,0.256,0.2563,93559,0
2018-02-28,16:00:00,0.257,0.263,0.255,0.25601,99675,0
2018-02-28,17:00:00,0.2599,0.2599,0.255,0.25691,120124,0
2018-02-28,18:00:00,0.2583,0.2609,0.256,0.26,213324,0
2018-02-28,19:00:00,0.2595,0.26,0.25611,0.2568,194782,0
2018-02-28,20:00:00,0.257,0.26,0.257,0.2599,38477,0
2018-02-28,21:00:00,0.2598,0.2598,0.251,0.251,236715,0
2018-02-28,22:00:00,0.251,0.255,0.25,0.25,291535,0
2018-03-01,16:00:00,0.26,0.26,0.2431,0.2499,98920,0
2018-03-01,17:00:00,0.2499,0.25,0.246,0.2496,107892,0
2018-03-01,18:00:00,0.2496,0.2496,0.241,0.24505,73734,0
2018-03-01,19:00:00,0.2479,0.25,0.2461,0.25,144121,0
2018-03-01,20:00:00,0.247,0.25,0.24691,0.2485,204811,0
2018-03-01,21:00:00,0.2497,0.2499,0.2485,0.2494,21799,0
2018-03-01,22:00:00,0.2494,0.25,0.245,0.248,68086,0
2018-03-02,16:00:00,0.2512,0.2512,0.243,0.24561,82530,0
2018-03-02,17:00:00,0.249,0.2512,0.2457,0.2503,130594,0
2018-03-02,18:00:00,0.2503,0.2509,0.2495,0.2495,92051,0
2018-03-02,19:00:00,0.25,0.2512,0.2499,0.2499,192774,0
2018-03-02,20:00:00,0.25,0.25,0.2499,0.25,31290,0
2018-03-02,21:00:00,0.2499,0.251,0.2491,0.2507,81443,0
2018-03-02,22:00:00,0.2507,0.2507,0.2494,0.25,89741,0
2018-03-05,16:00:00,0.25,0.2532,0.2456,0.2456,52652,0
2018-03-05,17:00:00,0.2497,0.2537,0.245,0.2505,87470,0
2018-03-05,18:00:00,0.2511,0.2536,0.2499,0.25,66963,0
2018-03-05,19:00:00,0.25,0.2531,0.2499,0.25,53719,0
2018-03-05,20:00:00,0.2521,0.2528,0.2497,0.25,33836,0
2018-03-05,21:00:00,0.25,0.25,0.2499,0.25,13357,0
2018-03-05,22:00:00,0.25,0.2522,0.246,0.247,237498,0
2018-03-06,16:00:00,0.259,0.259,0.248,0.2491,106684,0
2018-03-06,17:00:00,0.2498,0.2507,0.2492,0.2493,63353,0
2018-03-06,18:00:00,0.2499,0.25,0.2489,0.249,18444,0
2018-03-06,19:00:00,0.249,0.2495,0.2486,0.2494,26130,0
2018-03-06,20:00:00,0.2493,0.2493,0.2485,0.2486,22600,0
2018-03-06,21:00:00,0.2487,0.2487,0.241,0.2453,113395,0
2018-03-06,22:00:00,0.2453,0.2478,0.242,0.245,112046,0
2018-03-07,16:00:00,0.241,0.2498,0.241,0.2465,30978,0
2018-03-07,17:00:00,0.2489,0.256,0.245,0.2495,839870,0
2018-03-07,18:00:00,0.25,0.2558,0.2495,0.25,295595,0
2018-03-07,19:00:00,0.25,0.255,0.249,0.2523,91977,0
2018-03-07,20:00:00,0.2523,0.256,0.2523,0.2557,186728,0
2018-03-07,21:00:00,0.2557,0.2624,0.25,0.2542,575638,0
2018-03-07,22:00:00,0.255,0.2587,0.247,0.25,296809,0
2018-03-08,16:00:00,0.2439,0.25,0.242,0.2425,315698,0
2018-03-08,17:00:00,0.2448,0.2494,0.2421,0.2493,233567,0
2018-03-08,18:00:00,0.2494,0.2649,0.2438,0.2649,2125666,0
2018-03-08,19:00:00,0.2642,0.269,0.245,0.2502,2241015,0
2018-03-08,20:00:00,0.248,0.2539,0.247,0.25,510862,0
2018-03-08,21:00:00,0.24991,0.2525,0.247,0.2499,210713,0
2018-03-08,22:00:00,0.2499,0.25,0.2421,0.2489,539311,0
2018-03-09,16:00:00,0.242,0.244,0.232,0.2384,569779,0
2018-03-09,17:00:00,0.2377,0.24,0.21,0.2131,692846,0
2018-03-09,18:00:00,0.2127,0.2399,0.2127,0.2399,484525,0
2018-03-09,19:00:00,0.2399,0.2399,0.235,0.2351,177981,0
2018-03-09,20:00:00,0.2389,0.2399,0.2346,0.235,174358,0
2018-03-09,21:00:00,0.2355,0.2376,0.225,0.225,240470,0
2018-03-09,22:00:00,0.2278,0.2349,0.225,0.2346,410287,0
2018-03-12,15:00:00,0.232,0.2397,0.2255,0.2295,183161,0
2018-03-12,16:00:00,0.228,0.23,0.2255,0.227,167152,0
2018-03-12,17:00:00,0.227,0.2279,0.2155,0.2197,507897,0
2018-03-12,18:00:00,0.2191,0.2227,0.219,0.22,132302,0
2018-03-12,19:00:00,0.22,0.2223,0.22,0.22,202625,0
2018-03-12,20:00:00,0.2213,0.2214,0.219,0.2204,158749,0
2018-03-12,21:00:00,0.2205,0.223,0.216,0.22,248339,0
2018-03-13,15:00:00,0.2299,0.2299,0.21671,0.2169,160067,0
2018-03-13,16:00:00,0.217479,0.23,0.2174,0.2279,282022,0
2018-03-13,17:00:00,0.2245,0.228,0.2169,0.2199,110042,0
2018-03-13,18:00:00,0.2198,0.225,0.2175,0.2196,53486,0
2018-03-13,19:00:00,0.2202,0.2226,0.2196,0.2224,178116,0
2018-03-13,20:00:00,0.2224,0.2224,0.2195,0.2209,31270,0
2018-03-13,21:00:00,0.221,0.2216,0.2181,0.2198,113897,0
2018-03-14,15:00:00,0.22,0.221,0.22,0.22,54973,0
2018-03-14,16:00:00,0.2201,0.2251,0.2201,0.2202,154775,0
2018-03-14,17:00:00,0.2218,0.2298,0.2199,0.2201,212672,0
2018-03-14,18:00:00,0.2201,0.2244,0.22,0.2222,81461,0
2018-03-14,19:00:00,0.2222,0.2222,0.2201,0.2222,54400,0
2018-03-14,20:00:00,0.2203,0.2222,0.2182,0.2182,190913,0
2018-03-14,21:00:00,0.221,0.221,0.2182,0.2197,65882,0
2018-03-15,15:00:00,0.22,0.22,0.2174,0.21741,168649,0
2018-03-15,16:00:00,0.2174,0.2177,0.2102,0.211,237234,0
2018-03-15,17:00:00,0.2111,0.2176,0.2111,0.2145,62874,0
2018-03-15,18:00:00,0.214,0.2173,0.2122,0.215,73925,0
2018-03-15,19:00:00,0.215,0.215,0.212,0.2125,19426,0
2018-03-15,20:00:00,0.2124,0.22,0.21,0.2114,354382,0
2018-03-15,21:00:00,0.2117,0.2185,0.2095,0.2095,317261,0
2018-03-16,15:00:00,0.21,0.2193,0.2097,0.2132,166538,0
2018-03-16,16:00:00,0.2109,0.219,0.2051,0.2106,126853,0
2018-03-16,17:00:00,0.2106,0.215,0.21,0.215,100630,0
2018-03-16,18:00:00,0.215,0.215,0.2114,0.2114,62325,0
2018-03-16,19:00:00,0.2114,0.219,0.2114,0.2185,88171,0
2018-03-16,20:00:00,0.219,0.219,0.2133,0.2148,120076,0
2018-03-16,21:00:00,0.2141,0.2279,0.2114,0.2114,216909,0
2018-03-19,15:00:00,0.23,0.23,0.21521,0.2248,189295,0
2018-03-19,16:00:00,0.2249,0.225,0.2201,0.2224,62673,0
2018-03-19,17:00:00,0.2243,0.2243,0.2198,0.2198,76217,0
2018-03-19,18:00:00,0.2199,0.2203,0.2198,0.2199,52298,0
2018-03-19,19:00:00,0.22,0.22,0.2171,0.2181,84210,0
2018-03-19,20:00:00,0.2182,0.22,0.2164,0.2199,35617,0
2018-03-19,21:00:00,0.2199,0.225,0.2181,0.2247,88590,0
2018-03-20,15:00:00,0.2247,0.2247,0.2175,0.2245,88323,0
2018-03-20,16:00:00,0.2222,0.225,0.2204,0.225,102075,0
2018-03-20,17:00:00,0.2226,0.238,0.2226,0.2343,150666,0
2018-03-20,18:00:00,0.2342,0.2373,0.2264,0.2264,98191,0
2018-03-20,19:00:00,0.2265,0.2267,0.224,0.225,37325,0
2018-03-20,20:00:00,0.2265,0.228,0.225,0.228,59575,0
2018-03-20,21:00:00,0.2279,0.233,0.2277,0.233,110750,0
2018-03-21,15:00:00,0.2378,0.2378,0.2202,0.226,107935,0
2018-03-21,16:00:00,0.2329,0.2329,0.22591,0.2308,79056,0
2018-03-21,17:00:00,0.2308,0.2377,0.2308,0.2339,70334,0
2018-03-21,18:00:00,0.234,0.2377,0.2316,0.2344,62902,0
2018-03-21,19:00:00,0.2345,0.2387,0.2321,0.2354,67540,0
2018-03-21,20:00:00,0.2342,0.24,0.23,0.24,176600,0
2018-03-21,21:00:00,0.2401,0.2489,0.2378,0.2425,339723,0
2018-03-22,15:00:00,0.2399,0.2584,0.235,0.2584,194085,0
2018-03-22,16:00:00,0.2549,0.254921,0.2424,0.2496,89228,0
2018-03-22,17:00:00,0.2477,0.2498,0.2325,0.2326,124561,0
2018-03-22,18:00:00,0.2325,0.2488,0.2305,0.2437,40909,0
2018-03-22,19:00:00,0.244,0.244,0.2352,0.24125,41695,0
2018-03-22,20:00:00,0.2435,0.252,0.2413,0.2486,158490,0
2018-03-22,21:00:00,0.252,0.255,0.245,0.2518,229180,0
2018-03-23,15:00:00,0.255,0.2598,0.2466,0.2466,216317,0
2018-03-23,16:00:00,0.2498,0.2519,0.2339,0.2339,220750,0
2018-03-23,17:00:00,0.2334,0.2473,0.2334,0.2447,64721,0
2018-03-23,18:00:00,0.24,0.25,0.2355,0.2487,51031,0
2018-03-23,19:00:00,0.2486,0.2486,0.24,0.244,29698,0
2018-03-23,20:00:00,0.2447,0.2449,0.235,0.235,113533,0
2018-03-23,21:00:00,0.2375,0.25,0.234,0.2406,79900,0
2018-03-26,16:00:00,0.259,0.259,0.231,0.2387,243280,0
2018-03-26,17:00:00,0.245,0.245,0.2161,0.2263,120045,0
2018-03-26,18:00:00,0.2279,0.2389,0.222,0.2301,51516,0
2018-03-26,19:00:00,0.2347,0.2347,0.227,0.2344,15770,0
2018-03-26,20:00:00,0.2343,0.2347,0.227,0.227,27784,0
2018-03-26,21:00:00,0.22501,0.2445,0.206,0.2436,273173,0
2018-03-26,22:00:00,0.2434,0.2434,0.2105,0.243,82831,0
2018-03-27,16:00:00,0.22,0.2399,0.22,0.2384,56582,0
2018-03-27,17:00:00,0.2343,0.2343,0.2211,0.23,11674,0
2018-03-27,18:00:00,0.23,0.23,0.2291,0.2299,22875,0
2018-03-27,19:00:00,0.2292,0.235,0.2292,0.2349,16100,0
2018-03-27,20:00:00,0.2304,0.235,0.2304,0.2347,47446,0
2018-03-27,21:00:00,0.2346,0.2387,0.2346,0.2355,32708,0
2018-03-27,22:00:00,0.2354,0.2367,0.2302,0.2338,32557,0
2018-03-28,16:00:00,0.2399,0.2399,0.23,0.2348,21303,0
2018-03-28,17:00:00,0.2346,0.235,0.225,0.2346,143376,0
2018-03-28,18:00:00,0.2348,0.2348,0.225,0.2288,39515,0
2018-03-28,19:00:00,0.229,0.2349,0.2271,0.2349,30840,0
2018-03-28,20:00:00,0.2348,0.2348,0.2284,0.2339,3461,0
2018-03-28,21:00:00,0.2338,0.2344,0.2265,0.2301,19776,0
2018-03-28,22:00:00,0.2332,0.2332,0.226,0.2294,26698,0
2018-03-29,16:00:00,0.23,0.2301,0.2153,0.2212,48488,0
2018-03-29,17:00:00,0.2218,0.2348,0.2216,0.228,24590,0
2018-03-29,18:00:00,0.2227,0.23,0.2227,0.2276,48147,0
2018-03-29,19:00:00,0.2261,0.23,0.2261,0.23,14008,0
2018-03-29,20:00:00,0.23,0.234,0.228,0.2339,58275,0
2018-03-29,21:00:00,0.2339,0.24,0.2338,0.2399,29183,0
2018-03-29,22:00:00,0.2398,0.2399,0.2308,0.235,95495,0
