Date,Time,Open,High,Low,Close,Volume,OpenInt
2017-07-03,16:00:00,0.02,0.022,0.02,0.0218,532333,0
2017-07-03,17:00:00,0.0215,0.0219,0.021,0.0214,501466,0
2017-07-03,18:00:00,0.0214,0.0214,0.0195,0.02,599564,0
2017-07-03,19:00:00,0.0195,0.021,0.0195,0.021,182159,0
2017-07-05,16:00:00,0.02,0.0201,0.0195,0.0201,485806,0
2017-07-05,17:00:00,0.0195,0.02,0.0179,0.0193,584209,0
2017-07-05,18:00:00,0.0193,0.0193,0.018,0.0186,414072,0
2017-07-05,19:00:00,0.0185,0.0188,0.017,0.017,161210,0
2017-07-05,20:00:00,0.017,0.019,0.0154,0.0154,248239,0
2017-07-05,21:00:00,0.0161,0.0161,0.0155,0.016,192700,0
2017-07-05,22:00:00,0.016,0.016,0.0135,0.0135,1244175,0
2017-07-06,16:00:00,0.0137,0.016,0.0137,0.016,979991,0
2017-07-06,17:00:00,0.016,0.0183,0.016,0.018,505865,0
2017-07-06,18:00:00,0.018,0.018,0.0179,0.0179,241020,0
2017-07-06,19:00:00,0.0179,0.0179,0.015,0.0158,63732,0
2017-07-06,20:00:00,0.0158,0.0179,0.0158,0.0158,23213,0
2017-07-06,21:00:00,0.0173,0.0173,0.0173,0.0173,1381,0
2017-07-06,22:00:00,0.0171,0.0171,0.0171,0.0171,600,0
2017-07-07,16:00:00,0.0179,0.019,0.017,0.017,237066,0
2017-07-07,17:00:00,0.017,0.0215,0.017,0.02,2185641,0
2017-07-07,18:00:00,0.0176,0.0205,0.0175,0.02,322714,0
2017-07-07,19:00:00,0.0205,0.0208,0.0199,0.02,299770,0
2017-07-07,20:00:00,0.02,0.0205,0.0199,0.02,192590,0
2017-07-07,21:00:00,0.0185,0.02,0.0177,0.0178,254496,0
2017-07-07,22:00:00,0.018,0.02,0.0168,0.0177,353703,0
2017-07-10,16:00:00,0.023,0.023,0.017,0.02,101749,0
2017-07-10,17:00:00,0.019,0.02,0.018,0.019,432742,0
2017-07-10,18:00:00,0.018,0.0195,0.018,0.0195,204485,0
2017-07-10,19:00:00,0.019,0.0194,0.0189,0.0194,26600,0
2017-07-10,20:00:00,0.0194,0.0195,0.019,0.0195,47962,0
2017-07-10,21:00:00,0.0195,0.021,0.0186,0.0186,363088,0
2017-07-10,22:00:00,0.02,0.02,0.014,0.014,2660422,0
2017-07-11,16:00:00,0.0165,0.0165,0.015,0.0155,769162,0
2017-07-11,17:00:00,0.0153,0.016,0.0148,0.016,485843,0
2017-07-11,18:00:00,0.0155,0.0162,0.0148,0.0155,2179030,0
2017-07-11,19:00:00,0.0155,0.0155,0.0122,0.015,1654435,0
2017-07-11,20:00:00,0.0147,0.015,0.0131,0.0135,377687,0
2017-07-11,21:00:00,0.0135,0.014,0.013,0.0139,342782,0
2017-07-11,22:00:00,0.0139,0.014,0.013,0.0139,770610,0
2017-07-12,16:00:00,0.014,0.014,0.0126,0.014,344297,0
2017-07-12,17:00:00,0.014,0.016,0.0131,0.0158,1043888,0
2017-07-12,18:00:00,0.0158,0.0158,0.0133,0.0149,80831,0
2017-07-12,19:00:00,0.0151,0.0151,0.0146,0.0146,36195,0
2017-07-12,20:00:00,0.0151,0.0155,0.0151,0.0155,148500,0
2017-07-12,21:00:00,0.0155,0.0158,0.0133,0.0133,414970,0
2017-07-12,22:00:00,0.0145,0.0158,0.0145,0.0155,218600,0
2017-07-13,16:00:00,0.017,0.017,0.0141,0.0141,226501,0
2017-07-13,17:00:00,0.0141,0.016,0.0141,0.016,230136,0
2017-07-13,18:00:00,0.0158,0.016,0.0141,0.0159,220329,0
2017-07-13,19:00:00,0.016,0.016,0.0156,0.0156,458196,0
2017-07-13,20:00:00,0.0169,0.018,0.0158,0.0158,107003,0
2017-07-13,21:00:00,0.015,0.015,0.015,0.015,3010,0
2017-07-13,22:00:00,0.0153,0.016,0.015,0.016,122862,0
2017-07-14,16:00:00,0.016,0.0175,0.016,0.0174,71250,0
2017-07-14,17:00:00,0.017,0.017,0.016,0.016,116695,0
2017-07-14,18:00:00,0.016,0.0169,0.016,0.0161,130692,0
2017-07-14,19:00:00,0.0168,0.0168,0.0146,0.0151,12097,0
2017-07-14,20:00:00,0.0152,0.0168,0.0152,0.0161,155800,0
2017-07-14,21:00:00,0.017,0.017,0.016,0.0169,57754,0
2017-07-14,22:00:00,0.0161,0.017,0.0146,0.0161,354064,0
2017-07-17,16:00:00,0.018,0.018,0.0175,0.0175,60030,0
2017-07-17,17:00:00,0.017,0.017,0.0162,0.017,275000,0
2017-07-17,18:00:00,0.0166,0.0179,0.0165,0.0179,282571,0
2017-07-17,19:00:00,0.0179,0.018,0.017,0.017,294613,0
2017-07-17,20:00:00,0.017,0.018,0.015,0.0156,225618,0
2017-07-17,21:00:00,0.0156,0.0156,0.0154,0.0154,171500,0
2017-07-17,22:00:00,0.0154,0.0169,0.0154,0.0169,102100,0
2017-07-18,16:00:00,0.019,0.019,0.018,0.018,106692,0
2017-07-18,17:00:00,0.0169,0.0171,0.0169,0.0171,165150,0
2017-07-18,18:00:00,0.018,0.018,0.018,0.018,13300,0
2017-07-18,20:00:00,0.0179,0.018,0.0172,0.018,100178,0
2017-07-18,21:00:00,0.0182,0.0182,0.0173,0.0173,142181,0
2017-07-18,22:00:00,0.0173,0.0182,0.0172,0.0182,44616,0
2017-07-19,16:00:00,0.02,0.02,0.0178,0.0195,218795,0
2017-07-19,17:00:00,0.0195,0.0199,0.0179,0.0179,196212,0
2017-07-19,18:00:00,0.0185,0.0185,0.0178,0.0178,52209,0
2017-07-19,19:00:00,0.0178,0.0179,0.0178,0.0179,42170,0
2017-07-19,20:00:00,0.0178,0.0178,0.0172,0.0178,34600,0
2017-07-19,21:00:00,0.0178,0.0178,0.0177,0.0177,6239,0
2017-07-19,22:00:00,0.0177,0.0178,0.0175,0.0175,33261,0
2017-07-20,16:00:00,0.0176,0.019,0.0176,0.0176,108106,0
2017-07-20,17:00:00,0.0183,0.0183,0.0176,0.0176,11594,0
2017-07-20,18:00:00,0.0182,0.0182,0.0152,0.0152,50323,0
2017-07-20,19:00:00,0.0181,0.0182,0.018,0.018,14582,0
2017-07-20,20:00:00,0.017,0.018,0.017,0.017,77123,0
2017-07-20,21:00:00,0.0165,0.0165,0.0158,0.0158,22625,0
2017-07-20,22:00:00,0.0157,0.0182,0.0157,0.0182,38043,0
2017-07-21,16:00:00,0.017,0.0182,0.0161,0.0182,96926,0
2017-07-21,17:00:00,0.0181,0.0181,0.0163,0.0163,48298,0
2017-07-21,18:00:00,0.0163,0.0166,0.0163,0.0166,75693,0
2017-07-21,19:00:00,0.0174,0.0181,0.0173,0.0173,11950,0
2017-07-21,21:00:00,0.017,0.017,0.0163,0.0163,111210,0
2017-07-21,22:00:00,0.0164,0.017,0.016,0.016,230050,0
2017-07-24,16:00:00,0.017,0.017,0.017,0.017,2961,0
2017-07-24,17:00:00,0.017,0.017,0.017,0.017,95000,0
2017-07-24,18:00:00,0.0161,0.0161,0.0161,0.0161,29963,0
2017-07-24,19:00:00,0.0162,0.0162,0.0162,0.0162,10100,0
2017-07-24,20:00:00,0.0162,0.0162,0.0156,0.0156,136370,0
2017-07-24,21:00:00,0.0154,0.0154,0.0154,0.0154,72000,0
2017-07-24,22:00:00,0.0154,0.0154,0.0141,0.0145,472330,0
2017-07-25,16:00:00,0.0135,0.017,0.0135,0.0136,91641,0
2017-07-25,17:00:00,0.0137,0.0158,0.0137,0.0158,180000,0
2017-07-25,18:00:00,0.0165,0.017,0.0139,0.0167,121100,0
2017-07-25,19:00:00,0.0143,0.015,0.0137,0.015,551635,0
2017-07-25,20:00:00,0.0153,0.0164,0.0153,0.0153,73272,0
2017-07-25,21:00:00,0.0159,0.0165,0.0153,0.0163,45997,0
2017-07-25,22:00:00,0.0154,0.0154,0.0149,0.0154,96726,0
2017-07-26,16:00:00,0.016,0.016,0.015,0.015,19600,0
2017-07-26,17:00:00,0.015,0.0159,0.015,0.0159,9850,0
2017-07-26,18:00:00,0.015,0.0159,0.0148,0.0148,33671,0
2017-07-26,19:00:00,0.0141,0.0143,0.014,0.0141,92300,0
2017-07-26,20:00:00,0.0149,0.015,0.0141,0.0141,247950,0
2017-07-26,21:00:00,0.015,0.016,0.0142,0.015,407504,0
2017-07-26,22:00:00,0.016,0.021,0.016,0.0199,2637978,0
2017-07-27,16:00:00,0.02,0.02,0.0167,0.0167,255942,0
2017-07-27,17:00:00,0.0179,0.02,0.0175,0.0178,70113,0
2017-07-27,18:00:00,0.0187,0.02,0.018,0.0183,154502,0
2017-07-27,19:00:00,0.0183,0.0196,0.018,0.018,501253,0
2017-07-27,20:00:00,0.018,0.0196,0.0175,0.0175,285048,0
2017-07-27,21:00:00,0.017,0.017,0.0165,0.0165,133476,0
2017-07-27,22:00:00,0.0165,0.019,0.0165,0.019,4223,0
2017-07-28,16:00:00,0.02,0.02,0.0168,0.0168,142390,0
2017-07-28,17:00:00,0.019,0.019,0.0189,0.0189,1600,0
2017-07-28,18:00:00,0.0169,0.0169,0.016,0.0161,434884,0
2017-07-28,19:00:00,0.017,0.0185,0.0161,0.017,41700,0
2017-07-28,20:00:00,0.017,0.017,0.0162,0.0162,32200,0
2017-07-28,21:00:00,0.017,0.0185,0.0165,0.0185,63700,0
2017-07-28,22:00:00,0.0166,0.017,0.0165,0.017,97685,0
2017-07-31,16:00:00,0.017,0.0177,0.015,0.015,104535,0
2017-07-31,17:00:00,0.0154,0.0177,0.0153,0.0177,76000,0
2017-07-31,18:00:00,0.016,0.0177,0.016,0.0161,39630,0
2017-07-31,19:00:00,0.016,0.0179,0.016,0.0161,79325,0
2017-07-31,20:00:00,0.0169,0.0178,0.0154,0.0154,118600,0
2017-07-31,21:00:00,0.0168,0.0168,0.0168,0.0168,1360,0
2017-07-31,22:00:00,0.016,0.0175,0.016,0.016,48272,0
2017-08-01,16:00:00,0.0174,0.0174,0.0165,0.0165,13500,0
2017-08-01,17:00:00,0.0165,0.0165,0.0165,0.0165,8700,0
2017-08-01,18:00:00,0.0174,0.0174,0.0161,0.0161,17315,0
2017-08-01,20:00:00,0.0173,0.0174,0.016,0.0162,27616,0
2017-08-01,21:00:00,0.0174,0.0174,0.0165,0.0165,110702,0
2017-08-01,22:00:00,0.0165,0.0165,0.0165,0.0165,2000,0
2017-08-02,16:00:00,0.0178,0.0179,0.0178,0.0179,16514,0
2017-08-02,17:00:00,0.0179,0.0179,0.016,0.0161,133297,0
2017-08-02,18:00:00,0.0161,0.0161,0.0148,0.0149,66962,0
2017-08-02,19:00:00,0.0159,0.0172,0.0159,0.0171,41700,0
2017-08-02,20:00:00,0.016,0.0161,0.016,0.0161,1600,0
2017-08-02,21:00:00,0.016,0.0161,0.0151,0.0161,78009,0
2017-08-02,22:00:00,0.0161,0.0162,0.0161,0.0161,1525,0
2017-08-03,16:00:00,0.015,0.0151,0.015,0.0151,1000,0
2017-08-03,17:00:00,0.0151,0.0151,0.0148,0.0151,424219,0
2017-08-03,18:00:00,0.017,0.017,0.0154,0.0154,221177,0
2017-08-03,19:00:00,0.0155,0.017,0.0155,0.0169,163810,0
2017-08-03,20:00:00,0.017,0.017,0.0169,0.0169,121304,0
2017-08-03,21:00:00,0.0156,0.017,0.0156,0.017,18900,0
2017-08-03,22:00:00,0.0156,0.017,0.0156,0.0156,52100,0
2017-08-04,17:00:00,0.0149,0.0169,0.0149,0.015,447030,0
2017-08-04,18:00:00,0.0155,0.0169,0.0151,0.0169,349095,0
2017-08-04,19:00:00,0.016,0.0162,0.015,0.015,414187,0
2017-08-04,20:00:00,0.0152,0.016,0.0152,0.016,1700,0
2017-08-04,21:00:00,0.0162,0.0167,0.015,0.015,668846,0
2017-08-04,22:00:00,0.0165,0.0165,0.015,0.015,361080,0
2017-08-07,16:00:00,0.0151,0.016,0.0151,0.0152,161200,0
2017-08-07,17:00:00,0.0152,0.0162,0.015,0.0151,199100,0
2017-08-07,18:00:00,0.0151,0.0159,0.0151,0.0158,38590,0
2017-08-07,19:00:00,0.0159,0.0164,0.0151,0.0152,126315,0
2017-08-07,20:00:00,0.0152,0.0162,0.0148,0.0156,566332,0
2017-08-07,21:00:00,0.0159,0.0159,0.0152,0.0152,10868,0
2017-08-07,22:00:00,0.0152,0.0153,0.0147,0.015,77091,0
2017-08-08,16:00:00,0.0152,0.0155,0.0152,0.0155,48351,0
2017-08-08,17:00:00,0.0151,0.0152,0.0151,0.0151,52100,0
2017-08-08,18:00:00,0.0151,0.0155,0.015,0.0154,50600,0
2017-08-08,19:00:00,0.015,0.015,0.014,0.0141,482530,0
2017-08-08,20:00:00,0.0141,0.0149,0.0139,0.0139,388665,0
2017-08-08,21:00:00,0.0139,0.0149,0.0131,0.0149,130942,0
2017-08-08,22:00:00,0.0135,0.0147,0.0134,0.0139,113084,0
2017-08-09,16:00:00,0.0133,0.0145,0.0133,0.0143,110941,0
2017-08-09,17:00:00,0.0142,0.0142,0.0133,0.014,31902,0
2017-08-09,18:00:00,0.0133,0.0139,0.013,0.013,382875,0
2017-08-09,19:00:00,0.0139,0.0139,0.0135,0.0135,90960,0
2017-08-09,20:00:00,0.0135,0.0135,0.013,0.013,266297,0
2017-08-09,21:00:00,0.0126,0.0126,0.0103,0.0104,309744,0
2017-08-09,22:00:00,0.0119,0.0125,0.0105,0.0106,498100,0
2017-08-10,16:00:00,0.0102,0.0109,0.0102,0.0108,505901,0
2017-08-10,17:00:00,0.0108,0.012,0.0108,0.012,221578,0
2017-08-10,18:00:00,0.0126,0.0126,0.0121,0.0121,19675,0
2017-08-10,19:00:00,0.0121,0.0142,0.0121,0.0142,36690,0
2017-08-10,20:00:00,0.0129,0.0142,0.0129,0.0129,93800,0
2017-08-10,22:00:00,0.0129,0.013,0.012,0.013,52100,0
2017-08-11,16:00:00,0.0133,0.0133,0.0133,0.0133,100,0
2017-08-11,17:00:00,0.0153,0.0153,0.0139,0.014,34700,0
2017-08-11,18:00:00,0.014,0.014,0.0138,0.0139,18830,0
2017-08-11,19:00:00,0.0121,0.0121,0.011,0.011,274190,0
2017-08-11,20:00:00,0.0149,0.0149,0.011,0.011,41100,0
2017-08-11,21:00:00,0.0121,0.0121,0.011,0.011,590,0
2017-08-11,22:00:00,0.0134,0.0161,0.011,0.0134,2444174,0
2017-08-14,16:00:00,0.014,0.014,0.0119,0.012,225675,0
2017-08-14,17:00:00,0.0134,0.0138,0.0121,0.013,157765,0
2017-08-14,18:00:00,0.013,0.013,0.013,0.013,4081,0
2017-08-14,19:00:00,0.0138,0.0138,0.0138,0.0138,32459,0
2017-08-14,20:00:00,0.0135,0.0139,0.013,0.0139,102089,0
2017-08-14,21:00:00,0.013,0.013,0.013,0.013,7934,0
2017-08-14,22:00:00,0.0122,0.0148,0.0122,0.0125,186639,0
2017-08-15,16:00:00,0.014,0.0169,0.0122,0.0122,301616,0
2017-08-15,17:00:00,0.0126,0.014,0.0122,0.014,673159,0
2017-08-15,18:00:00,0.0132,0.014,0.0127,0.0132,3988,0
2017-08-15,19:00:00,0.0139,0.014,0.013,0.013,156400,0
2017-08-15,20:00:00,0.013,0.0132,0.013,0.0132,52400,0
2017-08-15,21:00:00,0.013,0.013,0.0126,0.0129,16383,0
2017-08-15,22:00:00,0.0132,0.0139,0.0132,0.0139,1999,0
2017-08-16,16:00:00,0.0157,0.0157,0.014,0.014,32785,0
2017-08-16,17:00:00,0.014,0.014,0.0131,0.0132,68317,0
2017-08-16,18:00:00,0.0135,0.0135,0.0135,0.0135,8211,0
2017-08-16,19:00:00,0.0139,0.0139,0.0139,0.0139,1000,0
2017-08-16,20:00:00,0.0139,0.014,0.0135,0.0135,179600,0
2017-08-16,21:00:00,0.0136,0.0139,0.0136,0.0139,27300,0
2017-08-16,22:00:00,0.0144,0.0145,0.0136,0.0136,75700,0
2017-08-17,16:00:00,0.015,0.015,0.0133,0.0133,102301,0
2017-08-17,17:00:00,0.013,0.013,0.0103,0.0121,257710,0
2017-08-17,18:00:00,0.0123,0.0126,0.0123,0.0124,143822,0
2017-08-17,19:00:00,0.0126,0.0126,0.0125,0.0125,53600,0
2017-08-17,20:00:00,0.013,0.0139,0.013,0.013,45597,0
2017-08-17,21:00:00,0.013,0.013,0.013,0.013,246,0
2017-08-17,22:00:00,0.013,0.013,0.013,0.013,2600,0
2017-08-18,16:00:00,0.0131,0.0139,0.0121,0.0139,333639,0
2017-08-18,17:00:00,0.014,0.014,0.0122,0.0123,112749,0
2017-08-18,18:00:00,0.0123,0.0135,0.0123,0.0125,73893,0
2017-08-18,19:00:00,0.0125,0.0134,0.0125,0.0134,14744,0
2017-08-18,22:00:00,0.0134,0.0137,0.0121,0.0121,306545,0
2017-08-21,16:00:00,0.0138,0.014,0.0133,0.0133,50828,0
2017-08-21,17:00:00,0.0133,0.0133,0.0121,0.0121,69200,0
2017-08-21,18:00:00,0.0124,0.0124,0.0123,0.0123,140536,0
2017-08-21,20:00:00,0.0132,0.0132,0.0123,0.0123,4100,0
2017-08-21,21:00:00,0.0123,0.0132,0.0123,0.013,43809,0
2017-08-21,22:00:00,0.0132,0.0132,0.0124,0.0124,6390,0
2017-08-22,16:00:00,0.0135,0.0135,0.0135,0.0135,112740,0
2017-08-22,17:00:00,0.0135,0.0135,0.0135,0.0135,61600,0
2017-08-22,18:00:00,0.0121,0.0122,0.012,0.012,192164,0
2017-08-22,19:00:00,0.012,0.0134,0.012,0.012,88243,0
2017-08-22,20:00:00,0.0127,0.0134,0.012,0.0132,320070,0
2017-08-22,21:00:00,0.0121,0.0136,0.0121,0.0136,194900,0
2017-08-22,22:00:00,0.0136,0.014,0.0136,0.0136,26800,0
2017-08-23,16:00:00,0.012,0.014,0.012,0.014,53500,0
2017-08-23,17:00:00,0.013,0.013,0.013,0.013,9466,0
2017-08-23,18:00:00,0.013,0.014,0.0121,0.0121,110577,0
2017-08-23,20:00:00,0.0121,0.0121,0.0121,0.0121,33776,0
2017-08-23,21:00:00,0.0123,0.014,0.0123,0.0123,40280,0
2017-08-23,22:00:00,0.0131,0.014,0.0131,0.014,230328,0
2017-08-24,16:00:00,0.014,0.014,0.014,0.014,7300,0
2017-08-24,17:00:00,0.0124,0.013,0.0124,0.013,97200,0
2017-08-24,18:00:00,0.0131,0.014,0.0125,0.014,290749,0
2017-08-24,19:00:00,0.014,0.014,0.014,0.014,800,0
2017-08-24,20:00:00,0.014,0.014,0.0127,0.0127,96901,0
2017-08-24,21:00:00,0.0128,0.0128,0.0128,0.0128,477,0
2017-08-24,22:00:00,0.0126,0.0129,0.0126,0.0129,3100,0
2017-08-25,16:00:00,0.0125,0.0125,0.0125,0.0125,103000,0
2017-08-25,17:00:00,0.0137,0.0143,0.0137,0.014,7343,0
2017-08-25,18:00:00,0.0129,0.0129,0.0129,0.0129,2414,0
2017-08-25,21:00:00,0.0129,0.013,0.0127,0.013,3897,0
2017-08-25,22:00:00,0.0127,0.0128,0.0127,0.0128,983,0
2017-08-28,16:00:00,0.0143,0.0143,0.0143,0.0143,5000,0
2017-08-28,18:00:00,0.0135,0.0135,0.013,0.013,11700,0
2017-08-28,19:00:00,0.013,0.013,0.013,0.013,800,0
2017-08-28,20:00:00,0.013,0.013,0.0125,0.0125,143600,0
2017-08-28,21:00:00,0.0127,0.0127,0.0125,0.0125,13831,0
2017-08-28,22:00:00,0.0125,0.0127,0.0125,0.0127,2700,0
2017-08-29,16:00:00,0.0139,0.0139,0.0139,0.0139,2000,0
2017-08-29,17:00:00,0.0138,0.0139,0.0125,0.0125,86890,0
2017-08-29,18:00:00,0.0126,0.0126,0.0126,0.0126,8717,0
2017-08-29,20:00:00,0.0127,0.013,0.0127,0.013,19716,0
2017-08-29,21:00:00,0.0127,0.0127,0.0127,0.0127,611,0
2017-08-29,22:00:00,0.0127,0.0128,0.0127,0.0127,1800,0
2017-08-30,16:00:00,0.0127,0.0127,0.0127,0.0127,5000,0
2017-08-30,17:00:00,0.0129,0.0129,0.0129,0.0129,37176,0
2017-08-30,18:00:00,0.0133,0.0133,0.012,0.0127,139473,0
2017-08-30,19:00:00,0.0125,0.0127,0.0125,0.0127,5186,0
2017-08-30,21:00:00,0.0125,0.0139,0.0125,0.0132,40047,0
2017-08-30,22:00:00,0.0132,0.0164,0.0125,0.016,837165,0
2017-08-31,16:00:00,0.0159,0.0159,0.0159,0.0159,8500,0
2017-08-31,17:00:00,0.0132,0.0158,0.0132,0.0157,19771,0
2017-08-31,18:00:00,0.0133,0.0133,0.0132,0.0133,4830,0
2017-08-31,20:00:00,0.0141,0.0155,0.0141,0.0154,20600,0
2017-08-31,22:00:00,0.0145,0.015,0.0141,0.0141,111038,0
2017-09-01,16:00:00,0.0155,0.0155,0.0155,0.0155,2000,0
2017-09-01,19:00:00,0.0135,0.0155,0.0135,0.0136,51802,0
2017-09-01,21:00:00,0.0139,0.0139,0.0139,0.0139,316,0
2017-09-01,22:00:00,0.0146,0.0146,0.0146,0.0146,200,0
2017-09-05,16:00:00,0.0129,0.0131,0.0129,0.0131,272600,0
2017-09-05,18:00:00,0.0133,0.0133,0.0133,0.0133,41222,0
2017-09-05,21:00:00,0.0133,0.0147,0.0132,0.0147,10666,0
2017-09-05,22:00:00,0.015,0.015,0.013,0.013,205816,0
2017-09-06,16:00:00,0.013,0.0139,0.013,0.0139,61710,0
2017-09-06,17:00:00,0.0135,0.0136,0.0135,0.0136,11000,0
2017-09-06,18:00:00,0.0136,0.0136,0.0136,0.0136,26152,0
2017-09-06,19:00:00,0.0136,0.0136,0.0136,0.0136,61500,0
2017-09-06,21:00:00,0.0136,0.0136,0.0136,0.0136,26380,0
2017-09-06,22:00:00,0.0135,0.0136,0.0135,0.0135,400,0
2017-09-07,17:00:00,0.0139,0.014,0.0131,0.014,104000,0
2017-09-07,18:00:00,0.014,0.0141,0.014,0.0141,12396,0
2017-09-07,19:00:00,0.014,0.0141,0.014,0.014,2100,0
2017-09-07,20:00:00,0.014,0.014,0.014,0.014,4400,0
2017-09-08,16:00:00,0.0131,0.0132,0.0131,0.0131,20471,0
2017-09-08,18:00:00,0.014,0.014,0.014,0.014,1816,0
2017-09-08,20:00:00,0.0148,0.0149,0.0148,0.0149,7000,0
2017-09-08,21:00:00,0.014,0.014,0.014,0.014,188,0
2017-09-08,22:00:00,0.0147,0.0147,0.0135,0.0136,4996,0
2017-09-11,16:00:00,0.0131,0.0132,0.0131,0.0132,211000,0
2017-09-11,17:00:00,0.0132,0.0132,0.0131,0.0131,129500,0
2017-09-11,20:00:00,0.0131,0.0131,0.0131,0.0131,135000,0
2017-09-11,21:00:00,0.0131,0.0131,0.0131,0.0131,3826,0
2017-09-11,22:00:00,0.0131,0.0131,0.0131,0.0131,846,0
2017-09-12,16:00:00,0.013,0.013,0.013,0.013,200,0
2017-09-12,18:00:00,0.0131,0.0131,0.0131,0.0131,1775,0
2017-09-12,20:00:00,0.0132,0.0132,0.0132,0.0132,100,0
2017-09-12,22:00:00,0.0131,0.0132,0.0131,0.0131,1400,0
2017-09-13,16:00:00,0.013,0.013,0.013,0.013,2341,0
2017-09-13,17:00:00,0.013,0.013,0.0125,0.0125,111300,0
2017-09-13,18:00:00,0.013,0.013,0.013,0.013,38139,0
2017-09-13,19:00:00,0.0128,0.0128,0.0128,0.0128,337,0
2017-09-13,20:00:00,0.0127,0.0135,0.0126,0.0135,8500,0
2017-09-13,21:00:00,0.0129,0.0129,0.0121,0.0121,150366,0
2017-09-13,22:00:00,0.0122,0.0122,0.0122,0.0122,2000,0
2017-09-14,16:00:00,0.0149,0.0149,0.013,0.0131,10870,0
2017-09-14,17:00:00,0.013,0.0139,0.013,0.0138,43914,0
2017-09-14,18:00:00,0.0126,0.0126,0.0126,0.0126,253,0
2017-09-14,19:00:00,0.0137,0.0137,0.0136,0.0136,4008,0
2017-09-14,21:00:00,0.0126,0.0126,0.0126,0.0126,140,0
2017-09-15,16:00:00,0.0126,0.0126,0.0126,0.0126,1400,0
2017-09-15,18:00:00,0.013,0.013,0.013,0.013,559,0
2017-09-15,20:00:00,0.013,0.013,0.013,0.013,19427,0
2017-09-18,16:00:00,0.0144,0.0144,0.0144,0.0144,500,0
2017-09-18,17:00:00,0.0134,0.0134,0.0134,0.0134,48000,0
2017-09-18,18:00:00,0.0123,0.013,0.0118,0.013,71650,0
2017-09-18,22:00:00,0.0119,0.0119,0.0095,0.0095,805645,0
2017-09-19,16:00:00,0.0103,0.011,0.0103,0.011,29720,0
2017-09-19,17:00:00,0.0118,0.0118,0.011,0.011,20400,0
2017-09-19,18:00:00,0.011,0.0123,0.0107,0.0107,155147,0
2017-09-19,20:00:00,0.0115,0.0123,0.0115,0.0123,1000,0
2017-09-20,16:00:00,0.0099,0.0099,0.0096,0.0099,20514,0
2017-09-20,17:00:00,0.0099,0.0139,0.0099,0.0139,3000,0
2017-09-20,18:00:00,0.0128,0.0137,0.0102,0.0137,47309,0
2017-09-20,19:00:00,0.0133,0.0133,0.0133,0.0133,100,0
2017-09-20,22:00:00,0.0133,0.0133,0.0133,0.0133,4000,0
2017-09-21,16:00:00,0.0133,0.0133,0.01,0.01,510000,0
2017-09-21,17:00:00,0.0128,0.0128,0.0103,0.0103,53770,0
2017-09-21,18:00:00,0.0126,0.0126,0.0102,0.0102,51479,0
2017-09-21,19:00:00,0.0105,0.0105,0.0105,0.0105,10000,0
2017-09-21,21:00:00,0.0125,0.0125,0.0124,0.0124,17240,0
2017-09-21,22:00:00,0.0109,0.0109,0.0109,0.0109,2290,0
2017-09-22,17:00:00,0.0104,0.0111,0.0104,0.0111,14000,0
2017-09-22,18:00:00,0.0112,0.0112,0.0112,0.0112,406,0
2017-09-22,19:00:00,0.0106,0.0106,0.0106,0.0106,8000,0
2017-09-22,21:00:00,0.0107,0.0107,0.0107,0.0107,4000,0
2017-09-22,22:00:00,0.0107,0.0107,0.0107,0.0107,711,0
2017-09-25,18:00:00,0.0107,0.0108,0.0107,0.0108,3080,0
2017-09-25,19:00:00,0.0107,0.0107,0.0107,0.0107,476,0
2017-09-25,20:00:00,0.0107,0.0107,0.0107,0.0107,25800,0
2017-09-25,21:00:00,0.0127,0.0129,0.0127,0.0129,569189,0
2017-09-25,22:00:00,0.0134,0.0134,0.0129,0.0129,243186,0
2017-09-26,16:00:00,0.013,0.013,0.0129,0.0129,100000,0
2017-09-26,17:00:00,0.0129,0.0129,0.0129,0.0129,112100,0
2017-09-26,18:00:00,0.0129,0.0129,0.0129,0.0129,1278,0
2017-09-26,20:00:00,0.0129,0.013,0.0129,0.013,26855,0
2017-09-26,21:00:00,0.014,0.0141,0.014,0.014,184448,0
2017-09-26,22:00:00,0.014,0.014,0.014,0.014,108526,0
2017-09-27,16:00:00,0.014,0.014,0.0139,0.0139,4400,0
2017-09-27,18:00:00,0.0111,0.0139,0.0111,0.0139,169821,0
2017-09-27,22:00:00,0.0135,0.0138,0.0135,0.0138,62900,0
2017-09-28,16:00:00,0.0113,0.0113,0.0113,0.0113,2500,0
2017-09-28,17:00:00,0.013,0.013,0.013,0.013,1200,0
2017-09-28,18:00:00,0.0136,0.0136,0.0115,0.0115,2630,0
2017-09-28,19:00:00,0.0115,0.0115,0.0115,0.0115,451,0
2017-09-28,21:00:00,0.012,0.012,0.012,0.012,63200,0
2017-09-28,22:00:00,0.012,0.012,0.0115,0.0115,100000,0
2017-09-29,16:00:00,0.0116,0.0116,0.0116,0.0116,2000,0
2017-09-29,18:00:00,0.0116,0.0116,0.0116,0.0116,437,0
2017-09-29,20:00:00,0.0115,0.0115,0.0115,0.0115,539,0
2017-09-29,21:00:00,0.0116,0.0116,0.0116,0.0116,567,0
2017-09-29,22:00:00,0.0115,0.0116,0.0115,0.0116,15000,0
2017-10-02,16:00:00,0.0121,0.0121,0.0121,0.0121,100,0
2017-10-02,17:00:00,0.0116,0.0116,0.0116,0.0116,3000,0
2017-10-02,18:00:00,0.0116,0.0116,0.0112,0.0112,21597,0
2017-10-02,21:00:00,0.0112,0.0112,0.0112,0.0112,451,0
2017-10-02,22:00:00,0.0113,0.0113,0.0112,0.0112,4200,0
2017-10-03,16:00:00,0.0111,0.0111,0.0111,0.0111,20179,0
2017-10-03,18:00:00,0.0112,0.012,0.0112,0.012,150451,0
2017-10-03,19:00:00,0.0112,0.0113,0.0112,0.0112,20000,0
2017-10-03,20:00:00,0.0113,0.0113,0.0113,0.0113,2001,0
2017-10-03,21:00:00,0.0113,0.0113,0.0113,0.0113,2434,0
2017-10-03,22:00:00,0.0113,0.0113,0.0113,0.0113,150,0
2017-10-04,16:00:00,0.0113,0.0113,0.0111,0.0111,52280,0
2017-10-04,17:00:00,0.0111,0.0112,0.0111,0.0112,13000,0
2017-10-04,18:00:00,0.0111,0.0111,0.0111,0.0111,17907,0
2017-10-04,20:00:00,0.0111,0.0111,0.0102,0.0102,545772,0
2017-10-04,21:00:00,0.0104,0.0122,0.0104,0.0122,65274,0
2017-10-05,16:00:00,0.011,0.011,0.011,0.011,3100,0
2017-10-05,17:00:00,0.012,0.012,0.011,0.0111,34882,0
2017-10-05,18:00:00,0.0113,0.0113,0.0113,0.0113,16438,0
2017-10-05,20:00:00,0.011,0.0111,0.011,0.0111,400,0
2017-10-05,21:00:00,0.011,0.011,0.011,0.011,47210,0
2017-10-06,16:00:00,0.0111,0.0129,0.0111,0.0129,62000,0
2017-10-06,17:00:00,0.0123,0.0123,0.0122,0.0122,360,0
2017-10-06,18:00:00,0.0111,0.0112,0.0111,0.0111,34856,0
2017-10-06,19:00:00,0.0111,0.0111,0.0106,0.0106,127100,0
2017-10-06,21:00:00,0.0108,0.0108,0.0108,0.0108,439,0
2017-10-06,22:00:00,0.0108,0.0108,0.0108,0.0108,300,0
2017-10-09,16:00:00,0.011,0.011,0.011,0.011,6500,0
2017-10-09,17:00:00,0.0104,0.0105,0.0104,0.0105,600,0
2017-10-09,18:00:00,0.0104,0.0105,0.0104,0.0105,1225,0
2017-10-09,20:00:00,0.0124,0.0125,0.0124,0.0125,32210,0
2017-10-09,21:00:00,0.0105,0.0125,0.0105,0.0124,5069,0
2017-10-10,16:00:00,0.0107,0.0108,0.0107,0.0108,16588,0
2017-10-10,17:00:00,0.0108,0.0108,0.0108,0.0108,4000,0
2017-10-10,18:00:00,0.0116,0.0117,0.0116,0.0117,139823,0
2017-10-10,19:00:00,0.0116,0.0116,0.0116,0.0116,189842,0
2017-10-10,21:00:00,0.0116,0.0116,0.0116,0.0116,355,0
2017-10-10,22:00:00,0.0116,0.0124,0.0116,0.0116,216107,0
2017-10-11,18:00:00,0.0115,0.0122,0.0115,0.0122,65399,0
2017-10-11,19:00:00,0.0102,0.0103,0.0102,0.0102,28160,0
2017-10-11,20:00:00,0.0102,0.012,0.0102,0.0119,27198,0
2017-10-11,21:00:00,0.0102,0.012,0.0102,0.012,816,0
2017-10-12,16:00:00,0.0103,0.0103,0.0103,0.0103,162,0
2017-10-12,17:00:00,0.0106,0.0106,0.0106,0.0106,16600,0
2017-10-12,18:00:00,0.0112,0.0112,0.0106,0.0106,5180,0
2017-10-12,20:00:00,0.0115,0.0115,0.0115,0.0115,40000,0
2017-10-12,21:00:00,0.0108,0.0108,0.0108,0.0108,1264,0
2017-10-12,22:00:00,0.0115,0.012,0.0114,0.012,53400,0
2017-10-13,18:00:00,0.0111,0.0111,0.0111,0.0111,954,0
2017-10-13,20:00:00,0.0111,0.0111,0.0111,0.0111,1051,0
2017-10-13,22:00:00,0.0111,0.0111,0.0111,0.0111,19505,0
2017-10-16,16:00:00,0.0107,0.0111,0.0107,0.0111,3327,0
2017-10-16,17:00:00,0.0115,0.0115,0.0115,0.0115,1000,0
2017-10-16,18:00:00,0.0112,0.0112,0.0112,0.0112,55200,0
2017-10-16,21:00:00,0.0111,0.0111,0.0111,0.0111,1376,0
2017-10-16,22:00:00,0.0111,0.0111,0.0111,0.0111,2000,0
2017-10-17,16:00:00,0.0115,0.0115,0.0115,0.0115,11072,0
2017-10-17,17:00:00,0.0124,0.0124,0.0124,0.0124,9934,0
2017-10-17,18:00:00,0.0123,0.0123,0.0123,0.0123,8500,0
2017-10-17,19:00:00,0.0123,0.0124,0.0123,0.0124,20000,0
2017-10-17,21:00:00,0.0111,0.0124,0.0101,0.0102,515565,0
2017-10-17,22:00:00,0.0123,0.013,0.0123,0.0125,926313,0
2017-10-18,16:00:00,0.0133,0.0133,0.0125,0.0126,27000,0
2017-10-18,17:00:00,0.0125,0.0126,0.011,0.011,4200,0
2017-10-18,18:00:00,0.011,0.011,0.011,0.011,9664,0
2017-10-18,20:00:00,0.012,0.012,0.012,0.012,100,0
2017-10-18,21:00:00,0.0111,0.0111,0.0111,0.0111,1266,0
2017-10-19,16:00:00,0.011,0.011,0.011,0.011,5000,0
2017-10-19,17:00:00,0.0111,0.0112,0.0111,0.0112,1125,0
2017-10-19,18:00:00,0.0112,0.0112,0.0112,0.0112,14238,0
2017-10-19,19:00:00,0.0112,0.0115,0.0112,0.0115,5000,0
2017-10-19,20:00:00,0.0129,0.0129,0.0112,0.0112,60000,0
2017-10-19,21:00:00,0.0129,0.013,0.0112,0.0112,20584,0
2017-10-19,22:00:00,0.0112,0.0112,0.0111,0.0111,40000,0
2017-10-20,18:00:00,0.0112,0.0118,0.0112,0.0112,15228,0
2017-10-20,19:00:00,0.0112,0.0112,0.0112,0.0112,15500,0
2017-10-20,20:00:00,0.0112,0.0112,0.0112,0.0112,700,0
2017-10-20,21:00:00,0.0112,0.0112,0.0112,0.0112,804,0
2017-10-23,16:00:00,0.0125,0.0125,0.0124,0.0124,1080,0
2017-10-23,18:00:00,0.0112,0.0112,0.0112,0.0112,7672,0
2017-10-23,19:00:00,0.0112,0.0114,0.0112,0.0114,27922,0
2017-10-23,20:00:00,0.0114,0.0114,0.0114,0.0114,5596,0
2017-10-24,17:00:00,0.0113,0.0131,0.0113,0.0113,44684,0
2017-10-24,18:00:00,0.0115,0.0115,0.0113,0.0113,2012,0
2017-10-24,19:00:00,0.0114,0.0114,0.0113,0.0113,18774,0
2017-10-24,21:00:00,0.0114,0.0114,0.0114,0.0114,629,0
2017-10-25,16:00:00,0.0114,0.0114,0.0114,0.0114,22467,0
2017-10-25,18:00:00,0.0114,0.0115,0.0114,0.0114,109229,0
2017-10-25,19:00:00,0.0114,0.0114,0.0114,0.0114,9500,0
2017-10-25,21:00:00,0.0114,0.0114,0.0114,0.0114,392,0
2017-10-26,16:00:00,0.0114,0.0114,0.0114,0.0114,3700,0
2017-10-26,17:00:00,0.0114,0.0114,0.0114,0.0114,9500,0
2017-10-26,18:00:00,0.0114,0.0115,0.0112,0.0112,85939,0
2017-10-26,21:00:00,0.0112,0.0112,0.011,0.0111,52405,0
2017-10-27,16:00:00,0.0123,0.0123,0.011,0.011,170263,0
2017-10-27,19:00:00,0.0101,0.011,0.0101,0.011,30568,0
2017-10-27,20:00:00,0.0111,0.0111,0.0107,0.0108,30650,0
2017-10-27,21:00:00,0.0107,0.0107,0.0107,0.0107,700,0
2017-10-27,22:00:00,0.011,0.0111,0.0107,0.011,171250,0
2017-10-30,16:00:00,0.0102,0.0102,0.0102,0.0102,9500,0
2017-10-30,17:00:00,0.0102,0.0102,0.0102,0.0102,541,0
2017-10-30,18:00:00,0.0114,0.0114,0.0114,0.0114,20000,0
2017-10-31,17:00:00,0.0103,0.0103,0.0102,0.0102,30927,0
2017-10-31,19:00:00,0.0103,0.0103,0.01,0.01,132038,0
2017-10-31,20:00:00,0.0097,0.01,0.0095,0.01,338709,0
2017-10-31,21:00:00,0.0082,0.0095,0.0082,0.0095,148086,0
2017-11-01,15:00:00,0.0095,0.0095,0.0095,0.0095,75000,0
2017-11-01,16:00:00,0.0095,0.0095,0.0095,0.0095,18148,0
2017-11-01,17:00:00,0.01,0.01,0.01,0.01,963,0
2017-11-01,18:00:00,0.01,0.01,0.01,0.01,5864,0
2017-11-01,20:00:00,0.01,0.0108,0.009,0.009,10150,0
2017-11-02,15:00:00,0.0085,0.0108,0.0085,0.0108,5449,0
2017-11-02,17:00:00,0.0085,0.0085,0.008,0.008,150963,0
2017-11-02,18:00:00,0.01,0.01,0.0082,0.0082,74936,0
2017-11-02,20:00:00,0.0086,0.0086,0.0086,0.0086,100,0
2017-11-02,21:00:00,0.0086,0.0086,0.0086,0.0086,250,0
2017-11-03,15:00:00,0.0082,0.0082,0.0082,0.0082,2340,0
2017-11-03,17:00:00,0.01,0.01,0.0081,0.01,29154,0
2017-11-03,18:00:00,0.01,0.01,0.01,0.01,10000,0
2017-11-03,20:00:00,0.0086,0.0086,0.0086,0.0086,1038,0
2017-11-03,21:00:00,0.0086,0.0086,0.0086,0.0086,300,0
2017-11-06,17:00:00,0.0098,0.0098,0.0097,0.0097,9998,0
2017-11-06,18:00:00,0.0086,0.0086,0.0086,0.0086,5500,0
2017-11-06,19:00:00,0.0086,0.0098,0.0086,0.0098,5408,0
2017-11-06,20:00:00,0.0085,0.0085,0.0085,0.0085,5201,0
2017-11-06,21:00:00,0.0085,0.0085,0.0085,0.0085,2592,0
2017-11-07,16:00:00,0.008,0.0082,0.008,0.0082,6200,0
2017-11-07,18:00:00,0.0088,0.0088,0.0088,0.0088,2980,0
2017-11-07,19:00:00,0.0096,0.0096,0.0096,0.0096,351,0
2017-11-07,20:00:00,0.0088,0.0096,0.0088,0.0096,25958,0
2017-11-07,21:00:00,0.0088,0.0088,0.0088,0.0088,11594,0
2017-11-07,22:00:00,0.0088,0.0088,0.0088,0.0088,17777,0
2017-11-08,16:00:00,0.0097,0.0125,0.0097,0.011,300000,0
2017-11-08,17:00:00,0.0086,0.0087,0.0086,0.0087,2808,0
2017-11-08,18:00:00,0.0092,0.0095,0.0092,0.0095,3414,0
2017-11-08,19:00:00,0.011,0.0115,0.01,0.01,20200,0
2017-11-08,20:00:00,0.0095,0.01,0.0095,0.0095,15118,0
2017-11-08,21:00:00,0.0095,0.0095,0.0095,0.0095,51203,0
2017-11-09,16:00:00,0.011,0.011,0.0103,0.0103,410000,0
2017-11-09,17:00:00,0.0082,0.01,0.0082,0.01,26860,0
2017-11-09,18:00:00,0.0096,0.0096,0.0087,0.0087,3197,0
2017-11-09,21:00:00,0.01,0.01,0.01,0.01,900,0
2017-11-09,22:00:00,0.01,0.01,0.01,0.01,5000,0
2017-11-10,16:00:00,0.01,0.01,0.01,0.01,37040,0
2017-11-10,17:00:00,0.0096,0.0096,0.0096,0.0096,500,0
2017-11-10,18:00:00,0.0082,0.0082,0.0082,0.0082,29359,0
2017-11-10,19:00:00,0.0081,0.009,0.0081,0.009,10300,0
2017-11-10,20:00:00,0.009,0.009,0.009,0.009,32920,0
2017-11-10,21:00:00,0.009,0.01,0.009,0.01,55439,0
2017-11-13,16:00:00,0.01,0.01,0.01,0.01,6222,0
2017-11-13,17:00:00,0.009,0.009,0.009,0.009,4999,0
2017-11-13,18:00:00,0.009,0.009,0.009,0.009,3261,0
2017-11-13,20:00:00,0.0091,0.0091,0.0091,0.0091,900,0
2017-11-13,21:00:00,0.0091,0.0091,0.0091,0.0091,323,0
2017-11-14,18:00:00,0.01,0.01,0.0087,0.0087,10232,0
2017-11-14,19:00:00,0.0087,0.0087,0.0082,0.0082,59994,0
2017-11-14,21:00:00,0.0083,0.0083,0.0083,0.0083,2452,0
2017-11-15,16:00:00,0.0084,0.0084,0.0084,0.0084,1000,0
2017-11-15,18:00:00,0.0092,0.0092,0.0092,0.0092,2217,0
2017-11-15,19:00:00,0.0093,0.0093,0.0093,0.0093,2782,0
2017-11-15,20:00:00,0.0093,0.0093,0.0093,0.0093,2000,0
2017-11-16,17:00:00,0.0097,0.0097,0.0097,0.0097,5300,0
2017-11-16,18:00:00,0.0089,0.0089,0.0089,0.0089,1245,0
2017-11-16,19:00:00,0.0081,0.0093,0.0081,0.0081,1400,0
2017-11-16,21:00:00,0.0082,0.0082,0.0082,0.0082,223,0
2017-11-16,22:00:00,0.0085,0.0085,0.0085,0.0085,5670,0
2017-11-17,16:00:00,0.0081,0.0081,0.0081,0.0081,200,0
2017-11-17,17:00:00,0.0093,0.0099,0.0082,0.0082,19497,0
2017-11-17,18:00:00,0.0082,0.0082,0.0082,0.0082,17336,0
2017-11-20,16:00:00,0.0081,0.0094,0.0081,0.0094,100112,0
2017-11-20,17:00:00,0.0094,0.0094,0.0093,0.0093,6000,0
2017-11-20,18:00:00,0.0083,0.0083,0.0083,0.0083,15592,0
2017-11-20,19:00:00,0.0083,0.0084,0.0083,0.0084,10226,0
2017-11-20,21:00:00,0.0083,0.0083,0.0083,0.0083,294,0
2017-11-21,16:00:00,0.0081,0.0081,0.0081,0.0081,446,0
2017-11-21,18:00:00,0.0082,0.0082,0.0082,0.0082,2014,0
2017-11-21,21:00:00,0.009,0.009,0.009,0.009,2400,0
2017-11-21,22:00:00,0.009,0.009,0.009,0.009,300,0
2017-11-22,17:00:00,0.009,0.009,0.0083,0.0083,24000,0
2017-11-22,18:00:00,0.0083,0.0094,0.0083,0.0083,12798,0
2017-11-22,19:00:00,0.0084,0.0084,0.0084,0.0084,31600,0
2017-11-22,21:00:00,0.0084,0.0084,0.0084,0.0084,1029,0
2017-11-22,22:00:00,0.0084,0.0085,0.0084,0.0084,12598,0
2017-11-24,16:00:00,0.0084,0.0084,0.0084,0.0084,250,0
2017-11-24,17:00:00,0.0084,0.0084,0.0081,0.0082,40000,0
2017-11-24,18:00:00,0.0082,0.0082,0.0081,0.0081,180477,0
2017-11-24,19:00:00,0.0081,0.0094,0.0081,0.0082,15411,0
2017-11-27,16:00:00,0.0081,0.0082,0.0081,0.0082,3600,0
2017-11-27,17:00:00,0.0081,0.009,0.0081,0.009,6245,0
2017-11-27,18:00:00,0.009,0.009,0.0082,0.0082,13340,0
2017-11-27,19:00:00,0.0082,0.0082,0.0081,0.0082,40400,0
2017-11-27,21:00:00,0.0082,0.0082,0.0082,0.0082,1280,0
2017-11-27,22:00:00,0.0082,0.0083,0.0082,0.0082,4432,0
2017-11-28,16:00:00,0.0081,0.0081,0.0081,0.0081,369,0
2017-11-28,18:00:00,0.0082,0.0094,0.0082,0.0093,81367,0
2017-11-28,19:00:00,0.0082,0.0082,0.0082,0.0082,533,0
2017-11-29,18:00:00,0.0081,0.0082,0.0081,0.0081,783,0
2017-11-29,19:00:00,0.0081,0.0082,0.0081,0.0081,120880,0
2017-11-29,20:00:00,0.0081,0.0081,0.0081,0.0081,2700,0
2017-11-29,21:00:00,0.0081,0.0081,0.0072,0.0073,194892,0
2017-11-29,22:00:00,0.0074,0.009,0.0073,0.0073,14506,0
2017-11-30,16:00:00,0.0075,0.0076,0.0075,0.0076,6400,0
2017-11-30,17:00:00,0.008,0.008,0.0076,0.0076,92200,0
2017-11-30,18:00:00,0.008,0.008,0.0075,0.0079,12724,0
2017-11-30,19:00:00,0.0079,0.008,0.0076,0.0079,50870,0
2017-11-30,21:00:00,0.0076,0.0076,0.0076,0.0076,492,0
2017-11-30,22:00:00,0.008,0.008,0.008,0.008,20596,0
2017-12-01,16:00:00,0.0075,0.0075,0.0075,0.0075,1402,0
2017-12-01,17:00:00,0.0076,0.0076,0.0076,0.0076,1044,0
2017-12-01,18:00:00,0.0076,0.0077,0.0076,0.0077,723,0
2017-12-01,19:00:00,0.0077,0.0077,0.0077,0.0077,1345,0
2017-12-01,21:00:00,0.0077,0.0077,0.0077,0.0077,466,0
2017-12-01,22:00:00,0.0077,0.0077,0.0077,0.0077,6500,0
2017-12-04,16:00:00,0.0076,0.0077,0.0076,0.0077,10000,0
2017-12-04,17:00:00,0.0076,0.0076,0.0076,0.0076,200,0
2017-12-04,18:00:00,0.0076,0.0077,0.0076,0.0077,129301,0
2017-12-04,20:00:00,0.0076,0.0076,0.0076,0.0076,1000,0
2017-12-04,21:00:00,0.008,0.008,0.008,0.008,220,0
2017-12-04,22:00:00,0.0076,0.0077,0.0076,0.0076,1325,0
2017-12-05,16:00:00,0.0076,0.0076,0.0076,0.0076,3000,0
2017-12-05,17:00:00,0.0077,0.0078,0.0077,0.0078,20360,0
2017-12-05,18:00:00,0.0077,0.0077,0.0075,0.0076,702588,0
2017-12-05,20:00:00,0.0076,0.0076,0.0076,0.0076,10000,0
2017-12-05,22:00:00,0.0089,0.0095,0.0089,0.0089,61872,0
2017-12-06,17:00:00,0.0089,0.0089,0.0089,0.0089,700,0
2017-12-06,18:00:00,0.0076,0.0076,0.0076,0.0076,2307,0
2017-12-06,19:00:00,0.008,0.008,0.0077,0.0077,616,0
2017-12-06,20:00:00,0.0085,0.0085,0.0085,0.0085,1460,0
2017-12-06,21:00:00,0.0085,0.0099,0.0085,0.0085,2778,0
2017-12-06,22:00:00,0.009,0.009,0.009,0.009,100,0
2017-12-07,16:00:00,0.0077,0.0077,0.0077,0.0077,16150,0
2017-12-07,18:00:00,0.01,0.01,0.0076,0.0076,11463,0
2017-12-07,19:00:00,0.0075,0.0075,0.0075,0.0075,400,0
2017-12-07,20:00:00,0.0076,0.0076,0.0076,0.0076,1000,0
2017-12-07,22:00:00,0.0076,0.01,0.0076,0.01,10500,0
2017-12-08,16:00:00,0.0077,0.0077,0.0077,0.0077,300,0
2017-12-08,17:00:00,0.0077,0.0077,0.0077,0.0077,600,0
2017-12-08,18:00:00,0.0078,0.0078,0.0078,0.0078,1761,0
2017-12-08,19:00:00,0.0079,0.0079,0.0079,0.0079,2723,0
2017-12-08,20:00:00,0.0079,0.008,0.0079,0.008,750,0
2017-12-11,16:00:00,0.008,0.008,0.008,0.008,1674,0
2017-12-11,18:00:00,0.0097,0.0097,0.008,0.008,1324,0
2017-12-11,19:00:00,0.008,0.0081,0.008,0.0081,8806,0
2017-12-11,20:00:00,0.008,0.008,0.0076,0.0076,30000,0
2017-12-11,21:00:00,0.0077,0.0077,0.0077,0.0077,5307,0
2017-12-12,16:00:00,0.0077,0.0077,0.0077,0.0077,100,0
2017-12-12,17:00:00,0.0085,0.0086,0.0085,0.0086,2000,0
2017-12-12,19:00:00,0.0085,0.0085,0.0085,0.0085,225,0
2017-12-12,20:00:00,0.0088,0.009,0.0085,0.0085,33701,0
2017-12-12,21:00:00,0.0078,0.0078,0.0077,0.0078,1680,0
2017-12-12,22:00:00,0.0078,0.0078,0.0078,0.0078,1000,0
2017-12-13,17:00:00,0.0078,0.0078,0.0077,0.0078,7690,0
2017-12-13,18:00:00,0.0077,0.0077,0.0077,0.0077,1564,0
2017-12-13,20:00:00,0.0077,0.0078,0.0077,0.0078,400,0
2017-12-13,21:00:00,0.0078,0.0078,0.0077,0.0077,10102,0
2017-12-13,22:00:00,0.0078,0.0078,0.0076,0.0076,29731,0
2017-12-14,16:00:00,0.0076,0.0076,0.0076,0.0076,1001,0
2017-12-14,17:00:00,0.008,0.008,0.0077,0.0077,114922,0
2017-12-14,18:00:00,0.0077,0.0077,0.0077,0.0077,29049,0
2017-12-14,19:00:00,0.008,0.0081,0.008,0.0081,92000,0
2017-12-14,21:00:00,0.008,0.0081,0.008,0.0081,6000,0
2017-12-15,16:00:00,0.008,0.008,0.008,0.008,696,0
2017-12-15,17:00:00,0.0081,0.0085,0.008,0.0085,16900,0
2017-12-15,18:00:00,0.008,0.0081,0.008,0.008,1860,0
2017-12-15,19:00:00,0.008,0.008,0.008,0.008,100250,0
2017-12-15,20:00:00,0.008,0.008,0.008,0.008,271104,0
2017-12-15,21:00:00,0.0076,0.0076,0.0076,0.0076,100,0
2017-12-15,22:00:00,0.0085,0.0085,0.0084,0.0084,18200,0
2017-12-18,16:00:00,0.0082,0.0082,0.0082,0.0082,73400,0
2017-12-18,17:00:00,0.0077,0.0077,0.0077,0.0077,2250,0
2017-12-18,18:00:00,0.0077,0.0077,0.0077,0.0077,3145,0
2017-12-18,19:00:00,0.0081,0.0082,0.0081,0.0081,28097,0
2017-12-18,20:00:00,0.0077,0.0077,0.0077,0.0077,2000,0
2017-12-18,21:00:00,0.0077,0.0077,0.0076,0.0076,9231,0
2017-12-18,22:00:00,0.0079,0.0082,0.0079,0.0081,11310,0
2017-12-19,16:00:00,0.0076,0.0076,0.0076,0.0076,13932,0
2017-12-19,18:00:00,0.0076,0.008,0.0076,0.008,53321,0
2017-12-19,20:00:00,0.0076,0.0077,0.0076,0.0077,500,0
2017-12-19,21:00:00,0.0076,0.0076,0.0076,0.0076,218,0
2017-12-20,16:00:00,0.0076,0.0076,0.0076,0.0076,51700,0
2017-12-20,17:00:00,0.008,0.008,0.0075,0.0075,146165,0
2017-12-20,18:00:00,0.0074,0.008,0.007,0.008,130900,0
2017-12-20,19:00:00,0.007,0.007,0.007,0.007,200000,0
2017-12-20,20:00:00,0.0068,0.007,0.0068,0.007,120248,0
2017-12-20,21:00:00,0.0068,0.007,0.0068,0.007,51111,0
2017-12-20,22:00:00,0.007,0.007,0.007,0.007,199700,0
2017-12-21,16:00:00,0.0065,0.0067,0.0065,0.0067,9500,0
2017-12-21,17:00:00,0.0067,0.0067,0.0067,0.0067,28896,0
2017-12-21,18:00:00,0.0067,0.0067,0.0067,0.0067,7862,0
2017-12-21,21:00:00,0.0067,0.0067,0.0067,0.0067,910,0
2017-12-22,16:00:00,0.007,0.0085,0.007,0.007,7439,0
2017-12-22,17:00:00,0.007,0.007,0.0067,0.0067,527140,0
2017-12-22,18:00:00,0.0067,0.0067,0.0065,0.0065,25957,0
2017-12-22,19:00:00,0.0065,0.0066,0.0065,0.0066,850,0
2017-12-22,22:00:00,0.0066,0.0066,0.0066,0.0066,10000,0
2017-12-26,16:00:00,0.0066,0.0066,0.0066,0.0066,10180,0
2017-12-26,17:00:00,0.0078,0.0078,0.0078,0.0078,4999,0
2017-12-26,20:00:00,0.0066,0.0067,0.0066,0.0067,5300,0
2017-12-26,22:00:00,0.0069,0.0069,0.0069,0.0069,30273,0
2017-12-27,16:00:00,0.007,0.0071,0.0069,0.0071,700,0
2017-12-27,17:00:00,0.007,0.0075,0.0069,0.0069,28475,0
2017-12-27,18:00:00,0.0069,0.0069,0.0069,0.0069,5930,0
2017-12-27,19:00:00,0.0069,0.0069,0.0069,0.0069,7419,0
2017-12-27,20:00:00,0.0066,0.0066,0.0066,0.0066,20404,0
2017-12-27,21:00:00,0.0066,0.0069,0.0066,0.0069,10195,0
2017-12-27,22:00:00,0.0069,0.0069,0.0066,0.0066,2900,0
2017-12-28,16:00:00,0.008,0.008,0.0067,0.0071,4700,0
2017-12-28,17:00:00,0.0071,0.0078,0.007,0.007,450600,0
2017-12-28,18:00:00,0.0078,0.0078,0.0067,0.0067,3987,0
2017-12-28,19:00:00,0.0078,0.0078,0.0077,0.0077,9998,0
2017-12-28,21:00:00,0.0072,0.0072,0.0072,0.0072,100000,0
2017-12-28,22:00:00,0.0072,0.0073,0.0072,0.0072,3293,0
2017-12-29,16:00:00,0.0072,0.0075,0.0067,0.0067,65400,0
2017-12-29,17:00:00,0.0075,0.0097,0.0067,0.0068,109844,0
2017-12-29,18:00:00,0.0068,0.0068,0.0068,0.0068,350,0
2017-12-29,20:00:00,0.0096,0.0096,0.007,0.007,10324,0
2017-12-29,21:00:00,0.0071,0.0078,0.0069,0.0069,155188,0
2017-12-29,22:00:00,0.0071,0.0071,0.0071,0.0071,150,0
2018-01-02,16:00:00,0.008,0.008,0.008,0.008,28275,0
2018-01-02,17:00:00,0.007,0.0071,0.007,0.0071,336,0
2018-01-02,18:00:00,0.008,0.008,0.0078,0.0078,34999,0
2018-01-02,20:00:00,0.008,0.008,0.008,0.008,10000,0
2018-01-02,21:00:00,0.008,0.008,0.007,0.0079,19810,0
2018-01-03,16:00:00,0.0066,0.0079,0.0066,0.0066,12306,0
2018-01-03,17:00:00,0.0066,0.0066,0.0066,0.0066,83286,0
2018-01-03,18:00:00,0.0069,0.0069,0.0069,0.0069,83364,0
2018-01-03,19:00:00,0.0089,0.0089,0.0089,0.0089,4999,0
2018-01-03,22:00:00,0.0069,0.0069,0.0069,0.0069,100,0
2018-01-04,17:00:00,0.007,0.007,0.007,0.007,24900,0
2018-01-04,18:00:00,0.0088,0.0088,0.0088,0.0088,207,0
2018-01-04,19:00:00,0.0071,0.0071,0.0071,0.0071,5100,0
2018-01-04,20:00:00,0.0071,0.008,0.0071,0.0079,10998,0
2018-01-04,22:00:00,0.0071,0.0072,0.0071,0.0072,1050,0
2018-01-05,16:00:00,0.007,0.007,0.007,0.007,997,0
2018-01-05,17:00:00,0.0086,0.0086,0.0086,0.0086,30000,0
2018-01-05,18:00:00,0.007,0.0082,0.007,0.0082,1202,0
2018-01-05,19:00:00,0.0086,0.0086,0.0084,0.0084,22000,0
2018-01-05,21:00:00,0.0085,0.0085,0.0084,0.0085,12963,0
2018-01-08,16:00:00,0.007,0.007,0.007,0.007,1215,0
2018-01-08,17:00:00,0.007,0.007,0.007,0.007,52650,0
2018-01-08,19:00:00,0.0087,0.009,0.0087,0.009,1250000,0
2018-01-08,20:00:00,0.009,0.009,0.009,0.009,4999,0
2018-01-08,21:00:00,0.0072,0.0072,0.0072,0.0072,500,0
2018-01-08,22:00:00,0.009,0.009,0.009,0.009,349000,0
2018-01-09,16:00:00,0.0072,0.009,0.0072,0.009,32809,0
2018-01-09,17:00:00,0.009,0.009,0.0089,0.009,2000,0
2018-01-09,18:00:00,0.0072,0.0072,0.0072,0.0072,508607,0
2018-01-09,20:00:00,0.007,0.007,0.007,0.007,570120,0
2018-01-09,21:00:00,0.0085,0.0085,0.0085,0.0085,10000,0
2018-01-09,22:00:00,0.0085,0.0088,0.008,0.008,128218,0
2018-01-10,16:00:00,0.007,0.007,0.007,0.007,11314,0
2018-01-10,18:00:00,0.008,0.008,0.007,0.007,200639,0
2018-01-10,22:00:00,0.0071,0.0071,0.007,0.007,1100,0
2018-01-11,16:00:00,0.0072,0.009,0.0072,0.0075,194894,0
2018-01-11,17:00:00,0.0087,0.0087,0.0086,0.0086,30898,0
2018-01-11,18:00:00,0.0078,0.0084,0.0075,0.0084,19151,0
2018-01-11,20:00:00,0.0076,0.0076,0.0075,0.0076,118799,0
2018-01-11,22:00:00,0.0084,0.0086,0.0084,0.0086,31563,0
2018-01-12,18:00:00,0.0078,0.0089,0.0078,0.0089,1002,0
2018-01-12,19:00:00,0.0078,0.0079,0.0078,0.0079,1132,0
2018-01-12,20:00:00,0.0083,0.0089,0.0083,0.0089,12778,0
2018-01-16,17:00:00,0.008,0.008,0.008,0.008,5176,0
2018-01-16,18:00:00,0.008,0.008,0.008,0.008,500,0
2018-01-16,19:00:00,0.0085,0.0089,0.0085,0.0089,500000,0
2018-01-16,20:00:00,0.008,0.008,0.008,0.008,4400,0
2018-01-16,21:00:00,0.0081,0.0081,0.0081,0.0081,8052,0
2018-01-16,22:00:00,0.0081,0.0085,0.008,0.008,475866,0
2018-01-17,17:00:00,0.0083,0.0085,0.0083,0.0085,200100,0
2018-01-17,18:00:00,0.0085,0.0085,0.0081,0.0081,63900,0
2018-01-17,22:00:00,0.0079,0.0079,0.0079,0.0079,100,0
2018-01-18,16:00:00,0.009,0.009,0.009,0.009,1600,0
2018-01-18,17:00:00,0.0089,0.0089,0.0089,0.0089,1000,0
2018-01-18,18:00:00,0.0079,0.0079,0.0078,0.0079,1330,0
2018-01-18,20:00:00,0.0079,0.0079,0.0079,0.0079,59780,0
2018-01-18,21:00:00,0.0079,0.0079,0.0079,0.0079,60273,0
2018-01-18,22:00:00,0.0079,0.008,0.0078,0.0078,326540,0
2018-01-19,16:00:00,0.009,0.009,0.0075,0.0075,296042,0
2018-01-19,17:00:00,0.009,0.009,0.009,0.009,8000,0
2018-01-19,18:00:00,0.009,0.009,0.009,0.009,3000,0
2018-01-19,19:00:00,0.0076,0.0076,0.0076,0.0076,17630,0
2018-01-22,16:00:00,0.0078,0.0078,0.0078,0.0078,100,0
2018-01-22,17:00:00,0.0082,0.0086,0.0075,0.0075,206988,0
2018-01-22,18:00:00,0.0075,0.0076,0.0075,0.0076,1400,0
2018-01-22,19:00:00,0.0075,0.0076,0.0075,0.0075,7122,0
2018-01-22,20:00:00,0.0075,0.008,0.0075,0.008,24942,0
2018-01-22,21:00:00,0.008,0.008,0.0076,0.008,30940,0
2018-01-23,16:00:00,0.009,0.009,0.009,0.009,5700,0
2018-01-23,17:00:00,0.0076,0.008,0.0076,0.008,12650,0
2018-01-23,18:00:00,0.008,0.008,0.0076,0.0076,133770,0
2018-01-23,21:00:00,0.008,0.0085,0.008,0.0085,496246,0
2018-01-23,22:00:00,0.0085,0.0085,0.0085,0.0085,53754,0
2018-01-24,16:00:00,0.009,0.009,0.0088,0.0088,30008,0
2018-01-24,17:00:00,0.0085,0.0085,0.0077,0.0078,509938,0
2018-01-24,18:00:00,0.0077,0.0078,0.0077,0.0078,3426,0
2018-01-24,19:00:00,0.0078,0.0078,0.0077,0.0077,253455,0
2018-01-24,20:00:00,0.0077,0.0077,0.007,0.007,1374695,0
2018-01-24,21:00:00,0.0085,0.0085,0.0072,0.0072,3000,0
2018-01-24,22:00:00,0.0072,0.0073,0.0069,0.0069,879359,0
2018-01-25,16:00:00,0.0085,0.0085,0.0085,0.0085,5000,0
2018-01-25,17:00:00,0.0085,0.0085,0.008,0.0085,1110182,0
2018-01-25,18:00:00,0.0085,0.0085,0.0077,0.008,719950,0
2018-01-25,19:00:00,0.008,0.008,0.008,0.008,312700,0
2018-01-25,20:00:00,0.008,0.008,0.008,0.008,5000,0
2018-01-25,21:00:00,0.0077,0.0077,0.0068,0.0068,630495,0
2018-01-25,22:00:00,0.007,0.0085,0.007,0.0085,237507,0
2018-01-26,16:00:00,0.0085,0.0085,0.0085,0.0085,9110,0
2018-01-26,17:00:00,0.0085,0.0086,0.0085,0.0085,313160,0
2018-01-26,18:00:00,0.0085,0.0085,0.007,0.0072,452735,0
2018-01-26,19:00:00,0.0072,0.0072,0.0072,0.0072,550,0
2018-01-26,20:00:00,0.008,0.008,0.007,0.008,2150,0
2018-01-26,22:00:00,0.007,0.007,0.007,0.007,1080100,0
2018-01-29,16:00:00,0.007,0.007,0.007,0.007,6296,0
2018-01-29,17:00:00,0.0075,0.008,0.007,0.007,43100,0
2018-01-29,18:00:00,0.007,0.0075,0.007,0.0075,69271,0
2018-01-29,19:00:00,0.0075,0.0075,0.0075,0.0075,8100,0
2018-01-29,20:00:00,0.0074,0.0074,0.0074,0.0074,91036,0
2018-01-29,21:00:00,0.0074,0.0074,0.0074,0.0074,2800,0
2018-01-29,22:00:00,0.0074,0.0074,0.007,0.007,69899,0
2018-01-30,17:00:00,0.0071,0.008,0.0071,0.0075,92000,0
2018-01-30,18:00:00,0.007,0.0075,0.007,0.0075,60293,0
2018-01-30,19:00:00,0.0075,0.0075,0.007,0.007,13500,0
2018-01-30,20:00:00,0.007,0.0071,0.007,0.0071,1550,0
2018-01-30,21:00:00,0.0075,0.0075,0.007,0.007,3949,0
2018-01-30,22:00:00,0.0075,0.0075,0.0071,0.0075,37800,0
2018-01-31,16:00:00,0.0079,0.0079,0.0079,0.0079,2500,0
2018-01-31,17:00:00,0.0071,0.0071,0.0068,0.0068,65000,0
2018-01-31,18:00:00,0.007,0.007,0.0068,0.0068,43370,0
2018-01-31,19:00:00,0.007,0.0071,0.007,0.0071,20400,0
2018-01-31,20:00:00,0.0079,0.0079,0.007,0.007,104855,0
2018-01-31,21:00:00,0.0075,0.0079,0.007,0.007,202371,0
2018-02-01,16:00:00,0.0079,0.0079,0.007,0.007,684923,0
2018-02-01,17:00:00,0.0079,0.0079,0.0079,0.0079,20000,0
2018-02-01,18:00:00,0.0079,0.0079,0.0072,0.0072,128072,0
2018-02-01,19:00:00,0.0079,0.0079,0.0079,0.0079,50000,0
2018-02-01,20:00:00,0.0074,0.0074,0.0074,0.0074,50000,0
2018-02-01,21:00:00,0.0073,0.0076,0.0073,0.0076,15052,0
2018-02-02,16:00:00,0.0073,0.0073,0.0073,0.0073,18235,0
2018-02-02,17:00:00,0.0073,0.0073,0.007,0.007,59500,0
2018-02-02,18:00:00,0.007,0.007,0.007,0.007,51677,0
2018-02-02,20:00:00,0.0071,0.0071,0.0071,0.0071,172057,0
2018-02-02,21:00:00,0.0073,0.0073,0.0073,0.0073,162,0
2018-02-02,22:00:00,0.0076,0.0076,0.007,0.007,139100,0
2018-02-05,16:00:00,0.0075,0.0077,0.0075,0.0077,22000,0
2018-02-05,17:00:00,0.0075,0.0075,0.0074,0.0074,5000,0
2018-02-05,18:00:00,0.007,0.007,0.007,0.007,611,0
2018-02-05,19:00:00,0.0074,0.0074,0.0073,0.0073,14000,0
2018-02-05,20:00:00,0.0074,0.0074,0.0074,0.0074,30000,0
2018-02-05,21:00:00,0.0073,0.0074,0.007,0.007,15809,0
2018-02-06,16:00:00,0.007,0.007,0.007,0.007,9126,0
2018-02-06,17:00:00,0.007,0.007,0.007,0.007,3373,0
2018-02-06,18:00:00,0.007,0.007,0.007,0.007,796,0
2018-02-06,21:00:00,0.0071,0.0075,0.0071,0.0075,20000,0
2018-02-06,22:00:00,0.0075,0.0075,0.0074,0.0074,12000,0
2018-02-07,16:00:00,0.0075,0.0075,0.0074,0.0074,4340,0
2018-02-07,17:00:00,0.007,0.007,0.007,0.007,1787,0
2018-02-07,18:00:00,0.0072,0.0072,0.0072,0.0072,1500,0
2018-02-07,19:00:00,0.0073,0.0074,0.0073,0.0074,4500,0
2018-02-08,16:00:00,0.0072,0.0072,0.0072,0.0072,1500,0
2018-02-08,17:00:00,0.007,0.007,0.007,0.007,58911,0
2018-02-08,18:00:00,0.007,0.007,0.007,0.007,50000,0
2018-02-08,19:00:00,0.007,0.007,0.007,0.007,1215460,0
2018-02-08,21:00:00,0.0069,0.0069,0.0068,0.0068,407677,0
2018-02-08,22:00:00,0.0068,0.0068,0.0068,0.0068,3600,0
2018-02-09,16:00:00,0.0068,0.0068,0.0068,0.0068,22000,0
2018-02-09,17:00:00,0.0068,0.0068,0.0055,0.0055,84000,0
2018-02-09,18:00:00,0.0055,0.0067,0.0055,0.0067,25557,0
2018-02-09,20:00:00,0.0067,0.0068,0.0067,0.0068,2453,0
2018-02-09,22:00:00,0.0056,0.0056,0.0056,0.0056,505,0
2018-02-12,16:00:00,0.0066,0.0066,0.0066,0.0066,67447,0
2018-02-12,17:00:00,0.0066,0.0066,0.0066,0.0066,7699,0
2018-02-12,18:00:00,0.0066,0.0066,0.0062,0.0062,455415,0
2018-02-12,19:00:00,0.0057,0.0057,0.0057,0.0057,30000,0
2018-02-13,16:00:00,0.0055,0.0055,0.0055,0.0055,1000,0
2018-02-13,18:00:00,0.006,0.006,0.006,0.006,2013,0
2018-02-13,20:00:00,0.006,0.0068,0.006,0.0068,57987,0
2018-02-13,21:00:00,0.0068,0.0068,0.0068,0.0068,220000,0
2018-02-13,22:00:00,0.0061,0.0061,0.0061,0.0061,1500,0
2018-02-14,16:00:00,0.0056,0.0056,0.0056,0.0056,100,0
2018-02-14,20:00:00,0.0072,0.0075,0.0072,0.0075,4999,0
2018-02-14,21:00:00,0.0061,0.0061,0.0061,0.0061,105,0
2018-02-14,22:00:00,0.0061,0.0075,0.006,0.006,202400,0
2018-02-15,17:00:00,0.0065,0.0065,0.006,0.006,2286,0
2018-02-15,20:00:00,0.0061,0.0061,0.0061,0.0061,4715,0
2018-02-15,21:00:00,0.006,0.0061,0.006,0.0061,100300,0
2018-02-15,22:00:00,0.0061,0.0061,0.0061,0.0061,100,0
2018-02-16,16:00:00,0.0076,0.0076,0.0072,0.0072,213000,0
2018-02-16,18:00:00,0.006,0.007,0.006,0.007,33299,0
2018-02-16,19:00:00,0.0066,0.0066,0.006,0.006,99893,0
2018-02-16,22:00:00,0.0061,0.0061,0.0061,0.0061,200,0
2018-02-20,17:00:00,0.0057,0.0059,0.0057,0.0059,10999,0
2018-02-20,18:00:00,0.0061,0.0061,0.0061,0.0061,853,0
2018-02-20,21:00:00,0.0076,0.0076,0.0061,0.0062,5100,0
2018-02-20,22:00:00,0.0062,0.0062,0.006,0.006,561647,0
2018-02-21,16:00:00,0.0077,0.0077,0.0056,0.0056,5200,0
2018-02-21,17:00:00,0.0058,0.0058,0.0056,0.0056,741603,0
2018-02-21,18:00:00,0.0057,0.0057,0.0057,0.0057,256,0
2018-02-21,21:00:00,0.0058,0.0058,0.0058,0.0058,314,0
2018-02-21,22:00:00,0.0058,0.0058,0.0057,0.0057,10000,0
2018-02-22,17:00:00,0.0057,0.0057,0.0057,0.0057,500,0
2018-02-22,18:00:00,0.0057,0.0071,0.0057,0.0071,10144,0
2018-02-23,16:00:00,0.0071,0.0071,0.007,0.007,6600,0
2018-02-23,17:00:00,0.007,0.007,0.007,0.007,100,0
2018-02-23,18:00:00,0.007,0.007,0.007,0.007,7000,0
2018-02-26,16:00:00,0.0057,0.0057,0.0057,0.0057,937,0
2018-02-26,18:00:00,0.0057,0.0058,0.0057,0.0057,52371,0
2018-02-26,20:00:00,0.0057,0.0057,0.0057,0.0057,4000,0
2018-02-27,18:00:00,0.007,0.007,0.0061,0.0061,116100,0
2018-02-27,20:00:00,0.0068,0.0069,0.0068,0.0069,11000,0
2018-02-27,22:00:00,0.0061,0.0069,0.0061,0.0061,151500,0
2018-02-28,16:00:00,0.007,0.007,0.007,0.007,314500,0
2018-02-28,17:00:00,0.007,0.007,0.007,0.007,2214,0
2018-02-28,22:00:00,0.007,0.007,0.007,0.007,2400,0
2018-03-01,19:00:00,0.0061,0.0061,0.0061,0.0061,2500,0
2018-03-01,20:00:00,0.0061,0.0061,0.0061,0.0061,5800,0
2018-03-01,21:00:00,0.007,0.007,0.0069,0.0069,7600,0
2018-03-01,22:00:00,0.0065,0.0065,0.0065,0.0065,4724,0
2018-03-02,16:00:00,0.0069,0.0069,0.0061,0.0061,2700,0
2018-03-02,17:00:00,0.0061,0.0061,0.0056,0.0061,456797,0
2018-03-02,18:00:00,0.0062,0.0062,0.0062,0.0062,300,0
2018-03-02,19:00:00,0.0062,0.0062,0.0061,0.0061,10100,0
2018-03-02,22:00:00,0.007,0.007,0.007,0.007,1986,0
2018-03-05,16:00:00,0.007,0.007,0.007,0.007,10615,0
2018-03-05,17:00:00,0.0061,0.007,0.0055,0.0056,381458,0
2018-03-05,18:00:00,0.007,0.007,0.0056,0.0056,5779,0
2018-03-05,19:00:00,0.007,0.007,0.0057,0.0062,18500,0
2018-03-05,20:00:00,0.007,0.007,0.0062,0.0062,10350,0
2018-03-05,22:00:00,0.007,0.007,0.0062,0.0062,51806,0
2018-03-06,16:00:00,0.0057,0.0057,0.0056,0.0057,5790,0
2018-03-06,18:00:00,0.0057,0.0069,0.0056,0.0069,226125,0
2018-03-06,19:00:00,0.0057,0.0069,0.0057,0.0057,2465,0
2018-03-06,20:00:00,0.0057,0.0057,0.0057,0.0057,700,0
2018-03-06,21:00:00,0.006,0.006,0.006,0.006,350,0
2018-03-07,16:00:00,0.007,0.007,0.0056,0.0057,113503,0
2018-03-07,17:00:00,0.0068,0.0069,0.0058,0.0058,114500,0
2018-03-07,18:00:00,0.0059,0.0068,0.0058,0.0067,7961,0
2018-03-07,21:00:00,0.0067,0.0067,0.006,0.0063,48000,0
2018-03-08,20:00:00,0.006,0.006,0.006,0.006,1066,0
2018-03-08,22:00:00,0.006,0.006,0.006,0.006,100,0
2018-03-09,16:00:00,0.006,0.006,0.006,0.006,120032,0
2018-03-09,17:00:00,0.006,0.006,0.0057,0.0057,82497,0
2018-03-09,18:00:00,0.006,0.006,0.006,0.006,121410,0
2018-03-09,19:00:00,0.0067,0.0067,0.0067,0.0067,11000,0
2018-03-09,20:00:00,0.0067,0.0067,0.0066,0.0066,8000,0
2018-03-09,21:00:00,0.006,0.0061,0.006,0.006,950,0
2018-03-12,15:00:00,0.0067,0.0068,0.0067,0.0068,150000,0
2018-03-12,16:00:00,0.006,0.0068,0.0058,0.0067,52000,0
2018-03-12,17:00:00,0.0058,0.0058,0.0058,0.0058,248,0
2018-03-12,19:00:00,0.0058,0.0058,0.0058,0.0058,1000,0
2018-03-12,20:00:00,0.0058,0.0058,0.0058,0.0058,498,0
2018-03-12,21:00:00,0.0058,0.0058,0.0058,0.0058,250000,0
2018-03-13,18:00:00,0.0061,0.0061,0.006,0.0061,159799,0
2018-03-13,20:00:00,0.0061,0.0061,0.0061,0.0061,200,0
2018-03-13,21:00:00,0.0062,0.0062,0.0062,0.0062,50830,0
2018-03-14,15:00:00,0.0065,0.0069,0.0065,0.0069,517464,0
2018-03-14,16:00:00,0.0069,0.0069,0.0065,0.0065,252600,0
2018-03-14,17:00:00,0.0065,0.0065,0.0065,0.0065,638,0
2018-03-14,18:00:00,0.0069,0.0069,0.0065,0.0065,152000,0
2018-03-14,20:00:00,0.0069,0.0069,0.0069,0.0069,500000,0
2018-03-14,21:00:00,0.0065,0.0065,0.0065,0.0065,250,0
2018-03-15,15:00:00,0.0058,0.0058,0.0058,0.0058,200,0
2018-03-15,16:00:00,0.007,0.007,0.0068,0.0068,32400,0
2018-03-15,17:00:00,0.0068,0.0068,0.0068,0.0068,1043,0
2018-03-15,19:00:00,0.0068,0.0068,0.0068,0.0068,400,0
2018-03-15,21:00:00,0.007,0.007,0.007,0.007,63557,0
2018-03-16,17:00:00,0.006,0.006,0.006,0.006,1651,0
2018-03-16,19:00:00,0.007,0.007,0.0069,0.007,104000,0
2018-03-19,15:00:00,0.007,0.007,0.007,0.007,1000,0
2018-03-19,17:00:00,0.007,0.007,0.007,0.007,50000,0
2018-03-19,18:00:00,0.007,0.007,0.007,0.007,80000,0
2018-03-19,19:00:00,0.007,0.007,0.007,0.007,40000,0
2018-03-19,20:00:00,0.0061,0.0061,0.0061,0.0061,17562,0
2018-03-19,21:00:00,0.0061,0.0061,0.0061,0.0061,500,0
2018-03-20,15:00:00,0.0061,0.0061,0.0061,0.0061,2500,0
2018-03-20,16:00:00,0.0061,0.0061,0.0061,0.0061,675,0
2018-03-20,17:00:00,0.0061,0.008,0.0061,0.008,1118398,0
2018-03-20,18:00:00,0.0068,0.008,0.0062,0.008,66036,0
2018-03-20,19:00:00,0.0076,0.01,0.0076,0.01,547939,0
2018-03-20,20:00:00,0.009,0.0118,0.009,0.0118,1247350,0
2018-03-20,21:00:00,0.0118,0.0118,0.01,0.01,610400,0
2018-03-21,15:00:00,0.01,0.01,0.0076,0.0083,130500,0
2018-03-21,16:00:00,0.0076,0.0083,0.007,0.0075,354812,0
2018-03-21,17:00:00,0.0083,0.01,0.0083,0.0093,38116,0
2018-03-21,18:00:00,0.0093,0.0093,0.0093,0.0093,800,0
2018-03-21,19:00:00,0.009,0.009,0.009,0.009,37800,0
2018-03-21,20:00:00,0.009,0.009,0.009,0.009,284200,0
2018-03-21,21:00:00,0.009,0.0092,0.0088,0.0088,102972,0
2018-03-22,15:00:00,0.008,0.008,0.008,0.008,532,0
2018-03-22,16:00:00,0.008,0.008,0.0071,0.0071,25000,0
2018-03-22,17:00:00,0.0072,0.0075,0.0072,0.0072,19308,0
2018-03-22,18:00:00,0.0072,0.0072,0.0072,0.0072,20000,0
2018-03-22,19:00:00,0.0072,0.0072,0.0072,0.0072,200,0
2018-03-22,21:00:00,0.0073,0.0073,0.0073,0.0073,14000,0
2018-03-23,15:00:00,0.01,0.01,0.0099,0.0099,47500,0
2018-03-23,16:00:00,0.0073,0.0099,0.0073,0.0098,50900,0
2018-03-23,17:00:00,0.0072,0.0073,0.0072,0.0073,26885,0
2018-03-23,18:00:00,0.0088,0.0095,0.0073,0.009,15250,0
2018-03-23,19:00:00,0.0095,0.0095,0.009,0.009,187678,0
2018-03-23,20:00:00,0.009,0.014,0.009,0.014,1278559,0
2018-03-23,21:00:00,0.0127,0.0127,0.01,0.0127,362266,0
2018-03-26,16:00:00,0.0125,0.0125,0.01,0.01,472170,0
2018-03-26,17:00:00,0.01,0.01,0.0099,0.01,200980,0
2018-03-26,18:00:00,0.01,0.011,0.01,0.01,20100,0
2018-03-26,19:00:00,0.01,0.011,0.01,0.01,31000,0
2018-03-26,21:00:00,0.0123,0.0123,0.0115,0.0115,48497,0
2018-03-26,22:00:00,0.0123,0.0123,0.01,0.0119,19713,0
2018-03-27,16:00:00,0.012,0.012,0.0115,0.0115,87500,0
2018-03-27,18:00:00,0.0113,0.012,0.01,0.01,9359,0
2018-03-27,21:00:00,0.0118,0.012,0.01,0.0119,112400,0
2018-03-27,22:00:00,0.012,0.012,0.01,0.01,36759,0
2018-03-28,17:00:00,0.01,0.01,0.01,0.01,12930,0
2018-03-28,18:00:00,0.012,0.012,0.012,0.012,5259,0
2018-03-28,19:00:00,0.01,0.012,0.01,0.012,24500,0
2018-03-28,22:00:00,0.01,0.01,0.01,0.01,5000,0
2018-03-29,16:00:00,0.01,0.0115,0.01,0.0115,23400,0
2018-03-29,17:00:00,0.0101,0.0102,0.01,0.0102,247000,0
2018-03-29,18:00:00,0.0101,0.0114,0.01,0.0114,101597,0
2018-03-29,19:00:00,0.0108,0.0108,0.01,0.01,34991,0
2018-03-29,21:00:00,0.01,0.01,0.01,0.01,8588,0
2018-03-29,22:00:00,0.0089,0.0113,0.0089,0.0113,81453,0
