Date,Time,Open,High,Low,Close,Volume,OpenInt
2017-09-06,16:00:00,24.93,24.93,24.39,24.39,4838,0
2017-09-06,17:00:00,24.43,24.61,24.2,24.37,15300,0
2017-09-06,18:00:00,24.31,24.33,24.15,24.29,7100,0
2017-09-06,19:00:00,24.26,24.39,24.22,24.385,6275,0
2017-09-06,20:00:00,24.36,24.46,24.21,24.21,9140,0
2017-09-06,21:00:00,24.2,24.4,24.18,24.35,10100,0
2017-09-06,22:00:00,24.39,24.5,24.24,24.29,35981,0
2017-09-07,16:00:00,24.4,24.4,23.85,23.97,5274,0
2017-09-07,17:00:00,23.9701,24.38,23.92,24.26,7683,0
2017-09-07,18:00:00,24.28,24.32,24.09,24.12,10624,0
2017-09-07,19:00:00,24.14,24.16,24.05,24.11,6530,0
2017-09-07,20:00:00,24.11,24.33,24.11,24.23,8164,0
2017-09-07,21:00:00,24.24,24.31,24.14,24.22,5812,0
2017-09-07,22:00:00,24.18,24.3,24.12,24.27,25734,0
2017-09-08,16:00:00,24.22,24.3,24.01,24.06,3577,0
2017-09-08,17:00:00,24.23,24.36,24.01,24.31,7300,0
2017-09-08,18:00:00,24.33,24.421,24.13,24.28,7883,0
2017-09-08,19:00:00,24.2,24.3,24.02,24.21,5509,0
2017-09-08,20:00:00,24.19,24.36,24.13,24.32,10837,0
2017-09-08,21:00:00,24.33,24.57,24.31,24.4,13978,0
2017-09-08,22:00:00,24.4,24.63,24.37,24.6,47045,0
2017-09-11,16:00:00,24.63,24.89,24.5466,24.8675,8619,0
2017-09-11,17:00:00,24.86,25.04,24.38,24.555,15262,0
2017-09-11,18:00:00,24.53,24.71,24.3,24.63,23103,0
2017-09-11,19:00:00,24.64,24.76,24.45,24.45,10961,0
2017-09-11,20:00:00,24.48,24.555,24.4,24.5,6584,0
2017-09-11,21:00:00,24.5,24.525,24.12,24.23,13693,0
2017-09-11,22:00:00,24.26,24.47,24.24,24.38,37018,0
2017-09-12,16:00:00,24.21,25.2498,23.96,24.12,12817,0
2017-09-12,17:00:00,24.155,24.38,24.05,24.06,20272,0
2017-09-12,18:00:00,24.02,24.07,23.3,24.005,46335,0
2017-09-12,19:00:00,24.02,24.11,23.56,23.56,11190,0
2017-09-12,20:00:00,23.6,23.67,23.44,23.57,10682,0
2017-09-12,21:00:00,23.52,23.535,23.3,23.38,28644,0
2017-09-12,22:00:00,23.39,23.75,23.385,23.62,35535,0
2017-09-13,16:00:00,23.62,23.62,23.38,23.4075,3906,0
2017-09-13,17:00:00,23.5,23.69,23.5,23.52,17992,0
2017-09-13,18:00:00,23.5,23.53,23.23,23.3,6401,0
2017-09-13,19:00:00,23.36,23.41,23.23,23.28,4425,0
2017-09-13,20:00:00,23.23,23.53,23.23,23.53,5348,0
2017-09-13,21:00:00,23.56,23.56,23.18,23.35,5800,0
2017-09-13,22:00:00,23.35,23.37,23.21,23.25,27498,0
2017-09-14,16:00:00,23.04,23.61,22.986,23.38,23288,0
2017-09-14,17:00:00,23.36,23.54,23.36,23.36,4012,0
2017-09-14,18:00:00,23.38,23.47,23.22,23.22,2700,0
2017-09-14,19:00:00,23.25,23.29,23.06,23.06,2400,0
2017-09-14,20:00:00,23.04,23.21,22.905,23.2,5040,0
2017-09-14,21:00:00,23.21,23.21,22.98,23.005,3100,0
2017-09-14,22:00:00,22.98,23.21,22.97,23.13,30266,0
2017-09-15,16:00:00,23.15,23.36,23.001,23.05,30302,0
2017-09-15,17:00:00,23.15,23.36,23.07,23.0835,7574,0
2017-09-15,18:00:00,23.06,23.22,23.06,23.19,4854,0
2017-09-15,19:00:00,23.175,23.22,23.105,23.105,3000,0
2017-09-15,20:00:00,23.1,23.12,22.99,22.99,5400,0
2017-09-15,21:00:00,23.01,23.0759,22.97,22.97,4100,0
2017-09-15,22:00:00,22.96,23.12,22.83,23.01,162155,0
2017-09-18,16:00:00,23.16,23.22,23.05,23.21,3123,0
2017-09-18,17:00:00,23.22,23.35,23.21,23.28,8110,0
2017-09-18,18:00:00,23.27,23.45,23.27,23.42,6158,0
2017-09-18,19:00:00,23.47,23.51,23.34,23.39,3200,0
2017-09-18,20:00:00,23.4,23.6,23.36,23.56,8365,0
2017-09-18,21:00:00,23.56,23.65,23.42,23.44,3500,0
2017-09-18,22:00:00,23.45,23.64,23.35,23.63,22917,0
2017-09-19,16:00:00,23.58,23.75,23.54,23.74,2005,0
2017-09-19,17:00:00,23.76,23.76,23.49,23.54,2790,0
2017-09-19,18:00:00,23.51,23.51,23.19,23.3,7940,0
2017-09-19,19:00:00,23.3,23.34,23.18,23.3,8460,0
2017-09-19,20:00:00,23.315,23.49,23.28,23.49,5369,0
2017-09-19,21:00:00,23.48,23.51,23.33,23.35,4200,0
2017-09-19,22:00:00,23.32,23.34,23.26,23.3,27661,0
2017-09-20,16:00:00,23.51,24.66,22.311,23.86,5235,0
2017-09-20,17:00:00,23.86,23.92,23.64,23.7,7580,0
2017-09-20,18:00:00,23.67,23.7699,23.515,23.515,6399,0
2017-09-20,19:00:00,23.55,23.61,23.535,23.59,2400,0
2017-09-20,20:00:00,23.64,23.64,23.45,23.45,6053,0
2017-09-20,21:00:00,23.47,23.57,23.43,23.46,5000,0
2017-09-20,22:00:00,23.49,23.54,23.39,23.46,24297,0
2017-09-21,16:00:00,23.45,23.57,23.32,23.32,2183,0
2017-09-21,17:00:00,23.45,23.639,23.45,23.48,3690,0
2017-09-21,18:00:00,23.51,23.6,23.425,23.48,2500,0
2017-09-21,19:00:00,23.43,23.46,23.38,23.41,1625,0
2017-09-21,20:00:00,23.31,23.39,23.23,23.39,2900,0
2017-09-21,21:00:00,23.33,23.43,23.33,23.4,3446,0
2017-09-21,22:00:00,23.43,23.54,23.4,23.53,14277,0
2017-09-22,16:00:00,23.53,23.57,23.52,23.57,356,0
2017-09-22,17:00:00,23.65,23.65,23.48,23.54,5600,0
2017-09-22,18:00:00,23.51,23.575,23.5,23.52,2500,0
2017-09-22,19:00:00,23.61,23.61,23.495,23.53,1200,0
2017-09-22,20:00:00,23.53,23.53,23.39,23.53,1900,0
2017-09-22,21:00:00,23.54,23.58,23.51,23.54,1000,0
2017-09-22,22:00:00,23.49,23.6,23.48,23.53,12047,0
2017-09-25,16:00:00,23.5,23.57,23.4329,23.545,3241,0
2017-09-25,17:00:00,23.54,23.72,23.23,23.28,4500,0
2017-09-25,18:00:00,23.245,23.38,23.145,23.355,7232,0
2017-09-25,19:00:00,23.36,23.4575,23.305,23.43,3300,0
2017-09-25,20:00:00,23.47,23.48,23.385,23.385,2950,0
2017-09-25,21:00:00,23.39,23.44,23.37,23.37,7200,0
2017-09-25,22:00:00,23.4,23.4,23.22,23.31,25164,0
2017-09-26,16:00:00,23.32,23.32,23.21,23.22,1218,0
2017-09-26,17:00:00,23.24,23.82,23.24,23.6623,7840,0
2017-09-26,18:00:00,23.68,23.73,23.59,23.69,3550,0
2017-09-26,19:00:00,23.68,23.71,23.64,23.66,2656,0
2017-09-26,20:00:00,23.69,23.7,23.54,23.58,7017,0
2017-09-26,21:00:00,23.54,23.54,23.355,23.45,27134,0
2017-09-26,22:00:00,23.44,23.49,23.33,23.38,26067,0
2017-09-27,16:00:00,23.53,23.85,23.33,23.82,7347,0
2017-09-27,17:00:00,23.79,23.82,23.73,23.73,3963,0
2017-09-27,18:00:00,23.72,23.81,23.69,23.73,3800,0
2017-09-27,19:00:00,23.74,23.81,23.71,23.77,7700,0
2017-09-27,20:00:00,23.805,23.86,23.68,23.775,15259,0
2017-09-27,21:00:00,23.775,23.87,23.6,23.8471,8600,0
2017-09-27,22:00:00,23.91,24.01,23.84,23.92,24806,0
2017-09-28,16:00:00,23.93,24.48,23.93,24.26,3433,0
2017-09-28,17:00:00,24.27,24.27,24.05,24.13,8850,0
2017-09-28,18:00:00,24.11,24.17,24.06,24.17,4320,0
2017-09-28,19:00:00,24.18,24.25,24.1,24.12,3932,0
2017-09-28,20:00:00,24.12,24.25,24.12,24.185,5200,0
2017-09-28,21:00:00,24.21,24.27,24.18,24.25,11392,0
2017-09-28,22:00:00,24.245,24.43,24.145,24.37,36635,0
2017-09-29,16:00:00,24.27,24.35,24.27,24.32,300,0
2017-09-29,17:00:00,24.3,24.36,23.95,23.95,6083,0
2017-09-29,18:00:00,23.95,23.97,23.6,23.65,5800,0
2017-09-29,19:00:00,23.61,23.801,23.59,23.801,3620,0
2017-09-29,20:00:00,23.8,23.88,23.75,23.8,2889,0
2017-09-29,21:00:00,23.82,23.89,23.755,23.8,10453,0
2017-09-29,22:00:00,23.8,24,23.76,23.88,27123,0
2017-10-02,16:00:00,24.29,24.29,23.91,24.1,41510,0
2017-10-02,17:00:00,24.1,24.33,23.93,23.97,28180,0
2017-10-02,18:00:00,24,24.14,24,24.11,9475,0
2017-10-02,19:00:00,24.14,24.17,24.0166,24.1,23663,0
2017-10-02,20:00:00,24.095,24.17,24.09,24.1,25179,0
2017-10-02,21:00:00,24.12,24.16,24.09,24.1,35267,0
2017-10-02,22:00:00,24.1,24.44,24.1,24.42,96940,0
2017-10-03,16:00:00,24.43,24.66,24.37,24.515,12970,0
2017-10-03,17:00:00,24.52,24.575,24.28,24.37,73822,0
2017-10-03,18:00:00,24.41,24.445,24.3,24.33,26000,0
2017-10-03,19:00:00,24.38,24.4,24.2119,24.34,9590,0
2017-10-03,20:00:00,24.36,24.41,24.325,24.36,15752,0
2017-10-03,21:00:00,24.35,24.4,24.286,24.35,11995,0
2017-10-03,22:00:00,24.335,24.48,24.325,24.46,46456,0
2017-10-04,16:00:00,24.38,25.13,24.33,25.13,5256,0
2017-10-04,17:00:00,24.98,25.57,24.96,25.57,19086,0
2017-10-04,18:00:00,25.58,25.83,25.55,25.65,12405,0
2017-10-04,19:00:00,25.72,25.73,25.54,25.54,5192,0
2017-10-04,20:00:00,25.55,25.59,25.37,25.37,7874,0
2017-10-04,21:00:00,25.37,25.52,25.35,25.45,2300,0
2017-10-04,22:00:00,25.34,25.52,25.29,25.44,36585,0
2017-10-05,16:00:00,25.43,25.61,25.256,25.256,2446,0
2017-10-05,17:00:00,25.22,25.25,25.13,25.19,5345,0
2017-10-05,18:00:00,25.2284,25.27,25.18,25.2,4400,0
2017-10-05,19:00:00,25.175,25.21,25.06,25.06,5000,0
2017-10-05,20:00:00,25.06,25.07,24.86,24.92,5960,0
2017-10-05,21:00:00,24.95,24.95,24.76,24.82,4800,0
2017-10-05,22:00:00,24.83,24.95,24.78,24.9,17403,0
2017-10-06,16:00:00,24.79,24.98,24.34,24.82,7152,0
2017-10-06,17:00:00,24.84,24.93,24.74,24.74,3819,0
2017-10-06,18:00:00,24.69,24.79,24.59,24.684,4950,0
2017-10-06,19:00:00,24.685,24.87,24.6285,24.85,5125,0
2017-10-06,20:00:00,24.82,24.91,24.8,24.82,17639,0
2017-10-06,21:00:00,24.85,25,24.75,24.85,14176,0
2017-10-06,22:00:00,24.8401,24.8999,24.77,24.86,14690,0
2017-10-09,16:00:00,25.36,25.73,24.99,25.03,3069,0
2017-10-09,17:00:00,24.97,25,24.6409,24.68,5768,0
2017-10-09,18:00:00,24.63,24.63,24.39,24.41,1800,0
2017-10-09,19:00:00,24.4,24.4,24.23,24.2785,5910,0
2017-10-09,20:00:00,24.25,24.32,24.24,24.24,2100,0
2017-10-09,21:00:00,24.22,24.22,24.12,24.13,5432,0
2017-10-09,22:00:00,24.12,24.145,23.94,23.97,14705,0
2017-10-10,16:00:00,24.1,24.36,24.02,24.36,4616,0
2017-10-10,17:00:00,24.36,24.38,24.01,24.01,3707,0
2017-10-10,18:00:00,24.01,24.13,23.9,23.94,6883,0
2017-10-10,19:00:00,23.91,23.91,23.71,23.83,5218,0
2017-10-10,20:00:00,23.82,23.88,23.66,23.7101,5246,0
2017-10-10,21:00:00,23.711,23.76,23.62,23.62,3541,0
2017-10-10,22:00:00,23.62,23.79,23.62,23.73,22423,0
2017-10-11,16:00:00,23.65,23.755,23.6,23.71,1839,0
2017-10-11,17:00:00,23.66,23.83,23.57,23.76,7787,0
2017-10-11,18:00:00,23.76,23.88,23.74,23.8,5800,0
2017-10-11,19:00:00,23.82,23.85,23.71,23.72,4041,0
2017-10-11,20:00:00,23.74,23.9524,23.74,23.91,5130,0
2017-10-11,21:00:00,23.89,23.935,23.78,23.83,4545,0
2017-10-11,22:00:00,23.83,23.95,23.8,23.88,21736,0
2017-10-12,16:00:00,23.96,24.01,23.89,23.93,3852,0
2017-10-12,17:00:00,24.01,24.33,24.01,24.14,7931,0
2017-10-12,18:00:00,24.23,24.23,23.92,23.9699,4100,0
2017-10-12,19:00:00,23.87,24.07,23.75,24.07,5450,0
2017-10-12,20:00:00,24.09,24.33,24.025,24.24,12577,0
2017-10-12,21:00:00,24.23,24.29,24.16,24.25,3900,0
2017-10-12,22:00:00,24.265,24.29,24.1,24.14,21066,0
2017-10-13,16:00:00,23.87,24.41,23.4979,24.41,12828,0
2017-10-13,17:00:00,24.61,25.04,24.59,24.77,74935,0
2017-10-13,18:00:00,24.7635,24.7847,24.24,24.2499,5932,0
2017-10-13,19:00:00,24.11,24.14,23.89,23.925,2900,0
2017-10-13,20:00:00,23.89,23.98,23.76,23.83,5450,0
2017-10-13,21:00:00,23.82,24.04,23.82,23.9403,41505,0
2017-10-13,22:00:00,24.01,24.19,24.01,24.1,14406,0
2017-10-16,16:00:00,25,25,24.17,24.37,16240,0
2017-10-16,17:00:00,24.43,24.43,24.13,24.13,3600,0
2017-10-16,18:00:00,24.13,24.4,24.13,24.21,3500,0
2017-10-16,19:00:00,24.2,24.25,24.095,24.16,2500,0
2017-10-16,20:00:00,24.21,24.46,24.2,24.38,5591,0
2017-10-16,21:00:00,24.42,24.42,24.17,24.3,3596,0
2017-10-16,22:00:00,24.29,24.46,24.26,24.4,13083,0
2017-10-17,16:00:00,24.3,24.4499,23.94,24.13,6660,0
2017-10-17,17:00:00,24.3,24.39,24.26,24.39,4200,0
2017-10-17,18:00:00,24.42,24.5299,24.27,24.3,5435,0
2017-10-17,19:00:00,24.23,24.23,24.01,24.01,1300,0
2017-10-17,20:00:00,24.03,24.03,23.78,23.78,15800,0
2017-10-17,21:00:00,23.78,23.87,23.7,23.76,2521,0
2017-10-17,22:00:00,23.849,23.849,23.71,23.79,11305,0
2017-10-18,16:00:00,23.09,23.89,22.61,23.79,3482,0
2017-10-18,17:00:00,23.95,24.09,23.81,23.98,4300,0
2017-10-18,18:00:00,23.9711,24,23.74,23.91,4700,0
2017-10-18,19:00:00,23.9,23.9,23.75,23.8,3700,0
2017-10-18,20:00:00,23.81,23.97,23.78,23.95,3900,0
2017-10-18,21:00:00,23.93,24.03,23.89,23.9,3550,0
2017-10-18,22:00:00,23.97,24,23.85,23.94,10212,0
2017-10-19,16:00:00,23.93,23.93,22.63,23.69,4878,0
2017-10-19,17:00:00,23.72,23.88,23.63,23.74,3300,0
2017-10-19,18:00:00,23.77,23.78,23.75,23.78,400,0
2017-10-19,19:00:00,23.63,23.67,23.55,23.62,3543,0
2017-10-19,20:00:00,23.595,23.7,23.34,23.435,7767,0
2017-10-19,21:00:00,23.465,23.5,23.32,23.35,11707,0
2017-10-19,22:00:00,23.37,23.51,23.2501,23.35,36219,0
2017-10-20,16:00:00,23.58,23.715,23.58,23.7,6734,0
2017-10-20,17:00:00,23.7,23.75,23.43,23.48,5600,0
2017-10-20,18:00:00,23.49,23.55,23.17,23.25,4950,0
2017-10-20,19:00:00,23.3,23.3,23.02,23.02,8980,0
2017-10-20,20:00:00,23.09,23.16,23.02,23.07,7300,0
2017-10-20,21:00:00,23.075,23.12,23,23.0175,6200,0
2017-10-20,22:00:00,23.025,23.04,22.81,22.92,25528,0
2017-10-23,16:00:00,22.9,23.07,22.71,23.07,1618,0
2017-10-23,17:00:00,23.08,23.14,22.96,23.01,166200,0
2017-10-23,18:00:00,23.02,23.11,22.93,22.93,15418,0
2017-10-23,19:00:00,22.91,23.08,22.91,23.01,9400,0
2017-10-23,20:00:00,23.015,23.04,22.85,22.99,5800,0
2017-10-23,21:00:00,23,23.02,22.92,22.96,5900,0
2017-10-23,22:00:00,22.96,23,22.8,22.94,29700,0
2017-10-24,16:00:00,22.96,23.4,22.75,22.95,4396,0
2017-10-24,17:00:00,23.06,23.26,22.97,23.035,23130,0
2017-10-24,18:00:00,22.9984,23.09,22.86,22.96,6789,0
2017-10-24,19:00:00,22.98,23.2,22.96,23.1,7870,0
2017-10-24,20:00:00,23.08,23.105,22.98,23.05,5200,0
2017-10-24,21:00:00,23.075,23.08,22.94,23.06,7700,0
2017-10-24,22:00:00,23.065,23.09,22.96,23,17071,0
2017-10-25,16:00:00,23.1,23.1,22.5,22.74,11649,0
2017-10-25,17:00:00,22.84,22.84,22.54,22.54,3500,0
2017-10-25,18:00:00,22.52,22.53,22,22.1,13708,0
2017-10-25,19:00:00,22.06,22.08,21.69,21.87,14380,0
2017-10-25,20:00:00,21.87,21.915,21.72,21.88,8300,0
2017-10-25,21:00:00,21.8676,21.9,21.65,21.7,11304,0
2017-10-25,22:00:00,21.7,22.04,21.65,22.02,34790,0
2017-10-26,16:00:00,22.02,22.08,21.91,22.05,3950,0
2017-10-26,17:00:00,22.1,22.45,22.02,22.385,6591,0
2017-10-26,18:00:00,22.49,22.5,22.18,22.265,6000,0
2017-10-26,19:00:00,22.22,22.22,22.03,22.09,3000,0
2017-10-26,20:00:00,22.09,22.17,22.08,22.125,2800,0
2017-10-26,21:00:00,22.18,22.3,22.15,22.24,5089,0
2017-10-26,22:00:00,22.2301,22.2301,21.84,21.92,51382,0
2017-10-27,16:00:00,19.1,22.59,19.1,22.475,74006,0
2017-10-27,17:00:00,22.46,23.59,22.35,23.08,53835,0
2017-10-27,18:00:00,23.04,23.17,22.825,23,38843,0
2017-10-27,19:00:00,23,23.35,23,23.3132,14310,0
2017-10-27,20:00:00,23.33,23.84,23.195,23.84,58418,0
2017-10-27,21:00:00,23.81,23.81,23.285,23.3,31800,0
2017-10-27,22:00:00,23.285,23.58,23.26,23.57,69090,0
2017-10-30,15:00:00,23.73,24.2,23.51,23.9,17422,0
2017-10-30,16:00:00,23.8907,24.09,23.705,23.85,28567,0
2017-10-30,17:00:00,23.85,23.85,23.41,23.78,21856,0
2017-10-30,18:00:00,23.79,24.2,23.76,24.1,11499,0
2017-10-30,19:00:00,24.09,24.12,24.05,24.06,9771,0
2017-10-30,20:00:00,24.05,24.555,24.03,24.46,14475,0
2017-10-30,21:00:00,24.435,24.98,24.435,24.9,81881,0
2017-10-31,15:00:00,25,25.905,25,25.8322,16019,0
2017-10-31,16:00:00,25.91,26.29,25.66,25.66,16639,0
2017-10-31,17:00:00,25.74,25.86,25.11,25.21,26110,0
2017-10-31,18:00:00,25.18,25.38,25.14,25.18,5792,0
2017-10-31,19:00:00,25.12,25.53,24.99,25.53,9683,0
2017-10-31,20:00:00,25.53,25.53,25.2,25.345,15837,0
2017-10-31,21:00:00,25.36,25.71,25.33,25.38,49948,0
2017-11-01,15:00:00,25.38,27,24.98,26.74,65019,0
2017-11-01,16:00:00,26.63,26.91,26.49,26.82,28833,0
2017-11-01,17:00:00,26.78,28.06,26.78,28.05,37847,0
2017-11-01,18:00:00,28,28.58,27.96,28.58,44586,0
2017-11-01,19:00:00,28.59,28.59,27.9184,28.28,34354,0
2017-11-01,20:00:00,28.26,28.4,27.81,27.82,16176,0
2017-11-01,21:00:00,27.865,28,27.6,27.82,78337,0
2017-11-02,15:00:00,28,28.12,27.475,27.915,21584,0
2017-11-02,16:00:00,27.79,28,27.3701,27.79,26763,0
2017-11-02,17:00:00,27.75,28.13,27.56,27.93,73449,0
2017-11-02,18:00:00,27.96,28.55,27.8,27.81,50239,0
2017-11-02,19:00:00,27.85,28.11,27.8,27.8,38800,0
2017-11-02,20:00:00,27.8,28.01,27.65,27.9156,48510,0
2017-11-02,21:00:00,27.8714,28.25,27.71,27.9,58822,0
2017-11-03,15:00:00,27.88,28.285,27.42,28,14161,0
2017-11-03,16:00:00,28.03,28.35,27.94,27.97,9700,0
2017-11-03,17:00:00,27.96,28.02,27.39,27.64,13729,0
2017-11-03,18:00:00,27.65,27.83,27.65,27.81,3900,0
2017-11-03,19:00:00,27.7848,27.91,27.65,27.8975,26726,0
2017-11-03,20:00:00,27.92,28,27.62,27.83,12740,0
2017-11-03,21:00:00,27.73,27.77,27.35,27.5001,36356,0
2017-11-06,16:00:00,27.14,27.14,26.02,26.33,18095,0
2017-11-06,17:00:00,26.3599,26.3599,25.585,25.7395,23052,0
2017-11-06,18:00:00,25.67,25.74,25.505,25.65,21667,0
2017-11-06,19:00:00,25.61,26.03,25.56,25.79,38604,0
2017-11-06,20:00:00,25.75,25.95,25.55,25.585,16680,0
2017-11-06,21:00:00,25.59,25.77,25.59,25.69,15745,0
2017-11-06,22:00:00,25.67,25.73,25.55,25.63,40102,0
2017-11-07,16:00:00,25.54,26.27,25.54,26.1,7473,0
2017-11-07,17:00:00,26.09,26.09,25.43,25.63,6781,0
2017-11-07,18:00:00,25.72,25.785,25.19,25.19,11158,0
2017-11-07,19:00:00,25.2022,25.33,25.2022,25.28,8634,0
2017-11-07,20:00:00,25.345,25.46,25.29,25.46,3400,0
2017-11-07,21:00:00,25.38,25.42,25.21,25.25,6380,0
2017-11-07,22:00:00,25.16,25.21,24.99,25.16,23020,0
2017-11-08,16:00:00,25.15,25.16,24.68,24.81,6998,0
2017-11-08,17:00:00,24.84,25.0922,24.58,25.01,17066,0
2017-11-08,18:00:00,24.94,25.03,24.91,24.91,13796,0
2017-11-08,19:00:00,24.885,24.98,24.8201,24.98,6265,0
2017-11-08,20:00:00,25.02,25.04,24.93,24.96,5100,0
2017-11-08,21:00:00,24.99,25.06,24.88,25.06,4500,0
2017-11-08,22:00:00,25.03,25.16,24.96,24.99,30320,0
2017-11-09,16:00:00,24.94,24.94,24.42,24.68,2829,0
2017-11-09,17:00:00,24.83,25.09,24.83,25.06,4200,0
2017-11-09,18:00:00,25.08,25.08,24.45,24.5,11132,0
2017-11-09,19:00:00,24.545,24.66,24.38,24.52,10851,0
2017-11-09,20:00:00,24.47,24.78,24.47,24.695,2901,0
2017-11-09,21:00:00,24.7,24.83,24.7,24.8,3807,0
2017-11-09,22:00:00,24.73,24.88,24.69,24.83,17411,0
2017-11-10,16:00:00,24.95,24.99,24.83,24.98,4571,0
2017-11-10,17:00:00,24.88,24.9,24.57,24.66,11100,0
2017-11-10,18:00:00,24.6,24.85,24.6,24.71,5362,0
2017-11-10,19:00:00,24.64,24.72,24.62,24.63,4200,0
2017-11-10,20:00:00,24.56,24.63,24.44,24.61,6500,0
2017-11-10,21:00:00,24.6,24.65,24.51,24.65,7829,0
2017-11-10,22:00:00,24.64,24.87,24.54,24.54,15594,0
2017-11-13,16:00:00,24.36,24.68,24.29,24.56,1648,0
2017-11-13,17:00:00,24.46,24.46,24.03,24.13,4400,0
2017-11-13,18:00:00,24.075,24.1,23.8863,24.03,11339,0
2017-11-13,19:00:00,24.035,24.19,23.95,24.13,20600,0
2017-11-13,20:00:00,24.13,24.2,24.07,24.2,2863,0
2017-11-13,21:00:00,24.19,24.23,24.07,24.1,6864,0
2017-11-13,22:00:00,24.08,24.2,24.02,24.09,31501,0
2017-11-14,16:00:00,24.01,24.7,23.69,24.345,13254,0
2017-11-14,17:00:00,24.36,24.42,23.99,24.1,9230,0
2017-11-14,18:00:00,24.1205,24.14,23.9101,23.995,17834,0
2017-11-14,19:00:00,23.94,24.1,23.94,24.1,7300,0
2017-11-14,20:00:00,24.07,24.08,23.86,23.94,7904,0
2017-11-14,21:00:00,23.95,24.16,23.88,24.03,12738,0
2017-11-14,22:00:00,24.06,24.09,23.96,24.09,30212,0
2017-11-15,16:00:00,23.85,23.99,23.85,23.935,5102,0
2017-11-15,17:00:00,23.86,24.83,23.86,24.44,18910,0
2017-11-15,18:00:00,24.47,24.65,24.35,24.43,3900,0
2017-11-15,19:00:00,24.38,24.38,24.06,24.06,3251,0
2017-11-15,20:00:00,24.12,24.33,24.11,24.19,3805,0
2017-11-15,21:00:00,24.17,24.4,24.15,24.28,7800,0
2017-11-15,22:00:00,24.29,24.33,24.19,24.22,19877,0
2017-11-16,16:00:00,24.34,24.62,24.34,24.62,683,0
2017-11-16,17:00:00,24.55,24.88,24.36,24.36,11191,0
2017-11-16,18:00:00,24.36,24.63,24.325,24.565,13288,0
2017-11-16,19:00:00,24.52,24.52,24.35,24.4,14518,0
2017-11-16,20:00:00,24.38,24.45,24.08,24.1,6528,0
2017-11-16,21:00:00,24.15,24.19,24.05,24.05,4700,0
2017-11-16,22:00:00,24.06,24.13,23.99,24.01,25229,0
2017-11-17,16:00:00,23.82,24.05,23.605,23.86,4580,0
2017-11-17,17:00:00,23.88,23.94,23.39,23.63,5549,0
2017-11-17,18:00:00,23.56,23.71,23.54,23.63,2791,0
2017-11-17,19:00:00,23.63,23.63,23.4,23.52,11831,0
2017-11-17,20:00:00,23.51,23.66,23.51,23.6,9105,0
2017-11-17,21:00:00,23.54,23.64,23.51,23.59,14102,0
2017-11-17,22:00:00,23.565,23.6,23.28,23.35,35489,0
2017-11-20,16:00:00,23.44,23.44,23.19,23.22,2436,0
2017-11-20,17:00:00,23.24,23.46,23.21,23.23,4800,0
2017-11-20,18:00:00,23.2,23.2,22.98,23.05,2651,0
2017-11-20,19:00:00,23.05,23.1,22.8901,22.95,3547,0
2017-11-20,20:00:00,22.96,23.09,22.96,23.08,2110,0
2017-11-20,21:00:00,23.08,23.08,22.86,22.87,5800,0
2017-11-20,22:00:00,22.9,22.94,22.83,22.86,16901,0
2017-11-21,16:00:00,22.96,23.17,22.6201,23.05,4900,0
2017-11-21,17:00:00,22.94,23.17,22.94,22.98,7086,0
2017-11-21,18:00:00,22.96,23.09,22.86,22.91,3500,0
2017-11-21,19:00:00,22.87,22.92,22.76,22.859,5973,0
2017-11-21,20:00:00,22.82,22.82,22.6,22.6,7712,0
2017-11-21,21:00:00,22.49,22.74,22.41,22.67,8125,0
2017-11-21,22:00:00,22.74,22.84,22.58,22.68,30430,0
2017-11-22,16:00:00,22.72,22.74,22.72,22.74,927,0
2017-11-22,17:00:00,22.69,22.78,22.52,22.78,2100,0
2017-11-22,18:00:00,22.72,22.78,22.58,22.58,2893,0
2017-11-22,19:00:00,22.595,22.6,22.48,22.56,2300,0
2017-11-22,20:00:00,22.58,22.69,22.47,22.65,2900,0
2017-11-22,21:00:00,22.69,22.76,22.63,22.63,1700,0
2017-11-22,22:00:00,22.62,22.78,22.58,22.71,16754,0
2017-11-24,16:00:00,22.75,23.175,22.64,22.75,2420,0
2017-11-24,17:00:00,22.58,23.12,22.5,22.93,8599,0
2017-11-24,18:00:00,22.92,22.92,22.54,22.63,3200,0
2017-11-24,19:00:00,22.68,22.81,22.52,22.75,9669,0
2017-11-24,20:00:00,22.78,22.78,22.78,22.78,2848,0
2017-11-27,16:00:00,22.72,23.1,22.72,22.95,1635,0
2017-11-27,17:00:00,22.91,22.91,22.39,22.71,5551,0
2017-11-27,18:00:00,22.74,22.77,22.31,22.31,3040,0
2017-11-27,19:00:00,22.29,22.54,22.25,22.53,3422,0
2017-11-27,20:00:00,22.48,22.48,22.15,22.1701,16300,0
2017-11-27,21:00:00,22.17,22.34,22.1,22.24,19558,0
2017-11-27,22:00:00,22.2,22.5,22.1,22.41,39143,0
2017-11-28,16:00:00,22.42,22.42,22.08,22.41,4305,0
2017-11-28,17:00:00,22.41,22.42,22.28,22.36,4307,0
2017-11-28,18:00:00,22.34,22.49,22.34,22.4823,4858,0
2017-11-28,19:00:00,22.53,22.94,22.53,22.71,11099,0
2017-11-28,20:00:00,22.72,23.07,22.72,22.8,29981,0
2017-11-28,21:00:00,22.8001,23.06,22.715,23.05,22059,0
2017-11-28,22:00:00,23.01,23.26,22.99,23.15,21547,0
2017-11-29,16:00:00,23.22,23.32,22.87,22.87,4569,0
2017-11-29,17:00:00,22.8513,23.15,22.8513,23.04,4700,0
2017-11-29,18:00:00,22.96,22.97,22.54,22.61,17437,0
2017-11-29,19:00:00,22.63,22.69,22.47,22.58,5600,0
2017-11-29,20:00:00,22.45,22.57,22.255,22.28,2500,0
2017-11-29,21:00:00,22.3,22.52,22.3,22.52,5800,0
2017-11-29,22:00:00,22.48,22.77,22.43,22.58,39923,0
2017-11-30,16:00:00,22.77,22.77,22.3,22.58,12985,0
2017-11-30,17:00:00,22.58,23.24,22.4964,23.07,7200,0
2017-11-30,18:00:00,23.06,23.25,22.8,22.92,8399,0
2017-11-30,19:00:00,22.94,23.06,22.9,23.035,4411,0
2017-11-30,20:00:00,23.13,23.13,22.89,23,27288,0
2017-11-30,21:00:00,23.03,23.07,22.94,23.04,11860,0
2017-11-30,22:00:00,23.04,23.07,22.8,22.94,24236,0
2017-12-01,16:00:00,22.93,23.87,22.67,22.875,9267,0
2017-12-01,17:00:00,22.86,23.48,22.85,22.8801,11775,0
2017-12-01,18:00:00,22.9599,22.9599,22.49,22.585,21834,0
2017-12-01,19:00:00,22.585,23,22.585,22.9498,6100,0
2017-12-01,20:00:00,22.97,22.99,22.78,22.84,7500,0
2017-12-01,21:00:00,22.78,23.02,22.72,22.91,22231,0
2017-12-01,22:00:00,22.88,23.18,22.88,23.08,24919,0
2017-12-04,16:00:00,23.24,23.54,22.85,23.3,14549,0
2017-12-04,17:00:00,23.48,23.49,22.55,22.75,15569,0
2017-12-04,18:00:00,22.735,22.85,22.67,22.75,9640,0
2017-12-04,19:00:00,22.74,22.78,22.56,22.63,7400,0
2017-12-04,20:00:00,22.65,22.67,22.51,22.535,5400,0
2017-12-04,21:00:00,22.51,22.71,22.38,22.659,13760,0
2017-12-04,22:00:00,22.67,22.84,22.02,22.19,37012,0
2017-12-05,16:00:00,22.15,22.66,21.62,21.66,12132,0
2017-12-05,17:00:00,21.67,21.735,21.03,21.2,30626,0
2017-12-05,18:00:00,21.17,21.52,21.05,21.26,9699,0
2017-12-05,19:00:00,21.215,21.52,21.16,21.23,19318,0
2017-12-05,20:00:00,21.27,21.275,20.8601,20.9,35800,0
2017-12-05,21:00:00,20.925,21.61,20.75,21.14,60618,0
2017-12-05,22:00:00,21.15,21.26,20.93,20.98,26416,0
2017-12-06,16:00:00,20.89,20.94,20.67,20.74,14821,0
2017-12-06,17:00:00,20.68,20.775,20.38,20.61,22318,0
2017-12-06,18:00:00,20.6,20.67,20.35,20.35,7517,0
2017-12-06,19:00:00,20.35,20.36,19.87,19.95,43356,0
2017-12-06,20:00:00,19.98,20.05,19.67,19.69,10319,0
2017-12-06,21:00:00,19.64,19.71,19.37,19.43,15934,0
2017-12-06,22:00:00,19.43,19.68,19.43,19.57,57932,0
2017-12-07,16:00:00,19.65,20.25,19.65,20.14,17308,0
2017-12-07,17:00:00,20.24,20.25,19.88,19.93,21036,0
2017-12-07,18:00:00,19.95,20.04,19.73,19.96,20000,0
2017-12-07,19:00:00,20.015,20.015,19.82,19.905,8300,0
2017-12-07,20:00:00,19.93,19.94,19.72,19.76,12100,0
2017-12-07,21:00:00,19.79,19.88,19.77,19.86,12200,0
2017-12-07,22:00:00,19.83,20,19.76,19.87,39789,0
2017-12-08,16:00:00,19.96,21.59,19.2,19.2,8578,0
2017-12-08,17:00:00,19.29,19.47,18.75,18.83,62725,0
2017-12-08,18:00:00,18.95,19.36,18.86,19.21,16705,0
2017-12-08,19:00:00,19.21,19.26,19.1,19.13,4500,0
2017-12-08,20:00:00,19.18,19.3,19.15,19.2,5508,0
2017-12-08,21:00:00,19.21,19.24,19.12,19.16,4700,0
2017-12-08,22:00:00,19.15,19.23,18.98,18.98,50138,0
2017-12-11,16:00:00,19.03,19.18,18.71,18.82,56711,0
2017-12-11,17:00:00,18.6612,18.855,18.06,18.34,57372,0
2017-12-11,18:00:00,18.355,18.355,17.98,17.99,14890,0
2017-12-11,19:00:00,17.96,18.09,17.81,17.82,13813,0
2017-12-11,20:00:00,17.8,17.81,17.37,17.73,51536,0
2017-12-11,21:00:00,17.72,17.95,17.61,17.918,33020,0
2017-12-11,22:00:00,17.84,17.94,17.78,17.85,51772,0
2017-12-12,16:00:00,17.85,17.85,17.4401,17.54,19531,0
2017-12-12,17:00:00,17.585,18.03,17.52,17.87,117877,0
2017-12-12,18:00:00,17.86,18.3649,17.86,18.12,27702,0
2017-12-12,19:00:00,18.06,18.06,17.8746,17.9,16045,0
2017-12-12,20:00:00,17.895,17.97,17.87,17.96,21450,0
2017-12-12,21:00:00,17.95,17.97,17.88,17.93,16342,0
2017-12-12,22:00:00,17.94,17.97,17.74,17.79,85895,0
2017-12-13,16:00:00,17.88,17.955,17.75,17.89,20869,0
2017-12-13,17:00:00,17.87,17.97,17.74,17.805,39284,0
2017-12-13,18:00:00,17.83,17.86,17.75,17.79,4650,0
2017-12-13,19:00:00,17.79,17.84,17.75,17.78,9277,0
2017-12-13,20:00:00,17.78,17.785,17.699,17.71,21499,0
2017-12-13,21:00:00,17.71,17.84,17.7,17.77,23550,0
2017-12-13,22:00:00,17.75,17.92,17.749,17.81,104769,0
2017-12-14,16:00:00,17.8,17.88,17.75,17.75,15362,0
2017-12-14,17:00:00,17.78,17.81,17.685,17.74,42380,0
2017-12-14,18:00:00,17.74,17.83,17.685,17.8,16860,0
2017-12-14,19:00:00,17.78,17.82,17.75,17.8,20710,0
2017-12-14,20:00:00,17.79,17.88,17.79,17.82,30910,0
2017-12-14,21:00:00,17.83,18.01,17.75,18.01,9506,0
2017-12-14,22:00:00,17.97,17.97,17.75,17.78,71268,0
2017-12-15,16:00:00,17.77,17.86,17.75,17.75,29459,0
2017-12-15,17:00:00,17.81,17.84,17.73,17.75,12969,0
2017-12-15,18:00:00,17.77,17.855,17.59,17.76,65347,0
2017-12-15,19:00:00,17.76,17.84,17.75,17.75,13755,0
2017-12-15,20:00:00,17.7999,17.82,17.75,17.8,15607,0
2017-12-15,21:00:00,17.82,17.82,17.76,17.78,13180,0
2017-12-15,22:00:00,17.8,17.825,17.725,17.79,91336,0
2017-12-18,16:00:00,17.93,18.29,17.84,18.18,11825,0
2017-12-18,17:00:00,18.08,18.12,17.89,17.975,16920,0
2017-12-18,18:00:00,17.96,17.985,17.78,17.875,21300,0
2017-12-18,19:00:00,17.875,18,17.86,17.9,7784,0
2017-12-18,20:00:00,17.93,18,17.89,17.97,8600,0
2017-12-18,21:00:00,17.965,18.02,17.91,17.91,18821,0
2017-12-18,22:00:00,17.87,17.93,17.84,17.87,25536,0
2017-12-19,16:00:00,17.8,17.95,17.75,17.765,39701,0
2017-12-19,17:00:00,17.75,18.175,17.64,18.07,47142,0
2017-12-19,18:00:00,18.05,18.07,17.93,17.93,36237,0
2017-12-19,19:00:00,17.915,18.03,17.85,18.03,24671,0
2017-12-19,20:00:00,18.03,18.11,17.95,18.035,11700,0
2017-12-19,21:00:00,18.02,18.12,18.02,18.1,15000,0
2017-12-19,22:00:00,18.12,18.15,17.98,18.02,52603,0
2017-12-20,16:00:00,18.07,18.07,17.9,17.9659,1890,0
2017-12-20,17:00:00,17.99,17.99,17.75,17.78,24209,0
2017-12-20,18:00:00,17.77,17.79,17.75,17.79,18889,0
2017-12-20,19:00:00,17.7645,17.94,17.76,17.87,17900,0
2017-12-20,20:00:00,17.84,17.92,17.7,17.75,52182,0
2017-12-20,21:00:00,17.76,18.04,17.74,18.03,15706,0
2017-12-20,22:00:00,18.025,18.04,17.79,17.84,38238,0
2017-12-21,16:00:00,17.9,17.9,17.75,17.78,5724,0
2017-12-21,17:00:00,17.77,17.81,17.73,17.74,2793,0
2017-12-21,18:00:00,17.75,18.13,17.725,18,14179,0
2017-12-21,19:00:00,18.02,18.02,17.83,17.89,4100,0
2017-12-21,20:00:00,17.885,17.94,17.82,17.86,5400,0
2017-12-21,21:00:00,17.84,17.92,17.75,17.92,7987,0
2017-12-21,22:00:00,17.93,17.93,17.75,17.76,29522,0
2017-12-22,16:00:00,17.75,17.75,17.545,17.61,3605,0
2017-12-22,17:00:00,17.62,17.7999,17.46,17.7999,41730,0
2017-12-22,18:00:00,17.76,17.88,17.74,17.77,16085,0
2017-12-22,19:00:00,17.755,17.8,17.73,17.79,9125,0
2017-12-22,20:00:00,17.79,17.81,17.75,17.77,6484,0
2017-12-22,21:00:00,17.73,17.77,17.68,17.74,9388,0
2017-12-22,22:00:00,17.73,17.82,17.64,17.81,30469,0
2017-12-26,16:00:00,17.76,17.79,17.55,17.61,7855,0
2017-12-26,17:00:00,17.511,17.64,17.36,17.36,7251,0
2017-12-26,18:00:00,17.31,17.45,17.2,17.45,11471,0
2017-12-26,19:00:00,17.45,17.46,17.31,17.34,6586,0
2017-12-26,20:00:00,17.35,17.44,17.35,17.4,4800,0
2017-12-26,21:00:00,17.4,17.58,17.4,17.58,7248,0
2017-12-26,22:00:00,17.59,17.72,17.5,17.67,28292,0
2017-12-27,16:00:00,17.7,17.7,17.43,17.52,3751,0
2017-12-27,17:00:00,17.565,17.66,17.49,17.59,4700,0
2017-12-27,18:00:00,17.58,17.62,17.52,17.575,5771,0
2017-12-27,19:00:00,17.58,17.63,17.53,17.53,9288,0
2017-12-27,20:00:00,17.51,17.58,17.4,17.545,8648,0
2017-12-27,21:00:00,17.53,17.56,17.42,17.56,6149,0
2017-12-27,22:00:00,17.59,17.71,17.53,17.62,28039,0
2017-12-28,16:00:00,17.63,17.63,17.4695,17.58,2230,0
2017-12-28,17:00:00,17.57,17.62,17.41,17.415,4896,0
2017-12-28,18:00:00,17.39,17.59,17.355,17.565,9547,0
2017-12-28,19:00:00,17.58,17.65,17.54,17.55,3600,0
2017-12-28,20:00:00,17.57,17.6,17.46,17.46,5300,0
2017-12-28,21:00:00,17.46,17.46,17.37,17.37,4850,0
2017-12-28,22:00:00,17.4,17.4,17.31,17.37,26564,0
2017-12-29,16:00:00,17.38,17.41,17.28,17.31,1460,0
2017-12-29,17:00:00,17.205,17.42,17.205,17.38,14350,0
2017-12-29,18:00:00,17.37,17.49,17.35,17.35,15030,0
2017-12-29,19:00:00,17.34,17.37,17.17,17.17,7083,0
2017-12-29,20:00:00,17.1895,17.66,17.185,17.63,73432,0
2017-12-29,21:00:00,17.63,17.65,17.51,17.54,9500,0
2017-12-29,22:00:00,17.52,17.57,17.34,17.37,72509,0
2018-01-02,16:00:00,17.43,17.56,17.1,17.27,9482,0
2018-01-02,17:00:00,17.255,17.35,16,16.005,75961,0
2018-01-02,18:00:00,16.049,16.049,15.43,15.43,42074,0
2018-01-02,19:00:00,15.424,15.81,15.26,15.65,61008,0
2018-01-02,20:00:00,15.68,16.11,15.585,16,62854,0
2018-01-02,21:00:00,15.99,16.02,15.74,16,23029,0
2018-01-02,22:00:00,15.96,16.54,15.955,16.51,127912,0
2018-01-03,16:00:00,16.57,16.57,16.21,16.21,4122,0
2018-01-03,17:00:00,16.24,16.49,15.9801,16.46,26270,0
2018-01-03,18:00:00,16.5,16.61,16.4738,16.57,36727,0
2018-01-03,19:00:00,16.57,16.58,16.48,16.54,41608,0
2018-01-03,20:00:00,16.51,16.59,16.48,16.56,24494,0
2018-01-03,21:00:00,16.48,16.64,16.48,16.52,34280,0
2018-01-03,22:00:00,16.53,16.59,16.5,16.54,87336,0
2018-01-04,16:00:00,16.65,16.78,16.53,16.53,3410,0
2018-01-04,17:00:00,16.49,16.95,16.45,16.8101,76747,0
2018-01-04,18:00:00,16.78,16.78,16.54,16.56,3103,0
2018-01-04,19:00:00,16.55,16.56,16.41,16.45,14005,0
2018-01-04,20:00:00,16.45,16.6,16.45,16.53,7400,0
2018-01-04,21:00:00,16.53,16.71,16.53,16.67,20982,0
2018-01-04,22:00:00,16.66,16.815,16.66,16.73,62852,0
2018-01-05,16:00:00,16.75,16.75,16.59,16.6,1359,0
2018-01-05,17:00:00,16.6,16.73,16.47,16.66,13000,0
2018-01-05,18:00:00,16.71,16.78,16.68,16.75,6500,0
2018-01-05,19:00:00,16.74,16.78,16.59,16.59,6900,0
2018-01-05,20:00:00,16.6,16.94,16.6,16.94,34379,0
2018-01-05,21:00:00,16.92,17.41,16.92,17.21,77290,0
2018-01-05,22:00:00,17.195,17.39,17.17,17.29,41580,0
2018-01-08,16:00:00,17.24,17.3,17.05,17.05,8795,0
2018-01-08,17:00:00,17.05,17.06,16.83,16.94,9937,0
2018-01-08,18:00:00,16.93,17,16.83,16.83,4900,0
2018-01-08,19:00:00,16.8132,16.8132,16.72,16.77,4660,0
2018-01-08,20:00:00,16.77,17.3,16.77,17.3,40403,0
2018-01-08,21:00:00,17.3,17.39,17.2,17.25,10393,0
2018-01-08,22:00:00,17.22,17.28,17.18,17.26,41546,0
2018-01-09,16:00:00,17.27,17.51,17.19,17.27,8210,0
2018-01-09,17:00:00,17.22,17.22,17.1,17.13,2900,0
2018-01-09,18:00:00,17.13,17.17,17,17.02,4500,0
2018-01-09,19:00:00,17.035,17.21,16.96,17.14,11457,0
2018-01-09,20:00:00,17.13,17.36,17.035,17.09,39754,0
2018-01-09,21:00:00,17.09,17.13,16.96,17.01,9456,0
2018-01-09,22:00:00,16.995,17.13,16.92,17.12,43391,0
2018-01-10,16:00:00,17.04,17.06,16.91,16.91,6419,0
2018-01-10,17:00:00,16.84,16.8663,16.72,16.725,10757,0
2018-01-10,18:00:00,16.71,17.04,16.695,17,8800,0
2018-01-10,19:00:00,17.02,17.11,16.98,17.11,79462,0
2018-01-10,20:00:00,17.12,17.13,17.04,17.055,5800,0
2018-01-10,21:00:00,17.06,17.07,16.9101,16.985,9100,0
2018-01-10,22:00:00,16.99,17.08,16.98,17.05,37169,0
2018-01-11,16:00:00,17.03,17.22,17.03,17.22,5049,0
2018-01-11,17:00:00,17.24,17.45,17.2301,17.45,12583,0
2018-01-11,18:00:00,17.5,17.74,17.5,17.6,10081,0
2018-01-11,19:00:00,17.58,17.78,17.55,17.74,8427,0
2018-01-11,20:00:00,17.74,17.74,17.52,17.58,7856,0
2018-01-11,21:00:00,17.57,17.7,17.5,17.65,13402,0
2018-01-11,22:00:00,17.66,17.85,17.59,17.66,45477,0
2018-01-12,16:00:00,17.63,17.63,17.22,17.22,6177,0
2018-01-12,17:00:00,17.26,17.43,17.18,17.4,12641,0
2018-01-12,18:00:00,17.4,17.56,17.35,17.35,7300,0
2018-01-12,19:00:00,17.36,17.42,17.3,17.35,11700,0
2018-01-12,20:00:00,17.35,17.39,17.28,17.35,15588,0
2018-01-12,21:00:00,17.36,17.49,17.23,17.28,12900,0
2018-01-12,22:00:00,17.32,17.58,17.31,17.56,53584,0
2018-01-16,16:00:00,17.6,17.74,17.52,17.61,4539,0
2018-01-16,17:00:00,17.66,17.75,17.49,17.6,12669,0
2018-01-16,18:00:00,17.6,17.66,17.51,17.55,9300,0
2018-01-16,19:00:00,17.51,17.54,17.36,17.51,14605,0
2018-01-16,20:00:00,17.45,17.53,17.44,17.475,11489,0
2018-01-16,21:00:00,17.5,17.56,17.43,17.52,46500,0
2018-01-16,22:00:00,17.5,17.54,17.46,17.515,41711,0
2018-01-17,16:00:00,17.01,19.19,16.64,18.82,107234,0
2018-01-17,17:00:00,18.6101,19.17,18.14,19,149894,0
2018-01-17,18:00:00,19,19.03,18.335,18.41,53857,0
2018-01-17,19:00:00,18.45,18.61,18.37,18.4,17150,0
2018-01-17,20:00:00,18.38,18.5,18.3,18.5,13447,0
2018-01-17,21:00:00,18.47,18.66,18.36,18.66,16162,0
2018-01-17,22:00:00,18.66,18.82,18.5,18.53,70158,0
2018-01-18,16:00:00,18.55,18.64,18.39,18.5,32769,0
2018-01-18,17:00:00,18.48,18.58,18.28,18.52,11627,0
2018-01-18,18:00:00,18.56,18.63,18.5,18.51,5580,0
2018-01-18,19:00:00,18.54,18.55,18.5,18.5,6640,0
2018-01-18,20:00:00,18.5075,18.54,18.5,18.51,2700,0
2018-01-18,21:00:00,18.5,18.55,18.49,18.53,8756,0
2018-01-18,22:00:00,18.51,18.55,18.36,18.42,34784,0
2018-01-19,16:00:00,18.44,18.8,18.44,18.6,6615,0
2018-01-19,17:00:00,18.652,18.73,18.56,18.64,5357,0
2018-01-19,18:00:00,18.67,18.85,18.63,18.76,7090,0
2018-01-19,19:00:00,18.77,18.84,18.75,18.8,18729,0
2018-01-19,20:00:00,18.765,18.815,18.765,18.77,1300,0
2018-01-19,21:00:00,18.78,18.78,18.61,18.7,4200,0
2018-01-19,22:00:00,18.65,18.68,18.58,18.67,55740,0
2018-01-22,16:00:00,18.67,18.88,18.6,18.66,3341,0
2018-01-22,17:00:00,18.615,18.7,18.58,18.68,6765,0
2018-01-22,18:00:00,18.68,18.81,18.68,18.77,12796,0
2018-01-22,19:00:00,18.79,18.91,18.75,18.75,6312,0
2018-01-22,20:00:00,18.75,18.81,18.74,18.75,5500,0
2018-01-22,21:00:00,18.75,18.92,18.75,18.92,14266,0
2018-01-22,22:00:00,18.92,19.03,18.79,18.99,46736,0
2018-01-23,16:00:00,19,19.389,19,19.03,15583,0
2018-01-23,17:00:00,19.02,19.12,18.85,19.04,15041,0
2018-01-23,18:00:00,19.04,19.08,18.97,19.03,12150,0
2018-01-23,19:00:00,19.06,19.08,18.97,19.01,12200,0
2018-01-23,20:00:00,19.05,19.11,18.97,19,14717,0
2018-01-23,21:00:00,19,19.1,18.98,19.06,16700,0
2018-01-23,22:00:00,19.075,19.075,18.87,18.94,26945,0
2018-01-24,16:00:00,18.99,19.02,18.82,18.95,3347,0
2018-01-24,17:00:00,18.98,19.01,18.78,18.93,30074,0
2018-01-24,18:00:00,18.93,19,18.72,18.79,60495,0
2018-01-24,19:00:00,18.78,18.92,18.75,18.92,7000,0
2018-01-24,20:00:00,18.9,18.92,18.77,18.88,8000,0
2018-01-24,21:00:00,18.89,18.92,18.74,18.79,8100,0
2018-01-24,22:00:00,18.78,18.79,18.69,18.69,25462,0
2018-01-25,16:00:00,18.81,18.81,18.5,18.62,4872,0
2018-01-25,17:00:00,18.68,18.91,18.62,18.87,14383,0
2018-01-25,18:00:00,18.82,18.93,18.75,18.93,5400,0
2018-01-25,19:00:00,18.96,18.97,18.77,18.9,12187,0
2018-01-25,20:00:00,18.925,19.12,18.88,19.12,27300,0
2018-01-25,21:00:00,19.08,19.16,18.85,19.1,34039,0
2018-01-25,22:00:00,19.09,19.28,19.06,19.2,31009,0
2018-01-26,16:00:00,19.27,19.4,19.1747,19.3,1722,0
2018-01-26,17:00:00,19.35,19.35,19.07,19.07,21462,0
2018-01-26,18:00:00,19.12,19.2,19.09,19.15,4650,0
2018-01-26,19:00:00,19.14,19.14,19.09,19.14,3300,0
2018-01-26,20:00:00,19.13,19.2199,19.13,19.18,4700,0
2018-01-26,21:00:00,19.2,19.21,19.14,19.2,6500,0
2018-01-26,22:00:00,19.2,19.22,19.16,19.16,29061,0
2018-01-29,16:00:00,19.11,19.3,18.55,18.55,24559,0
2018-01-29,17:00:00,18.55,18.86,18.46,18.63,14620,0
2018-01-29,18:00:00,18.625,18.7,18.57,18.66,11510,0
2018-01-29,19:00:00,18.66,18.76,18.6,18.72,9500,0
2018-01-29,20:00:00,18.69,18.7,18.59,18.67,10801,0
2018-01-29,21:00:00,18.67,18.71,18.605,18.705,14500,0
2018-01-29,22:00:00,18.705,18.83,18.68,18.8,24362,0
2018-01-30,16:00:00,18.61,18.68,18.24,18.42,8855,0
2018-01-30,17:00:00,18.39,18.39,18.01,18.07,23740,0
2018-01-30,18:00:00,18.04,18.05,17.86,17.96,5694,0
2018-01-30,19:00:00,17.994,18.02,17.78,17.79,3300,0
2018-01-30,20:00:00,17.8,17.86,17.637,17.83,9291,0
2018-01-30,21:00:00,17.85,17.91,17.77,17.89,6335,0
2018-01-30,22:00:00,17.92,17.98,17.87,17.87,29455,0
2018-01-31,16:00:00,17.92,18.34,17.64,17.76,6802,0
2018-01-31,17:00:00,17.75,17.75,17.57,17.72,13200,0
2018-01-31,18:00:00,17.69,17.75,17.65,17.68,5303,0
2018-01-31,19:00:00,17.61,17.63,17.531,17.61,16952,0
2018-01-31,20:00:00,17.63,17.74,17.53,17.6,9249,0
2018-01-31,21:00:00,17.61,17.7,17.46,17.5,13613,0
2018-01-31,22:00:00,17.48,17.66,17.455,17.52,49773,0
2018-02-01,16:00:00,17.48,17.48,17.12,17.13,10601,0
2018-02-01,17:00:00,17.2,17.2,17.05,17.15,6723,0
2018-02-01,18:00:00,17.12,17.16,17,17.08,12117,0
2018-02-01,19:00:00,17.08,17.12,16.93,16.93,22070,0
2018-02-01,20:00:00,16.96,16.99,16.85,16.91,11661,0
2018-02-01,21:00:00,16.92,16.92,16.62,16.63,11057,0
2018-02-01,22:00:00,16.66,16.74,16.46,16.61,34904,0
2018-02-02,16:00:00,16.43,16.66,16.04,16.19,11540,0
2018-02-02,17:00:00,16.22,16.43,16.115,16.23,20917,0
2018-02-02,18:00:00,16.28,16.31,16.04,16.18,50202,0
2018-02-02,19:00:00,16.19,16.36,16.19,16.35,8000,0
2018-02-02,20:00:00,16.36,16.41,16.31,16.33,6135,0
2018-02-02,21:00:00,16.28,16.28,16.13,16.16,6400,0
2018-02-02,22:00:00,16.1,16.22,16.07,16.16,38694,0
2018-02-05,16:00:00,16.03,17.03,16.03,16.56,11753,0
2018-02-05,17:00:00,16.545,16.785,16.545,16.74,23756,0
2018-02-05,18:00:00,16.75,16.78,16.605,16.61,19650,0
2018-02-05,19:00:00,16.6,16.61,16.49,16.54,8800,0
2018-02-05,20:00:00,16.54,16.58,16.41,16.52,19848,0
2018-02-05,21:00:00,16.565,16.57,16.32,16.42,10898,0
2018-02-05,22:00:00,16.36,16.43,16.16,16.21,28645,0
2018-02-06,16:00:00,15.45,16.2,15.28,15.91,7900,0
2018-02-06,17:00:00,15.915,16.21,15.83,15.88,54445,0
2018-02-06,18:00:00,15.88,16.04,15.79,15.99,29649,0
2018-02-06,19:00:00,15.99,16.19,15.96,15.97,9410,0
2018-02-06,20:00:00,15.96,15.98,15.79,15.83,14358,0
2018-02-06,21:00:00,15.86,16.07,15.81,16.01,17780,0
2018-02-06,22:00:00,16.02,16.16,15.96,16.05,38854,0
2018-02-07,16:00:00,16,16,15.73,15.9,3621,0
2018-02-07,17:00:00,15.83,16.2,15.735,16.15,13500,0
2018-02-07,18:00:00,16.15,16.16,15.96,15.98,4000,0
2018-02-07,19:00:00,16.01,16.05,15.98,16.02,11900,0
2018-02-07,20:00:00,15.98,15.99,15.87,15.92,4900,0
2018-02-07,21:00:00,15.94,16.045,15.84,15.95,6700,0
2018-02-07,22:00:00,15.97,16.05,15.91,15.96,31367,0
2018-02-08,16:00:00,15.94,16.115,15.605,15.605,5311,0
2018-02-08,17:00:00,15.61,15.78,15.58,15.77,8800,0
2018-02-08,18:00:00,15.77,15.87,15.645,15.86,8350,0
2018-02-08,19:00:00,15.82,15.86,15.7,15.8,16600,0
2018-02-08,20:00:00,15.74,15.97,15.72,15.89,25700,0
2018-02-08,21:00:00,15.89,15.9,15.76,15.86,29528,0
2018-02-08,22:00:00,15.845,15.97,15.74,15.75,104312,0
2018-02-09,16:00:00,15.89,15.9,15.7,15.84,3792,0
2018-02-09,17:00:00,15.79,15.99,15.75,15.85,13449,0
2018-02-09,18:00:00,15.85,15.87,15.69,15.71,12080,0
2018-02-09,19:00:00,15.69,15.71,15.54,15.67,6400,0
2018-02-09,20:00:00,15.66,15.83,15.61,15.8,12335,0
2018-02-09,21:00:00,15.8,15.96,15.76,15.87,57696,0
2018-02-09,22:00:00,15.83,15.99,15.77,15.92,48125,0
2018-02-12,16:00:00,15.97,16.21,15.91,15.99,9842,0
2018-02-12,17:00:00,16.03,16.12,15.97,16.07,12300,0
2018-02-12,18:00:00,16.01,16.17,16,16.17,5309,0
2018-02-12,19:00:00,16.14,16.35,16.14,16.19,10090,0
2018-02-12,20:00:00,16.23,16.26,16.145,16.23,5060,0
2018-02-12,21:00:00,16.25,16.265,16.08,16.08,5233,0
2018-02-12,22:00:00,16.1,16.11,15.98,16.01,19715,0
2018-02-13,16:00:00,15.94,15.94,15.81,15.83,4602,0
2018-02-13,17:00:00,15.83,15.89,15.8,15.865,8100,0
2018-02-13,18:00:00,15.79,15.88,15.78,15.88,7732,0
2018-02-13,19:00:00,15.87,15.99,15.82,15.98,7200,0
2018-02-13,20:00:00,16.02,16.08,15.94,15.94,5500,0
2018-02-13,21:00:00,15.96,16.14,15.96,16.13,5500,0
2018-02-13,22:00:00,16.12,16.18,16.06,16.07,16517,0
2018-02-14,16:00:00,15.97,16.14,15.97,16.14,1731,0
2018-02-14,17:00:00,16.14,16.57,16.14,16.29,15900,0
2018-02-14,18:00:00,16.28,16.3,16.21,16.3,1900,0
2018-02-14,19:00:00,16.31,16.46,16.31,16.4,3900,0
2018-02-14,20:00:00,16.39,16.47,16.33,16.4,3700,0
2018-02-14,21:00:00,16.41,16.53,16.37,16.44,5000,0
2018-02-14,22:00:00,16.46,16.52,16.36,16.47,15825,0
2018-02-15,16:00:00,16.36,16.48,16.31,16.43,1660,0
2018-02-15,17:00:00,16.46,16.54,16.33,16.33,6121,0
2018-02-15,18:00:00,16.34,16.39,16.33,16.38,1500,0
2018-02-15,19:00:00,16.4,16.45,16.37,16.43,1195,0
2018-02-15,20:00:00,16.45,16.49,16.44,16.48,3200,0
2018-02-15,21:00:00,16.47,16.59,16.47,16.55,2600,0
2018-02-15,22:00:00,16.51,16.52,16.41,16.47,9724,0
2018-02-16,16:00:00,16.39,16.54,16.35,16.455,9392,0
2018-02-16,17:00:00,16.44,16.45,16.17,16.335,13189,0
2018-02-16,18:00:00,16.34,16.34,16.115,16.16,8100,0
2018-02-16,19:00:00,16.14,16.19,16.07,16.1,10965,0
2018-02-16,20:00:00,16.1,16.23,16.02,16.23,7647,0
2018-02-16,21:00:00,16.23,16.255,16.1,16.18,7507,0
2018-02-16,22:00:00,16.2,16.34,16.2,16.27,22511,0
2018-02-20,16:00:00,16.23,16.44,16.23,16.44,6737,0
2018-02-20,17:00:00,16.48,16.63,16.33,16.33,9028,0
2018-02-20,18:00:00,16.25,16.52,16.24,16.52,7600,0
2018-02-20,19:00:00,16.605,16.8,16.6,16.72,10289,0
2018-02-20,20:00:00,16.735,16.76,16.61,16.73,5400,0
2018-02-20,21:00:00,16.74,16.82,16.6,16.66,8923,0
2018-02-20,22:00:00,16.66,16.76,16.44,16.55,22107,0
2018-02-21,16:00:00,16.59,16.905,16.52,16.8033,3467,0
2018-02-21,17:00:00,16.71,17.06,16.6,16.955,9354,0
2018-02-21,18:00:00,16.911,16.97,16.61,16.67,9925,0
2018-02-21,19:00:00,16.6,16.715,16.6,16.66,2600,0
2018-02-21,20:00:00,16.68,16.75,16.6,16.725,6475,0
2018-02-21,21:00:00,16.72,16.82,16.58,16.65,5800,0
2018-02-21,22:00:00,16.61,16.61,16.45,16.48,16403,0
2018-02-22,16:00:00,16.51,16.87,16.48,16.85,7128,0
2018-02-22,17:00:00,16.94,17.035,16.59,16.63,7556,0
2018-02-22,18:00:00,16.67,16.74,16.62,16.73,7251,0
2018-02-22,19:00:00,16.71,16.73,16.47,16.65,6800,0
2018-02-22,20:00:00,16.665,16.69,16.51,16.62,3700,0
2018-02-22,21:00:00,16.6,16.7,16.46,16.46,4500,0
2018-02-22,22:00:00,16.49,16.6,16.47,16.51,13244,0
2018-02-23,16:00:00,16.5,16.66,16.5,16.62,4200,0
2018-02-23,17:00:00,16.4801,16.4901,16.14,16.215,6399,0
2018-02-23,18:00:00,16.12,16.16,15.995,16.16,6000,0
2018-02-23,19:00:00,16.17,16.26,16.1,16.19,3700,0
2018-02-23,20:00:00,16.21,16.25,16.125,16.125,4400,0
2018-02-23,21:00:00,16.14,16.23,16.12,16.15,4900,0
2018-02-23,22:00:00,16.13,16.46,16.13,16.44,26011,0
2018-02-26,16:00:00,16.45,16.67,16.45,16.49,3117,0
2018-02-26,17:00:00,16.61,16.66,16.48,16.65,3880,0
2018-02-26,18:00:00,16.67,16.73,16.49,16.52,4611,0
2018-02-26,19:00:00,16.5,16.65,16.48,16.48,5600,0
2018-02-26,20:00:00,16.48,16.59,16.44,16.56,7900,0
2018-02-26,21:00:00,16.59,16.59,16.4,16.42,8514,0
2018-02-26,22:00:00,16.39,16.56,16.39,16.49,19861,0
2018-02-27,16:00:00,16.48,16.736,16.48,16.736,5865,0
2018-02-27,17:00:00,16.63,16.71,16.55,16.59,2300,0
2018-02-27,18:00:00,16.61,16.8,16.61,16.65,7738,0
2018-02-27,19:00:00,16.59,16.69,16.5125,16.69,2100,0
2018-02-27,20:00:00,16.7,16.7,16.6,16.63,1300,0
2018-02-27,21:00:00,16.59,16.72,16.52,16.71,2800,0
2018-02-27,22:00:00,16.72,16.81,16.67,16.74,20775,0
2018-02-28,16:00:00,16.83,16.92,16.75,16.75,1269,0
2018-02-28,17:00:00,16.59,16.76,16.44,16.46,113851,0
2018-02-28,18:00:00,16.43,16.52,16.43,16.45,800,0
2018-02-28,19:00:00,16.48,16.68,16.48,16.68,2696,0
2018-02-28,20:00:00,16.67,16.69,16.43,16.49,8285,0
2018-02-28,21:00:00,16.47,16.61,16.36,16.41,4900,0
2018-02-28,22:00:00,16.33,16.43,16.28,16.29,31828,0
2018-03-01,16:00:00,16.24,16.48,15.49,16.47,3710,0
2018-03-01,17:00:00,16.4075,16.6,16.14,16.14,3242,0
2018-03-01,18:00:00,16.12,16.45,16.09,16.45,15800,0
2018-03-01,19:00:00,16.47,16.54,16.28,16.305,3962,0
2018-03-01,20:00:00,16.32,16.32,16.183,16.24,11526,0
2018-03-01,21:00:00,16.23,16.26,16.11,16.2,34850,0
2018-03-01,22:00:00,16.21,16.37,16.12,16.27,50684,0
2018-03-02,16:00:00,15.4,15.4,13.8,14.79,167664,0
2018-03-02,17:00:00,14.81,14.95,14.255,14.94,92119,0
2018-03-02,18:00:00,15.03,15.685,15.03,15.19,63500,0
2018-03-02,19:00:00,15.26,15.27,14.65,14.74,31139,0
2018-03-02,20:00:00,14.6683,14.78,14.1701,14.34,40005,0
2018-03-02,21:00:00,14.36,14.45,13.8,13.88,155083,0
2018-03-02,22:00:00,13.87,13.96,13.61,13.65,271128,0
2018-03-05,16:00:00,13.79,14.04,13.71,13.75,19175,0
2018-03-05,17:00:00,13.79,14.19,13.77,14.09,67356,0
2018-03-05,18:00:00,14.09,14.14,14.05,14.05,49352,0
2018-03-05,19:00:00,14.07,14.07,14.01,14.01,13150,0
2018-03-05,20:00:00,14,14.08,13.95,14.08,19110,0
2018-03-05,21:00:00,14.1,14.64,14.1,14.465,37072,0
2018-03-05,22:00:00,14.475,14.82,14.47,14.51,64466,0
2018-03-06,16:00:00,14.64,14.715,14.25,14.34,18698,0
2018-03-06,17:00:00,14.34,14.5199,14.15,14.5,42966,0
2018-03-06,18:00:00,14.5,15.18,14.5,15.18,21664,0
2018-03-06,19:00:00,15.16,15.16,15,15.08,19852,0
2018-03-06,20:00:00,15.1,15.16,15.03,15.05,18633,0
2018-03-06,21:00:00,15.03,15.36,14.98,15.25,52949,0
2018-03-06,22:00:00,15.24,15.67,15.17,15.63,85069,0
2018-03-07,16:00:00,15.53,15.665,15.26,15.41,11494,0
2018-03-07,17:00:00,15.43,15.98,15.38,15.97,29172,0
2018-03-07,18:00:00,15.99,16.06,15.89,15.89,27700,0
2018-03-07,19:00:00,15.89,16.05,15.74,16.03,28341,0
2018-03-07,20:00:00,16.03,16.1,15.98,16,29461,0
2018-03-07,21:00:00,15.98,16,15.8,16,11836,0
2018-03-07,22:00:00,16.02,16.15,16,16.11,60943,0
2018-03-08,16:00:00,16.18,16.22,16.045,16.06,16657,0
2018-03-08,17:00:00,16.05,16.05,15.685,15.89,28696,0
2018-03-08,18:00:00,15.9,15.9,15.7,15.73,9500,0
2018-03-08,19:00:00,15.745,15.79,15.73,15.775,8600,0
2018-03-08,20:00:00,15.75,15.84,15.73,15.75,7550,0
2018-03-08,21:00:00,15.76,15.79,15.64,15.68,9400,0
2018-03-08,22:00:00,15.701,15.735,15.5788,15.71,28597,0
2018-03-09,16:00:00,15.75,16.01,15.59,15.84,12220,0
2018-03-09,17:00:00,15.8,15.885,15.76,15.79,4900,0
2018-03-09,18:00:00,15.8,15.85,15.75,15.8,5200,0
2018-03-09,19:00:00,15.8,15.86,15.78,15.81,6011,0
2018-03-09,20:00:00,15.81,15.86,15.77,15.86,8900,0
2018-03-09,21:00:00,15.89,15.95,15.795,15.9,10400,0
2018-03-09,22:00:00,15.9,16.12,15.85,16.12,52742,0
2018-03-12,15:00:00,16.13,16.16,16.09,16.12,1388,0
2018-03-12,16:00:00,16.12,16.18,15.93,15.99,4895,0
2018-03-12,17:00:00,15.965,15.965,15.77,15.9,12851,0
2018-03-12,18:00:00,15.85,15.98,15.83,15.98,11295,0
2018-03-12,19:00:00,15.931,16,15.85,15.86,8800,0
2018-03-12,20:00:00,15.86,15.87,15.661,15.7,10468,0
2018-03-12,21:00:00,15.695,15.79,15.671,15.73,25735,0
2018-03-13,15:00:00,15.78,15.92,15.63,15.92,2273,0
2018-03-13,16:00:00,15.9,15.97,15.68,15.68,5299,0
2018-03-13,17:00:00,15.7,15.73,15.65,15.67,6100,0
2018-03-13,18:00:00,15.67,15.67,15.56,15.66,3700,0
2018-03-13,19:00:00,15.65,15.66,15.47,15.645,9950,0
2018-03-13,20:00:00,15.65,15.86,15.61,15.81,19820,0
2018-03-13,21:00:00,15.81,16.0036,15.81,15.96,67281,0
2018-03-14,15:00:00,16.04,16.04,15.755,16.03,13172,0
2018-03-14,16:00:00,16.06,16.19,16.06,16.14,9242,0
2018-03-14,17:00:00,16.12,16.13,15.87,16,9100,0
2018-03-14,18:00:00,16.01,16.04,15.92,15.96,8154,0
2018-03-14,19:00:00,15.92,16.12,15.92,16.11,8410,0
2018-03-14,20:00:00,16.08,16.12,15.98,16.11,11900,0
2018-03-14,21:00:00,16.1,16.12,15.88,15.95,56744,0
2018-03-15,15:00:00,16.03,16.03,16.03,16.03,227,0
2018-03-15,16:00:00,15.76,15.81,15.665,15.7,12250,0
2018-03-15,17:00:00,15.66,15.93,15.66,15.85,7986,0
2018-03-15,18:00:00,15.85,15.85,15.69,15.69,3229,0
2018-03-15,19:00:00,15.7,15.73,15.58,15.6,6320,0
2018-03-15,20:00:00,15.59,15.61,15.46,15.49,7581,0
2018-03-15,21:00:00,15.46,15.59,15.4,15.47,48082,0
2018-03-16,15:00:00,15.47,15.47,15.3,15.3,23214,0
2018-03-16,16:00:00,15.25,15.43,15.24,15.3,10466,0
2018-03-16,17:00:00,15.28,15.32,15.17,15.27,9881,0
2018-03-16,18:00:00,15.26,15.31,15.25,15.26,6400,0
2018-03-16,19:00:00,15.265,15.28,15.16,15.22,9152,0
2018-03-16,20:00:00,15.22,15.3,15.22,15.23,10280,0
2018-03-16,21:00:00,15.25,15.42,15.25,15.4,91829,0
2018-03-19,15:00:00,15.42,15.54,15.15,15.23,3504,0
2018-03-19,16:00:00,15.249,15.37,15.249,15.26,6290,0
2018-03-19,17:00:00,15.28,15.29,15.2,15.21,10747,0
2018-03-19,18:00:00,15.19,15.21,15.09,15.09,6500,0
2018-03-19,19:00:00,15.08,15.16,14.98,15.15,7524,0
2018-03-19,20:00:00,15.19,15.27,15.19,15.22,7410,0
2018-03-19,21:00:00,15.25,15.36,15.23,15.32,37315,0
2018-03-20,15:00:00,15.34,15.45,15.22,15.38,2832,0
2018-03-20,16:00:00,15.29,15.29,15.03,15.12,16200,0
2018-03-20,17:00:00,15.125,15.14,14.87,14.87,12994,0
2018-03-20,18:00:00,14.88,14.96,14.85,14.9,6831,0
2018-03-20,19:00:00,14.94,15,14.88,14.89,6782,0
2018-03-20,20:00:00,14.9,14.97,14.88,14.92,6412,0
2018-03-20,21:00:00,14.91,14.94,14.86,14.9,53196,0
2018-03-21,15:00:00,14.89,14.89,14.74,14.83,2607,0
2018-03-21,16:00:00,14.86,15.07,14.86,14.99,3200,0
2018-03-21,17:00:00,15,15.14,14.98,15.1,5100,0
2018-03-21,18:00:00,15.12,15.13,14.96,14.96,2100,0
2018-03-21,19:00:00,14.97,15.1,14.96,15.1,4400,0
2018-03-21,20:00:00,15.1,15.16,14.98,15.01,7312,0
2018-03-21,21:00:00,15.02,15.06,14.97,14.97,14542,0
2018-03-22,15:00:00,14.83,15,14.83,14.92,7539,0
2018-03-22,16:00:00,15,15.078,14.96,15.02,14384,0
2018-03-22,17:00:00,15.06,15.25,15.06,15.17,6300,0
2018-03-22,18:00:00,15.14,15.22,15.12,15.22,2100,0
2018-03-22,19:00:00,15.16,15.285,15.15,15.26,3800,0
2018-03-22,20:00:00,15.21,15.21,14.95,14.96,12920,0
2018-03-22,21:00:00,14.99,15.03,14.87,14.9,34917,0
2018-03-23,15:00:00,14.9,14.9,14.7,14.7,1838,0
2018-03-23,16:00:00,14.69,14.77,14.6301,14.74,4974,0
2018-03-23,17:00:00,14.76,14.76,14.54,14.54,3780,0
2018-03-23,18:00:00,14.56,14.63,14.53,14.55,4300,0
2018-03-23,19:00:00,14.53,14.7,14.53,14.65,2700,0
2018-03-23,20:00:00,14.66,14.66,14.35,14.365,26646,0
2018-03-23,21:00:00,14.35,14.44,14.33,14.37,48487,0
2018-03-26,16:00:00,14.54,14.76,14.47,14.5,3048,0
2018-03-26,17:00:00,14.54,14.66,14.45,14.51,4234,0
2018-03-26,18:00:00,14.505,14.525,14.4,14.5,5100,0
2018-03-26,19:00:00,14.535,14.535,14.38,14.44,5478,0
2018-03-26,20:00:00,14.43,14.48,14.34,14.48,5500,0
2018-03-26,21:00:00,14.5,14.6,14.39,14.54,24680,0
2018-03-26,22:00:00,14.52,14.77,14.52,14.59,30851,0
2018-03-27,16:00:00,14.65,15.18,14.62,14.66,2472,0
2018-03-27,17:00:00,14.69,14.7,14.45,14.45,5815,0
2018-03-27,18:00:00,14.39,14.46,14.35,14.42,2701,0
2018-03-27,19:00:00,14.47,14.47,14.37,14.46,6482,0
2018-03-27,20:00:00,14.45,14.53,14.45,14.46,2200,0
2018-03-27,21:00:00,14.46,14.46,14.34,14.4,13500,0
2018-03-27,22:00:00,14.37,14.41,14.27,14.3,18570,0
2018-03-28,16:00:00,14.3,14.54,14.3,14.35,972,0
2018-03-28,17:00:00,14.38,14.48,14.3,14.48,5500,0
2018-03-28,18:00:00,14.48,14.57,14.45,14.47,11600,0
2018-03-28,19:00:00,14.48,14.54,14.45,14.45,2900,0
2018-03-28,20:00:00,14.4,14.51,14.4,14.51,4975,0
2018-03-28,21:00:00,14.53,14.59,14.48,14.52,3600,0
2018-03-28,22:00:00,14.55,14.55,14.44,14.46,23268,0
2018-03-29,16:00:00,14.52,14.97,14.26,14.26,21386,0
2018-03-29,17:00:00,14.2,14.39,14.2,14.37,10400,0
2018-03-29,18:00:00,14.35,14.36,14.28,14.34,7600,0
2018-03-29,19:00:00,14.33,14.47,14.33,14.47,3100,0
2018-03-29,20:00:00,14.45,14.47,14.34,14.46,5300,0
2018-03-29,21:00:00,14.44,14.52,14.37,14.42,3500,0
2018-03-29,22:00:00,14.41,14.47,14.29,14.29,20620,0
