Date,Time,Open,High,Low,Close,Volume,OpenInt
2017-09-05,16:00:00,14.72,14.75,14.018,14.122,63685,0
2017-09-05,17:00:00,14.149,14.255,13.592,13.602,30648,0
2017-09-05,18:00:00,13.602,13.671,13.117,13.117,21620,0
2017-09-05,19:00:00,13.117,13.117,12.691,12.751,10666,0
2017-09-05,20:00:00,12.769,12.879,12.731,12.807,18283,0
2017-09-05,21:00:00,12.79,12.8,12.671,12.671,27567,0
2017-09-05,22:00:00,12.671,12.751,12.612,12.691,63866,0
2017-09-06,16:00:00,12.691,12.871,12.418,12.77,32065,0
2017-09-06,17:00:00,12.819,12.919,12.495,12.495,39989,0
2017-09-06,18:00:00,12.503,12.721,12.423,12.641,17208,0
2017-09-06,19:00:00,12.671,12.84,12.666,12.691,18998,0
2017-09-06,20:00:00,12.721,12.819,12.701,12.721,21144,0
2017-09-06,21:00:00,12.696,12.771,12.404,12.523,32672,0
2017-09-06,22:00:00,12.523,12.523,12.385,12.395,45934,0
2017-09-07,16:00:00,12.395,12.423,11.533,11.533,38674,0
2017-09-07,17:00:00,11.523,12.023,11.493,11.973,54516,0
2017-09-07,18:00:00,11.969,11.969,11.543,11.641,42244,0
2017-09-07,19:00:00,11.633,11.681,11.395,11.434,27141,0
2017-09-07,20:00:00,11.424,11.424,11.285,11.32,13054,0
2017-09-07,21:00:00,11.295,11.295,10.84,10.869,39623,0
2017-09-07,22:00:00,10.88,10.88,10.365,10.444,114163,0
2017-09-08,16:00:00,10.048,10.088,9.682,9.849,90125,0
2017-09-08,17:00:00,9.849,9.984,9.82,9.972,80995,0
2017-09-08,18:00:00,9.979,11.067,9.979,10.989,108005,0
2017-09-08,19:00:00,10.939,11.583,10.771,11.395,77853,0
2017-09-08,20:00:00,11.385,11.443,11.375,11.409,44038,0
2017-09-08,21:00:00,11.387,11.841,11.387,11.681,31457,0
2017-09-08,22:00:00,11.671,11.939,11.533,11.929,75446,0
2017-09-11,16:00:00,13.81,14.463,13.364,13.424,104530,0
2017-09-11,17:00:00,13.424,13.839,13.364,13.681,71261,0
2017-09-11,18:00:00,13.641,13.701,13.364,13.463,63232,0
2017-09-11,19:00:00,13.463,13.549,13.374,13.443,24974,0
2017-09-11,20:00:00,13.394,13.443,13.364,13.424,44576,0
2017-09-11,21:00:00,13.404,13.463,13.364,13.374,22045,0
2017-09-11,22:00:00,13.364,13.473,13.364,13.404,49281,0
2017-09-12,16:00:00,13.364,13.414,12.681,12.934,24025,0
2017-09-12,17:00:00,12.969,12.988,12.721,12.8,20382,0
2017-09-12,18:00:00,12.829,12.869,12.677,12.869,34466,0
2017-09-12,19:00:00,12.829,12.859,12.612,12.612,7149,0
2017-09-12,20:00:00,12.6,12.721,12.6,12.696,5799,0
2017-09-12,21:00:00,12.671,12.889,12.641,12.869,16358,0
2017-09-12,22:00:00,12.869,12.889,12.771,12.819,47120,0
2017-09-13,16:00:00,12.721,12.81,12.296,12.741,5884,0
2017-09-13,17:00:00,12.771,13.166,12.771,13.166,6785,0
2017-09-13,18:00:00,13.192,13.414,13.166,13.374,20954,0
2017-09-13,19:00:00,13.364,13.592,13.285,13.592,17599,0
2017-09-13,20:00:00,13.622,13.765,13.539,13.76,17728,0
2017-09-13,21:00:00,13.765,14.047,13.681,13.958,52367,0
2017-09-13,22:00:00,13.988,13.988,13.854,13.879,38029,0
2017-09-14,16:00:00,13.829,13.929,13.81,13.859,11292,0
2017-09-14,17:00:00,13.75,13.859,13.523,13.523,14338,0
2017-09-14,18:00:00,13.483,13.493,13.404,13.463,6768,0
2017-09-14,19:00:00,13.443,13.463,13.325,13.374,4545,0
2017-09-14,20:00:00,13.345,13.572,13.325,13.572,4248,0
2017-09-14,21:00:00,13.572,13.572,13.483,13.498,3031,0
2017-09-14,22:00:00,13.523,13.76,13.493,13.671,22953,0
2017-09-15,16:00:00,13.671,13.701,12.929,13.612,22794,0
2017-09-15,17:00:00,13.58,13.839,13.58,13.829,6384,0
2017-09-15,18:00:00,13.826,14.008,13.811,13.82,29838,0
2017-09-15,19:00:00,13.829,13.889,13.74,13.889,12324,0
2017-09-15,20:00:00,13.841,13.938,13.81,13.839,8455,0
2017-09-15,21:00:00,13.879,13.978,13.81,13.978,9000,0
2017-09-15,22:00:00,13.955,14.255,13.859,14.226,125372,0
2017-09-18,16:00:00,14.146,14.146,13.859,14.012,11417,0
2017-09-18,17:00:00,14.057,14.057,13.856,14.008,7323,0
2017-09-18,18:00:00,14.057,14.146,13.938,14.117,10068,0
2017-09-18,19:00:00,14.126,14.216,14.126,14.186,3435,0
2017-09-18,20:00:00,14.186,14.196,14.097,14.122,4569,0
2017-09-18,21:00:00,14.117,14.136,14.037,14.047,3839,0
2017-09-18,22:00:00,14.087,14.087,13.938,13.958,20865,0
2017-09-19,16:00:00,13.968,14.087,13.859,14.008,4859,0
2017-09-19,17:00:00,14.008,14.008,13.849,13.889,8269,0
2017-09-19,18:00:00,13.899,13.899,13.721,13.74,68281,0
2017-09-19,19:00:00,13.74,13.74,13.711,13.711,4597,0
2017-09-19,20:00:00,13.691,13.721,13.552,13.622,10709,0
2017-09-19,21:00:00,13.666,13.76,13.631,13.631,3990,0
2017-09-19,22:00:00,13.641,13.909,13.631,13.879,28566,0
2017-09-20,16:00:00,13.958,14.161,13.572,13.671,4013,0
2017-09-20,17:00:00,13.671,13.76,13.473,13.731,6667,0
2017-09-20,18:00:00,13.731,13.859,13.721,13.859,5455,0
2017-09-20,19:00:00,13.859,13.859,13.81,13.834,4445,0
2017-09-20,20:00:00,13.834,13.879,13.81,13.859,10880,0
2017-09-20,21:00:00,13.879,13.938,13.8,13.859,60432,0
2017-09-20,22:00:00,13.859,13.909,13.731,13.8,117205,0
2017-09-21,16:00:00,13.711,13.998,13.651,13.998,20476,0
2017-09-21,17:00:00,13.938,13.938,13.75,13.79,14639,0
2017-09-21,18:00:00,13.794,13.859,13.75,13.859,6468,0
2017-09-21,19:00:00,13.859,13.859,13.81,13.82,3182,0
2017-09-21,20:00:00,13.859,13.859,13.82,13.859,3605,0
2017-09-21,21:00:00,13.859,13.859,13.79,13.839,13594,0
2017-09-21,22:00:00,13.839,13.869,13.8,13.869,14855,0
2017-09-22,16:00:00,13.81,14.166,13.81,13.889,3513,0
2017-09-22,17:00:00,13.899,13.929,13.879,13.929,8278,0
2017-09-22,18:00:00,13.929,13.929,13.849,13.869,7374,0
2017-09-22,19:00:00,13.859,14.028,13.854,14.008,13323,0
2017-09-22,20:00:00,14.077,14.226,14.077,14.216,2959,0
2017-09-22,21:00:00,14.196,14.255,14.196,14.255,6139,0
2017-09-22,22:00:00,14.255,14.404,14.255,14.275,17256,0
2017-09-25,16:00:00,14.156,14.404,13.899,14.285,4176,0
2017-09-25,17:00:00,14.324,14.75,14.324,14.632,29226,0
2017-09-25,18:00:00,14.641,14.839,14.542,14.83,23643,0
2017-09-25,19:00:00,14.83,15.008,14.8,14.908,12889,0
2017-09-25,20:00:00,14.869,14.898,14.84,14.867,6520,0
2017-09-25,21:00:00,14.898,15.038,14.898,15.038,10709,0
2017-09-25,22:00:00,15.057,15.067,14.958,14.978,17232,0
2017-09-26,16:00:00,15.008,15.245,14.671,14.908,3813,0
2017-09-26,17:00:00,14.869,14.948,14.73,14.74,6472,0
2017-09-26,18:00:00,14.78,14.928,14.75,14.879,5354,0
2017-09-26,19:00:00,14.879,14.958,14.83,14.918,8321,0
2017-09-26,20:00:00,14.918,15.176,14.918,15.146,4744,0
2017-09-26,21:00:00,15.156,15.236,15.106,15.136,6462,0
2017-09-26,22:00:00,15.196,15.245,14.978,15.008,19660,0
2017-09-27,16:00:00,15.156,15.156,14.79,14.948,5585,0
2017-09-27,17:00:00,14.978,14.978,14.71,14.77,3136,0
2017-09-27,18:00:00,14.82,14.968,14.76,14.943,8774,0
2017-09-27,19:00:00,14.928,15.226,14.913,15.226,8295,0
2017-09-27,20:00:00,15.245,15.344,15.216,15.304,11506,0
2017-09-27,21:00:00,15.344,15.344,15.126,15.156,7430,0
2017-09-27,22:00:00,15.186,15.226,15.057,15.067,16388,0
2017-09-28,16:00:00,15.067,15.245,14.73,15.245,1531,0
2017-09-28,17:00:00,15.265,15.314,15.126,15.176,6034,0
2017-09-28,18:00:00,15.196,15.245,15.086,15.221,12122,0
2017-09-28,19:00:00,15.245,15.374,15.236,15.374,5624,0
2017-09-28,20:00:00,15.399,15.492,15.364,15.492,9147,0
2017-09-28,21:00:00,15.522,15.7,15.502,15.69,4695,0
2017-09-28,22:00:00,15.69,15.77,15.592,15.651,18614,0
2017-09-29,16:00:00,15.642,15.77,15.642,15.77,3421,0
2017-09-29,17:00:00,15.81,15.81,15.572,15.68,6468,0
2017-09-29,18:00:00,15.582,15.582,15.255,15.255,4799,0
2017-09-29,19:00:00,15.265,15.324,15.236,15.265,3563,0
2017-09-29,20:00:00,15.324,15.374,15.275,15.331,2658,0
2017-09-29,21:00:00,15.364,15.443,15.314,15.394,4545,0
2017-09-29,22:00:00,15.389,15.492,15.389,15.453,23072,0
2017-10-02,16:00:00,15.354,15.404,15.166,15.31,5942,0
2017-10-02,17:00:00,15.364,15.364,15.245,15.245,6885,0
2017-10-02,18:00:00,15.255,15.562,15.255,15.562,2525,0
2017-10-02,19:00:00,15.562,15.72,15.562,15.72,2804,0
2017-10-02,20:00:00,15.72,15.74,15.522,15.572,5087,0
2017-10-02,21:00:00,15.552,15.592,15.453,15.522,4545,0
2017-10-02,22:00:00,15.512,15.532,15.364,15.434,22620,0
2017-10-03,16:00:00,15.414,15.552,15.284,15.284,3439,0
2017-10-03,17:00:00,15.275,15.275,15.028,15.106,3848,0
2017-10-03,18:00:00,15.096,15.096,15.018,15.018,6051,0
2017-10-03,19:00:00,15.018,15.038,14.918,14.958,3435,0
2017-10-03,20:00:00,14.938,15.018,14.918,15.018,5644,0
2017-10-03,21:00:00,14.958,15.038,14.928,14.958,7463,0
2017-10-03,22:00:00,14.958,14.978,14.879,14.938,21352,0
2017-10-04,16:00:00,14.968,14.998,14.89,14.918,2763,0
2017-10-04,17:00:00,14.898,15.126,14.898,15.086,6210,0
2017-10-04,18:00:00,15.067,15.146,15.047,15.146,3233,0
2017-10-04,19:00:00,15.111,15.136,14.681,14.691,10434,0
2017-10-04,20:00:00,14.73,14.938,14.632,14.859,3939,0
2017-10-04,21:00:00,14.879,14.978,14.879,14.968,2525,0
2017-10-04,22:00:00,14.988,14.988,14.671,14.76,34985,0
2017-10-05,16:00:00,14.82,15.196,14.82,15.111,2993,0
2017-10-05,17:00:00,15.146,15.216,14.958,15.072,7999,0
2017-10-05,18:00:00,15.106,15.245,15.082,15.166,10504,0
2017-10-05,19:00:00,15.206,15.245,15.067,15.101,3082,0
2017-10-05,20:00:00,15.116,15.186,15.047,15.186,2323,0
2017-10-05,21:00:00,15.156,15.156,14.978,14.988,3992,0
2017-10-05,22:00:00,14.988,15.038,14.918,14.958,18859,0
2017-10-06,16:00:00,14.948,15.284,14.948,15.136,3507,0
2017-10-06,17:00:00,15.146,15.364,15.072,15.265,9083,0
2017-10-06,18:00:00,15.25,15.354,15.156,15.156,4343,0
2017-10-06,19:00:00,15.166,15.453,15.106,15.443,4343,0
2017-10-06,20:00:00,15.384,15.592,15.354,15.463,10837,0
2017-10-06,21:00:00,15.482,15.632,15.439,15.621,3429,0
2017-10-06,22:00:00,15.622,15.642,15.453,15.532,19829,0
2017-10-09,16:00:00,15.522,15.532,15.314,15.532,1740,0
2017-10-09,17:00:00,15.502,15.651,15.463,15.492,5737,0
2017-10-09,18:00:00,15.492,15.661,15.434,15.512,5618,0
2017-10-09,19:00:00,15.582,15.68,15.492,15.492,6745,0
2017-10-09,20:00:00,15.552,15.75,15.552,15.7,5334,0
2017-10-09,21:00:00,15.75,15.8,15.71,15.8,4759,0
2017-10-09,22:00:00,15.8,15.8,15.592,15.651,19826,0
2017-10-10,16:00:00,15.632,15.955,15.592,15.72,3421,0
2017-10-10,17:00:00,15.642,15.7,15.542,15.69,3333,0
2017-10-10,18:00:00,15.74,15.75,15.472,15.477,5143,0
2017-10-10,19:00:00,15.502,15.512,15.384,15.404,2222,0
2017-10-10,20:00:00,15.414,15.542,15.344,15.542,4540,0
2017-10-10,21:00:00,15.532,15.542,15.389,15.414,3233,0
2017-10-10,22:00:00,15.384,15.562,15.384,15.562,14087,0
2017-10-11,16:00:00,15.492,15.845,15.492,15.532,2094,0
2017-10-11,17:00:00,15.582,15.632,15.502,15.592,2996,0
2017-10-11,18:00:00,15.592,15.632,15.542,15.542,3535,0
2017-10-11,19:00:00,15.572,15.612,15.532,15.572,3031,0
2017-10-11,20:00:00,15.587,15.602,15.482,15.485,3743,0
2017-10-11,21:00:00,15.532,15.642,15.512,15.612,13322,0
2017-10-11,22:00:00,15.642,15.75,15.592,15.67,21708,0
2017-10-12,16:00:00,15.661,15.858,15.602,15.612,808,0
2017-10-12,17:00:00,15.617,15.81,15.602,15.779,3988,0
2017-10-12,18:00:00,15.82,15.82,15.592,15.592,2828,0
2017-10-12,19:00:00,15.632,15.72,15.632,15.642,1414,0
2017-10-12,20:00:00,15.68,15.72,15.651,15.67,1111,0
2017-10-12,21:00:00,15.72,15.72,15.582,15.582,2828,0
2017-10-12,22:00:00,15.622,15.68,15.453,15.463,12660,0
2017-10-13,16:00:00,15.552,15.552,15.414,15.453,838,0
2017-10-13,17:00:00,15.443,15.72,15.434,15.71,3435,0
2017-10-13,18:00:00,15.68,15.78,15.656,15.661,2116,0
2017-10-13,19:00:00,15.612,15.612,15.542,15.552,3366,0
2017-10-13,20:00:00,15.552,15.74,15.552,15.642,3538,0
2017-10-13,21:00:00,15.77,15.77,15.7,15.76,1815,0
2017-10-13,22:00:00,15.77,15.858,15.622,15.68,12910,0
2017-10-16,16:00:00,15.642,16.066,15.522,16.066,7196,0
2017-10-16,17:00:00,16.076,16.106,15.84,15.84,4989,0
2017-10-16,18:00:00,15.858,15.858,15.532,15.532,8165,0
2017-10-16,19:00:00,15.552,15.68,15.552,15.659,9097,0
2017-10-16,20:00:00,15.67,15.938,15.67,15.878,3421,0
2017-10-16,21:00:00,15.84,15.898,15.74,15.74,2222,0
2017-10-16,22:00:00,15.76,15.878,15.642,15.71,13254,0
2017-10-17,16:00:00,15.642,15.8,15.642,15.8,1728,0
2017-10-17,17:00:00,15.755,15.908,15.755,15.765,2245,0
2017-10-17,18:00:00,15.928,16.028,15.903,15.988,3131,0
2017-10-17,19:00:00,15.978,15.988,15.879,15.978,2273,0
2017-10-17,20:00:00,15.888,15.898,15.79,15.82,1752,0
2017-10-17,21:00:00,15.82,15.82,15.73,15.75,1616,0
2017-10-17,22:00:00,15.78,15.78,15.602,15.69,9827,0
2017-10-18,16:00:00,15.7,15.958,15.572,15.84,2626,0
2017-10-18,17:00:00,15.878,15.948,15.78,15.888,4343,0
2017-10-18,18:00:00,15.928,15.938,15.7,15.868,6465,0
2017-10-18,19:00:00,15.898,16.136,15.888,16.136,8851,0
2017-10-18,20:00:00,16.136,16.226,16.076,16.086,5855,0
2017-10-18,21:00:00,16.086,16.176,16.086,16.156,2929,0
2017-10-18,22:00:00,16.156,16.186,15.998,16.038,13921,0
2017-10-19,16:00:00,15.948,16.226,15.83,16.156,2022,0
2017-10-19,17:00:00,16.166,16.394,16.018,16.245,6789,0
2017-10-19,18:00:00,16.334,16.334,16.176,16.236,3814,0
2017-10-19,19:00:00,16.245,16.314,16.196,16.314,4321,0
2017-10-19,20:00:00,16.309,16.324,16.186,16.186,5495,0
2017-10-19,21:00:00,16.187,16.236,16.056,16.206,5609,0
2017-10-19,22:00:00,16.196,16.196,15.84,15.878,30707,0
2017-10-20,16:00:00,16.166,16.181,15.928,16.116,6128,0
2017-10-20,17:00:00,16.136,16.236,15.849,15.888,5264,0
2017-10-20,18:00:00,15.918,16.116,15.858,16.056,5351,0
2017-10-20,19:00:00,16.038,16.038,15.849,15.868,4703,0
2017-10-20,20:00:00,15.77,15.888,15.77,15.79,3364,0
2017-10-20,21:00:00,15.858,15.898,15.76,15.878,3462,0
2017-10-20,22:00:00,15.888,15.888,15.76,15.76,10037,0
2017-10-23,16:00:00,15.661,15.83,15.661,15.75,3189,0
2017-10-23,17:00:00,15.82,15.878,15.77,15.78,886,0
2017-10-23,18:00:00,15.755,15.918,15.68,15.868,5676,0
2017-10-23,19:00:00,15.82,15.858,15.71,15.715,1717,0
2017-10-23,20:00:00,15.705,15.849,15.627,15.79,13602,0
2017-10-23,21:00:00,15.78,15.908,15.74,15.908,10808,0
2017-10-23,22:00:00,15.908,15.918,15.83,15.888,10205,0
2017-10-24,16:00:00,15.72,16.038,15.72,16.038,3410,0
2017-10-24,17:00:00,16.047,16.206,16.018,16.028,6908,0
2017-10-24,18:00:00,15.968,15.968,15.651,15.661,5343,0
2017-10-24,19:00:00,15.69,15.81,15.665,15.75,3106,0
2017-10-24,20:00:00,15.77,15.83,15.72,15.75,1970,0
2017-10-24,21:00:00,15.78,15.8,15.68,15.72,2121,0
2017-10-24,22:00:00,15.67,15.75,15.552,15.612,10983,0
2017-10-25,16:00:00,15.463,15.537,15.463,15.537,5158,0
2017-10-25,17:00:00,15.642,15.642,15.424,15.472,2626,0
2017-10-25,18:00:00,15.482,15.622,15.414,15.552,3248,0
2017-10-25,19:00:00,15.527,15.622,15.497,15.612,2338,0
2017-10-25,20:00:00,15.592,15.661,15.592,15.661,1149,0
2017-10-25,21:00:00,15.78,15.78,15.572,15.572,707,0
2017-10-25,22:00:00,15.592,15.72,15.562,15.602,7948,0
2017-10-26,16:00:00,15.73,15.73,15.73,15.73,347,0
2017-10-26,17:00:00,15.898,16.018,15.868,15.998,12324,0
2017-10-26,18:00:00,15.998,16.008,15.928,15.928,1869,0
2017-10-26,19:00:00,15.79,15.82,15.76,15.76,404,0
2017-10-26,20:00:00,15.77,15.898,15.77,15.82,1666,0
2017-10-26,21:00:00,15.77,15.8,15.74,15.8,505,0
2017-10-26,22:00:00,15.78,15.878,15.77,15.81,7044,0
2017-10-27,16:00:00,15.78,15.78,15.562,15.622,1212,0
2017-10-27,17:00:00,15.938,16.008,15.8,16.008,3873,0
2017-10-27,18:00:00,15.968,16.121,15.938,16.121,3865,0
2017-10-27,19:00:00,16.086,16.146,15.849,15.849,1919,0
2017-10-27,20:00:00,15.898,16.116,15.849,16.096,2538,0
2017-10-27,21:00:00,16.096,16.136,15.868,15.868,2621,0
2017-10-27,22:00:00,15.883,16.047,15.84,16.008,9947,0
2017-10-30,15:00:00,15.78,15.83,15.71,15.83,1515,0
2017-10-30,16:00:00,15.83,15.958,15.82,15.82,1907,0
2017-10-30,17:00:00,15.69,15.69,15.434,15.434,2828,0
2017-10-30,18:00:00,15.434,15.434,15.196,15.294,1010,0
2017-10-30,19:00:00,15.304,15.512,15.294,15.404,9731,0
2017-10-30,20:00:00,15.394,15.453,15.324,15.364,2793,0
2017-10-30,21:00:00,15.334,15.443,15.324,15.374,10816,0
2017-10-31,15:00:00,15.483,15.891,15.288,15.583,2347,0
2017-10-31,16:00:00,15.603,15.623,15.424,15.553,4910,0
2017-10-31,17:00:00,15.623,15.623,15.478,15.543,3341,0
2017-10-31,18:00:00,15.463,15.503,15.344,15.394,1206,0
2017-10-31,19:00:00,15.284,15.324,15.175,15.244,3709,0
2017-10-31,20:00:00,15.175,15.374,15.165,15.374,2713,0
2017-10-31,21:00:00,15.374,15.483,15.264,15.264,36974,0
2017-11-01,15:00:00,15.434,15.496,15.424,15.424,10997,0
2017-11-01,16:00:00,15.424,15.662,15.344,15.344,17700,0
2017-11-01,17:00:00,15.175,15.19,14.976,14.986,5951,0
2017-11-01,18:00:00,14.936,15.016,14.846,14.936,1210,0
2017-11-01,19:00:00,14.966,15.021,14.817,14.976,3769,0
2017-11-01,20:00:00,14.907,15.036,14.907,14.936,1316,0
2017-11-01,21:00:00,14.886,15.125,14.871,14.956,13800,0
2017-11-02,15:00:00,14.896,15.085,14.896,15.085,2338,0
2017-11-02,16:00:00,14.697,15.284,14.697,15.006,10537,0
2017-11-02,17:00:00,14.976,15.075,14.837,14.986,5025,0
2017-11-02,18:00:00,14.976,15.006,14.717,14.757,8804,0
2017-11-02,19:00:00,14.777,14.777,14.498,14.558,16889,0
2017-11-02,20:00:00,14.598,14.598,14.518,14.526,13675,0
2017-11-02,21:00:00,14.548,14.707,14.498,14.697,18524,0
2017-11-03,15:00:00,15.424,15.424,14.582,14.582,1562,0
2017-11-03,16:00:00,14.498,14.498,14.08,14.279,25299,0
2017-11-03,17:00:00,14.309,14.349,14.05,14.07,4418,0
2017-11-03,18:00:00,14.1,14.165,14.021,14.021,5766,0
2017-11-03,19:00:00,14.04,14.06,14.001,14.06,1708,0
2017-11-03,20:00:00,14.05,14.06,13.931,13.931,2831,0
2017-11-03,21:00:00,13.861,14.021,13.792,13.951,20355,0
2017-11-06,16:00:00,13.981,14.06,13.613,13.82,4215,0
2017-11-06,17:00:00,13.672,14.07,13.662,14.07,2713,0
2017-11-06,18:00:00,14.07,14.334,14.06,14.329,2911,0
2017-11-06,19:00:00,14.17,14.319,14.17,14.259,703,0
2017-11-06,20:00:00,14.259,14.448,14.18,14.279,2729,0
2017-11-06,21:00:00,14.269,14.438,14.012,14.22,17300,0
2017-11-06,22:00:00,14.06,14.349,14.06,14.18,31155,0
2017-11-07,16:00:00,13.513,14.15,13.453,13.732,11274,0
2017-11-07,17:00:00,13.688,13.752,13.433,13.433,13542,0
2017-11-07,19:00:00,13.437,13.523,13.433,13.523,6993,0
2017-11-07,20:00:00,13.493,13.563,13.436,13.443,6733,0
2017-11-07,21:00:00,13.463,13.483,13.424,13.433,5573,0
2017-11-07,22:00:00,13.433,13.493,13.433,13.453,24351,0
2017-11-08,16:00:00,13.433,13.911,13.433,13.523,2840,0
2017-11-08,17:00:00,13.533,13.672,13.433,13.672,11921,0
2017-11-08,18:00:00,13.682,13.682,13.523,13.613,4490,0
2017-11-08,19:00:00,13.623,13.722,13.603,13.623,2412,0
2017-11-08,20:00:00,13.692,13.722,13.583,13.632,4723,0
2017-11-08,21:00:00,13.672,13.682,13.632,13.632,4723,0
2017-11-08,22:00:00,13.633,13.692,13.623,13.632,21841,0
2017-11-09,16:00:00,13.632,13.672,13.623,13.632,14302,0
2017-11-09,17:00:00,13.662,14.12,13.662,14.12,4122,0
2017-11-09,18:00:00,14.08,14.11,13.792,13.792,3919,0
2017-11-09,19:00:00,13.762,13.782,13.632,13.782,4694,0
2017-11-09,20:00:00,13.782,13.991,13.782,13.951,4223,0
2017-11-09,21:00:00,13.971,14.021,13.951,14.001,2512,0
2017-11-09,22:00:00,14.001,14.12,13.961,14.021,12653,0
2017-11-10,16:00:00,14.06,14.06,13.931,13.971,1409,0
2017-11-10,17:00:00,13.921,14.269,13.802,14.085,4824,0
2017-11-10,18:00:00,14.15,14.269,14.11,14.269,1708,0
2017-11-10,19:00:00,14.269,14.399,14.269,14.299,4542,0
2017-11-10,20:00:00,14.264,14.409,14.194,14.409,1236,0
2017-11-10,21:00:00,14.409,14.434,14.359,14.369,1105,0
2017-11-10,22:00:00,14.349,14.359,14.19,14.2,4211,0
2017-11-13,16:00:00,14.09,14.09,14.021,14.021,805,0
2017-11-13,17:00:00,14.001,14.001,13.762,13.817,4727,0
2017-11-13,18:00:00,13.831,14.06,13.831,13.881,1608,0
2017-11-13,19:00:00,13.921,13.991,13.891,13.991,2412,0
2017-11-13,20:00:00,13.911,13.951,13.901,13.911,1273,0
2017-11-13,21:00:00,13.982,13.982,13.921,13.931,2134,0
2017-11-13,22:00:00,13.901,14.03,13.831,13.871,12238,0
2017-11-14,16:00:00,13.831,13.911,13.831,13.831,2261,0
2017-11-14,17:00:00,13.831,13.841,13.632,13.812,6203,0
2017-11-14,18:00:00,13.792,13.792,13.632,13.662,3517,0
2017-11-14,19:00:00,13.712,13.712,13.632,13.642,3216,0
2017-11-14,20:00:00,13.642,13.772,13.642,13.657,2944,0
2017-11-14,21:00:00,13.652,13.682,13.632,13.632,3606,0
2017-11-14,22:00:00,13.642,13.682,13.583,13.603,20506,0
2017-11-15,16:00:00,13.483,13.662,13.433,13.642,9010,0
2017-11-15,17:00:00,13.712,13.712,13.604,13.672,2373,0
2017-11-15,18:00:00,13.573,13.603,13.543,13.583,523,0
2017-11-15,19:00:00,13.548,13.652,13.528,13.652,2608,0
2017-11-15,20:00:00,13.642,13.642,13.483,13.493,1756,0
2017-11-15,21:00:00,13.513,13.593,13.483,13.537,4726,0
2017-11-15,22:00:00,13.553,13.563,13.483,13.483,14896,0
2017-11-16,16:00:00,13.433,13.543,13.433,13.493,7055,0
2017-11-16,17:00:00,13.493,13.687,13.493,13.652,3883,0
2017-11-16,18:00:00,13.682,13.722,13.583,13.583,2965,0
2017-11-16,19:00:00,13.573,13.623,13.553,13.613,3158,0
2017-11-16,20:00:00,13.613,13.682,13.498,13.513,3115,0
2017-11-16,21:00:00,13.503,13.573,13.483,13.509,8773,0
2017-11-16,22:00:00,13.493,13.533,13.433,13.463,28280,0
2017-11-17,16:00:00,13.433,13.533,13.433,13.533,4664,0
2017-11-17,17:00:00,13.528,13.543,13.443,13.543,1805,0
2017-11-17,18:00:00,13.558,13.623,13.523,13.573,1708,0
2017-11-17,19:00:00,13.583,13.762,13.583,13.692,1105,0
2017-11-17,20:00:00,13.742,13.752,13.573,13.573,3463,0
2017-11-17,21:00:00,13.603,13.672,13.573,13.61,2035,0
2017-11-17,22:00:00,13.613,13.672,13.573,13.583,9311,0
2017-11-20,16:00:00,13.603,13.603,13.533,13.533,1818,0
2017-11-20,17:00:00,13.533,13.891,13.533,13.851,4747,0
2017-11-20,18:00:00,13.812,13.881,13.702,13.798,2597,0
2017-11-20,19:00:00,13.802,13.802,13.787,13.802,703,0
2017-11-20,20:00:00,13.831,14.001,13.831,13.961,7939,0
2017-11-20,21:00:00,13.961,13.961,13.802,13.841,2010,0
2017-11-20,22:00:00,13.881,13.971,13.881,13.941,6365,0
2017-11-21,16:00:00,14.011,14.011,13.812,13.861,1895,0
2017-11-21,17:00:00,13.961,14.289,13.931,14.18,6399,0
2017-11-21,18:00:00,14.269,14.269,14.021,14.06,1485,0
2017-11-21,19:00:00,14.04,14.07,14.001,14.021,703,0
2017-11-21,20:00:00,14.04,14.1,13.981,14.05,1763,0
2017-11-21,21:00:00,14.07,14.11,13.966,14.11,2367,0
2017-11-21,22:00:00,14.12,14.12,13.961,14.04,5869,0
2017-11-22,16:00:00,13.991,14.2,13.777,14.075,1703,0
2017-11-22,17:00:00,14.13,14.13,13.822,14.05,3004,0
2017-11-22,18:00:00,14.16,14.16,13.831,13.891,4211,0
2017-11-22,19:00:00,13.898,13.901,13.831,13.831,1789,0
2017-11-22,20:00:00,13.831,14.04,13.831,13.951,3461,0
2017-11-22,21:00:00,13.951,13.961,13.871,13.921,2110,0
2017-11-22,22:00:00,13.841,13.921,13.831,13.861,12820,0
2017-11-24,16:00:00,13.911,13.911,13.831,13.831,1898,0
2017-11-24,17:00:00,13.901,14.09,13.831,13.831,3260,0
2017-11-24,18:00:00,13.831,14.021,13.831,13.971,3264,0
2017-11-24,19:00:00,13.919,13.919,13.831,13.831,5003,0
2017-11-24,20:00:00,13.861,13.861,13.861,13.861,1390,0
2017-11-27,16:00:00,14.011,14.011,13.871,13.881,1112,0
2017-11-27,17:00:00,13.881,13.991,13.831,13.901,9524,0
2017-11-27,18:00:00,14.01,14.03,13.931,14.021,2211,0
2017-11-27,19:00:00,13.991,14.026,13.772,13.881,5932,0
2017-11-27,20:00:00,13.891,13.961,13.861,13.951,2524,0
2017-11-27,21:00:00,13.951,13.981,13.901,13.981,804,0
2017-11-27,22:00:00,13.961,14.011,13.871,13.931,8990,0
2017-11-28,16:00:00,13.881,14.12,13.802,14.021,3822,0
2017-11-28,17:00:00,14.03,14.11,13.871,14.03,5869,0
2017-11-28,18:00:00,14.03,14.03,13.871,13.951,3673,0
2017-11-28,19:00:00,13.921,13.941,13.901,13.921,1608,0
2017-11-28,20:00:00,13.931,13.981,13.692,13.692,7900,0
2017-11-28,21:00:00,13.632,13.732,13.593,13.702,9436,0
2017-11-28,22:00:00,13.742,13.742,13.523,13.642,24781,0
2017-11-29,16:00:00,13.682,13.861,13.563,13.752,5811,0
2017-11-29,17:00:00,13.792,13.822,13.543,13.543,8350,0
2017-11-29,18:00:00,13.553,13.652,13.234,13.384,14475,0
2017-11-29,19:00:00,13.513,13.752,13.473,13.513,6704,0
2017-11-29,20:00:00,13.553,13.553,13.414,13.448,7306,0
2017-11-29,21:00:00,13.463,13.463,13.334,13.359,6860,0
2017-11-29,22:00:00,13.394,13.453,13.274,13.314,30344,0
2017-11-30,16:00:00,13.394,13.453,13.244,13.374,4812,0
2017-11-30,17:00:00,13.284,13.364,13.284,13.364,4472,0
2017-11-30,18:00:00,13.344,13.424,13.284,13.284,2778,0
2017-11-30,19:00:00,13.289,13.553,13.284,13.553,3814,0
2017-11-30,20:00:00,13.553,13.732,13.533,13.563,6345,0
2017-11-30,21:00:00,13.493,13.523,13.433,13.493,5326,0
2017-11-30,22:00:00,13.473,13.503,13.374,13.453,84163,0
2017-12-01,16:00:00,13.513,13.657,13.304,13.404,2731,0
2017-12-01,17:00:00,13.354,13.593,13.334,13.435,8975,0
2017-12-01,18:00:00,13.394,13.428,13.19,13.255,29384,0
2017-12-01,19:00:00,13.344,13.523,13.344,13.466,2553,0
2017-12-01,20:00:00,13.453,13.632,13.443,13.603,5071,0
2017-12-01,21:00:00,13.563,13.632,13.314,13.314,9448,0
2017-12-01,22:00:00,13.314,13.404,13.215,13.354,66485,0
2017-12-04,16:00:00,13.503,13.732,13.414,13.493,3687,0
2017-12-04,17:00:00,13.489,13.523,13.264,13.414,21396,0
2017-12-04,18:00:00,13.334,13.344,13.244,13.284,5025,0
2017-12-04,19:00:00,13.269,13.284,13.085,13.195,37874,0
2017-12-04,20:00:00,13.224,13.284,13.215,13.274,3316,0
2017-12-04,21:00:00,13.254,13.284,13.185,13.205,2412,0
2017-12-04,22:00:00,13.195,13.274,13.135,13.135,17440,0
2017-12-05,16:00:00,13.155,13.414,12.986,12.986,2824,0
2017-12-05,17:00:00,12.996,13.145,12.996,13.025,1608,0
2017-12-05,18:00:00,13.035,13.135,12.986,13.006,10194,0
2017-12-05,19:00:00,13.006,13.025,12.966,12.966,19126,0
2017-12-05,20:00:00,12.966,12.986,12.876,12.876,23612,0
2017-12-05,21:00:00,12.866,13.215,12.777,13.195,68712,0
2017-12-05,22:00:00,13.205,13.284,13.185,13.205,35657,0
2017-12-06,16:00:00,13.195,13.443,12.991,13.175,1160,0
2017-12-06,17:00:00,13.146,13.79,13.146,13.772,26493,0
2017-12-06,18:00:00,13.722,13.722,13.488,13.572,14456,0
2017-12-06,19:00:00,13.543,13.901,13.528,13.901,15942,0
2017-12-06,20:00:00,13.831,13.831,13.752,13.752,1737,0
2017-12-06,21:00:00,13.762,13.861,13.737,13.742,5118,0
2017-12-06,22:00:00,13.786,13.786,13.732,13.742,14224,0
2017-12-07,16:00:00,13.672,13.762,13.563,13.627,1198,0
2017-12-07,17:00:00,13.553,13.781,13.443,13.762,14152,0
2017-12-07,18:00:00,13.722,13.722,13.632,13.672,3592,0
2017-12-07,19:00:00,13.652,13.682,13.593,13.682,9372,0
2017-12-07,20:00:00,13.623,13.702,13.593,13.682,7966,0
2017-12-07,21:00:00,13.662,13.822,13.634,13.792,14371,0
2017-12-07,22:00:00,13.812,13.812,13.682,13.702,10342,0
2017-12-08,16:00:00,13.772,13.931,13.583,13.613,12127,0
2017-12-08,17:00:00,13.742,13.841,13.284,13.702,16324,0
2017-12-08,18:00:00,13.662,13.782,13.642,13.702,2613,0
2017-12-08,19:00:00,13.682,13.757,13.682,13.722,1306,0
2017-12-08,20:00:00,13.732,13.737,13.642,13.667,1702,0
2017-12-08,21:00:00,13.672,13.712,13.632,13.632,1811,0
2017-12-08,22:00:00,13.662,13.732,13.613,13.623,15662,0
2017-12-11,16:00:00,13.642,13.642,13.523,13.632,1909,0
2017-12-11,17:00:00,13.593,13.642,13.593,13.613,1306,0
2017-12-11,18:00:00,13.573,13.672,13.424,13.623,9430,0
2017-12-11,19:00:00,13.593,13.682,13.558,13.682,14773,0
2017-12-11,20:00:00,13.634,13.83,13.632,13.732,19181,0
2017-12-11,21:00:00,13.752,13.782,13.692,13.752,2311,0
2017-12-11,22:00:00,13.792,13.861,13.732,13.841,16124,0
2017-12-12,16:00:00,14.03,14.249,14.03,14.18,12353,0
2017-12-12,17:00:00,14.12,14.409,14.011,14.369,11114,0
2017-12-12,18:00:00,14.429,14.617,14.329,14.478,18299,0
2017-12-12,19:00:00,14.488,14.825,14.488,14.618,12759,0
2017-12-12,20:00:00,14.618,14.618,14.458,14.478,3417,0
2017-12-12,21:00:00,14.558,14.676,14.498,14.578,4903,0
2017-12-12,22:00:00,14.508,14.518,14.429,14.468,14174,0
2017-12-13,16:00:00,14.498,14.498,14.259,14.409,3649,0
2017-12-13,17:00:00,14.419,14.498,14.369,14.369,7298,0
2017-12-13,18:00:00,14.399,14.538,14.354,14.538,4623,0
2017-12-13,19:00:00,14.528,14.528,14.319,14.448,4723,0
2017-12-13,20:00:00,14.429,14.429,14.354,14.419,4985,0
2017-12-13,21:00:00,14.429,14.468,14.349,14.419,8944,0
2017-12-13,22:00:00,14.438,14.458,14.324,14.419,30710,0
2017-12-14,16:00:00,14.389,14.429,13.841,14.319,4607,0
2017-12-14,17:00:00,14.468,14.478,14.329,14.399,4623,0
2017-12-14,18:00:00,14.319,14.438,14.249,14.314,9346,0
2017-12-14,19:00:00,14.309,14.329,14.178,14.21,4723,0
2017-12-14,20:00:00,14.2,14.249,14.04,14.17,3819,0
2017-12-14,21:00:00,14.14,14.19,13.981,14.165,4380,0
2017-12-14,22:00:00,14.2,14.249,14.011,14.22,20960,0
2017-12-15,16:00:00,14.21,14.548,14.21,14.548,26537,0
2017-12-15,17:00:00,14.578,14.697,14.538,14.637,5549,0
2017-12-15,18:00:00,14.618,14.618,14.478,14.498,34900,0
2017-12-15,19:00:00,14.488,14.548,14.448,14.448,7890,0
2017-12-15,20:00:00,14.448,14.538,14.429,14.518,6030,0
2017-12-15,21:00:00,14.441,14.538,14.438,14.478,4824,0
2017-12-15,22:00:00,14.498,14.548,14.429,14.429,42477,0
2017-12-18,16:00:00,14.498,14.667,14.498,14.647,894,0
2017-12-18,17:00:00,14.608,14.608,14.458,14.538,4179,0
2017-12-18,18:00:00,14.548,14.548,14.429,14.503,21354,0
2017-12-18,19:00:00,14.478,14.518,14.438,14.508,4378,0
2017-12-18,20:00:00,14.528,14.578,14.289,14.289,29788,0
2017-12-18,21:00:00,14.279,14.637,14.279,14.637,19310,0
2017-12-18,22:00:00,14.667,14.757,14.458,14.548,26276,0
2017-12-19,16:00:00,14.747,15.175,14.747,14.976,35720,0
2017-12-19,17:00:00,14.976,15.026,14.921,14.921,19465,0
2017-12-19,18:00:00,14.926,15.026,14.896,14.976,8944,0
2017-12-19,19:00:00,14.956,15.036,14.876,15.036,6231,0
2017-12-19,20:00:00,14.976,15.016,14.916,14.946,4120,0
2017-12-19,21:00:00,14.926,15.065,14.876,15.065,9928,0
2017-12-19,22:00:00,15.045,15.045,14.926,14.946,20833,0
2017-12-20,16:00:00,15.006,15.006,14.976,14.976,1021,0
2017-12-20,17:00:00,15.065,15.195,14.996,15.105,5477,0
2017-12-20,18:00:00,15.105,15.125,14.976,15.125,1548,0
2017-12-20,19:00:00,15.095,15.234,15.026,15.135,6321,0
2017-12-20,20:00:00,15.145,15.264,15.135,15.225,8040,0
2017-12-20,21:00:00,15.235,15.264,15.125,15.165,6441,0
2017-12-20,22:00:00,15.185,15.225,15.085,15.105,15890,0
2017-12-21,16:00:00,15.135,15.145,15.055,15.145,2973,0
2017-12-21,17:00:00,15.215,15.543,15.215,15.528,13865,0
2017-12-21,18:00:00,15.523,15.712,15.523,15.702,8171,0
2017-12-21,19:00:00,15.697,15.702,15.633,15.702,2834,0
2017-12-21,20:00:00,15.722,15.871,15.722,15.871,11394,0
2017-12-21,21:00:00,15.901,16.09,15.881,16.031,13766,0
2017-12-21,22:00:00,16.011,16.011,15.822,15.832,21208,0
2017-12-22,16:00:00,15.842,15.901,15.772,15.871,3743,0
2017-12-22,17:00:00,15.866,16.021,15.842,15.931,9849,0
2017-12-22,18:00:00,15.971,16.021,15.931,16.021,6183,0
2017-12-22,19:00:00,15.996,16.07,15.931,16.041,7917,0
2017-12-22,20:00:00,16.031,16.16,15.971,16.011,6331,0
2017-12-22,21:00:00,16.006,16.07,15.971,15.981,4012,0
2017-12-22,22:00:00,16.011,16.11,16.006,16.05,20098,0
2017-12-26,16:00:00,16.041,16.309,16.041,16.309,2563,0
2017-12-26,17:00:00,16.349,16.369,16.23,16.25,9321,0
2017-12-26,18:00:00,16.279,16.279,16.06,16.095,5923,0
2017-12-26,19:00:00,16.07,16.16,16.07,16.1,5352,0
2017-12-26,20:00:00,16.13,16.14,16.08,16.14,14270,0
2017-12-26,21:00:00,16.141,16.19,16.14,16.17,4871,0
2017-12-26,22:00:00,16.21,16.21,16.08,16.12,9615,0
2017-12-27,16:00:00,16.15,16.17,16.08,16.15,14311,0
2017-12-27,17:00:00,16.14,16.299,16.14,16.22,33666,0
2017-12-27,18:00:00,16.21,16.24,16.18,16.23,4933,0
2017-12-27,19:00:00,16.235,16.235,16.19,16.22,5305,0
2017-12-27,20:00:00,16.21,16.279,16.18,16.279,10649,0
2017-12-27,21:00:00,16.279,16.329,16.18,16.289,2914,0
2017-12-27,22:00:00,16.299,16.299,16.2,16.269,9114,0
2017-12-28,16:00:00,16.16,16.16,16.16,16.16,100,0
2017-12-28,17:00:00,16.25,16.319,16.19,16.21,3668,0
2017-12-28,18:00:00,16.24,16.309,16.24,16.309,1005,0
2017-12-28,19:00:00,16.309,16.309,16.22,16.22,2122,0
2017-12-28,20:00:00,16.22,16.25,16.18,16.25,3344,0
2017-12-28,21:00:00,16.22,16.25,16.2,16.2,1306,0
2017-12-28,22:00:00,16.22,16.349,16.18,16.289,31646,0
2017-12-29,16:00:00,16.309,16.518,16.289,16.483,12703,0
2017-12-29,17:00:00,16.513,16.513,16.429,16.468,1660,0
2017-12-29,18:00:00,16.518,16.518,16.449,16.508,3819,0
2017-12-29,19:00:00,16.498,16.539,16.409,16.468,3568,0
2017-12-29,20:00:00,16.458,16.618,16.445,16.588,5806,0
2017-12-29,21:00:00,16.558,16.618,16.528,16.538,5125,0
2017-12-29,22:00:00,16.578,16.667,16.478,16.488,14516,0
2018-01-02,16:00:00,16.558,16.558,16.419,16.419,14773,0
2018-01-02,17:00:00,16.399,16.518,16.399,16.449,1504,0
2018-01-02,18:00:00,16.43,16.488,16.43,16.468,2408,0
2018-01-02,19:00:00,16.379,16.498,16.379,16.406,2822,0
2018-01-02,20:00:00,16.409,16.409,16.289,16.289,1407,0
2018-01-02,21:00:00,16.279,16.319,16.1,16.319,3216,0
2018-01-02,22:00:00,16.309,16.458,16.27,16.419,15247,0
2018-01-03,16:00:00,16.359,16.449,16.359,16.389,939,0
2018-01-03,17:00:00,16.319,16.628,16.319,16.628,7738,0
2018-01-03,18:00:00,16.538,16.727,16.498,16.533,7437,0
2018-01-03,19:00:00,16.493,16.503,16.429,16.449,1909,0
2018-01-03,20:00:00,16.513,16.548,16.468,16.508,2773,0
2018-01-03,21:00:00,16.528,16.538,16.399,16.399,5124,0
2018-01-03,22:00:00,16.439,16.439,16.14,16.21,25672,0
2018-01-04,16:00:00,16.259,16.518,16.259,16.409,3758,0
2018-01-04,17:00:00,16.299,16.359,16.185,16.314,6432,0
2018-01-04,18:00:00,16.314,16.314,16.09,16.22,3718,0
2018-01-04,19:00:00,16.24,16.409,16.19,16.379,7334,0
2018-01-04,20:00:00,16.409,16.563,16.409,16.528,3062,0
2018-01-04,21:00:00,16.518,16.618,16.419,16.419,9960,0
2018-01-04,22:00:00,16.419,16.449,16.329,16.409,7735,0
2018-01-05,16:00:00,16.419,16.419,16.259,16.259,1798,0
2018-01-05,17:00:00,16.23,16.488,16.23,16.289,4463,0
2018-01-05,18:00:00,16.289,16.419,16.23,16.23,3100,0
2018-01-05,19:00:00,16.22,16.309,16.15,16.22,4020,0
2018-01-05,20:00:00,16.279,16.488,16.22,16.453,2713,0
2018-01-05,21:00:00,16.449,16.449,16.309,16.359,5808,0
2018-01-05,22:00:00,16.369,16.458,16.339,16.349,13347,0
2018-01-08,16:00:00,16.289,16.369,16.14,16.14,2213,0
2018-01-08,17:00:00,16.18,16.21,16.036,16.16,6556,0
2018-01-08,18:00:00,16.18,16.309,16.18,16.309,2151,0
2018-01-08,19:00:00,16.309,16.324,16.25,16.287,3260,0
2018-01-08,20:00:00,16.299,16.339,16.25,16.279,1081,0
2018-01-08,21:00:00,16.289,16.339,16.269,16.319,3119,0
2018-01-08,22:00:00,16.289,16.319,16.21,16.25,8736,0
2018-01-09,16:00:00,16.289,16.536,16.061,16.536,1560,0
2018-01-09,17:00:00,16.409,16.409,16.14,16.14,2714,0
2018-01-09,18:00:00,16.13,16.17,16.06,16.12,2553,0
2018-01-09,19:00:00,16.111,16.18,16.111,16.16,1105,0
2018-01-09,20:00:00,16.16,16.18,16.001,16.06,4599,0
2018-01-09,21:00:00,16.031,16.031,15.921,15.941,7245,0
2018-01-09,22:00:00,15.971,15.991,15.911,15.941,11652,0
2018-01-10,16:00:00,15.941,16.11,15.941,16.09,2145,0
2018-01-10,17:00:00,16.041,16.06,16.021,16.021,3105,0
2018-01-10,18:00:00,16.12,16.14,16.06,16.13,2814,0
2018-01-10,19:00:00,16.18,16.18,16.06,16.1,3718,0
2018-01-10,20:00:00,16.13,16.13,16.13,16.13,201,0
2018-01-10,21:00:00,16.12,16.21,16.12,16.2,1759,0
2018-01-10,22:00:00,16.23,16.274,16.19,16.22,9226,0
2018-01-11,16:00:00,16.24,16.24,16.24,16.24,167,0
2018-01-11,17:00:00,16.359,16.518,16.319,16.518,2235,0
2018-01-11,18:00:00,16.578,16.578,16.449,16.528,3316,0
2018-01-11,19:00:00,16.538,16.657,16.488,16.538,3316,0
2018-01-11,20:00:00,16.528,16.528,16.419,16.488,1507,0
2018-01-11,21:00:00,16.468,16.488,16.399,16.478,1206,0
2018-01-11,22:00:00,16.468,16.548,16.25,16.299,20978,0
2018-01-12,16:00:00,16.309,16.538,16.269,16.319,1230,0
2018-01-12,17:00:00,16.399,16.399,16.17,16.259,4043,0
2018-01-12,18:00:00,16.309,16.538,16.309,16.379,3115,0
2018-01-12,19:00:00,16.369,16.369,16.22,16.25,2211,0
2018-01-12,20:00:00,16.24,16.299,16.2,16.23,1407,0
2018-01-12,21:00:00,16.18,16.24,16.15,16.18,2099,0
2018-01-12,22:00:00,16.22,16.24,16.16,16.18,10291,0
2018-01-16,16:00:00,16.19,16.259,16.19,16.24,1312,0
2018-01-16,17:00:00,16.24,16.449,16.24,16.449,3157,0
2018-01-16,18:00:00,16.379,16.439,16.309,16.309,1407,0
2018-01-16,19:00:00,16.319,16.319,16.269,16.319,904,0
2018-01-16,20:00:00,16.339,16.349,16.175,16.22,7582,0
2018-01-16,21:00:00,16.2,16.269,16.14,16.22,3353,0
2018-01-16,22:00:00,16.15,16.319,16.15,16.25,10082,0
2018-01-17,16:00:00,16.2,16.2,16.2,16.2,100,0
2018-01-17,17:00:00,16.259,16.299,16.12,16.23,1447,0
2018-01-17,18:00:00,16.16,16.329,16.12,16.329,7200,0
2018-01-17,19:00:00,16.449,16.449,16.309,16.399,2713,0
2018-01-17,20:00:00,16.359,16.439,16.359,16.409,3040,0
2018-01-17,21:00:00,16.439,16.558,16.37,16.558,1708,0
2018-01-17,22:00:00,16.533,16.598,16.491,16.588,6579,0
2018-01-18,16:00:00,16.548,16.548,16.399,16.399,826,0
2018-01-18,17:00:00,16.299,16.329,16.17,16.19,2823,0
2018-01-18,18:00:00,16.21,16.24,16.13,16.24,2539,0
2018-01-18,19:00:00,16.23,16.259,16.19,16.221,4608,0
2018-01-18,20:00:00,16.279,16.349,16.25,16.289,1407,0
2018-01-18,21:00:00,16.309,16.429,16.299,16.329,3997,0
2018-01-18,22:00:00,16.329,16.349,16.2,16.25,8846,0
2018-01-19,16:00:00,16.25,16.578,15.981,16.254,4965,0
2018-01-19,17:00:00,16.17,16.314,16.09,16.289,2814,0
2018-01-19,18:00:00,16.319,16.478,16.319,16.478,1005,0
2018-01-19,19:00:00,16.458,16.458,16.359,16.414,3516,0
2018-01-19,20:00:00,16.369,16.429,16.359,16.399,3970,0
2018-01-19,21:00:00,16.419,16.468,16.409,16.468,2083,0
2018-01-19,22:00:00,16.478,16.608,16.459,16.488,7343,0
2018-01-22,16:00:00,16.538,16.578,16.25,16.478,804,0
2018-01-22,17:00:00,16.449,16.449,16.13,16.19,8818,0
2018-01-22,18:00:00,16.16,16.16,16.021,16.031,2903,0
2018-01-22,19:00:00,16.06,16.22,16.06,16.19,2166,0
2018-01-22,20:00:00,16.22,16.23,16.15,16.19,2033,0
2018-01-22,21:00:00,16.2,16.21,16.16,16.19,2899,0
2018-01-22,22:00:00,16.18,16.319,16.1,16.25,18813,0
2018-01-23,16:00:00,16.309,16.309,15.851,16.289,1306,0
2018-01-23,17:00:00,16.339,16.339,16.1,16.23,2874,0
2018-01-23,18:00:00,16.259,16.359,16.19,16.21,11313,0
2018-01-23,19:00:00,16.259,16.259,16.195,16.254,904,0
2018-01-23,20:00:00,16.299,16.349,16.18,16.349,6301,0
2018-01-23,21:00:00,16.339,16.399,16.319,16.399,1005,0
2018-01-23,22:00:00,16.299,16.349,16.13,16.16,18887,0
2018-01-24,16:00:00,16.18,16.18,16.18,16.18,201,0
2018-01-24,17:00:00,16.25,16.279,16.011,16.06,10112,0
2018-01-24,18:00:00,16.16,16.17,16.011,16.041,1844,0
2018-01-24,19:00:00,16.041,16.041,15.912,15.912,7231,0
2018-01-24,20:00:00,15.941,16.049,15.881,16.021,4515,0
2018-01-24,21:00:00,15.981,16.05,15.981,16.05,1809,0
2018-01-24,22:00:00,16.001,16.15,15.921,15.931,13012,0
2018-01-25,16:00:00,16.041,16.17,16.041,16.16,902,0
2018-01-25,17:00:00,16.1,16.2,16.1,16.2,2211,0
2018-01-25,18:00:00,16.17,16.17,15.981,16.14,1969,0
2018-01-25,19:00:00,16.21,16.21,16.14,16.17,904,0
2018-01-25,20:00:00,16.18,16.18,16.031,16.031,3847,0
2018-01-25,21:00:00,16.09,16.09,16.041,16.041,904,0
2018-01-25,22:00:00,16.12,16.22,16.08,16.18,4869,0
2018-01-26,16:00:00,16.11,16.165,15.991,15.991,1055,0
2018-01-26,17:00:00,15.991,16.011,15.881,15.911,2438,0
2018-01-26,18:00:00,15.881,15.981,15.871,15.891,1430,0
2018-01-26,19:00:00,15.971,15.971,15.901,15.901,201,0
2018-01-26,20:00:00,15.896,15.961,15.891,15.891,1005,0
2018-01-26,21:00:00,15.881,15.931,15.851,15.851,804,0
2018-01-26,22:00:00,15.842,15.881,15.723,15.802,5379,0
2018-01-29,16:00:00,15.782,15.822,15.722,15.722,2366,0
2018-01-29,17:00:00,15.712,15.802,15.533,15.792,1306,0
2018-01-29,18:00:00,15.792,15.792,15.712,15.712,402,0
2018-01-29,19:00:00,15.702,15.782,15.662,15.782,2384,0
2018-01-29,20:00:00,15.772,15.812,15.732,15.777,2362,0
2018-01-29,21:00:00,15.802,15.832,15.792,15.832,1877,0
2018-01-29,22:00:00,15.851,15.961,15.717,15.802,6478,0
2018-01-30,16:00:00,15.782,15.861,15.782,15.861,750,0
2018-01-30,17:00:00,15.891,16.08,15.847,16.08,5324,0
2018-01-30,18:00:00,16.041,16.399,15.951,16.309,4522,0
2018-01-30,19:00:00,16.235,16.299,16.145,16.19,4824,0
2018-01-30,20:00:00,16.19,16.19,16.061,16.15,7236,0
2018-01-30,21:00:00,16.15,16.165,16.1,16.14,3517,0
2018-01-30,22:00:00,16.175,16.289,16.14,16.15,10232,0
2018-01-31,16:00:00,16.06,16.19,16.06,16.06,2902,0
2018-01-31,17:00:00,16.06,16.06,15.05,15.1,31619,0
2018-01-31,18:00:00,15.2,15.5,15.14,15.23,17893,0
2018-01-31,19:00:00,15.23,15.28,15.06,15.16,9293,0
2018-01-31,20:00:00,15.15,15.19,15.065,15.12,3784,0
2018-01-31,21:00:00,15.16,15.16,14.74,14.849,4992,0
2018-01-31,22:00:00,14.849,14.92,14.651,14.83,46480,0
2018-02-01,16:00:00,14.78,15.71,14.78,15.06,1846,0
2018-02-01,17:00:00,14.97,15,14.66,14.8,5469,0
2018-02-01,18:00:00,14.79,14.86,14.76,14.76,6693,0
2018-02-01,19:00:00,14.759,14.81,14.62,14.81,1350,0
2018-02-01,20:00:00,14.8375,14.99,14.74,14.77,3151,0
2018-02-01,21:00:00,14.74,14.81,14.7,14.79,3545,0
2018-02-01,22:00:00,14.8,14.83,14.65,14.66,14012,0
2018-02-02,16:00:00,14.65,14.65,14.65,14.65,590,0
2018-02-02,17:00:00,14.85,15.25,14.85,15.075,2403,0
2018-02-02,18:00:00,14.975,15.04,14.86,14.92,2587,0
2018-02-02,19:00:00,14.835,14.87,14.6,14.6,1297,0
2018-02-02,20:00:00,14.59,14.6,14.52,14.54,1200,0
2018-02-02,21:00:00,14.65,14.75,14.53,14.65,4452,0
2018-02-02,22:00:00,14.59,14.7,14.59,14.6,7216,0
2018-02-05,16:00:00,14.51,14.51,14.51,14.51,276,0
2018-02-05,17:00:00,14.51,14.74,14.48,14.74,15351,0
2018-02-05,18:00:00,14.83,14.9,14.74,14.7595,4200,0
2018-02-05,19:00:00,14.82,14.82,14.51,14.66,8984,0
2018-02-05,20:00:00,14.66,14.66,14.5,14.52,2400,0
2018-02-05,21:00:00,14.58,14.58,14.5,14.5,3638,0
2018-02-05,22:00:00,14.5,14.53,14.23,14.26,33192,0
2018-02-06,16:00:00,14.09,14.09,14.09,14.09,1377,0
2018-02-06,17:00:00,14.45,14.53,14.295,14.295,3800,0
2018-02-06,18:00:00,14.28,14.28,14.06,14.14,5141,0
2018-02-06,19:00:00,14.41,14.41,14.33,14.33,2624,0
2018-02-06,20:00:00,14.33,14.46,14.1901,14.46,12813,0
2018-02-06,21:00:00,14.385,14.67,14.33,14.635,10522,0
2018-02-06,22:00:00,14.7,14.88,14.7,14.79,17420,0
2018-02-07,16:00:00,14.67,15.08,14.67,14.74,2431,0
2018-02-07,17:00:00,14.8897,14.8897,14.62,14.72,1245,0
2018-02-07,18:00:00,14.665,14.75,14.54,14.75,2800,0
2018-02-07,19:00:00,14.82,14.88,14.81,14.86,1400,0
2018-02-07,20:00:00,14.83,14.88,14.73,14.88,5000,0
2018-02-07,21:00:00,14.9,15.04,14.9,15.02,7700,0
2018-02-07,22:00:00,15.02,15.08,15.01,15.05,3500,0
2018-02-08,17:00:00,14.92,14.99,14.81,14.81,4900,0
2018-02-08,18:00:00,14.81,14.89,14.77,14.81,2700,0
2018-02-08,19:00:00,14.8525,14.87,14.65,14.67,7000,0
2018-02-08,20:00:00,14.62,14.64,14.41,14.595,9586,0
2018-02-08,21:00:00,14.55,14.55,14.4599,14.49,8018,0
2018-02-08,22:00:00,14.53,14.61,14.25,14.27,22061,0
2018-02-09,16:00:00,14.45,14.535,14.4,14.535,1529,0
2018-02-09,17:00:00,14.655,14.7,14.4,14.49,5693,0
2018-02-09,18:00:00,14.46,14.65,14.42,14.42,3200,0
2018-02-09,19:00:00,14.46,14.51,14.4,14.51,12941,0
2018-02-09,20:00:00,14.55,14.66,14.45,14.63,4600,0
2018-02-09,21:00:00,14.58,14.77,14.58,14.68,5620,0
2018-02-09,22:00:00,14.63,14.72,14.5,14.55,13504,0
2018-02-12,16:00:00,14.59,14.83,14.59,14.82,3417,0
2018-02-12,17:00:00,14.82,14.82,14.41,14.41,4750,0
2018-02-12,18:00:00,14.47,14.47,14.4,14.4,1025,0
2018-02-12,19:00:00,14.44,14.545,14.43,14.43,2610,0
2018-02-12,20:00:00,14.45,14.52,14.42,14.42,2841,0
2018-02-12,21:00:00,14.48,14.51,14.43,14.44,3029,0
2018-02-12,22:00:00,14.44,14.57,14.44,14.48,11446,0
2018-02-13,16:00:00,14.45,14.45,14.43,14.43,931,0
2018-02-13,17:00:00,14.4408,14.59,14.43,14.59,4824,0
2018-02-13,18:00:00,14.58,14.613,14.47,14.61,1776,0
2018-02-13,19:00:00,14.55,14.64,14.55,14.62,3055,0
2018-02-13,20:00:00,14.6,14.71,14.59,14.7,3399,0
2018-02-13,21:00:00,14.71,14.72,14.63,14.64,2600,0
2018-02-13,22:00:00,14.65,14.82,14.59,14.7,15011,0
2018-02-14,16:00:00,14.6,14.89,14.6,14.89,581,0
2018-02-14,17:00:00,15.055,15.17,14.97,14.97,4869,0
2018-02-14,18:00:00,14.9,14.92,14.68,14.7,6007,0
2018-02-14,19:00:00,14.835,14.835,14.67,14.67,1614,0
2018-02-14,20:00:00,14.67,14.7,14.67,14.7,768,0
2018-02-14,21:00:00,14.8,14.8,14.51,14.61,8200,0
2018-02-14,22:00:00,14.63,14.66,14.52,14.6,4419,0
2018-02-15,16:00:00,14.76,14.76,14.75,14.75,800,0
2018-02-15,17:00:00,14.74,15.02,14.74,14.94,4860,0
2018-02-15,18:00:00,14.94,14.96,14.86,14.88,2100,0
2018-02-15,19:00:00,14.89,14.89,14.8,14.8,3800,0
2018-02-15,20:00:00,14.8,14.81,14.73,14.76,3200,0
2018-02-15,21:00:00,14.76,14.89,14.71,14.89,2881,0
2018-02-15,22:00:00,14.89,14.9,14.7,14.81,9923,0
2018-02-16,16:00:00,14.75,14.75,14.75,14.75,1058,0
2018-02-16,17:00:00,14.79,15.0852,14.79,15.0852,620,0
2018-02-16,18:00:00,15.07,15.25,15,15.18,9648,0
2018-02-16,19:00:00,15.32,15.32,15.23,15.23,900,0
2018-02-16,20:00:00,15.13,15.24,15,15.135,5300,0
2018-02-16,21:00:00,15.2,15.2,15.13,15.19,1100,0
2018-02-16,22:00:00,15.21,15.27,15.06,15.06,7105,0
2018-02-20,16:00:00,15.04,15.23,15,15.23,4021,0
2018-02-20,17:00:00,15.23,15.24,15.06,15.06,9950,0
2018-02-20,18:00:00,15.075,15.095,15,15.045,3210,0
2018-02-20,19:00:00,15.08,15.09,15.02,15.05,3800,0
2018-02-20,20:00:00,14.98,14.98,14.82,14.84,3500,0
2018-02-20,21:00:00,14.83,14.85,14.82,14.84,1925,0
2018-02-20,22:00:00,14.85,14.97,14.82,14.92,8211,0
2018-02-21,16:00:00,14.94,15.66,14.94,15.64,9158,0
2018-02-21,17:00:00,15.46,16.18,15.44,16.18,7659,0
2018-02-21,18:00:00,16.23,16.32,16.23,16.26,3290,0
2018-02-21,19:00:00,16.26,16.29,16.26,16.28,6683,0
2018-02-21,20:00:00,16.275,16.275,15.93,15.96,4000,0
2018-02-21,21:00:00,15.9,16.08,15.9,16.005,2075,0
2018-02-21,22:00:00,15.96,15.96,15.65,15.79,14827,0
2018-02-22,16:00:00,15.8,15.83,15.555,15.83,3776,0
2018-02-22,17:00:00,15.91,16.13,15.91,16.03,7050,0
2018-02-22,18:00:00,16.07,16.12,16.07,16.07,400,0
2018-02-22,19:00:00,16.1899,16.2,16.07,16.07,7299,0
2018-02-22,20:00:00,16.07,16.07,15.93,16.01,3100,0
2018-02-22,21:00:00,16,16.09,16,16.09,3400,0
2018-02-22,22:00:00,16.11,16.11,15.74,15.82,19262,0
2018-02-23,16:00:00,15.91,15.91,15.78,15.84,1140,0
2018-02-23,17:00:00,15.94,15.94,15.935,15.94,1000,0
2018-02-23,18:00:00,15.98,16.03,15.97,15.98,1500,0
2018-02-23,19:00:00,15.965,15.99,15.94,15.94,11489,0
2018-02-23,20:00:00,15.94,15.94,15.665,15.665,3774,0
2018-02-23,21:00:00,15.62,15.669,15.598,15.61,3102,0
2018-02-23,22:00:00,15.62,15.77,15.62,15.77,4791,0
2018-02-26,16:00:00,15.76,15.81,15.76,15.775,1401,0
2018-02-26,17:00:00,15.74,15.82,15.69,15.82,2200,0
2018-02-26,18:00:00,15.8,16.015,15.8,16.015,5520,0
2018-02-26,19:00:00,15.96,15.96,15.89,15.94,1400,0
2018-02-26,20:00:00,15.95,16.11,15.95,16.11,5161,0
2018-02-26,21:00:00,16.09,16.11,16.07,16.07,1500,0
2018-02-26,22:00:00,16.07,16.21,16.015,16.08,5676,0
2018-02-27,16:00:00,16.04,16.22,16.04,16.19,906,0
2018-02-27,17:00:00,16.121,16.22,16.08,16.15,4170,0
2018-02-27,18:00:00,16.05,16.19,16.05,16.055,2617,0
2018-02-27,19:00:00,15.95,16.015,15.91,15.91,1200,0
2018-02-27,20:00:00,15.91,15.98,15.87,15.89,1300,0
2018-02-27,21:00:00,15.89,15.985,15.89,15.985,9795,0
2018-02-27,22:00:00,15.97,16.1,15.87,15.87,5803,0
2018-02-28,16:00:00,15.83,15.83,15.83,15.83,239,0
2018-02-28,17:00:00,15.74,15.99,15.74,15.81,1800,0
2018-02-28,18:00:00,15.96,15.96,15.8,15.8,2100,0
2018-02-28,19:00:00,15.61,15.75,15.61,15.75,1000,0
2018-02-28,20:00:00,15.75,15.79,15.75,15.79,4500,0
2018-02-28,21:00:00,15.79,15.83,15.72,15.72,4300,0
2018-02-28,22:00:00,15.64,15.66,15.41,15.41,6300,0
2018-03-01,16:00:00,15.49,15.67,15.49,15.54,591,0
2018-03-01,17:00:00,15.48,15.7312,15.48,15.57,1957,0
2018-03-01,18:00:00,15.57,15.6999,15.52,15.52,3507,0
2018-03-01,19:00:00,15.61,15.61,15.55,15.55,1600,0
2018-03-01,20:00:00,15.55,15.55,15.43,15.49,2974,0
2018-03-01,21:00:00,15.5,15.54,15.5,15.54,3888,0
2018-03-01,22:00:00,15.5,15.6,15.5,15.6,7731,0
2018-03-02,16:00:00,15.48,15.69,15.37,15.69,602,0
2018-03-02,17:00:00,15.5784,15.81,15.46,15.615,1902,0
2018-03-02,18:00:00,15.93,15.99,15.815,15.99,1418,0
2018-03-02,19:00:00,15.81,16.0659,15.81,16.0659,2883,0
2018-03-02,20:00:00,16.08,16.17,16.05,16.05,3200,0
2018-03-02,21:00:00,15.88,15.88,15.66,15.86,1200,0
2018-03-02,22:00:00,15.74,15.93,15.63,15.82,4182,0
2018-03-05,16:00:00,15.77,15.77,15.77,15.77,337,0
2018-03-05,17:00:00,16.17,16.17,15.975,15.98,600,0
2018-03-05,18:00:00,16.12,16.12,15.89,15.955,500,0
2018-03-05,19:00:00,15.9226,16.01,15.92,15.99,8832,0
2018-03-05,20:00:00,16.05,16.05,15.84,15.84,2600,0
2018-03-05,21:00:00,15.78,15.9,15.75,15.9,1900,0
2018-03-05,22:00:00,15.82,16,15.76,15.83,7949,0
2018-03-06,16:00:00,15.9,15.9,15.51,15.6,1429,0
2018-03-06,17:00:00,16.01,16.01,15.7,15.79,2800,0
2018-03-06,18:00:00,15.795,15.805,15.795,15.805,500,0
2018-03-06,19:00:00,15.82,15.82,15.82,15.82,100,0
2018-03-06,20:00:00,15.73,15.81,15.73,15.81,200,0
2018-03-06,21:00:00,15.81,15.93,15.7431,15.93,1625,0
2018-03-06,22:00:00,15.93,15.99,15.88,15.96,9432,0
2018-03-07,16:00:00,15.87,15.87,15.87,15.87,179,0
2018-03-07,17:00:00,15.98,16.37,15.96,16.31,5002,0
2018-03-07,18:00:00,16.36,16.44,16.26,16.44,7035,0
2018-03-07,19:00:00,16.42,16.42,16.27,16.38,700,0
2018-03-07,20:00:00,16.39,16.4,16.28,16.36,1301,0
2018-03-07,21:00:00,16.26,16.46,16.26,16.42,2283,0
2018-03-07,22:00:00,16.26,16.42,16.195,16.35,13949,0
2018-03-08,16:00:00,16.41,16.41,16.41,16.41,183,0
2018-03-08,17:00:00,16.28,16.32,16.19,16.28,5388,0
2018-03-08,18:00:00,16.28,16.32,16.28,16.32,2391,0
2018-03-08,19:00:00,16.28,16.34,16.28,16.28,700,0
2018-03-08,20:00:00,16.29,16.33,16.29,16.3,601,0
2018-03-08,21:00:00,16.38,16.38,16.28,16.32,1153,0
2018-03-08,22:00:00,16.35,16.37,16.28,16.35,5669,0
2018-03-09,16:00:00,16.47,16.47,16.17,16.21,546,0
2018-03-09,18:00:00,16.4,16.5,16.33,16.39,5725,0
2018-03-09,19:00:00,16.45,16.69,16.45,16.69,1300,0
2018-03-09,20:00:00,16.61,16.72,16.61,16.71,1000,0
2018-03-09,21:00:00,16.71,16.72,16.56,16.57,3837,0
2018-03-09,22:00:00,16.615,16.69,16.56,16.59,5161,0
2018-03-12,15:00:00,16.58,16.58,16.44,16.51,477,0
2018-03-12,16:00:00,16.5,16.53,16.48,16.48,2351,0
2018-03-12,17:00:00,16.48,16.48,16.31,16.355,925,0
2018-03-12,18:00:00,16.355,16.43,16.355,16.38,570,0
2018-03-12,19:00:00,16.48,16.58,16.43,16.43,500,0
2018-03-12,20:00:00,16.55,16.55,16.5,16.5456,839,0
2018-03-12,21:00:00,16.6,16.68,16.53,16.61,4553,0
2018-03-13,15:00:00,16.78,16.78,16.52,16.52,696,0
2018-03-13,16:00:00,16.59,16.63,16.48,16.55,2390,0
2018-03-13,17:00:00,16.48,16.52,16.23,16.3674,23812,0
2018-03-13,18:00:00,16.41,16.41,16.41,16.41,200,0
2018-03-13,19:00:00,16.52,16.6,16.52,16.6,500,0
2018-03-13,20:00:00,16.52,16.56,16.51,16.51,1156,0
2018-03-13,21:00:00,16.6,16.61,16.45,16.52,7899,0
2018-03-14,15:00:00,17,17,16.32,16.87,975,0
2018-03-14,16:00:00,16.84,16.85,16.795,16.795,675,0
2018-03-14,17:00:00,16.8,16.81,16.28,16.41,16196,0
2018-03-14,18:00:00,16.4698,16.4698,16.26,16.44,24623,0
2018-03-14,19:00:00,16.33,16.36,15.76,16.26,23840,0
2018-03-14,20:00:00,16.23,16.23,16,16,4926,0
2018-03-14,21:00:00,16.05,16.1,16.02,16.09,9828,0
2018-03-15,15:00:00,16.16,16.52,16.16,16.4005,4168,0
2018-03-15,16:00:00,16.45,16.75,16.4,16.75,5750,0
2018-03-15,17:00:00,16.85,17,16.85,16.9364,1100,0
2018-03-15,18:00:00,16.99,16.99,16.9,16.9,1959,0
2018-03-15,19:00:00,16.96,17.25,16.95,17.19,4860,0
2018-03-15,20:00:00,17.19,17.5,17.19,17.42,5500,0
2018-03-15,21:00:00,17.48,17.49,17.11,17.22,12266,0
2018-03-16,15:00:00,17.15,17.15,16.8537,16.86,18617,0
2018-03-16,16:00:00,16.86,17.16,16.86,17.06,4562,0
2018-03-16,17:00:00,17.09,17.09,16.838,16.94,4738,0
2018-03-16,18:00:00,16.97,17,16.61,16.61,9994,0
2018-03-16,19:00:00,16.665,16.665,16.43,16.43,7232,0
2018-03-16,20:00:00,16.36,16.36,16.26,16.32,9296,0
2018-03-16,21:00:00,16.35,16.5,16.11,16.22,27645,0
2018-03-19,15:00:00,16.17,17.32,16.17,16.25,8620,0
2018-03-19,16:00:00,16.3,16.5,16.16,16.5,2751,0
2018-03-19,17:00:00,16.51,16.82,16.51,16.62,4465,0
2018-03-19,18:00:00,16.66,16.7,16.48,16.48,2641,0
2018-03-19,19:00:00,16.49,16.56,16.4,16.56,2384,0
2018-03-19,20:00:00,16.56,16.64,16.381,16.39,2100,0
2018-03-19,21:00:00,16.381,16.71,16.34,16.52,15048,0
2018-03-20,15:00:00,16.51,16.51,16.51,16.51,256,0
2018-03-20,16:00:00,16.6,16.6,16.23,16.39,19650,0
2018-03-20,17:00:00,16.37,16.434,16.27,16.415,2830,0
2018-03-20,18:00:00,16.26,16.335,16.21,16.27,3044,0
2018-03-20,19:00:00,16.15,16.19,16.15,16.15,800,0
2018-03-20,20:00:00,16.18,16.3158,16.18,16.26,909,0
2018-03-20,21:00:00,16.24,16.3,16.2,16.2,6350,0
2018-03-21,15:00:00,16.17,16.68,16.16,16.68,1562,0
2018-03-21,16:00:00,16.31,16.31,16,16.125,6443,0
2018-03-21,17:00:00,16.13,16.19,16.12,16.19,1519,0
2018-03-21,18:00:00,16.15,16.15,16,16,1503,0
2018-03-21,19:00:00,16.02,16.13,16.02,16.13,1800,0
2018-03-21,20:00:00,16.15,16.54,16.02,16.02,3100,0
2018-03-21,21:00:00,16.02,16.25,16,16.02,6870,0
2018-03-22,15:00:00,16,16.37,16,16.26,5969,0
2018-03-22,16:00:00,16.1,16.1,15.98,15.98,6967,0
2018-03-22,17:00:00,16.06,16.06,16,16,3420,0
2018-03-22,18:00:00,16.0279,16.08,16.01,16.08,4000,0
2018-03-22,19:00:00,16.07,16.33,16.025,16.33,5451,0
2018-03-22,20:00:00,16.3,16.3,16.01,16.01,2300,0
2018-03-22,21:00:00,16,16.11,16,16.01,11908,0
2018-03-23,15:00:00,16,16.05,16,16,7973,0
2018-03-23,16:00:00,16.02,16.04,15.97,16.03,5229,0
2018-03-23,17:00:00,16.05,16.08,15.915,16,6757,0
2018-03-23,18:00:00,15.98,15.98,15.94,15.96,800,0
2018-03-23,19:00:00,16,16.03,15.96,16.03,1200,0
2018-03-23,20:00:00,16.005,16.005,15.78,15.78,8797,0
2018-03-23,21:00:00,15.73,15.9,15.6601,15.71,17556,0
2018-03-26,16:00:00,15.87,15.87,15.7,15.84,1129,0
2018-03-26,17:00:00,15.89,15.975,15.85,15.88,5603,0
2018-03-26,18:00:00,15.88,15.92,15.76,15.9,4191,0
2018-03-26,19:00:00,15.93,15.96,15.751,15.78,4750,0
2018-03-26,20:00:00,15.78,15.9,15.76,15.9,3543,0
2018-03-26,21:00:00,15.92,16.02,15.91,15.98,4993,0
2018-03-26,22:00:00,15.98,16.105,15.86,16.05,12789,0
2018-03-27,16:00:00,15.81,16.12,15.72,15.855,2500,0
2018-03-27,17:00:00,15.9,15.99,15.89,15.91,2776,0
2018-03-27,18:00:00,15.92,15.99,15.8,15.98,4969,0
2018-03-27,19:00:00,15.99,16,15.89,15.97,4400,0
2018-03-27,20:00:00,16,16,15.84,15.91,3900,0
2018-03-27,21:00:00,15.8298,15.96,15.8298,15.91,1800,0
2018-03-27,22:00:00,15.91,15.91,15.715,15.79,8264,0
2018-03-28,16:00:00,16.07,16.07,15.76,15.795,1050,0
2018-03-28,17:00:00,15.83,16,15.735,16,9395,0
2018-03-28,18:00:00,16,16.06,15.9395,15.9395,3100,0
2018-03-28,19:00:00,16.03,16.04,15.925,15.98,5300,0
2018-03-28,20:00:00,15.98,16.095,15.96,16.08,5600,0
2018-03-28,21:00:00,16.05,16.07,15.96,16.07,2600,0
2018-03-28,22:00:00,16.01,16.02,15.81,15.89,15045,0
2018-03-29,16:00:00,15.96,16.1,15.7,15.79,5266,0
2018-03-29,17:00:00,15.8,16.04,15.8,16.02,3339,0
2018-03-29,18:00:00,16.045,16.045,15.925,15.985,1171,0
2018-03-29,19:00:00,15.99,15.99,15.96,15.96,3100,0
2018-03-29,20:00:00,15.96,16.06,15.96,16.06,3900,0
2018-03-29,21:00:00,16.01,16.05,15.96,16.025,2900,0
2018-03-29,22:00:00,15.985,16.049,15.7,15.77,139702,0
