Date,Time,Open,High,Low,Close,Volume,OpenInt
2017-08-17,18:00:00,12.452,12.452,12.452,12.452,200,0
2017-08-17,19:00:00,12.403,12.452,12.403,12.452,301,0
2017-08-17,21:00:00,12.403,12.403,12.403,12.403,307,0
2017-08-17,22:00:00,12.354,12.354,12.254,12.254,502,0
2017-08-18,17:00:00,12.054,12.154,12.054,12.054,1866,0
2017-08-18,18:00:00,12.004,12.004,11.954,11.954,3613,0
2017-08-18,19:00:00,11.954,12.004,11.954,12.004,913,0
2017-08-18,20:00:00,11.954,11.981,11.905,11.905,1104,0
2017-08-18,21:00:00,11.924,11.954,11.905,11.954,22477,0
2017-08-18,22:00:00,11.93,12.004,11.905,12.004,11145,0
2017-08-21,16:00:00,11.954,11.954,11.954,11.954,120,0
2017-08-21,18:00:00,11.935,11.954,11.905,11.93,1667,0
2017-08-21,19:00:00,11.905,11.93,11.805,11.805,3739,0
2017-08-21,20:00:00,11.855,11.905,11.832,11.905,3178,0
2017-08-21,21:00:00,11.929,11.954,11.905,11.905,2208,0
2017-08-21,22:00:00,11.93,12.004,11.905,12.004,2788,0
2017-08-22,16:00:00,11.954,11.954,11.954,11.954,127,0
2017-08-22,17:00:00,11.954,12.004,11.954,12.004,402,0
2017-08-22,18:00:00,11.954,11.954,11.954,11.954,100,0
2017-08-22,21:00:00,11.954,11.954,11.954,11.954,200,0
2017-08-22,22:00:00,11.93,11.979,11.905,11.905,3463,0
2017-08-23,17:00:00,11.905,11.954,11.905,11.954,301,0
2017-08-23,19:00:00,11.965,11.965,11.965,11.965,1807,0
2017-08-23,20:00:00,12.054,12.054,12.054,12.054,100,0
2017-08-23,22:00:00,12.054,12.054,11.954,11.954,2344,0
2017-08-24,16:00:00,12.054,12.054,12.054,12.054,211,0
2017-08-24,18:00:00,12.054,12.054,12.054,12.054,100,0
2017-08-24,19:00:00,12.016,12.154,12.016,12.154,301,0
2017-08-24,22:00:00,12.154,12.204,12.104,12.204,333,0
2017-08-25,17:00:00,12.204,12.204,12.204,12.204,301,0
2017-08-25,18:00:00,12.154,12.159,11.954,11.954,9837,0
2017-08-25,19:00:00,12.054,12.054,11.954,11.954,271,0
2017-08-25,22:00:00,12.204,12.204,12.004,12.104,947,0
2017-08-28,16:00:00,12.054,12.054,12.054,12.054,102,0
2017-08-28,18:00:00,12.104,12.104,12.004,12.054,1015,0
2017-08-28,19:00:00,12.104,12.104,12.104,12.104,100,0
2017-08-28,20:00:00,12.104,12.104,12.059,12.059,903,0
2017-08-28,21:00:00,12.061,12.104,12.004,12.104,903,0
2017-08-28,22:00:00,12.087,12.104,12.004,12.004,2686,0
2017-08-29,17:00:00,12.104,12.104,12.104,12.104,100,0
2017-08-29,20:00:00,12.099,12.099,12.099,12.099,1505,0
2017-08-29,22:00:00,12.104,12.104,12.104,12.104,301,0
2017-08-30,17:00:00,12.104,12.104,12.104,12.104,502,0
2017-08-30,18:00:00,12.104,12.104,12.104,12.104,100,0
2017-08-30,19:00:00,12.079,12.079,12.054,12.079,853,0
2017-08-30,20:00:00,12.079,12.104,12.079,12.104,200,0
2017-08-30,21:00:00,12.054,12.079,12.054,12.054,502,0
2017-08-30,22:00:00,12.104,12.154,12.054,12.054,506,0
2017-08-31,16:00:00,12.054,12.054,11.805,11.954,1207,0
2017-08-31,17:00:00,12.104,12.104,12.004,12.024,1707,0
2017-08-31,18:00:00,11.954,12.004,11.954,11.979,1004,0
2017-08-31,19:00:00,11.979,12.004,11.979,11.979,502,0
2017-08-31,20:00:00,11.979,11.979,11.954,11.979,1707,0
2017-08-31,21:00:00,11.979,11.979,11.954,11.954,1857,0
2017-08-31,22:00:00,11.954,12.004,11.954,11.954,4311,0
2017-09-01,18:00:00,11.959,11.959,11.954,11.954,1104,0
2017-09-01,20:00:00,11.959,11.959,11.959,11.959,301,0
2017-09-01,21:00:00,12.004,12.004,12.004,12.004,100,0
2017-09-01,22:00:00,12.004,12.054,12.004,12.054,374,0
2017-09-05,16:00:00,12.004,12.054,12.004,12.054,200,0
2017-09-05,17:00:00,12.054,12.104,12.054,12.104,200,0
2017-09-05,18:00:00,12.104,12.104,12.104,12.104,903,0
2017-09-05,19:00:00,12.104,12.154,12.104,12.104,703,0
2017-09-05,20:00:00,12.029,12.104,11.954,12.054,2614,0
2017-09-05,21:00:00,12.104,12.154,12.054,12.154,803,0
2017-09-05,22:00:00,12.104,12.204,12.054,12.204,3727,0
2017-09-06,16:00:00,12.204,12.204,12.204,12.204,104,0
2017-09-06,17:00:00,12.129,12.204,12.054,12.154,2007,0
2017-09-06,18:00:00,12.054,12.154,12.004,12.054,1607,0
2017-09-06,19:00:00,12.004,12.104,12.004,12.104,3012,0
2017-09-06,20:00:00,12.204,12.204,12.154,12.154,602,0
2017-09-06,21:00:00,12.104,12.204,12.104,12.154,703,0
2017-09-06,22:00:00,12.129,12.154,12.054,12.154,2584,0
2017-09-07,16:00:00,12.204,12.204,11.954,12.033,1198,0
2017-09-07,17:00:00,12.054,12.104,12.004,12.054,803,0
2017-09-07,18:00:00,12.154,12.154,12.054,12.054,1355,0
2017-09-07,19:00:00,12.004,12.054,12.004,12.054,502,0
2017-09-07,20:00:00,12.054,12.054,12.054,12.054,301,0
2017-09-07,21:00:00,12.054,12.104,12.054,12.104,803,0
2017-09-07,22:00:00,12.104,12.104,12.004,12.104,4069,0
2017-09-08,16:00:00,12.204,12.204,12.204,12.204,703,0
2017-09-08,17:00:00,12.154,12.204,12.154,12.204,301,0
2017-09-08,18:00:00,12.154,12.204,12.154,12.204,2108,0
2017-09-08,19:00:00,12.204,12.403,12.204,12.354,1707,0
2017-09-08,20:00:00,12.379,12.403,12.354,12.379,1205,0
2017-09-08,21:00:00,12.403,12.452,12.354,12.452,1004,0
2017-09-08,22:00:00,12.428,12.502,12.403,12.502,3734,0
2017-09-11,16:00:00,12.552,12.602,12.552,12.582,1691,0
2017-09-11,17:00:00,12.602,12.602,12.558,12.581,1399,0
2017-09-11,18:00:00,12.577,12.602,12.577,12.602,502,0
2017-09-11,19:00:00,12.577,12.602,12.577,12.602,602,0
2017-09-11,20:00:00,12.602,12.602,12.602,12.602,301,0
2017-09-11,21:00:00,12.602,12.602,12.552,12.602,903,0
2017-09-11,22:00:00,12.602,12.602,12.552,12.602,6070,0
2017-09-12,17:00:00,12.552,12.602,12.552,12.602,402,0
2017-09-12,18:00:00,12.602,12.802,12.602,12.777,3219,0
2017-09-12,19:00:00,12.802,12.951,12.752,12.901,3909,0
2017-09-12,20:00:00,12.912,12.946,12.912,12.946,1176,0
2017-09-12,21:00:00,12.951,12.951,12.901,12.951,602,0
2017-09-12,22:00:00,12.951,13.001,12.901,13.001,2715,0
2017-09-13,16:00:00,13.001,13.001,13.001,13.001,757,0
2017-09-13,17:00:00,13.001,13.1,12.951,13.001,13449,0
2017-09-13,18:00:00,13.051,13.051,12.951,12.951,200,0
2017-09-13,19:00:00,13.051,13.051,13.051,13.051,200,0
2017-09-13,20:00:00,13.051,13.051,13.026,13.051,703,0
2017-09-13,21:00:00,13.001,13.051,13.001,13.051,3959,0
2017-09-13,22:00:00,13.1,13.15,13.001,13.15,11873,0
2017-09-14,17:00:00,13.1,13.2,13.051,13.051,1607,0
2017-09-14,18:00:00,13.051,13.1,13.001,13.1,1104,0
2017-09-14,19:00:00,13.1,13.1,13.1,13.1,703,0
2017-09-14,21:00:00,13.051,13.1,13.001,13.051,703,0
2017-09-14,22:00:00,13.1,13.1,13.001,13.1,4331,0
2017-09-15,16:00:00,13.001,13.001,13.001,13.001,502,0
2017-09-15,17:00:00,13.15,13.2,13.15,13.2,200,0
2017-09-15,18:00:00,13.2,13.2,13.2,13.2,1004,0
2017-09-15,19:00:00,13.2,13.2,13.15,13.15,301,0
2017-09-15,20:00:00,13.25,13.25,13.051,13.1,1364,0
2017-09-15,21:00:00,13.1,13.1,13.001,13.001,402,0
2017-09-15,22:00:00,13.1,13.1,12.304,12.304,36276,0
2017-09-18,16:00:00,12.452,12.452,12.354,12.354,1018,0
2017-09-18,17:00:00,12.452,12.452,12.403,12.403,1111,0
2017-09-18,18:00:00,12.452,12.602,12.452,12.502,5294,0
2017-09-18,19:00:00,12.552,12.552,12.552,12.552,100,0
2017-09-18,20:00:00,12.552,12.552,12.552,12.552,352,0
2017-09-18,21:00:00,12.602,12.602,12.502,12.502,402,0
2017-09-18,22:00:00,12.502,12.575,12.452,12.502,4621,0
2017-09-19,16:00:00,12.403,12.577,12.403,12.577,704,0
2017-09-19,17:00:00,12.502,12.502,12.502,12.502,100,0
2017-09-19,22:00:00,12.552,12.552,12.452,12.502,2586,0
2017-09-20,16:00:00,12.552,12.552,12.552,12.552,602,0
2017-09-20,17:00:00,12.602,12.602,12.602,12.602,200,0
2017-09-20,18:00:00,12.577,12.655,12.577,12.602,1724,0
2017-09-20,19:00:00,12.502,12.552,12.502,12.552,978,0
2017-09-20,20:00:00,12.452,12.452,12.452,12.452,100,0
2017-09-20,21:00:00,12.552,12.602,12.524,12.602,1131,0
2017-09-20,22:00:00,12.652,12.652,12.552,12.652,967,0
2017-09-21,16:00:00,12.702,12.702,12.702,12.702,100,0
2017-09-21,17:00:00,12.752,12.802,12.752,12.802,200,0
2017-09-21,18:00:00,12.777,12.777,12.777,12.777,200,0
2017-09-21,19:00:00,12.781,12.781,12.752,12.777,984,0
2017-09-21,20:00:00,12.752,12.777,12.752,12.777,301,0
2017-09-21,21:00:00,12.777,12.777,12.777,12.777,100,0
2017-09-21,22:00:00,12.802,12.802,12.752,12.802,2019,0
2017-09-22,16:00:00,12.802,12.802,12.802,12.802,100,0
2017-09-22,17:00:00,12.602,12.702,12.602,12.702,200,0
2017-09-22,19:00:00,12.702,12.901,12.702,12.901,1692,0
2017-09-22,20:00:00,12.851,12.901,12.851,12.901,301,0
2017-09-22,21:00:00,12.851,12.851,12.851,12.851,100,0
2017-09-22,22:00:00,12.901,12.951,12.901,12.951,1227,0
2017-09-25,16:00:00,12.901,13.001,12.896,13.001,4373,0
2017-09-25,17:00:00,13.001,13.001,13.001,13.001,301,0
2017-09-25,18:00:00,13.001,13.001,12.951,12.996,1114,0
2017-09-25,19:00:00,12.951,12.951,12.951,12.951,100,0
2017-09-25,20:00:00,12.951,12.951,12.901,12.901,301,0
2017-09-25,21:00:00,12.926,12.956,12.926,12.951,5072,0
2017-09-25,22:00:00,12.951,13.001,12.951,13.001,1367,0
2017-09-26,16:00:00,12.901,13.051,12.901,13.051,2208,0
2017-09-26,17:00:00,13.001,13.026,13.001,13.001,2007,0
2017-09-26,18:00:00,12.951,12.951,12.951,12.951,200,0
2017-09-26,19:00:00,12.977,12.977,12.977,12.977,200,0
2017-09-26,20:00:00,13.051,13.051,12.951,12.951,602,0
2017-09-26,21:00:00,13.001,13.001,12.951,12.951,402,0
2017-09-26,22:00:00,13.051,13.051,12.951,13.051,1183,0
2017-09-27,16:00:00,13.051,13.051,13.001,13.001,1004,0
2017-09-27,17:00:00,13.001,13.001,13.001,13.001,402,0
2017-09-27,18:00:00,13.001,13.001,13.001,13.001,602,0
2017-09-27,19:00:00,13.001,13.001,13.001,13.001,502,0
2017-09-27,20:00:00,13.001,13.051,13.001,13.051,1606,0
2017-09-27,21:00:00,13.051,13.051,13.051,13.051,2208,0
2017-09-27,22:00:00,13.051,13.051,12.901,13.001,3582,0
2017-09-28,16:00:00,13.051,13.051,13.051,13.051,100,0
2017-09-28,21:00:00,13.1,13.1,13.001,13.001,200,0
2017-09-28,22:00:00,13.1,13.25,13.075,13.25,6824,0
2017-09-29,16:00:00,13.349,13.349,13.28,13.28,1507,0
2017-09-29,17:00:00,13.299,13.299,13.299,13.299,241,0
2017-09-29,19:00:00,13.255,13.299,13.25,13.299,4617,0
2017-09-29,20:00:00,13.25,13.25,13.25,13.25,100,0
2017-09-29,21:00:00,13.25,13.25,13.25,13.25,301,0
2017-09-29,22:00:00,13.299,13.299,13.25,13.275,1394,0
2017-10-02,16:00:00,13.349,13.349,13.299,13.299,505,0
2017-10-02,17:00:00,13.299,13.299,13.299,13.299,466,0
2017-10-02,18:00:00,13.275,13.275,13.25,13.25,200,0
2017-10-02,20:00:00,13.25,13.25,13.25,13.25,301,0
2017-10-02,21:00:00,13.249,13.249,13.2,13.2,883,0
2017-10-02,22:00:00,13.25,13.25,13.2,13.25,1124,0
2017-10-03,17:00:00,13.256,13.299,13.245,13.299,903,0
2017-10-03,18:00:00,13.2,13.2,13.2,13.2,100,0
2017-10-03,19:00:00,13.2,13.2,13.2,13.2,1104,0
2017-10-03,20:00:00,13.15,13.15,13.15,13.15,100,0
2017-10-03,21:00:00,13.15,13.2,13.15,13.2,732,0
2017-10-03,22:00:00,13.2,13.2,13.1,13.1,5238,0
2017-10-04,17:00:00,13.051,13.072,12.951,12.951,4956,0
2017-10-04,18:00:00,12.951,12.951,12.951,12.951,480,0
2017-10-04,19:00:00,12.951,12.951,12.901,12.901,502,0
2017-10-04,20:00:00,12.901,12.901,12.901,12.901,100,0
2017-10-04,21:00:00,12.901,12.901,12.876,12.876,1707,0
2017-10-04,22:00:00,12.876,12.901,12.802,12.802,3240,0
2017-10-05,17:00:00,12.851,12.901,12.851,12.901,1908,0
2017-10-05,19:00:00,12.901,12.901,12.901,12.901,100,0
2017-10-05,20:00:00,12.802,12.867,12.802,12.851,803,0
2017-10-05,21:00:00,12.851,12.851,12.802,12.851,414,0
2017-10-05,22:00:00,12.802,12.851,12.802,12.802,1341,0
2017-10-06,18:00:00,12.752,12.752,12.702,12.702,342,0
2017-10-06,20:00:00,12.702,12.702,12.692,12.692,561,0
2017-10-06,21:00:00,12.677,12.677,12.677,12.677,200,0
2017-10-06,22:00:00,12.652,12.702,12.602,12.652,5008,0
2017-10-09,16:00:00,12.752,12.752,12.702,12.752,527,0
2017-10-09,17:00:00,12.702,12.702,12.702,12.702,703,0
2017-10-09,22:00:00,12.802,12.802,12.802,12.802,105,0
2017-10-10,16:00:00,12.802,12.802,12.752,12.752,200,0
2017-10-10,19:00:00,12.752,12.752,12.752,12.752,402,0
2017-10-10,22:00:00,12.797,12.802,12.602,12.652,10460,0
2017-10-11,18:00:00,12.702,12.702,12.702,12.702,200,0
2017-10-11,19:00:00,12.752,12.752,12.752,12.752,12015,0
2017-10-11,21:00:00,12.752,12.752,12.702,12.727,3312,0
2017-10-11,22:00:00,12.702,12.752,12.602,12.602,2919,0
2017-10-12,16:00:00,12.672,12.672,12.672,12.672,557,0
2017-10-12,17:00:00,12.652,12.851,12.602,12.752,6161,0
2017-10-12,19:00:00,12.752,12.752,12.752,12.752,100,0
2017-10-12,21:00:00,12.69,12.69,12.69,12.69,272,0
2017-10-12,22:00:00,12.752,12.752,12.602,12.602,1627,0
2017-10-13,17:00:00,12.697,12.702,12.697,12.702,23259,0
2017-10-13,19:00:00,12.602,12.652,12.602,12.652,301,0
2017-10-13,20:00:00,12.652,12.652,12.502,12.502,1907,0
2017-10-13,22:00:00,12.652,12.652,12.552,12.652,895,0
2017-10-16,17:00:00,12.552,12.616,12.552,12.602,402,0
2017-10-16,18:00:00,12.602,12.602,12.602,12.602,188,0
2017-10-16,19:00:00,12.652,12.652,12.652,12.652,803,0
2017-10-16,20:00:00,12.602,12.652,12.602,12.652,803,0
2017-10-16,21:00:00,12.652,12.652,12.602,12.602,2278,0
2017-10-16,22:00:00,12.652,12.702,12.602,12.652,1988,0
2017-10-17,17:00:00,12.702,12.702,12.652,12.677,3413,0
2017-10-17,18:00:00,12.702,12.752,12.702,12.752,2610,0
2017-10-17,20:00:00,12.702,12.702,12.702,12.702,100,0
2017-10-17,21:00:00,12.702,12.702,12.702,12.702,100,0
2017-10-17,22:00:00,12.752,12.752,12.702,12.702,4517,0
2017-10-18,16:00:00,12.802,12.802,12.802,12.802,200,0
2017-10-18,17:00:00,12.802,12.827,12.752,12.752,4038,0
2017-10-18,18:00:00,12.752,12.752,12.752,12.752,100,0
2017-10-18,19:00:00,12.777,12.802,12.752,12.752,3312,0
2017-10-18,20:00:00,12.752,12.752,12.702,12.702,2007,0
2017-10-18,22:00:00,12.702,12.727,12.702,12.702,1907,0
2017-10-19,16:00:00,12.697,12.697,12.697,12.697,1004,0
2017-10-19,17:00:00,12.602,12.602,12.602,12.602,200,0
2017-10-19,18:00:00,12.552,12.552,12.552,12.552,3262,0
2017-10-19,19:00:00,12.502,12.502,12.452,12.452,1556,0
2017-10-19,20:00:00,12.452,12.602,12.452,12.552,6174,0
2017-10-19,21:00:00,12.602,12.652,12.602,12.602,301,0
2017-10-19,22:00:00,12.602,12.702,12.602,12.702,3348,0
2017-10-20,16:00:00,12.702,12.702,12.702,12.702,200,0
2017-10-20,17:00:00,12.652,12.752,12.652,12.752,2359,0
2017-10-20,18:00:00,12.752,12.851,12.752,12.851,7386,0
2017-10-20,19:00:00,12.851,12.901,12.802,12.901,7749,0
2017-10-20,20:00:00,12.901,12.901,12.772,12.901,9424,0
2017-10-20,21:00:00,12.861,13.051,12.851,12.901,8936,0
2017-10-20,22:00:00,12.951,13.051,12.951,13.051,4066,0
2017-10-23,16:00:00,13.15,13.15,13.027,13.051,2013,0
2017-10-23,17:00:00,12.951,13.051,12.951,13.001,803,0
2017-10-23,18:00:00,12.951,12.951,12.851,12.851,2610,0
2017-10-23,19:00:00,12.951,12.951,12.851,12.901,2903,0
2017-10-23,20:00:00,12.901,12.901,12.851,12.901,1807,0
2017-10-23,21:00:00,12.901,12.951,12.851,12.901,1907,0
2017-10-23,22:00:00,12.901,12.951,12.851,12.901,6474,0
2017-10-24,16:00:00,12.919,12.951,12.919,12.951,4439,0
2017-10-24,17:00:00,12.851,12.851,12.851,12.851,301,0
2017-10-24,18:00:00,12.851,12.951,12.851,12.851,1777,0
2017-10-24,19:00:00,12.901,12.951,12.901,12.901,853,0
2017-10-24,20:00:00,12.951,12.951,12.901,12.951,502,0
2017-10-24,21:00:00,12.901,13.001,12.901,12.976,1205,0
2017-10-24,22:00:00,12.951,13.001,12.901,12.901,2047,0
2017-10-25,16:00:00,12.901,12.986,12.901,12.986,1507,0
2017-10-25,17:00:00,12.951,12.951,12.951,12.951,100,0
2017-10-25,18:00:00,12.951,12.951,12.951,12.951,200,0
2017-10-25,20:00:00,12.901,12.901,12.901,12.901,1305,0
2017-10-25,21:00:00,12.851,12.851,12.802,12.802,1004,0
2017-10-25,22:00:00,12.851,12.851,12.752,12.802,1620,0
2017-10-26,16:00:00,12.851,12.851,12.851,12.851,301,0
2017-10-26,17:00:00,12.802,12.802,12.802,12.802,100,0
2017-10-26,18:00:00,12.802,12.802,12.802,12.802,200,0
2017-10-26,20:00:00,12.802,12.802,12.752,12.752,301,0
2017-10-26,21:00:00,12.752,12.752,12.702,12.702,200,0
2017-10-26,22:00:00,12.702,12.802,12.652,12.702,2878,0
2017-10-27,16:00:00,12.602,12.627,12.6,12.627,2386,0
2017-10-27,17:00:00,12.602,12.602,12.602,12.602,3012,0
2017-10-27,18:00:00,12.652,12.652,12.652,12.652,100,0
2017-10-27,19:00:00,12.557,12.557,12.557,12.557,200,0
2017-10-27,20:00:00,12.652,12.652,12.652,12.652,100,0
2017-10-27,21:00:00,12.569,12.652,12.557,12.602,5718,0
2017-10-27,22:00:00,12.602,12.702,12.552,12.602,3856,0
2017-10-30,15:00:00,12.624,12.652,12.552,12.6,3440,0
2017-10-30,16:00:00,12.609,12.609,12.552,12.607,2889,0
2017-10-30,17:00:00,12.602,12.602,12.602,12.602,8874,0
2017-10-30,18:00:00,12.652,12.652,12.572,12.572,1957,0
2017-10-30,19:00:00,12.577,12.602,12.577,12.602,200,0
2017-10-30,20:00:00,12.552,12.602,12.552,12.552,2287,0
2017-10-30,21:00:00,12.542,12.602,12.452,12.452,4776,0
2017-10-31,15:00:00,12.552,12.802,12.552,12.802,18012,0
2017-10-31,16:00:00,12.802,12.951,12.702,12.951,13301,0
2017-10-31,17:00:00,12.951,12.951,12.901,12.901,1205,0
2017-10-31,18:00:00,12.919,12.951,12.901,12.901,2590,0
2017-10-31,19:00:00,12.896,12.901,12.876,12.901,1405,0
2017-10-31,20:00:00,12.851,12.851,12.783,12.783,566,0
2017-10-31,21:00:00,12.752,12.851,12.752,12.851,1059,0
2017-11-01,15:00:00,12.951,13.2,12.951,13.09,18780,0
2017-11-01,16:00:00,13.051,13.1,12.951,13.1,9086,0
2017-11-01,17:00:00,13.051,13.1,12.951,13.026,6855,0
2017-11-01,18:00:00,13.051,13.051,13.051,13.051,502,0
2017-11-01,19:00:00,13.051,13.1,13.001,13.1,3466,0
2017-11-01,20:00:00,13.085,13.1,13.085,13.1,703,0
2017-11-01,21:00:00,13.1,13.2,13.051,13.051,24352,0
2017-11-02,15:00:00,13.15,13.2,13.15,13.2,4091,0
2017-11-02,16:00:00,13.2,13.25,13.2,13.25,8828,0
2017-11-02,17:00:00,13.25,13.25,13.25,13.25,100,0
2017-11-02,18:00:00,13.207,13.25,13.1,13.2,8009,0
2017-11-02,19:00:00,13.2,13.25,13.2,13.2,11107,0
2017-11-02,20:00:00,13.2,13.25,13.051,13.25,18047,0
2017-11-02,21:00:00,13.25,13.25,13.2,13.2,2389,0
2017-11-03,15:00:00,13.001,13.25,13.001,13.2,6839,0
2017-11-03,16:00:00,13.2,13.25,13.2,13.25,3614,0
2017-11-03,17:00:00,13.225,13.299,13.2,13.299,2731,0
2017-11-03,18:00:00,13.25,13.25,13.2,13.25,1711,0
2017-11-03,19:00:00,13.15,13.25,13.15,13.2,3908,0
2017-11-03,20:00:00,13.2,13.225,13.2,13.2,2406,0
2017-11-03,21:00:00,13.2,13.25,13.2,13.2,4731,0
2017-11-06,16:00:00,12.403,12.981,11.108,12.889,83341,0
2017-11-06,17:00:00,12.851,12.951,12.851,12.901,35595,0
2017-11-06,18:00:00,12.901,12.951,12.702,12.702,14821,0
2017-11-06,19:00:00,12.602,12.865,12.602,12.802,9272,0
2017-11-06,20:00:00,12.851,12.901,12.851,12.901,9869,0
2017-11-06,21:00:00,12.921,12.951,12.901,12.951,2860,0
2017-11-06,22:00:00,12.901,13.001,12.901,12.901,9994,0
2017-11-07,16:00:00,11.805,12.702,11.506,12.702,38119,0
2017-11-07,17:00:00,12.702,12.802,12.602,12.602,12696,0
2017-11-07,18:00:00,12.602,12.901,12.602,12.602,37630,0
2017-11-07,19:00:00,12.602,12.901,12.602,12.901,8757,0
2017-11-07,20:00:00,12.901,12.901,12.802,12.901,4689,0
2017-11-07,21:00:00,12.901,12.901,12.889,12.889,2359,0
2017-11-07,22:00:00,12.901,12.951,12.851,12.901,6172,0
2017-11-08,16:00:00,12.702,12.733,12.702,12.733,1184,0
2017-11-08,17:00:00,12.802,12.807,12.652,12.702,2527,0
2017-11-08,18:00:00,12.702,12.752,12.702,12.752,402,0
2017-11-08,19:00:00,12.802,12.851,12.743,12.851,812,0
2017-11-08,20:00:00,12.752,12.851,12.702,12.802,1980,0
2017-11-08,21:00:00,12.851,12.851,12.802,12.802,1362,0
2017-11-08,22:00:00,12.757,12.851,12.702,12.752,8166,0
2017-11-09,16:00:00,12.672,12.672,12.672,12.672,503,0
2017-11-09,18:00:00,12.622,12.622,12.622,12.622,451,0
2017-11-09,19:00:00,12.572,12.622,12.472,12.522,3973,0
2017-11-09,20:00:00,12.472,12.522,12.472,12.522,2445,0
2017-11-09,21:00:00,12.522,12.522,12.522,12.522,100,0
2017-11-09,22:00:00,12.527,12.622,12.527,12.622,1002,0
2017-11-10,16:00:00,12.472,12.672,12.472,12.672,301,0
2017-11-10,17:00:00,12.572,12.622,12.522,12.622,1901,0
2017-11-10,18:00:00,12.522,12.522,12.522,12.522,1102,0
2017-11-10,19:00:00,12.53,12.572,12.522,12.522,1381,0
2017-11-10,20:00:00,12.572,12.572,12.572,12.572,9033,0
2017-11-10,21:00:00,12.622,12.622,12.522,12.572,2504,0
2017-11-10,22:00:00,12.672,12.672,12.572,12.622,4929,0
2017-11-13,16:00:00,12.871,12.871,12.472,12.622,28363,0
2017-11-13,17:00:00,12.672,12.921,12.672,12.672,19118,0
2017-11-13,18:00:00,12.753,12.822,12.672,12.672,2355,0
2017-11-13,19:00:00,12.772,12.971,12.622,12.971,12245,0
2017-11-13,20:00:00,12.971,12.971,12.896,12.971,3324,0
2017-11-13,21:00:00,12.921,12.971,12.871,12.921,1203,0
2017-11-13,22:00:00,12.907,12.971,12.907,12.971,4662,0
2017-11-14,16:00:00,12.891,12.971,12.891,12.971,965,0
2017-11-14,17:00:00,12.971,12.971,12.822,12.871,2571,0
2017-11-14,18:00:00,12.946,12.947,12.861,12.861,3374,0
2017-11-14,19:00:00,12.859,12.921,12.827,12.921,1704,0
2017-11-14,20:00:00,12.827,12.971,12.827,12.921,2004,0
2017-11-14,21:00:00,12.921,12.921,12.921,12.921,100,0
2017-11-14,22:00:00,12.929,13.071,12.891,13.071,1155,0
2017-11-15,16:00:00,12.971,13.021,12.822,12.885,3143,0
2017-11-15,17:00:00,12.866,12.866,12.866,12.866,1002,0
2017-11-15,18:00:00,12.827,12.871,12.827,12.871,1378,0
2017-11-15,19:00:00,12.824,12.971,12.824,12.966,3539,0
2017-11-15,20:00:00,12.921,12.921,12.772,12.812,7420,0
2017-11-15,21:00:00,12.822,12.822,12.772,12.772,3094,0
2017-11-15,22:00:00,12.772,12.971,12.772,12.871,13722,0
2017-11-16,16:00:00,12.871,12.876,12.752,12.752,6762,0
2017-11-16,17:00:00,12.772,12.772,12.772,12.772,1364,0
2017-11-16,18:00:00,12.822,12.822,12.772,12.772,601,0
2017-11-16,19:00:00,12.822,12.921,12.772,12.822,4034,0
2017-11-16,20:00:00,12.871,12.921,12.822,12.822,1538,0
2017-11-16,21:00:00,12.921,12.921,12.822,12.846,3959,0
2017-11-16,22:00:00,12.871,12.871,12.822,12.871,4028,0
2017-11-17,16:00:00,12.921,12.954,12.906,12.929,7248,0
2017-11-17,17:00:00,12.9,12.921,12.871,12.896,2385,0
2017-11-17,18:00:00,12.896,12.996,12.871,12.996,8567,0
2017-11-17,19:00:00,13.071,13.071,13.023,13.023,601,0
2017-11-17,20:00:00,13.071,13.071,12.971,12.996,5816,0
2017-11-17,21:00:00,13.005,13.021,12.996,13.021,3702,0
2017-11-17,22:00:00,13.021,13.021,12.971,13.021,5332,0
2017-11-20,16:00:00,12.772,12.921,12.622,12.822,17046,0
2017-11-20,17:00:00,12.841,12.871,12.722,12.772,3156,0
2017-11-20,18:00:00,12.796,12.822,12.722,12.722,4740,0
2017-11-20,19:00:00,12.772,12.822,12.722,12.722,3197,0
2017-11-20,20:00:00,12.757,12.772,12.747,12.747,802,0
2017-11-20,21:00:00,12.772,12.871,12.772,12.871,5386,0
2017-11-20,22:00:00,12.822,12.871,12.772,12.772,8590,0
2017-11-21,16:00:00,12.722,12.751,12.722,12.751,2541,0
2017-11-21,17:00:00,12.772,12.822,12.772,12.772,2637,0
2017-11-21,18:00:00,12.772,12.772,12.672,12.772,2659,0
2017-11-21,19:00:00,12.772,12.772,12.722,12.772,2957,0
2017-11-21,20:00:00,12.722,12.822,12.722,12.822,501,0
2017-11-21,21:00:00,12.822,12.921,12.822,12.921,3604,0
2017-11-21,22:00:00,12.921,13.071,12.921,13.021,12991,0
2017-11-22,16:00:00,13.021,13.021,12.971,13.021,1860,0
2017-11-22,17:00:00,13.071,13.071,13.071,13.071,200,0
2017-11-22,18:00:00,13.121,13.171,13.071,13.171,102627,0
2017-11-22,19:00:00,13.171,13.221,13.121,13.146,6920,0
2017-11-22,20:00:00,13.146,13.221,13.121,13.121,7486,0
2017-11-22,21:00:00,13.121,13.221,13.121,13.221,1604,0
2017-11-22,22:00:00,13.221,13.221,13.171,13.196,4254,0
2017-11-24,16:00:00,13.171,13.171,13.071,13.071,2299,0
2017-11-24,17:00:00,13.16,13.221,13.071,13.121,19892,0
2017-11-24,18:00:00,13.121,13.221,13.071,13.126,4073,0
2017-11-24,19:00:00,13.221,13.221,13.171,13.221,2930,0
2017-11-24,20:00:00,13.221,13.221,13.221,13.221,1457,0
2017-11-27,16:00:00,12.971,13.221,12.971,13.121,8093,0
2017-11-27,17:00:00,13.171,13.221,13.171,13.221,5093,0
2017-11-27,18:00:00,13.196,13.221,13.121,13.171,16471,0
2017-11-27,19:00:00,13.171,13.221,13.171,13.221,1503,0
2017-11-27,20:00:00,13.271,13.271,13.121,13.171,26096,0
2017-11-27,21:00:00,13.196,13.271,13.171,13.221,2405,0
2017-11-27,22:00:00,13.171,13.271,13.171,13.271,18082,0
2017-11-28,16:00:00,13.271,13.271,13.271,13.271,267,0
2017-11-28,17:00:00,13.271,13.37,13.221,13.37,15873,0
2017-11-28,18:00:00,13.37,13.47,13.37,13.47,3385,0
2017-11-28,19:00:00,13.47,13.47,13.42,13.47,5512,0
2017-11-28,20:00:00,13.47,13.769,13.445,13.52,23327,0
2017-11-28,21:00:00,13.62,13.769,13.495,13.576,5410,0
2017-11-28,22:00:00,13.62,13.969,13.47,13.819,17906,0
2017-11-29,16:00:00,13.72,14.268,13.72,14.119,26023,0
2017-11-29,17:00:00,13.974,14.218,13.974,14.144,19600,0
2017-11-29,18:00:00,14.144,14.867,14.119,14.672,18601,0
2017-11-29,19:00:00,14.596,14.596,14.019,14.069,5833,0
2017-11-29,20:00:00,14.164,14.169,14.019,14.019,2213,0
2017-11-29,21:00:00,14.019,14.019,13.869,13.969,1406,0
2017-11-29,22:00:00,14.119,14.169,13.969,14.069,7375,0
2017-11-30,16:00:00,14.218,14.318,14.119,14.268,10076,0
2017-11-30,17:00:00,14.218,14.318,14.169,14.268,7016,0
2017-11-30,18:00:00,14.318,14.368,14.273,14.368,2105,0
2017-11-30,19:00:00,14.318,14.418,14.318,14.318,5585,0
2017-11-30,20:00:00,14.268,14.376,14.268,14.376,3267,0
2017-11-30,21:00:00,14.402,14.518,14.402,14.518,4335,0
2017-11-30,22:00:00,14.518,14.568,14.368,14.568,4595,0
2017-12-01,16:00:00,14.318,14.463,14.273,14.404,10088,0
2017-12-01,17:00:00,14.368,14.368,14.368,14.368,851,0
2017-12-01,18:00:00,14.318,14.318,14.218,14.318,1747,0
2017-12-01,19:00:00,14.268,14.318,14.218,14.268,3287,0
2017-12-01,20:00:00,14.318,14.318,14.318,14.318,200,0
2017-12-01,21:00:00,14.318,14.418,14.318,14.393,2824,0
2017-12-01,22:00:00,14.368,14.568,14.368,14.568,5612,0
2017-12-04,16:00:00,14.568,14.817,14.568,14.817,2744,0
2017-12-04,17:00:00,14.867,14.917,14.767,14.917,10914,0
2017-12-04,18:00:00,14.892,14.917,14.518,14.717,17935,0
2017-12-04,19:00:00,14.767,14.917,14.705,14.705,1203,0
2017-12-04,20:00:00,14.867,14.867,14.767,14.767,601,0
2017-12-04,21:00:00,14.692,14.717,14.568,14.568,904,0
2017-12-04,22:00:00,14.667,14.667,14.568,14.667,3349,0
2017-12-05,16:00:00,14.618,14.684,14.174,14.468,14923,0
2017-12-05,17:00:00,14.418,14.667,14.418,14.667,4072,0
2017-12-05,18:00:00,14.667,14.817,14.618,14.767,4588,0
2017-12-05,19:00:00,14.817,14.917,14.817,14.917,1333,0
2017-12-05,20:00:00,14.917,14.917,14.917,14.917,301,0
2017-12-05,21:00:00,14.917,14.917,14.767,14.867,5635,0
2017-12-05,22:00:00,14.867,14.867,14.468,14.643,11128,0
2017-12-06,16:00:00,14.568,14.568,14.483,14.568,3318,0
2017-12-06,17:00:00,14.518,14.568,14.518,14.568,1963,0
2017-12-06,18:00:00,14.568,14.568,14.568,14.568,401,0
2017-12-06,19:00:00,14.568,14.568,14.518,14.518,1604,0
2017-12-06,20:00:00,14.568,14.568,14.418,14.468,8453,0
2017-12-06,21:00:00,14.468,14.468,14.418,14.418,1002,0
2017-12-06,22:00:00,14.443,14.618,14.443,14.618,4962,0
2017-12-07,16:00:00,14.518,14.717,14.518,14.717,1136,0
2017-12-07,17:00:00,14.518,14.667,14.468,14.568,1804,0
2017-12-07,18:00:00,14.564,14.618,14.518,14.568,2510,0
2017-12-07,19:00:00,14.568,14.618,14.568,14.568,560,0
2017-12-07,20:00:00,14.667,14.667,14.568,14.667,2435,0
2017-12-07,21:00:00,14.568,14.568,14.468,14.468,4111,0
2017-12-07,22:00:00,14.518,14.518,14.368,14.468,3531,0
2017-12-08,16:00:00,14.518,14.518,14.518,14.518,437,0
2017-12-08,17:00:00,14.468,14.518,14.468,14.518,1002,0
2017-12-08,18:00:00,14.418,14.518,14.418,14.518,802,0
2017-12-08,19:00:00,14.508,14.667,14.508,14.667,4588,0
2017-12-08,20:00:00,14.643,14.667,14.618,14.667,4414,0
2017-12-08,21:00:00,14.613,14.618,14.468,14.468,1692,0
2017-12-08,22:00:00,14.518,14.518,14.268,14.368,13352,0
2017-12-11,16:00:00,14.268,14.418,14.218,14.218,3606,0
2017-12-11,17:00:00,14.218,14.268,13.675,14.019,13489,0
2017-12-11,18:00:00,14.069,14.094,14.069,14.069,939,0
2017-12-11,19:00:00,14.119,14.119,14.069,14.094,401,0
2017-12-11,20:00:00,14.218,14.218,14.218,14.218,200,0
2017-12-11,21:00:00,14.268,14.268,14.019,14.019,2376,0
2017-12-11,22:00:00,14.169,14.169,13.919,13.919,2428,0
2017-12-12,16:00:00,13.969,14.119,13.969,13.969,5015,0
2017-12-12,17:00:00,13.919,14.019,13.919,13.919,3197,0
2017-12-12,18:00:00,13.919,14.019,13.819,13.969,4015,0
2017-12-12,19:00:00,14.019,14.019,13.919,13.919,1002,0
2017-12-12,20:00:00,13.919,14.019,13.919,13.969,401,0
2017-12-12,21:00:00,14.019,14.019,13.919,14.019,2271,0
2017-12-12,22:00:00,13.969,13.969,13.894,13.919,4215,0
2017-12-13,16:00:00,13.869,14.169,13.819,13.919,2506,0
2017-12-13,17:00:00,13.969,13.969,13.919,13.919,200,0
2017-12-13,18:00:00,13.919,13.919,13.919,13.919,501,0
2017-12-13,19:00:00,13.869,13.969,13.869,13.919,3451,0
2017-12-13,20:00:00,13.919,14.019,13.919,13.969,2286,0
2017-12-13,21:00:00,13.969,14.019,13.869,13.869,1321,0
2017-12-13,22:00:00,13.969,14.019,13.869,13.969,21621,0
2017-12-14,16:00:00,13.969,14.019,13.869,14.019,8716,0
2017-12-14,17:00:00,13.919,13.944,13.869,13.944,1102,0
2017-12-14,18:00:00,13.969,13.969,13.944,13.969,505,0
2017-12-14,19:00:00,13.969,13.969,13.969,13.969,301,0
2017-12-14,20:00:00,13.919,14.019,13.919,14.019,1457,0
2017-12-14,21:00:00,13.969,13.969,13.969,13.969,401,0
2017-12-14,22:00:00,13.969,14.019,13.919,14.019,18866,0
2017-12-15,16:00:00,14.019,14.144,13.969,13.969,1726,0
2017-12-15,17:00:00,14.019,14.069,14.019,14.019,6715,0
2017-12-15,18:00:00,13.969,13.969,13.969,13.969,100,0
2017-12-15,19:00:00,14.019,14.069,13.969,14.019,7177,0
2017-12-15,20:00:00,14.024,14.169,14.019,14.019,4954,0
2017-12-15,21:00:00,14.069,14.169,13.919,13.969,11453,0
2017-12-15,22:00:00,13.926,13.969,13.869,13.969,28278,0
2017-12-18,16:00:00,13.969,14.019,13.969,14.019,2246,0
2017-12-18,17:00:00,14.019,14.019,13.869,13.869,6943,0
2017-12-18,18:00:00,13.944,14.019,13.869,13.969,3728,0
2017-12-18,19:00:00,13.969,14.019,13.969,14.019,601,0
2017-12-18,20:00:00,14.019,14.019,13.969,13.969,491,0
2017-12-18,21:00:00,14.019,14.019,13.969,13.969,3909,0
2017-12-18,22:00:00,14.019,14.019,13.919,14.019,13744,0
2017-12-19,16:00:00,13.919,13.969,13.919,13.969,2825,0
2017-12-19,17:00:00,13.969,13.969,13.969,13.969,501,0
2017-12-19,18:00:00,13.964,13.969,13.956,13.969,2606,0
2017-12-19,19:00:00,13.969,13.969,13.969,13.969,401,0
2017-12-19,20:00:00,13.919,13.969,13.919,13.969,1002,0
2017-12-19,21:00:00,13.969,13.969,13.869,13.919,58839,0
2017-12-19,22:00:00,13.919,13.969,13.869,13.869,2973,0
2017-12-20,16:00:00,13.919,13.919,13.919,13.919,908,0
2017-12-20,17:00:00,13.819,13.919,13.819,13.919,40858,0
2017-12-20,18:00:00,13.919,13.919,13.869,13.919,1804,0
2017-12-20,19:00:00,13.894,13.894,13.819,13.869,15882,0
2017-12-20,20:00:00,13.819,13.919,13.819,13.869,2062,0
2017-12-20,21:00:00,13.869,13.919,13.819,13.869,2616,0
2017-12-20,22:00:00,13.919,13.919,13.72,13.819,34524,0
2017-12-21,16:00:00,13.919,13.919,13.919,13.919,5612,0
2017-12-21,17:00:00,13.869,13.886,13.869,13.869,1547,0
2017-12-21,18:00:00,13.869,13.919,13.869,13.869,702,0
2017-12-21,19:00:00,13.869,13.894,13.869,13.869,1503,0
2017-12-21,20:00:00,13.919,13.919,13.869,13.869,2506,0
2017-12-21,21:00:00,13.869,13.869,13.819,13.869,1064,0
2017-12-21,22:00:00,13.869,13.919,13.769,13.819,4006,0
2017-12-22,16:00:00,13.869,13.919,13.769,13.919,3206,0
2017-12-22,17:00:00,13.869,13.919,13.869,13.919,1704,0
2017-12-22,18:00:00,13.869,13.919,13.819,13.919,39773,0
2017-12-22,19:00:00,13.919,13.919,13.869,13.869,1303,0
2017-12-22,20:00:00,13.869,13.919,13.869,13.919,2405,0
2017-12-22,21:00:00,13.919,13.919,13.869,13.869,1904,0
2017-12-22,22:00:00,13.869,13.919,13.869,13.869,6591,0
2017-12-26,16:00:00,13.969,13.969,13.919,13.919,1803,0
2017-12-26,17:00:00,13.869,13.919,13.869,13.919,2002,0
2017-12-26,18:00:00,13.969,14.069,13.969,14.019,3968,0
2017-12-26,19:00:00,14.021,14.069,13.969,14.069,820,0
2017-12-26,20:00:00,14.019,14.019,14.019,14.019,401,0
2017-12-26,21:00:00,14.019,14.069,14.019,14.019,1302,0
2017-12-26,22:00:00,14.069,14.069,13.819,13.819,3786,0
2017-12-27,16:00:00,13.819,14.069,13.819,14.019,634,0
2017-12-27,17:00:00,13.969,13.969,13.969,13.969,200,0
2017-12-27,18:00:00,13.969,14.019,13.869,13.869,1002,0
2017-12-27,19:00:00,13.869,13.969,13.869,13.919,682,0
2017-12-27,20:00:00,13.869,13.869,13.769,13.819,2203,0
2017-12-27,21:00:00,13.769,14.019,13.769,14.019,12732,0
2017-12-27,22:00:00,13.919,13.919,13.769,13.819,2270,0
2017-12-28,16:00:00,13.819,13.919,13.819,13.869,626,0
2017-12-28,17:00:00,13.969,13.969,13.969,13.969,100,0
2017-12-28,18:00:00,13.911,13.944,13.819,13.819,2004,0
2017-12-28,19:00:00,13.894,13.894,13.869,13.869,200,0
2017-12-28,20:00:00,13.869,13.869,13.869,13.869,100,0
2017-12-28,21:00:00,13.919,14.019,13.919,13.97,2763,0
2017-12-28,22:00:00,13.919,13.969,13.819,13.819,6010,0
2017-12-29,16:00:00,13.869,13.919,13.819,13.897,4229,0
2017-12-29,17:00:00,13.894,14.069,13.894,13.969,6350,0
2017-12-29,18:00:00,13.969,14.119,13.869,14.019,6013,0
2017-12-29,19:00:00,14.019,14.069,13.969,13.969,1319,0
2017-12-29,20:00:00,13.919,13.919,13.869,13.869,1502,0
2017-12-29,21:00:00,13.919,13.919,13.869,13.919,401,0
2017-12-29,22:00:00,13.869,13.919,13.769,13.819,7655,0
2018-01-02,16:00:00,13.819,14.019,13.819,14.019,4236,0
2018-01-02,17:00:00,13.969,14.019,13.869,13.969,2506,0
2018-01-02,18:00:00,13.969,14.019,13.919,13.969,1786,0
2018-01-02,19:00:00,14.019,14.019,13.919,13.969,1778,0
2018-01-02,20:00:00,14.019,14.019,13.969,13.969,501,0
2018-01-02,21:00:00,13.919,13.919,13.769,13.869,2083,0
2018-01-02,22:00:00,13.969,13.969,13.72,13.769,25657,0
2018-01-03,16:00:00,13.67,13.919,13.67,13.869,1203,0
2018-01-03,17:00:00,13.969,13.969,13.869,13.969,1689,0
2018-01-03,18:00:00,13.969,13.969,13.874,13.919,6314,0
2018-01-03,19:00:00,13.869,13.969,13.869,13.919,1704,0
2018-01-03,20:00:00,13.969,13.969,13.72,13.72,3002,0
2018-01-03,21:00:00,13.819,13.919,13.819,13.919,3608,0
2018-01-03,22:00:00,13.919,13.919,13.869,13.919,3327,0
2018-01-04,16:00:00,13.919,13.919,13.919,13.919,649,0
2018-01-04,17:00:00,13.919,13.969,13.919,13.969,301,0
2018-01-04,18:00:00,13.919,13.919,13.919,13.919,301,0
2018-01-04,19:00:00,13.969,13.969,13.919,13.919,501,0
2018-01-04,20:00:00,13.869,13.919,13.869,13.869,1002,0
2018-01-04,21:00:00,13.869,13.919,13.869,13.869,802,0
2018-01-04,22:00:00,13.919,13.919,13.769,13.769,6829,0
2018-01-05,16:00:00,13.769,13.919,13.769,13.869,2656,0
2018-01-05,17:00:00,13.909,13.919,13.742,13.819,24226,0
2018-01-05,18:00:00,13.839,13.895,13.819,13.869,5979,0
2018-01-05,19:00:00,13.869,13.869,13.869,13.869,2005,0
2018-01-05,20:00:00,13.869,13.919,13.869,13.869,2539,0
2018-01-05,21:00:00,13.899,13.919,13.891,13.919,3960,0
2018-01-05,22:00:00,13.869,13.919,13.769,13.869,31832,0
2018-01-08,16:00:00,13.769,13.919,13.769,13.919,2487,0
2018-01-08,17:00:00,13.919,14.019,13.869,14.019,21247,0
2018-01-08,18:00:00,14.019,14.119,13.969,14.019,8925,0
2018-01-08,19:00:00,14.069,14.218,14.069,14.218,836,0
2018-01-08,20:00:00,14.169,14.218,14.144,14.144,1012,0
2018-01-08,21:00:00,14.169,14.293,14.019,14.019,4363,0
2018-01-08,22:00:00,14.194,14.218,14.069,14.218,2063,0
2018-01-09,16:00:00,14.268,14.318,14.218,14.218,873,0
2018-01-09,17:00:00,14.268,14.443,14.169,14.418,7421,0
2018-01-09,18:00:00,14.368,14.468,14.268,14.368,948,0
2018-01-09,19:00:00,14.335,14.368,14.335,14.368,301,0
2018-01-09,20:00:00,14.318,14.368,14.318,14.368,551,0
2018-01-09,21:00:00,14.318,14.418,14.298,14.418,1814,0
2018-01-09,22:00:00,14.418,14.418,14.218,14.318,1583,0
2018-01-10,16:00:00,14.368,14.368,14.368,14.368,178,0
2018-01-10,17:00:00,14.468,14.468,14.468,14.468,301,0
2018-01-10,18:00:00,14.468,14.568,14.468,14.568,1559,0
2018-01-10,19:00:00,14.518,14.618,14.518,14.518,2305,0
2018-01-10,20:00:00,14.568,14.667,14.518,14.518,3320,0
2018-01-10,21:00:00,14.518,14.568,14.368,14.568,5061,0
2018-01-10,22:00:00,14.568,14.667,14.468,14.468,5757,0
2018-01-11,16:00:00,14.518,14.643,14.518,14.593,1002,0
2018-01-11,17:00:00,14.568,14.568,14.468,14.468,3244,0
2018-01-11,18:00:00,14.518,14.568,14.518,14.568,702,0
2018-01-11,19:00:00,14.568,14.568,14.518,14.568,1146,0
2018-01-11,20:00:00,14.604,14.604,14.568,14.568,702,0
2018-01-11,21:00:00,14.568,14.593,14.518,14.518,1502,0
2018-01-11,22:00:00,14.518,14.618,14.418,14.468,12127,0
2018-01-12,16:00:00,14.618,14.618,14.518,14.518,8018,0
2018-01-12,17:00:00,14.518,14.592,14.518,14.518,1403,0
2018-01-12,18:00:00,14.507,14.507,14.468,14.468,1203,0
2018-01-12,19:00:00,14.468,14.518,14.468,14.518,702,0
2018-01-12,20:00:00,14.493,14.493,14.418,14.418,1674,0
2018-01-12,21:00:00,14.488,14.518,14.468,14.518,1804,0
2018-01-12,22:00:00,14.468,14.518,14.468,14.468,4785,0
2018-01-16,16:00:00,14.418,14.418,14.418,14.418,1303,0
2018-01-16,17:00:00,14.418,14.468,14.418,14.443,2222,0
2018-01-16,18:00:00,14.418,14.468,14.418,14.468,501,0
2018-01-16,19:00:00,14.468,14.468,14.368,14.391,7719,0
2018-01-16,20:00:00,14.393,14.468,14.393,14.468,501,0
2018-01-16,21:00:00,14.468,14.468,14.468,14.468,501,0
2018-01-16,22:00:00,14.468,14.568,14.468,14.518,10374,0
2018-01-17,16:00:00,14.618,14.618,14.568,14.568,401,0
2018-01-17,17:00:00,14.593,14.593,14.593,14.593,100,0
2018-01-17,18:00:00,14.568,14.568,14.518,14.568,1156,0
2018-01-17,19:00:00,14.487,14.518,14.487,14.492,5625,0
2018-01-17,20:00:00,14.543,14.543,14.489,14.518,1102,0
2018-01-17,21:00:00,14.518,14.518,14.468,14.518,2363,0
2018-01-17,22:00:00,14.518,14.518,14.468,14.518,1855,0
2018-01-18,16:00:00,14.418,14.667,14.418,14.618,702,0
2018-01-18,17:00:00,14.518,14.518,14.518,14.518,200,0
2018-01-18,18:00:00,14.518,14.518,14.468,14.468,721,0
2018-01-18,19:00:00,14.518,14.518,14.418,14.418,301,0
2018-01-18,20:00:00,14.468,14.468,14.468,14.468,100,0
2018-01-18,21:00:00,14.518,14.518,14.468,14.468,301,0
2018-01-18,22:00:00,14.418,14.518,14.418,14.418,1203,0
2018-01-19,17:00:00,14.418,14.418,14.368,14.368,301,0
2018-01-19,19:00:00,14.406,14.468,14.406,14.418,1102,0
2018-01-19,20:00:00,14.418,14.468,14.368,14.468,2105,0
2018-01-19,21:00:00,14.468,14.468,14.368,14.368,1303,0
2018-01-19,22:00:00,14.406,14.468,14.368,14.418,1834,0
2018-01-22,16:00:00,14.368,14.368,14.368,14.368,205,0
2018-01-22,17:00:00,14.368,14.368,14.318,14.318,301,0
2018-01-22,18:00:00,14.368,14.368,14.343,14.343,200,0
2018-01-22,19:00:00,14.343,14.343,14.343,14.343,100,0
2018-01-22,20:00:00,14.368,14.418,14.318,14.318,902,0
2018-01-22,21:00:00,14.368,14.393,14.318,14.368,2984,0
2018-01-22,22:00:00,14.318,14.368,14.318,14.318,702,0
2018-01-23,16:00:00,14.268,14.268,14.169,14.169,2486,0
2018-01-23,17:00:00,14.152,14.318,14.152,14.318,2105,0
2018-01-23,18:00:00,14.293,14.368,14.293,14.368,200,0
2018-01-23,19:00:00,14.343,14.368,14.343,14.368,401,0
2018-01-23,20:00:00,14.368,14.418,14.368,14.368,401,0
2018-01-23,21:00:00,14.343,14.368,14.318,14.354,1503,0
2018-01-23,22:00:00,14.343,14.418,14.318,14.418,3369,0
2018-01-24,16:00:00,14.268,14.321,14.218,14.218,3508,0
2018-01-24,17:00:00,14.094,14.112,13.894,14.112,6185,0
2018-01-24,18:00:00,14.169,14.169,14.069,14.069,501,0
2018-01-24,19:00:00,14.019,14.069,13.969,13.969,7871,0
2018-01-24,20:00:00,14.044,14.044,13.919,13.919,200,0
2018-01-24,21:00:00,13.919,14.019,13.919,14.019,7768,0
2018-01-24,22:00:00,14.019,14.069,13.969,13.969,5514,0
2018-01-25,16:00:00,13.969,13.969,13.796,13.796,775,0
2018-01-25,17:00:00,13.819,13.864,13.769,13.819,4059,0
2018-01-25,18:00:00,13.819,13.869,13.819,13.819,401,0
2018-01-25,19:00:00,13.819,13.869,13.819,13.869,301,0
2018-01-25,20:00:00,13.819,13.819,13.794,13.814,401,0
2018-01-25,21:00:00,13.794,13.794,13.794,13.794,200,0
2018-01-25,22:00:00,13.819,14.019,13.819,13.919,2583,0
2018-01-26,17:00:00,13.869,13.919,13.869,13.894,1920,0
2018-01-26,18:00:00,13.869,13.919,13.843,13.869,1756,0
2018-01-26,19:00:00,13.774,13.819,13.774,13.819,301,0
2018-01-26,20:00:00,13.819,13.869,13.819,13.869,301,0
2018-01-26,21:00:00,13.819,13.819,13.769,13.769,6893,0
2018-01-26,22:00:00,13.769,13.869,13.769,13.769,1594,0
2018-01-29,16:00:00,13.72,13.72,13.67,13.67,852,0
2018-01-29,17:00:00,13.747,13.747,13.72,13.72,702,0
2018-01-29,18:00:00,13.752,13.769,13.72,13.72,437,0
2018-01-29,19:00:00,13.72,13.737,13.702,13.737,351,0
2018-01-29,20:00:00,13.769,13.769,13.769,13.769,100,0
2018-01-29,21:00:00,13.67,13.695,13.67,13.67,702,0
2018-01-29,22:00:00,13.72,13.769,13.67,13.72,1203,0
2018-01-30,16:00:00,13.67,13.72,13.67,13.67,453,0
2018-01-30,17:00:00,13.67,13.72,13.67,13.72,601,0
2018-01-30,18:00:00,13.67,13.695,13.67,13.695,200,0
2018-01-30,19:00:00,13.695,13.769,13.67,13.769,601,0
2018-01-30,20:00:00,13.695,13.695,13.67,13.67,200,0
2018-01-30,21:00:00,13.67,13.72,13.67,13.72,301,0
2018-01-30,22:00:00,13.72,13.769,13.67,13.769,1236,0
2018-01-31,16:00:00,13.769,13.769,13.769,13.769,160,0
2018-01-31,18:00:00,13.869,13.869,13.819,13.819,1002,0
2018-01-31,20:00:00,13.869,13.919,13.769,13.869,1526,0
2018-01-31,21:00:00,13.919,13.919,13.863,13.869,401,0
2018-01-31,22:00:00,13.919,13.969,13.869,13.869,2242,0
2018-02-01,18:00:00,13.881,13.919,13.819,13.819,2731,0
2018-02-01,19:00:00,13.819,13.844,13.819,13.844,401,0
2018-02-01,20:00:00,13.844,13.844,13.72,13.72,1904,0
2018-02-01,21:00:00,13.72,13.745,13.67,13.67,4784,0
2018-02-01,22:00:00,13.67,13.769,13.67,13.745,2004,0
2018-02-02,16:00:00,13.67,13.72,13.67,13.695,1503,0
2018-02-02,17:00:00,13.67,13.769,13.67,13.72,1815,0
2018-02-02,18:00:00,13.769,13.769,13.72,13.769,401,0
2018-02-02,19:00:00,13.67,13.869,13.67,13.819,1814,0
2018-02-02,20:00:00,13.794,13.869,13.72,13.869,501,0
2018-02-02,21:00:00,13.919,13.969,13.869,13.919,902,0
2018-02-02,22:00:00,13.969,13.969,13.819,13.969,2772,0
2018-02-05,16:00:00,13.919,13.969,13.919,13.969,810,0
2018-02-05,17:00:00,13.919,14.568,13.919,14.518,5474,0
2018-02-05,18:00:00,14.568,14.568,14.418,14.468,5228,0
2018-02-05,19:00:00,14.518,14.593,14.218,14.318,18440,0
2018-02-05,20:00:00,14.368,14.368,14.169,14.169,3408,0
2018-02-05,21:00:00,14.169,14.194,14.119,14.119,4009,0
2018-02-05,22:00:00,14.119,14.119,13.819,13.869,6915,0
2018-02-06,16:00:00,13.72,13.769,13.72,13.769,601,0
2018-02-06,17:00:00,13.869,13.869,13.819,13.819,200,0
2018-02-06,18:00:00,13.919,13.919,13.869,13.919,1102,0
2018-02-06,19:00:00,13.869,13.969,13.869,13.969,601,0
2018-02-06,20:00:00,13.869,13.919,13.819,13.819,1503,0
2018-02-06,21:00:00,13.869,13.919,13.869,13.902,982,0
2018-02-06,22:00:00,13.919,13.969,13.869,13.869,4556,0
2018-02-07,16:00:00,13.869,13.919,13.67,13.869,1403,0
2018-02-07,17:00:00,13.869,13.921,13.769,13.769,5028,0
2018-02-07,18:00:00,13.72,13.969,13.72,13.72,1213,0
2018-02-07,19:00:00,13.869,13.869,13.67,13.869,2543,0
2018-02-07,20:00:00,13.67,13.67,13.62,13.62,2312,0
2018-02-07,21:00:00,13.67,13.72,13.52,13.67,3843,0
2018-02-07,22:00:00,13.57,13.62,13.47,13.52,1579,0
2018-02-08,17:00:00,13.95,13.95,13.9,13.9,200,0
2018-02-08,18:00:00,13.8,13.8,13.5,13.5,2735,0
2018-02-08,19:00:00,13.5,13.5,13.5,13.5,200,0
2018-02-08,20:00:00,13.4,13.4,13.25,13.3,3234,0
2018-02-08,21:00:00,13.25,13.65,13.25,13.65,8000,0
2018-02-08,22:00:00,13.65,13.9,13.6,13.85,3403,0
2018-02-09,16:00:00,13.8,13.8,13.8,13.8,200,0
2018-02-09,17:00:00,13.75,13.85,13.75,13.85,635,0
2018-02-09,18:00:00,13.95,13.95,13.95,13.95,200,0
2018-02-09,19:00:00,13.95,13.95,13.75,13.75,4355,0
2018-02-09,20:00:00,13.725,13.75,13.7,13.738,1446,0
2018-02-09,21:00:00,13.75,13.8,13.75,13.8,500,0
2018-02-09,22:00:00,13.8,13.85,13.75,13.8,6485,0
2018-02-12,18:00:00,14,14,14,14,700,0
2018-02-12,19:00:00,14,14,13.9,13.9,700,0
2018-02-12,20:00:00,13.95,13.95,13.905,13.95,633,0
2018-02-12,21:00:00,13.925,13.95,13.9,13.95,1000,0
2018-02-12,22:00:00,13.95,14,13.9,13.9,2611,0
2018-02-13,16:00:00,13.8,13.8,13.8,13.8,100,0
2018-02-13,17:00:00,13.95,13.95,13.95,13.95,100,0
2018-02-13,18:00:00,13.95,13.95,13.95,13.95,100,0
2018-02-13,19:00:00,13.9,14,13.9,14,300,0
2018-02-13,20:00:00,13.9,14,13.85,13.85,1000,0
2018-02-13,21:00:00,13.9,13.95,13.8,13.8,1800,0
2018-02-13,22:00:00,13.8,13.95,13.8,13.85,1414,0
2018-02-14,16:00:00,13.35,13.5,13.35,13.5,813,0
2018-02-14,17:00:00,13.678,13.8,13.5,13.5,1400,0
2018-02-14,18:00:00,13.5,13.65,13.5,13.65,309,0
2018-02-14,19:00:00,13.9,13.9,13.6,13.6,300,0
2018-02-14,20:00:00,13.601,13.8,13.601,13.8,1681,0
2018-02-14,21:00:00,13.8,14,13.8,13.95,1500,0
2018-02-14,22:00:00,14,14,13.8,13.95,2200,0
2018-02-15,17:00:00,13.689,13.7,13.5625,13.625,5042,0
2018-02-15,18:00:00,13.55,13.95,13.55,13.825,1435,0
2018-02-15,19:00:00,13.9,13.9,13.9,13.9,1200,0
2018-02-15,20:00:00,13.9,13.9,13.8,13.875,1006,0
2018-02-15,21:00:00,13.9,13.95,13.875,13.95,2588,0
2018-02-15,22:00:00,13.95,14,13.9,14,2517,0
2018-02-16,16:00:00,14,14,14,14,270,0
2018-02-16,17:00:00,13.85,14,13.85,14,1780,0
2018-02-16,18:00:00,13.95,14.075,13.95,14.075,3198,0
2018-02-16,19:00:00,13.95,14.075,13.95,14,3027,0
2018-02-16,20:00:00,13.85,13.95,13.85,13.95,400,0
2018-02-16,21:00:00,14,14,13.95,14,1186,0
2018-02-16,22:00:00,14.05,14.4,14.05,14.35,14600,0
2018-02-20,17:00:00,14.25,14.25,14.15,14.15,400,0
2018-02-20,18:00:00,14.0496,14.0496,13.85,13.85,7620,0
2018-02-20,19:00:00,14,14.025,13.95,13.95,41712,0
2018-02-20,20:00:00,14,14,14,14,2350,0
2018-02-20,21:00:00,14,14,13.95,13.95,400,0
2018-02-20,22:00:00,14.025,14.025,13.95,14,3040,0
2018-02-21,16:00:00,14.025,14.1,13.8,14.05,1100,0
2018-02-21,17:00:00,14,14.15,14,14.1,2325,0
2018-02-21,18:00:00,14,14,14,14,300,0
2018-02-21,19:00:00,14,14,13.95,13.95,200,0
2018-02-21,20:00:00,14,14.0085,13.975,14,900,0
2018-02-21,21:00:00,14,14,14,14,200,0
2018-02-21,22:00:00,14,14.05,13.95,13.95,2449,0
2018-02-22,16:00:00,13.95,14,13.85,14,4905,0
2018-02-22,17:00:00,13.95,14,13.85,13.85,1441,0
2018-02-22,18:00:00,13.9,14.05,13.9,14.05,1000,0
2018-02-22,19:00:00,14,14.05,13.95,13.95,600,0
2018-02-22,20:00:00,13.95,14.05,13.95,14,3645,0
2018-02-22,21:00:00,14.05,14.05,13.95,14,1600,0
2018-02-22,22:00:00,13.95,14,13.9,13.9,2994,0
2018-02-23,16:00:00,13.9,14,13.9,14,301,0
2018-02-23,17:00:00,13.9,13.95,13.9,13.95,600,0
2018-02-23,18:00:00,14,14,14,14,100,0
2018-02-23,19:00:00,14,14,14,14,100,0
2018-02-23,20:00:00,14,14,13.95,13.95,200,0
2018-02-23,21:00:00,13.975,14,13.95,13.95,3378,0
2018-02-23,22:00:00,13.975,13.975,13.95,13.95,3981,0
2018-02-26,17:00:00,13.95,14.1,13.95,14.05,2298,0
2018-02-26,18:00:00,14.05,14.05,13.975,13.975,1400,0
2018-02-26,20:00:00,13.95,14,13.95,14,2181,0
2018-02-26,21:00:00,14.05,14.05,13.95,14,500,0
2018-02-26,22:00:00,13.975,14,13.95,13.95,2429,0
2018-02-27,16:00:00,13.975,13.975,13.975,13.975,100,0
2018-02-27,17:00:00,13.975,13.977,13.975,13.977,1100,0
2018-02-27,18:00:00,13.975,14,13.95,13.975,2375,0
2018-02-27,19:00:00,13.95,13.975,13.9,13.975,6632,0
2018-02-27,20:00:00,13.95,13.95,13.9,13.9,1705,0
2018-02-27,21:00:00,13.95,14,13.95,13.95,1408,0
2018-02-27,22:00:00,13.95,14,13.9,13.95,3331,0
2018-02-28,16:00:00,14,14,13.975,13.975,1701,0
2018-02-28,17:00:00,13.975,13.975,13.975,13.975,300,0
2018-02-28,18:00:00,13.975,13.975,13.95,13.975,1900,0
2018-02-28,19:00:00,13.95,14,13.95,13.975,3900,0
2018-02-28,20:00:00,13.975,13.975,13.95,13.95,4300,0
2018-02-28,21:00:00,13.975,14,13.875,13.95,5500,0
2018-02-28,22:00:00,13.95,14,13.85,13.85,11200,0
2018-03-01,16:00:00,13.95,14.095,13.9,13.975,7500,0
2018-03-01,17:00:00,13.95,13.95,13.85,13.85,3000,0
2018-03-01,18:00:00,13.85,14,13.85,14,700,0
2018-03-01,19:00:00,13.95,13.975,13.85,13.95,19405,0
2018-03-01,20:00:00,13.975,13.975,13.85,13.85,5400,0
2018-03-01,21:00:00,13.85,13.95,13.8,13.85,1600,0
2018-03-01,22:00:00,13.8,13.85,13.8,13.825,2318,0
2018-03-02,16:00:00,13.85,13.85,13.85,13.85,300,0
2018-03-02,17:00:00,13.95,13.95,13.75,13.75,3655,0
2018-03-02,18:00:00,13.75,13.95,13.75,13.95,2000,0
2018-03-02,19:00:00,13.95,13.95,13.85,13.85,1189,0
2018-03-02,20:00:00,13.9,13.9,13.85,13.85,1259,0
2018-03-02,21:00:00,13.875,14,13.875,13.95,3568,0
2018-03-02,22:00:00,13.9,13.95,13.85,13.85,2979,0
2018-03-05,17:00:00,13.95,13.95,13.95,13.95,100,0
2018-03-05,18:00:00,14,14,13.95,13.95,600,0
2018-03-05,19:00:00,13.95,14,13.9,13.95,4304,0
2018-03-05,20:00:00,13.9,13.95,13.9,13.9,1100,0
2018-03-05,21:00:00,13.95,14,13.9,13.9,900,0
2018-03-05,22:00:00,13.95,14,13.9,13.95,17084,0
2018-03-06,16:00:00,13.9,13.95,13.9,13.95,3100,0
2018-03-06,17:00:00,14,14,13.9,13.9,300,0
2018-03-06,18:00:00,14,14,13.95,13.95,1600,0
2018-03-06,19:00:00,13.9,13.95,13.9,13.95,700,0
2018-03-06,20:00:00,13.95,14,13.95,13.95,700,0
2018-03-06,21:00:00,13.95,14,13.95,13.95,1200,0
2018-03-06,22:00:00,13.9,14,13.9,13.95,22118,0
2018-03-07,16:00:00,14,14,13.75,13.9,2120,0
2018-03-07,17:00:00,14,14,14,14,300,0
2018-03-07,18:00:00,14,14.005,13.9,14,5482,0
2018-03-07,19:00:00,14.05,14.05,14,14.025,500,0
2018-03-07,20:00:00,14.05,14.05,14.025,14.025,1200,0
2018-03-07,21:00:00,14.05,14.05,14,14.05,3479,0
2018-03-07,22:00:00,14.025,14.1,14,14.05,5232,0
2018-03-08,16:00:00,14.1,14.1,14.1,14.1,153,0
2018-03-08,17:00:00,14.1,14.1,14.05,14.1,800,0
2018-03-08,18:00:00,14.1,14.1,14.1,14.1,700,0
2018-03-08,19:00:00,14.1,14.15,14.1,14.1,3110,0
2018-03-08,20:00:00,14.15,14.15,14.1,14.15,872,0
2018-03-08,21:00:00,14.15,14.15,14.1,14.15,1135,0
2018-03-08,22:00:00,14.15,14.2,14.1,14.2,2787,0
2018-03-09,16:00:00,14.15,14.35,14.05,14.25,1700,0
2018-03-09,17:00:00,14.207,14.207,14.207,14.207,100,0
2018-03-09,18:00:00,14.25,14.35,14.2,14.35,9380,0
2018-03-09,19:00:00,14.25,14.3,14.25,14.3,500,0
2018-03-09,20:00:00,14.25,14.35,14.25,14.3,380,0
2018-03-09,21:00:00,14.35,14.35,14.3,14.3,3918,0
2018-03-09,22:00:00,14.3,14.35,14.3,14.35,3134,0
2018-03-12,15:00:00,14.35,14.35,14.25,14.26,1100,0
2018-03-12,16:00:00,14.2,14.3167,14.2,14.237,1150,0
2018-03-12,17:00:00,14.25,14.3,14.2,14.25,5177,0
2018-03-12,18:00:00,14.25,14.3,14.2,14.2,3400,0
2018-03-12,19:00:00,14.2,14.26,14.15,14.15,2279,0
2018-03-12,20:00:00,14.1,14.2,14.05,14.05,2200,0
2018-03-12,21:00:00,14.05,14.15,14.05,14.1,4414,0
2018-03-13,15:00:00,14.2,14.2,14.2,14.2,100,0
2018-03-13,16:00:00,14.25,14.25,14.15,14.15,1000,0
2018-03-13,17:00:00,14.2,14.2,14.2,14.2,200,0
2018-03-13,18:00:00,14.2,14.225,14.15,14.15,1000,0
2018-03-13,19:00:00,14.15,14.2,14.1,14.1,3200,0
2018-03-13,20:00:00,14.1,14.1,14.05,14.05,1792,0
2018-03-13,21:00:00,14,14.05,13.75,13.8,11837,0
2018-03-14,15:00:00,13.75,13.75,13.75,13.75,300,0
2018-03-14,16:00:00,13.95,13.975,13.9,13.95,1100,0
2018-03-14,17:00:00,13.9,13.95,13.9,13.95,2800,0
2018-03-14,18:00:00,14,14.05,13.95,14.05,700,0
2018-03-14,19:00:00,14.05,14.05,13.95,13.95,290,0
2018-03-14,20:00:00,14.1,14.15,14,14.15,800,0
2018-03-14,21:00:00,14.1,14.15,14,14.15,4728,0
2018-03-15,15:00:00,14.15,14.15,14.15,14.15,225,0
2018-03-15,16:00:00,14.0052,14.0052,14.0052,14.0052,200,0
2018-03-15,17:00:00,14.15,14.15,14.15,14.15,200,0
2018-03-15,18:00:00,14.1,14.15,14.1,14.15,345,0
2018-03-15,19:00:00,14.2,14.2,14.2,14.2,200,0
2018-03-15,20:00:00,14.2,14.25,14,14.25,5995,0
2018-03-15,21:00:00,14.2,14.2,14.15,14.2,3983,0
2018-03-16,15:00:00,14.2,14.2,14.2,14.2,100,0
2018-03-16,17:00:00,14.25,14.25,14.1482,14.1482,500,0
2018-03-16,18:00:00,14.25,14.25,14.15,14.15,500,0
2018-03-16,19:00:00,14.175,14.25,14.125,14.25,11000,0
2018-03-16,20:00:00,14.25,14.25,14.25,14.25,200,0
2018-03-16,21:00:00,14.25,14.25,14.25,14.25,700,0
2018-03-19,15:00:00,14.15,14.15,14.15,14.15,442,0
2018-03-19,16:00:00,14.125,14.15,14.125,14.15,200,0
2018-03-19,17:00:00,14.15,14.15,14.05,14.05,21402,0
2018-03-19,18:00:00,14.15,14.15,14.15,14.15,464,0
2018-03-19,19:00:00,14.15,14.2,14.15,14.2,1127,0
2018-03-19,20:00:00,14.25,14.3,14.25,14.3,749,0
2018-03-19,21:00:00,14.35,14.35,14.25,14.3,8162,0
2018-03-20,15:00:00,14.25,14.25,14.25,14.25,305,0
2018-03-20,17:00:00,14.25,14.25,14.1,14.1,537,0
2018-03-20,18:00:00,14.25,14.25,14.25,14.25,1000,0
2018-03-20,19:00:00,14.25,14.25,14.245,14.25,1820,0
2018-03-20,20:00:00,14.25,14.25,14.2,14.2,600,0
2018-03-20,21:00:00,14.25,14.3,14.15,14.25,7096,0
2018-03-21,15:00:00,14.3,14.3,14.2,14.2,281,0
2018-03-21,17:00:00,14.25,14.25,14.15,14.2,2200,0
2018-03-21,18:00:00,14.2,14.2,14.2,14.2,200,0
2018-03-21,19:00:00,14.2,14.2,14.175,14.2,400,0
2018-03-21,20:00:00,14.15,14.2,14.1,14.2,1323,0
2018-03-21,21:00:00,14.2,14.25,14.1,14.15,33285,0
2018-03-22,15:00:00,14.15,14.15,14.15,14.15,101,0
2018-03-22,16:00:00,14.2,14.2,14.2,14.2,300,0
2018-03-22,17:00:00,14.2,14.2,14.1,14.2,1850,0
2018-03-22,18:00:00,14.2,14.2,14.1,14.15,2500,0
2018-03-22,19:00:00,14.15,14.2,14.15,14.175,2300,0
2018-03-22,20:00:00,14.2,14.2,14.15,14.15,1430,0
2018-03-22,21:00:00,14.15,14.2,14.05,14.05,4494,0
2018-03-23,15:00:00,14.05,14.1,14.05,14.1,200,0
2018-03-23,17:00:00,14.1,14.15,14,14.1,69718,0
2018-03-23,18:00:00,14.05,14.1,13.9,13.9,10005,0
2018-03-23,19:00:00,14.05,14.1,14.025,14.1,1300,0
2018-03-23,20:00:00,14.075,14.1,14.05,14.05,900,0
2018-03-23,21:00:00,14.1,14.1,14,14.05,4660,0
2018-03-26,16:00:00,14.1,14.1,14.1,14.1,112,0
2018-03-26,17:00:00,14,14.05,14,14.05,900,0
2018-03-26,18:00:00,14,14.1,14,14.05,1100,0
2018-03-26,19:00:00,14.05,14.15,13.95,13.95,4200,0
2018-03-26,20:00:00,13.95,14.05,13.95,14.05,2000,0
2018-03-26,21:00:00,13.95,14.15,13.95,14,10508,0
2018-03-26,22:00:00,14.05,14.05,13.95,14,14467,0
2018-03-27,16:00:00,13.75,14,13.75,14,2480,0
2018-03-27,17:00:00,14.05,14.1,14.05,14.1,400,0
2018-03-27,18:00:00,14.1,14.1,14.1,14.1,300,0
2018-03-27,19:00:00,14.075,14.1,14.075,14.1,1200,0
2018-03-27,20:00:00,14.05,14.3,14.05,14.25,6796,0
2018-03-27,21:00:00,14.3,14.3,14.25,14.3,4200,0
2018-03-27,22:00:00,14.3,14.3,14.2,14.25,13382,0
2018-03-28,17:00:00,14.103,14.2,14.103,14.2,600,0
2018-03-28,18:00:00,14.2,14.3,14.15,14.275,3898,0
2018-03-28,19:00:00,14.25,14.275,14.175,14.2,2350,0
2018-03-28,20:00:00,14.25,14.25,14.2,14.2,3924,0
2018-03-28,21:00:00,14.25,14.25,14.25,14.25,700,0
2018-03-28,22:00:00,14.25,14.4,14.25,14.25,15565,0
2018-03-29,16:00:00,14.3,14.35,14.3,14.35,2647,0
2018-03-29,17:00:00,14.35,14.35,14.3,14.3,900,0
2018-03-29,18:00:00,14.35,14.35,14.35,14.35,1768,0
2018-03-29,19:00:00,14.35,14.35,14.35,14.35,2418,0
2018-03-29,20:00:00,14.35,14.35,14.35,14.35,3183,0
2018-03-29,21:00:00,14.35,14.4,14.35,14.4,1200,0
2018-03-29,22:00:00,14.4,14.4,14.35,14.4,4196,0
