Date,Time,Open,High,Low,Close,Volume,OpenInt
2017-09-05,16:00:00,38.4,38.75,38.4,38.7,6181,0
2017-09-05,17:00:00,38.65,38.65,38.2,38.2,10161,0
2017-09-05,18:00:00,38.3,38.4,38.2,38.3,11657,0
2017-09-05,19:00:00,38.25,38.25,37.7,37.85,27325,0
2017-09-05,20:00:00,37.8,38.2,37.6,38.175,27379,0
2017-09-05,21:00:00,38.175,38.25,38.1,38.2,20055,0
2017-09-05,22:00:00,38.25,38.65,38.25,38.65,111572,0
2017-09-06,16:00:00,38.7,38.9,38.6,38.9,4821,0
2017-09-06,17:00:00,38.95,39.15,38.9,38.9,16888,0
2017-09-06,18:00:00,39,39,38.65,38.7,18663,0
2017-09-06,19:00:00,38.7,38.7257,38.4,38.7,51116,0
2017-09-06,20:00:00,38.7,39.05,38.7,39,31082,0
2017-09-06,21:00:00,39,39.15,39,39.075,27301,0
2017-09-06,22:00:00,39.05,39.1,38.85,39,173625,0
2017-09-07,16:00:00,39.05,39.4,39.05,39.2,7040,0
2017-09-07,17:00:00,39.15,39.25,38.95,39.175,28016,0
2017-09-07,18:00:00,39.175,39.2,38.85,39.075,18645,0
2017-09-07,19:00:00,39.1,39.3,39.025,39.3,16645,0
2017-09-07,20:00:00,39.3,39.55,39.3,39.45,29516,0
2017-09-07,21:00:00,39.4,39.65,39.4,39.65,21434,0
2017-09-07,22:00:00,39.6,39.9,39.55,39.75,111184,0
2017-09-08,16:00:00,39.45,39.45,39.175,39.3,22608,0
2017-09-08,17:00:00,39.3,39.5,39.2,39.45,13515,0
2017-09-08,18:00:00,39.5,39.6,39.4,39.55,6500,0
2017-09-08,19:00:00,39.6,39.75,39.45,39.75,22073,0
2017-09-08,20:00:00,39.65,40,39.65,40,21701,0
2017-09-08,21:00:00,40,40,39.65,39.65,27003,0
2017-09-08,22:00:00,39.75,39.8,39.5,39.6,62349,0
2017-09-11,16:00:00,39.85,39.85,39.5,39.5,9262,0
2017-09-11,17:00:00,39.5,39.55,39.15,39.35,13798,0
2017-09-11,18:00:00,39.4,39.4,39,39.05,17200,0
2017-09-11,19:00:00,39.1,39.15,39,39.15,13754,0
2017-09-11,20:00:00,39.1,39.3,39.1,39.25,12047,0
2017-09-11,21:00:00,39.25,39.425,39.2,39.325,18773,0
2017-09-11,22:00:00,39.35,39.525,39.35,39.45,46234,0
2017-09-12,16:00:00,39.45,39.65,39.45,39.65,7010,0
2017-09-12,17:00:00,39.65,39.8,39.55,39.725,25125,0
2017-09-12,18:00:00,39.7,39.7,39.45,39.6,20891,0
2017-09-12,19:00:00,39.55,39.625,39.4,39.45,22932,0
2017-09-12,20:00:00,39.5,39.6,39.4,39.4,33865,0
2017-09-12,21:00:00,39.45,39.6,39.4,39.575,10055,0
2017-09-12,22:00:00,39.575,39.65,39.5,39.65,43556,0
2017-09-13,16:00:00,39.65,39.65,39.45,39.45,3563,0
2017-09-13,17:00:00,39.5,39.5,39.3,39.45,21939,0
2017-09-13,18:00:00,39.45,39.45,39.15,39.2,16460,0
2017-09-13,19:00:00,39.2,39.25,39.1,39.2,7874,0
2017-09-13,20:00:00,39.15,39.3,39.1,39.1,14510,0
2017-09-13,21:00:00,39.125,39.6,39.025,39.55,47748,0
2017-09-13,22:00:00,39.575,39.75,39.35,39.45,104624,0
2017-09-14,16:00:00,39.5,39.95,39.45,39.8,7637,0
2017-09-14,17:00:00,39.8,40,39.725,39.975,33861,0
2017-09-14,18:00:00,39.975,40,39.6,39.625,15719,0
2017-09-14,19:00:00,39.6,39.625,39.45,39.475,12690,0
2017-09-14,20:00:00,39.45,39.7,39.3,39.68,30598,0
2017-09-14,21:00:00,39.7,39.7,39.35,39.4,10825,0
2017-09-14,22:00:00,39.35,39.5,39.25,39.5,98694,0
2017-09-15,16:00:00,39.55,39.95,39.35,39.6,52485,0
2017-09-15,17:00:00,39.6,39.6,39.2,39.25,26993,0
2017-09-15,18:00:00,39.25,39.3,39.05,39.3,10348,0
2017-09-15,19:00:00,39.3,39.4,39.3,39.325,5196,0
2017-09-15,20:00:00,39.35,39.5,39.3,39.475,6236,0
2017-09-15,21:00:00,39.45,39.55,39.45,39.525,9705,0
2017-09-15,22:00:00,39.525,39.625,39.4,39.5,222473,0
2017-09-18,16:00:00,39.75,39.9,39.5,39.75,16598,0
2017-09-18,17:00:00,39.8,40.625,39.8,40.5,29930,0
2017-09-18,18:00:00,40.5,40.5,40.25,40.325,24200,0
2017-09-18,19:00:00,40.35,40.575,40.325,40.55,17697,0
2017-09-18,20:00:00,40.55,40.625,40.45,40.55,40313,0
2017-09-18,21:00:00,40.55,40.75,40.525,40.675,29477,0
2017-09-18,22:00:00,40.7,41.05,40.675,40.8,237794,0
2017-09-19,16:00:00,40.85,41.3,40.85,41.25,8690,0
2017-09-19,17:00:00,41.25,41.55,41.15,41.3,27622,0
2017-09-19,18:00:00,41.25,41.3,41.1,41.1,9409,0
2017-09-19,19:00:00,41.1,41.1,40.95,41.1,9790,0
2017-09-19,20:00:00,41.1,41.25,41.1,41.25,12759,0
2017-09-19,21:00:00,41.25,41.275,41.1,41.25,15312,0
2017-09-19,22:00:00,41.225,41.3,41.15,41.2,115782,0
2017-09-20,16:00:00,41.15,41.6,41.15,41.6,4740,0
2017-09-20,17:00:00,41.65,41.8,41.45,41.8,18219,0
2017-09-20,18:00:00,41.8,41.9,41.6,41.7,46814,0
2017-09-20,19:00:00,41.725,41.85,41.65,41.725,12739,0
2017-09-20,20:00:00,41.75,41.9,41.7,41.75,17145,0
2017-09-20,21:00:00,41.775,41.8,41.6,41.7,26221,0
2017-09-20,22:00:00,41.7,41.9,41.6,41.85,100938,0
2017-09-21,16:00:00,41.9,42.05,41.75,41.9,9985,0
2017-09-21,17:00:00,41.95,42.1,41.825,41.825,34581,0
2017-09-21,18:00:00,41.85,41.9,41.55,41.55,22056,0
2017-09-21,19:00:00,41.55,41.55,41.25,41.425,21093,0
2017-09-21,20:00:00,41.425,41.5,41.25,41.3,23341,0
2017-09-21,21:00:00,41.35,41.4,41.25,41.35,19213,0
2017-09-21,22:00:00,41.35,41.55,41.3,41.55,70012,0
2017-09-22,16:00:00,41.6,41.75,41.5,41.6,4743,0
2017-09-22,17:00:00,41.55,41.65,41.3,41.5,71257,0
2017-09-22,18:00:00,41.6,41.6,41.3,41.3,7660,0
2017-09-22,19:00:00,41.3,41.55,41.3,41.5,17467,0
2017-09-22,20:00:00,41.5,41.525,41.4,41.45,8536,0
2017-09-22,21:00:00,41.5,41.7,41.45,41.5,53776,0
2017-09-22,22:00:00,41.5,41.55,41.4,41.5,61292,0
2017-09-25,16:00:00,41.5,41.55,41.15,41.5,42705,0
2017-09-25,17:00:00,41.5,41.75,40.8,41,81635,0
2017-09-25,18:00:00,41.05,41.25,40.9,41.1,14253,0
2017-09-25,19:00:00,41.2,41.3,41.1,41.15,30048,0
2017-09-25,20:00:00,41.2,41.3,41.1,41.3,18380,0
2017-09-25,21:00:00,41.3,41.3,41.15,41.15,40676,0
2017-09-25,22:00:00,41.15,41.5,41.15,41.45,124811,0
2017-09-26,16:00:00,41.6,41.7,41.55,41.55,11375,0
2017-09-26,17:00:00,41.6,41.95,41.6,41.95,19075,0
2017-09-26,18:00:00,41.95,42.2,41.925,42.2,7799,0
2017-09-26,19:00:00,42.2,42.25,42.05,42.1,8945,0
2017-09-26,20:00:00,42.15,42.2007,42,42.2,36707,0
2017-09-26,21:00:00,42.2,42.525,42.15,42.425,64799,0
2017-09-26,22:00:00,42.4,42.7,42.25,42.25,172081,0
2017-09-27,16:00:00,42.4,42.75,42.3,42.35,28850,0
2017-09-27,17:00:00,42.3,42.5,42.25,42.25,15581,0
2017-09-27,18:00:00,42.3,42.45,42.25,42.4,13000,0
2017-09-27,19:00:00,42.35,42.8,42.25,42.8,65696,0
2017-09-27,20:00:00,42.8,43.25,42.8,43.125,86719,0
2017-09-27,21:00:00,43.125,43.55,43.05,43.35,77533,0
2017-09-27,22:00:00,43.375,43.45,43.05,43.05,160790,0
2017-09-28,16:00:00,42.8,42.85,42.4,42.5,26366,0
2017-09-28,17:00:00,42.55,42.75,42.3,42.45,91690,0
2017-09-28,18:00:00,42.45,42.8,42.4,42.65,42479,0
2017-09-28,19:00:00,42.7,42.95,42.65,42.95,28868,0
2017-09-28,20:00:00,42.95,43.325,42.95,43,69423,0
2017-09-28,21:00:00,43.05,43.05,42.65,42.65,37100,0
2017-09-28,22:00:00,42.65,42.85,42.525,42.625,113171,0
2017-09-29,16:00:00,42.85,43.85,42.85,43,52625,0
2017-09-29,17:00:00,43,43.2,42.9,43.15,55205,0
2017-09-29,18:00:00,43.1,43.3,42.95,43.1,79934,0
2017-09-29,19:00:00,43.1,43.2,43.05,43.075,39911,0
2017-09-29,20:00:00,43.1,43.15,42.95,43.075,46252,0
2017-09-29,21:00:00,43.075,43.25,43.05,43.175,48258,0
2017-09-29,22:00:00,43.15,43.2,42.85,42.95,191225,0
2017-10-02,16:00:00,43.1,43.475,42.55,42.8,23152,0
2017-10-02,17:00:00,42.8,42.95,42.575,42.7,33309,0
2017-10-02,18:00:00,42.725,42.85,42.6,42.75,14494,0
2017-10-02,19:00:00,42.75,42.85,42.5,42.85,28771,0
2017-10-02,20:00:00,42.9,43,42.8,42.9,34417,0
2017-10-02,21:00:00,42.9,43.05,42.9,42.95,33524,0
2017-10-02,22:00:00,42.925,43.1,42.75,43.05,123754,0
2017-10-03,16:00:00,43.05,43.4,42.05,43.4,21292,0
2017-10-03,17:00:00,43.45,43.45,42.75,42.85,27482,0
2017-10-03,18:00:00,42.75,42.8,42.2,42.25,23821,0
2017-10-03,19:00:00,42.25,42.25,42,42,27262,0
2017-10-03,20:00:00,42,42.525,42,42.48,32270,0
2017-10-03,21:00:00,42.475,42.625,42.35,42.6,37077,0
2017-10-03,22:00:00,42.6,42.625,42.3,42.5,106442,0
2017-10-04,16:00:00,42.2,42.5,41.15,41.15,101541,0
2017-10-04,17:00:00,41.2,41.55,41.1,41.5,57714,0
2017-10-04,18:00:00,41.55,41.6,41.1,41.15,48920,0
2017-10-04,19:00:00,41.15,41.15,40.95,41.1,40626,0
2017-10-04,20:00:00,41.1,41.45,41.05,41.2,45306,0
2017-10-04,21:00:00,41.225,41.5,41.15,41.4,30857,0
2017-10-04,22:00:00,41.4,41.55,41.35,41.5,87247,0
2017-10-05,16:00:00,41.35,41.35,41.05,41.05,10421,0
2017-10-05,17:00:00,41,41.4,40.9,41.4,30626,0
2017-10-05,18:00:00,41.3,41.4,41.05,41.2,22840,0
2017-10-05,19:00:00,41.1,41.21,41,41,30279,0
2017-10-05,20:00:00,41.075,41.15,40.95,41.025,27773,0
2017-10-05,21:00:00,41,41.05,40.7,40.85,37171,0
2017-10-05,22:00:00,40.8,41,40.8,40.95,126883,0
2017-10-06,16:00:00,40.9,41.15,40.7,40.85,12905,0
2017-10-06,17:00:00,40.85,41.05,40.4,40.4,49657,0
2017-10-06,18:00:00,40.4,40.55,40.25,40.55,41267,0
2017-10-06,19:00:00,40.55,40.65,40.4,40.4,23862,0
2017-10-06,20:00:00,40.45,40.65,40.4,40.6,25172,0
2017-10-06,21:00:00,40.6,40.775,40.55,40.7,25684,0
2017-10-06,22:00:00,40.7,40.8,40.55,40.7,143282,0
2017-10-09,16:00:00,40.65,40.95,40.4,40.5,22069,0
2017-10-09,17:00:00,40.45,40.55,40.1,40.3,41415,0
2017-10-09,18:00:00,40.25,40.4,40.2,40.35,10542,0
2017-10-09,19:00:00,40.4,40.55,40.35,40.425,19530,0
2017-10-09,20:00:00,40.425,40.55,40.35,40.425,12707,0
2017-10-09,21:00:00,40.45,40.45,40.2,40.25,25303,0
2017-10-09,22:00:00,40.225,40.35,40.1,40.25,96364,0
2017-10-10,16:00:00,40.4,40.6,40.225,40.5,4862,0
2017-10-10,17:00:00,40.55,40.55,40.3,40.475,21241,0
2017-10-10,18:00:00,40.5,40.6,40.4,40.55,8814,0
2017-10-10,19:00:00,40.525,40.65,40.45,40.55,23220,0
2017-10-10,20:00:00,40.525,40.55,40.4,40.4,24136,0
2017-10-10,21:00:00,40.4,40.45,40.35,40.4,14348,0
2017-10-10,22:00:00,40.35,40.45,40.2,40.2,99464,0
2017-10-11,16:00:00,40.1,40.4,40.05,40.4,8204,0
2017-10-11,17:00:00,40.35,40.55,40.3,40.5,17848,0
2017-10-11,18:00:00,40.5,40.55,40.2,40.25,21582,0
2017-10-11,19:00:00,40.225,40.4,40.15,40.25,16706,0
2017-10-11,20:00:00,40.2,40.25,40.1,40.175,16740,0
2017-10-11,21:00:00,40.2,40.3,40.15,40.275,19976,0
2017-10-11,22:00:00,40.25,40.3,40,40,123216,0
2017-10-12,16:00:00,40.05,40.3,39.95,40.2,10180,0
2017-10-12,17:00:00,40.2445,40.65,40.2,40.6,53091,0
2017-10-12,18:00:00,40.6,40.65,40.45,40.575,21738,0
2017-10-12,19:00:00,40.6,40.65,40.4,40.55,42226,0
2017-10-12,20:00:00,40.5,40.65,40.35,40.45,37353,0
2017-10-12,21:00:00,40.5,40.55,40.35,40.375,50250,0
2017-10-12,22:00:00,40.375,40.8,40.35,40.7,164572,0
2017-10-13,16:00:00,40.9,40.95,39.8,39.85,27578,0
2017-10-13,17:00:00,39.85,39.85,39,39.6,155221,0
2017-10-13,18:00:00,39.6,39.6,39.25,39.375,30210,0
2017-10-13,19:00:00,39.375,39.6,39.3,39.3,34624,0
2017-10-13,20:00:00,39.3,39.35,39.05,39.05,27406,0
2017-10-13,21:00:00,39.15,39.3,39.05,39.3,48248,0
2017-10-13,22:00:00,39.2,39.4,39.2,39.4,108714,0
2017-10-16,16:00:00,39.45,39.95,38.55,38.55,33893,0
2017-10-16,17:00:00,38.55,38.85,38.45,38.75,41973,0
2017-10-16,18:00:00,38.8,38.8,38.6,38.6,18314,0
2017-10-16,19:00:00,38.6,38.8,38.55,38.65,21998,0
2017-10-16,20:00:00,38.675,38.675,38.15,38.2,34941,0
2017-10-16,21:00:00,38.25,38.55,38.225,38.45,16069,0
2017-10-16,22:00:00,38.45,38.7,38.45,38.6,106237,0
2017-10-17,16:00:00,38.65,38.65,38.4,38.4,4955,0
2017-10-17,17:00:00,38.4,38.55,38.3,38.45,13991,0
2017-10-17,18:00:00,38.5,38.75,38.5,38.65,14608,0
2017-10-17,19:00:00,38.6,38.6,38.15,38.15,42201,0
2017-10-17,20:00:00,38.2,38.45,38.1,38.1,52376,0
2017-10-17,21:00:00,38.1,38.3,38,38.05,78887,0
2017-10-17,22:00:00,38.1,38.25,37.9,38.2,90904,0
2017-10-18,16:00:00,38.1,38.7,38.1,38.65,16846,0
2017-10-18,17:00:00,38.65,38.65,38.425,38.65,68109,0
2017-10-18,18:00:00,38.7,39.1,38.65,39.05,22371,0
2017-10-18,19:00:00,39,39.2,38.975,39,82899,0
2017-10-18,20:00:00,38.975,39.1,38.7,38.9,72953,0
2017-10-18,21:00:00,38.95,39.55,38.9,39.275,54093,0
2017-10-18,22:00:00,39.275,39.3,38.875,39.15,163493,0
2017-10-19,16:00:00,38.95,38.95,38.55,38.9,6996,0
2017-10-19,17:00:00,38.875,39.35,38.8,39.2,68779,0
2017-10-19,18:00:00,39.15,39.3,38.95,39.25,58228,0
2017-10-19,19:00:00,39.2,39.25,38.85,38.975,37931,0
2017-10-19,20:00:00,38.95,39.05,38.9,38.925,41019,0
2017-10-19,21:00:00,38.95,39.35,38.9,39.3,38410,0
2017-10-19,22:00:00,39.3,39.6,39.2,39.5,117151,0
2017-10-20,16:00:00,39.6,40.05,39.55,39.95,17617,0
2017-10-20,17:00:00,39.85,39.85,39.625,39.8,84550,0
2017-10-20,18:00:00,39.8,40,39.65,39.95,96882,0
2017-10-20,19:00:00,39.925,40.05,39.75,40,53192,0
2017-10-20,20:00:00,40,40.05,39.8,39.9,45265,0
2017-10-20,21:00:00,39.9,39.95,39.75,39.85,40558,0
2017-10-20,22:00:00,39.85,40,39.75,39.8,128459,0
2017-10-23,16:00:00,39.85,40.05,39.45,39.55,14209,0
2017-10-23,17:00:00,39.5,39.75,39.4,39.75,44757,0
2017-10-23,18:00:00,39.75,39.9,39.475,39.5,96524,0
2017-10-23,19:00:00,39.6,39.75,39.5,39.65,46801,0
2017-10-23,20:00:00,39.6,39.65,39.45,39.525,18936,0
2017-10-23,21:00:00,39.5,39.85,39.5,39.8,41008,0
2017-10-23,22:00:00,39.8,39.9,39.6,39.85,165814,0
2017-10-24,16:00:00,39.8,40.1,39.8,39.9,8174,0
2017-10-24,17:00:00,39.9,39.9,39.55,39.55,13883,0
2017-10-24,18:00:00,39.55,39.65,39.4,39.55,12713,0
2017-10-24,19:00:00,39.55,39.8,39.55,39.7,16162,0
2017-10-24,20:00:00,39.7,39.95,39.6,39.625,43463,0
2017-10-24,21:00:00,39.65,39.7,39.4,39.425,52495,0
2017-10-24,22:00:00,39.4,39.55,39.225,39.3,145140,0
2017-10-25,16:00:00,39.25,39.5,39.1,39.1,6161,0
2017-10-25,17:00:00,39.1,39.2,38.65,38.65,20107,0
2017-10-25,18:00:00,38.65,38.8,38.45,38.7,28495,0
2017-10-25,19:00:00,38.7,38.95,38.625,38.9,29793,0
2017-10-25,20:00:00,38.9,39.35,38.85,39.35,64013,0
2017-10-25,21:00:00,39.35,39.35,38.9,38.9,49882,0
2017-10-25,22:00:00,38.95,39.25,38.95,39.15,63190,0
2017-10-26,16:00:00,39.45,39.85,39.25,39.6,18361,0
2017-10-26,17:00:00,39.5,39.8,39.45,39.65,39696,0
2017-10-26,18:00:00,39.7,39.95,39.5,39.9,38215,0
2017-10-26,19:00:00,39.95,39.95,39.75,39.75,15274,0
2017-10-26,20:00:00,39.75,39.9,39.65,39.75,64273,0
2017-10-26,21:00:00,39.75,39.9,39.675,39.75,42013,0
2017-10-26,22:00:00,39.7,39.8,39.55,39.65,150335,0
2017-10-27,16:00:00,43.25,46.2,43.25,45,224065,0
2017-10-27,17:00:00,45,45.1,44.45,44.85,130312,0
2017-10-27,18:00:00,44.85,44.95,44.2,44.6,75636,0
2017-10-27,19:00:00,44.6,44.75,44.05,44.5,51540,0
2017-10-27,20:00:00,44.55,44.6,44.1,44.3,41345,0
2017-10-27,21:00:00,44.25,44.6,44.25,44.45,56619,0
2017-10-27,22:00:00,44.45,44.83,44.3,44.65,257857,0
2017-10-30,15:00:00,44.75,44.9,43.15,43.2,27103,0
2017-10-30,16:00:00,43.25,43.35,42.75,43.2,84433,0
2017-10-30,17:00:00,43.2,44.05,43.2,43.95,101039,0
2017-10-30,18:00:00,43.975,44.2,43.75,44,91231,0
2017-10-30,19:00:00,44,44.025,43.55,43.65,53602,0
2017-10-30,20:00:00,43.65,44.1,43.55,43.9,47554,0
2017-10-30,21:00:00,43.9,44,43.575,43.6,143790,0
2017-10-31,15:00:00,43.75,44.5,43.3,43.4,31782,0
2017-10-31,16:00:00,43.35,43.75,43.25,43.7,30076,0
2017-10-31,17:00:00,43.7,43.85,43.35,43.45,28079,0
2017-10-31,18:00:00,43.4,44,43.35,43.8,39930,0
2017-10-31,19:00:00,43.8,43.85,43.4,43.75,40756,0
2017-10-31,20:00:00,43.7,43.75,43.5,43.65,35261,0
2017-10-31,21:00:00,43.625,43.65,43.25,43.3,123099,0
2017-11-01,15:00:00,43.6,43.6,43.05,43.05,20311,0
2017-11-01,16:00:00,43.1,43.25,42.6,43.2,24150,0
2017-11-01,17:00:00,43.25,43.3,42.7,43.1,46864,0
2017-11-01,18:00:00,43.1,43.3,43,43.25,18236,0
2017-11-01,19:00:00,43.175,43.45,43,43.4,53726,0
2017-11-01,20:00:00,43.35,43.65,43.25,43.65,34269,0
2017-11-01,21:00:00,43.65,43.775,43.5,43.55,141199,0
2017-11-02,15:00:00,43.7,43.95,43.6,43.8,13959,0
2017-11-02,16:00:00,43.75,44.2,43.4,44,58649,0
2017-11-02,17:00:00,44.05,44.1221,43.65,44.1,69882,0
2017-11-02,18:00:00,44.1,44.15,43.775,43.85,35864,0
2017-11-02,19:00:00,43.875,44.1,43.825,43.9,45436,0
2017-11-02,20:00:00,43.85,44.1,43.8,44.1,83350,0
2017-11-02,21:00:00,44.05,44.4,44.0175,44.25,167257,0
2017-11-03,15:00:00,44.2,44.55,43.75,43.75,17373,0
2017-11-03,16:00:00,43.8,44.45,43.75,44.275,32789,0
2017-11-03,17:00:00,44.3,44.45,44.15,44.4,24405,0
2017-11-03,18:00:00,44.4,44.4,44.2,44.3,19245,0
2017-11-03,19:00:00,44.3,44.4,44,44,38945,0
2017-11-03,20:00:00,44,44.125,43.9,43.9,45356,0
2017-11-03,21:00:00,43.9,44.35,43.85,44.3,100233,0
2017-11-06,16:00:00,44.35,44.35,43.85,44,9452,0
2017-11-06,17:00:00,43.95,44.85,43.95,44.7,26410,0
2017-11-06,18:00:00,44.75,44.95,44.65,44.85,17394,0
2017-11-06,19:00:00,44.85,44.85,44.65,44.85,12593,0
2017-11-06,20:00:00,44.9,45.15,44.75,44.75,25576,0
2017-11-06,21:00:00,44.7,45.05,44.7,44.85,40687,0
2017-11-06,22:00:00,44.85,45,44.65,44.65,98666,0
2017-11-07,16:00:00,44.55,45.1,44.35,44.8,9543,0
2017-11-07,17:00:00,44.775,44.775,44.3,44.3,43275,0
2017-11-07,19:00:00,44.8,44.95,44.65,44.85,12984,0
2017-11-07,20:00:00,44.9,45.05,44.7,44.95,43384,0
2017-11-07,21:00:00,44.9,44.9,44.5,44.6,15123,0
2017-11-07,22:00:00,44.575,44.575,44.3,44.4,98528,0
2017-11-08,16:00:00,44.25,44.25,43.35,43.35,10733,0
2017-11-08,17:00:00,43.45,44.05,43.4,43.95,17804,0
2017-11-08,18:00:00,44,44.25,43.85,44.1,19677,0
2017-11-08,19:00:00,44.05,44.3,44,44.3,9400,0
2017-11-08,20:00:00,44.25,44.35,44.1,44.25,11235,0
2017-11-08,21:00:00,44.2,44.45,44.15,44.15,27552,0
2017-11-08,22:00:00,44.15,44.325,44.15,44.3,60324,0
2017-11-09,16:00:00,44.1,44.65,43.6,43.6,12517,0
2017-11-09,17:00:00,43.75,44.25,43.6,44.25,47077,0
2017-11-09,18:00:00,44.2,44.25,43.75,43.925,42760,0
2017-11-09,19:00:00,43.9,44,43.7,43.95,30627,0
2017-11-09,20:00:00,43.95,44.2,43.75,44,17154,0
2017-11-09,21:00:00,44.05,44.15,44,44.05,25126,0
2017-11-09,22:00:00,44.05,44.35,44,44.05,101439,0
2017-11-10,16:00:00,44,44.1,43.8,44,9452,0
2017-11-10,17:00:00,44,44.25,43.85,43.9,33773,0
2017-11-10,18:00:00,43.95,44.15,43.9,44,10600,0
2017-11-10,19:00:00,44,44.05,43.85,43.85,35794,0
2017-11-10,20:00:00,43.85,43.95,43.55,43.575,15688,0
2017-11-10,21:00:00,43.575,43.9,43.5,43.75,19946,0
2017-11-10,22:00:00,43.725,43.825,43.65,43.7,51335,0
2017-11-13,16:00:00,43.65,43.65,43.2,43.4,13530,0
2017-11-13,17:00:00,43.55,43.65,43.25,43.3,23773,0
2017-11-13,18:00:00,43.35,43.6,43.35,43.55,8013,0
2017-11-13,19:00:00,43.65,44,43.6,44,12079,0
2017-11-13,20:00:00,43.95,44.25,43.9,44.225,22513,0
2017-11-13,21:00:00,44.2,44.225,43.6,43.625,39494,0
2017-11-13,22:00:00,43.625,43.9,43.625,43.8,88755,0
2017-11-14,16:00:00,43.65,43.65,42.6,43.25,8605,0
2017-11-14,17:00:00,43.2,43.9,43.15,43.85,14414,0
2017-11-14,18:00:00,43.85,43.85,43.6,43.7,10752,0
2017-11-14,19:00:00,43.65,43.95,43.6,43.8,13511,0
2017-11-14,20:00:00,43.8,44.05,43.8,43.85,10982,0
2017-11-14,21:00:00,43.85,44,43.8,43.85,23895,0
2017-11-14,22:00:00,43.875,44.05,43.8,43.8,64236,0
2017-11-15,16:00:00,43.65,43.65,43.15,43.55,20139,0
2017-11-15,17:00:00,43.525,43.7,43.35,43.55,41773,0
2017-11-15,18:00:00,43.65,43.95,43.5,43.5,28648,0
2017-11-15,19:00:00,43.45,43.5,43.3,43.3,6200,0
2017-11-15,20:00:00,43.3,43.3,42.95,42.95,13321,0
2017-11-15,21:00:00,43.05,43.15,42.8,42.9,30016,0
2017-11-15,22:00:00,42.85,42.975,42.65,42.9,78470,0
2017-11-16,16:00:00,43.1,43.25,43.05,43.25,3568,0
2017-11-16,17:00:00,43.2,43.7,43.15,43.3,9510,0
2017-11-16,18:00:00,43.3,43.5,43.3,43.4,17045,0
2017-11-16,19:00:00,43.4,43.6,43.35,43.5,14670,0
2017-11-16,20:00:00,43.55,43.65,43.3,43.45,127962,0
2017-11-16,21:00:00,43.4,43.8,43.4,43.65,101093,0
2017-11-16,22:00:00,43.65,43.85,43.55,43.8,69178,0
2017-11-17,16:00:00,43.45,43.55,43.15,43.275,28040,0
2017-11-17,17:00:00,43.25,43.3,43.05,43.175,15107,0
2017-11-17,18:00:00,43.1,43.4,43.1,43.25,11840,0
2017-11-17,19:00:00,43.25,43.5,43.2,43.45,19586,0
2017-11-17,20:00:00,43.45,43.5,43.35,43.4,8785,0
2017-11-17,21:00:00,43.3,43.4,43.275,43.4,12497,0
2017-11-17,22:00:00,43.35,43.4,43.225,43.3,59824,0
2017-11-20,16:00:00,43.3,43.6,43.05,43.05,2790,0
2017-11-20,17:00:00,43.15,43.45,43.15,43.45,4511,0
2017-11-20,18:00:00,43.45,43.6,43.4,43.4,6000,0
2017-11-20,19:00:00,43.35,43.5,43.35,43.425,8261,0
2017-11-20,20:00:00,43.425,43.5,43.35,43.35,16336,0
2017-11-20,21:00:00,43.4,43.45,43.3,43.45,9620,0
2017-11-20,22:00:00,43.45,43.6,43.45,43.55,44499,0
2017-11-21,16:00:00,43.85,43.9,43.45,43.9,26844,0
2017-11-21,17:00:00,43.95,44.45,43.85,44.05,58127,0
2017-11-21,18:00:00,44.05,44.25,44,44.05,16524,0
2017-11-21,19:00:00,44.05,44.25,43.95,44.2,8402,0
2017-11-21,20:00:00,44.2,44.3,44.05,44.05,12886,0
2017-11-21,21:00:00,44,44.15,43.9,44,53926,0
2017-11-21,22:00:00,44.1,44.45,44.05,44.4,86837,0
2017-11-22,16:00:00,44.35,44.95,44.35,44.75,8843,0
2017-11-22,17:00:00,44.75,44.8,44.5,44.65,6546,0
2017-11-22,18:00:00,44.7,44.85,44.55,44.75,7600,0
2017-11-22,19:00:00,44.75,44.85,44.6,44.7,19180,0
2017-11-22,20:00:00,44.7,44.725,44.6,44.6,8455,0
2017-11-22,21:00:00,44.65,44.95,44.6,44.75,14440,0
2017-11-22,22:00:00,44.725,44.75,44.5,44.55,56618,0
2017-11-24,16:00:00,44.6,44.6,44.35,44.6,4835,0
2017-11-24,17:00:00,44.5,44.8,44.15,44.3,18386,0
2017-11-24,18:00:00,44.3,44.3,44.15,44.3,3000,0
2017-11-24,19:00:00,44.25,44.55,44.2,44.5,18529,0
2017-11-24,20:00:00,44.45,44.45,44.45,44.45,7536,0
2017-11-27,16:00:00,44.5,44.85,44.5,44.65,27414,0
2017-11-27,17:00:00,44.55,44.55,44.25,44.35,7299,0
2017-11-27,18:00:00,44.3,44.35,44.1,44.15,3600,0
2017-11-27,19:00:00,44.1,44.2,44.05,44.2,5621,0
2017-11-27,20:00:00,44.25,44.4,44.25,44.4,4705,0
2017-11-27,21:00:00,44.4,44.45,44.25,44.3,8738,0
2017-11-27,22:00:00,44.25,44.3,44.15,44.15,78100,0
2017-11-28,16:00:00,44.25,44.75,44.15,44.75,5781,0
2017-11-28,17:00:00,44.75,44.8,44.35,44.8,18215,0
2017-11-28,18:00:00,44.75,44.75,44.6,44.7,10136,0
2017-11-28,19:00:00,44.75,44.85,44.7,44.7,5550,0
2017-11-28,20:00:00,44.75,44.85,44.5,44.55,9572,0
2017-11-28,21:00:00,44.6,45,44.55,44.8,14100,0
2017-11-28,22:00:00,44.85,45.3,44.8,45.25,63750,0
2017-11-29,16:00:00,45.2,45.8,45.2,45.7,26058,0
2017-11-29,17:00:00,45.9,46.1,45.65,45.9,39234,0
2017-11-29,18:00:00,45.9,45.95,45.6,45.7,30301,0
2017-11-29,19:00:00,45.7,45.8,45.65,45.7,47260,0
2017-11-29,20:00:00,45.7,45.9,45.65,45.75,25150,0
2017-11-29,21:00:00,45.7,46.25,45.7,46.15,47168,0
2017-11-29,22:00:00,46.15,46.7,46.1,46.6,74828,0
2017-11-30,16:00:00,46.6,47.1,46.2608,47,12397,0
2017-11-30,17:00:00,47,47.1,46.3,46.55,24545,0
2017-11-30,18:00:00,46.55,47.2,46.45,46.95,32557,0
2017-11-30,19:00:00,47.0045,47.35,46.95,47.2,27224,0
2017-11-30,20:00:00,47.3,47.65,47.2,47.55,35499,0
2017-11-30,21:00:00,47.55,47.95,47.5,47.8,49056,0
2017-11-30,22:00:00,47.8,48,47.5,47.85,106489,0
2017-12-01,16:00:00,47.85,48.15,47.6,47.6,14560,0
2017-12-01,17:00:00,47.6,47.85,47.25,47.8,30733,0
2017-12-01,18:00:00,47.7,47.7,46.2,46.9,40322,0
2017-12-01,19:00:00,47,47.25,46.75,47,27015,0
2017-12-01,20:00:00,46.95,47.3,46.85,47.2,15300,0
2017-12-01,21:00:00,47.2,47.25,47.05,47.25,22531,0
2017-12-01,22:00:00,47.25,47.4,47,47.35,69525,0
2017-12-04,16:00:00,47.95,48.7,47.9,48.45,14295,0
2017-12-04,17:00:00,48.45,48.75,47.95,48.05,27418,0
2017-12-04,18:00:00,48,48.05,47.4,47.55,22561,0
2017-12-04,19:00:00,47.6,47.8,47.2,47.65,24281,0
2017-12-04,20:00:00,47.6,47.85,47.55,47.75,16672,0
2017-12-04,21:00:00,47.75,47.85,47.55,47.7882,22262,0
2017-12-04,22:00:00,47.8,47.9,47.525,47.6,95304,0
2017-12-05,16:00:00,47.6,47.7,47.3,47.35,10104,0
2017-12-05,17:00:00,47.4,47.55,46.8,47.1,14035,0
2017-12-05,18:00:00,47.1,47.3,46.85,46.85,8915,0
2017-12-05,19:00:00,46.95,46.95,46.7,46.75,8627,0
2017-12-05,20:00:00,46.75,46.95,46.75,46.75,6534,0
2017-12-05,21:00:00,46.85,46.85,46.35,46.45,12641,0
2017-12-05,22:00:00,46.45,46.6,46.35,46.4,46665,0
2017-12-06,16:00:00,46.35,46.9,45.9,46.85,11714,0
2017-12-06,17:00:00,46.8,46.9,46.5,46.9,7600,0
2017-12-06,18:00:00,46.9,47.1,46.85,46.95,19974,0
2017-12-06,19:00:00,46.85,47.1,46.75,47,23748,0
2017-12-06,20:00:00,46.95,47.05,46.8,46.85,8700,0
2017-12-06,21:00:00,46.85,47,46.7,46.7,14708,0
2017-12-06,22:00:00,46.8,46.8,46.55,46.7,28965,0
2017-12-07,16:00:00,46.7,47.05,46.4,47.05,4019,0
2017-12-07,17:00:00,46.95,47.15,46.5,46.7,44504,0
2017-12-07,18:00:00,46.8,47.1,46.65,47,8900,0
2017-12-07,19:00:00,46.9,47,46.8,46.95,25953,0
2017-12-07,20:00:00,47,47.1,46.85,46.95,7412,0
2017-12-07,21:00:00,46.9,47.2,46.9,46.95,9902,0
2017-12-07,22:00:00,47,47.3,46.95,47.15,116051,0
2017-12-08,16:00:00,47.5,47.5,46.55,47.1,14255,0
2017-12-08,17:00:00,47,47.1,46.75,46.95,12636,0
2017-12-08,18:00:00,46.9,47.2,46.9,47.1,8701,0
2017-12-08,19:00:00,47.2,47.4,47.2,47.3,27019,0
2017-12-08,20:00:00,47.3,47.35,47,47.025,6557,0
2017-12-08,21:00:00,47,47.2,46.9,47.1,16400,0
2017-12-08,22:00:00,47.2,47.3,46.75,47,92144,0
2017-12-11,16:00:00,47,47.15,46.8,47.1,6008,0
2017-12-11,17:00:00,47.1,47.1,46.8,46.95,39289,0
2017-12-11,18:00:00,46.95,47.05,46.8,46.95,15949,0
2017-12-11,19:00:00,46.925,47,46.75,46.9,11403,0
2017-12-11,20:00:00,46.85,47,46.75,46.825,11891,0
2017-12-11,21:00:00,46.85,46.9,46.75,46.85,9964,0
2017-12-11,22:00:00,46.85,46.85,46.6,46.85,66452,0
2017-12-12,16:00:00,46.9,47.05,45.4,46.9,9359,0
2017-12-12,17:00:00,46.9,46.9,46.5,46.5,8615,0
2017-12-12,18:00:00,46.55,46.55,46.25,46.3,29547,0
2017-12-12,19:00:00,46.3,46.4,46.2,46.35,11763,0
2017-12-12,20:00:00,46.35,46.6,46.3,46.4,11300,0
2017-12-12,21:00:00,46.45,46.7,46.45,46.45,147541,0
2017-12-12,22:00:00,46.55,46.7,46.4,46.55,190365,0
2017-12-13,16:00:00,46.35,47.05,46.35,46.95,44834,0
2017-12-13,17:00:00,47,47.35,46.9,47.25,49518,0
2017-12-13,18:00:00,47.225,47.3,47.05,47.05,24571,0
2017-12-13,19:00:00,47.05,47.25,46.9,47.05,31724,0
2017-12-13,20:00:00,47.1,47.1,46.8,47,13928,0
2017-12-13,21:00:00,47.05,47.15,46.85,47,17305,0
2017-12-13,22:00:00,46.9,47.15,46.8,47.05,113172,0
2017-12-14,16:00:00,47.35,47.35,46.9,47.15,10655,0
2017-12-14,17:00:00,47.25,47.4,47,47.1,26117,0
2017-12-14,18:00:00,47.15,47.35,47.05,47.225,38754,0
2017-12-14,19:00:00,47.25,47.25,46.8,46.9,14811,0
2017-12-14,20:00:00,46.9,46.95,46.2,46.25,17276,0
2017-12-14,21:00:00,46.3,46.75,46.25,46.65,30044,0
2017-12-14,22:00:00,46.6,46.8,46.45,46.65,61346,0
2017-12-15,16:00:00,46.65,47.1,46.65,47.05,70310,0
2017-12-15,17:00:00,47.1,47.4,46.85,46.85,38955,0
2017-12-15,18:00:00,46.95,47.45,46.95,47.35,25428,0
2017-12-15,19:00:00,47.35,47.4,47.05,47.3,37308,0
2017-12-15,20:00:00,47.3,47.3,46.95,47,7460,0
2017-12-15,21:00:00,47.05,47.05,46.8,47,79310,0
2017-12-15,22:00:00,47,47.075,46.4,46.5,265386,0
2017-12-18,16:00:00,46.9,47.5,46.9,47.4,13027,0
2017-12-18,17:00:00,47.5,47.55,47.15,47.35,67707,0
2017-12-18,18:00:00,47.35,47.4,46.8,46.9,12000,0
2017-12-18,19:00:00,46.95,46.95,46.55,46.55,11522,0
2017-12-18,20:00:00,46.65,46.7,46.45,46.45,11371,0
2017-12-18,21:00:00,46.5,46.5,46.4,46.4,10447,0
2017-12-18,22:00:00,46.4,46.75,46.25,46.7,105518,0
2017-12-19,16:00:00,48.15,48.15,47.2,47.6,52581,0
2017-12-19,17:00:00,47.65,47.9,47.35,47.8,78108,0
2017-12-19,18:00:00,47.8,47.9,47.45,47.65,26210,0
2017-12-19,19:00:00,47.65,48.05,47.525,48.025,33550,0
2017-12-19,20:00:00,48.005,48.025,47.8,47.875,17430,0
2017-12-19,21:00:00,47.85,48.4,47.75,48.375,75581,0
2017-12-19,22:00:00,48.375,48.675,48.15,48.45,143977,0
2017-12-20,16:00:00,48.9,48.9,47.8,48.05,17756,0
2017-12-20,17:00:00,48.1,48.2,47.95,48.05,20728,0
2017-12-20,18:00:00,48.1,48.35,48.1,48.3,14466,0
2017-12-20,19:00:00,48.25,48.4,48.1,48.3,23495,0
2017-12-20,20:00:00,48.3,48.4,47.95,48.15,33316,0
2017-12-20,21:00:00,48.1,48.2,48,48,19206,0
2017-12-20,22:00:00,48.1,48.15,47.45,47.55,73466,0
2017-12-21,16:00:00,47.6,47.6,47,47,8384,0
2017-12-21,17:00:00,47.05,47.25,46.6,46.75,16457,0
2017-12-21,18:00:00,46.8,47.15,46.7,47.05,10170,0
2017-12-21,19:00:00,47.05,47.15,46.95,47.1,8015,0
2017-12-21,20:00:00,47.15,47.375,47.15,47.25,5800,0
2017-12-21,21:00:00,47.25,47.45,47.2,47.45,9861,0
2017-12-21,22:00:00,47.425,47.55,47.2,47.3,34121,0
2017-12-22,16:00:00,47.3,47.45,46.975,47.25,6292,0
2017-12-22,17:00:00,47.2,47.35,46.95,47.35,8246,0
2017-12-22,18:00:00,47.3,47.45,47.3,47.4,3300,0
2017-12-22,19:00:00,47.45,47.7,47.35,47.65,7780,0
2017-12-22,20:00:00,47.6,48,47.5,47.95,12300,0
2017-12-22,21:00:00,47.95,48.05,47.9,48.05,7741,0
2017-12-22,22:00:00,48.05,48.45,48,48.35,96080,0
2017-12-26,16:00:00,48.25,48.8,48.25,48.45,4877,0
2017-12-26,17:00:00,48.55,48.6,48.35,48.4,14395,0
2017-12-26,18:00:00,48.45,48.5,48.2,48.3,20062,0
2017-12-26,19:00:00,48.25,48.6,48.25,48.4,14446,0
2017-12-26,20:00:00,48.4,48.4,48.2,48.35,6421,0
2017-12-26,21:00:00,48.3,48.65,48.25,48.55,28443,0
2017-12-26,22:00:00,48.6,48.6,48.375,48.4,41659,0
2017-12-27,16:00:00,48.45,48.45,48.1,48.4,4343,0
2017-12-27,17:00:00,48.45,48.55,48.3,48.5,8377,0
2017-12-27,18:00:00,48.45,48.65,48.45,48.65,2375,0
2017-12-27,19:00:00,48.6,48.65,48.4,48.5,8323,0
2017-12-27,20:00:00,48.45,48.75,48.3,48.6,24533,0
2017-12-27,21:00:00,48.65,48.8,48.55,48.8,10756,0
2017-12-27,22:00:00,48.75,48.825,48.65,48.7,67211,0
2017-12-28,16:00:00,48.7,48.7,47.9,47.975,5379,0
2017-12-28,17:00:00,48.05,48.15,47.75,47.8,7348,0
2017-12-28,18:00:00,47.85,47.9,47.7,47.7,3849,0
2017-12-28,19:00:00,47.7,47.75,47.6,47.6,8200,0
2017-12-28,20:00:00,47.6,47.9,47.6,47.9,10913,0
2017-12-28,21:00:00,47.9,47.95,47.85,47.85,12402,0
2017-12-28,22:00:00,47.85,48.05,47.85,48.05,43088,0
2017-12-29,16:00:00,48.15,48.2,47.9,47.9,2898,0
2017-12-29,17:00:00,47.875,48.15,47.75,48.05,11025,0
2017-12-29,18:00:00,48.1,48.1,47.9,47.9,4770,0
2017-12-29,19:00:00,48,48,47.8,47.8,2996,0
2017-12-29,20:00:00,47.85,48,47.75,48,3300,0
2017-12-29,21:00:00,47.95,48,47.65,47.7,9511,0
2017-12-29,22:00:00,47.7,48,47.65,47.9,103663,0
2018-01-02,16:00:00,48.1,48.75,48.1,48.7,16661,0
2018-01-02,17:00:00,48.7,49.25,48.65,48.95,33856,0
2018-01-02,18:00:00,48.9,49.65,48.9,49.6,35981,0
2018-01-02,19:00:00,49.55,49.95,49.5,49.85,35584,0
2018-01-02,20:00:00,49.85,50,49.2,49.3,51221,0
2018-01-02,21:00:00,49.3,49.35,48.95,49.05,43702,0
2018-01-02,22:00:00,49.075,49.3,49.075,49.25,85330,0
2018-01-03,16:00:00,49.4,49.6,49.2,49.55,15003,0
2018-01-03,17:00:00,49.65,50.175,49.6,49.85,41042,0
2018-01-03,18:00:00,49.8,50.1,49.8,50.05,22088,0
2018-01-03,19:00:00,50,50.1,49.9,50.025,34700,0
2018-01-03,20:00:00,50.05,50.15,50,50.025,23609,0
2018-01-03,21:00:00,50.025,50.15,49.7,49.9,40927,0
2018-01-03,22:00:00,49.9,50.05,49.7,49.9,92130,0
2018-01-04,16:00:00,50.35,50.6,50.25,50.55,11352,0
2018-01-04,17:00:00,50.4,50.4,49.8,50.05,24106,0
2018-01-04,18:00:00,50.025,50.1,49.35,49.4,10659,0
2018-01-04,19:00:00,49.45,49.9,49.45,49.85,17130,0
2018-01-04,20:00:00,49.9,49.9,49.7,49.85,12465,0
2018-01-04,21:00:00,49.875,50,49.75,49.825,16937,0
2018-01-04,22:00:00,49.825,49.85,49.6,49.65,52642,0
2018-01-05,16:00:00,50,50.3,49.55,49.85,8096,0
2018-01-05,17:00:00,49.8,49.8,49.15,49.3,21108,0
2018-01-05,18:00:00,49.3,49.55,49.3,49.35,7349,0
2018-01-05,19:00:00,49.35,49.5,49.2,49.45,20013,0
2018-01-05,20:00:00,49.45,49.5,49.15,49.3,10905,0
2018-01-05,21:00:00,49.35,49.35,49.1,49.15,13283,0
2018-01-05,22:00:00,49.175,49.5,49.175,49.45,62245,0
2018-01-08,16:00:00,49.6,49.9,49.35,49.7,10097,0
2018-01-08,17:00:00,49.65,49.75,49.45,49.7,13100,0
2018-01-08,18:00:00,49.7,49.85,49.65,49.85,12213,0
2018-01-08,19:00:00,49.85,50,49.8,49.95,13422,0
2018-01-08,20:00:00,50,50.15,49.9,50.15,57186,0
2018-01-08,21:00:00,50.175,50.2,50,50.1,25814,0
2018-01-08,22:00:00,50.15,50.3,50.05,50.15,85381,0
2018-01-09,16:00:00,50.4,51.55,50.25,50.95,23306,0
2018-01-09,17:00:00,50.95,51,50.4,50.5,13285,0
2018-01-09,18:00:00,50.5,50.9,50.45,50.75,19618,0
2018-01-09,19:00:00,50.7,50.95,50.7,50.95,6763,0
2018-01-09,20:00:00,50.9,50.95,50.55,50.7,30335,0
2018-01-09,21:00:00,50.7,50.85,50.525,50.85,19295,0
2018-01-09,22:00:00,50.85,51,50.75,50.85,77431,0
2018-01-10,16:00:00,50.8,51.05,50.55,51.05,8072,0
2018-01-10,17:00:00,51.05,51.05,50.6,50.6,18100,0
2018-01-10,18:00:00,50.55,50.6,50.4,50.5,7270,0
2018-01-10,19:00:00,50.45,50.65,50.45,50.55,5580,0
2018-01-10,20:00:00,50.55,50.8,50.425,50.75,27014,0
2018-01-10,21:00:00,50.775,50.8,50.3,50.4,13314,0
2018-01-10,22:00:00,50.45,50.475,50.3,50.35,25723,0
2018-01-11,16:00:00,50.75,50.85,50.45,50.85,13251,0
2018-01-11,17:00:00,50.8,51.195,50.8,51.195,59120,0
2018-01-11,18:00:00,51.15,51.45,51.15,51.25,23774,0
2018-01-11,19:00:00,51.2,51.8,51.2,51.75,15308,0
2018-01-11,20:00:00,51.75,51.8,51.45,51.45,14150,0
2018-01-11,21:00:00,51.45,51.5,51.125,51.4,27551,0
2018-01-11,22:00:00,51.45,51.7,51.3,51.6,91417,0
2018-01-12,16:00:00,51.5,52.15,51.35,51.65,20925,0
2018-01-12,17:00:00,51.6,51.75,51.1,51.55,44783,0
2018-01-12,18:00:00,51.55,52.25,51.525,52.05,61243,0
2018-01-12,19:00:00,52,52,51.75,51.9,35065,0
2018-01-12,20:00:00,51.95,52.05,51.75,51.85,29556,0
2018-01-12,21:00:00,51.825,52.05,51.7,51.8,34591,0
2018-01-12,22:00:00,51.9,51.95,51.7,51.85,79284,0
2018-01-16,16:00:00,52.15,52.15,51.55,51.9,14784,0
2018-01-16,17:00:00,51.9,52.05,51.75,51.9,28723,0
2018-01-16,18:00:00,51.85,51.95,51.65,51.7,21862,0
2018-01-16,19:00:00,51.6,51.75,51.5,51.5,15446,0
2018-01-16,20:00:00,51.45,51.55,51.25,51.55,32010,0
2018-01-16,21:00:00,51.5,51.5,50.85,51.2,40067,0
2018-01-16,22:00:00,51.2,51.75,51.2,51.45,73767,0
2018-01-17,16:00:00,51.8,51.8,51.1,51.25,4804,0
2018-01-17,17:00:00,51.2,51.238,50.85,50.95,9533,0
2018-01-17,18:00:00,50.9,51.15,50.8,51.15,19300,0
2018-01-17,19:00:00,51.1,51.45,51.1,51.45,6792,0
2018-01-17,20:00:00,51.4,51.4,51.05,51.05,19798,0
2018-01-17,21:00:00,51.05,51.15,50.9,51.15,30787,0
2018-01-17,22:00:00,51.15,51.4,51.075,51.25,65667,0
2018-01-18,16:00:00,51,51.45,50.75,51.075,44320,0
2018-01-18,17:00:00,51.1,51.35,50.7,50.8,17347,0
2018-01-18,18:00:00,50.9,51.5,50.8,51.45,26077,0
2018-01-18,19:00:00,51.4,51.6,51.35,51.4,9900,0
2018-01-18,20:00:00,51.35,51.5,51.3,51.475,8488,0
2018-01-18,21:00:00,51.5,51.65,51.375,51.525,33871,0
2018-01-18,22:00:00,51.525,51.55,51.225,51.25,84122,0
2018-01-19,16:00:00,51.25,51.45,51.1,51.4,9219,0
2018-01-19,17:00:00,51.425,51.75,51.35,51.6,26395,0
2018-01-19,18:00:00,51.6,51.75,51.5,51.55,10023,0
2018-01-19,19:00:00,51.55,51.6,51.3,51.3,9109,0
2018-01-19,20:00:00,51.325,51.35,51.15,51.3,6878,0
2018-01-19,21:00:00,51.25,51.65,51.25,51.5,8713,0
2018-01-19,22:00:00,51.55,51.6,51.4,51.45,133283,0
2018-01-22,16:00:00,51.35,51.6,50.2,50.55,17385,0
2018-01-22,17:00:00,50.55,51.1,50.4,51.05,9700,0
2018-01-22,18:00:00,51.05,51.2,50.925,51.2,3604,0
2018-01-22,19:00:00,51.3,51.4,51.2,51.3,7721,0
2018-01-22,20:00:00,51.35,51.4,51.2,51.3,9206,0
2018-01-22,21:00:00,51.37,51.4,51.1,51.15,8460,0
2018-01-22,22:00:00,51.15,51.25,51.1,51.2,49199,0
2018-01-23,16:00:00,51.1,51.3,50.5,50.9,3471,0
2018-01-23,17:00:00,50.85,51.4,50.85,51.35,15826,0
2018-01-23,18:00:00,51.35,51.55,51.2,51.25,16447,0
2018-01-23,19:00:00,51.3,51.55,51.15,51.25,34399,0
2018-01-23,20:00:00,51.2,51.4,51.2,51.3,26446,0
2018-01-23,21:00:00,51.3,51.55,51.2,51.5,9419,0
2018-01-23,22:00:00,51.5,51.5,51.2,51.35,35018,0
2018-01-24,16:00:00,51.45,51.55,51.25,51.4,2830,0
2018-01-24,17:00:00,51.45,51.5,51.25,51.4,4800,0
2018-01-24,18:00:00,51.45,51.45,50.9,50.9,3900,0
2018-01-24,19:00:00,50.9,51.1,50.9,50.9,4900,0
2018-01-24,20:00:00,50.9,51,50.65,50.95,4720,0
2018-01-24,21:00:00,50.95,51.25,50.85,51.2,9860,0
2018-01-24,22:00:00,51.2,51.25,50.75,50.8,96176,0
2018-01-25,16:00:00,50.8,50.85,50.4,50.4,4390,0
2018-01-25,17:00:00,50.45,50.5,50.15,50.15,8497,0
2018-01-25,18:00:00,50.15,50.6,50.15,50.55,9580,0
2018-01-25,19:00:00,50.55,50.55,50.25,50.3,10117,0
2018-01-25,20:00:00,50.25,50.65,50.2,50.65,12647,0
2018-01-25,21:00:00,50.6,50.65,50.25,50.35,17212,0
2018-01-25,22:00:00,50.35,50.7,50.15,50.5,159841,0
2018-01-26,16:00:00,50.5,51.1,50.4,50.525,4821,0
2018-01-26,17:00:00,50.5,50.55,49.9,50.05,22496,0
2018-01-26,18:00:00,50.05,50.45,50.05,50.4,9849,0
2018-01-26,19:00:00,50.35,50.45,50.25,50.35,9499,0
2018-01-26,20:00:00,50.35,50.7,50.35,50.6,13536,0
2018-01-26,21:00:00,50.6,50.825,50.5,50.75,14617,0
2018-01-26,22:00:00,50.75,51.1,50.75,50.95,90459,0
2018-01-29,16:00:00,50.6,50.95,50.4,50.5,8622,0
2018-01-29,17:00:00,50.5,50.55,49.45,50,58265,0
2018-01-29,18:00:00,49.95,49.95,49.55,49.55,21117,0
2018-01-29,19:00:00,49.5,49.7,49.35,49.65,19388,0
2018-01-29,20:00:00,49.7,49.8,49.3,49.3,21652,0
2018-01-29,21:00:00,49.3,49.4,49.15,49.2,35561,0
2018-01-29,22:00:00,49.225,49.225,48.75,49,97007,0
2018-01-30,16:00:00,48.65,48.75,48.1,48.35,12977,0
2018-01-30,17:00:00,48.2,48.4,48,48.35,55365,0
2018-01-30,18:00:00,48.45,48.45,48.05,48.15,14730,0
2018-01-30,19:00:00,48.1,48.1,47.55,47.55,35634,0
2018-01-30,20:00:00,47.55,47.675,47.3,47.65,49792,0
2018-01-30,21:00:00,47.6,47.95,47.5,47.55,55332,0
2018-01-30,22:00:00,47.55,47.875,47.45,47.75,108970,0
2018-01-31,16:00:00,48.15,48.945,47.625,48.025,40739,0
2018-01-31,17:00:00,48,48.1,47.45,47.5,54628,0
2018-01-31,18:00:00,47.55,47.85,47.5,47.7,18918,0
2018-01-31,19:00:00,47.7,47.95,47.5,47.75,23707,0
2018-01-31,20:00:00,47.7,47.8,47.5,47.65,23260,0
2018-01-31,21:00:00,47.65,47.8,47.4,47.6,27524,0
2018-01-31,22:00:00,47.65,48.05,47.5,48.05,169814,0
2018-02-01,16:00:00,47.7,47.725,47.25,47.725,21514,0
2018-02-01,17:00:00,47.65,48.3,47.65,48.15,33515,0
2018-02-01,18:00:00,48.15,48.6,48,48.55,17858,0
2018-02-01,19:00:00,48.5,48.85,48.35,48.6,13239,0
2018-02-01,20:00:00,48.65,49.05,48.355,48.4,25328,0
2018-02-01,21:00:00,48.35,48.65,48.25,48.6,21621,0
2018-02-01,22:00:00,48.55,48.775,48.4,48.7,173101,0
2018-02-02,16:00:00,48.2,49.1,48,48.2,19001,0
2018-02-02,17:00:00,48.25,48.7,47.95,48.65,33883,0
2018-02-02,18:00:00,48.6,48.75,48.55,48.55,25658,0
2018-02-02,19:00:00,48.5,48.6,48.25,48.325,12320,0
2018-02-02,20:00:00,48.25,48.375,47.95,48.05,27285,0
2018-02-02,21:00:00,47.95,48,47.65,47.7,17223,0
2018-02-02,22:00:00,47.65,48.1,47.65,47.85,105823,0
2018-02-05,16:00:00,47.45,47.9,47.2,47.45,11780,0
2018-02-05,17:00:00,47.45,47.75,47.05,47.15,50227,0
2018-02-05,18:00:00,47.1,47.25,46.65,47.1,57804,0
2018-02-05,19:00:00,47.1,47.4,47.05,47.25,38450,0
2018-02-05,20:00:00,47.2,47.3,47,47.3,27234,0
2018-02-05,21:00:00,47.35,47.35,46.9,47,33492,0
2018-02-05,22:00:00,46.95,47.2,45.6,45.7,168995,0
2018-02-06,16:00:00,45,45.825,44.5,45.6,15318,0
2018-02-06,17:00:00,45.75,46.125,45.1,45.6,33553,0
2018-02-06,18:00:00,45.5,45.85,45.3,45.65,35180,0
2018-02-06,19:00:00,45.75,46.1,45.65,45.7,20775,0
2018-02-06,20:00:00,45.65,45.8,45.3,45.35,32647,0
2018-02-06,21:00:00,45.3,46.1,45.15,46.05,45758,0
2018-02-06,22:00:00,46.1,46.45,46.025,46.2,118086,0
2018-02-07,16:00:00,45.9,46.4,45.8,46.15,6719,0
2018-02-07,17:00:00,46.05,46.4,45.75,46.25,27770,0
2018-02-07,18:00:00,46.2,46.65,46,46.3,60223,0
2018-02-07,19:00:00,46.35,46.8,46.3,46.6,24320,0
2018-02-07,20:00:00,46.6,46.9,46.35,46.6,26744,0
2018-02-07,21:00:00,46.65,46.85,46.45,46.65,27143,0
2018-02-07,22:00:00,46.7,46.9,46.4,46.45,60898,0
2018-02-08,16:00:00,46.4,46.4,45.15,46.15,11359,0
2018-02-08,17:00:00,46.15,46.15,45.25,45.35,28996,0
2018-02-08,18:00:00,45.25,45.55,45.2,45.45,37978,0
2018-02-08,19:00:00,45.45,45.7,45.25,45.35,35602,0
2018-02-08,20:00:00,45.3,45.95,45.25,45.85,37693,0
2018-02-08,21:00:00,45.75,45.75,45.25,45.55,49527,0
2018-02-08,22:00:00,45.475,45.6,44.85,44.9,128543,0
2018-02-09,16:00:00,46.7,46.7,44.45,45.375,47128,0
2018-02-09,17:00:00,45.2,45.25,44.2,44.3,37110,0
2018-02-09,18:00:00,44.3,44.55,43.5,43.65,47846,0
2018-02-09,19:00:00,43.6,43.7,43.1,43.7,46751,0
2018-02-09,20:00:00,43.675,44,43.45,43.8,60948,0
2018-02-09,21:00:00,43.95,44.35,43.6,43.65,47328,0
2018-02-09,22:00:00,43.65,44.3,43.45,43.75,201836,0
2018-02-12,16:00:00,43.8,44.3,43.75,43.95,29298,0
2018-02-12,17:00:00,44,44.5,43.95,44.45,29562,0
2018-02-12,18:00:00,44.45,44.95,44.25,44.95,21099,0
2018-02-12,19:00:00,44.95,45.175,44.7,44.7,25163,0
2018-02-12,20:00:00,44.75,45.3,44.65,45.2,21869,0
2018-02-12,21:00:00,45.2,45.25,44.95,45,21627,0
2018-02-12,22:00:00,45,45.1,44.5,44.75,90223,0
2018-02-13,16:00:00,44.25,45.2,44.25,44.8,17153,0
2018-02-13,17:00:00,44.775,45.6,44.55,45.45,17220,0
2018-02-13,18:00:00,45.4,45.9,45.2,45.65,44785,0
2018-02-13,19:00:00,45.7,46.2,45.65,45.95,35265,0
2018-02-13,20:00:00,45.9,46.5,45.9,46.35,30494,0
2018-02-13,21:00:00,46.35,46.45,46.1,46.35,39488,0
2018-02-13,22:00:00,46.3,46.45,46.05,46.45,84573,0
2018-02-14,16:00:00,46,46.375,45.5,45.7,11166,0
2018-02-14,17:00:00,45.65,46.425,45.55,46.15,22287,0
2018-02-14,18:00:00,46.2,46.5,46.1,46.15,14761,0
2018-02-14,19:00:00,46.15,46.2,45.7,45.75,26302,0
2018-02-14,20:00:00,45.8,46.2,45.8,46,23542,0
2018-02-14,21:00:00,45.95,46.45,45.95,46.45,28581,0
2018-02-14,22:00:00,46.45,46.55,46.3,46.4,117619,0
2018-02-15,16:00:00,46.75,47.1,46.65,46.75,17089,0
2018-02-15,17:00:00,46.65,46.85,46.45,46.55,84932,0
2018-02-15,18:00:00,46.6,46.85,46.55,46.7,29511,0
2018-02-15,19:00:00,46.65,46.85,46.55,46.55,17380,0
2018-02-15,20:00:00,46.55,46.65,46.4,46.65,16098,0
2018-02-15,21:00:00,46.625,46.9,46.55,46.6,21494,0
2018-02-15,22:00:00,46.65,46.75,46.45,46.6,86335,0
2018-02-16,16:00:00,46.35,46.8,46.1,46.25,5173,0
2018-02-16,17:00:00,46.25,46.75,46.25,46.6,15906,0
2018-02-16,18:00:00,46.6,47.1,46.6,47,14715,0
2018-02-16,19:00:00,47,47.1,46.8,46.9,15238,0
2018-02-16,20:00:00,46.9,46.95,46.7,46.85,17404,0
2018-02-16,21:00:00,46.85,46.85,46.3,46.45,23347,0
2018-02-16,22:00:00,46.45,46.6,45.975,46.05,115136,0
2018-02-20,16:00:00,45.95,46.25,45.9,45.9,4800,0
2018-02-20,17:00:00,45.85,46.125,45.25,45.25,22263,0
2018-02-20,18:00:00,45.25,45.45,45,45.25,26185,0
2018-02-20,19:00:00,45.25,46.8,44.9,45,144439,0
2018-02-20,20:00:00,45.15,45.15,44.6,44.7,41324,0
2018-02-20,21:00:00,44.7,44.8,44.55,44.7,39010,0
2018-02-20,22:00:00,44.65,44.65,43.95,44,223838,0
2018-02-21,16:00:00,44.15,44.625,44,44.6,28310,0
2018-02-21,17:00:00,44.65,45.05,44.35,45.05,41884,0
2018-02-21,18:00:00,45.05,45.6,45.05,45.2,66098,0
2018-02-21,19:00:00,45.15,45.25,45,45,76834,0
2018-02-21,20:00:00,45.025,45.1,44.95,44.95,22200,0
2018-02-21,21:00:00,45,45.2,44.25,44.45,61585,0
2018-02-21,22:00:00,44.35,44.85,44.05,44.45,106074,0
2018-02-22,16:00:00,44.7,45,44.65,44.65,4597,0
2018-02-22,17:00:00,44.8,45,44.7,44.9,14363,0
2018-02-22,18:00:00,44.85,45.3,44.85,45.3,10134,0
2018-02-22,19:00:00,45.3,45.3,45.05,45.1,7550,0
2018-02-22,20:00:00,45.05,45.2,44.6,44.65,15925,0
2018-02-22,21:00:00,44.7,44.95,44.7,44.7,10010,0
2018-02-22,22:00:00,44.65,45.1,44.6,44.95,109535,0
2018-02-23,16:00:00,45.05,45.55,45,45.4,15208,0
2018-02-23,17:00:00,45.35,45.45,45.05,45.05,45131,0
2018-02-23,18:00:00,45.15,45.275,44.95,45.15,12678,0
2018-02-23,19:00:00,45.15,45.15,44.9,44.95,4200,0
2018-02-23,20:00:00,44.9,45.1,44.75,44.875,8457,0
2018-02-23,21:00:00,44.9,45.1,44.85,45,9695,0
2018-02-23,22:00:00,45,45.3,45,45.25,44476,0
2018-02-26,16:00:00,45.35,45.55,44.65,44.9,7043,0
2018-02-26,17:00:00,45.1,45.3,44.8,44.9,23527,0
2018-02-26,18:00:00,44.95,45.275,44.95,45.15,26832,0
2018-02-26,19:00:00,45.2,45.25,45.05,45.1,26459,0
2018-02-26,20:00:00,45.15,45.45,45.1,45.3,31304,0
2018-02-26,21:00:00,45.3,45.55,45.25,45.525,53155,0
2018-02-26,22:00:00,45.518,45.65,45.35,45.65,133916,0
2018-02-27,16:00:00,45.6,46.3,45.55,46.15,17379,0
2018-02-27,17:00:00,46.15,46.3,45.65,45.7,26862,0
2018-02-27,18:00:00,45.75,45.85,45.7,45.7,5202,0
2018-02-27,19:00:00,45.6,45.8,45.5,45.8,6994,0
2018-02-27,20:00:00,45.8,45.8,45.5,45.55,4800,0
2018-02-27,21:00:00,45.45,45.45,44.95,45.05,17559,0
2018-02-27,22:00:00,45.05,45.05,44.5,44.5,44190,0
2018-02-28,16:00:00,44.75,44.95,44.2,44.35,11028,0
2018-02-28,17:00:00,44.25,44.7,44.1,44.15,13500,0
2018-02-28,18:00:00,44.2,44.25,43.9,44.15,12239,0
2018-02-28,19:00:00,44.15,44.45,44.1,44.4,9184,0
2018-02-28,20:00:00,44.35,44.5,44.3,44.5,17401,0
2018-02-28,21:00:00,44.6,44.675,44.2,44.2,11770,0
2018-02-28,22:00:00,44.2,44.225,43.6,43.65,95530,0
2018-03-01,16:00:00,43.75,44.5,43.25,43.65,13681,0
2018-03-01,17:00:00,43.7,44.35,43.7,44.15,11071,0
2018-03-01,18:00:00,44.15,44.675,44.15,44.65,14020,0
2018-03-01,19:00:00,44.6,44.6,44.25,44.25,12129,0
2018-03-01,20:00:00,44.2,44.2,43.7,43.775,15653,0
2018-03-01,21:00:00,43.75,43.75,43.3,43.65,23367,0
2018-03-01,22:00:00,43.7,44.1,43.55,43.7,74626,0
2018-03-02,16:00:00,43.3,43.45,42.9,43.45,16417,0
2018-03-02,17:00:00,43.45,43.55,43.2,43.25,15588,0
2018-03-02,18:00:00,43.25,43.4,43.05,43.4,23052,0
2018-03-02,19:00:00,43.35,43.55,43.25,43.5,28766,0
2018-03-02,20:00:00,43.5,43.5,43.3,43.3,23134,0
2018-03-02,21:00:00,43.35,43.7,43.325,43.6,29566,0
2018-03-02,22:00:00,43.6,44.25,43.5,44.1,107724,0
2018-03-05,16:00:00,43.75,43.8,42.65,42.65,13761,0
2018-03-05,17:00:00,42.75,43,42.5,43,22399,0
2018-03-05,18:00:00,43.05,43.35,43.05,43.25,30849,0
2018-03-05,19:00:00,43.3,43.5,43.05,43.1,21627,0
2018-03-05,20:00:00,43.15,43.4,43.05,43.4,37524,0
2018-03-05,21:00:00,43.4,43.4,43.2,43.4,21476,0
2018-03-05,22:00:00,43.4,43.4,43.1,43.25,90483,0
2018-03-06,16:00:00,43.5,44.05,43.5,43.725,9226,0
2018-03-06,17:00:00,43.7,43.85,43.25,43.35,10797,0
2018-03-06,18:00:00,43.3,43.45,43.15,43.45,6500,0
2018-03-06,19:00:00,43.45,43.8,43.4,43.7,8300,0
2018-03-06,20:00:00,43.75,43.85,43.35,43.4,23440,0
2018-03-06,21:00:00,43.45,43.6,43.4,43.4,18202,0
2018-03-06,22:00:00,43.4,43.825,43.4,43.5,89764,0
2018-03-07,16:00:00,43.25,44.05,42.85,42.925,11843,0
2018-03-07,17:00:00,42.85,43.45,42.8,43.4,14530,0
2018-03-07,18:00:00,43.425,43.55,43.1,43.35,19830,0
2018-03-07,19:00:00,43.3,43.6,43.25,43.575,10956,0
2018-03-07,20:00:00,43.575,43.6,43.25,43.6,17269,0
2018-03-07,21:00:00,43.6,43.75,43.5,43.65,17168,0
2018-03-07,22:00:00,43.7,43.95,43.6,43.75,73627,0
2018-03-08,16:00:00,43.8,44.15,43.4,44.15,6094,0
2018-03-08,17:00:00,44,44,43.6,43.65,13739,0
2018-03-08,18:00:00,43.65,43.8,43.6,43.7,8279,0
2018-03-08,19:00:00,43.65,43.65,43.5,43.65,9521,0
2018-03-08,20:00:00,43.6,43.75,43.39,43.45,9527,0
2018-03-08,21:00:00,43.45,43.75,43.2,43.75,22987,0
2018-03-08,22:00:00,43.75,44.05,43.75,44.05,82522,0
2018-03-09,16:00:00,44.35,44.75,44.15,44.5,7048,0
2018-03-09,17:00:00,44.5,44.9,44.5,44.9,21500,0
2018-03-09,18:00:00,44.875,44.9,44.55,44.875,27199,0
2018-03-09,19:00:00,44.875,45.15,44.85,45.15,27194,0
2018-03-09,20:00:00,45.05,45.15,44.9,45.05,16024,0
2018-03-09,21:00:00,45.1,45.3,45,45.25,29837,0
2018-03-09,22:00:00,45.25,45.3,45.1,45.1,62933,0
2018-03-12,15:00:00,45.1,45.35,45.1,45.275,5150,0
2018-03-12,16:00:00,45.2,45.55,45.15,45.25,19282,0
2018-03-12,17:00:00,45.2,45.3,45,45.1,15039,0
2018-03-12,18:00:00,45.15,45.4,45.1,45.275,7343,0
2018-03-12,19:00:00,45.25,45.3,45.15,45.15,9071,0
2018-03-12,20:00:00,45.1,45.1,44.75,44.75,29021,0
2018-03-12,21:00:00,44.85,45.1,44.75,44.8,83711,0
2018-03-13,15:00:00,45.1,45.3,44.4,45.2,10228,0
2018-03-13,16:00:00,45.15,45.4,45.1,45.15,19576,0
2018-03-13,17:00:00,45.1,45.25,45.05,45.25,9470,0
2018-03-13,18:00:00,45.2,45.5,45.1,45.35,35965,0
2018-03-13,19:00:00,45.4,45.45,45.3,45.375,12827,0
2018-03-13,20:00:00,45.4,45.6,45.2,45.3,23287,0
2018-03-13,21:00:00,45.3,45.3,44.9,44.95,149104,0
2018-03-14,15:00:00,45.25,45.4,44.275,45.25,10871,0
2018-03-14,16:00:00,45.25,45.525,45.15,45.4,25411,0
2018-03-14,17:00:00,45.4,45.425,45.15,45.2,37107,0
2018-03-14,18:00:00,45.2,45.2,44.95,45.05,6800,0
2018-03-14,19:00:00,45,45.45,44.9,45.4,15112,0
2018-03-14,20:00:00,45.3,45.4,45,45.05,20037,0
2018-03-14,21:00:00,45,45.05,44.65,44.8,69551,0
2018-03-15,15:00:00,44.95,45.3,44.1,44.65,5279,0
2018-03-15,16:00:00,44.6,44.8,44.6,44.75,4450,0
2018-03-15,17:00:00,44.8,45.15,44.8,44.8,8982,0
2018-03-15,18:00:00,44.75,44.85,44.65,44.7,7000,0
2018-03-15,19:00:00,44.75,44.95,44.75,44.85,8581,0
2018-03-15,20:00:00,44.75,44.8,44.6,44.75,7200,0
2018-03-15,21:00:00,44.75,45.05,44.7,44.95,51424,0
2018-03-16,15:00:00,45,45.15,44,45,46822,0
2018-03-16,16:00:00,44.9,45.45,44.75,45.4,12300,0
2018-03-16,17:00:00,45.4,45.8,45.4,45.65,9201,0
2018-03-16,18:00:00,45.65,46.15,45.65,45.7,27086,0
2018-03-16,19:00:00,45.7,45.75,45.3,45.35,18597,0
2018-03-16,20:00:00,45.4,45.6,45.3,45.55,13487,0
2018-03-16,21:00:00,45.55,45.875,45.35,45.75,54036,0
2018-03-19,15:00:00,45.65,45.85,44.675,45.65,10293,0
2018-03-19,16:00:00,45.55,45.75,45.175,45.45,17039,0
2018-03-19,17:00:00,45.45,45.5,45.25,45.3,15210,0
2018-03-19,18:00:00,45.3,45.5,45.3,45.3,11561,0
2018-03-19,19:00:00,45.3,45.3,44.9,45.1,14341,0
2018-03-19,20:00:00,45.15,45.35,44.85,45.1,29036,0
2018-03-19,21:00:00,45.1,45.55,45.05,45.5,70981,0
2018-03-20,15:00:00,45.5,45.8,45.35,45.45,7223,0
2018-03-20,16:00:00,45.45,45.5,45.15,45.35,6600,0
2018-03-20,17:00:00,45.35,45.65,45.35,45.45,9787,0
2018-03-20,18:00:00,45.45,45.55,45.35,45.55,14449,0
2018-03-20,19:00:00,45.45,45.6,45.3,45.3,9925,0
2018-03-20,20:00:00,45.25,45.55,45.15,45.4,26645,0
2018-03-20,21:00:00,45.45,45.5,45.1,45.2,77658,0
2018-03-21,15:00:00,45.15,45.55,45.05,45.4,5059,0
2018-03-21,16:00:00,45.5,45.6,45.05,45.55,39227,0
2018-03-21,17:00:00,45.6,45.85,45.55,45.75,10103,0
2018-03-21,18:00:00,45.7,45.8,45.55,45.7,8834,0
2018-03-21,19:00:00,45.7,46,45.65,45.9,14389,0
2018-03-21,20:00:00,45.95,46.1,45.2,45.3,31887,0
2018-03-21,21:00:00,45.35,45.5,44.95,44.95,114869,0
2018-03-22,15:00:00,44.5,44.5,44.275,44.45,3380,0
2018-03-22,16:00:00,44.35,44.75,43.95,43.95,11183,0
2018-03-22,17:00:00,44,44.1,43.6,43.95,18523,0
2018-03-22,18:00:00,43.9,44.45,43.9,44.35,14824,0
2018-03-22,19:00:00,44.35,44.8,44.2,44.55,16401,0
2018-03-22,20:00:00,44.55,44.55,44,44,16740,0
2018-03-22,21:00:00,44,44.05,43,43.275,202325,0
2018-03-23,15:00:00,43.4,43.6,43.25,43.5,13491,0
2018-03-23,16:00:00,43.6,43.8,43.4,43.8,21034,0
2018-03-23,17:00:00,43.8,43.8,42.8,42.8,17727,0
2018-03-23,18:00:00,42.85,43,42.775,42.8,35297,0
2018-03-23,19:00:00,42.8,42.95,42.65,42.75,137923,0
2018-03-23,20:00:00,42.8,42.85,42.1,42.1,51947,0
2018-03-23,21:00:00,42.05,42.45,42,42.1,140737,0
2018-03-26,16:00:00,42.65,42.75,42.15,42.7,16405,0
2018-03-26,17:00:00,42.8,42.9,42.05,42.05,50197,0
2018-03-26,18:00:00,42.1,42.3,41.85,42.15,16109,0
2018-03-26,19:00:00,42.15,42.2,41.7,41.75,21614,0
2018-03-26,20:00:00,41.85,42,41.8,41.9,10400,0
2018-03-26,21:00:00,41.925,42.1,41.775,42.1,22256,0
2018-03-26,22:00:00,42.1,42.65,42.1,42.45,93832,0
2018-03-27,16:00:00,42.7,42.7,41.95,42,11703,0
2018-03-27,17:00:00,42,42.3,41.75,41.85,24555,0
2018-03-27,18:00:00,41.85,41.9,41.55,41.85,37873,0
2018-03-27,19:00:00,41.85,42.05,41.8,42,22493,0
2018-03-27,20:00:00,42.05,42.1,41.8,41.95,17377,0
2018-03-27,21:00:00,41.95,42,41.45,41.45,30460,0
2018-03-27,22:00:00,41.5,41.5,40.425,40.7,171871,0
2018-03-28,16:00:00,40.8,40.8,40.3,40.6,9982,0
2018-03-28,17:00:00,40.85,41.4,40.8,41.05,20614,0
2018-03-28,18:00:00,41.2,41.4,41.1,41.35,11972,0
2018-03-28,19:00:00,41.375,41.75,41.05,41.15,9659,0
2018-03-28,20:00:00,41.1,41.45,41.1,41.35,10382,0
2018-03-28,21:00:00,41.2,41.4,41.05,41.1,14268,0
2018-03-28,22:00:00,41.05,41.05,40.55,40.85,69868,0
2018-03-29,16:00:00,41.2,41.925,41.04,41.9,35714,0
2018-03-29,17:00:00,41.9,41.95,41.6,41.8,17984,0
2018-03-29,18:00:00,41.9,41.95,41.6,41.95,18075,0
2018-03-29,19:00:00,41.9,41.95,41.7,41.8,10522,0
2018-03-29,20:00:00,41.8,41.9,41.65,41.9,13540,0
2018-03-29,21:00:00,41.95,42.25,41.7,42.1,56554,0
2018-03-29,22:00:00,42.1,42.1,41.7,41.85,150836,0
