Date,Time,Open,High,Low,Close,Volume,OpenInt
2017-08-21,16:00:00,4.2,4.3,4.2,4.25,20588,0
2017-08-21,17:00:00,4.25,4.35,4.25,4.2643,10768,0
2017-08-21,18:00:00,4.3,4.3272,4.26,4.2772,4706,0
2017-08-21,19:00:00,4.2733,4.3,4.25,4.3,11670,0
2017-08-21,20:00:00,4.3,4.3,4.26,4.275,8262,0
2017-08-21,21:00:00,4.3,4.35,4.25,4.35,14440,0
2017-08-21,22:00:00,4.4,4.4,4.3,4.3,5110,0
2017-08-22,16:00:00,4.3,4.4,4.3,4.37,13489,0
2017-08-22,17:00:00,4.363,4.5,4.363,4.5,25564,0
2017-08-22,18:00:00,4.5,4.6,4.45,4.5863,72775,0
2017-08-22,19:00:00,4.55,4.55,4.5,4.5,20394,0
2017-08-22,20:00:00,4.5,4.55,4.45,4.5,7494,0
2017-08-22,21:00:00,4.5,4.55,4.45,4.5,46038,0
2017-08-22,22:00:00,4.4916,4.5,4.25,4.3,64257,0
2017-08-23,16:00:00,4.25,4.3754,4.25,4.3335,25846,0
2017-08-23,17:00:00,4.3,4.35,4.3,4.3165,3298,0
2017-08-23,18:00:00,4.4,4.4,4.3,4.3747,16100,0
2017-08-23,19:00:00,4.395,4.4,4.355,4.395,8300,0
2017-08-23,20:00:00,4.4,4.4,4.3666,4.38,2844,0
2017-08-23,21:00:00,4.4,4.4,4.366,4.3726,6750,0
2017-08-23,22:00:00,4.4,4.5,4.3675,4.45,17605,0
2017-08-24,16:00:00,4.35,4.4,4.35,4.35,17170,0
2017-08-24,17:00:00,4.35,4.4,4.3,4.3705,14833,0
2017-08-24,18:00:00,4.4,4.5,4.35,4.475,46151,0
2017-08-24,19:00:00,4.475,4.5,4.45,4.45,7995,0
2017-08-24,20:00:00,4.45,4.45,4.44,4.45,3275,0
2017-08-24,21:00:00,4.425,4.45,4.4,4.4226,19992,0
2017-08-24,22:00:00,4.425,4.425,4.3,4.3,17534,0
2017-08-25,16:00:00,4.9,4.95,4.7,4.75,415180,0
2017-08-25,17:00:00,4.75,4.7874,4.45,4.4766,627887,0
2017-08-25,18:00:00,4.46,4.55,4.25,4.5,231255,0
2017-08-25,19:00:00,4.4875,4.5,4.3,4.325,87358,0
2017-08-25,20:00:00,4.35,4.5,4.325,4.475,46149,0
2017-08-25,21:00:00,4.481,4.55,4.45,4.45,36186,0
2017-08-25,22:00:00,4.45,4.55,4.45,4.55,74846,0
2017-08-28,16:00:00,4.6,4.65,4.5,4.5784,104098,0
2017-08-28,17:00:00,4.55,4.65,4.5,4.5737,137712,0
2017-08-28,18:00:00,4.55,4.6,4.5,4.5831,43786,0
2017-08-28,19:00:00,4.55,4.59,4.5,4.55,31445,0
2017-08-28,20:00:00,4.5,4.6,4.5,4.55,45597,0
2017-08-28,21:00:00,4.5,4.545,4.45,4.47,37660,0
2017-08-28,22:00:00,4.475,4.5332,4.3,4.4,288734,0
2017-08-29,16:00:00,4.2,4.3,4.15,4.26,120961,0
2017-08-29,17:00:00,4.267,4.3,4.25,4.2848,20664,0
2017-08-29,18:00:00,4.283,4.3,4.25,4.3,9313,0
2017-08-29,19:00:00,4.2591,4.3,4.25,4.275,5849,0
2017-08-29,20:00:00,4.27,4.3,4.25,4.275,8053,0
2017-08-29,21:00:00,4.275,4.3,4.175,4.25,25902,0
2017-08-29,22:00:00,4.21,4.3,4.21,4.3,27899,0
2017-08-30,16:00:00,4.35,4.35,4.25,4.3,23245,0
2017-08-30,17:00:00,4.3,4.35,4.275,4.3,7905,0
2017-08-30,18:00:00,4.3,4.35,4.275,4.35,46986,0
2017-08-30,19:00:00,4.35,4.35,4.3,4.3,2282,0
2017-08-30,20:00:00,4.325,4.325,4.255,4.31,7698,0
2017-08-30,21:00:00,4.333,4.35,4.25,4.35,6064,0
2017-08-30,22:00:00,4.325,4.35,4.3,4.35,6843,0
2017-08-31,16:00:00,4.35,4.4,4.35,4.395,12887,0
2017-08-31,17:00:00,4.375,4.45,4.375,4.425,18255,0
2017-08-31,18:00:00,4.44,4.5,4.4,4.45,11427,0
2017-08-31,19:00:00,4.5,4.5,4.45,4.45,8997,0
2017-08-31,20:00:00,4.455,4.5,4.425,4.5,11521,0
2017-08-31,21:00:00,4.47,4.55,4.45,4.55,38131,0
2017-08-31,22:00:00,4.5,4.55,4.5,4.5,18175,0
2017-09-01,16:00:00,4.45,4.5,4.45,4.5,5331,0
2017-09-01,17:00:00,4.475,4.55,4.475,4.525,15271,0
2017-09-01,18:00:00,4.55,4.55,4.45,4.45,17396,0
2017-09-01,19:00:00,4.5,4.55,4.469,4.5,16516,0
2017-09-01,20:00:00,4.5,4.525,4.5,4.5,10169,0
2017-09-01,21:00:00,4.55,4.55,4.55,4.55,500,0
2017-09-01,22:00:00,4.54,4.5831,4.505,4.55,23234,0
2017-09-05,16:00:00,4.5,4.55,4.5,4.505,9043,0
2017-09-05,17:00:00,4.5,4.6,4.5,4.6,34692,0
2017-09-05,18:00:00,4.57,4.6,4.55,4.55,9810,0
2017-09-05,19:00:00,4.55,4.6,4.525,4.525,23863,0
2017-09-05,20:00:00,4.5,4.6,4.5,4.55,12710,0
2017-09-05,21:00:00,4.55,4.6,4.5,4.575,6411,0
2017-09-05,22:00:00,4.575,4.6,4.55,4.55,7373,0
2017-09-06,16:00:00,4.55,4.6,4.55,4.6,5536,0
2017-09-06,17:00:00,4.55,4.575,4.55,4.575,834,0
2017-09-06,18:00:00,4.575,4.6,4.565,4.59,1200,0
2017-09-06,19:00:00,4.575,4.6,4.575,4.6,600,0
2017-09-06,20:00:00,4.6,4.6,4.575,4.6,600,0
2017-09-06,21:00:00,4.575,4.575,4.55,4.575,1400,0
2017-09-06,22:00:00,4.6,4.6,4.55,4.55,35217,0
2017-09-07,16:00:00,4.6,4.65,4.6,4.65,14286,0
2017-09-07,17:00:00,4.6,4.625,4.6,4.6,7472,0
2017-09-07,18:00:00,4.625,4.625,4.55,4.6,6695,0
2017-09-07,19:00:00,4.6,4.6,4.569,4.6,2565,0
2017-09-07,20:00:00,4.6,4.6,4.55,4.569,10456,0
2017-09-07,21:00:00,4.575,4.575,4.55,4.575,3890,0
2017-09-07,22:00:00,4.55,4.575,4.55,4.55,5195,0
2017-09-08,16:00:00,4.55,4.65,4.55,4.575,3000,0
2017-09-08,17:00:00,4.6,4.6,4.55,4.55,9072,0
2017-09-08,18:00:00,4.6,4.6,4.555,4.575,1600,0
2017-09-08,19:00:00,4.575,4.6,4.55,4.575,19010,0
2017-09-08,20:00:00,4.555,4.575,4.555,4.575,600,0
2017-09-08,21:00:00,4.575,4.6,4.575,4.575,2700,0
2017-09-08,22:00:00,4.575,4.65,4.562,4.6,49615,0
2017-09-11,16:00:00,4.55,4.6,4.55,4.575,6486,0
2017-09-11,17:00:00,4.575,4.6,4.55,4.575,1950,0
2017-09-11,18:00:00,4.55,4.55,4.5,4.525,6993,0
2017-09-11,19:00:00,4.52,4.55,4.5069,4.525,4843,0
2017-09-11,20:00:00,4.525,4.55,4.5,4.525,3900,0
2017-09-11,21:00:00,4.525,4.575,4.525,4.575,5878,0
2017-09-11,22:00:00,4.575,4.6,4.55,4.6,5688,0
2017-09-12,16:00:00,4.55,4.55,4.5,4.5,400,0
2017-09-12,17:00:00,4.55,4.55,4.45,4.5,6013,0
2017-09-12,18:00:00,4.45,4.475,4.45,4.475,300,0
2017-09-12,19:00:00,4.4776,4.5,4.45,4.5,1040,0
2017-09-12,20:00:00,4.5,4.5,4.45,4.5,900,0
2017-09-12,21:00:00,4.475,4.5,4.45,4.5,5075,0
2017-09-12,22:00:00,4.4695,4.5,4.45,4.475,6700,0
2017-09-13,16:00:00,4.45,4.475,4.45,4.45,2423,0
2017-09-13,17:00:00,4.475,4.475,4.405,4.45,8050,0
2017-09-13,18:00:00,4.425,4.5,4.4,4.45,2142,0
2017-09-13,19:00:00,4.45,4.45,4.45,4.45,200,0
2017-09-13,20:00:00,4.45,4.45,4.4086,4.45,1900,0
2017-09-13,21:00:00,4.425,4.55,4.4,4.55,30115,0
2017-09-13,22:00:00,4.5,4.65,4.45,4.6,102411,0
2017-09-14,16:00:00,4.65,4.725,4.65,4.69,62647,0
2017-09-14,17:00:00,4.675,4.675,4.55,4.55,17938,0
2017-09-14,18:00:00,4.6,4.6,4.35,4.5,12778,0
2017-09-14,19:00:00,4.46,4.55,4.46,4.55,800,0
2017-09-14,20:00:00,4.505,4.525,4.5,4.525,4016,0
2017-09-14,21:00:00,4.525,4.55,4.5,4.525,2100,0
2017-09-14,22:00:00,4.525,4.65,4.525,4.6,7646,0
2017-09-15,16:00:00,4.7,4.7,4.5,4.575,6300,0
2017-09-15,17:00:00,4.575,4.6,4.555,4.6,3400,0
2017-09-15,18:00:00,4.6,4.65,4.6,4.6,3810,0
2017-09-15,19:00:00,4.65,4.65,4.6,4.65,1550,0
2017-09-15,20:00:00,4.625,4.625,4.6,4.625,4100,0
2017-09-15,21:00:00,4.625,4.7,4.625,4.675,24391,0
2017-09-15,22:00:00,4.675,4.75,4.65,4.7,40217,0
2017-09-18,16:00:00,4.7,4.75,4.65,4.75,19923,0
2017-09-18,17:00:00,4.7,4.75,4.65,4.7336,9450,0
2017-09-18,18:00:00,4.7,4.75,4.7,4.7141,3073,0
2017-09-18,19:00:00,4.725,4.75,4.55,4.65,14358,0
2017-09-18,20:00:00,4.65,4.75,4.6,4.6,4846,0
2017-09-18,21:00:00,4.65,4.7,4.6,4.6,11074,0
2017-09-18,22:00:00,4.625,4.65,4.6,4.65,11304,0
2017-09-19,16:00:00,4.75,4.75,4.65,4.7,33277,0
2017-09-19,17:00:00,4.7,4.8,4.7,4.7,48996,0
2017-09-19,18:00:00,4.75,4.75,4.7,4.74,4100,0
2017-09-19,19:00:00,4.75,4.75,4.65,4.7,25129,0
2017-09-19,20:00:00,4.7,4.7,4.65,4.675,5827,0
2017-09-19,21:00:00,4.675,4.75,4.65,4.725,3900,0
2017-09-19,22:00:00,4.7,4.75,4.7,4.75,4536,0
2017-09-20,16:00:00,4.7,4.75,4.68,4.75,800,0
2017-09-20,17:00:00,4.8,4.8,4.7,4.7,2500,0
2017-09-20,18:00:00,4.7,4.725,4.7,4.7,5200,0
2017-09-20,19:00:00,4.7,4.75,4.7,4.705,4700,0
2017-09-20,20:00:00,4.7,4.725,4.7,4.7,5711,0
2017-09-20,21:00:00,4.7,4.725,4.7,4.7,3522,0
2017-09-20,22:00:00,4.7,4.725,4.7,4.7,10060,0
2017-09-21,16:00:00,4.75,4.75,4.7,4.71,2178,0
2017-09-21,17:00:00,4.705,4.71,4.7,4.705,1010,0
2017-09-21,18:00:00,4.75,4.75,4.725,4.725,400,0
2017-09-21,19:00:00,4.75,4.75,4.725,4.725,300,0
2017-09-21,20:00:00,4.75,4.75,4.75,4.75,400,0
2017-09-21,21:00:00,4.75,4.75,4.725,4.725,300,0
2017-09-21,22:00:00,4.7,4.75,4.7,4.7,8838,0
2017-09-22,16:00:00,4.7,4.75,4.7,4.725,700,0
2017-09-22,17:00:00,4.725,4.75,4.725,4.725,1200,0
2017-09-22,18:00:00,4.75,4.75,4.725,4.75,800,0
2017-09-22,19:00:00,4.75,4.75,4.7,4.725,2600,0
2017-09-22,20:00:00,4.725,4.75,4.7,4.7,5750,0
2017-09-22,21:00:00,4.725,4.725,4.7,4.725,900,0
2017-09-22,22:00:00,4.725,4.75,4.725,4.75,5173,0
2017-09-25,16:00:00,4.8,4.85,4.8,4.8,9586,0
2017-09-25,17:00:00,4.75,4.8,4.75,4.8,600,0
2017-09-25,18:00:00,4.7695,4.7695,4.75,4.75,400,0
2017-09-25,19:00:00,4.784,4.784,4.75,4.75,1311,0
2017-09-25,20:00:00,4.75,4.7656,4.75,4.7656,1326,0
2017-09-25,21:00:00,4.75,4.79,4.75,4.775,3830,0
2017-09-25,22:00:00,4.75,4.8,4.75,4.775,6238,0
2017-09-26,16:00:00,4.75,4.805,4.75,4.7695,6621,0
2017-09-26,17:00:00,4.8,4.8,4.795,4.795,3795,0
2017-09-26,19:00:00,4.775,4.775,4.775,4.775,100,0
2017-09-26,20:00:00,4.8,4.8,4.75,4.775,500,0
2017-09-26,21:00:00,4.8,4.8,4.75,4.75,200,0
2017-09-26,22:00:00,4.775,4.8,4.775,4.8,1400,0
2017-09-27,16:00:00,4.85,4.85,4.8,4.8,3400,0
2017-09-27,17:00:00,4.8,4.8,4.75,4.75,2595,0
2017-09-27,18:00:00,4.8,4.8,4.8,4.8,108,0
2017-09-27,19:00:00,4.7743,4.7743,4.7743,4.7743,100,0
2017-09-27,20:00:00,4.8,4.8,4.8,4.8,100,0
2017-09-27,21:00:00,4.7709,4.825,4.75,4.8,7693,0
2017-09-27,22:00:00,4.8,4.8,4.775,4.8,13201,0
2017-09-28,16:00:00,4.8,4.8,4.8,4.8,500,0
2017-09-28,17:00:00,4.8,4.825,4.8,4.825,5200,0
2017-09-28,18:00:00,4.8,4.8,4.8,4.8,7419,0
2017-09-28,19:00:00,4.825,4.825,4.825,4.825,100,0
2017-09-28,21:00:00,4.8,4.81,4.8,4.81,1100,0
2017-09-28,22:00:00,4.8354,4.85,4.8,4.8,9921,0
2017-09-29,16:00:00,4.8,4.8,4.6192,4.7,23588,0
2017-09-29,17:00:00,4.7019,4.7255,4.6693,4.7,6171,0
2017-09-29,18:00:00,4.7,4.72,4.7,4.7,2200,0
2017-09-29,19:00:00,4.7,4.75,4.7,4.7,2388,0
2017-09-29,20:00:00,4.75,4.8,4.725,4.8,10405,0
2017-09-29,21:00:00,4.75,4.75,4.75,4.75,800,0
2017-09-29,22:00:00,4.8,4.8,4.8,4.8,1741,0
2017-10-02,16:00:00,4.8,4.8,4.8,4.8,600,0
2017-10-02,17:00:00,4.7743,4.8,4.7678,4.8,1930,0
2017-10-02,18:00:00,4.8,4.8,4.8,4.8,500,0
2017-10-02,19:00:00,4.75,4.75,4.7,4.7,5600,0
2017-10-02,20:00:00,4.7,4.8,4.7,4.75,5800,0
2017-10-02,21:00:00,4.755,4.8,4.705,4.8,11370,0
2017-10-02,22:00:00,4.8,4.8,4.755,4.8,3700,0
2017-10-03,18:00:00,4.775,4.775,4.745,4.745,1010,0
2017-10-03,19:00:00,4.75,4.75,4.7,4.705,2681,0
2017-10-03,20:00:00,4.75,4.75,4.725,4.725,200,0
2017-10-03,21:00:00,4.7,4.7,4.6625,4.675,11619,0
2017-10-03,22:00:00,4.7,4.75,4.675,4.75,35413,0
2017-10-04,16:00:00,4.75,4.75,4.75,4.75,200,0
2017-10-04,17:00:00,4.75,4.75,4.7,4.75,1300,0
2017-10-04,18:00:00,4.75,4.75,4.75,4.75,100,0
2017-10-04,19:00:00,4.7135,4.7135,4.705,4.705,3000,0
2017-10-04,20:00:00,4.745,4.745,4.745,4.745,500,0
2017-10-04,21:00:00,4.75,4.75,4.725,4.75,500,0
2017-10-04,22:00:00,4.75,4.75,4.7,4.75,14493,0
2017-10-05,16:00:00,4.8,4.8,4.8,4.8,397,0
2017-10-05,17:00:00,4.75,4.8,4.75,4.8,300,0
2017-10-05,19:00:00,4.75,4.8,4.75,4.8,200,0
2017-10-05,20:00:00,4.75,4.775,4.7,4.775,23888,0
2017-10-05,22:00:00,4.7805,4.7805,4.75,4.775,6100,0
2017-10-06,16:00:00,4.7666,4.8,4.76,4.8,5468,0
2017-10-06,17:00:00,4.75,4.75,4.75,4.75,7200,0
2017-10-06,18:00:00,4.775,4.775,4.775,4.775,100,0
2017-10-06,19:00:00,4.775,4.775,4.775,4.775,300,0
2017-10-06,20:00:00,4.8,4.8,4.75,4.75,3100,0
2017-10-06,21:00:00,4.775,4.775,4.775,4.775,100,0
2017-10-06,22:00:00,4.775,4.8,4.75,4.75,3735,0
2017-10-09,16:00:00,4.75,4.8,4.7,4.7241,5161,0
2017-10-09,17:00:00,4.75,4.75,4.7,4.7,1300,0
2017-10-09,18:00:00,4.7,4.7345,4.7,4.7252,1638,0
2017-10-09,19:00:00,4.725,4.7262,4.725,4.7262,586,0
2017-10-09,20:00:00,4.7258,4.8,4.7,4.75,17619,0
2017-10-09,21:00:00,4.75,4.75,4.705,4.705,400,0
2017-10-09,22:00:00,4.8,4.875,4.7,4.85,29509,0
2017-10-10,16:00:00,4.85,4.85,4.788,4.788,554,0
2017-10-10,17:00:00,4.85,4.85,4.75,4.85,3100,0
2017-10-10,19:00:00,4.85,4.85,4.85,4.85,100,0
2017-10-10,20:00:00,4.85,4.85,4.85,4.85,100,0
2017-10-10,22:00:00,4.8196,4.85,4.76,4.85,21626,0
2017-10-11,16:00:00,4.8,4.85,4.8,4.85,1230,0
2017-10-11,17:00:00,4.8,4.8,4.79,4.79,200,0
2017-10-11,18:00:00,4.85,4.85,4.85,4.85,600,0
2017-10-11,19:00:00,4.825,4.85,4.825,4.85,7445,0
2017-10-11,20:00:00,4.85,4.85,4.8242,4.85,1821,0
2017-10-11,21:00:00,4.85,4.85,4.75,4.8,4959,0
2017-10-11,22:00:00,4.825,4.85,4.76,4.85,2700,0
2017-10-12,17:00:00,4.75,4.84,4.75,4.825,2500,0
2017-10-12,18:00:00,4.8,4.8,4.775,4.775,4408,0
2017-10-12,19:00:00,4.7757,4.8,4.7757,4.8,380,0
2017-10-12,20:00:00,4.7719,4.79,4.7392,4.7392,7692,0
2017-10-12,21:00:00,4.7,4.719,4.7,4.719,2850,0
2017-10-12,22:00:00,4.7,4.75,4.65,4.725,21200,0
2017-10-13,16:00:00,4.75,4.75,4.7,4.7,24971,0
2017-10-13,17:00:00,4.75,4.75,4.7166,4.7166,450,0
2017-10-13,18:00:00,4.8,4.8,4.65,4.65,6307,0
2017-10-13,19:00:00,4.675,4.7,4.675,4.7,1788,0
2017-10-13,20:00:00,4.675,4.75,4.65,4.75,11697,0
2017-10-13,21:00:00,4.75,4.8,4.75,4.8,6740,0
2017-10-13,22:00:00,4.8,4.8,4.75,4.8,3799,0
2017-10-16,16:00:00,4.75,4.75,4.75,4.75,7154,0
2017-10-16,17:00:00,4.8,4.8,4.75,4.75,400,0
2017-10-16,18:00:00,4.775,4.775,4.775,4.775,527,0
2017-10-16,19:00:00,4.7719,4.775,4.7719,4.775,350,0
2017-10-16,21:00:00,4.775,4.8,4.75,4.8,40736,0
2017-10-16,22:00:00,4.8,4.8,4.75,4.775,1938,0
2017-10-17,16:00:00,4.75,4.8,4.75,4.8,1900,0
2017-10-17,17:00:00,4.75,4.8,4.65,4.8,10185,0
2017-10-17,18:00:00,4.8,4.8,4.725,4.8,2394,0
2017-10-17,19:00:00,4.8,4.8,4.7,4.75,3500,0
2017-10-17,20:00:00,4.75,4.75,4.7,4.75,2928,0
2017-10-17,21:00:00,4.75,4.75,4.725,4.725,1200,0
2017-10-17,22:00:00,4.7,4.775,4.7,4.775,14174,0
2017-10-18,16:00:00,4.8,4.85,4.8,4.8,8538,0
2017-10-18,17:00:00,4.75,4.7625,4.725,4.75,6716,0
2017-10-18,18:00:00,4.75,4.75,4.7252,4.7252,4205,0
2017-10-18,19:00:00,4.75,4.8,4.75,4.755,18505,0
2017-10-18,20:00:00,4.7743,4.8,4.75,4.775,2000,0
2017-10-18,21:00:00,4.75,4.775,4.75,4.775,200,0
2017-10-18,22:00:00,4.75,4.805,4.75,4.8,45000,0
2017-10-19,16:00:00,4.8,4.85,4.8,4.8,12233,0
2017-10-19,17:00:00,4.85,4.9,4.8,4.85,14427,0
2017-10-19,18:00:00,4.825,4.9,4.825,4.85,5638,0
2017-10-19,19:00:00,4.9,4.9,4.85,4.85,8820,0
2017-10-19,20:00:00,4.9,4.95,4.9,4.95,7956,0
2017-10-19,21:00:00,4.9232,4.95,4.875,4.9,8851,0
2017-10-19,22:00:00,4.9,4.95,4.85,4.9,17410,0
2017-10-20,16:00:00,4.95,5,4.9,4.95,5000,0
2017-10-20,17:00:00,4.9,4.95,4.9,4.95,2591,0
2017-10-20,18:00:00,5,5,4.9,4.9241,20535,0
2017-10-20,19:00:00,5,5.05,5,5,12505,0
2017-10-20,20:00:00,5,5,5,5,200,0
2017-10-20,21:00:00,5,5.05,5,5.005,10635,0
2017-10-20,22:00:00,5,5.05,4.95,5,17118,0
2017-10-23,16:00:00,5.2,5.2,5.15,5.15,14392,0
2017-10-23,17:00:00,5.18,5.225,5.18,5.225,2892,0
2017-10-23,18:00:00,5.217,5.25,5.15,5.15,10520,0
2017-10-23,19:00:00,5.2,5.2,5.05,5.15,8982,0
2017-10-23,20:00:00,5.15,5.15,5.075,5.15,900,0
2017-10-23,21:00:00,5.15,5.15,5.05,5.075,9037,0
2017-10-23,22:00:00,5.075,5.125,5.025,5.1,17614,0
2017-10-24,16:00:00,5.15,5.2,5.15,5.15,22208,0
2017-10-24,17:00:00,5.15,5.2,5.1,5.15,14880,0
2017-10-24,18:00:00,5.15,5.2,5.15,5.175,4234,0
2017-10-24,19:00:00,5.175,5.175,5.1,5.15,4970,0
2017-10-24,20:00:00,5.15,5.175,5.15,5.175,2020,0
2017-10-24,21:00:00,5.15,5.2,5.1,5.15,10430,0
2017-10-24,22:00:00,5.15,5.15,5.1,5.1,17377,0
2017-10-25,16:00:00,5.1,5.1,5.1,5.1,10120,0
2017-10-25,17:00:00,5.075,5.15,5.075,5.15,1300,0
2017-10-25,18:00:00,5.15,5.15,5,5,3001,0
2017-10-25,19:00:00,5.1,5.1,5.05,5.05,1349,0
2017-10-25,20:00:00,5.05,5.05,5,5.05,3860,0
2017-10-25,21:00:00,5.05,5.1,5.05,5.06,9459,0
2017-10-25,22:00:00,5.1,5.1,5.045,5.1,7310,0
2017-10-26,16:00:00,5.1,5.1,5.05,5.05,2111,0
2017-10-26,17:00:00,5.05,5.05,5.0249,5.03,1785,0
2017-10-26,18:00:00,5.1,5.15,5.05,5.1,4400,0
2017-10-26,19:00:00,5.05,5.1,5,5.05,11219,0
2017-10-26,20:00:00,5.05,5.05,5.05,5.05,200,0
2017-10-26,21:00:00,5.067,5.067,5,5.05,31099,0
2017-10-26,22:00:00,5.05,5.1,5.025,5.05,8688,0
2017-10-27,16:00:00,5.1,5.15,5.1,5.15,400,0
2017-10-27,17:00:00,5.05,5.15,5.05,5.1,4645,0
2017-10-27,18:00:00,5.1,5.1,5.0662,5.0662,1527,0
2017-10-27,19:00:00,5.07,5.1,5,5.06,2100,0
2017-10-27,20:00:00,5.075,5.075,5.075,5.075,100,0
2017-10-27,21:00:00,5.05,5.15,5.05,5.1185,33949,0
2017-10-27,22:00:00,5.15,5.15,5.05,5.15,10174,0
2017-10-30,15:00:00,5.15,5.15,5.15,5.15,300,0
2017-10-30,16:00:00,5.1,5.125,4.975,5.05,17913,0
2017-10-30,17:00:00,5.0021,5.05,4.955,5.05,7526,0
2017-10-30,18:00:00,5,5.05,5,5.05,4130,0
2017-10-30,19:00:00,5.05,5.1,5,5.1,10800,0
2017-10-30,20:00:00,5.075,5.1,5.025,5.025,1132,0
2017-10-30,21:00:00,5.025,5.075,5,5.05,23935,0
2017-10-31,15:00:00,5,5,5,5,933,0
2017-10-31,16:00:00,5,5,5,5,3000,0
2017-10-31,17:00:00,5.05,5.05,5,5,1609,0
2017-10-31,18:00:00,5.05,5.05,5.025,5.025,300,0
2017-10-31,19:00:00,5,5.05,5,5.05,1600,0
2017-10-31,20:00:00,5.025,5.025,5,5.025,1723,0
2017-10-31,21:00:00,5.025,5.05,4.95,5,20885,0
2017-11-01,15:00:00,4.7,4.75,4.55,4.65,33158,0
2017-11-01,16:00:00,4.65,4.8,4.605,4.75,30551,0
2017-11-01,17:00:00,4.8,4.8,4.65,4.7,9207,0
2017-11-01,18:00:00,4.7,4.75,4.7,4.735,4723,0
2017-11-01,19:00:00,4.7,4.75,4.7,4.75,2408,0
2017-11-01,20:00:00,4.75,4.8,4.7194,4.75,1100,0
2017-11-01,21:00:00,4.75,4.75,4.675,4.75,10587,0
2017-11-02,15:00:00,4.6,4.7,4.55,4.55,13269,0
2017-11-02,16:00:00,4.55,4.65,4.55,4.6,62763,0
2017-11-02,17:00:00,4.6,4.65,4.6,4.65,2400,0
2017-11-02,18:00:00,4.65,4.7,4.65,4.65,4885,0
2017-11-02,19:00:00,4.7,4.7,4.7,4.7,100,0
2017-11-02,20:00:00,4.674,4.675,4.674,4.675,500,0
2017-11-02,21:00:00,4.675,4.7,4.65,4.675,9637,0
2017-11-03,15:00:00,4.6,4.75,4.6,4.7,4772,0
2017-11-03,16:00:00,4.674,4.7,4.65,4.675,4538,0
2017-11-03,17:00:00,4.675,4.7,4.675,4.7,300,0
2017-11-03,18:00:00,4.7,4.7,4.675,4.7,1100,0
2017-11-03,19:00:00,4.7,4.75,4.7,4.7,300,0
2017-11-03,20:00:00,4.725,4.7333,4.7,4.705,12867,0
2017-11-03,21:00:00,4.75,4.75,4.7,4.7,3047,0
2017-11-06,16:00:00,4.75,4.75,4.675,4.7,6973,0
2017-11-06,17:00:00,4.7,4.7,4.7,4.7,6117,0
2017-11-06,18:00:00,4.75,4.75,4.725,4.75,400,0
2017-11-06,19:00:00,4.75,4.8,4.75,4.8,5400,0
2017-11-06,20:00:00,4.8,4.8,4.8,4.8,200,0
2017-11-06,21:00:00,4.75,4.8,4.7,4.725,7312,0
2017-11-06,22:00:00,4.7,4.7,4.65,4.7,4400,0
2017-11-07,16:00:00,4.7,4.7,4.605,4.65,5781,0
2017-11-07,17:00:00,4.65,4.675,4.65,4.675,1850,0
2017-11-07,18:00:00,4.675,4.7,4.675,4.7,26972,0
2017-11-07,19:00:00,4.7,4.7,4.6693,4.6693,600,0
2017-11-07,20:00:00,4.7,4.7,4.7,4.7,300,0
2017-11-07,21:00:00,4.7,4.7,4.65,4.7,2619,0
2017-11-07,22:00:00,4.7,4.7,4.65,4.65,12122,0
2017-11-08,16:00:00,4.65,4.65,4.6,4.6,3553,0
2017-11-08,17:00:00,4.5752,4.65,4.5752,4.65,2000,0
2017-11-08,18:00:00,4.6,4.6,4.55,4.575,4116,0
2017-11-08,19:00:00,4.55,4.575,4.55,4.575,1200,0
2017-11-08,20:00:00,4.55,4.55,4.5,4.5,3832,0
2017-11-08,21:00:00,4.5,4.55,4.45,4.55,9720,0
2017-11-08,22:00:00,4.5,4.575,4.5,4.55,8915,0
2017-11-09,16:00:00,4.4,4.5,4.4,4.485,7063,0
2017-11-09,17:00:00,4.5,4.6,4.5,4.6,4375,0
2017-11-09,18:00:00,4.56,4.6,4.55,4.55,3200,0
2017-11-09,19:00:00,4.6,4.6,4.5137,4.5137,350,0
2017-11-09,20:00:00,4.55,4.55,4.55,4.55,100,0
2017-11-09,21:00:00,4.55,4.55,4.525,4.55,4600,0
2017-11-09,22:00:00,4.55,4.55,4.45,4.45,5344,0
2017-11-10,16:00:00,4.495,4.5,4.495,4.5,6200,0
2017-11-10,17:00:00,4.54,4.6,4.4874,4.55,12958,0
2017-11-10,19:00:00,4.6,4.6,4.55,4.55,5286,0
2017-11-10,20:00:00,4.6,4.6,4.6,4.6,100,0
2017-11-10,21:00:00,4.55,4.55,4.5,4.5,2000,0
2017-11-10,22:00:00,4.5,4.55,4.45,4.45,19434,0
2017-11-13,16:00:00,4.65,4.7,4.55,4.7,18762,0
2017-11-13,17:00:00,4.65,4.7,4.6,4.7,22999,0
2017-11-13,18:00:00,4.65,4.65,4.55,4.6,112282,0
2017-11-13,19:00:00,4.5744,4.6,4.5744,4.6,600,0
2017-11-13,20:00:00,4.6,4.6,4.57,4.6,875,0
2017-11-13,21:00:00,4.5714,4.6,4.5714,4.6,1700,0
2017-11-13,22:00:00,4.65,4.65,4.6,4.65,2875,0
2017-11-14,16:00:00,4.65,4.75,4.65,4.725,10099,0
2017-11-14,17:00:00,4.725,4.75,4.675,4.75,7751,0
2017-11-14,18:00:00,4.725,4.8,4.7227,4.75,7400,0
2017-11-14,19:00:00,4.75,4.75,4.725,4.725,300,0
2017-11-14,20:00:00,4.75,4.75,4.75,4.75,700,0
2017-11-14,21:00:00,4.725,4.8,4.725,4.8,2676,0
2017-11-14,22:00:00,4.8,4.85,4.79,4.85,3691,0
2017-11-15,16:00:00,4.85,4.85,4.75,4.75,6025,0
2017-11-15,17:00:00,4.76,4.8,4.75,4.75,2698,0
2017-11-15,18:00:00,4.75,4.775,4.75,4.775,500,0
2017-11-15,19:00:00,4.775,4.8,4.75,4.75,500,0
2017-11-15,20:00:00,4.75,4.8,4.75,4.75,700,0
2017-11-15,21:00:00,4.775,4.8,4.775,4.775,500,0
2017-11-15,22:00:00,4.775,4.8,4.75,4.75,5992,0
2017-11-16,16:00:00,4.75,4.8,4.75,4.8,900,0
2017-11-16,17:00:00,4.75,4.85,4.75,4.85,5450,0
2017-11-16,18:00:00,4.85,4.85,4.8,4.85,600,0
2017-11-16,19:00:00,4.8,4.8,4.8,4.8,1800,0
2017-11-16,20:00:00,4.8,4.8,4.75,4.75,4700,0
2017-11-16,21:00:00,4.75,4.75,4.7,4.7252,2153,0
2017-11-16,22:00:00,4.7,4.775,4.7,4.7,11609,0
2017-11-17,16:00:00,4.7,4.7,4.7,4.7,100,0
2017-11-17,17:00:00,4.7,4.75,4.65,4.75,800,0
2017-11-17,18:00:00,4.7,4.7,4.7,4.7,800,0
2017-11-17,19:00:00,4.7141,4.75,4.7,4.75,700,0
2017-11-17,20:00:00,4.725,4.725,4.7,4.725,1100,0
2017-11-17,21:00:00,4.75,4.75,4.7,4.75,300,0
2017-11-17,22:00:00,4.75,4.75,4.7,4.7,4081,0
2017-11-20,16:00:00,4.65,4.65,4.6,4.625,5084,0
2017-11-20,17:00:00,4.6348,4.7,4.6348,4.65,5302,0
2017-11-20,18:00:00,4.65,4.65,4.575,4.6,5092,0
2017-11-20,19:00:00,4.6,4.6,4.6,4.6,1400,0
2017-11-20,20:00:00,4.6,4.65,4.575,4.6,5300,0
2017-11-20,21:00:00,4.6,4.6,4.575,4.6,1700,0
2017-11-20,22:00:00,4.6,4.65,4.5691,4.65,7229,0
2017-11-21,16:00:00,4.7,4.8,4.7,4.7704,8659,0
2017-11-21,17:00:00,4.7,4.75,4.7,4.7,4529,0
2017-11-21,18:00:00,4.75,4.75,4.65,4.69,1783,0
2017-11-21,19:00:00,4.7,4.7,4.7,4.7,1372,0
2017-11-21,20:00:00,4.7,4.7,4.7,4.7,1728,0
2017-11-21,21:00:00,4.724,4.7241,4.7,4.7,921,0
2017-11-21,22:00:00,4.695,4.7,4.65,4.7,5864,0
2017-11-22,16:00:00,4.65,4.7,4.65,4.65,8642,0
2017-11-22,17:00:00,4.65,4.7,4.65,4.7,500,0
2017-11-22,18:00:00,4.7,4.7,4.7,4.7,300,0
2017-11-22,19:00:00,4.6693,4.7,4.65,4.7,521,0
2017-11-22,20:00:00,4.65,4.7,4.65,4.675,400,0
2017-11-22,21:00:00,4.7,4.7,4.7,4.7,200,0
2017-11-22,22:00:00,4.675,4.7,4.65,4.65,3300,0
2017-11-24,16:00:00,4.65,4.7,4.65,4.7,400,0
2017-11-24,17:00:00,4.7,4.7,4.7,4.7,575,0
2017-11-24,18:00:00,4.7,4.7,4.7,4.7,200,0
2017-11-24,20:00:00,4.7,4.75,4.65,4.75,1245,0
2017-11-27,16:00:00,4.75,4.75,4.75,4.75,3399,0
2017-11-27,17:00:00,4.6833,4.7,4.6831,4.6831,3350,0
2017-11-27,18:00:00,4.6991,4.75,4.6991,4.75,1350,0
2017-11-27,19:00:00,4.66,4.66,4.66,4.66,800,0
2017-11-27,20:00:00,4.66,4.75,4.66,4.75,2100,0
2017-11-27,21:00:00,4.75,4.75,4.6693,4.6693,220,0
2017-11-27,22:00:00,4.75,4.75,4.65,4.7,2059,0
2017-11-28,16:00:00,4.65,4.655,4.65,4.655,1000,0
2017-11-28,17:00:00,4.7,4.7,4.7,4.7,300,0
2017-11-28,19:00:00,4.69,4.69,4.69,4.69,500,0
2017-11-28,20:00:00,4.7,4.7,4.7,4.7,1200,0
2017-11-28,21:00:00,4.75,4.75,4.75,4.75,200,0
2017-11-28,22:00:00,4.655,4.7,4.65,4.7,9072,0
2017-11-29,16:00:00,4.7,4.7,4.7,4.7,262,0
2017-11-29,17:00:00,4.75,4.75,4.7,4.75,2000,0
2017-11-29,22:00:00,4.75,4.75,4.7,4.75,1492,0
2017-11-30,16:00:00,4.65,4.6833,4.65,4.6833,652,0
2017-11-30,17:00:00,4.66,4.75,4.65,4.65,2700,0
2017-11-30,19:00:00,4.65,4.65,4.65,4.65,500,0
2017-11-30,20:00:00,4.675,4.675,4.65,4.675,400,0
2017-11-30,21:00:00,4.675,4.675,4.65,4.675,1880,0
2017-11-30,22:00:00,4.7,4.7,4.65,4.675,3800,0
2017-12-01,16:00:00,4.6,4.6,4.6,4.6,305,0
2017-12-01,17:00:00,4.7,4.7,4.65,4.65,300,0
2017-12-01,19:00:00,4.7,4.7,4.65,4.7,1900,0
2017-12-01,20:00:00,4.65,4.65,4.65,4.65,100,0
2017-12-01,21:00:00,4.65,4.7,4.65,4.7,400,0
2017-12-01,22:00:00,4.7,4.7,4.6693,4.7,1543,0
2017-12-04,16:00:00,4.55,4.65,4.55,4.617,2800,0
2017-12-04,17:00:00,4.65,4.65,4.65,4.65,810,0
2017-12-04,18:00:00,4.69,4.69,4.6,4.65,1200,0
2017-12-04,19:00:00,4.6,4.65,4.6,4.6,2400,0
2017-12-04,20:00:00,4.6192,4.625,4.6,4.625,1900,0
2017-12-04,21:00:00,4.6,4.6,4.6,4.6,800,0
2017-12-04,22:00:00,4.6,4.625,4.55,4.55,2300,0
2017-12-05,18:00:00,4.5828,4.5828,4.55,4.55,2223,0
2017-12-05,19:00:00,4.5656,4.6,4.55,4.6,1660,0
2017-12-05,20:00:00,4.5,4.5,4.5,4.5,200,0
2017-12-05,21:00:00,4.5,4.6,4.5,4.5,700,0
2017-12-05,22:00:00,4.5,4.55,4.5,4.55,2390,0
2017-12-06,16:00:00,4.55,4.55,4.55,4.55,2744,0
2017-12-06,17:00:00,4.5,4.55,4.5,4.55,2700,0
2017-12-06,18:00:00,4.56,4.6,4.5,4.6,5614,0
2017-12-06,19:00:00,4.505,4.505,4.5,4.5,3100,0
2017-12-06,20:00:00,4.55,4.55,4.5,4.5,200,0
2017-12-06,21:00:00,4.55,4.55,4.55,4.55,800,0
2017-12-06,22:00:00,4.5325,4.55,4.5325,4.55,1943,0
2017-12-07,16:00:00,4.5,4.5,4.5,4.5,100,0
2017-12-07,17:00:00,4.45,4.6,4.45,4.575,6082,0
2017-12-07,19:00:00,4.5748,4.5748,4.55,4.55,450,0
2017-12-07,20:00:00,4.55,4.55,4.55,4.55,100,0
2017-12-07,22:00:00,4.55,4.55,4.55,4.55,607,0
2017-12-08,16:00:00,4.5,4.5,4.45,4.45,1000,0
2017-12-08,17:00:00,4.5,4.55,4.45,4.55,1393,0
2017-12-08,18:00:00,4.4689,4.55,4.4689,4.55,1569,0
2017-12-08,19:00:00,4.6,4.6,4.55,4.55,800,0
2017-12-08,20:00:00,4.55,4.55,4.55,4.55,100,0
2017-12-08,21:00:00,4.6,4.6,4.55,4.6,400,0
2017-12-08,22:00:00,4.6,4.6,4.5325,4.55,2000,0
2017-12-11,16:00:00,4.35,4.45,4.255,4.35,29483,0
2017-12-11,17:00:00,4.35,4.45,4.35,4.35,5934,0
2017-12-11,18:00:00,4.35,4.35,4.3,4.3315,1810,0
2017-12-11,19:00:00,4.35,4.4,4.35,4.35,3200,0
2017-12-11,20:00:00,4.35,4.375,4.35,4.35,19569,0
2017-12-11,21:00:00,4.4,4.4,4.375,4.4,4752,0
2017-12-11,22:00:00,4.35,4.425,4.35,4.4,12251,0
2017-12-12,16:00:00,4.35,4.35,4.35,4.35,1148,0
2017-12-12,17:00:00,4.35,4.355,4.35,4.35,5423,0
2017-12-12,18:00:00,4.4,4.4,4.35,4.35,4600,0
2017-12-12,19:00:00,4.4,4.4,4.4,4.4,100,0
2017-12-12,20:00:00,4.4,4.4,4.35,4.35,1700,0
2017-12-12,21:00:00,4.4,4.4,4.4,4.4,100,0
2017-12-12,22:00:00,4.35,4.4,4.35,4.35,1200,0
2017-12-13,17:00:00,4.4,4.45,4.35,4.45,4508,0
2017-12-13,18:00:00,4.45,4.45,4.35,4.4,1102,0
2017-12-13,19:00:00,4.425,4.45,4.4,4.45,3866,0
2017-12-13,20:00:00,4.45,4.45,4.4,4.4,300,0
2017-12-13,22:00:00,4.4,4.55,4.35,4.55,41001,0
2017-12-14,16:00:00,4.5,4.5,4.5,4.5,2618,0
2017-12-14,17:00:00,4.5,4.5,4.4,4.4,700,0
2017-12-14,18:00:00,4.45,4.45,4.45,4.45,100,0
2017-12-14,19:00:00,4.5,4.5,4.5,4.5,100,0
2017-12-14,20:00:00,4.5,4.5,4.5,4.5,100,0
2017-12-14,21:00:00,4.5,4.55,4.45,4.5,6538,0
2017-12-14,22:00:00,4.55,4.55,4.4,4.5,22588,0
2017-12-15,16:00:00,4.45,4.45,4.45,4.45,400,0
2017-12-15,17:00:00,4.5,4.5,4.45,4.5,2700,0
2017-12-15,18:00:00,4.5,4.5,4.45,4.45,200,0
2017-12-15,19:00:00,4.5,4.5,4.4,4.5,3308,0
2017-12-15,20:00:00,4.5,4.5,4.45,4.45,3580,0
2017-12-15,21:00:00,4.5,4.5,4.45,4.45,3500,0
2017-12-15,22:00:00,4.45,4.4747,4.35,4.4,16958,0
2017-12-18,16:00:00,4.45,4.45,4.4,4.4,1315,0
2017-12-18,17:00:00,4.4,4.4,4.355,4.4,6600,0
2017-12-18,18:00:00,4.4,4.5,4.4,4.5,4800,0
2017-12-18,19:00:00,4.5,4.55,4.5,4.55,800,0
2017-12-18,20:00:00,4.525,4.525,4.5,4.5,600,0
2017-12-18,21:00:00,4.5,4.5,4.45,4.5,2400,0
2017-12-18,22:00:00,4.45,4.55,4.45,4.55,3100,0
2017-12-19,16:00:00,4.45,4.55,4.45,4.55,620,0
2017-12-19,17:00:00,4.5,4.55,4.5,4.55,1637,0
2017-12-19,19:00:00,4.505,4.5135,4.5,4.5,4900,0
2017-12-19,20:00:00,4.5,4.5,4.5,4.5,300,0
2017-12-19,21:00:00,4.45,4.5,4.45,4.5,1700,0
2017-12-19,22:00:00,4.45,4.55,4.45,4.55,11318,0
2017-12-20,16:00:00,4.45,4.45,4.45,4.45,4100,0
2017-12-20,17:00:00,4.55,4.55,4.45,4.45,7260,0
2017-12-20,18:00:00,4.5,4.55,4.5,4.55,2600,0
2017-12-20,19:00:00,4.55,4.55,4.55,4.55,200,0
2017-12-20,20:00:00,4.55,4.55,4.5,4.5,1950,0
2017-12-20,21:00:00,4.5,4.5225,4.45,4.5,4600,0
2017-12-20,22:00:00,4.5,4.525,4.45,4.5,2556,0
2017-12-21,16:00:00,4.45,4.55,4.45,4.5,24632,0
2017-12-21,17:00:00,4.5,4.5,4.5,4.5,300,0
2017-12-21,18:00:00,4.505,4.5156,4.505,4.5156,1000,0
2017-12-21,19:00:00,4.5,4.55,4.5,4.55,3300,0
2017-12-21,21:00:00,4.5,4.5,4.5,4.5,740,0
2017-12-21,22:00:00,4.55,4.55,4.55,4.55,400,0
2017-12-22,17:00:00,4.54,4.54,4.54,4.54,2198,0
2017-12-22,18:00:00,4.5,4.5,4.5,4.5,171,0
2017-12-22,19:00:00,4.55,4.55,4.475,4.5,9223,0
2017-12-22,20:00:00,4.5,4.55,4.5,4.5,939,0
2017-12-22,21:00:00,4.5,4.5,4.45,4.5,5400,0
2017-12-22,22:00:00,4.525,4.525,4.45,4.5,4813,0
2017-12-26,16:00:00,4.45,4.55,4.45,4.55,36401,0
2017-12-26,17:00:00,4.5,4.5635,4.5,4.5,10355,0
2017-12-26,18:00:00,4.525,4.6,4.525,4.55,20242,0
2017-12-26,19:00:00,4.55,4.6,4.55,4.6,1417,0
2017-12-26,20:00:00,4.55,4.6,4.5,4.55,4418,0
2017-12-26,21:00:00,4.55,4.6,4.55,4.55,1211,0
2017-12-26,22:00:00,4.55,4.6,4.55,4.55,6974,0
2017-12-27,16:00:00,4.6,4.65,4.6,4.6,2215,0
2017-12-27,17:00:00,4.65,4.65,4.65,4.65,100,0
2017-12-27,19:00:00,4.65,4.65,4.65,4.65,200,0
2017-12-27,20:00:00,4.6,4.65,4.6,4.6,1809,0
2017-12-27,21:00:00,4.65,4.65,4.65,4.65,100,0
2017-12-27,22:00:00,4.6,4.64,4.6,4.6,2500,0
2017-12-28,16:00:00,4.65,4.7,4.65,4.7,5585,0
2017-12-28,17:00:00,4.75,4.75,4.75,4.75,100,0
2017-12-28,19:00:00,4.7,4.7,4.65,4.7,2388,0
2017-12-28,20:00:00,4.65,4.75,4.65,4.75,4235,0
2017-12-28,21:00:00,4.7,4.75,4.7,4.75,2420,0
2017-12-28,22:00:00,4.7,4.75,4.7,4.7,1100,0
2017-12-29,16:00:00,4.65,4.8,4.65,4.75,4286,0
2017-12-29,17:00:00,4.75,4.85,4.71,4.85,11847,0
2017-12-29,18:00:00,4.8,4.85,4.8,4.8,2700,0
2017-12-29,19:00:00,4.85,4.85,4.8,4.8,400,0
2017-12-29,20:00:00,4.8,4.8,4.75,4.775,1400,0
2017-12-29,21:00:00,4.775,4.8,4.7,4.7,2100,0
2017-12-29,22:00:00,4.75,4.8,4.7,4.75,3883,0
2018-01-02,16:00:00,4.85,4.85,4.8,4.8,2524,0
2018-01-02,17:00:00,4.75,4.85,4.75,4.85,2000,0
2018-01-02,18:00:00,4.8,4.81,4.8,4.81,1000,0
2018-01-02,19:00:00,4.825,4.85,4.7718,4.8,5160,0
2018-01-02,20:00:00,4.8,4.8,4.8,4.8,900,0
2018-01-02,22:00:00,4.8,4.85,4.8,4.8,1276,0
2018-01-03,16:00:00,4.95,4.95,4.9,4.9155,8198,0
2018-01-03,17:00:00,4.9155,4.95,4.9,4.9,1875,0
2018-01-03,18:00:00,4.925,4.925,4.925,4.925,1400,0
2018-01-03,20:00:00,4.95,4.95,4.925,4.925,200,0
2018-01-03,22:00:00,4.925,4.95,4.9,4.9,4734,0
2018-01-04,16:00:00,5.2,5.2,5.1,5.1252,17113,0
2018-01-04,17:00:00,5.1,5.15,5.1,5.15,1000,0
2018-01-04,18:00:00,5.1,5.15,5.1,5.15,14499,0
2018-01-04,19:00:00,5.2,5.2,5.175,5.2,1361,0
2018-01-04,20:00:00,5.1743,5.1743,5.15,5.1625,1870,0
2018-01-04,21:00:00,5.15,5.25,5.15,5.2,6971,0
2018-01-04,22:00:00,5.2,5.25,5.175,5.25,5307,0
2018-01-05,16:00:00,5.2,5.2,5.175,5.2,3450,0
2018-01-05,17:00:00,5.21,5.21,5.2,5.2,600,0
2018-01-05,18:00:00,5.2,5.21,5.2,5.2,3600,0
2018-01-05,19:00:00,5.2,5.2,5.2,5.2,1400,0
2018-01-05,20:00:00,5.2,5.225,5.2,5.225,400,0
2018-01-05,21:00:00,5.25,5.25,5.2,5.2,5400,0
2018-01-05,22:00:00,5.25,5.25,5.155,5.2,6701,0
2018-01-08,16:00:00,5.2,5.23,5.2,5.2,5752,0
2018-01-08,17:00:00,5.2,5.25,5.2,5.2245,2031,0
2018-01-08,18:00:00,5.25,5.25,5.25,5.25,100,0
2018-01-08,20:00:00,5.2,5.25,5.2,5.2,661,0
2018-01-08,21:00:00,5.2,5.22,5.2,5.22,3982,0
2018-01-08,22:00:00,5.21,5.25,5.2,5.2,3020,0
2018-01-09,16:00:00,5.25,5.35,5.25,5.35,16646,0
2018-01-09,17:00:00,5.35,5.4,5.3,5.3,5634,0
2018-01-09,18:00:00,5.35,5.35,5.3,5.35,517,0
2018-01-09,19:00:00,5.3295,5.3295,5.2625,5.3,5490,0
2018-01-09,20:00:00,5.35,5.35,5.25,5.25,1017,0
2018-01-09,21:00:00,5.3,5.4,5.2851,5.35,15139,0
2018-01-09,22:00:00,5.35,5.35,5.25,5.3,8100,0
2018-01-10,16:00:00,5.4,5.45,5.4,5.45,10110,0
2018-01-10,17:00:00,5.4,5.45,5.4,5.4,4200,0
2018-01-10,18:00:00,5.355,5.4,5.35,5.4,2307,0
2018-01-10,19:00:00,5.4,5.45,5.4,5.45,9800,0
2018-01-10,20:00:00,5.4,5.45,5.3707,5.4,2700,0
2018-01-10,21:00:00,5.4,5.4,5.35,5.35,2506,0
2018-01-10,22:00:00,5.4,5.45,5.35,5.4,5621,0
2018-01-11,16:00:00,5.55,5.6,5.55,5.575,19741,0
2018-01-11,17:00:00,5.55,5.6,5.55,5.6,15356,0
2018-01-11,18:00:00,5.5752,5.6,5.55,5.55,2351,0
2018-01-11,19:00:00,5.5202,5.55,5.5202,5.55,600,0
2018-01-11,20:00:00,5.6,5.6,5.5712,5.5712,925,0
2018-01-11,21:00:00,5.575,5.575,5.55,5.55,600,0
2018-01-11,22:00:00,5.55,5.55,5.5,5.5,2800,0
2018-01-12,16:00:00,5.55,5.6,5.55,5.6,3645,0
2018-01-12,17:00:00,5.6,5.6,5.575,5.6,3500,0
2018-01-12,18:00:00,5.6,5.6,5.5776,5.5776,200,0
2018-01-12,20:00:00,5.575,5.6,5.55,5.59,550,0
2018-01-12,21:00:00,5.6,5.6261,5.55,5.6261,14933,0
2018-01-12,22:00:00,5.65,5.65,5.605,5.65,2113,0
2018-01-16,16:00:00,5.65,5.65,5.625,5.6268,3037,0
2018-01-16,17:00:00,5.65,5.65,5.6,5.6,2770,0
2018-01-16,18:00:00,5.55,5.55,5.55,5.55,477,0
2018-01-16,19:00:00,5.55,5.55,5.55,5.55,900,0
2018-01-16,20:00:00,5.525,5.55,5.525,5.55,1000,0
2018-01-16,21:00:00,5.5,5.6,5.5,5.525,9255,0
2018-01-16,22:00:00,5.519,5.55,5.51,5.55,5801,0
2018-01-17,16:00:00,5.55,5.55,5.5,5.5,873,0
2018-01-17,17:00:00,5.5,5.5,5.5,5.5,900,0
2018-01-17,18:00:00,5.55,5.6,5.519,5.55,13246,0
2018-01-17,19:00:00,5.55,5.6,5.55,5.6,3345,0
2018-01-17,21:00:00,5.6,5.6,5.5,5.5,1590,0
2018-01-17,22:00:00,5.55,5.65,5.55,5.65,9981,0
2018-01-18,16:00:00,5.55,5.6,5.55,5.55,700,0
2018-01-18,17:00:00,5.55,5.55,5.5,5.5,600,0
2018-01-18,18:00:00,5.55,5.65,5.55,5.6,4500,0
2018-01-18,19:00:00,5.6,5.6,5.6,5.6,1500,0
2018-01-18,20:00:00,5.6,5.6,5.6,5.6,800,0
2018-01-18,21:00:00,5.6,5.6165,5.6,5.6165,1150,0
2018-01-18,22:00:00,5.6,5.7,5.6,5.7,15406,0
2018-01-19,16:00:00,5.6,5.6,5.6,5.6,100,0
2018-01-19,17:00:00,5.65,5.65,5.6,5.6,2100,0
2018-01-19,18:00:00,5.6,5.6,5.55,5.6,8100,0
2018-01-19,19:00:00,5.65,5.65,5.5711,5.5711,1100,0
2018-01-19,20:00:00,5.6,5.625,5.6,5.625,900,0
2018-01-19,21:00:00,5.61,5.625,5.61,5.625,1700,0
2018-01-19,22:00:00,5.65,5.65,5.575,5.6,49385,0
2018-01-22,16:00:00,5.65,5.65,5.61,5.625,2600,0
2018-01-22,17:00:00,5.65,5.7,5.65,5.655,1300,0
2018-01-22,18:00:00,5.675,5.675,5.65,5.65,804,0
2018-01-22,19:00:00,5.65,5.65,5.6,5.6,1230,0
2018-01-22,20:00:00,5.6,5.6,5.5,5.6,10995,0
2018-01-22,21:00:00,5.575,5.65,5.575,5.65,300,0
2018-01-22,22:00:00,5.55,5.65,5.55,5.6,827,0
2018-01-23,16:00:00,5.6,5.7,5.6,5.7,12958,0
2018-01-23,17:00:00,5.7,5.7,5.69,5.69,4871,0
2018-01-23,19:00:00,5.65,5.7,5.65,5.675,1600,0
2018-01-23,20:00:00,5.7,5.7,5.675,5.695,500,0
2018-01-23,21:00:00,5.7,5.7,5.655,5.7,3100,0
2018-01-23,22:00:00,5.7,5.7,5.65,5.7,1072,0
2018-01-24,16:00:00,5.65,5.65,5.65,5.65,1000,0
2018-01-24,17:00:00,5.7,5.7,5.55,5.6,8476,0
2018-01-24,18:00:00,5.69,5.7,5.55,5.55,1080,0
2018-01-24,19:00:00,5.575,5.6,5.55,5.55,2191,0
2018-01-24,20:00:00,5.6,5.6,5.6,5.6,409,0
2018-01-24,21:00:00,5.65,5.65,5.65,5.65,100,0
2018-01-24,22:00:00,5.65,5.65,5.6,5.625,3300,0
2018-01-25,16:00:00,5.7,5.7,5.7,5.7,2331,0
2018-01-25,17:00:00,5.725,5.725,5.725,5.725,1000,0
2018-01-25,18:00:00,5.75,5.75,5.705,5.705,350,0
2018-01-25,20:00:00,5.75,5.75,5.74,5.74,600,0
2018-01-25,21:00:00,5.75,5.75,5.75,5.75,200,0
2018-01-25,22:00:00,5.75,5.75,5.75,5.75,1900,0
2018-01-26,17:00:00,5.72,5.72,5.65,5.7,8379,0
2018-01-26,18:00:00,5.7,5.7,5.7,5.7,100000,0
2018-01-26,19:00:00,5.7,5.75,5.7,5.75,20790,0
2018-01-26,20:00:00,5.75,5.75,5.75,5.75,100,0
2018-01-26,21:00:00,5.725,5.725,5.7201,5.7241,900,0
2018-01-26,22:00:00,5.75,5.75,5.7,5.7,1150,0
2018-01-29,16:00:00,5.7,5.75,5.7,5.7,3940,0
2018-01-29,17:00:00,5.75,5.75,5.75,5.75,100,0
2018-01-29,18:00:00,5.7,5.7,5.65,5.7,1600,0
2018-01-29,19:00:00,5.65,5.7,5.55,5.65,9216,0
2018-01-29,20:00:00,5.75,5.75,5.75,5.75,200,0
2018-01-29,21:00:00,5.7,5.7,5.65,5.65,300,0
2018-01-29,22:00:00,5.65,5.65,5.65,5.65,1176,0
2018-01-30,16:00:00,5.55,5.6,5.5375,5.6,850,0
2018-01-30,17:00:00,5.55,5.61,5.55,5.6,1600,0
2018-01-30,18:00:00,5.6,5.6,5.6,5.6,800,0
2018-01-30,20:00:00,5.6,5.6,5.55,5.6,4569,0
2018-01-30,21:00:00,5.55,5.6,5.55,5.6,200,0
2018-01-30,22:00:00,5.6,5.6,5.16,5.5,12619,0
2018-01-31,18:00:00,5.45,5.4522,5.45,5.4522,800,0
2018-01-31,19:00:00,5.45,5.45,5.45,5.45,200,0
2018-01-31,20:00:00,5.45,5.5,5.45,5.5,2000,0
2018-01-31,21:00:00,5.5,5.5,5.5,5.5,200,0
2018-01-31,22:00:00,5.45,5.5,5.45,5.45,2900,0
2018-02-01,16:00:00,5.4,5.4,5.305,5.4,3375,0
2018-02-01,17:00:00,5.35,5.45,5.35,5.388,9244,0
2018-02-01,18:00:00,5.4129,5.45,5.355,5.45,5850,0
2018-02-01,20:00:00,5.45,5.45,5.45,5.45,300,0
2018-02-01,21:00:00,5.4,5.45,5.4,5.45,300,0
2018-02-01,22:00:00,5.45,5.45,5.4,5.4,2300,0
2018-02-02,16:00:00,5.35,5.5,5.35,5.494,4658,0
2018-02-02,17:00:00,5.35,5.35,5.2863,5.2863,1614,0
2018-02-02,18:00:00,5.255,5.2758,5.255,5.2758,950,0
2018-02-02,20:00:00,5.35,5.35,5.3,5.35,400,0
2018-02-02,22:00:00,5.25,5.3,5.2,5.2,4992,0
2018-02-05,16:00:00,5.1,5.1,5.1,5.1,1210,0
2018-02-05,17:00:00,5.05,5.05,4.9699,5.05,670,0
2018-02-05,18:00:00,5.05,5.055,5.05,5.055,663,0
2018-02-05,19:00:00,5.05,5.075,5.05,5.075,1250,0
2018-02-05,20:00:00,5,5,5,5,100,0
2018-02-05,21:00:00,5.05,5.065,5,5,2700,0
2018-02-05,22:00:00,5,5,4.75,4.75,14739,0
2018-02-06,16:00:00,4.85,4.8815,4.85,4.8815,200,0
2018-02-06,17:00:00,4.85,4.9,4.85,4.85,450,0
2018-02-06,18:00:00,4.9,4.9,4.9,4.9,300,0
2018-02-06,20:00:00,4.866,4.866,4.805,4.805,1150,0
2018-02-06,22:00:00,4.9,5,4.65,4.75,3095,0
2018-02-07,16:00:00,5.25,5.4794,5.25,5.3,15599,0
2018-02-07,17:00:00,5.284,5.286,5.2,5.2,10017,0
2018-02-07,18:00:00,5.225,5.225,5.2,5.2,3300,0
2018-02-07,20:00:00,5.2296,5.2296,5.1,5.1,8875,0
2018-02-07,21:00:00,5.1,5.125,5.01,5.01,4350,0
2018-02-07,22:00:00,5.1,5.125,5.05,5.1,8096,0
2018-02-08,16:00:00,5.25,5.25,5.15,5.1858,4653,0
2018-02-08,17:00:00,5.2,5.3,5.1,5.1,3448,0
2018-02-08,18:00:00,5.1,5.1,5.05,5.1,1172,0
2018-02-08,19:00:00,5.1,5.1,5,5,1500,0
2018-02-08,20:00:00,5.05,5.05,4.95,5,5149,0
2018-02-08,21:00:00,5,5.05,5,5.05,200,0
2018-02-08,22:00:00,5,5,4.8,4.85,12303,0
2018-02-09,16:00:00,4.9,4.9,4.9,4.9,500,0
2018-02-09,17:00:00,4.95,4.95,4.8,4.85,3900,0
2018-02-09,18:00:00,4.85,4.85,4.8,4.8,3500,0
2018-02-09,19:00:00,4.8,4.8,4.8,4.8,200,0
2018-02-09,20:00:00,4.8,4.8,4.775,4.8,500,0
2018-02-09,21:00:00,4.85,4.85,4.85,4.85,800,0
2018-02-09,22:00:00,4.95,5.05,4.9,5,3400,0
2018-02-12,16:00:00,5.05,5.1,5.05,5.1,3510,0
2018-02-12,17:00:00,5.05,5.1248,5.05,5.1,600,0
2018-02-12,18:00:00,5.1,5.1,5.1,5.1,300,0
2018-02-12,19:00:00,5.1,5.15,5.1,5.15,300,0
2018-02-12,20:00:00,5.117,5.117,5.117,5.117,500,0
2018-02-12,21:00:00,5.125,5.15,5.1,5.1,1000,0
2018-02-12,22:00:00,5.1,5.2,5.1,5.15,2700,0
2018-02-13,16:00:00,5.15,5.15,5.15,5.15,2730,0
2018-02-13,18:00:00,5.15,5.2429,5.15,5.2429,3100,0
2018-02-13,20:00:00,5.25,5.25,5.25,5.25,100,0
2018-02-13,22:00:00,5.185,5.25,5.185,5.25,225,0
2018-02-14,16:00:00,5.25,5.25,5.15,5.2,1920,0
2018-02-14,17:00:00,5.2,5.225,5.15,5.15,5659,0
2018-02-14,18:00:00,5.2,5.2,5.2,5.2,200,0
2018-02-14,19:00:00,5.2,5.2,5.169,5.2,1200,0
2018-02-14,20:00:00,5.2,5.2,5.2,5.2,1673,0
2018-02-14,21:00:00,5.2,5.2,5.2,5.2,379,0
2018-02-14,22:00:00,5.2,5.2,5.15,5.2,2059,0
2018-02-15,16:00:00,5.2,5.2,5.2,5.2,4250,0
2018-02-15,17:00:00,5.35,5.35,5.35,5.35,100,0
2018-02-15,18:00:00,5.3,5.3,5.3,5.3,2600,0
2018-02-15,21:00:00,5.3,5.3,5.25,5.25,900,0
2018-02-15,22:00:00,5.3,5.3,5.25,5.3,1101,0
2018-02-16,17:00:00,5.3,5.3,5.25,5.25,1100,0
2018-02-16,18:00:00,5.3,5.3,5.25,5.3,800,0
2018-02-16,19:00:00,5.3,5.3,5.3,5.3,400,0
2018-02-16,20:00:00,5.3,5.3,5.3,5.3,100,0
2018-02-16,22:00:00,5.25,5.25,5.25,5.25,2157,0
2018-02-20,16:00:00,5.2,5.3,5.2,5.3,2349,0
2018-02-20,17:00:00,5.25,5.3,5.25,5.275,700,0
2018-02-20,18:00:00,5.25,5.25,5.25,5.25,1400,0
2018-02-20,19:00:00,5.25,5.25,5.2147,5.25,2000,0
2018-02-20,20:00:00,5.3,5.3,5.3,5.3,100,0
2018-02-20,21:00:00,5.2498,5.25,5.19,5.2,1200,0
2018-02-20,22:00:00,5.175,5.2,5.15,5.2,2000,0
2018-02-21,16:00:00,5.25,5.26,5.25,5.26,1980,0
2018-02-21,17:00:00,5.3,5.3,5.3,5.3,1065,0
2018-02-21,18:00:00,5.3,5.3,5.3,5.3,200,0
2018-02-21,19:00:00,5.3,5.3,5.3,5.3,100,0
2018-02-21,20:00:00,5.3,5.3,5.3,5.3,100,0
2018-02-21,21:00:00,5.25,5.3,5.25,5.3,300,0
2018-02-21,22:00:00,5.3,5.3,5.3,5.3,1617,0
2018-02-22,16:00:00,5.2,5.25,5.2,5.25,3236,0
2018-02-22,17:00:00,5.2,5.2,5.2,5.2,979,0
2018-02-22,18:00:00,5.2,5.225,5.2,5.2,1800,0
2018-02-22,19:00:00,5.2,5.2,5.2,5.2,100,0
2018-02-22,20:00:00,5.24,5.24,5.24,5.24,1000,0
2018-02-22,21:00:00,5.225,5.225,5.225,5.225,100,0
2018-02-22,22:00:00,5.225,5.225,5.2,5.2,500,0
2018-02-23,16:00:00,5.15,5.2,5.15,5.155,2100,0
2018-02-23,17:00:00,5.2,5.2,5.15,5.2,2200,0
2018-02-23,18:00:00,5.175,5.2,5.175,5.2,1200,0
2018-02-23,19:00:00,5.2,5.25,5.2,5.2,17368,0
2018-02-23,20:00:00,5.25,5.25,5.25,5.25,100,0
2018-02-23,21:00:00,5.25,5.25,5.15,5.2,3800,0
2018-02-23,22:00:00,5.2,5.2,5.125,5.175,14124,0
2018-02-26,16:00:00,5.2,5.225,5.2,5.225,2600,0
2018-02-26,17:00:00,5.2,5.25,5.15,5.15,8230,0
2018-02-26,18:00:00,5.25,5.25,5.25,5.25,400,0
2018-02-26,19:00:00,5.25,5.25,5.25,5.25,200,0
2018-02-26,20:00:00,5.25,5.25,5.25,5.25,200,0
2018-02-26,21:00:00,5.25,5.25,5.25,5.25,500,0
2018-02-26,22:00:00,5.25,5.25,5.225,5.225,3000,0
2018-02-27,16:00:00,5.3,5.3,5.3,5.3,3416,0
2018-02-27,17:00:00,5.3,5.35,5.3,5.3,3691,0
2018-02-27,18:00:00,5.3,5.3,5.3,5.3,100,0
2018-02-27,19:00:00,5.3,5.35,5.3,5.35,5217,0
2018-02-27,20:00:00,5.3,5.3,5.295,5.3,5800,0
2018-02-27,21:00:00,5.29,5.29,5.29,5.29,500,0
2018-02-27,22:00:00,5.25,5.3,5.2,5.2,4216,0
2018-02-28,16:00:00,5.2,5.3,5.2,5.3,1490,0
2018-02-28,17:00:00,5.3,5.3,5.3,5.3,1500,0
2018-02-28,18:00:00,5.3,5.3,5.3,5.3,100,0
2018-02-28,19:00:00,5.2715,5.2715,5.2715,5.2715,100,0
2018-02-28,20:00:00,5.3,5.3,5.2,5.3,720,0
2018-02-28,21:00:00,5.3,5.3,5.3,5.3,100,0
2018-02-28,22:00:00,5.25,5.25,5.2,5.25,7689,0
2018-03-01,16:00:00,5.2,5.2,5.2,5.2,400,0
2018-03-01,17:00:00,5.2,5.25,5.2,5.25,3757,0
2018-03-01,20:00:00,5.2,5.2,5.15,5.2,600,0
2018-03-01,21:00:00,5.2,5.2,5.2,5.2,200,0
2018-03-01,22:00:00,5.15,5.25,5.15,5.2,1246,0
2018-03-02,16:00:00,5.15,5.15,5.15,5.15,600,0
2018-03-02,17:00:00,5.15,5.2,5.15,5.2,800,0
2018-03-02,19:00:00,5.1,5.11,5.1,5.11,900,0
2018-03-02,21:00:00,5.2,5.25,5.19,5.2,6404,0
2018-03-02,22:00:00,5.2,5.25,5.2,5.25,7613,0
2018-03-05,16:00:00,5.1,5.15,5.1,5.15,1203,0
2018-03-05,20:00:00,5.15,5.2,5.15,5.2,800,0
2018-03-05,22:00:00,5.15,5.2,5.1,5.1,4909,0
2018-03-06,16:00:00,5.1,5.1,5.05,5.05,516,0
2018-03-06,17:00:00,5.1,5.1,5.1,5.1,1451,0
2018-03-06,18:00:00,5.15,5.15,5.1,5.15,2000,0
2018-03-06,19:00:00,5.15,5.15,5.1283,5.1283,400,0
2018-03-06,20:00:00,5.15,5.15,5.15,5.15,200,0
2018-03-06,21:00:00,5.15,5.15,5.15,5.15,100,0
2018-03-06,22:00:00,5.15,5.15,5.1,5.1,1210,0
2018-03-07,16:00:00,5.1,5.1,5.1,5.1,200,0
2018-03-07,17:00:00,5.0701,5.0701,5.0701,5.0701,220,0
2018-03-07,18:00:00,5.1,5.15,5.1,5.15,7037,0
2018-03-07,20:00:00,5.15,5.15,5.1,5.15,400,0
2018-03-07,21:00:00,5.1165,5.2,5.1165,5.2,3995,0
2018-03-07,22:00:00,5.15,5.2,5.15,5.2,1120,0
2018-03-08,16:00:00,5.15,5.15,5.1,5.1,500,0
2018-03-08,17:00:00,5.05,5.15,5.05,5.15,1600,0
2018-03-08,18:00:00,5.1,5.15,5.05,5.05,7335,0
2018-03-08,20:00:00,5.1,5.1,5.1,5.1,100,0
2018-03-08,21:00:00,5.075,5.075,5.075,5.075,100,0
2018-03-08,22:00:00,5.1,5.15,5.05,5.05,2504,0
2018-03-09,16:00:00,5.1,5.1,5.05,5.1,1869,0
2018-03-09,17:00:00,5.1301,5.1301,5.1301,5.1301,200,0
2018-03-09,18:00:00,5.1,5.2,5.1,5.15,4995,0
2018-03-09,19:00:00,5.175,5.2,5.175,5.2,200,0
2018-03-09,20:00:00,5.175,5.2,5.15,5.2,1050,0
2018-03-09,21:00:00,5.2,5.2,5.2,5.2,600,0
2018-03-09,22:00:00,5.2,5.2,5.15,5.2,2871,0
2018-03-12,15:00:00,5.15,5.15,5.15,5.15,2604,0
2018-03-12,16:00:00,5.15,5.15,5.125,5.15,3325,0
2018-03-12,17:00:00,5.135,5.135,5.125,5.125,1176,0
2018-03-12,18:00:00,5.2,5.2,5.2,5.2,200,0
2018-03-12,19:00:00,5.2,5.2,5.1498,5.2,300,0
2018-03-12,20:00:00,5.2,5.2,5.2,5.2,300,0
2018-03-12,21:00:00,5.1829,5.2,5.15,5.2,1000,0
2018-03-13,15:00:00,5.2,5.2,5.2,5.2,1626,0
2018-03-13,16:00:00,5.2,5.25,5.2,5.25,926,0
2018-03-13,17:00:00,5.2105,5.25,5.2105,5.25,200,0
2018-03-13,18:00:00,5.232,5.232,5.2,5.2,350,0
2018-03-13,19:00:00,5.2,5.2,5.2,5.2,200,0
2018-03-13,20:00:00,5.25,5.25,5.2,5.2,200,0
2018-03-13,21:00:00,5.2,5.25,5.2,5.25,2179,0
2018-03-14,15:00:00,5.25,5.25,5.25,5.25,200,0
2018-03-14,17:00:00,5.2,5.225,5.15,5.2,3900,0
2018-03-14,19:00:00,5.25,5.25,5.25,5.25,900,0
2018-03-14,20:00:00,5.25,5.25,5.25,5.25,100,0
2018-03-14,21:00:00,5.25,5.25,5.15,5.15,1601,0
2018-03-15,15:00:00,5.15,5.155,5.15,5.155,500,0
2018-03-15,16:00:00,5.15,5.15,5.1,5.15,1000,0
2018-03-15,17:00:00,5.15,5.2,5.15,5.175,3185,0
2018-03-15,18:00:00,5.175,5.175,5.175,5.175,100,0
2018-03-15,19:00:00,5.15,5.15,5.15,5.15,300,0
2018-03-15,20:00:00,5.15,5.2,5.1,5.1,700,0
2018-03-15,21:00:00,5.15,5.15,5.15,5.15,900,0
2018-03-16,16:00:00,5.15,5.15,5.1,5.1,400,0
2018-03-16,17:00:00,5.125,5.15,5.1,5.15,455,0
2018-03-16,19:00:00,5.15,5.15,5.1,5.15,3252,0
2018-03-16,20:00:00,5.15,5.15,5.15,5.15,400,0
2018-03-16,21:00:00,5.15,5.15,5.1,5.15,2100,0
2018-03-19,15:00:00,5,5,4.86,4.9,2010,0
2018-03-19,16:00:00,4.93,4.95,4.93,4.9367,3410,0
2018-03-19,17:00:00,4.95,4.95,4.95,4.95,100,0
2018-03-19,18:00:00,4.9,4.9,4.9,4.9,300,0
2018-03-19,19:00:00,4.9,4.95,4.9,4.95,500,0
2018-03-19,20:00:00,4.94,4.94,4.925,4.925,800,0
2018-03-19,21:00:00,4.925,4.95,4.9,4.9,6360,0
2018-03-20,15:00:00,4.85,4.95,4.85,4.95,959,0
2018-03-20,16:00:00,4.94,4.94,4.9,4.9,5400,0
2018-03-20,17:00:00,4.875,4.95,4.875,4.9,2338,0
2018-03-20,18:00:00,4.95,4.95,4.9,4.9,500,0
2018-03-20,19:00:00,4.85,4.85,4.85,4.85,900,0
2018-03-20,20:00:00,4.9,4.9,4.875,4.875,200,0
2018-03-20,21:00:00,4.9,4.9,4.85,4.9,3202,0
2018-03-21,15:00:00,5,5,5,5,700,0
2018-03-21,16:00:00,5.05,5.05,5.05,5.05,200,0
2018-03-21,17:00:00,5,5,5,5,300,0
2018-03-21,18:00:00,5,5.05,5,5.05,900,0
2018-03-21,19:00:00,5.05,5.05,5.05,5.05,100,0
2018-03-21,20:00:00,5.05,5.05,4.9848,5,800,0
2018-03-21,21:00:00,5,5.05,5,5,1500,0
2018-03-22,16:00:00,4.8775,4.8775,4.85,4.85,497,0
2018-03-22,17:00:00,4.85,4.85,4.8,4.8388,5393,0
2018-03-22,19:00:00,4.9,4.9,4.9,4.9,300,0
2018-03-22,20:00:00,4.9,4.9,4.9,4.9,200,0
2018-03-22,21:00:00,4.85,4.85,4.8,4.85,800,0
2018-03-23,15:00:00,4.8,4.9,4.8,4.8,1100,0
2018-03-23,16:00:00,4.7498,4.85,4.7498,4.85,650,0
2018-03-23,19:00:00,4.8,4.8,4.8,4.8,200,0
2018-03-23,20:00:00,4.775,4.8,4.775,4.8,256,0
2018-03-23,21:00:00,4.8,4.8,4.7,4.7,700,0
2018-03-26,16:00:00,4.8,4.8,4.75,4.775,500,0
2018-03-26,17:00:00,4.75,4.75,4.75,4.75,100,0
2018-03-26,20:00:00,4.8,4.8,4.75,4.75,300,0
2018-03-26,21:00:00,4.75,4.75,4.75,4.75,100,0
2018-03-26,22:00:00,4.8,4.8,4.75,4.8,1452,0
2018-03-27,16:00:00,4.8,4.8,4.75,4.75,2305,0
2018-03-27,19:00:00,4.8,4.8,4.7,4.7,1550,0
2018-03-27,20:00:00,4.75,4.75,4.75,4.75,300,0
2018-03-27,21:00:00,4.75,4.775,4.75,4.75,2684,0
2018-03-27,22:00:00,4.75,4.75,4.6,4.7,13553,0
2018-03-28,16:00:00,4.7,4.7,4.7,4.7,214,0
2018-03-28,17:00:00,4.655,4.6693,4.6399,4.65,5800,0
2018-03-28,18:00:00,4.7,4.7,4.7,4.7,850,0
2018-03-28,19:00:00,4.7,4.7,4.7,4.7,100,0
2018-03-28,20:00:00,4.65,4.65,4.65,4.65,1800,0
2018-03-28,21:00:00,4.6427,4.65,4.55,4.6,6542,0
2018-03-28,22:00:00,4.65,4.7,4.6,4.6,2347,0
2018-03-29,16:00:00,4.65,4.65,4.5752,4.6,808,0
2018-03-29,17:00:00,4.6,4.65,4.6,4.65,3000,0
2018-03-29,18:00:00,4.625,4.625,4.625,4.625,100,0
2018-03-29,19:00:00,4.625,4.625,4.625,4.625,100,0
2018-03-29,20:00:00,4.6,4.6,4.55,4.55,1960,0
2018-03-29,21:00:00,4.6,4.6,4.6,4.6,500,0
2018-03-29,22:00:00,4.6,4.6,4.5737,4.6,2100,0
