Date,Time,Open,High,Low,Close,Volume,OpenInt
2017-09-05,16:00:00,10.27,10.45,10.08,10.38,7809,0
2017-09-05,17:00:00,10.36,10.37,10.22,10.26,17080,0
2017-09-05,18:00:00,10.23,10.31,10.22,10.27,11125,0
2017-09-05,19:00:00,10.27,10.27,10.1,10.2,13973,0
2017-09-05,20:00:00,10.2,10.34,10.14,10.3,17264,0
2017-09-05,21:00:00,10.31,10.3325,10.26,10.26,8079,0
2017-09-05,22:00:00,10.3,10.32,10.29,10.31,41728,0
2017-09-06,16:00:00,10.39,10.42,10.32,10.36,14053,0
2017-09-06,17:00:00,10.365,10.38,10.26,10.28,6496,0
2017-09-06,18:00:00,10.29,10.29,10.1842,10.255,8370,0
2017-09-06,19:00:00,10.26,10.31,10.24,10.26,4950,0
2017-09-06,20:00:00,10.275,10.3732,10.27,10.365,12949,0
2017-09-06,21:00:00,10.365,10.38,10.25,10.38,21257,0
2017-09-06,22:00:00,10.43,10.46,10.38,10.43,16888,0
2017-09-07,16:00:00,10.42,10.44,10.35,10.44,1300,0
2017-09-07,17:00:00,10.445,10.72,10.3,10.72,90307,0
2017-09-07,18:00:00,10.7403,10.77,10.6128,10.7572,52021,0
2017-09-07,19:00:00,10.77,10.77,10.72,10.735,34369,0
2017-09-07,20:00:00,10.73,10.73,10.61,10.61,14633,0
2017-09-07,21:00:00,10.61,10.61,10.53,10.555,21783,0
2017-09-07,22:00:00,10.555,10.59,10.54,10.55,28966,0
2017-09-08,16:00:00,10.55,10.59,10.49,10.54,9724,0
2017-09-08,17:00:00,10.555,10.66,10.54,10.54,29209,0
2017-09-08,18:00:00,10.57,10.61,10.57,10.6,16034,0
2017-09-08,19:00:00,10.6,10.6,10.54,10.59,8700,0
2017-09-08,20:00:00,10.58,10.835,10.57,10.76,8284,0
2017-09-08,21:00:00,10.75,10.7872,10.69,10.7,17850,0
2017-09-08,22:00:00,10.715,10.93,10.68,10.81,97006,0
2017-09-11,16:00:00,11,11,10.78,10.82,26435,0
2017-09-11,17:00:00,10.84,10.85,10.5,10.52,27900,0
2017-09-11,18:00:00,10.5,10.64,10.5,10.63,8848,0
2017-09-11,19:00:00,10.635,10.65,10.58,10.63,14905,0
2017-09-11,20:00:00,10.63,10.67,10.61,10.66,29525,0
2017-09-11,21:00:00,10.655,10.66,10.5,10.5,18414,0
2017-09-11,22:00:00,10.53,10.62,10.53,10.6,44367,0
2017-09-12,16:00:00,10.61,10.74,10.055,10.665,33729,0
2017-09-12,17:00:00,10.68,10.69,10.55,10.5508,14312,0
2017-09-12,18:00:00,10.58,10.68,10.56,10.665,34346,0
2017-09-12,19:00:00,10.665,10.665,10.54,10.6,9949,0
2017-09-12,20:00:00,10.6,10.6,10.52,10.52,14709,0
2017-09-12,21:00:00,10.52,10.66,10.51,10.6,12487,0
2017-09-12,22:00:00,10.6,10.62,10.54,10.6,29617,0
2017-09-13,16:00:00,10.56,10.63,10.01,10.62,26793,0
2017-09-13,17:00:00,10.61,10.62,10.55,10.6,11798,0
2017-09-13,18:00:00,10.62,10.64,10.62,10.63,4532,0
2017-09-13,19:00:00,10.63,10.68,10.6,10.635,9271,0
2017-09-13,20:00:00,10.63,10.645,10.58,10.605,8504,0
2017-09-13,21:00:00,10.61,10.61,10.49,10.54,6788,0
2017-09-13,22:00:00,10.52,10.6,10.485,10.59,20630,0
2017-09-14,16:00:00,10.58,10.6199,10.31,10.55,3451,0
2017-09-14,17:00:00,10.56,10.665,10.52,10.605,21892,0
2017-09-14,18:00:00,10.605,10.64,10.55,10.57,16875,0
2017-09-14,19:00:00,10.6,10.6,10.45,10.45,9700,0
2017-09-14,20:00:00,10.45,10.515,10.45,10.515,2140,0
2017-09-14,21:00:00,10.515,10.515,10.45,10.45,3900,0
2017-09-14,22:00:00,10.48,10.575,10.48,10.57,46118,0
2017-09-15,16:00:00,10.65,10.8,10.43,10.8,70048,0
2017-09-15,17:00:00,10.8,11,10.7374,10.9678,38675,0
2017-09-15,18:00:00,10.95,11,10.91,11,5400,0
2017-09-15,19:00:00,10.97,11,10.96,10.9912,11925,0
2017-09-15,20:00:00,10.985,11.12,10.97,11,75224,0
2017-09-15,21:00:00,10.971,11.045,10.89,10.925,23177,0
2017-09-15,22:00:00,10.946,11,10.9,11,171161,0
2017-09-18,16:00:00,10.96,11.13,10.8908,11.12,7157,0
2017-09-18,17:00:00,11.06,11.11,10.95,10.99,11185,0
2017-09-18,18:00:00,10.99,11.01,10.89,10.89,5812,0
2017-09-18,19:00:00,10.89,11.04,10.88,11,14226,0
2017-09-18,20:00:00,10.98,11.01,10.93,10.95,10432,0
2017-09-18,21:00:00,10.94,10.94,10.82,10.85,4300,0
2017-09-18,22:00:00,10.91,10.96,10.8,10.86,27855,0
2017-09-19,16:00:00,10.83,10.83,10.425,10.65,4103,0
2017-09-19,17:00:00,10.62,10.68,10.5299,10.555,56412,0
2017-09-19,18:00:00,10.53,10.54,10.35,10.52,12827,0
2017-09-19,19:00:00,10.55,10.588,10.4,10.4,14343,0
2017-09-19,20:00:00,10.41,10.46,10.39,10.45,6200,0
2017-09-19,21:00:00,10.46,10.51,10.43,10.48,1700,0
2017-09-19,22:00:00,10.47,10.55,10.46,10.52,18189,0
2017-09-20,16:00:00,11.52,11.74,10.59,10.81,242481,0
2017-09-20,17:00:00,10.83,10.91,10.52,10.57,103889,0
2017-09-20,18:00:00,10.57,11.15,10.5,11.09,148705,0
2017-09-20,19:00:00,11.11,11.26,10.92,11.22,77335,0
2017-09-20,20:00:00,11.25,11.539,10.96,10.98,129142,0
2017-09-20,21:00:00,10.98,11.16,10.94,11.13,71817,0
2017-09-20,22:00:00,11.11,11.185,10.85,11.16,125889,0
2017-09-21,16:00:00,11.23,11.4032,10.7131,10.8023,65964,0
2017-09-21,17:00:00,10.8,10.86,10.562,10.81,53895,0
2017-09-21,18:00:00,10.8267,10.97,10.76,10.94,13005,0
2017-09-21,19:00:00,10.95,11.01,10.83,10.93,23626,0
2017-09-21,20:00:00,10.91,10.95,10.83,10.87,48497,0
2017-09-21,21:00:00,10.87,10.89,10.5879,10.63,26203,0
2017-09-21,22:00:00,10.62,10.6859,10.44,10.48,63500,0
2017-09-22,16:00:00,10.46,10.58,10.41,10.51,9525,0
2017-09-22,17:00:00,10.46,10.68,10.41,10.62,27772,0
2017-09-22,18:00:00,10.66,10.69,10.5172,10.59,12603,0
2017-09-22,19:00:00,10.6,10.6,10.53,10.6,8780,0
2017-09-22,20:00:00,10.6,10.6,10.55,10.6,11080,0
2017-09-22,21:00:00,10.6,10.6,10.52,10.58,8533,0
2017-09-22,22:00:00,10.58,10.66,10.5321,10.63,64047,0
2017-09-25,16:00:00,10.63,10.82,10.6,10.71,9888,0
2017-09-25,17:00:00,10.749,10.91,10.69,10.69,14252,0
2017-09-25,18:00:00,10.69,10.99,10.64,10.955,8423,0
2017-09-25,19:00:00,10.94,11.12,10.85,11.1,17236,0
2017-09-25,20:00:00,11.1,11.16,10.89,10.96,28094,0
2017-09-25,21:00:00,10.95,10.96,10.83,10.9,31525,0
2017-09-25,22:00:00,10.9,10.92,10.75,10.82,58279,0
2017-09-26,16:00:00,10.83,10.97,10.6625,10.6625,4368,0
2017-09-26,17:00:00,10.655,10.86,10.655,10.745,23241,0
2017-09-26,18:00:00,10.785,10.88,10.74,10.75,21774,0
2017-09-26,19:00:00,10.74,10.77,10.62,10.636,4830,0
2017-09-26,20:00:00,10.63,10.71,10.605,10.71,7716,0
2017-09-26,21:00:00,10.69,10.69,10.52,10.53,11168,0
2017-09-26,22:00:00,10.53,10.69,10.53,10.64,50207,0
2017-09-27,16:00:00,10.67,10.84,10.554,10.76,7402,0
2017-09-27,17:00:00,10.78,11,10.65,11,53603,0
2017-09-27,18:00:00,10.9688,11.065,10.96,10.96,12538,0
2017-09-27,19:00:00,10.975,11.02,10.92,10.99,10534,0
2017-09-27,20:00:00,11.04,11.15,10.92,11.14,17400,0
2017-09-27,21:00:00,11.11,11.14,10.93,11.01,20006,0
2017-09-27,22:00:00,11.01,11.02,10.91,10.96,38843,0
2017-09-28,16:00:00,10.92,11.09,10.755,11.01,3852,0
2017-09-28,17:00:00,11.08,11.18,10.995,10.995,7700,0
2017-09-28,18:00:00,11.02,11.11,10.99,11.11,6001,0
2017-09-28,19:00:00,11.14,11.14,10.9801,10.9801,7000,0
2017-09-28,20:00:00,10.99,11.13,10.97,11.02,10840,0
2017-09-28,21:00:00,11.04,11.06,10.96,10.9601,7466,0
2017-09-28,22:00:00,10.99,11,10.8,10.88,95448,0
2017-09-29,16:00:00,10.94,11.02,10.92,11,4572,0
2017-09-29,17:00:00,10.99,11.12,10.96,11.02,7842,0
2017-09-29,18:00:00,11.03,11.19,10.98,11.115,25820,0
2017-09-29,19:00:00,11.12,11.2,11.1,11.14,5826,0
2017-09-29,20:00:00,11.1586,11.1586,11.03,11.065,11312,0
2017-09-29,21:00:00,11.09,11.1,11.02,11.02,10000,0
2017-09-29,22:00:00,11.02,11.11,10.97,10.98,77551,0
2017-10-02,16:00:00,10.98,11.17,10.891,11.09,7298,0
2017-10-02,17:00:00,11.1068,11.37,11.09,11.3,14000,0
2017-10-02,18:00:00,11.31,11.4,11.19,11.34,40657,0
2017-10-02,19:00:00,11.33,11.45,11.25,11.41,10423,0
2017-10-02,20:00:00,11.4,11.54,11.39,11.5,17806,0
2017-10-02,21:00:00,11.5,11.81,11.41,11.81,77557,0
2017-10-02,22:00:00,11.8148,12.01,11.7494,11.99,64269,0
2017-10-03,16:00:00,12.05,12.1,11.54,11.74,20314,0
2017-10-03,17:00:00,11.75,11.79,11.53,11.555,37741,0
2017-10-03,18:00:00,11.56,11.59,11.47,11.55,19721,0
2017-10-03,19:00:00,11.59,11.7,11.53,11.54,7200,0
2017-10-03,20:00:00,11.58,11.63,11.55,11.6,4337,0
2017-10-03,21:00:00,11.6,11.73,11.6,11.72,9025,0
2017-10-03,22:00:00,11.72,11.8,11.62,11.78,68250,0
2017-10-04,16:00:00,11.7,11.88,11.7,11.88,3613,0
2017-10-04,17:00:00,11.9,12.01,11.8,11.84,13528,0
2017-10-04,18:00:00,11.83,11.91,11.75,11.91,9089,0
2017-10-04,19:00:00,11.87,11.87,11.7,11.7,18754,0
2017-10-04,20:00:00,11.7,11.73,11.62,11.6216,7667,0
2017-10-04,21:00:00,11.64,11.6996,11.64,11.69,3110,0
2017-10-04,22:00:00,11.68,11.69,11.62,11.67,23315,0
2017-10-05,16:00:00,11.68,11.78,11.5501,11.61,9922,0
2017-10-05,17:00:00,11.58,11.73,11.47,11.47,10120,0
2017-10-05,18:00:00,11.48,11.55,11.45,11.5,13671,0
2017-10-05,19:00:00,11.5,11.63,11.44,11.48,11640,0
2017-10-05,20:00:00,11.48,11.57,11.48,11.5691,8548,0
2017-10-05,21:00:00,11.56,11.565,11.51,11.545,11711,0
2017-10-05,22:00:00,11.54,11.55,11.45,11.48,65538,0
2017-10-06,16:00:00,11.48,11.7,11.45,11.62,6709,0
2017-10-06,17:00:00,11.62,11.63,11.41,11.425,13245,0
2017-10-06,18:00:00,11.41,11.48,11.3367,11.44,16200,0
2017-10-06,19:00:00,11.43,11.5,11.43,11.46,5045,0
2017-10-06,20:00:00,11.4101,11.585,11.34,11.51,45617,0
2017-10-06,21:00:00,11.52,11.75,11.48,11.75,60872,0
2017-10-06,22:00:00,11.75,11.77,11.65,11.69,22977,0
2017-10-09,16:00:00,11.72,11.765,11.42,11.42,3737,0
2017-10-09,17:00:00,11.47,11.7,11.41,11.665,133800,0
2017-10-09,18:00:00,11.675,11.81,11.61,11.7238,59931,0
2017-10-09,19:00:00,11.7,11.73,11.58,11.6,9041,0
2017-10-09,20:00:00,11.585,11.585,11.5,11.57,16620,0
2017-10-09,21:00:00,11.565,11.565,11.45,11.485,15066,0
2017-10-09,22:00:00,11.485,11.51,11.35,11.36,54763,0
2017-10-10,16:00:00,11.51,11.51,11.4,11.402,20780,0
2017-10-10,17:00:00,11.41,11.41,11.26,11.4,12264,0
2017-10-10,18:00:00,11.42,11.48,11.41,11.42,2300,0
2017-10-10,19:00:00,11.39,11.4635,11.34,11.44,17711,0
2017-10-10,20:00:00,11.5,11.5,11.38,11.38,2360,0
2017-10-10,21:00:00,11.44,11.44,11.4,11.41,1560,0
2017-10-10,22:00:00,11.45,11.5,11.37,11.42,29195,0
2017-10-11,16:00:00,11.385,11.48,11.385,11.43,1100,0
2017-10-11,17:00:00,11.46,11.48,11.24,11.32,15063,0
2017-10-11,18:00:00,11.32,11.39,11.23,11.23,6300,0
2017-10-11,19:00:00,11.2447,11.3,11.1601,11.3,9630,0
2017-10-11,20:00:00,11.32,11.39,11.27,11.38,16233,0
2017-10-11,21:00:00,11.36,11.42,11.3,11.42,6196,0
2017-10-11,22:00:00,11.43,11.52,11.35,11.38,102757,0
2017-10-12,16:00:00,12.47,12.5548,11.72,11.75,50811,0
2017-10-12,17:00:00,11.75,11.98,11.58,11.82,117269,0
2017-10-12,18:00:00,11.78,11.82,11.6927,11.71,21031,0
2017-10-12,19:00:00,11.7,11.73,11.62,11.65,33493,0
2017-10-12,20:00:00,11.63,11.63,11.41,11.41,5299,0
2017-10-12,21:00:00,11.41,11.73,11.38,11.73,20093,0
2017-10-12,22:00:00,11.72,11.73,11.59,11.59,32509,0
2017-10-13,16:00:00,11.63,11.63,11.25,11.25,64547,0
2017-10-13,17:00:00,11.25,11.515,11.21,11.49,18579,0
2017-10-13,18:00:00,11.46,11.545,11.44,11.44,54107,0
2017-10-13,19:00:00,11.45,11.45,11.31,11.38,20922,0
2017-10-13,20:00:00,11.41,11.44,11.39,11.4217,4060,0
2017-10-13,21:00:00,11.43,11.48,11.42,11.48,5454,0
2017-10-13,22:00:00,11.49,11.53,11.33,11.34,35061,0
2017-10-16,16:00:00,11.4,11.57,11.4,11.51,9002,0
2017-10-16,17:00:00,11.51,11.5889,11.475,11.48,43290,0
2017-10-16,18:00:00,11.44,11.45,11.26,11.26,4023,0
2017-10-16,19:00:00,11.279,11.279,11.051,11.18,8893,0
2017-10-16,20:00:00,11.21,11.36,11.14,11.35,19191,0
2017-10-16,21:00:00,11.335,11.38,11.269,11.34,10630,0
2017-10-16,22:00:00,11.34,11.45,11.31,11.38,33489,0
2017-10-17,16:00:00,11.37,11.74,11.37,11.4881,108398,0
2017-10-17,17:00:00,11.53,11.59,11.4435,11.4744,12110,0
2017-10-17,18:00:00,11.49,11.51,11.31,11.365,27461,0
2017-10-17,19:00:00,11.32,11.56,11.241,11.54,33650,0
2017-10-17,20:00:00,11.55,11.59,11.42,11.47,39908,0
2017-10-17,21:00:00,11.47,11.47,11.23,11.35,8330,0
2017-10-17,22:00:00,11.35,11.49,11.32,11.43,44761,0
2017-10-18,16:00:00,11.34,11.48,11.0942,11.435,11821,0
2017-10-18,17:00:00,11.49,11.53,11.26,11.26,41872,0
2017-10-18,18:00:00,11.2457,11.3499,11.19,11.29,6800,0
2017-10-18,19:00:00,11.29,11.36,11.26,11.26,4183,0
2017-10-18,20:00:00,11.3,11.32,11.25,11.26,3240,0
2017-10-18,21:00:00,11.26,11.34,11.26,11.3016,6694,0
2017-10-18,22:00:00,11.34,11.37,11.28,11.33,21348,0
2017-10-19,16:00:00,11.22,11.36,11.1867,11.225,27127,0
2017-10-19,17:00:00,11.16,11.2,11.04,11.18,8895,0
2017-10-19,18:00:00,11.11,11.11,10.9801,10.9917,10824,0
2017-10-19,19:00:00,10.9975,11.09,10.95,11.06,3855,0
2017-10-19,20:00:00,11.08,11.12,11.06,11.07,1900,0
2017-10-19,21:00:00,11.0731,11.08,10.94,11.01,18674,0
2017-10-19,22:00:00,11.02,11.06,10.99,11.01,24109,0
2017-10-20,16:00:00,11.12,11.12,10.89,10.91,14651,0
2017-10-20,17:00:00,10.9,11,10.89,10.97,8300,0
2017-10-20,18:00:00,10.9736,11.15,10.97,11.07,15672,0
2017-10-20,19:00:00,11.03,11.145,11.03,11.145,1900,0
2017-10-20,20:00:00,11.12,11.16,11.03,11.03,4846,0
2017-10-20,21:00:00,11.02,11.05,10.99,10.99,2016,0
2017-10-20,22:00:00,10.96,11.03,10.93,10.97,21895,0
2017-10-23,16:00:00,11,11.06,10.94,11,43537,0
2017-10-23,17:00:00,11,11,10.77,10.92,17196,0
2017-10-23,18:00:00,10.91,10.91,10.63,10.85,6952,0
2017-10-23,19:00:00,10.84,10.9,10.825,10.9,23149,0
2017-10-23,20:00:00,10.96,10.96,10.86,10.915,10710,0
2017-10-23,21:00:00,10.95,10.95,10.705,10.74,4961,0
2017-10-23,22:00:00,10.7,10.74,10.58,10.64,55993,0
2017-10-24,16:00:00,10.63,10.63,10.4,10.4,6379,0
2017-10-24,17:00:00,10.424,10.67,10.41,10.64,6537,0
2017-10-24,18:00:00,10.62,10.76,10.55,10.7,53039,0
2017-10-24,19:00:00,10.75,10.78,10.63,10.63,5000,0
2017-10-24,20:00:00,10.62,10.74,10.62,10.7166,7500,0
2017-10-24,21:00:00,10.72,10.72,10.567,10.62,66478,0
2017-10-24,22:00:00,10.6,10.605,10.48,10.49,26290,0
2017-10-25,16:00:00,10.49,10.5898,10.36,10.55,1433,0
2017-10-25,17:00:00,10.52,10.6091,10.45,10.55,8080,0
2017-10-25,18:00:00,10.55,10.6,10.34,10.38,10311,0
2017-10-25,19:00:00,10.37,10.48,10.35,10.43,50200,0
2017-10-25,20:00:00,10.47,10.56,10.4595,10.53,5302,0
2017-10-25,21:00:00,10.52,10.52,10.33,10.36,7868,0
2017-10-25,22:00:00,10.34,10.455,10.34,10.37,13540,0
2017-10-26,16:00:00,10.33,10.41,10.1307,10.39,18626,0
2017-10-26,17:00:00,10.39,10.47,10.31,10.44,7006,0
2017-10-26,18:00:00,10.46,10.51,10.4006,10.4006,5751,0
2017-10-26,19:00:00,10.46,10.46,10.38,10.38,1400,0
2017-10-26,20:00:00,10.36,10.36,10.25,10.29,9033,0
2017-10-26,21:00:00,10.28,10.3,9.92,10.07,30227,0
2017-10-26,22:00:00,10.07,10.08,9.95,9.99,49864,0
2017-10-27,16:00:00,9.96,10.185,9.96,10.185,5218,0
2017-10-27,17:00:00,10.25,10.34,10.1,10.24,18226,0
2017-10-27,18:00:00,10.27,10.309,10.05,10.17,6359,0
2017-10-27,19:00:00,10.17,10.28,10.1,10.22,5363,0
2017-10-27,20:00:00,10.245,10.28,10.21,10.24,3900,0
2017-10-27,21:00:00,10.255,10.2843,10.16,10.27,11359,0
2017-10-27,22:00:00,10.305,10.32,10.14,10.16,38676,0
2017-10-30,15:00:00,10.12,10.35,10.0008,10.3,22019,0
2017-10-30,16:00:00,10.36,10.365,10.17,10.17,7977,0
2017-10-30,17:00:00,10.205,10.25,10.06,10.15,12822,0
2017-10-30,18:00:00,10.15,10.16,10.005,10.075,10550,0
2017-10-30,19:00:00,10.1175,10.19,10.01,10.01,13110,0
2017-10-30,20:00:00,10.11,10.2,9.94,10.15,11659,0
2017-10-30,21:00:00,10.15,10.28,10.11,10.22,36272,0
2017-10-31,15:00:00,10.28,10.42,10.25,10.25,5695,0
2017-10-31,16:00:00,10.26,10.26,10.135,10.19,5018,0
2017-10-31,17:00:00,10.22,10.22,10.05,10.12,5552,0
2017-10-31,18:00:00,10.13,10.171,10.08,10.0903,4368,0
2017-10-31,19:00:00,10.09,10.12,10.03,10.06,7930,0
2017-10-31,20:00:00,10.08,10.12,10.01,10.03,18009,0
2017-10-31,21:00:00,10.05,10.23,10.03,10.21,86632,0
2017-11-01,15:00:00,10.32,10.53,10.29,10.495,8050,0
2017-11-01,16:00:00,10.44,10.56,10.37,10.43,16612,0
2017-11-01,17:00:00,10.42,10.51,10.39,10.4,15344,0
2017-11-01,18:00:00,10.4,10.46,10.35,10.4,15223,0
2017-11-01,19:00:00,10.4,10.4842,10.3686,10.44,27910,0
2017-11-01,20:00:00,10.44,10.46,10.39,10.39,19331,0
2017-11-01,21:00:00,10.39,10.47,10.3,10.36,25677,0
2017-11-02,15:00:00,9.9,10.29,9.9,10.24,8906,0
2017-11-02,16:00:00,10.29,10.46,10.06,10.265,17536,0
2017-11-02,17:00:00,10.2895,10.44,10.26,10.36,17002,0
2017-11-02,18:00:00,10.295,10.5,10.295,10.4,24855,0
2017-11-02,19:00:00,10.31,10.58,10.3,10.45,21211,0
2017-11-02,20:00:00,10.455,10.57,10.41,10.57,16602,0
2017-11-02,21:00:00,10.55,10.59,10.44,10.49,50318,0
2017-11-03,15:00:00,10.45,10.63,10.44,10.57,4079,0
2017-11-03,16:00:00,10.58,10.71,10.52,10.5827,19196,0
2017-11-03,17:00:00,10.58,10.71,10.56,10.62,7309,0
2017-11-03,18:00:00,10.64,10.94,10.59,10.835,65556,0
2017-11-03,19:00:00,10.84,11.03,10.78,10.99,2009299,0
2017-11-03,20:00:00,10.98,11.48,10.96,11.41,23293,0
2017-11-03,21:00:00,11.4,11.48,11.14,11.23,116811,0
2017-11-06,16:00:00,11.09,11.35,11.09,11.19,11326,0
2017-11-06,17:00:00,11.2,11.33,11.19,11.305,10731,0
2017-11-06,18:00:00,11.28,11.53,11.28,11.45,16957,0
2017-11-06,19:00:00,11.44,11.65,11.392,11.58,26286,0
2017-11-06,20:00:00,11.56,11.65,11.52,11.53,16045,0
2017-11-06,21:00:00,11.52,11.59,11.42,11.5,22780,0
2017-11-06,22:00:00,11.47,11.48,11.18,11.2,52844,0
2017-11-07,16:00:00,11.29,11.56,11.26,11.51,36105,0
2017-11-07,17:00:00,11.57,11.57,11.345,11.345,21714,0
2017-11-07,19:00:00,11.03,11.06,10.96,11.01,12468,0
2017-11-07,20:00:00,10.99,11.005,10.82,10.8822,11939,0
2017-11-07,21:00:00,10.87,11.03,10.85,10.93,23982,0
2017-11-07,22:00:00,10.9,11.03,10.78,10.96,81155,0
2017-11-08,16:00:00,10.96,11.12,10.92,10.96,16753,0
2017-11-08,17:00:00,10.98,10.98,10.8675,10.95,16276,0
2017-11-08,18:00:00,11.02,11.02,10.8728,10.9,10900,0
2017-11-08,19:00:00,10.9,10.98,10.89,10.95,4100,0
2017-11-08,20:00:00,10.94,10.98,10.9,10.98,12057,0
2017-11-08,21:00:00,10.93,11.09,10.93,11,11100,0
2017-11-08,22:00:00,11.04,11.21,11.04,11.07,32121,0
2017-11-09,16:00:00,10.97,11.07,10.88,10.98,7613,0
2017-11-09,17:00:00,10.98,11.34,10.98,11.063,12171,0
2017-11-09,18:00:00,11.08,11.21,10.74,10.74,17187,0
2017-11-09,19:00:00,10.74,10.84,10.6,10.8,14287,0
2017-11-09,20:00:00,10.77,10.85,10.72,10.75,8397,0
2017-11-09,21:00:00,10.735,10.89,10.72,10.74,8319,0
2017-11-09,22:00:00,10.73,10.83,10.72,10.77,32022,0
2017-11-10,16:00:00,10.71,11.03,10.6412,10.95,10679,0
2017-11-10,17:00:00,10.86,11.03,10.81,10.99,6957,0
2017-11-10,18:00:00,10.96,11.08,10.94,11.02,2316,0
2017-11-10,19:00:00,11.01,11.01,10.69,10.69,12310,0
2017-11-10,20:00:00,10.7,10.865,10.66,10.82,8340,0
2017-11-10,21:00:00,10.8,11,10.76,10.97,6608,0
2017-11-10,22:00:00,11,11,10.89,10.91,36284,0
2017-11-13,16:00:00,10.84,10.86,10.6754,10.6754,9927,0
2017-11-13,17:00:00,10.74,10.81,10.7,10.735,6233,0
2017-11-13,18:00:00,10.69,10.7596,10.62,10.71,8747,0
2017-11-13,19:00:00,10.68,10.68,10.6,10.6,5179,0
2017-11-13,20:00:00,10.6,10.6,10.5,10.565,9644,0
2017-11-13,21:00:00,10.6,10.715,10.56,10.67,9000,0
2017-11-13,22:00:00,10.68,10.74,10.65,10.71,24183,0
2017-11-14,16:00:00,10.67,10.67,10.555,10.555,1244,0
2017-11-14,17:00:00,10.51,10.5599,10.38,10.51,28409,0
2017-11-14,18:00:00,10.49,10.515,10.3,10.3334,6312,0
2017-11-14,19:00:00,10.35,10.37,10.3053,10.35,6979,0
2017-11-14,20:00:00,10.38,10.46,10.32,10.33,15622,0
2017-11-14,21:00:00,10.3421,10.45,10.32,10.45,9454,0
2017-11-14,22:00:00,10.44,10.64,10.44,10.54,26926,0
2017-11-15,16:00:00,10.68,10.8442,10.57,10.79,26934,0
2017-11-15,17:00:00,10.84,11.35,10.79,11.234,36834,0
2017-11-15,18:00:00,11.27,11.4318,11.225,11.295,21691,0
2017-11-15,19:00:00,11.3,11.315,11.22,11.23,14070,0
2017-11-15,20:00:00,11.27,11.29,11.13,11.13,13823,0
2017-11-15,21:00:00,11.18,11.29,11.13,11.27,25714,0
2017-11-15,22:00:00,11.27,11.27,11.11,11.17,49831,0
2017-11-16,16:00:00,11.34,11.4,11.19,11.19,18725,0
2017-11-16,17:00:00,11.23,11.48,11.22,11.48,55001,0
2017-11-16,18:00:00,11.4601,11.5179,11.36,11.36,17683,0
2017-11-16,19:00:00,11.35,11.39,11.23,11.355,10784,0
2017-11-16,20:00:00,11.39,11.47,11.18,11.38,23034,0
2017-11-16,21:00:00,11.39,11.45,11.36,11.41,8192,0
2017-11-16,22:00:00,11.43,11.47,11.37,11.39,25495,0
2017-11-17,16:00:00,11.31,11.45,11.31,11.34,11363,0
2017-11-17,17:00:00,11.151,11.48,11.151,11.45,11858,0
2017-11-17,18:00:00,11.41,11.52,11.36,11.5,9399,0
2017-11-17,19:00:00,11.48,11.5,11.44,11.5,6724,0
2017-11-17,20:00:00,11.49,11.56,11.47,11.48,14895,0
2017-11-17,21:00:00,11.48,11.48,11.405,11.45,6498,0
2017-11-17,22:00:00,11.46,11.49,11.4,11.47,20522,0
2017-11-20,16:00:00,11.42,11.42,11.2028,11.24,10018,0
2017-11-20,17:00:00,11.28,11.36,11.2246,11.32,5669,0
2017-11-20,18:00:00,11.29,11.29,11.15,11.17,8195,0
2017-11-20,19:00:00,11.2,11.2,10.98,11,14891,0
2017-11-20,20:00:00,11.015,11.15,11.01,11.1,6682,0
2017-11-20,21:00:00,11.09,11.12,11.055,11.06,8498,0
2017-11-20,22:00:00,11.07,11.13,11.05,11.12,17189,0
2017-11-21,16:00:00,11.12,11.33,11.12,11.32,5692,0
2017-11-21,17:00:00,11.32,11.32,11.1,11.15,15495,0
2017-11-21,18:00:00,11.12,11.3,11.04,11.21,10200,0
2017-11-21,19:00:00,11.24,11.245,10.97,11.05,31947,0
2017-11-21,20:00:00,11.05,11.1,11.02,11.075,10017,0
2017-11-21,21:00:00,11.09,11.15,10.98,11.15,11709,0
2017-11-21,22:00:00,11.15,11.15,10.97,11.07,33720,0
2017-11-22,16:00:00,11.14,11.5,11.012,11.405,19370,0
2017-11-22,17:00:00,11.395,11.445,11.25,11.39,9949,0
2017-11-22,18:00:00,11.393,11.41,11.3,11.35,13331,0
2017-11-22,19:00:00,11.36,11.4,11.28,11.28,3514,0
2017-11-22,20:00:00,11.28,11.35,11.24,11.32,6336,0
2017-11-22,21:00:00,11.36,11.4465,11.29,11.44,2753,0
2017-11-22,22:00:00,11.45,11.45,11.32,11.33,18789,0
2017-11-24,16:00:00,11.4,11.47,11.19,11.19,4956,0
2017-11-24,17:00:00,11.15,11.36,11.15,11.3,4000,0
2017-11-24,18:00:00,11.3,11.3,11.21,11.25,4045,0
2017-11-24,19:00:00,11.22,11.36,11.21,11.23,8259,0
2017-11-24,20:00:00,11.23,11.23,11.23,11.23,5985,0
2017-11-27,16:00:00,11.23,11.37,11.23,11.37,3634,0
2017-11-27,17:00:00,11.44,11.44,11.26,11.26,5111,0
2017-11-27,18:00:00,11.25,11.26,11.22,11.26,4000,0
2017-11-27,19:00:00,11.25,11.27,11.21,11.25,5394,0
2017-11-27,20:00:00,11.29,11.37,11.26,11.27,8672,0
2017-11-27,21:00:00,11.27,11.29,11.24,11.27,2437,0
2017-11-27,22:00:00,11.2975,11.36,11.21,11.21,16197,0
2017-11-28,16:00:00,11.33,11.33,11.15,11.19,3939,0
2017-11-28,17:00:00,11.16,11.34,11.07,11.29,5250,0
2017-11-28,18:00:00,11.3364,11.355,11.28,11.32,4006,0
2017-11-28,19:00:00,11.29,11.29,11.2,11.2,2742,0
2017-11-28,20:00:00,11.18,11.2099,11.08,11.14,4132,0
2017-11-28,21:00:00,11.16,11.31,11.133,11.21,7114,0
2017-11-28,22:00:00,11.21,11.24,11.12,11.21,44486,0
2017-11-29,16:00:00,11.25,11.3,11.15,11.29,4357,0
2017-11-29,17:00:00,11.24,11.32,11.19,11.24,14615,0
2017-11-29,18:00:00,11.25,11.33,11.16,11.18,11600,0
2017-11-29,19:00:00,11.175,11.32,11.15,11.1925,14139,0
2017-11-29,20:00:00,11.17,11.27,11.1,11.14,9532,0
2017-11-29,21:00:00,11.11,11.18,11.11,11.12,6600,0
2017-11-29,22:00:00,11.14,11.21,11.08,11.16,17932,0
2017-11-30,16:00:00,11.27,11.28,11.06,11.25,8711,0
2017-11-30,17:00:00,11.23,11.29,11.2,11.22,12293,0
2017-11-30,18:00:00,11.25,11.31,11.21,11.22,8778,0
2017-11-30,19:00:00,11.25,11.25,11.13,11.18,16027,0
2017-11-30,20:00:00,11.1899,11.28,11.15,11.2149,30814,0
2017-11-30,21:00:00,11.2,11.28,11.17,11.24,14229,0
2017-11-30,22:00:00,11.23,11.28,11.17,11.19,100442,0
2017-12-01,16:00:00,11.24,11.35,11.14,11.14,14411,0
2017-12-01,17:00:00,11.14,11.3,11.14,11.2,17552,0
2017-12-01,18:00:00,11.18,11.21,10.5,10.88,45362,0
2017-12-01,19:00:00,11.02,11.07,10.889,11.07,6202,0
2017-12-01,20:00:00,11.07,11.39,11.07,11.2,7320,0
2017-12-01,21:00:00,11.17,11.19,11.1,11.17,7273,0
2017-12-01,22:00:00,11.16,11.27,11.16,11.26,15494,0
2017-12-04,16:00:00,11.25,11.7,11.055,11.58,24512,0
2017-12-04,17:00:00,11.54,11.59,11.31,11.5,11800,0
2017-12-04,18:00:00,11.49,11.61,11.43,11.48,9600,0
2017-12-04,19:00:00,11.515,11.54,11.47,11.47,9673,0
2017-12-04,20:00:00,11.49,11.55,11.34,11.35,9450,0
2017-12-04,21:00:00,11.34,11.38,11.2824,11.29,4850,0
2017-12-04,22:00:00,11.3088,11.3099,11.16,11.21,44233,0
2017-12-05,16:00:00,11.16,11.23,10.925,10.925,9206,0
2017-12-05,17:00:00,10.96,10.99,10.706,10.73,16505,0
2017-12-05,18:00:00,10.74,10.88,10.705,10.78,9713,0
2017-12-05,19:00:00,10.87,10.95,10.81,10.88,5300,0
2017-12-05,20:00:00,10.93,11.01,10.93,10.95,9435,0
2017-12-05,21:00:00,10.95,11,10.7,10.75,17797,0
2017-12-05,22:00:00,10.74,10.8,10.65,10.66,36915,0
2017-12-06,16:00:00,10.61,10.64,10.345,10.47,9262,0
2017-12-06,17:00:00,10.48,10.54,10.31,10.45,12169,0
2017-12-06,18:00:00,10.45,10.45,10.25,10.34,8755,0
2017-12-06,19:00:00,10.35,10.35,10.24,10.32,6377,0
2017-12-06,20:00:00,10.29,10.32,10.21,10.3,5130,0
2017-12-06,21:00:00,10.2901,10.42,10.2901,10.35,7890,0
2017-12-06,22:00:00,10.32,10.42,10.28,10.33,25518,0
2017-12-07,16:00:00,10.41,10.41,10.0801,10.32,21246,0
2017-12-07,17:00:00,10.34,10.535,10.3,10.41,11314,0
2017-12-07,18:00:00,10.4499,10.455,10.38,10.41,9574,0
2017-12-07,19:00:00,10.4,10.47,10.37,10.43,9571,0
2017-12-07,20:00:00,10.42,10.46,10.33,10.46,16622,0
2017-12-07,21:00:00,10.47,10.65,10.45,10.65,23057,0
2017-12-07,22:00:00,10.63,10.66,10.52,10.63,26143,0
2017-12-08,16:00:00,10.89,11.03,10.84,11,11737,0
2017-12-08,17:00:00,11.06,11.07,10.95,11.07,56272,0
2017-12-08,18:00:00,11.13,11.1832,11.1,11.16,17904,0
2017-12-08,19:00:00,11.19,11.34,11.08,11.14,26447,0
2017-12-08,20:00:00,11.16,11.18,11.01,11.01,7551,0
2017-12-08,21:00:00,11,11.16,11,11.11,9953,0
2017-12-08,22:00:00,11.134,11.2,11.03,11.11,59426,0
2017-12-11,16:00:00,11.15,11.29,10.81,10.81,28238,0
2017-12-11,17:00:00,10.92,11.09,10.845,10.86,14280,0
2017-12-11,18:00:00,10.83,10.89,10.68,10.84,16957,0
2017-12-11,19:00:00,10.83,10.9,10.815,10.87,4000,0
2017-12-11,20:00:00,10.84,10.87,10.5597,10.81,17522,0
2017-12-11,21:00:00,10.79,10.8,10.595,10.64,24151,0
2017-12-11,22:00:00,10.64,10.64,10.49,10.49,17908,0
2017-12-12,16:00:00,10.56,10.63,10.33,10.44,17353,0
2017-12-12,17:00:00,10.39,10.57,10.33,10.37,18279,0
2017-12-12,18:00:00,10.34,10.38,9.915,9.95,33509,0
2017-12-12,19:00:00,9.981,9.99,9.726,9.74,30983,0
2017-12-12,20:00:00,9.73,9.86,9.68,9.74,55808,0
2017-12-12,21:00:00,9.73,9.83,9.68,9.68,22708,0
2017-12-12,22:00:00,9.69,9.77,9.51,9.6,56535,0
2017-12-13,16:00:00,9.65,10.035,9.65,10,28670,0
2017-12-13,17:00:00,10,10,9.75,9.8,38817,0
2017-12-13,18:00:00,9.7948,9.83,9.75,9.79,11900,0
2017-12-13,19:00:00,9.805,9.81,9.74,9.8,8210,0
2017-12-13,20:00:00,9.84,9.85,9.7,9.7983,20101,0
2017-12-13,21:00:00,9.8,9.805,9.66,9.7,29486,0
2017-12-13,22:00:00,9.7,9.715,9.62,9.66,93186,0
2017-12-14,16:00:00,9.68,9.93,9.54,9.565,6026,0
2017-12-14,17:00:00,9.53,9.53,9.39,9.49,24965,0
2017-12-14,18:00:00,9.5,9.53,9.33,9.33,28796,0
2017-12-14,19:00:00,9.33,9.4,9.26,9.26,16821,0
2017-12-14,20:00:00,9.31,9.32,9.2,9.235,15126,0
2017-12-14,21:00:00,9.23,9.325,9.2,9.32,15106,0
2017-12-14,22:00:00,9.31,9.32,9.22,9.25,29108,0
2017-12-15,16:00:00,9.29,9.29,9.09,9.11,85900,0
2017-12-15,17:00:00,9.12,9.55,9.12,9.51,15060,0
2017-12-15,18:00:00,9.5,9.5,9.19,9.3,26075,0
2017-12-15,19:00:00,9.275,9.33,9.22,9.22,9508,0
2017-12-15,20:00:00,9.24,9.32,9.22,9.25,18699,0
2017-12-15,21:00:00,9.23,9.3125,9.21,9.24,35636,0
2017-12-15,22:00:00,9.2426,9.25,9.21,9.24,159528,0
2017-12-18,16:00:00,9.33,9.35,9.16,9.265,12314,0
2017-12-18,17:00:00,9.25,9.33,9.05,9.09,18571,0
2017-12-18,18:00:00,9.12,9.25,9.09,9.2,12564,0
2017-12-18,19:00:00,9.2,9.27,9.07,9.12,12940,0
2017-12-18,20:00:00,9.1093,9.2,9.09,9.18,9142,0
2017-12-18,21:00:00,9.19,9.27,9.16,9.22,7215,0
2017-12-18,22:00:00,9.2078,9.2186,9.1,9.15,25734,0
2017-12-19,16:00:00,9.14,9.21,9.0925,9.165,6586,0
2017-12-19,17:00:00,9.1587,9.2,9.13,9.165,35927,0
2017-12-19,18:00:00,9.165,9.165,9.06,9.1,15620,0
2017-12-19,19:00:00,9.14,9.14,9.08,9.11,7114,0
2017-12-19,20:00:00,9.1,9.11,9.09,9.105,19514,0
2017-12-19,21:00:00,9.1,9.105,9.01,9.06,35974,0
2017-12-19,22:00:00,9.06,9.15,9.05,9.15,30528,0
2017-12-20,16:00:00,9.13,9.34,9.13,9.23,5100,0
2017-12-20,17:00:00,9.15,9.23,9,9.21,169453,0
2017-12-20,18:00:00,9.2,9.24,9.17,9.2,22846,0
2017-12-20,19:00:00,9.2,9.22,9.14,9.17,32783,0
2017-12-20,20:00:00,9.17,9.21,9.13,9.18,6002,0
2017-12-20,21:00:00,9.2,9.21,9.18,9.2,15440,0
2017-12-20,22:00:00,9.2,9.21,9.12,9.18,35338,0
2017-12-21,16:00:00,9.15,9.25,9.03,9.03,10493,0
2017-12-21,17:00:00,9.01,9.23,9.01,9.23,13226,0
2017-12-21,18:00:00,9.23,9.35,9.18,9.31,29028,0
2017-12-21,19:00:00,9.32,9.32,9.17,9.21,21733,0
2017-12-21,20:00:00,9.21,9.35,9.18,9.33,21088,0
2017-12-21,21:00:00,9.34,9.38,9.26,9.34,37043,0
2017-12-21,22:00:00,9.33,9.5,9.33,9.43,43547,0
2017-12-22,16:00:00,9.44,9.54,9.33,9.455,36066,0
2017-12-22,17:00:00,9.43,9.6,9.37,9.6,31906,0
2017-12-22,18:00:00,9.6,9.78,9.595,9.74,64277,0
2017-12-22,19:00:00,9.74,9.9,9.7,9.81,36921,0
2017-12-22,20:00:00,9.81,9.95,9.705,9.72,28069,0
2017-12-22,21:00:00,9.7,9.85,9.7,9.735,22927,0
2017-12-22,22:00:00,9.735,9.84,9.64,9.8,66870,0
2017-12-26,16:00:00,9.85,9.86,9.59,9.59,20854,0
2017-12-26,17:00:00,9.61,9.73,9.48,9.6,23076,0
2017-12-26,18:00:00,9.65,9.73,9.58,9.71,15200,0
2017-12-26,19:00:00,9.72,9.74,9.66,9.7,10796,0
2017-12-26,20:00:00,9.68,9.71,9.64,9.68,8890,0
2017-12-26,21:00:00,9.65,9.71,9.6,9.67,60285,0
2017-12-26,22:00:00,9.675,9.7,9.6,9.61,75443,0
2017-12-27,16:00:00,9.53,9.75,9.53,9.7,58688,0
2017-12-27,17:00:00,9.69,9.7,9.6,9.6,5867,0
2017-12-27,18:00:00,9.58,9.72,9.5484,9.72,10305,0
2017-12-27,19:00:00,9.7,9.75,9.66,9.7,9335,0
2017-12-27,20:00:00,9.7,9.7,9.57,9.59,19380,0
2017-12-27,21:00:00,9.57,9.75,9.52,9.6701,46354,0
2017-12-27,22:00:00,9.7,9.79,9.63,9.67,77206,0
2017-12-28,16:00:00,9.65,9.865,9.63,9.75,5599,0
2017-12-28,17:00:00,9.75,9.79,9.6575,9.7,7137,0
2017-12-28,18:00:00,9.73,9.87,9.712,9.84,10504,0
2017-12-28,19:00:00,9.84,9.93,9.8,9.91,14645,0
2017-12-28,20:00:00,9.91,10,9.91,9.99,8150,0
2017-12-28,21:00:00,9.98,9.98,9.785,9.79,9489,0
2017-12-28,22:00:00,9.81,9.88,9.71,9.79,41295,0
2017-12-29,16:00:00,9.8,9.89,9.65,9.7,8934,0
2017-12-29,17:00:00,9.69,9.88,9.69,9.76,8089,0
2017-12-29,18:00:00,9.78,9.82,9.74,9.75,9700,0
2017-12-29,19:00:00,9.76,9.86,9.76,9.79,5897,0
2017-12-29,20:00:00,9.81,9.83,9.73,9.78,19890,0
2017-12-29,21:00:00,9.74,9.82,9.67,9.69,13678,0
2017-12-29,22:00:00,9.69,9.69,9.55,9.6,40995,0
2018-01-02,16:00:00,9.75,9.82,9.56,9.81,6278,0
2018-01-02,17:00:00,9.7,9.92,9.69,9.815,8847,0
2018-01-02,18:00:00,9.85,9.95,9.83,9.9,8250,0
2018-01-02,19:00:00,9.87,9.94,9.81,9.91,6450,0
2018-01-02,20:00:00,9.91,9.91,9.8,9.91,7400,0
2018-01-02,21:00:00,9.88,9.96,9.82,9.86,27450,0
2018-01-02,22:00:00,9.86,9.96,9.83,9.92,30425,0
2018-01-03,16:00:00,9.94,10,9.83,9.85,159365,0
2018-01-03,17:00:00,9.85,10.35,9.85,10.19,83192,0
2018-01-03,18:00:00,10.2399,10.29,9.92,10.01,38355,0
2018-01-03,19:00:00,10,10.09,9.87,10,11895,0
2018-01-03,20:00:00,10.05,10.18,10.05,10.1,9851,0
2018-01-03,21:00:00,10.08,10.31,10.02,10.31,128598,0
2018-01-03,22:00:00,10.26,10.26,10.03,10.1,75621,0
2018-01-04,16:00:00,10.17,10.25,10,10.07,7598,0
2018-01-04,17:00:00,10.09,10.2,9.91,10.16,13264,0
2018-01-04,18:00:00,10.14,10.24,10,10.21,14900,0
2018-01-04,19:00:00,10.22,10.25,10.12,10.25,6950,0
2018-01-04,20:00:00,10.25,10.425,10.21,10.39,23039,0
2018-01-04,21:00:00,10.39,10.41,10.23,10.255,20161,0
2018-01-04,22:00:00,10.24,10.28,10.17,10.17,28171,0
2018-01-05,16:00:00,10.14,10.28,10.06,10.13,9361,0
2018-01-05,17:00:00,10.07,10.3,10.07,10.26,19110,0
2018-01-05,18:00:00,10.28,10.4,10.17,10.37,12400,0
2018-01-05,19:00:00,10.38,10.38,10.22,10.27,15977,0
2018-01-05,20:00:00,10.23,10.24,10.11,10.12,8296,0
2018-01-05,21:00:00,10.12,10.18,10.07,10.13,13950,0
2018-01-05,22:00:00,10.12,10.26,10.11,10.25,38338,0
2018-01-08,16:00:00,10.25,10.29,10.02,10.02,5828,0
2018-01-08,17:00:00,10.055,10.12,9.92,10.07,12150,0
2018-01-08,18:00:00,10.056,10.14,10.03,10.13,11050,0
2018-01-08,19:00:00,10.08,10.12,9.96,10.06,8742,0
2018-01-08,20:00:00,10.08,10.19,10.05,10.13,4800,0
2018-01-08,21:00:00,10.16,10.19,10.07,10.07,3650,0
2018-01-08,22:00:00,10.07,10.17,10.05,10.06,21317,0
2018-01-09,16:00:00,10.07,10.315,9.98,10.13,7660,0
2018-01-09,17:00:00,10.04,10.13,10.01,10.1059,14891,0
2018-01-09,18:00:00,10.15,10.18,10.11,10.17,3558,0
2018-01-09,19:00:00,10.12,10.27,10.105,10.2234,6800,0
2018-01-09,20:00:00,10.22,10.26,10.15,10.1966,6333,0
2018-01-09,21:00:00,10.21,10.28,10.175,10.2,21149,0
2018-01-09,22:00:00,10.18,10.24,10.07,10.08,40295,0
2018-01-10,16:00:00,10.04,10.07,9.91,9.9647,12845,0
2018-01-10,17:00:00,9.92,10.04,9.92,9.96,8939,0
2018-01-10,18:00:00,10,10.09,10,10.09,2200,0
2018-01-10,19:00:00,10.12,10.12,9.9843,10.01,20330,0
2018-01-10,20:00:00,10.02,10.04,9.99,10.015,13805,0
2018-01-10,21:00:00,10,10.0259,9.95,9.985,13793,0
2018-01-10,22:00:00,10,10.08,10,10.01,37372,0
2018-01-11,16:00:00,10.09,10.1,9.92,9.96,14317,0
2018-01-11,17:00:00,9.99,10.06,9.78,10,25807,0
2018-01-11,18:00:00,10.07,10.07,9.91,10,9024,0
2018-01-11,19:00:00,10.02,10.08,9.99,10.03,22300,0
2018-01-11,20:00:00,10.07,10.09,9.92,10.03,59075,0
2018-01-11,21:00:00,10.05,10.4,10.02,10.39,39885,0
2018-01-11,22:00:00,10.39,10.58,10.34,10.52,58050,0
2018-01-12,16:00:00,10.47,10.56,10.27,10.56,6848,0
2018-01-12,17:00:00,10.62,11.08,10.52,11.08,36619,0
2018-01-12,18:00:00,11.08,11.17,10.91,10.998,47811,0
2018-01-12,19:00:00,10.9301,10.965,10.73,10.7701,15923,0
2018-01-12,20:00:00,10.7801,11.09,10.71,10.74,20880,0
2018-01-12,21:00:00,10.79,10.8,10.58,10.65,9482,0
2018-01-12,22:00:00,10.65,10.84,10.59,10.78,39816,0
2018-01-16,16:00:00,10.97,10.97,10.87,10.93,9701,0
2018-01-16,17:00:00,10.906,10.94,10.62,10.62,20032,0
2018-01-16,18:00:00,10.6084,10.6084,10.28,10.3264,167321,0
2018-01-16,19:00:00,10.31,10.31,9.95,10.01,16281,0
2018-01-16,20:00:00,10,10.13,9.99,10.04,13885,0
2018-01-16,21:00:00,10.06,10.1,9.9,10.03,14442,0
2018-01-16,22:00:00,10.07,10.17,10.03,10.04,66864,0
2018-01-17,16:00:00,10.18,10.27,10.04,10.095,4671,0
2018-01-17,17:00:00,10.03,10.16,10.01,10.13,10901,0
2018-01-17,18:00:00,10.1,10.17,10,10.05,8070,0
2018-01-17,19:00:00,10.02,10.13,10.02,10.03,23545,0
2018-01-17,20:00:00,10.08,10.15,10.01,10.04,6920,0
2018-01-17,21:00:00,10.07,10.3081,10.06,10.24,13194,0
2018-01-17,22:00:00,10.26,10.26,10.13,10.18,28618,0
2018-01-18,16:00:00,10.15,10.15,9.825,10.01,11449,0
2018-01-18,17:00:00,9.98,10.12,9.98,9.98,5639,0
2018-01-18,18:00:00,10.03,10.17,10,10.12,7400,0
2018-01-18,19:00:00,10.12,10.15,10.08,10.1,8011,0
2018-01-18,20:00:00,10.08,10.16,10.06,10.135,53613,0
2018-01-18,21:00:00,10.13,10.14,10.05,10.05,37300,0
2018-01-18,22:00:00,10.05,10.09,9.98,10,18921,0
2018-01-19,16:00:00,9.95,10.155,9.83,9.9,8664,0
2018-01-19,17:00:00,9.9,10.06,9.8929,10,21265,0
2018-01-19,18:00:00,9.98,10.02,9.98,9.99,1500,0
2018-01-19,19:00:00,10.03,10.06,9.99,10,8500,0
2018-01-19,20:00:00,9.99,10.03,9.9,9.91,12665,0
2018-01-19,21:00:00,9.92,10.05,9.92,10,7106,0
2018-01-19,22:00:00,10.0074,10.02,9.96,10.01,15299,0
2018-01-22,16:00:00,10.05,10.6591,10.05,10.15,15260,0
2018-01-22,17:00:00,10.12,10.23,10.12,10.17,18277,0
2018-01-22,18:00:00,10.15,10.16,10.01,10.03,17866,0
2018-01-22,19:00:00,10.04,10.14,9.98,9.98,26804,0
2018-01-22,20:00:00,10.02,10.4,10.0165,10.38,21844,0
2018-01-22,21:00:00,10.36,10.41,10.18,10.2179,31787,0
2018-01-22,22:00:00,10.2,10.28,10.07,10.27,78677,0
2018-01-23,16:00:00,10.24,10.65,10.15,10.56,7649,0
2018-01-23,17:00:00,10.5532,10.5532,10.355,10.45,11317,0
2018-01-23,18:00:00,10.45,10.81,10.435,10.71,22944,0
2018-01-23,19:00:00,10.72,10.94,10.695,10.79,15731,0
2018-01-23,20:00:00,10.85,10.94,10.75,10.75,10825,0
2018-01-23,21:00:00,10.77,10.89,10.74,10.89,10208,0
2018-01-23,22:00:00,10.9,10.9,10.71,10.78,34031,0
2018-01-24,16:00:00,10.77,10.88,10.71,10.78,7701,0
2018-01-24,17:00:00,10.775,10.79,10.56,10.56,7053,0
2018-01-24,18:00:00,10.58,10.65,10.45,10.64,11599,0
2018-01-24,19:00:00,10.61,10.66,10.51,10.6,3500,0
2018-01-24,20:00:00,10.61,10.62,10.515,10.59,4409,0
2018-01-24,21:00:00,10.61,10.65,10.54,10.61,4502,0
2018-01-24,22:00:00,10.58,10.59,10.45,10.45,17621,0
2018-01-25,16:00:00,10.87,10.87,10.623,10.765,20070,0
2018-01-25,17:00:00,10.725,10.89,10.6601,10.89,10608,0
2018-01-25,18:00:00,10.89,11.3,10.87,11.22,41892,0
2018-01-25,19:00:00,11.2298,11.35,11.1,11.34,28431,0
2018-01-25,20:00:00,11.325,11.72,11.29,11.63,57548,0
2018-01-25,21:00:00,11.57,11.73,11.51,11.65,37931,0
2018-01-25,22:00:00,11.57,11.89,11.55,11.8,75098,0
2018-01-26,16:00:00,11.98,12.17,11.76,12.14,31584,0
2018-01-26,17:00:00,12.13,12.49,12.06,12.26,73964,0
2018-01-26,18:00:00,12.25,12.65,12.25,12.25,72108,0
2018-01-26,19:00:00,12.25,12.35,12.09,12.24,26952,0
2018-01-26,20:00:00,12.24,12.27,12.07,12.18,16870,0
2018-01-26,21:00:00,12.16,12.22,12.13,12.14,11766,0
2018-01-26,22:00:00,12.13,12.29,12.05,12.28,43576,0
2018-01-29,16:00:00,12.15,12.56,12,12.48,48455,0
2018-01-29,17:00:00,12.45,12.64,12.25,12.61,23100,0
2018-01-29,18:00:00,12.64,12.78,12.235,12.235,44049,0
2018-01-29,19:00:00,12.2335,12.305,12.03,12.17,39419,0
2018-01-29,20:00:00,12.12,12.415,12.0777,12.36,14200,0
2018-01-29,21:00:00,12.34,12.5,12.29,12.49,19419,0
2018-01-29,22:00:00,12.5,12.57,12.38,12.43,52394,0
2018-01-30,16:00:00,12.32,12.45,12.16,12.165,12932,0
2018-01-30,17:00:00,12.1401,12.28,12.1,12.24,42198,0
2018-01-30,18:00:00,12.26,12.27,11.9,11.9,15485,0
2018-01-30,19:00:00,11.935,12.045,11.7111,11.81,15648,0
2018-01-30,20:00:00,11.82,11.96,11.73,11.895,20304,0
2018-01-30,21:00:00,11.91,11.93,11.785,11.7975,16516,0
2018-01-30,22:00:00,11.8,12.08,11.79,11.99,73264,0
2018-01-31,16:00:00,12.07,12.19,11.51,11.95,18901,0
2018-01-31,17:00:00,11.88,12,11.825,11.94,13174,0
2018-01-31,18:00:00,11.97,12.14,11.9,12.085,12694,0
2018-01-31,19:00:00,12.11,12.2,12.01,12.0639,11150,0
2018-01-31,20:00:00,12.01,12.09,11.95,12.015,15650,0
2018-01-31,21:00:00,11.99,12.03,11.91,11.92,14184,0
2018-01-31,22:00:00,11.975,11.975,11.8,11.82,29397,0
2018-02-01,16:00:00,11.81,11.91,11.67,11.82,3635,0
2018-02-01,17:00:00,11.77,11.83,11.5,11.55,13483,0
2018-02-01,18:00:00,11.665,11.69,11.53,11.58,3975,0
2018-02-01,19:00:00,11.57,11.77,11.55,11.72,5356,0
2018-02-01,20:00:00,11.79,11.81,11.65,11.67,6125,0
2018-02-01,21:00:00,11.71,11.74,11.6,11.66,4686,0
2018-02-01,22:00:00,11.72,11.83,11.62,11.78,39409,0
2018-02-02,16:00:00,11.7,11.715,11.53,11.6416,2574,0
2018-02-02,17:00:00,11.51,11.7,11.4316,11.5744,8091,0
2018-02-02,18:00:00,11.55,11.75,11.53,11.69,7473,0
2018-02-02,19:00:00,11.675,11.91,11.67,11.67,6700,0
2018-02-02,20:00:00,11.6,11.8,11.6,11.75,5150,0
2018-02-02,21:00:00,11.78,11.85,11.69,11.73,7400,0
2018-02-02,22:00:00,11.7,11.77,11.56,11.66,52247,0
2018-02-05,16:00:00,11.5,11.76,10.801,11.6,22637,0
2018-02-05,17:00:00,11.55,11.75,11.54,11.6,12094,0
2018-02-05,18:00:00,11.55,11.74,11.36,11.74,16135,0
2018-02-05,19:00:00,11.7,11.82,11.51,11.59,33722,0
2018-02-05,20:00:00,11.55,11.63,11.47,11.63,7850,0
2018-02-05,21:00:00,11.61,11.61,11.385,11.49,21076,0
2018-02-05,22:00:00,11.355,11.58,11.19,11.2,42981,0
2018-02-06,16:00:00,10.88,11.6161,10.87,11.41,11959,0
2018-02-06,17:00:00,11.4,11.56,11.1465,11.41,15490,0
2018-02-06,18:00:00,11.28,11.5,11.161,11.5,11052,0
2018-02-06,19:00:00,11.39,11.61,11.31,11.54,16245,0
2018-02-06,20:00:00,11.46,11.53,11.4,11.5,8531,0
2018-02-06,21:00:00,11.5,12.15,11.5,12.15,312815,0
2018-02-06,22:00:00,12.18,12.62,12.12,12.49,91357,0
2018-02-07,16:00:00,12.64,12.69,12.19,12.58,24490,0
2018-02-07,17:00:00,12.6,12.69,12.3,12.58,28478,0
2018-02-07,18:00:00,12.545,12.68,12.5,12.55,26074,0
2018-02-07,19:00:00,12.6125,12.64,12.305,12.42,116020,0
2018-02-07,20:00:00,12.42,12.685,12.41,12.685,16390,0
2018-02-07,21:00:00,12.66,13.04,12.62,12.89,74484,0
2018-02-07,22:00:00,12.9,13.35,12.9,13.11,116618,0
2018-02-08,16:00:00,13.2,13.35,13,13.27,10933,0
2018-02-08,17:00:00,13.27,13.95,13.16,13.77,62055,0
2018-02-08,18:00:00,13.88,13.92,13.54,13.79,32200,0
2018-02-08,19:00:00,13.77,13.8752,13.46,13.57,22253,0
2018-02-08,20:00:00,13.605,14.0399,13.53,13.7901,47642,0
2018-02-08,21:00:00,13.82,13.94,13.6727,13.94,31729,0
2018-02-08,22:00:00,13.93,14.03,13.59,13.68,84790,0
2018-02-09,16:00:00,13.75,13.8,13.05,13.41,16421,0
2018-02-09,17:00:00,13.355,13.36,12.98,13.06,22778,0
2018-02-09,18:00:00,13.07,13.17,13.013,13.03,17705,0
2018-02-09,19:00:00,13.02,13.08,12.337,12.5175,83322,0
2018-02-09,20:00:00,12.49,12.86,12.37,12.85,26087,0
2018-02-09,21:00:00,12.86,13.19,12.86,13.02,72547,0
2018-02-09,22:00:00,12.93,13.2,12.901,13.06,65306,0
2018-02-12,16:00:00,13.05,13.33,12.761,12.87,18103,0
2018-02-12,17:00:00,12.86,12.895,12.56,12.77,39351,0
2018-02-12,18:00:00,12.78,13.06,12.71,13.05,26915,0
2018-02-12,19:00:00,13.09,13.1,12.951,13.02,17555,0
2018-02-12,20:00:00,13.02,13.255,12.96,13.1974,17812,0
2018-02-12,21:00:00,13.19,13.35,13.04,13.09,19350,0
2018-02-12,22:00:00,13.08,13.23,12.98,13.2,60045,0
2018-02-13,16:00:00,13.19,13.6,13.16,13.29,6171,0
2018-02-13,17:00:00,13.3,13.99,13.3,13.9,27480,0
2018-02-13,18:00:00,13.9,14.38,13.8,14.225,117226,0
2018-02-13,19:00:00,14.17,14.32,13.825,14,61021,0
2018-02-13,20:00:00,13.98,14.28,13.92,14.13,28119,0
2018-02-13,21:00:00,14.2128,14.85,14.09,14.45,107853,0
2018-02-13,22:00:00,14.49,14.54,14.08,14.17,174252,0
2018-02-14,16:00:00,13.905,14.21,13.905,14.08,5050,0
2018-02-14,17:00:00,14.08,14.49,14.02,14.26,35415,0
2018-02-14,18:00:00,14.31,14.5589,14.09,14.5,148589,0
2018-02-14,19:00:00,14.57,14.67,14.51,14.67,40537,0
2018-02-14,20:00:00,14.59,14.73,14.51,14.6607,30706,0
2018-02-14,21:00:00,14.65,14.72,14.22,14.3928,31780,0
2018-02-14,22:00:00,14.4,14.6269,14.4,14.48,225178,0
2018-02-15,16:00:00,14.87,14.87,14.34,14.56,28075,0
2018-02-15,17:00:00,14.55,14.76,14.07,14.0882,66784,0
2018-02-15,18:00:00,14.06,14.26,14.04,14.22,18527,0
2018-02-15,19:00:00,14.21,14.56,14.19,14.56,31238,0
2018-02-15,20:00:00,14.6,14.86,14.45,14.71,106226,0
2018-02-15,21:00:00,14.75,14.888,14.62,14.888,52914,0
2018-02-15,22:00:00,14.89,15.05,14.7,14.77,95436,0
2018-02-16,16:00:00,14.84,15.535,14.76,15.49,96844,0
2018-02-16,17:00:00,15.455,15.61,15.3,15.4776,82109,0
2018-02-16,18:00:00,15.46,15.495,15.12,15.1634,26150,0
2018-02-16,19:00:00,15.17,15.21,14.92,14.95,14482,0
2018-02-16,20:00:00,15.02,15.0989,14.87,15.06,20893,0
2018-02-16,21:00:00,15.06,15.13,14.82,15.035,27262,0
2018-02-16,22:00:00,15.035,15.11,14.96,14.96,61266,0
2018-02-20,16:00:00,14.98,15.06,14.8625,14.8976,31548,0
2018-02-20,17:00:00,14.88,14.96,14.46,14.76,29982,0
2018-02-20,18:00:00,14.78,14.93,14.7,14.78,21700,0
2018-02-20,19:00:00,14.8,15.03,14.78,14.96,23089,0
2018-02-20,20:00:00,14.97,15.01,14.84,14.99,16539,0
2018-02-20,21:00:00,15,15.01,14.64,14.75,19297,0
2018-02-20,22:00:00,14.74,14.78,14.5,14.59,45935,0
2018-02-21,16:00:00,14.58,14.585,14.371,14.4499,4604,0
2018-02-21,17:00:00,14.555,14.96,14.46,14.91,27590,0
2018-02-21,18:00:00,14.88,14.95,14.8,14.89,19544,0
2018-02-21,19:00:00,14.9,15.05,14.88,15,15039,0
2018-02-21,20:00:00,15.01,15.14,14.99,15.09,53822,0
2018-02-21,21:00:00,15.09,15.145,14.93,14.99,62034,0
2018-02-21,22:00:00,14.99,15,14.75,14.8,47136,0
2018-02-22,16:00:00,14.91,15,14.81,15,27417,0
2018-02-22,17:00:00,15,15.04,14.9,15,26182,0
2018-02-22,18:00:00,15,15.03,14.8,14.9,12196,0
2018-02-22,19:00:00,14.9,14.94,14.68,14.75,23613,0
2018-02-22,20:00:00,14.72,14.8,14.48,14.545,17397,0
2018-02-22,21:00:00,14.58,14.64,14.56,14.58,21157,0
2018-02-22,22:00:00,14.55,14.68,14.46,14.56,31742,0
2018-02-23,16:00:00,14.73,14.8999,14.59,14.59,4447,0
2018-02-23,17:00:00,14.56,14.64,14.4,14.42,15405,0
2018-02-23,18:00:00,14.42,14.42,14.15,14.276,24927,0
2018-02-23,19:00:00,14.33,14.5,14.326,14.5,11469,0
2018-02-23,20:00:00,14.49,14.56,14.39,14.53,16490,0
2018-02-23,21:00:00,14.52,14.82,14.4875,14.63,24870,0
2018-02-23,22:00:00,14.66,14.89,14.63,14.86,31823,0
2018-02-26,16:00:00,14.89,14.98,14.55,14.77,15634,0
2018-02-26,17:00:00,14.75,15.04,14.65,14.865,20605,0
2018-02-26,18:00:00,14.835,14.975,14.8,14.94,13745,0
2018-02-26,19:00:00,14.94,15,14.88,14.895,16455,0
2018-02-26,20:00:00,14.895,14.955,14.835,14.95,14837,0
2018-02-26,21:00:00,14.94,14.98,14.86,14.92,19867,0
2018-02-26,22:00:00,14.92,14.9725,14.8,14.86,58188,0
2018-02-27,16:00:00,14.91,15.14,14.83,14.83,29106,0
2018-02-27,17:00:00,14.89,15.025,14.88,14.915,19972,0
2018-02-27,18:00:00,14.9,15,14.79,14.94,15137,0
2018-02-27,19:00:00,14.94,15.05,14.8424,14.97,30113,0
2018-02-27,20:00:00,14.96,15,14.82,14.8635,13593,0
2018-02-27,21:00:00,14.88,15.05,14.82,14.98,35646,0
2018-02-27,22:00:00,14.97,15.01,14.86,14.95,62707,0
2018-02-28,16:00:00,14.95,15.1889,14.83,15.0875,11983,0
2018-02-28,17:00:00,15.085,15.09,14.8477,14.93,37451,0
2018-02-28,18:00:00,14.93,15.08,14.89,15.04,27207,0
2018-02-28,19:00:00,15.04,15.06,14.93,14.97,28844,0
2018-02-28,20:00:00,15,15.03,14.87,14.88,14337,0
2018-02-28,21:00:00,14.895,14.98,14.68,14.7,15031,0
2018-02-28,22:00:00,14.69,14.8599,14.63,14.77,59789,0
2018-03-01,16:00:00,14.7,14.73,14.4098,14.6037,13889,0
2018-03-01,17:00:00,14.68,14.9,14.68,14.79,16468,0
2018-03-01,18:00:00,14.7784,15.04,14.6859,15.02,484117,0
2018-03-01,19:00:00,15.02,15.27,14.98,15.11,62854,0
2018-03-01,20:00:00,15.16,15.24,14.87,15.08,58070,0
2018-03-01,21:00:00,15.11,15.165,14.92,15.13,76709,0
2018-03-01,22:00:00,15.215,15.72,15.2,15.45,148184,0
2018-03-02,16:00:00,15.25,15.47,14.847,15.47,5379,0
2018-03-02,17:00:00,15.63,15.63,15.26,15.405,27435,0
2018-03-02,18:00:00,15.46,15.49,15.21,15.3,15402,0
2018-03-02,19:00:00,15.345,15.46,15.21,15.33,104574,0
2018-03-02,20:00:00,15.355,15.405,15.21,15.35,39178,0
2018-03-02,21:00:00,15.35,15.375,15.29,15.32,23915,0
2018-03-02,22:00:00,15.3,15.3975,15.215,15.29,151388,0
2018-03-05,16:00:00,15.01,15.65,14.88,15.56,29542,0
2018-03-05,17:00:00,15.53,16.48,15.46,16.48,170148,0
2018-03-05,18:00:00,16.451,16.52,16.15,16.1649,70511,0
2018-03-05,19:00:00,16.15,16.32,16.1,16.31,91726,0
2018-03-05,20:00:00,16.31,16.32,16.15,16.3,125249,0
2018-03-05,21:00:00,16.3,16.49,16.28,16.35,99518,0
2018-03-05,22:00:00,16.3525,16.43,16.14,16.18,114064,0
2018-03-06,16:00:00,16.32,16.47,16.221,16.25,17454,0
2018-03-06,17:00:00,16.27,16.275,15.93,15.93,38322,0
2018-03-06,18:00:00,15.96,16,15.82,15.94,16877,0
2018-03-06,19:00:00,15.91,16.13,15.91,16.1,14650,0
2018-03-06,20:00:00,16.08,16.3,16.0423,16.25,35398,0
2018-03-06,21:00:00,16.25,16.2694,16.14,16.15,42970,0
2018-03-06,22:00:00,16.23,16.28,16.18,16.23,50545,0
2018-03-07,16:00:00,16.2,16.43,16.17,16.27,20516,0
2018-03-07,17:00:00,16.3,16.31,15.88,16.15,102570,0
2018-03-07,18:00:00,16.15,16.16,15.8601,15.94,45557,0
2018-03-07,19:00:00,15.935,16.03,15.87,16,70376,0
2018-03-07,20:00:00,15.99,16.02,15.94,15.94,23690,0
2018-03-07,21:00:00,15.95,16.01,15.945,15.97,22265,0
2018-03-07,22:00:00,16,16.03,15.94,15.99,194409,0
2018-03-08,16:00:00,16.09,16.235,15.93,16.19,5743,0
2018-03-08,17:00:00,16.24,16.28,15.76,15.98,50148,0
2018-03-08,18:00:00,15.98,16.26,15.98,16.14,19921,0
2018-03-08,19:00:00,16.1351,16.225,16.1351,16.2,35975,0
2018-03-08,20:00:00,16.19,16.3,16.17,16.17,37508,0
2018-03-08,21:00:00,16.18,16.43,16.13,16.34,14904,0
2018-03-08,22:00:00,16.39,16.48,16.33,16.46,47763,0
2018-03-09,16:00:00,16.46,16.71,16.21,16.71,19156,0
2018-03-09,17:00:00,16.71,16.86,16.35,16.4405,76675,0
2018-03-09,18:00:00,16.46,16.65,16.44,16.53,45424,0
2018-03-09,19:00:00,16.55,16.86,16.525,16.82,79573,0
2018-03-09,20:00:00,16.85,16.86,16.62,16.72,64499,0
2018-03-09,21:00:00,16.75,16.93,16.71,16.85,46002,0
2018-03-09,22:00:00,16.85,16.89,16.67,16.86,138107,0
2018-03-12,15:00:00,17.01,17.01,16.8965,16.94,24934,0
2018-03-12,16:00:00,16.9,17.83,16.81,17.79,228531,0
2018-03-12,17:00:00,17.77,18,17.48,17.505,59749,0
2018-03-12,18:00:00,17.53,17.56,17.15,17.25,33088,0
2018-03-12,19:00:00,17.22,17.39,17.08,17.09,23549,0
2018-03-12,20:00:00,17.115,17.33,17.11,17.25,27065,0
2018-03-12,21:00:00,17.23,17.315,17.12,17.25,105342,0
2018-03-13,15:00:00,17.32,17.49,17.02,17.2,55518,0
2018-03-13,16:00:00,17.2058,17.49,17.09,17.28,81448,0
2018-03-13,17:00:00,17.27,17.27,16.86,16.97,34613,0
2018-03-13,18:00:00,16.9,17.04,16.59,16.97,49854,0
2018-03-13,19:00:00,16.97,17.03,16.84,16.93,35069,0
2018-03-13,20:00:00,16.93,17.1,16.92,17.04,21157,0
2018-03-13,21:00:00,17.03,17.17,16.96,17.01,86060,0
2018-03-14,15:00:00,17.05,17.32,17.05,17.27,23948,0
2018-03-14,16:00:00,17.3,17.3,16.88,16.9839,40712,0
2018-03-14,17:00:00,16.98,17.02,16.84,16.98,16061,0
2018-03-14,18:00:00,17,17.1,16.9,17,58461,0
2018-03-14,19:00:00,16.98,16.99,16.87,16.89,21707,0
2018-03-14,20:00:00,16.88,17.0165,16.85,16.93,34151,0
2018-03-14,21:00:00,16.9,17.01,16.76,16.81,115404,0
2018-03-15,15:00:00,15.3,16.87,14.88,16.78,57719,0
2018-03-15,16:00:00,16.77,16.97,16.6501,16.7104,48893,0
2018-03-15,17:00:00,16.715,17.25,16.71,16.94,80514,0
2018-03-15,18:00:00,16.92,16.96,16.665,16.75,65957,0
2018-03-15,19:00:00,16.72,16.81,16.55,16.59,50761,0
2018-03-15,20:00:00,16.5999,16.795,16.24,16.33,48513,0
2018-03-15,21:00:00,16.32,16.4,16.11,16.16,124011,0
2018-03-16,15:00:00,16.41,16.65,15.9001,16.31,91461,0
2018-03-16,16:00:00,16.375,16.5,15.74,15.74,47665,0
2018-03-16,17:00:00,15.75,15.93,15.65,15.88,63178,0
2018-03-16,18:00:00,15.86,16.03,15.7582,15.81,50033,0
2018-03-16,19:00:00,15.76,15.925,15.42,15.92,64429,0
2018-03-16,20:00:00,15.915,16.045,15.9,15.9701,54392,0
2018-03-16,21:00:00,15.99,16.135,15.98,16,115818,0
2018-03-19,15:00:00,15.87,16.01,15.31,15.31,110662,0
2018-03-19,16:00:00,15.37,15.43,14.97,15.01,72557,0
2018-03-19,17:00:00,15.01,15.05,14.8,15.01,61110,0
2018-03-19,18:00:00,15.0359,15.23,14.97,15.13,38854,0
2018-03-19,19:00:00,15.18,15.25,14.97,15.22,28892,0
2018-03-19,20:00:00,15.25,15.251,15.01,15.22,60949,0
2018-03-19,21:00:00,15.19,15.36,15.13,15.24,133583,0
2018-03-20,15:00:00,15.11,15.55,15.01,15.49,52710,0
2018-03-20,16:00:00,15.44,15.7723,15.37,15.66,88553,0
2018-03-20,17:00:00,15.66,15.69,15.54,15.63,14494,0
2018-03-20,18:00:00,15.59,15.66,15.4,15.61,20367,0
2018-03-20,19:00:00,15.64,15.73,15.55,15.71,26150,0
2018-03-20,20:00:00,15.71,15.89,15.67,15.84,32402,0
2018-03-20,21:00:00,15.8252,15.92,15.65,15.66,155664,0
2018-03-21,15:00:00,15.65,15.95,15.54,15.93,13427,0
2018-03-21,16:00:00,15.89,15.94,15.61,15.72,12892,0
2018-03-21,17:00:00,15.68,15.73,15.53,15.63,12397,0
2018-03-21,18:00:00,15.59,15.59,15.38,15.45,23124,0
2018-03-21,19:00:00,15.39,15.47,15.36,15.4,26999,0
2018-03-21,20:00:00,15.39,15.51,15.21,15.28,33254,0
2018-03-21,21:00:00,15.265,15.4,15.25,15.32,58558,0
2018-03-22,15:00:00,15.24,15.45,15.01,15.35,25557,0
2018-03-22,16:00:00,15.3952,15.55,15.23,15.23,26437,0
2018-03-22,17:00:00,15.26,15.311,15.16,15.2901,33966,0
2018-03-22,18:00:00,15.275,15.36,15.25,15.35,28137,0
2018-03-22,19:00:00,15.31,15.4,15.31,15.36,34165,0
2018-03-22,20:00:00,15.35,15.39,15.23,15.29,67674,0
2018-03-22,21:00:00,15.3,15.34,14.94,14.97,113359,0
2018-03-23,15:00:00,15.1,15.29,14.51,14.58,32771,0
2018-03-23,16:00:00,14.58,14.605,14.36,14.45,64128,0
2018-03-23,17:00:00,14.48,14.59,14.34,14.45,82875,0
2018-03-23,18:00:00,14.46,14.48,14.35,14.41,24042,0
2018-03-23,19:00:00,14.38,14.51,14.19,14.287,65529,0
2018-03-23,20:00:00,14.275,14.275,13.71,13.92,114549,0
2018-03-23,21:00:00,13.97,14.13,13.75,13.76,128049,0
2018-03-26,16:00:00,14.05,14.3425,14.01,14.22,58368,0
2018-03-26,17:00:00,14.24,14.4,14.22,14.33,101546,0
2018-03-26,18:00:00,14.32,14.45,14.28,14.39,40927,0
2018-03-26,19:00:00,14.38,14.4,14.1,14.11,30565,0
2018-03-26,20:00:00,14.12,14.36,14.11,14.3,24866,0
2018-03-26,21:00:00,14.3,14.44,14.18,14.2,45802,0
2018-03-26,22:00:00,14.22,14.315,14.11,14.22,142974,0
2018-03-27,16:00:00,14.24,14.355,13.69,13.95,32224,0
2018-03-27,17:00:00,13.99,14.08,13.89,14,37060,0
2018-03-27,18:00:00,13.975,13.99,13.78,13.78,30074,0
2018-03-27,19:00:00,13.78,13.87,13.61,13.71,37838,0
2018-03-27,20:00:00,13.73,13.745,13.5,13.56,41850,0
2018-03-27,21:00:00,13.55,13.64,13.51,13.55,31327,0
2018-03-27,22:00:00,13.54,13.6,13.31,13.42,69146,0
2018-03-28,16:00:00,13.36,13.41,12.71,13.01,33103,0
2018-03-28,17:00:00,13.05,13.21,12.84,12.96,57637,0
2018-03-28,18:00:00,12.98,13.24,12.88,13.1894,34454,0
2018-03-28,19:00:00,13.16,13.36,13.11,13.22,17447,0
2018-03-28,20:00:00,13.2,13.51,13.2,13.47,19006,0
2018-03-28,21:00:00,13.47,13.47,13.32,13.4,20047,0
2018-03-28,22:00:00,13.39,13.45,13.24,13.27,83699,0
2018-03-29,16:00:00,13.44,13.825,13.08,13.3,21697,0
2018-03-29,17:00:00,13.42,13.62,13.09,13.54,80669,0
2018-03-29,18:00:00,13.55,13.65,13.49,13.57,48042,0
2018-03-29,19:00:00,13.56,13.76,13.53,13.73,93288,0
2018-03-29,20:00:00,13.755,13.77,13.51,13.57,34715,0
2018-03-29,21:00:00,13.58,13.6,13.47,13.5,62067,0
2018-03-29,22:00:00,13.5,13.51,13.39,13.4,95258,0
