Date,Time,Open,High,Low,Close,Volume,OpenInt
2017-07-03,16:00:00,22.75,22.75,22.1,22.1,6475,0
2017-07-03,17:00:00,22.3,22.375,22.3,22.375,500,0
2017-07-03,18:00:00,22.05,22.1,21.8,21.9,2606,0
2017-07-03,19:00:00,22.05,22.65,22.05,22.55,2267,0
2017-07-03,20:00:00,22.6,22.6,22.6,22.6,919,0
2017-07-05,16:00:00,22.25,22.4,22.2,22.2,2208,0
2017-07-05,17:00:00,22.35,22.4,22.2,22.4,2566,0
2017-07-05,19:00:00,22.3,22.35,22.25,22.35,1000,0
2017-07-05,20:00:00,22.6,22.95,22.6,22.95,600,0
2017-07-05,21:00:00,23.1,23.25,23.02,23.25,1447,0
2017-07-05,22:00:00,23.25,23.4,23.2,23.2,2145,0
2017-07-06,16:00:00,23.05,23.05,23.05,23.05,300,0
2017-07-06,17:00:00,23.2,23.3,23,23,1500,0
2017-07-06,18:00:00,23,23.3,23,23.3,889,0
2017-07-06,20:00:00,23.25,23.25,23,23.15,795,0
2017-07-06,21:00:00,23.45,23.45,23.4,23.4,200,0
2017-07-06,22:00:00,23.3,23.3,23,23,2122,0
2017-07-07,16:00:00,23.1,23.1,22.4,22.4,1033,0
2017-07-07,17:00:00,22.95,22.95,22.825,22.825,2300,0
2017-07-07,18:00:00,22.85,22.9,22.8,22.9,1221,0
2017-07-07,19:00:00,23.15,23.15,23.1,23.1,200,0
2017-07-07,20:00:00,22.85,22.85,22.85,22.85,300,0
2017-07-07,21:00:00,22.8,23,22.75,22.75,1409,0
2017-07-07,22:00:00,22.7,22.7,22.5,22.6,1865,0
2017-07-10,17:00:00,22.15,22.35,22.15,22.3,1710,0
2017-07-10,18:00:00,22.3,22.3,22.3,22.3,300,0
2017-07-10,19:00:00,22.6,22.6,22.475,22.55,300,0
2017-07-10,20:00:00,22.7,22.7,22.45,22.65,1400,0
2017-07-10,21:00:00,22.65,22.65,22.45,22.45,800,0
2017-07-10,22:00:00,22.3,22.35,22.1,22.15,2648,0
2017-07-11,16:00:00,22.1,22.3,21.8,22.1,2058,0
2017-07-11,17:00:00,22.1,22.45,21.75,21.75,500,0
2017-07-11,22:00:00,22.15,22.15,22,22,200,0
2017-07-12,16:00:00,21.9,21.95,21.9,21.95,200,0
2017-07-12,17:00:00,22.1,22.1,22.1,22.1,200,0
2017-07-12,18:00:00,21.6,21.75,21.55,21.75,400,0
2017-07-12,20:00:00,21.25,21.45,21.25,21.25,1285,0
2017-07-12,21:00:00,21.3747,21.64,21.343,21.45,9636,0
2017-07-12,22:00:00,21.35,21.6,21.35,21.55,1628,0
2017-07-13,16:00:00,21.85,21.85,21.6,21.7,900,0
2017-07-13,18:00:00,21.7,21.7,21.7,21.7,300,0
2017-07-13,19:00:00,21.65,21.65,21.475,21.475,300,0
2017-07-13,21:00:00,21.475,21.65,21.475,21.55,600,0
2017-07-13,22:00:00,21.5,21.5,21.325,21.35,1046,0
2017-07-14,16:00:00,21.3,21.3,21.3,21.3,100,0
2017-07-14,17:00:00,21.4,21.4,21.4,21.4,100,0
2017-07-14,19:00:00,21.3,21.4,21.3,21.4,1400,0
2017-07-14,21:00:00,21.35,21.35,21.35,21.35,100,0
2017-07-14,22:00:00,21.4,21.4,21.3,21.3,1330,0
2017-07-17,16:00:00,21.5,21.95,21.45,21.95,500,0
2017-07-17,18:00:00,21.55,21.55,21.45,21.45,500,0
2017-07-17,19:00:00,21.25,21.25,21.25,21.25,100,0
2017-07-17,20:00:00,21.2,21.2,20.95,21.1,1700,0
2017-07-17,21:00:00,21.15,21.3,21.05,21.05,1200,0
2017-07-17,22:00:00,21.3,21.3,21,21.2,1324,0
2017-07-18,16:00:00,21,21,21,21,100,0
2017-07-18,17:00:00,20.96,21.1503,20.6,20.75,2520,0
2017-07-18,18:00:00,20.75,20.75,20.75,20.75,100,0
2017-07-18,19:00:00,20.8,20.85,20.75,20.75,400,0
2017-07-18,21:00:00,20.6,20.7,20.6,20.7,300,0
2017-07-18,22:00:00,20.8,20.8,20.6,20.8,2300,0
2017-07-19,16:00:00,20.8,21.15,20.8,21,2700,0
2017-07-19,17:00:00,20.85,20.85,20.7,20.7,300,0
2017-07-19,18:00:00,20.55,20.55,20.35,20.4,1400,0
2017-07-19,20:00:00,20.5,20.55,20.5,20.55,200,0
2017-07-19,21:00:00,20.6,20.6,20.35,20.35,494,0
2017-07-19,22:00:00,20.35,20.55,20.35,20.55,432,0
2017-07-20,16:00:00,20.5,20.8,20.5,20.7,1900,0
2017-07-20,17:00:00,20.7,20.7,20.6,20.65,1002,0
2017-07-20,20:00:00,20.7,20.7,20.7,20.7,100,0
2017-07-20,21:00:00,20.5,20.5,20.4,20.4,800,0
2017-07-20,22:00:00,20.475,20.5,20.4,20.4,1504,0
2017-07-21,16:00:00,20.6,20.925,20.5,20.9,4415,0
2017-07-21,17:00:00,20.5,20.55,20.35,20.4,1025,0
2017-07-21,19:00:00,20.25,20.25,20.15,20.23,800,0
2017-07-21,20:00:00,20.15,20.15,19.9399,20.15,1531,0
2017-07-21,21:00:00,20.12,20.15,20,20,1400,0
2017-07-21,22:00:00,20,20.05,19.85,20.05,918,0
2017-07-24,16:00:00,19.95,20,19.6,20,1176,0
2017-07-24,17:00:00,19.94,19.94,19.75,19.75,2171,0
2017-07-24,18:00:00,19.7262,19.7262,19.65,19.65,271,0
2017-07-24,19:00:00,19.7,19.7,19.65,19.65,200,0
2017-07-24,20:00:00,19.75,19.75,19.64,19.7,2201,0
2017-07-24,21:00:00,19.65,19.7,19.3,19.3,6300,0
2017-07-24,22:00:00,19.35,19.45,19.3,19.4,1751,0
2017-07-25,16:00:00,19.4,19.518,19.35,19.518,1389,0
2017-07-25,18:00:00,19.5,19.55,19.5,19.55,500,0
2017-07-25,19:00:00,19.5,19.5,19.5,19.5,100,0
2017-07-25,20:00:00,19.7,19.7,19.45,19.65,300,0
2017-07-25,21:00:00,19.7,19.7,19.55,19.55,600,0
2017-07-25,22:00:00,19.65,19.7,19.5,19.5,3202,0
2017-07-26,16:00:00,20.4,20.4,20.3,20.3,600,0
2017-07-26,17:00:00,20.7,20.99,20.375,20.375,1700,0
2017-07-26,18:00:00,20.5,20.5,20.5,20.5,100,0
2017-07-26,19:00:00,20.45,20.45,20.3,20.3,200,0
2017-07-26,20:00:00,20.25,20.25,20.05,20.15,528,0
2017-07-26,21:00:00,20.2,20.3,20.05,20.05,300,0
2017-07-26,22:00:00,19.9,20.15,19.9,19.95,2798,0
2017-07-27,16:00:00,20.25,22.323,20.25,22.323,2560,0
2017-07-27,17:00:00,22.45,23.1,22.25,23.1,1800,0
2017-07-27,18:00:00,22.455,23.095,22.455,22.9,2619,0
2017-07-27,19:00:00,22.675,22.675,22.255,22.45,3408,0
2017-07-27,20:00:00,22.4,22.4,22.4,22.4,200,0
2017-07-27,21:00:00,22.45,22.55,22.25,22.45,3000,0
2017-07-27,22:00:00,22.45,22.5,22.2,22.4,1723,0
2017-07-28,17:00:00,22.375,22.75,22.375,22.75,3800,0
2017-07-28,18:00:00,22.75,22.75,22.7,22.7,300,0
2017-07-28,19:00:00,22.7,22.7,22.2,22.425,500,0
2017-07-28,20:00:00,22.75,22.75,22.65,22.65,300,0
2017-07-28,21:00:00,22.6,22.6,22.35,22.35,200,0
2017-07-28,22:00:00,22.5,22.85,22.4,22.65,7190,0
2017-07-31,16:00:00,22.69,22.85,22.69,22.75,3469,0
2017-07-31,17:00:00,22.75,22.75,22.6,22.6,400,0
2017-07-31,18:00:00,22.8,22.85,22.8,22.85,200,0
2017-07-31,19:00:00,22.85,23,22.85,23,300,0
2017-07-31,20:00:00,22.88,23,22.88,23,800,0
2017-07-31,21:00:00,22.85,23,22.85,22.91,900,0
2017-07-31,22:00:00,22.85,23.05,22.85,23.05,4414,0
2017-08-01,16:00:00,23.1,23.1,22.25,22.45,917,0
2017-08-01,17:00:00,22.525,22.8,22.5,22.55,2700,0
2017-08-01,18:00:00,22.625,22.625,22.55,22.55,1900,0
2017-08-01,19:00:00,22.525,22.525,22.425,22.425,600,0
2017-08-01,20:00:00,22.3728,22.45,22.3728,22.45,916,0
2017-08-01,21:00:00,22.45,22.45,22.45,22.45,700,0
2017-08-01,22:00:00,22.45,22.55,22.45,22.55,3656,0
2017-08-02,17:00:00,22.45,22.45,22.3,22.375,800,0
2017-08-02,18:00:00,22.225,22.3,22.2,22.3,2000,0
2017-08-02,19:00:00,22.5,22.55,22.4,22.55,400,0
2017-08-02,21:00:00,22.35,22.35,22.35,22.35,100,0
2017-08-02,22:00:00,22.55,22.55,22.35,22.4,2310,0
2017-08-03,17:00:00,22.55,22.55,22.55,22.55,100,0
2017-08-03,18:00:00,22.5,22.5,22.5,22.5,300,0
2017-08-03,19:00:00,22.25,22.3045,22.25,22.3045,300,0
2017-08-03,20:00:00,22.15,22.3,22.15,22.3,300,0
2017-08-03,22:00:00,22.175,22.3,22.1,22.3,1244,0
2017-08-04,17:00:00,22.05,22.05,22.05,22.05,100,0
2017-08-04,18:00:00,22.2,22.35,22.2,22.35,800,0
2017-08-04,19:00:00,22.35,22.35,22.35,22.35,100,0
2017-08-04,20:00:00,22.4,22.4,22.4,22.4,100,0
2017-08-04,21:00:00,22.35,22.35,22.35,22.35,200,0
2017-08-04,22:00:00,22.375,22.375,22.2,22.25,1446,0
2017-08-07,16:00:00,22.45,22.45,22.15,22.35,2400,0
2017-08-07,18:00:00,22.45,22.8,22.45,22.8,200,0
2017-08-07,19:00:00,22.65,22.9,22.65,22.9,200,0
2017-08-07,21:00:00,22.9,23.1,22.9,23.1,3116,0
2017-08-07,22:00:00,23,23.1,22.95,23.05,1963,0
2017-08-08,17:00:00,23.05,23.1,23,23,400,0
2017-08-08,18:00:00,23,23.05,23,23,600,0
2017-08-08,19:00:00,23.05,23.05,23,23.05,2220,0
2017-08-08,21:00:00,23.05,23.05,23,23,200,0
2017-08-08,22:00:00,23,23.05,23,23.05,1721,0
2017-08-09,16:00:00,22.798,22.798,22.798,22.798,111,0
2017-08-09,17:00:00,22.9,22.9,22.9,22.9,100,0
2017-08-09,19:00:00,22.85,22.9,22.85,22.9,400,0
2017-08-09,20:00:00,22.9,22.9,22.85,22.9,500,0
2017-08-09,21:00:00,22.85,22.9,22.6,22.6,1909,0
2017-08-09,22:00:00,22.5,22.85,22.5,22.7,5717,0
2017-08-10,16:00:00,22.35,22.35,22.35,22.35,756,0
2017-08-10,17:00:00,22.525,22.8,22.525,22.8,550,0
2017-08-10,18:00:00,22.475,22.475,22.475,22.475,100,0
2017-08-10,19:00:00,22.6,22.65,22.6,22.65,500,0
2017-08-10,20:00:00,22.55,22.7,22.55,22.7,541,0
2017-08-10,21:00:00,22.85,22.85,22.85,22.85,144,0
2017-08-10,22:00:00,22.8,22.95,22.8,22.9,3497,0
2017-08-11,16:00:00,22.475,22.75,22.45,22.75,1000,0
2017-08-11,17:00:00,22.75,23.1,22.75,22.975,1099,0
2017-08-11,18:00:00,23.1,23.3,23.0025,23.3,724,0
2017-08-11,19:00:00,23.35,23.6,23.325,23.6,700,0
2017-08-11,20:00:00,23.75,23.75,23.25,23.5,4095,0
2017-08-11,21:00:00,23.25,23.2787,22.85,22.95,1100,0
2017-08-11,22:00:00,22.95,23.1,22.85,22.975,2069,0
2017-08-14,16:00:00,22.75,22.95,22.75,22.95,500,0
2017-08-14,17:00:00,22.975,23,22.95,22.95,300,0
2017-08-14,18:00:00,23.1,23.1,22.95,23.1,400,0
2017-08-14,20:00:00,23.025,23.025,22.95,22.95,400,0
2017-08-14,21:00:00,23.1,23.15,23.1,23.15,1140,0
2017-08-14,22:00:00,23.15,23.75,23.15,23.7,8045,0
2017-08-15,16:00:00,23.7,23.75,23.7,23.75,1169,0
2017-08-15,17:00:00,23.7,23.77,23.575,23.575,2128,0
2017-08-15,18:00:00,23.35,23.35,23.35,23.35,100,0
2017-08-15,19:00:00,23.475,23.475,23.475,23.475,300,0
2017-08-15,20:00:00,23.475,23.5,23.425,23.5,700,0
2017-08-15,21:00:00,23.55,23.55,23.375,23.5,1000,0
2017-08-15,22:00:00,23.5,23.65,23.45,23.45,654,0
2017-08-16,16:00:00,23.4,23.4,23.15,23.35,340,0
2017-08-16,17:00:00,23.45,23.45,23.45,23.45,400,0
2017-08-16,18:00:00,23.5,23.55,23.5,23.55,2909,0
2017-08-16,20:00:00,23.4,23.4,23.4,23.4,300,0
2017-08-16,21:00:00,23.4,23.5,23.3,23.35,1400,0
2017-08-16,22:00:00,23.35,23.6,23.3,23.6,8663,0
2017-08-17,16:00:00,23.3,23.3,23.15,23.15,243,0
2017-08-17,17:00:00,23.29,23.29,23.29,23.29,140,0
2017-08-17,19:00:00,23.15,23.15,23.15,23.15,200,0
2017-08-17,20:00:00,23.05,23.15,23,23,570,0
2017-08-17,21:00:00,22.8,23.05,22.8,23.05,1200,0
2017-08-17,22:00:00,23,23.5,23,23.2,6806,0
2017-08-18,16:00:00,22.9,22.9,22.9,22.9,2570,0
2017-08-18,17:00:00,22.975,23.35,22.6439,23.025,1700,0
2017-08-18,18:00:00,23.025,23.05,22.95,23.05,986,0
2017-08-18,19:00:00,23.05,23.05,23.05,23.05,100,0
2017-08-18,20:00:00,23.05,23.3,23.05,23.05,500,0
2017-08-18,21:00:00,23.25,23.25,22.95,22.95,1300,0
2017-08-18,22:00:00,22.925,23.3,22.925,23.25,3604,0
2017-08-21,16:00:00,23.3,23.3,23.3,23.3,100,0
2017-08-21,17:00:00,22.9,23.6,22.9,23.4,1243,0
2017-08-21,18:00:00,23.4,23.4,23.3,23.4,700,0
2017-08-21,19:00:00,23.35,23.425,23.3,23.425,500,0
2017-08-21,20:00:00,23.425,23.425,23.425,23.425,100,0
2017-08-21,21:00:00,23.425,23.55,23.35,23.55,593,0
2017-08-21,22:00:00,23.475,23.7,23.45,23.6,4827,0
2017-08-22,16:00:00,23.4,23.6,23.4,23.6,874,0
2017-08-22,17:00:00,23.6,23.6,23.4,23.4,500,0
2017-08-22,18:00:00,23.45,23.45,23.4,23.4,200,0
2017-08-22,19:00:00,23.4,23.4,23.4,23.4,200,0
2017-08-22,20:00:00,23.05,23.1,23,23.1,1900,0
2017-08-22,21:00:00,23.1,23.1,23.1,23.1,200,0
2017-08-22,22:00:00,23.1,23.25,23.1,23.1,2533,0
2017-08-23,16:00:00,23.35,23.35,23.35,23.35,100,0
2017-08-23,17:00:00,22.85,23,22.85,23,300,0
2017-08-23,18:00:00,22.875,23.025,22.875,23.025,905,0
2017-08-23,19:00:00,23,23,22.85,22.85,300,0
2017-08-23,20:00:00,22.8,22.8,22.6,22.6,800,0
2017-08-23,21:00:00,22.55,22.55,22.475,22.475,500,0
2017-08-23,22:00:00,22.4,22.5,22.35,22.4,3843,0
2017-08-24,16:00:00,21.65,21.65,21.65,21.65,100,0
2017-08-24,17:00:00,22.15,22.15,22.15,22.15,200,0
2017-08-24,19:00:00,22.3,22.3,22.3,22.3,100,0
2017-08-24,20:00:00,21.85,22.15,21.85,22.15,400,0
2017-08-24,21:00:00,22.15,22.25,22.15,22.25,200,0
2017-08-24,22:00:00,22.2,22.6,22.2,22.55,4160,0
2017-08-25,16:00:00,22.35,22.5,22.25,22.5,1575,0
2017-08-25,17:00:00,22.65,22.65,22.45,22.45,200,0
2017-08-25,18:00:00,22.35,22.4,22.35,22.4,800,0
2017-08-25,19:00:00,22.6,22.65,22.6,22.65,300,0
2017-08-25,20:00:00,22.7,22.75,22.6247,22.75,642,0
2017-08-25,21:00:00,22.75,22.75,22.625,22.7,300,0
2017-08-25,22:00:00,22.65,22.8,22.65,22.7,1239,0
2017-08-28,16:00:00,22.9,22.9,22.8,22.8,400,0
2017-08-28,17:00:00,23,23,22.825,22.85,400,0
2017-08-28,18:00:00,22.95,22.95,22.95,22.95,100,0
2017-08-28,19:00:00,23.05,23.05,23.05,23.05,100,0
2017-08-28,20:00:00,22.8,23.05,22.8,23.05,400,0
2017-08-28,21:00:00,22.93,22.93,22.93,22.93,200,0
2017-08-28,22:00:00,23,23.5,23,23.45,1300,0
2017-08-29,18:00:00,23.375,23.6,23.375,23.525,700,0
2017-08-29,19:00:00,23.525,23.525,23.525,23.525,100,0
2017-08-29,20:00:00,23.525,23.6,23.525,23.6,374,0
2017-08-29,21:00:00,23.65,23.65,23.65,23.65,200,0
2017-08-29,22:00:00,23.5,23.65,23.5,23.6,795,0
2017-08-30,16:00:00,23.5,23.5,23.5,23.5,203,0
2017-08-30,17:00:00,23.4,23.6,23.4,23.6,200,0
2017-08-30,19:00:00,23.6,24.2,23.6,24.05,3226,0
2017-08-30,20:00:00,24,24,23.9,23.9,445,0
2017-08-30,21:00:00,23.9,23.9,23.9,23.9,100,0
2017-08-30,22:00:00,23.9,23.9,23.8,23.85,1721,0
2017-08-31,17:00:00,23.7,23.7,23.2,23.2,200,0
2017-08-31,18:00:00,23.55,23.55,23.55,23.55,100,0
2017-08-31,19:00:00,23.55,23.85,22.85,23.85,1200,0
2017-08-31,20:00:00,23.9,23.9,23.9,23.9,1915,0
2017-08-31,21:00:00,23.9,24.05,23.8,23.85,1400,0
2017-08-31,22:00:00,24,24,23.8,23.85,2683,0
2017-09-01,16:00:00,23.85,23.995,23.8,23.995,3500,0
2017-09-01,17:00:00,23.9,24.05,23.9,23.9,1800,0
2017-09-01,18:00:00,23.8,23.9,23.8,23.85,300,0
2017-09-01,19:00:00,23.9,23.9,23.85,23.9,500,0
2017-09-01,20:00:00,23.95,23.95,23.95,23.95,100,0
2017-09-01,21:00:00,23.85,24,23.85,24,300,0
2017-09-01,22:00:00,24,24.2,24,24.2,1732,0
2017-09-05,17:00:00,24,24.25,23.5,23.85,3000,0
2017-09-05,18:00:00,23.55,23.75,23.55,23.6,400,0
2017-09-05,19:00:00,23.65,23.65,23.65,23.65,500,0
2017-09-05,20:00:00,23.7,23.7,23.7,23.7,200,0
2017-09-05,21:00:00,23.9,23.95,23.85,23.95,500,0
2017-09-05,22:00:00,23.85,24,23.85,23.95,4948,0
2017-09-06,16:00:00,23.9,23.9,22.5,23.2,6467,0
2017-09-06,17:00:00,23.35,23.5,23.3,23.3,2900,0
2017-09-06,19:00:00,23.225,23.225,23.225,23.225,100,0
2017-09-06,20:00:00,23.45,23.45,23.45,23.45,100,0
2017-09-06,21:00:00,23.5,23.5,23.4253,23.5,1899,0
2017-09-06,22:00:00,23.35,23.5,23.35,23.45,1133,0
2017-09-07,18:00:00,23.35,23.35,23.35,23.35,200,0
2017-09-07,19:00:00,23.3,23.35,23.3,23.35,300,0
2017-09-07,20:00:00,23.3,23.5,23.3,23.5,700,0
2017-09-07,21:00:00,23.45,23.5,23.45,23.5,600,0
2017-09-07,22:00:00,23.55,23.7,23.4,23.45,2771,0
2017-09-08,16:00:00,23.45,23.45,23.45,23.45,100,0
2017-09-08,17:00:00,23.5,23.5,23.45,23.45,200,0
2017-09-08,18:00:00,23.45,23.45,23.45,23.45,100,0
2017-09-08,19:00:00,23.5,23.625,23.5,23.5,1891,0
2017-09-08,20:00:00,23.625,23.7,23.5,23.7,600,0
2017-09-08,21:00:00,23.6,23.6,23.5,23.5,600,0
2017-09-08,22:00:00,23.7,23.75,23.45,23.45,2489,0
2017-09-11,16:00:00,23.75,23.75,23.7,23.7,309,0
2017-09-11,17:00:00,23.75,23.75,23.6,23.6,800,0
2017-09-11,18:00:00,23.65,23.7,23.6,23.7,400,0
2017-09-11,19:00:00,23.75,23.75,23.65,23.65,200,0
2017-09-11,20:00:00,23.75,23.75,23.75,23.75,100,0
2017-09-11,21:00:00,23.75,23.75,23.65,23.679,1410,0
2017-09-11,22:00:00,23.75,23.75,23.6,23.75,3416,0
2017-09-12,16:00:00,23.75,23.75,23.75,23.75,1000,0
2017-09-12,17:00:00,23.75,24.25,23.7,24.25,1108,0
2017-09-12,18:00:00,24.25,24.3,24,24.25,3500,0
2017-09-12,19:00:00,24.25,24.3,24,24.075,1500,0
2017-09-12,20:00:00,24.05,24.1,24,24,1046,0
2017-09-12,21:00:00,24.1,24.1,24,24,200,0
2017-09-12,22:00:00,24.25,24.25,24,24,2381,0
2017-09-13,16:00:00,24.2,24.2,24.2,24.2,200,0
2017-09-13,17:00:00,24.2,24.35,24.175,24.25,2657,0
2017-09-13,18:00:00,24.25,24.25,24.2,24.25,2986,0
2017-09-13,19:00:00,24.25,24.25,24.2,24.2,2536,0
2017-09-13,20:00:00,24.05,24.05,24.05,24.05,700,0
2017-09-13,21:00:00,24,24.2,24,24,1000,0
2017-09-13,22:00:00,24.1,24.325,24,24.25,6483,0
2017-09-14,16:00:00,23.66,23.66,23.66,23.66,280,0
2017-09-14,17:00:00,24.175,24.175,24.175,24.175,100,0
2017-09-14,18:00:00,24.25,24.3,24.175,24.25,1300,0
2017-09-14,19:00:00,24.25,24.25,24.25,24.25,200,0
2017-09-14,20:00:00,24.25,24.25,24.25,24.25,100,0
2017-09-14,21:00:00,24.25,24.25,24.25,24.25,500,0
2017-09-14,22:00:00,24.2,24.3,24.2,24.2,3038,0
2017-09-15,16:00:00,24.25,24.3,24.1,24.3,10096,0
2017-09-15,17:00:00,24.3,24.4,24.3,24.3,1000,0
2017-09-15,18:00:00,24.2,24.3,24.2,24.3,400,0
2017-09-15,19:00:00,24.275,24.3,24.2,24.2,666,0
2017-09-15,20:00:00,24.2,24.25,24.2,24.25,400,0
2017-09-15,21:00:00,24.25,24.25,24.2,24.2,700,0
2017-09-15,22:00:00,24.15,24.15,22.8,22.8,29071,0
2017-09-18,16:00:00,22.9,22.9,22.2,22.5,1710,0
2017-09-18,17:00:00,22.85,22.85,22.85,22.85,100,0
2017-09-18,18:00:00,23,23,22.93,22.93,1000,0
2017-09-18,19:00:00,23.05,23.1,23,23.05,700,0
2017-09-18,20:00:00,23.1,23.4,23.1,23.4,2000,0
2017-09-18,21:00:00,23.4,23.4,23.4,23.4,200,0
2017-09-18,22:00:00,23.6,23.6,23.35,23.35,2302,0
2017-09-19,16:00:00,22.4,22.4,22.4,22.4,300,0
2017-09-19,17:00:00,23.25,23.45,23.25,23.25,615,0
2017-09-19,18:00:00,23.325,23.325,23.325,23.325,700,0
2017-09-19,20:00:00,23.25,23.25,23.25,23.25,100,0
2017-09-19,21:00:00,23.35,23.35,23.35,23.35,100,0
2017-09-19,22:00:00,23.35,23.35,23.25,23.35,2362,0
2017-09-20,16:00:00,23.65,23.65,23,23,4595,0
2017-09-20,17:00:00,23,23.8,23,23.75,5600,0
2017-09-20,18:00:00,23.8,23.95,23.7,23.95,1695,0
2017-09-20,19:00:00,24.2,24.25,24.2,24.25,300,0
2017-09-20,20:00:00,24.15,24.25,24,24.25,1457,0
2017-09-20,21:00:00,24.25,24.25,24.15,24.2,1723,0
2017-09-20,22:00:00,24.2,24.2,24.1,24.2,4094,0
2017-09-21,16:00:00,23.35,24.15,23.35,23.65,1427,0
2017-09-21,17:00:00,23.94,23.94,23.94,23.94,175,0
2017-09-21,18:00:00,23.9,24.1,23.9,24.1,2442,0
2017-09-21,19:00:00,24.25,24.25,24.25,24.25,100,0
2017-09-21,20:00:00,24.25,24.25,24.15,24.15,500,0
2017-09-21,21:00:00,24.15,24.26,24.15,24.25,1500,0
2017-09-21,22:00:00,24.2,24.2,24.1,24.2,1948,0
2017-09-22,16:00:00,24.25,24.25,24.05,24.25,1263,0
2017-09-22,17:00:00,24.225,24.25,24.2,24.2,6098,0
2017-09-22,18:00:00,24.25,24.4,24.25,24.4,1300,0
2017-09-22,19:00:00,24.45,24.6,24.425,24.6,5904,0
2017-09-22,20:00:00,24.6,24.75,24.6,24.75,5700,0
2017-09-22,21:00:00,24.75,24.8,24.7,24.725,1700,0
2017-09-22,22:00:00,24.8,25.65,24.8,25.4,9006,0
2017-09-25,16:00:00,25.1,25.3,25.1,25.2,801,0
2017-09-25,17:00:00,25.025,25.3,24.95,25.15,1668,0
2017-09-25,18:00:00,25,25,24.8,24.8,1657,0
2017-09-25,19:00:00,24.9,24.9,24.85,24.85,200,0
2017-09-25,20:00:00,24.85,24.85,24.7,24.8,1800,0
2017-09-25,21:00:00,24.825,24.95,24.65,24.85,5961,0
2017-09-25,22:00:00,24.85,25.55,24.75,25.3,6358,0
2017-09-26,17:00:00,25.1,25.25,25.1,25.25,200,0
2017-09-26,18:00:00,25.25,25.25,25.175,25.175,300,0
2017-09-26,19:00:00,25.25,25.4,25.25,25.4,1097,0
2017-09-26,20:00:00,25.4,25.4,25.4,25.4,300,0
2017-09-26,21:00:00,25.45,25.625,25.45,25.5,1733,0
2017-09-26,22:00:00,25.45,25.45,25.25,25.35,1149,0
2017-09-27,17:00:00,25.2,25.2,25.15,25.15,600,0
2017-09-27,18:00:00,25.15,25.15,25.05,25.05,600,0
2017-09-27,20:00:00,25.05,25.3,25,25.3,4100,0
2017-09-27,21:00:00,25.325,25.4,25.25,25.25,820,0
2017-09-27,22:00:00,25.325,25.4,25.25,25.35,3743,0
2017-09-28,16:00:00,25.35,25.45,25.35,25.4,900,0
2017-09-28,17:00:00,25.4,25.4,25.4,25.4,200,0
2017-09-28,18:00:00,25.35,25.35,25.25,25.25,400,0
2017-09-28,19:00:00,25.25,25.325,25.2,25.2,800,0
2017-09-28,20:00:00,25.3,25.3,25.25,25.25,1625,0
2017-09-28,21:00:00,25.2372,25.4,25.2,25.2,700,0
2017-09-28,22:00:00,25.25,25.45,25.2,25.3,3148,0
2017-09-29,16:00:00,25.35,25.35,25.3,25.35,300,0
2017-09-29,18:00:00,25.3,25.3,25.3,25.3,100,0
2017-09-29,19:00:00,25.35,25.35,25.2,25.275,300,0
2017-09-29,20:00:00,25.35,25.35,25.35,25.35,100,0
2017-09-29,21:00:00,25.275,25.4,25.275,25.35,400,0
2017-09-29,22:00:00,25.25,25.4,25.2,25.2,15219,0
2017-10-02,16:00:00,25.4,25.5,25.4,25.45,2877,0
2017-10-02,17:00:00,25.25,25.25,25.2,25.2,200,0
2017-10-02,18:00:00,25.15,25.15,25.1,25.1,200,0
2017-10-02,19:00:00,25.15,25.15,25.15,25.15,100,0
2017-10-02,20:00:00,25,25.2,25,25.2,400,0
2017-10-02,21:00:00,25.25,25.25,25.25,25.25,300,0
2017-10-02,22:00:00,25.3,25.4,25.2,25.4,3647,0
2017-10-03,16:00:00,25.25,25.25,25.2,25.2,500,0
2017-10-03,17:00:00,25.1,25.15,25.1,25.1,400,0
2017-10-03,18:00:00,25.1,25.2,25.1,25.2,400,0
2017-10-03,19:00:00,25.1,25.1,25.1,25.1,200,0
2017-10-03,20:00:00,25.1,25.2,25.1,25.1,400,0
2017-10-03,21:00:00,25.15,25.2,25.15,25.15,300,0
2017-10-03,22:00:00,25.2,25.3,25.1,25.2,5594,0
2017-10-04,16:00:00,24.9406,24.995,24.9406,24.995,700,0
2017-10-04,17:00:00,25.495,25.7,25.4528,25.55,2399,0
2017-10-04,18:00:00,25.55,25.95,25.5,25.7,7495,0
2017-10-04,19:00:00,25.75,25.85,25.65,25.85,3106,0
2017-10-04,20:00:00,25.85,26.1,25.85,26.05,6276,0
2017-10-04,21:00:00,26.05,26.075,26,26,4000,0
2017-10-04,22:00:00,25.9,25.96,25.8,25.85,4430,0
2017-10-05,16:00:00,25.5,25.5,25.5,25.5,300,0
2017-10-05,17:00:00,25.5,25.5,25.4,25.4,900,0
2017-10-05,18:00:00,25.5,25.5,25.5,25.5,100,0
2017-10-05,19:00:00,25.44,25.5,25.44,25.5,1500,0
2017-10-05,21:00:00,25.6,25.6,25.45,25.45,300,0
2017-10-05,22:00:00,25.45,25.6,25.4,25.6,1568,0
2017-10-06,16:00:00,25.6112,25.625,25.55,25.55,700,0
2017-10-06,17:00:00,25.6,25.6,25.55,25.55,1600,0
2017-10-06,18:00:00,25.55,25.55,25.5,25.5,300,0
2017-10-06,19:00:00,25.575,25.575,25.575,25.575,100,0
2017-10-06,20:00:00,25.45,25.69,25.45,25.5,1500,0
2017-10-06,22:00:00,25.5,25.8,25.5,25.7,3739,0
2017-10-09,16:00:00,25.7,25.7,25.4,25.4,941,0
2017-10-09,18:00:00,25.45,25.45,25.45,25.45,300,0
2017-10-09,20:00:00,25.15,25.15,24.95,25.05,1200,0
2017-10-09,21:00:00,25.35,25.35,25.35,25.35,200,0
2017-10-09,22:00:00,25.3943,25.45,25.25,25.45,1376,0
2017-10-10,16:00:00,25.5,25.5,25.5,25.5,263,0
2017-10-10,19:00:00,25.45,25.45,25.45,25.45,100,0
2017-10-10,20:00:00,25.6,25.7,25.6,25.7,900,0
2017-10-10,21:00:00,25.85,26,25.85,26,1000,0
2017-10-10,22:00:00,26.05,26.1,26,26,3916,0
2017-10-11,17:00:00,24.6091,24.6091,24.6091,24.6091,160,0
2017-10-11,18:00:00,25.15,25.45,25.15,25.45,200,0
2017-10-11,20:00:00,25.505,25.95,25.505,25.95,500,0
2017-10-11,21:00:00,26,26.05,25.9,26.05,1700,0
2017-10-11,22:00:00,25.8,26,25.8,25.95,559,0
2017-10-12,16:00:00,25.95,25.95,25.95,25.95,200,0
2017-10-12,17:00:00,26,26,26,26,200,0
2017-10-12,18:00:00,25.925,25.925,25.9239,25.9239,1000,0
2017-10-12,19:00:00,25.925,25.925,25.925,25.925,100,0
2017-10-12,20:00:00,26,26.075,25.955,26.075,1768,0
2017-10-12,21:00:00,26.05,26.05,26,26.05,10100,0
2017-10-12,22:00:00,26.05,26.078,25.85,25.85,1962,0
2017-10-13,17:00:00,26,26,25.85,25.85,1342,0
2017-10-13,21:00:00,25.8,25.85,25.8,25.85,500,0
2017-10-13,22:00:00,26,26,25.75,25.9,2368,0
2017-10-16,16:00:00,25.8,25.9,25.8,25.8,400,0
2017-10-16,17:00:00,25.9,25.975,25.9,25.95,500,0
2017-10-16,18:00:00,25.95,26,25.95,26,1897,0
2017-10-16,19:00:00,26,26,26,26,400,0
2017-10-16,20:00:00,26,26.0753,26,26.0753,900,0
2017-10-16,21:00:00,26.1,26.1,26.05,26.05,700,0
2017-10-16,22:00:00,26.05,26.1,25.9,25.9,9567,0
2017-10-17,17:00:00,25.9,25.9,25.9,25.9,1199,0
2017-10-17,18:00:00,25.9,25.9,25.9,25.9,100,0
2017-10-17,19:00:00,25.9,25.9,25.9,25.9,100,0
2017-10-17,20:00:00,25.9,25.9,25.8,25.8,900,0
2017-10-17,22:00:00,25.756,25.9,25.75,25.9,4312,0
2017-10-18,16:00:00,25.9,26,25.9,26,1128,0
2017-10-18,17:00:00,26,26.05,25.9,26,3120,0
2017-10-18,18:00:00,25.95,26,25.95,26,1700,0
2017-10-18,19:00:00,26.15,26.15,26,26,4000,0
2017-10-18,20:00:00,26,26.1,26,26.05,5398,0
2017-10-18,21:00:00,26.05,26.05,26,26.05,3998,0
2017-10-18,22:00:00,26.05,26.15,26,26,5225,0
2017-10-19,16:00:00,25.85,25.85,25.85,25.85,100,0
2017-10-19,17:00:00,25.8,25.8,25.8,25.8,100,0
2017-10-19,18:00:00,25.85,25.85,25.825,25.825,300,0
2017-10-19,19:00:00,25.9,26,25.9,26,433,0
2017-10-19,20:00:00,26,26,25.95,26,1482,0
2017-10-19,21:00:00,26,26.005,26,26.005,2022,0
2017-10-19,22:00:00,26,26,26,26,1832,0
2017-10-20,16:00:00,26.1,26.1,26.1,26.1,1444,0
2017-10-20,17:00:00,25.9,26.05,25.9,26.05,300,0
2017-10-20,18:00:00,25.95,25.95,25.95,25.95,100,0
2017-10-20,19:00:00,26.05,26.05,26.05,26.05,300,0
2017-10-20,20:00:00,26.05,26.05,26.05,26.05,148,0
2017-10-20,21:00:00,26.025,26.025,25.9,25.9,6545,0
2017-10-20,22:00:00,25.95,26.05,25.85,26,1475,0
2017-10-23,20:00:00,25.65,25.8,25.65,25.725,1998,0
2017-10-23,21:00:00,25.65,25.65,25.65,25.65,100,0
2017-10-23,22:00:00,25.75,25.9,25.7,25.7,1833,0
2017-10-24,16:00:00,26,26,26,26,205,0
2017-10-24,17:00:00,26,26.05,25.95,26,1880,0
2017-10-24,18:00:00,26,26.075,26,26,1771,0
2017-10-24,19:00:00,26,26,26,26,400,0
2017-10-24,20:00:00,26,26,26,26,700,0
2017-10-24,21:00:00,26,26,26,26,600,0
2017-10-24,22:00:00,25.95,25.95,25.85,25.85,3532,0
2017-10-25,16:00:00,25.5,25.5,25.5,25.5,100,0
2017-10-25,17:00:00,25.6,25.6,25.6,25.6,100,0
2017-10-25,18:00:00,25.7,25.7,25.6,25.6,281,0
2017-10-25,19:00:00,25.65,25.7,25.65,25.7,200,0
2017-10-25,20:00:00,25.7,25.75,25.7,25.7,667,0
2017-10-25,21:00:00,25.7,25.7,25.65,25.65,200,0
2017-10-25,22:00:00,25.6,25.7,25.5,25.7,4517,0
2017-10-26,20:00:00,24.75,24.8,24.75,24.8,200,0
2017-10-26,21:00:00,25,25,25,25,100,0
2017-10-26,22:00:00,25,25.05,25,25.05,2193,0
2017-10-27,16:00:00,25.1,25.1,25.1,25.1,500,0
2017-10-27,17:00:00,24.95,24.95,24.5,24.5,600,0
2017-10-27,18:00:00,24.35,24.35,23.95,24,623,0
2017-10-27,20:00:00,24.3,24.3,24.3,24.3,100,0
2017-10-27,21:00:00,24.45,24.45,24.45,24.45,145,0
2017-10-27,22:00:00,24.45,24.55,24.3,24.55,3435,0
2017-10-30,15:00:00,25.7,25.7,25.4,25.4,350,0
2017-10-30,16:00:00,24.5,24.8,24.15,24.8,935,0
2017-10-30,17:00:00,25,25.2,23.9,23.9,6045,0
2017-10-30,18:00:00,23.75,23.95,23.75,23.9,500,0
2017-10-30,19:00:00,23.85,23.9,23.85,23.9,300,0
2017-10-30,20:00:00,23.775,23.85,23.75,23.85,600,0
2017-10-30,21:00:00,23.85,23.9,23.65,23.75,1699,0
2017-10-31,15:00:00,23.85,23.85,23.85,23.85,105,0
2017-10-31,16:00:00,24.075,24.5,24.075,24.5,500,0
2017-10-31,17:00:00,24.45,24.45,24.3,24.3,200,0
2017-10-31,19:00:00,24.45,24.8,24.45,24.8,1100,0
2017-10-31,20:00:00,25.1,25.1,25.1,25.1,100,0
2017-10-31,21:00:00,25.3,25.35,25,25.15,3838,0
2017-11-01,15:00:00,25.2,25.2,25.2,25.2,100,0
2017-11-01,16:00:00,25.029,25.029,25.029,25.029,400,0
2017-11-01,17:00:00,24.7,24.7,24.7,24.7,100,0
2017-11-01,18:00:00,24.85,24.85,24.85,24.85,100,0
2017-11-01,19:00:00,24.8,25,24.8,25,400,0
2017-11-01,21:00:00,24.85,25,24.85,25,1758,0
2017-11-02,16:00:00,24.55,24.75,24.55,24.75,400,0
2017-11-02,17:00:00,25.1,25.25,25.1,25.25,1055,0
2017-11-02,18:00:00,25.3,25.4,25.3,25.4,1100,0
2017-11-02,20:00:00,25.35,25.35,25.35,25.35,500,0
2017-11-02,21:00:00,25.4,25.7,25.25,25.4,5256,0
2017-11-03,16:00:00,25.2,25.2,25.2,25.2,100,0
2017-11-03,18:00:00,24.9,24.9,24.9,24.9,100,0
2017-11-03,19:00:00,24.9,25.4,24.9,25.3,2600,0
2017-11-03,20:00:00,25.35,25.4,24.85,24.85,3780,0
2017-11-03,21:00:00,24.75,24.75,24.65,24.65,228,0
2017-11-06,21:00:00,25.05,25.15,25.05,25.15,600,0
2017-11-06,22:00:00,25.25,25.4,25.25,25.4,1110,0
2017-11-07,17:00:00,24.6,25.05,24.6,25.05,6606,0
2017-11-07,20:00:00,24.75,24.75,24.75,24.75,100,0
2017-11-07,21:00:00,24.65,24.65,24.65,24.65,100,0
2017-11-07,22:00:00,24.35,24.55,24.1,24.3,5064,0
2017-11-08,16:00:00,24.15,24.15,24.15,24.15,231,0
2017-11-08,17:00:00,24.2,24.25,24.2,24.25,570,0
2017-11-08,20:00:00,24.15,24.35,24.15,24.35,300,0
2017-11-08,21:00:00,24.5,24.5,24.5,24.5,200,0
2017-11-08,22:00:00,24.85,24.85,24.65,24.65,1838,0
2017-11-09,21:00:00,24.1,24.45,24.1,24.25,4100,0
2017-11-09,22:00:00,24.15,24.2,24.1,24.2,699,0
2017-11-10,17:00:00,24.5,24.5,24.1,24.425,867,0
2017-11-10,19:00:00,24.35,24.35,24.35,24.35,100,0
2017-11-10,22:00:00,24.1,24.1,24.1,24.1,357,0
2017-11-13,17:00:00,22.8,22.8,22.8,22.8,100,0
2017-11-13,22:00:00,23.95,23.95,23.95,23.95,183,0
2017-11-14,20:00:00,23.9,23.9,23.75,23.75,500,0
2017-11-14,21:00:00,23.45,23.45,23.45,23.45,100,0
2017-11-14,22:00:00,23.55,23.8,23.55,23.8,993,0
2017-11-15,22:00:00,23.8,23.8,23.5,23.5,1566,0
2017-11-16,20:00:00,24.4,24.4,24.4,24.4,100,0
2017-11-16,21:00:00,24.35,24.35,24.35,24.35,100,0
2017-11-16,22:00:00,24.35,24.6,24.35,24.6,1202,0
2017-11-17,16:00:00,24.3,24.45,24.195,24.45,3089,0
2017-11-17,20:00:00,24.6,24.6,24.6,24.6,100,0
2017-11-17,22:00:00,24.375,25,24.375,24.65,3227,0
2017-11-20,16:00:00,24.7,24.7,24.7,24.7,149,0
2017-11-20,17:00:00,24.77,24.77,24.77,24.77,267,0
2017-11-20,20:00:00,25,25,25,25,222,0
2017-11-20,21:00:00,25.35,25.35,25.35,25.35,100,0
2017-11-20,22:00:00,24.855,25.35,24.85,25.35,1489,0
2017-11-21,16:00:00,25.4,25.4,25.4,25.4,167,0
2017-11-21,17:00:00,25.3,26,25.3,26,4353,0
2017-11-21,18:00:00,26,26.025,25.936,26,1538,0
2017-11-21,19:00:00,26,26,26,26,390,0
2017-11-21,20:00:00,26,26.05,26,26,700,0
2017-11-21,21:00:00,26,26.09,25.85,26,1575,0
2017-11-21,22:00:00,26,26.2,25.9,25.95,10819,0
2017-11-22,16:00:00,26,26.44,26,26.3,1214,0
2017-11-22,17:00:00,26.25,26.3,26.055,26.055,1000,0
2017-11-22,18:00:00,26.05,26.05,26,26,1906,0
2017-11-22,19:00:00,26,26.15,25.95,26.15,1800,0
2017-11-22,20:00:00,26,26,26,26,1900,0
2017-11-22,21:00:00,26.1,26.15,25.975,26,2915,0
2017-11-22,22:00:00,26,26.05,25.7,25.75,5548,0
2017-11-24,17:00:00,25.1,25.1,25.1,25.1,100,0
2017-11-24,19:00:00,25.1,25.35,25.1,25.35,200,0
2017-11-24,20:00:00,25.35,25.35,25.35,25.35,591,0
2017-11-27,16:00:00,25.3,25.3,25.3,25.3,209,0
2017-11-27,17:00:00,25.1,25.15,25.1,25.15,300,0
2017-11-27,19:00:00,24.75,24.75,24.75,24.75,100,0
2017-11-27,20:00:00,25.2,25.4,25.05,25.05,1200,0
2017-11-27,21:00:00,25.3,25.3,25.3,25.3,100,0
2017-11-27,22:00:00,25.4,25.4,25.3,25.3,300,0
2017-11-28,16:00:00,25.55,25.55,25.45,25.45,400,0
2017-11-28,21:00:00,25.6,25.6,25.55,25.55,837,0
2017-11-28,22:00:00,25.75,25.75,25.4,25.65,3173,0
2017-11-29,16:00:00,25.3,25.3,25.3,25.3,100,0
2017-11-29,19:00:00,25.75,25.95,25.75,25.95,2476,0
2017-11-29,20:00:00,25.95,26.05,25.95,25.95,1841,0
2017-11-29,22:00:00,25.85,25.85,25.85,25.85,724,0
2017-11-30,16:00:00,25.1,25.1,25.1,25.1,100,0
2017-11-30,17:00:00,25.6,25.6,25.6,25.6,300,0
2017-11-30,19:00:00,25.7,25.85,25.7,25.85,200,0
2017-11-30,21:00:00,25.75,26,25.75,26,1696,0
2017-11-30,22:00:00,26,26,25.75,25.75,3095,0
2017-12-01,17:00:00,25.65,25.65,25.6,25.6,400,0
2017-12-01,18:00:00,25.65,25.65,25.4,25.4,300,0
2017-12-01,19:00:00,25.25,25.7,25.25,25.7,400,0
2017-12-01,20:00:00,25.75,25.75,25.55,25.65,300,0
2017-12-01,21:00:00,25.75,25.75,25.75,25.75,100,0
2017-12-01,22:00:00,25.75,25.75,25.6497,25.7,3259,0
2017-12-04,16:00:00,26,26,26,26,379,0
2017-12-04,19:00:00,25.8,25.8,25.8,25.8,200,0
2017-12-04,20:00:00,25.95,25.95,25.8,25.8,200,0
2017-12-04,22:00:00,25.6,25.6,25.6,25.6,575,0
2017-12-05,18:00:00,25.35,25.4,25.35,25.4,200,0
2017-12-05,19:00:00,25.25,25.25,25.25,25.25,100,0
2017-12-05,20:00:00,25.2,25.2,25.15,25.15,400,0
2017-12-05,21:00:00,25.45,25.45,25.45,25.45,100,0
2017-12-05,22:00:00,25.5,25.5,25.3,25.45,700,0
2017-12-06,16:00:00,24.85,24.85,24.85,24.85,100,0
2017-12-06,17:00:00,24.76,24.925,24.76,24.8,350,0
2017-12-06,19:00:00,24.625,24.65,24.625,24.65,1400,0
2017-12-06,21:00:00,24.7,24.9,24.7,24.9,625,0
2017-12-06,22:00:00,24.95,24.95,24.95,24.95,1196,0
2017-12-07,17:00:00,24.95,24.95,24.95,24.95,400,0
2017-12-07,18:00:00,24.95,24.95,24.95,24.95,200,0
2017-12-07,19:00:00,24.95,25,24.95,24.95,400,0
2017-12-07,20:00:00,24.875,24.9,24.875,24.9,335,0
2017-12-07,22:00:00,24.8,24.8,24.7,24.7,2074,0
2017-12-08,16:00:00,24.8,25.25,24.8,25.25,214,0
2017-12-08,17:00:00,25.25,25.25,25,25,200,0
2017-12-08,19:00:00,25,25.25,25,25.025,400,0
2017-12-08,20:00:00,25,25,25,25,100,0
2017-12-08,21:00:00,25.1,25.1,25.1,25.1,100,0
2017-12-08,22:00:00,25.2,25.3,25,25.15,973,0
2017-12-11,17:00:00,25.15,25.15,24.875,24.875,200,0
2017-12-11,18:00:00,24.8,24.8,24.8,24.8,900,0
2017-12-11,19:00:00,24.6,24.6,24.6,24.6,100,0
2017-12-11,20:00:00,24.75,24.75,24.75,24.75,602,0
2017-12-11,21:00:00,24.725,24.725,24.6,24.6,200,0
2017-12-11,22:00:00,24.35,24.4,24.35,24.4,859,0
2017-12-12,16:00:00,24.5,24.5,24.5,24.5,110,0
2017-12-12,17:00:00,24.4,24.6,24.3685,24.475,450,0
2017-12-12,18:00:00,24.575,24.7,24.575,24.7,200,0
2017-12-12,19:00:00,24.5,24.55,24.425,24.425,600,0
2017-12-12,20:00:00,24.65,24.65,24.5,24.55,1300,0
2017-12-12,21:00:00,24.55,24.55,24.5,24.55,400,0
2017-12-12,22:00:00,24.55,24.55,24.3,24.4,608,0
2017-12-13,16:00:00,24.55,24.9,24.55,24.9,896,0
2017-12-13,17:00:00,25,25,24.8,24.9,1700,0
2017-12-13,18:00:00,25.15,25.3,25.15,25.3,400,0
2017-12-13,20:00:00,25.1,25.1,25.1,25.1,100,0
2017-12-13,22:00:00,25.05,25.3,25.05,25.3,971,0
2017-12-14,18:00:00,24.95,24.95,24.6,24.8,1886,0
2017-12-14,20:00:00,25,25,25,25,400,0
2017-12-14,22:00:00,25,25.15,24.8,25.05,1912,0
2017-12-15,16:00:00,25,25,25,25,10626,0
2017-12-15,18:00:00,25.2,25.2,25,25,583,0
2017-12-15,19:00:00,25,25.3,25,25,1250,0
2017-12-15,22:00:00,25,25.05,25,25.05,900,0
2017-12-18,17:00:00,25.105,25.105,25.105,25.105,647,0
2017-12-18,19:00:00,25.25,25.3,25.25,25.3,400,0
2017-12-18,20:00:00,25.3,25.3,25.25,25.3,600,0
2017-12-18,22:00:00,25.3,25.3,25.15,25.25,1701,0
2017-12-19,18:00:00,25.1,25.1,25.1,25.1,100,0
2017-12-19,19:00:00,25.25,25.25,25.2,25.2,200,0
2017-12-19,20:00:00,25.1,25.1,25.1,25.1,100,0
2017-12-19,21:00:00,25.1,25.1,24.85,24.85,400,0
2017-12-19,22:00:00,25,25.3,25,25.3,770,0
2017-12-20,18:00:00,25,25,25,25,100,0
2017-12-20,19:00:00,25.1846,25.1846,25.1846,25.1846,550,0
2017-12-20,21:00:00,25.25,25.25,25.25,25.25,100,0
2017-12-20,22:00:00,25.2,25.2,25.2,25.2,608,0
2017-12-21,16:00:00,25.15,25.15,25.15,25.15,100,0
2017-12-21,21:00:00,25.15,25.15,25.15,25.15,472,0
2017-12-21,22:00:00,25.25,25.25,25.15,25.15,545,0
2017-12-22,16:00:00,25.25,25.25,25.25,25.25,100,0
2017-12-22,17:00:00,25.15,25.15,25.15,25.15,100,0
2017-12-22,22:00:00,25.15,25.3,25.1,25.1,2720,0
2017-12-26,22:00:00,24.95,25,24.95,25,860,0
2017-12-28,19:00:00,24.9,24.9,24.9,24.9,100,0
2017-12-28,20:00:00,24.9,25.2,24.9,25.2,2623,0
2017-12-28,21:00:00,25.15,25.3,25,25.05,500,0
2017-12-28,22:00:00,25.25,25.25,25.25,25.25,100,0
2017-12-29,20:00:00,25.25,25.25,25.025,25.025,200,0
2017-12-29,21:00:00,25.025,25.1,25.025,25.1,481,0
2017-12-29,22:00:00,25.25,25.25,24.75,24.75,3008,0
2018-01-02,17:00:00,24.9,25.3,24.9,25.3,900,0
2018-01-02,18:00:00,25.3,25.3,25.3,25.3,300,0
2018-01-02,19:00:00,25.3,25.4,25.3,25.4,300,0
2018-01-02,20:00:00,25.1,25.1,25.1,25.1,172,0
2018-01-02,21:00:00,25.3,25.3,25.3,25.3,200,0
2018-01-02,22:00:00,24.95,24.95,24.75,24.85,1631,0
2018-01-03,16:00:00,24.95,24.95,24.95,24.95,110,0
2018-01-03,18:00:00,24.87,24.87,24.87,24.87,112,0
2018-01-03,20:00:00,24.25,24.25,24.25,24.25,100,0
2018-01-03,22:00:00,24.1,24.175,23.85,24.15,912,0
2018-01-04,18:00:00,24.1,24.75,24.1,24.35,2259,0
2018-01-04,19:00:00,24.3,24.5,24.2,24.5,4800,0
2018-01-04,20:00:00,24.4,24.6,24.4,24.4,1200,0
2018-01-04,21:00:00,24.55,24.55,24.4,24.4,900,0
2018-01-04,22:00:00,24.4,24.65,24.25,24.5,3694,0
2018-01-05,18:00:00,24.95,24.95,24.95,24.95,200,0
2018-01-05,20:00:00,24.65,24.65,24.65,24.65,100,0
2018-01-05,22:00:00,24.5,24.7,24.5,24.7,1279,0
2018-01-08,16:00:00,24.95,24.95,24.95,24.95,100,0
2018-01-08,17:00:00,24.75,24.8,24.65,24.8,800,0
2018-01-08,18:00:00,24.8,24.8,24.8,24.8,200,0
2018-01-08,19:00:00,24.8,25,24.8,25,1342,0
2018-01-08,20:00:00,25.15,25.15,25.15,25.15,100,0
2018-01-08,21:00:00,25.2,25.25,24.9097,25.25,300,0
2018-01-08,22:00:00,25.3,25.3,25.05,25.3,600,0
2018-01-09,16:00:00,25.05,25.05,25.05,25.05,204,0
2018-01-09,17:00:00,25.1879,25.1879,25.15,25.15,294,0
2018-01-09,20:00:00,25,25,25,25,100,0
2018-01-09,21:00:00,24.85,24.85,24.786,24.786,5100,0
2018-01-09,22:00:00,24.5,24.5,24.5,24.5,200,0
2018-01-10,17:00:00,24.15,24.15,24.15,24.15,100,0
2018-01-10,19:00:00,24.2,24.2,24.2,24.2,100,0
2018-01-10,20:00:00,24.25,24.25,24.25,24.25,100,0
2018-01-10,22:00:00,24.45,24.45,24.45,24.45,588,0
2018-01-11,18:00:00,24.45,24.45,24.45,24.45,100,0
2018-01-11,19:00:00,24.6,24.6,24.6,24.6,100,0
2018-01-11,21:00:00,24.7,24.85,24.55,24.55,500,0
2018-01-11,22:00:00,24.9,24.9,24.9,24.9,923,0
2018-01-12,17:00:00,24.65,24.65,24.65,24.65,100,0
2018-01-12,18:00:00,24.7967,24.7967,24.65,24.65,600,0
2018-01-12,19:00:00,24.7,24.7,24.65,24.65,200,0
2018-01-12,20:00:00,24.7,24.7,24.7,24.7,100,0
2018-01-12,21:00:00,24.825,24.825,24.825,24.825,100,0
2018-01-12,22:00:00,24.75,24.9,24.6,24.9,1842,0
2018-01-16,18:00:00,24.862,24.862,24.75,24.75,450,0
2018-01-16,21:00:00,24.5,24.5,24.5,24.5,214,0
2018-01-16,22:00:00,24.3,24.5,24.3,24.3,847,0
2018-01-17,16:00:00,24.35,24.6,24.35,24.6,200,0
2018-01-17,21:00:00,24.45,24.45,24.45,24.45,200,0
2018-01-17,22:00:00,24.25,24.4,24.15,24.4,1692,0
2018-01-18,19:00:00,24.39,24.4,24.39,24.4,962,0
2018-01-18,20:00:00,24.1,24.1,24.1,24.1,200,0
2018-01-18,21:00:00,24.1,24.15,24,24,1100,0
2018-01-18,22:00:00,24,24,23.875,23.95,1015,0
2018-01-19,16:00:00,23.75,24.3,23.75,24.3,1191,0
2018-01-19,19:00:00,24.35,24.4,24.05,24.4,1050,0
2018-01-19,22:00:00,24.9,24.9,24.7,24.7,806,0
2018-01-22,16:00:00,24.8,24.8,24.8,24.8,102,0
2018-01-22,18:00:00,24.35,24.5,24.35,24.5,325,0
2018-01-22,19:00:00,24.65,24.65,24.65,24.65,100,0
2018-01-22,20:00:00,24.35,24.35,24.35,24.35,100,0
2018-01-22,22:00:00,24.3,24.3,24.3,24.3,177,0
2018-01-23,16:00:00,24.5,24.5,24.5,24.5,202,0
2018-01-23,17:00:00,24.8,24.8,24.5,24.5,243,0
2018-01-23,19:00:00,24.6,24.65,24.6,24.65,600,0
2018-01-23,22:00:00,24.6,24.6,24.6,24.6,345,0
2018-01-24,16:00:00,24.75,24.75,24.75,24.75,100,0
2018-01-24,22:00:00,24.995,24.995,24.6,24.6,1171,0
2018-01-25,16:00:00,24.95,24.95,24.85,24.85,524,0
2018-01-25,17:00:00,24.85,25,24.8,25,6320,0
2018-01-25,18:00:00,24.7,24.7,24.7,24.7,100,0
2018-01-25,19:00:00,24.7,24.7,24.7,24.7,100,0
2018-01-25,22:00:00,24.75,25,24.65,24.7,1764,0
2018-01-26,16:00:00,25,25,24.6,24.6,627,0
2018-01-26,17:00:00,24.6,24.6,24.6,24.6,1400,0
2018-01-26,18:00:00,24.6,24.6,24.4,24.4,1691,0
2018-01-26,22:00:00,24.8,24.8,24.8,24.8,339,0
2018-01-29,16:00:00,24.6,24.6,24.6,24.6,266,0
2018-01-29,17:00:00,24.6,24.6,24.6,24.6,533,0
2018-01-29,18:00:00,24.6,24.6489,24.45,24.45,4565,0
2018-01-29,20:00:00,24.1,24.15,24.1,24.15,200,0
2018-01-29,21:00:00,24.4318,24.4318,23.95,23.95,1250,0
2018-01-29,22:00:00,23.9,24.05,23.3,23.75,8478,0
2018-01-30,16:00:00,23.8,23.8,23.8,23.8,530,0
2018-01-30,19:00:00,23.75,23.75,23.75,23.75,300,0
2018-01-30,20:00:00,23.65,23.65,23.65,23.65,100,0
2018-01-30,21:00:00,23.65,23.9,23.65,23.9,200,0
2018-01-30,22:00:00,24,24,24,24,404,0
2018-01-31,16:00:00,23.75,23.75,23.75,23.75,3590,0
2018-01-31,17:00:00,23.7,23.725,23.7,23.7,600,0
2018-01-31,18:00:00,23.6,23.75,23.6,23.75,1714,0
2018-01-31,20:00:00,23.55,23.7,23.55,23.7,202,0
2018-01-31,22:00:00,23.8,23.95,23.7,23.75,2073,0
2018-02-01,16:00:00,23.55,23.6,23.55,23.6,200,0
2018-02-01,17:00:00,23.6,23.6,23.555,23.555,1090,0
2018-02-01,18:00:00,23.55,23.7,23.55,23.7,5100,0
2018-02-01,19:00:00,23.6,23.6,23.55,23.6,647,0
2018-02-01,20:00:00,23.55,23.55,23.55,23.55,100,0
2018-02-01,21:00:00,23.6,23.8,23.6,23.65,780,0
2018-02-01,22:00:00,23.65,23.65,23.55,23.65,2192,0
2018-02-02,16:00:00,23.65,23.65,23.5,23.5,885,0
2018-02-02,17:00:00,23.3,23.3,23.3,23.3,300,0
2018-02-02,18:00:00,23.35,23.35,23.35,23.35,600,0
2018-02-02,19:00:00,23.4,23.55,23.4,23.55,356,0
2018-02-02,20:00:00,23.35,23.35,23.35,23.35,100,0
2018-02-02,21:00:00,23.65,23.65,23.55,23.55,1300,0
2018-02-02,22:00:00,23.55,23.65,23.55,23.55,3608,0
2018-02-05,16:00:00,23.5,23.6,23.45,23.6,528,0
2018-02-05,17:00:00,23.5,23.5,23.5,23.5,400,0
2018-02-05,18:00:00,23.4,23.4,23.4,23.4,100,0
2018-02-05,19:00:00,23.4,23.4,23.4,23.4,100,0
2018-02-05,20:00:00,23.25,23.3,23.25,23.3,300,0
2018-02-05,21:00:00,23.3,23.3,23.3,23.3,100,0
2018-02-05,22:00:00,23.25,23.25,22.8,22.8,1893,0
2018-02-06,16:00:00,22.35,22.65,22.35,22.65,424,0
2018-02-06,17:00:00,22.85,22.95,22.7,22.7,746,0
2018-02-06,18:00:00,22.75,22.75,22.4,22.75,1205,0
2018-02-06,19:00:00,22.7,22.75,22.45,22.7,1200,0
2018-02-06,20:00:00,22.7,22.7,22.4,22.525,300,0
2018-02-06,21:00:00,22.4,22.45,22.4,22.45,300,0
2018-02-06,22:00:00,22.45,22.6,22.35,22.55,3029,0
2018-02-07,16:00:00,22.5,22.5,22.5,22.5,103,0
2018-02-07,19:00:00,22.45,22.6,22.4,22.45,557,0
2018-02-07,20:00:00,22.5,22.55,22.374,22.55,864,0
2018-02-07,21:00:00,22.55,22.6,22.35,22.45,900,0
2018-02-07,22:00:00,22.7,22.7,22.35,22.35,1706,0
2018-02-08,19:00:00,22.25,22.3,22.25,22.25,1000,0
2018-02-08,20:00:00,22.25,22.25,22.25,22.25,1100,0
2018-02-08,22:00:00,22.3,22.3,22.25,22.25,2136,0
2018-02-09,16:00:00,22.3,22.5,22.3,22.5,612,0
2018-02-09,17:00:00,22.4,22.4,22.4,22.4,200,0
2018-02-09,19:00:00,22.35,22.35,22.25,22.25,500,0
2018-02-09,20:00:00,22.25,22.25,22.25,22.25,100,0
2018-02-09,21:00:00,22.35,22.45,22.25,22.35,500,0
2018-02-09,22:00:00,22.525,22.525,22.3,22.3,1150,0
2018-02-12,16:00:00,22.45,22.9,22.45,22.65,1029,0
2018-02-12,20:00:00,22.75,22.75,22.75,22.75,100,0
2018-02-12,21:00:00,22.75,22.75,22.75,22.75,1000,0
2018-02-12,22:00:00,22.4,22.4,22.4,22.4,139,0
2018-02-13,16:00:00,22.55,22.55,22.55,22.55,100,0
2018-02-13,17:00:00,24.0154,24.0154,24.0154,24.0154,100,0
2018-02-13,19:00:00,22.8,22.8,22.8,22.8,100,0
2018-02-13,20:00:00,22.8,22.8,22.8,22.8,100,0
2018-02-13,21:00:00,22.85,23.5,22.85,23.5,500,0
2018-02-13,22:00:00,22.95,23,22.95,22.95,400,0
2018-02-14,16:00:00,22.9,22.9,22.9,22.9,298,0
2018-02-14,18:00:00,23.3,23.65,23.2,23.6,600,0
2018-02-14,19:00:00,23.2,23.45,22.9,23.1,600,0
2018-02-14,21:00:00,22.75,22.9,22.7,22.7,691,0
2018-02-14,22:00:00,22.25,22.6,22.25,22.4,4419,0
2018-02-15,22:00:00,23.2,23.65,23.2,23.65,498,0
2018-02-16,16:00:00,23.4,23.4,23.1,23.1,625,0
2018-02-16,21:00:00,23.3566,23.3566,23.3566,23.3566,100,0
2018-02-16,22:00:00,23.5,23.7,22.7,23.1,2462,0
2018-02-20,19:00:00,24.0005,24.0005,24,24,300,0
2018-02-20,20:00:00,23.75,23.75,23.7,23.7,391,0
2018-02-20,22:00:00,23.55,23.9,23.5,23.5,2056,0
2018-02-21,16:00:00,23.4,23.4,23.4,23.4,100,0
2018-02-21,19:00:00,23.75,23.75,23.75,23.75,300,0
2018-02-21,21:00:00,23.75,23.8,23.75,23.75,500,0
2018-02-21,22:00:00,23.5,23.9,23.5,23.8,1331,0
2018-02-22,16:00:00,25,25,24.9174,24.9174,288,0
2018-02-22,22:00:00,24.6,24.6,23.45,23.7,3691,0
2018-02-23,18:00:00,23.6,23.6,23.5,23.5,528,0
2018-02-23,21:00:00,23.236,23.236,23.2,23.2,420,0
2018-02-23,22:00:00,23.2,23.35,23.2,23.35,1095,0
2018-02-26,16:00:00,23.75,23.75,23.3672,23.3672,400,0
2018-02-26,17:00:00,23.4,23.65,23.4,23.6,600,0
2018-02-26,18:00:00,23.6,23.6,23.4,23.4,300,0
2018-02-26,19:00:00,23.65,23.75,23.45,23.5,515,0
2018-02-26,20:00:00,23.7,24.1,23.7,24.1,300,0
2018-02-26,21:00:00,24.15,24.2,24.1,24.1,579,0
2018-02-26,22:00:00,24.15,24.65,24.15,24.65,2638,0
2018-02-27,16:00:00,24.55,24.55,24.5,24.5,584,0
2018-02-27,17:00:00,24.4,24.55,24.35,24.55,500,0
2018-02-27,18:00:00,24.275,24.4,24.25,24.4,300,0
2018-02-27,20:00:00,23.95,24.125,23.95,24.125,200,0
2018-02-27,22:00:00,24.25,24.25,23.6,23.65,2019,0
2018-02-28,16:00:00,23.95,23.95,23.95,23.95,268,0
2018-02-28,18:00:00,23.8,23.9,23.8,23.8,1497,0
2018-02-28,19:00:00,23.8,23.8,23.8,23.8,300,0
2018-02-28,20:00:00,23.7,23.7,23.7,23.7,100,0
2018-02-28,21:00:00,23.75,23.85,23.75,23.85,1100,0
2018-02-28,22:00:00,23.7,23.9,23.4,23.4,2290,0
2018-03-01,16:00:00,23.35,23.35,23.35,23.35,100,0
2018-03-01,17:00:00,23.3,23.35,23.2,23.2,600,0
2018-03-01,18:00:00,23.2,24,23.2,24,311,0
2018-03-01,19:00:00,23.65,23.95,23.65,23.95,300,0
2018-03-01,20:00:00,23.6,23.7,23.45,23.5,700,0
2018-03-01,21:00:00,23.6,23.7,23.4,23.7,600,0
2018-03-01,22:00:00,23.8,23.9,23.35,23.35,3176,0
2018-03-02,16:00:00,23.3,23.45,23.3,23.375,600,0
2018-03-02,17:00:00,23.5,23.5,23.3,23.5,998,0
2018-03-02,18:00:00,23.46,23.5,23.35,23.45,3797,0
2018-03-02,20:00:00,23.9,24,23.8,23.9,126183,0
2018-03-02,21:00:00,23.95,23.95,23.85,23.9,400,0
2018-03-02,22:00:00,23.9,24.35,23.9,24.25,4314,0
2018-03-05,17:00:00,24.1,24.2,23.95,24.2,300,0
2018-03-05,18:00:00,23.95,24.125,23.95,23.95,300,0
2018-03-05,19:00:00,24.3,24.7,24.3,24.7,3532,0
2018-03-05,20:00:00,24.8,24.95,24.75,24.75,796,0
2018-03-05,21:00:00,24.75,24.95,24.6,24.65,2002,0
2018-03-05,22:00:00,24.6,24.7,24.55,24.7,2834,0
2018-03-06,17:00:00,24.3,24.3,24.1,24.2,400,0
2018-03-06,18:00:00,24.25,24.25,24.25,24.25,100,0
2018-03-06,20:00:00,24.4,24.7,24.35,24.7,1531,0
2018-03-06,21:00:00,24.8,25,24.75,24.95,121165,0
2018-03-06,22:00:00,24.9,24.9,24.575,24.8,5261,0
2018-03-07,16:00:00,24.75,24.75,24.75,24.75,289,0
2018-03-07,17:00:00,24.8,24.8,24.75,24.8,1400,0
2018-03-07,18:00:00,24.95,25,24.8,24.8172,2800,0
2018-03-07,19:00:00,24.85,24.95,24.8,24.8,400,0
2018-03-07,20:00:00,24.85,24.9,24.7,24.85,700,0
2018-03-07,21:00:00,24.9,24.95,24.9,24.9,3615,0
2018-03-07,22:00:00,24.95,25.25,24.9,25.2,11380,0
2018-03-08,16:00:00,25.1,25.1,24.8,24.8,440,0
2018-03-08,17:00:00,24.8,24.8,24.55,24.55,500,0
2018-03-08,18:00:00,24.55,24.55,24.2,24.45,754,0
2018-03-08,19:00:00,24.4,24.8,24.4,24.65,2300,0
2018-03-08,20:00:00,24.7,24.7,24.4,24.4,521,0
2018-03-08,21:00:00,24.65,24.75,24.4,24.45,987,0
2018-03-08,22:00:00,24.4,24.7,24.4,24.65,2611,0
2018-03-09,17:00:00,24.65,24.65,24.65,24.65,100,0
2018-03-09,19:00:00,24.7,24.95,24.65,24.95,561,0
2018-03-09,20:00:00,24.7,24.75,24.7,24.75,300,0
2018-03-09,22:00:00,24.5,24.94,24.5,24.65,2858,0
2018-03-12,15:00:00,24.7,24.7,24.7,24.7,131,0
2018-03-12,16:00:00,24.6,24.6,24.4,24.4,408,0
2018-03-12,17:00:00,24.55,24.8,24.55,24.8,400,0
2018-03-12,18:00:00,24.7,24.7,24.7,24.7,100,0
2018-03-12,19:00:00,24.775,24.8,24.7,24.8,1138,0
2018-03-12,21:00:00,24.75,24.85,24.7,24.85,1723,0
2018-03-13,15:00:00,24.8,24.8,24.7,24.7,249,0
2018-03-13,16:00:00,24.675,24.95,24.675,24.7,3987,0
2018-03-13,19:00:00,24.825,24.85,24.75,24.85,400,0
2018-03-13,21:00:00,24.845,25,24.8194,24.85,3891,0
2018-03-14,15:00:00,24.7,24.7,24.7,24.7,100,0
2018-03-14,16:00:00,24.8,24.8,24.8,24.8,100,0
2018-03-14,17:00:00,25,25,25,25,100,0
2018-03-14,18:00:00,25,25,25,25,100,0
2018-03-14,19:00:00,24.85,24.9,24.65,24.9,700,0
2018-03-14,20:00:00,24.75,25,24.75,25,300,0
2018-03-14,21:00:00,24.7,24.75,24.7,24.75,279,0
2018-03-15,15:00:00,25,25,25,25,100,0
2018-03-15,16:00:00,24.9535,25.5,24.9,25.5,3967,0
2018-03-15,17:00:00,25.7248,25.85,25.7,25.85,1000,0
2018-03-15,18:00:00,25.9,25.9,25.85,25.9,750,0
2018-03-15,19:00:00,25.802,25.9,25.802,25.85,1350,0
2018-03-15,20:00:00,26,26.4,26,26.05,2206,0
2018-03-15,21:00:00,26.25,26.75,26.25,26.55,1451,0
2018-03-16,15:00:00,26.45,26.45,25.65,25.65,9702,0
2018-03-16,16:00:00,26.3,26.45,26.05,26.45,400,0
2018-03-16,17:00:00,26.45,27,26.45,27,4452,0
2018-03-16,18:00:00,26.95,27.65,26.95,27.65,1510,0
2018-03-16,19:00:00,27.35,27.4,27.35,27.4,200,0
2018-03-16,20:00:00,27.525,28,27.525,27.6,1600,0
2018-03-16,21:00:00,27.6,27.6,27.25,27.5,595,0
2018-03-19,15:00:00,27.6,27.6,27.6,27.6,255,0
2018-03-19,16:00:00,27.5,27.5,27.1,27.1,2104,0
2018-03-19,17:00:00,27.155,27.3,27.155,27.2,3950,0
2018-03-19,18:00:00,27.15,27.15,27.1,27.15,400,0
2018-03-19,19:00:00,27.15,27.45,27.15,27.35,3300,0
2018-03-19,20:00:00,27.45,27.45,27.3,27.45,1054,0
2018-03-19,21:00:00,27.45,27.95,27.3,27.85,2818,0
2018-03-20,15:00:00,27.7,27.7,27.5,27.5,648,0
2018-03-20,18:00:00,27.45,27.45,27.45,27.45,100,0
2018-03-20,19:00:00,27.3,27.3,27.15,27.15,800,0
2018-03-20,21:00:00,26.95,27.3,26.8,27.1,3058,0
2018-03-21,15:00:00,26.925,26.925,26.925,26.925,200,0
2018-03-21,16:00:00,27.05,27.1,26.86,27.1,956,0
2018-03-21,17:00:00,27.1,27.1,26.85,26.85,1590,0
2018-03-21,18:00:00,27.05,27.55,26.95,27.55,700,0
2018-03-21,19:00:00,27.05,27.05,26.9,26.9,300,0
2018-03-21,20:00:00,27.3,27.3,27.1,27.3,300,0
2018-03-21,21:00:00,27.25,27.7,27.15,27.65,5391,0
2018-03-22,15:00:00,27.25,27.4,27.2,27.4,619,0
2018-03-22,16:00:00,27.4,27.4,27.4,27.4,100,0
2018-03-22,20:00:00,27.05,27.3,27.05,27.3,500,0
2018-03-22,21:00:00,27.025,27.3,26.7,26.7,1538,0
2018-03-23,17:00:00,26.6,27.3,26.6,27.3,900,0
2018-03-23,18:00:00,26.95,26.95,26.95,26.95,100,0
2018-03-23,19:00:00,26.65,26.65,26.5,26.55,717,0
2018-03-23,20:00:00,26.45,26.45,26.45,26.45,100,0
2018-03-23,21:00:00,26.45,26.45,26.25,26.3,1627,0
2018-03-26,19:00:00,26.7,26.7,26.7,26.7,100,0
2018-03-26,20:00:00,26.25,26.4,26.25,26.4,700,0
2018-03-26,21:00:00,26.4,26.475,26.25,26.475,400,0
2018-03-26,22:00:00,26.45,26.95,26.45,26.85,1599,0
2018-03-27,19:00:00,26.85,27.1,26.85,27.1,497,0
2018-03-27,20:00:00,26.65,26.65,26.65,26.65,100,0
2018-03-27,22:00:00,26.95,26.95,26.3,26.3,1590,0
2018-03-28,16:00:00,26.35,26.4,26.35,26.4,563,0
2018-03-28,17:00:00,26.4,26.85,26.25,26.45,1010,0
2018-03-28,19:00:00,26.35,26.45,26.1,26.2,4308,0
2018-03-28,20:00:00,26.05,26.15,26,26.1,1650,0
2018-03-28,21:00:00,26.1,26.1,26.1,26.1,100,0
2018-03-28,22:00:00,26,26,26,26,300,0
2018-03-29,16:00:00,26.6,26.6,26.55,26.55,300,0
2018-03-29,17:00:00,26.55,26.55,25.775,26.05,2334,0
2018-03-29,18:00:00,26.15,26.15,25.8,25.95,2600,0
2018-03-29,19:00:00,25.95,25.95,25.65,25.65,1227,0
2018-03-29,20:00:00,25.8,25.8,25.45,25.5,1706,0
2018-03-29,21:00:00,25.55,25.65,24.95,25.275,1700,0
2018-03-29,22:00:00,25.35,25.475,25.1,25.25,5567,0
