Date,Time,Open,High,Low,Close,Volume,OpenInt
2017-10-23,16:00:00,14,14.99,12,13.3,223716,0
2017-10-23,17:00:00,13.37,13.8,12.6252,13.1272,41948,0
2017-10-23,18:00:00,13.177,13.3199,12.5101,12.85,37400,0
2017-10-23,19:00:00,12.8907,12.99,12.59,12.7654,10680,0
2017-10-23,20:00:00,12.76,12.85,12.65,12.7938,6800,0
2017-10-23,21:00:00,12.73,12.79,11.8,12.1356,23127,0
2017-10-23,22:00:00,12.1,12.15,10.56,11.5,33151,0
2017-10-24,16:00:00,11.27,11.52,10.131,11.1626,57179,0
2017-10-24,17:00:00,11.041,11.4,10.8,10.905,64038,0
2017-10-24,18:00:00,10.9,10.9,10.16,10.5375,56896,0
2017-10-24,19:00:00,10.69,10.8231,10.61,10.66,12515,0
2017-10-24,20:00:00,10.7197,10.7197,10.45,10.45,17062,0
2017-10-24,21:00:00,10.39,10.75,10.29,10.66,12340,0
2017-10-24,22:00:00,10.5492,10.7,10.3,10.42,19206,0
2017-10-25,16:00:00,10.6,10.6,9.75,9.9383,34836,0
2017-10-25,17:00:00,9.85,10.3,9.5575,10.1165,101369,0
2017-10-25,18:00:00,10.15,10.2,9.808,10.12,54491,0
2017-10-25,19:00:00,10.188,11,10.11,10.78,69892,0
2017-10-25,20:00:00,10.79,11.978,10.665,11.7305,126727,0
2017-10-25,21:00:00,11.6485,12,10.59,10.592,75802,0
2017-10-25,22:00:00,10.8593,11.1,10.45,10.5184,31195,0
2017-10-26,16:00:00,10.39,11.28,9.85,10.7644,63640,0
2017-10-26,17:00:00,10.9414,11.5,10.57,11.01,47159,0
2017-10-26,18:00:00,10.98,10.98,10.6148,10.88,10270,0
2017-10-26,19:00:00,10.91,11.475,10.91,11.05,25975,0
2017-10-26,20:00:00,11.2538,11.29,11,11.1,8632,0
2017-10-26,21:00:00,11.0821,11.0821,10.75,11.01,8498,0
2017-10-26,22:00:00,10.9356,11.33,10.9356,11.07,41371,0
2017-10-27,16:00:00,11.2,11.49,10.801,11.36,6581,0
2017-10-27,17:00:00,11.3599,11.4,10.6265,10.99,31520,0
2017-10-27,18:00:00,11,11.048,10.7405,11.048,10425,0
2017-10-27,19:00:00,11.09,12.55,11.09,12.3671,145788,0
2017-10-27,20:00:00,12.2867,12.979,11.68,11.85,98648,0
2017-10-27,21:00:00,11.8499,12.26,11.2,11.275,48215,0
2017-10-27,22:00:00,11.265,11.54,9.05,9.1,206556,0
2017-10-30,15:00:00,8.7,9.35,8.5,8.92,65967,0
2017-10-30,16:00:00,9.0042,9.0945,7.3,8,98219,0
2017-10-30,17:00:00,8,8.189,7.0895,7.2305,89545,0
2017-10-30,18:00:00,7.16,7.45,7.01,7.4041,84096,0
2017-10-30,19:00:00,7.39,7.7282,7.2,7.6,57700,0
2017-10-30,20:00:00,7.4595,7.5325,6.9,6.9001,39064,0
2017-10-30,21:00:00,6.992,7.098,6.8,6.98,41475,0
2017-10-31,15:00:00,7.21,7.4999,6.75,6.95,34971,0
2017-10-31,16:00:00,6.9138,7.05,6.6505,6.8325,34681,0
2017-10-31,17:00:00,6.84,7.0499,6.81,6.8692,18782,0
2017-10-31,18:00:00,6.9,7.049,6.82,6.9989,22789,0
2017-10-31,19:00:00,6.86,7.13,6.86,7.13,16448,0
2017-10-31,20:00:00,7.1461,7.22,6.9175,7.1825,29938,0
2017-10-31,21:00:00,7.1999,7.1999,6.821,6.91,35628,0
2017-11-01,15:00:00,6.88,6.99,6.7,6.7999,13195,0
2017-11-01,16:00:00,6.6503,6.6852,6.2,6.2255,22223,0
2017-11-01,17:00:00,6.19,6.32,6.19,6.2342,11195,0
2017-11-01,18:00:00,6.2124,6.3544,6.2,6.3544,8533,0
2017-11-01,19:00:00,6.33,6.33,6.21,6.242,6850,0
2017-11-01,20:00:00,6.25,6.335,6.21,6.2201,5381,0
2017-11-01,21:00:00,6.22,6.22,5.1555,5.44,129656,0
2017-11-02,15:00:00,5.34,5.3699,5.037,5.21,12456,0
2017-11-02,16:00:00,5.1993,5.3525,4.53,4.8216,76161,0
2017-11-02,17:00:00,4.88,5,4.8394,5,22621,0
2017-11-02,18:00:00,5,5.35,5,5.1501,43755,0
2017-11-02,19:00:00,5.1501,5.19,5.1501,5.17,11228,0
2017-11-02,20:00:00,5.15,5.2,5.1,5.1,6400,0
2017-11-02,21:00:00,5.1,5.25,5.0348,5.0499,11221,0
2017-11-03,15:00:00,5.2,6.349,5.2,5.87,47797,0
2017-11-03,16:00:00,5.88,5.945,5.6,5.81,26205,0
2017-11-03,17:00:00,5.77,5.78,5.68,5.68,12573,0
2017-11-03,18:00:00,5.7,5.775,5.5001,5.7679,3680,0
2017-11-03,19:00:00,5.53,5.7,5.52,5.7,1670,0
2017-11-03,20:00:00,5.599,5.6699,5.52,5.5501,4054,0
2017-11-03,21:00:00,5.55,5.749,5.55,5.56,13297,0
2017-11-06,16:00:00,5.73,5.99,5.68,5.8686,15319,0
2017-11-06,17:00:00,5.85,6.1,5.83,6.04,15385,0
2017-11-06,18:00:00,6.04,6.04,5.86,5.9492,10251,0
2017-11-06,19:00:00,5.97,5.98,5.82,5.82,7100,0
2017-11-06,20:00:00,5.79,5.79,5.76,5.76,1430,0
2017-11-06,21:00:00,5.73,5.75,5.73,5.75,1017,0
2017-11-06,22:00:00,5.6942,5.7111,5.684,5.6875,6674,0
2017-11-07,16:00:00,5.6613,6.349,5.6613,6.33,25451,0
2017-11-07,17:00:00,6.2965,6.719,6.05,6.69,78136,0
2017-11-07,18:00:00,6.5335,6.7867,6.25,6.51,64267,0
2017-11-07,19:00:00,6.5024,6.57,6.3546,6.57,7575,0
2017-11-07,20:00:00,6.57,6.61,6.45,6.5,5428,0
2017-11-07,21:00:00,6.5384,6.75,6.5384,6.7139,4330,0
2017-11-07,22:00:00,6.71,6.739,6.36,6.55,11885,0
2017-11-08,16:00:00,6.45,7.35,6.45,7.345,30570,0
2017-11-08,17:00:00,7.3138,7.39,7.01,7.1094,53967,0
2017-11-08,18:00:00,7.1148,7.23,7.05,7.1649,17135,0
2017-11-08,19:00:00,7.091,7.15,6.91,7.09,16025,0
2017-11-08,20:00:00,7.06,7.0812,7.06,7.08,570,0
2017-11-08,21:00:00,7.07,7.07,7.0061,7.03,2601,0
2017-11-08,22:00:00,7.0498,7.74,7.0498,7.51,34602,0
2017-11-09,16:00:00,7.29,7.98,7.29,7.53,38741,0
2017-11-09,17:00:00,7.51,7.66,7.33,7.37,23053,0
2017-11-09,18:00:00,7.57,7.64,7.38,7.5753,30975,0
2017-11-09,19:00:00,7.5684,7.5684,7.37,7.37,5130,0
2017-11-09,20:00:00,7.3483,7.3868,7.2,7.36,9920,0
2017-11-09,21:00:00,7.2863,7.2863,6.85,6.86,10453,0
2017-11-09,22:00:00,6.8359,7.05,6.8359,6.91,6233,0
2017-11-10,16:00:00,6.75,6.9,5.45,6.61,32739,0
2017-11-10,17:00:00,6.6,6.6,6.0029,6.25,13957,0
2017-11-10,18:00:00,6.32,6.32,6.251,6.251,400,0
2017-11-10,19:00:00,6.25,6.3,6.2,6.2953,3950,0
2017-11-10,20:00:00,6.32,6.32,6.2149,6.295,3155,0
2017-11-10,21:00:00,6.2989,6.3,6.201,6.26,4100,0
2017-11-10,22:00:00,6.29,6.3,6.13,6.3,11791,0
2017-11-13,16:00:00,6.07,6.36,6.011,6.36,7313,0
2017-11-13,17:00:00,6.45,6.45,6.36,6.4,3738,0
2017-11-13,18:00:00,6.44,6.44,6.255,6.4092,3790,0
2017-11-13,19:00:00,6.2438,6.324,6.22,6.22,2400,0
2017-11-13,20:00:00,6.2995,6.2995,6.2995,6.2995,300,0
2017-11-13,21:00:00,6.21,6.219,6.21,6.219,200,0
2017-11-13,22:00:00,6.22,6.2503,6.16,6.21,3175,0
2017-11-14,16:00:00,6.08,6.62,6.08,6.3592,17925,0
2017-11-14,17:00:00,6.3521,6.3521,6.15,6.15,3755,0
2017-11-14,18:00:00,6.27,6.31,6.2253,6.2253,1418,0
2017-11-14,21:00:00,6.23,6.2428,6.23,6.24,1480,0
2017-11-14,22:00:00,6.16,6.28,6.09,6.14,5275,0
2017-11-15,16:00:00,6.13,6.2711,6.13,6.2711,718,0
2017-11-15,17:00:00,6.26,6.27,5.81,5.991,4264,0
2017-11-15,18:00:00,5.84,5.86,5.81,5.86,414,0
2017-11-15,19:00:00,6,6,5.8728,5.9753,700,0
2017-11-15,20:00:00,5.992,6,5.97,5.97,605,0
2017-11-15,21:00:00,5.9187,5.99,5.86,5.8776,11504,0
2017-11-15,22:00:00,5.9492,6.009,5.9,5.9,2300,0
2017-11-16,16:00:00,5.95,5.99,5.95,5.99,640,0
2017-11-16,17:00:00,6.53,6.53,6.1853,6.1853,9475,0
2017-11-16,18:00:00,6.31,6.31,6.1323,6.28,5892,0
2017-11-16,19:00:00,6.02,6.02,6.01,6.018,900,0
2017-11-16,20:00:00,6.176,6.176,6,6.0244,9970,0
2017-11-16,21:00:00,5.95,5.95,5.9,5.9,2200,0
2017-11-16,22:00:00,5.85,5.95,5.85,5.85,2975,0
2017-11-17,16:00:00,5.8,5.968,5.8,5.8999,4525,0
2017-11-17,17:00:00,5.918,6.02,5.9,6.0151,10204,0
2017-11-17,18:00:00,5.98,5.98,5.9468,5.9468,513,0
2017-11-17,20:00:00,5.92,5.92,5.9,5.9,1100,0
2017-11-17,21:00:00,5.92,5.98,5.92,5.97,5103,0
2017-11-17,22:00:00,5.9535,5.96,5.95,5.96,1336,0
2017-11-20,16:00:00,5.96,6.186,5.96,6.01,1795,0
2017-11-20,17:00:00,6.0545,6.14,6.0545,6.1223,6233,0
2017-11-20,18:00:00,6.08,6.0952,6.03,6.0952,3007,0
2017-11-20,19:00:00,6.058,6.058,6.058,6.058,1000,0
2017-11-20,22:00:00,6.03,6.03,6.03,6.03,500,0
2017-11-21,16:00:00,6.0134,6.05,5.9343,5.9343,4025,0
2017-11-21,17:00:00,5.98,6.0172,5.91,5.9406,6157,0
2017-11-21,18:00:00,5.9865,5.9865,5.67,5.8992,12700,0
2017-11-21,19:00:00,5.6594,5.81,5.5,5.5,3298,0
2017-11-21,20:00:00,5.68,5.7,5.5,5.65,6403,0
2017-11-21,21:00:00,5.5121,5.6053,5.5,5.6053,1200,0
2017-11-21,22:00:00,5.71,5.82,5.52,5.76,9885,0
2017-11-22,16:00:00,5.49,5.9213,5.49,5.65,8200,0
2017-11-22,17:00:00,5.732,5.732,5.732,5.732,400,0
2017-11-22,18:00:00,5.62,5.63,5.62,5.6299,3100,0
2017-11-22,19:00:00,5.6386,5.6386,5.26,5.4669,8157,0
2017-11-22,20:00:00,5.47,5.47,5.41,5.41,1250,0
2017-11-22,21:00:00,5.41,5.491,5.41,5.491,900,0
2017-11-22,22:00:00,5.42,5.5,5.41,5.49,2891,0
2017-11-24,16:00:00,5.52,5.89,5.52,5.83,1400,0
2017-11-24,17:00:00,5.78,5.78,5.78,5.78,100,0
2017-11-24,18:00:00,5.5631,5.62,5.37,5.4,15546,0
2017-11-24,19:00:00,5.4,5.4884,5.37,5.48,1430,0
2017-11-27,16:00:00,5.8952,5.98,5.8952,5.98,200,0
2017-11-27,17:00:00,5.72,5.75,5.6243,5.73,2893,0
2017-11-27,18:00:00,5.71,5.71,5.52,5.54,2915,0
2017-11-27,19:00:00,5.52,5.5201,5.52,5.5201,400,0
2017-11-27,20:00:00,5.48,5.48,5.4779,5.4779,500,0
2017-11-27,21:00:00,5.48,5.5,5.48,5.5,2260,0
2017-11-27,22:00:00,5.7,5.7,5.45,5.45,3850,0
2017-11-28,16:00:00,5.49,5.49,5.49,5.49,555,0
2017-11-28,17:00:00,5.33,5.33,5.1,5.14,13600,0
2017-11-28,18:00:00,5.112,5.112,4.6401,5.0767,22175,0
2017-11-28,19:00:00,5.07,5.07,5.07,5.07,100,0
2017-11-28,20:00:00,5.1338,5.1338,4.9653,4.98,13340,0
2017-11-28,21:00:00,4.97,5.12,4.8,4.8196,7609,0
2017-11-28,22:00:00,5.035,5.09,4.94,5.09,3361,0
2017-11-29,16:00:00,4.99,5.18,4.99,5.18,946,0
2017-11-29,17:00:00,5.18,5.22,4.8,4.8,10557,0
2017-11-29,18:00:00,4.85,5.0492,4.85,5.0492,1400,0
2017-11-29,19:00:00,4.87,4.908,4.85,4.85,2100,0
2017-11-29,21:00:00,4.85,4.85,4.8388,4.85,3036,0
2017-11-29,22:00:00,4.9574,4.9574,4.85,4.85,1775,0
2017-11-30,16:00:00,4.85,4.9695,4.82,4.886,2210,0
2017-11-30,17:00:00,4.96,4.9799,4.95,4.97,1400,0
2017-11-30,18:00:00,4.97,5.05,4.95,4.95,8300,0
2017-11-30,19:00:00,4.93,4.93,4.93,4.93,200,0
2017-11-30,20:00:00,4.98,4.98,4.98,4.98,200,0
2017-11-30,21:00:00,4.92,4.93,4.85,4.91,4100,0
2017-11-30,22:00:00,4.89,4.925,4.85,4.89,2500,0
2017-12-01,16:00:00,4.8813,4.98,4.8692,4.975,2350,0
2017-12-01,17:00:00,4.94,5,4.75,4.94,5100,0
2017-12-01,18:00:00,4.86,4.86,4.72,4.79,4700,0
2017-12-01,19:00:00,4.81,4.81,4.5995,4.63,2470,0
2017-12-01,20:00:00,4.63,4.6392,4.32,4.48,14400,0
2017-12-01,21:00:00,4.5547,4.61,4.5547,4.61,731,0
2017-12-01,22:00:00,4.723,4.723,4.63,4.63,350,0
2017-12-04,16:00:00,4.6,4.6,3.7,4.295,4051,0
2017-12-04,17:00:00,4.18,4.27,4.0947,4.25,9045,0
2017-12-04,18:00:00,4.25,4.55,4.25,4.25,3100,0
2017-12-04,21:00:00,4.38,4.49,4.38,4.49,1900,0
2017-12-04,22:00:00,4.4,4.4,4.4,4.4,500,0
2017-12-05,16:00:00,4.24,4.3584,4.2,4.34,3100,0
2017-12-05,17:00:00,4.32,4.34,4.03,4.2709,6400,0
2017-12-05,18:00:00,4.3164,4.4872,4.25,4.4872,11005,0
2017-12-05,19:00:00,4.45,4.505,4.385,4.4957,3085,0
2017-12-05,20:00:00,4.44,4.44,4.39,4.39,1536,0
2017-12-05,21:00:00,4.3179,4.3179,4.3179,4.3179,117,0
2017-12-05,22:00:00,4.23,4.5,4.1499,4.46,8508,0
2017-12-06,16:00:00,4.45,4.46,4.44,4.4592,3450,0
2017-12-06,17:00:00,4.457,4.46,4,4.39,14800,0
2017-12-06,18:00:00,4.39,4.4,4.19,4.35,1550,0
2017-12-06,19:00:00,4.315,4.35,4.315,4.35,600,0
2017-12-06,20:00:00,4.33,4.33,4.1801,4.1801,1350,0
2017-12-06,21:00:00,4.18,4.18,4.1,4.1,600,0
2017-12-06,22:00:00,4.35,4.45,4.25,4.44,8400,0
2017-12-07,17:00:00,4.1999,4.1999,4.1999,4.1999,400,0
2017-12-07,18:00:00,4.26,4.26,4.21,4.21,7070,0
2017-12-07,19:00:00,4.43,4.43,4.39,4.39,300,0
2017-12-07,21:00:00,4.35,4.35,4.1325,4.1325,600,0
2017-12-07,22:00:00,4.124,4.124,4.124,4.124,330,0
2017-12-08,16:00:00,4.2,4.35,4.2,4.35,300,0
2017-12-08,17:00:00,4.1853,4.1853,4.1853,4.1853,266,0
2017-12-08,18:00:00,4.19,4.2499,4.1,4.1,2200,0
2017-12-08,19:00:00,4.13,4.15,4.13,4.15,1035,0
2017-12-08,20:00:00,4.2532,4.26,4.2532,4.26,718,0
2017-12-08,21:00:00,4.16,4.16,4.15,4.15,900,0
2017-12-08,22:00:00,4.15,4.25,4.15,4.18,2205,0
2017-12-11,16:00:00,4.04,4.41,4.03,4.41,957,0
2017-12-11,17:00:00,4.39,4.4,4.32,4.32,500,0
2017-12-11,21:00:00,4.09,4.09,4.06,4.06,400,0
2017-12-11,22:00:00,4.25,4.25,4.07,4.07,300,0
2017-12-12,17:00:00,4.26,4.26,4.07,4.07,1000,0
2017-12-12,18:00:00,4.57,4.78,4.23,4.2795,4460,0
2017-12-12,19:00:00,4.26,4.37,4.08,4.37,8896,0
2017-12-12,20:00:00,4.24,4.24,4.18,4.21,2980,0
2017-12-12,21:00:00,4.3,4.36,4.25,4.36,1400,0
2017-12-12,22:00:00,4.25,4.25,4.1499,4.15,15824,0
2017-12-13,17:00:00,4.36,4.46,4.1739,4.32,3100,0
2017-12-13,18:00:00,4.2986,4.2986,4.29,4.29,445,0
2017-12-13,19:00:00,4.2704,4.28,4.18,4.18,9684,0
2017-12-13,20:00:00,4.26,4.42,4.2499,4.387,8900,0
2017-12-13,21:00:00,4.31,4.31,4.15,4.2001,4650,0
2017-12-13,22:00:00,4.2,4.38,4.18,4.2,7100,0
2017-12-14,16:00:00,4.38,4.61,4.2295,4.4694,800,0
2017-12-14,17:00:00,4.3024,4.32,4.3024,4.32,400,0
2017-12-14,18:00:00,4.5803,4.61,4.5,4.61,5288,0
2017-12-14,19:00:00,4.8464,5,4.7578,4.9981,21606,0
2017-12-14,20:00:00,4.9289,5,4.9289,4.99,3118,0
2017-12-14,21:00:00,4.9899,5,4.51,4.635,22376,0
2017-12-14,22:00:00,4.78,4.86,4.6,4.67,3709,0
2017-12-15,16:00:00,4.61,4.78,4.54,4.78,6200,0
2017-12-15,17:00:00,4.613,4.79,4.613,4.79,300,0
2017-12-15,18:00:00,4.7,4.7,4.7,4.7,400,0
2017-12-15,19:00:00,4.75,4.88,4.75,4.88,3150,0
2017-12-15,20:00:00,4.88,5.4895,4.856,5.1288,37067,0
2017-12-15,21:00:00,5.15,5.2097,5.01,5.1204,7180,0
2017-12-15,22:00:00,5.13,5.13,4.83,4.88,5927,0
2017-12-18,16:00:00,4.85,4.85,4.5101,4.779,6130,0
2017-12-18,17:00:00,4.6705,4.76,4.623,4.76,8100,0
2017-12-18,18:00:00,4.76,5.5,4.76,5.3688,55167,0
2017-12-18,19:00:00,5.3761,5.7499,5.34,5.49,25650,0
2017-12-18,20:00:00,5.62,5.75,5.4,5.47,14377,0
2017-12-18,21:00:00,5.7,5.7,5.32,5.4,15535,0
2017-12-18,22:00:00,5.54,5.54,5.3441,5.38,8065,0
2017-12-19,16:00:00,5.63,5.63,5.2013,5.57,10528,0
2017-12-19,17:00:00,5.42,5.91,5.4,5.7566,59567,0
2017-12-19,18:00:00,5.8254,5.88,5.71,5.79,3775,0
2017-12-19,19:00:00,5.76,5.7775,5.26,5.64,12447,0
2017-12-19,20:00:00,5.5753,5.5753,5.4,5.41,2844,0
2017-12-19,21:00:00,5.41,5.67,5.31,5.4,15600,0
2017-12-19,22:00:00,5.5,5.5,5.01,5.01,37966,0
2017-12-20,16:00:00,4.94,5.56,4.94,5.2384,14785,0
2017-12-20,17:00:00,5.24,5.33,5.08,5.33,2357,0
2017-12-20,18:00:00,5.24,5.24,5.19,5.19,800,0
2017-12-20,19:00:00,5.15,5.32,5.05,5.19,6925,0
2017-12-20,20:00:00,5.115,5.115,5.1,5.1,200,0
2017-12-20,21:00:00,5.115,5.18,5.115,5.18,600,0
2017-12-20,22:00:00,5.18,5.18,5.04,5.06,6827,0
2017-12-21,16:00:00,5.1,5.45,5.1,5.45,2500,0
2017-12-21,17:00:00,5.37,5.67,5.37,5.5,1480,0
2017-12-21,18:00:00,5.3,5.4,5.2,5.4,2802,0
2017-12-21,19:00:00,5.2655,5.33,5.2655,5.33,200,0
2017-12-21,20:00:00,5.35,5.35,5.35,5.35,1250,0
2017-12-21,21:00:00,5.3713,5.43,5.3713,5.4,6100,0
2017-12-21,22:00:00,5.4,5.4,5.1,5.13,31645,0
2017-12-22,16:00:00,5.37,5.54,5.37,5.54,1663,0
2017-12-22,17:00:00,5.3452,5.54,5.33,5.4094,19092,0
2017-12-22,18:00:00,5.4,5.4,5.07,5.07,3800,0
2017-12-22,19:00:00,5.09,5.09,4.88,5.01,7126,0
2017-12-22,21:00:00,5.06,5.06,5.06,5.06,100,0
2017-12-22,22:00:00,5.0599,5.2,5.01,5.03,8776,0
2017-12-26,16:00:00,5.267,5.3602,5.2,5.2,3800,0
2017-12-26,17:00:00,5.1,5.15,4.9,4.995,4390,0
2017-12-26,18:00:00,4.9001,4.95,4.9001,4.95,200,0
2017-12-26,19:00:00,4.98,4.98,4.81,4.81,1899,0
2017-12-26,20:00:00,4.82,4.92,4.82,4.92,1901,0
2017-12-26,21:00:00,4.87,4.87,4.8,4.8001,4792,0
2017-12-26,22:00:00,4.81,4.8404,4.81,4.82,970,0
2017-12-27,16:00:00,4.9593,5.05,4.9593,5.05,600,0
2017-12-27,17:00:00,4.935,4.935,4.71,4.72,3105,0
2017-12-27,18:00:00,4.77,4.77,4.65,4.68,3234,0
2017-12-27,19:00:00,4.6777,4.6777,4.63,4.674,1950,0
2017-12-27,21:00:00,4.7,4.7395,4.7,4.7395,300,0
2017-12-27,22:00:00,4.635,4.6469,4.61,4.61,2600,0
2017-12-28,16:00:00,4.63,4.63,4.63,4.63,300,0
2017-12-28,17:00:00,4.6501,4.99,4.6501,4.9,14452,0
2017-12-28,18:00:00,4.85,4.88,4.8,4.8,2315,0
2017-12-28,22:00:00,4.67,4.755,4.4936,4.64,18259,0
2017-12-29,16:00:00,4.69,4.87,4.47,4.78,27550,0
2017-12-29,17:00:00,4.6223,4.67,4.411,4.65,8468,0
2017-12-29,18:00:00,4.52,4.66,4.41,4.41,12000,0
2017-12-29,19:00:00,4.4292,4.4313,4.26,4.2601,6100,0
2017-12-29,20:00:00,4.3,4.3463,4.26,4.26,5900,0
2017-12-29,21:00:00,4.2816,4.4075,4.2816,4.4075,5079,0
2017-12-29,22:00:00,4.37,4.48,4.33,4.36,12460,0
2018-01-02,16:00:00,4.4,4.4718,4.1,4.32,4912,0
2018-01-02,17:00:00,4.32,4.48,4.3069,4.48,2985,0
2018-01-02,18:00:00,4.412,4.4651,4.3418,4.45,3243,0
2018-01-02,19:00:00,4.44,4.44,4.43,4.43,200,0
2018-01-02,21:00:00,4.4344,4.61,4.43,4.55,6100,0
2018-01-02,22:00:00,4.525,4.58,4.525,4.57,1723,0
2018-01-03,16:00:00,4.6669,4.76,4.634,4.634,900,0
2018-01-03,17:00:00,4.749,4.8478,4.51,4.51,7985,0
2018-01-03,18:00:00,4.71,4.71,4.55,4.55,200,0
2018-01-03,19:00:00,4.69,4.69,4.69,4.69,100,0
2018-01-03,21:00:00,4.6499,4.6499,4.6499,4.6499,300,0
2018-01-03,22:00:00,4.53,4.572,4.43,4.45,3000,0
2018-01-04,16:00:00,4.31,4.56,4.27,4.458,3700,0
2018-01-04,17:00:00,4.45,4.46,4.38,4.3972,3060,0
2018-01-04,18:00:00,4.45,4.45,4.27,4.27,3200,0
2018-01-04,19:00:00,4.3001,4.3001,4.26,4.2999,4805,0
2018-01-04,20:00:00,4.3,4.3,4.3,4.3,500,0
2018-01-04,22:00:00,4.35,4.37,4.3228,4.33,1877,0
2018-01-05,16:00:00,4.45,5.17,4.45,4.86,37773,0
2018-01-05,17:00:00,4.8,4.92,4.8,4.8582,10994,0
2018-01-05,18:00:00,4.92,4.92,4.685,4.74,10551,0
2018-01-05,19:00:00,4.74,4.7535,4.55,4.55,1994,0
2018-01-05,20:00:00,4.58,4.7579,4.49,4.585,11625,0
2018-01-05,21:00:00,4.54,4.54,4.53,4.53,200,0
2018-01-05,22:00:00,4.5341,4.98,4.51,4.7,29037,0
2018-01-08,16:00:00,4.77,4.98,4.77,4.92,12300,0
2018-01-08,17:00:00,4.9199,6.38,4.9199,5.9,312937,0
2018-01-08,18:00:00,5.9,6.22,5.7,5.8605,179610,0
2018-01-08,19:00:00,5.8516,6.07,5.62,5.9,145717,0
2018-01-08,20:00:00,5.83,6,5.77,5.911,11927,0
2018-01-08,21:00:00,5.93,6.5,5.91,6.3113,104308,0
2018-01-08,22:00:00,6.3348,6.3348,5.82,5.83,66020,0
2018-01-09,16:00:00,5.7,5.99,5.27,5.31,59046,0
2018-01-09,17:00:00,5.3,5.75,5.12,5.6714,33745,0
2018-01-09,18:00:00,5.7054,5.745,5.6601,5.745,4375,0
2018-01-09,19:00:00,5.75,6,5.75,6,9133,0
2018-01-09,20:00:00,6.08,6.08,5.77,5.7781,12383,0
2018-01-09,21:00:00,5.7701,5.8,5.7701,5.791,3000,0
2018-01-09,22:00:00,5.84,6.07,5.83,5.87,10369,0
2018-01-10,16:00:00,5.82,6.04,5.431,6.04,12828,0
2018-01-10,17:00:00,6.0099,6.0099,5.52,5.6501,21500,0
2018-01-10,18:00:00,5.79,5.79,5.558,5.558,25400,0
2018-01-10,19:00:00,5.6,5.78,5.55,5.7707,7500,0
2018-01-10,20:00:00,5.88,6.7845,5.85,6.6484,144973,0
2018-01-10,21:00:00,6.5929,6.99,6.5563,6.9126,59054,0
2018-01-10,22:00:00,6.9344,6.965,6.3,6.38,40282,0
2018-01-11,16:00:00,6.28,6.75,6.11,6.5918,33646,0
2018-01-11,17:00:00,6.65,6.65,6.2796,6.303,10609,0
2018-01-11,18:00:00,6.3398,6.6,6.3398,6.55,12848,0
2018-01-11,19:00:00,6.55,6.55,6.46,6.5211,2585,0
2018-01-11,20:00:00,6.4501,6.46,6.4,6.45,2300,0
2018-01-11,21:00:00,6.44,6.44,6.2007,6.3,6800,0
2018-01-11,22:00:00,6.28,6.31,6.21,6.28,9108,0
2018-01-12,16:00:00,6.14,6.44,6.11,6.33,8778,0
2018-01-12,17:00:00,6.3,6.3,5.56,5.74,30721,0
2018-01-12,18:00:00,5.74,5.8114,5.57,5.8114,20471,0
2018-01-12,19:00:00,5.9399,5.9399,5.8982,5.8982,570,0
2018-01-12,20:00:00,5.8,5.8,5.65,5.7603,16700,0
2018-01-12,21:00:00,5.6638,5.72,5.62,5.72,1820,0
2018-01-12,22:00:00,5.66,5.66,5.22,5.33,35432,0
2018-01-16,16:00:00,5.34,5.54,5.29,5.36,8850,0
2018-01-16,17:00:00,5.42,5.61,5.4,5.46,22805,0
2018-01-16,18:00:00,5.4948,5.5,5.4925,5.4925,1500,0
2018-01-16,19:00:00,5.509,5.51,5.4608,5.4608,3925,0
2018-01-16,20:00:00,5.46,5.479,5.45,5.45,6258,0
2018-01-16,21:00:00,5.3265,5.42,5.3265,5.42,2800,0
2018-01-16,22:00:00,5.37,5.56,5.36,5.51,4384,0
2018-01-17,16:00:00,5.56,5.69,5.3,5.435,1000,0
2018-01-17,17:00:00,5.2215,5.2666,4.6401,4.79,22583,0
2018-01-17,18:00:00,4.76,5.07,4.75,4.852,4000,0
2018-01-17,20:00:00,4.9239,4.9239,4.915,4.915,600,0
2018-01-17,21:00:00,4.9177,5.27,4.9177,5.2056,7603,0
2018-01-17,22:00:00,5.201,5.2799,5.14,5.2472,5098,0
2018-01-18,16:00:00,5.27,5.27,5.2464,5.2464,1100,0
2018-01-18,17:00:00,5.2651,5.2651,5.2,5.2,903,0
2018-01-18,18:00:00,5.2,5.2981,5.2,5.2981,4000,0
2018-01-18,19:00:00,5.3,5.3199,5.3,5.3199,900,0
2018-01-18,20:00:00,5.3,5.3606,5.3,5.3606,700,0
2018-01-18,21:00:00,5.26,5.26,5.2,5.2,400,0
2018-01-18,22:00:00,5.2,5.2,5.19,5.19,1097,0
2018-01-19,16:00:00,5.0853,5.35,4.97,4.97,4400,0
2018-01-19,17:00:00,4.97,4.99,4.77,4.9745,9000,0
2018-01-19,18:00:00,4.995,5,4.97,5,1700,0
2018-01-19,19:00:00,4.94,4.9999,4.89,4.96,1700,0
2018-01-19,20:00:00,4.9,4.9,4.9,4.9,100,0
2018-01-19,21:00:00,4.9,4.9,4.8163,4.9,3600,0
2018-01-19,22:00:00,4.98,5.14,4.98,5.03,15546,0
2018-01-22,16:00:00,4.9701,5.05,4.97,5.05,950,0
2018-01-22,17:00:00,5.08,5.08,4.92,4.92,1400,0
2018-01-22,18:00:00,4.98,4.98,4.91,4.91,500,0
2018-01-22,19:00:00,4.8198,4.9147,4.8198,4.85,5180,0
2018-01-22,20:00:00,4.9004,4.9004,4.84,4.85,15340,0
2018-01-22,21:00:00,4.84,5.03,4.72,4.99,21400,0
2018-01-22,22:00:00,4.9102,4.99,4.84,4.84,1800,0
2018-01-23,16:00:00,4.89,5.12,4.69,4.78,21781,0
2018-01-23,17:00:00,4.85,5.08,4.81,5.03,4000,0
2018-01-23,18:00:00,4.9,4.99,4.9,4.95,1341,0
2018-01-23,19:00:00,4.93,4.93,4.88,4.88,1200,0
2018-01-23,20:00:00,4.91,4.91,4.91,4.91,100,0
2018-01-23,21:00:00,4.92,4.92,4.8,4.9,10784,0
2018-01-23,22:00:00,4.9225,4.9225,4.85,4.85,2395,0
2018-01-24,16:00:00,4.97,5.15,4.97,5.0992,9100,0
2018-01-24,17:00:00,5.16,5.16,5,5.0627,1500,0
2018-01-24,18:00:00,5,5.09,5,5.09,800,0
2018-01-24,19:00:00,5.066,5.09,5.01,5.01,1300,0
2018-01-24,20:00:00,5.0912,5.0912,5.08,5.09,1900,0
2018-01-24,21:00:00,5.06,5.09,5.06,5.0749,905,0
2018-01-24,22:00:00,5.0699,5.0699,5,5.01,4300,0
2018-01-25,16:00:00,5,5,4.9001,4.9486,3100,0
2018-01-25,17:00:00,4.91,4.9245,4.9,4.9245,1691,0
2018-01-25,18:00:00,4.9245,4.995,4.9245,4.995,700,0
2018-01-25,19:00:00,4.9265,4.9565,4.9,4.92,1900,0
2018-01-25,20:00:00,4.9001,4.919,4.9,4.9,5600,0
2018-01-25,21:00:00,4.9124,4.9124,4.9124,4.9124,300,0
2018-01-25,22:00:00,4.9,4.9,4.58,4.58,6832,0
2018-01-26,16:00:00,4.613,4.613,4.613,4.613,200,0
2018-01-26,17:00:00,4.72,4.9,4.72,4.751,4840,0
2018-01-26,18:00:00,4.69,4.7129,4.69,4.71,1000,0
2018-01-26,19:00:00,4.61,4.65,4.601,4.65,2502,0
2018-01-26,20:00:00,4.8,4.86,4.8,4.86,400,0
2018-01-26,22:00:00,4.7037,4.7037,4.6,4.6,702,0
2018-01-29,16:00:00,4.8,5.35,4.7101,4.7838,5355,0
2018-01-29,17:00:00,5.0025,5.1147,4.86,5.1147,2962,0
2018-01-29,18:00:00,4.9,4.9,4.7,4.74,1944,0
2018-01-29,19:00:00,4.85,4.91,4.85,4.9099,500,0
2018-01-29,21:00:00,4.899,4.909,4.8476,4.909,1712,0
2018-01-29,22:00:00,4.8,4.8,4.64,4.66,300,0
2018-01-30,17:00:00,4.7,4.7,4.6,4.7,5012,0
2018-01-30,18:00:00,4.7499,4.76,4.7,4.76,2100,0
2018-01-30,19:00:00,4.88,4.899,4.88,4.899,300,0
2018-01-30,20:00:00,4.852,4.852,4.852,4.852,200,0
2018-01-30,21:00:00,4.7103,4.7103,4.7103,4.7103,3000,0
2018-01-30,22:00:00,4.73,4.76,4.62,4.63,2200,0
2018-01-31,16:00:00,4.74,4.74,4.74,4.74,940,0
2018-01-31,17:00:00,4.59,4.7599,4.58,4.7599,2700,0
2018-01-31,19:00:00,4.6511,4.66,4.6511,4.66,300,0
2018-01-31,21:00:00,4.7507,4.7507,4.7507,4.7507,1000,0
2018-01-31,22:00:00,4.66,4.74,4.65,4.677,3173,0
2018-02-01,16:00:00,4.815,4.8199,4.809,4.809,800,0
2018-02-01,17:00:00,4.8023,4.81,4.7999,4.805,2400,0
2018-02-01,19:00:00,4.74,4.74,4.74,4.74,500,0
2018-02-01,21:00:00,4.7599,4.7599,4.7599,4.7599,750,0
2018-02-01,22:00:00,4.8,4.8,4.8,4.8,300,0
2018-02-02,16:00:00,4.76,4.7835,4.61,4.6843,10847,0
2018-02-02,17:00:00,4.7,4.7,4.7,4.7,1300,0
2018-02-02,18:00:00,4.6369,4.6369,4.6369,4.6369,100,0
2018-02-02,20:00:00,4.64,4.66,4.62,4.62,6200,0
2018-02-02,21:00:00,4.62,4.6428,4.6,4.64,5200,0
2018-02-02,22:00:00,4.64,4.7401,4.62,4.62,19422,0
2018-02-05,16:00:00,4.56,4.78,4.56,4.7,2447,0
2018-02-05,17:00:00,4.7,4.7,4.7,4.7,1200,0
2018-02-05,18:00:00,4.69,4.69,4.595,4.6274,6100,0
2018-02-05,19:00:00,4.6,4.66,4.56,4.5718,11367,0
2018-02-05,20:00:00,4.56,4.56,4.5,4.5,2800,0
2018-02-05,21:00:00,4.48,4.52,4.4744,4.48,3337,0
2018-02-05,22:00:00,4.4912,4.59,4.42,4.59,8236,0
2018-02-06,16:00:00,4.5,4.5,3.875,3.91,17371,0
2018-02-06,17:00:00,4.05,4.26,4.05,4.26,2600,0
2018-02-06,18:00:00,4.39,4.39,4.39,4.39,100,0
2018-02-06,19:00:00,4.17,4.17,4.13,4.1517,1000,0
2018-02-06,20:00:00,4.12,4.12,4.12,4.12,200,0
2018-02-06,21:00:00,4.0944,4.0944,4.019,4.019,2800,0
2018-02-06,22:00:00,4.01,4.0602,4.01,4.04,1750,0
2018-02-07,16:00:00,4.15,4.15,3.968,3.968,1327,0
2018-02-07,17:00:00,4.08,4.25,4.08,4.25,4615,0
2018-02-07,18:00:00,4.2,4.2,4.2,4.2,100,0
2018-02-07,19:00:00,4.2,4.2,4.2,4.2,150,0
2018-02-07,20:00:00,4.2452,4.2452,4.1,4.1,1100,0
2018-02-07,22:00:00,4.0307,4.04,3.9,3.95,1800,0
2018-02-08,16:00:00,3.961,4.1,3.961,4.1,780,0
2018-02-08,17:00:00,4.1,4.18,4.1,4.18,500,0
2018-02-08,20:00:00,4.15,4.15,4.15,4.15,300,0
2018-02-08,22:00:00,4.02,4.14,4.02,4.14,500,0
2018-02-09,16:00:00,4.21,4.21,4.21,4.21,100,0
2018-02-09,17:00:00,4.1,4.1,4.05,4.05,300,0
2018-02-09,18:00:00,4.05,4.0501,4,4,1400,0
2018-02-09,19:00:00,3.9558,3.9558,3.9558,3.9558,250,0
2018-02-09,20:00:00,3.91,3.92,3.8652,3.8652,2000,0
2018-02-09,21:00:00,3.887,3.96,3.88,3.96,3600,0
2018-02-09,22:00:00,3.949,3.949,3.919,3.92,2100,0
2018-02-12,16:00:00,4.12,4.23,3.8502,4.09,839,0
2018-02-12,18:00:00,3.91,4.15,3.88,4.15,2480,0
2018-02-12,22:00:00,3.96,3.96,3.88,3.88,2050,0
2018-02-13,16:00:00,4.03,4.03,4.03,4.03,100,0
2018-02-13,17:00:00,4.24,4.37,4.2084,4.2311,2650,0
2018-02-13,18:00:00,4.2556,4.2556,4.21,4.2113,4260,0
2018-02-13,22:00:00,4.11,4.79,4.11,4.68,10038,0
2018-02-14,16:00:00,4.9,4.9,4.6795,4.6795,1300,0
2018-02-14,17:00:00,4.7654,4.88,4.58,4.7584,2950,0
2018-02-14,18:00:00,4.61,4.61,4.57,4.57,700,0
2018-02-14,21:00:00,4.62,4.6956,4.6,4.6956,1000,0
2018-02-14,22:00:00,4.78,4.78,4.61,4.63,4700,0
2018-02-15,17:00:00,4.82,4.82,4.67,4.67,700,0
2018-02-15,18:00:00,4.79,4.795,4.67,4.67,1200,0
2018-02-15,21:00:00,4.79,4.8,4.785,4.795,8510,0
2018-02-15,22:00:00,4.64,4.64,4.63,4.63,200,0
2018-02-16,16:00:00,4.76,4.76,4.76,4.76,100,0
2018-02-16,17:00:00,4.59,4.76,4.5803,4.76,1400,0
2018-02-16,18:00:00,4.51,4.53,4.51,4.53,200,0
2018-02-16,19:00:00,4.68,4.68,4.68,4.68,100,0
2018-02-16,20:00:00,4.5832,4.5832,4.5832,4.5832,150,0
2018-02-16,21:00:00,4.5401,4.5401,4.54,4.54,400,0
2018-02-16,22:00:00,4.53,4.53,4.31,4.31,2100,0
2018-02-20,17:00:00,4.54,4.54,4.4552,4.4552,2100,0
2018-02-20,18:00:00,4.49,4.49,4.49,4.49,100,0
2018-02-20,19:00:00,4.49,4.49,4.49,4.49,100,0
2018-02-20,21:00:00,4.3913,4.3913,4.3851,4.3851,600,0
2018-02-20,22:00:00,4.3201,4.48,4.32,4.32,1300,0
2018-02-21,17:00:00,4.34,4.34,4.14,4.3279,2300,0
2018-02-21,21:00:00,4.44,4.47,4.44,4.47,200,0
2018-02-21,22:00:00,4.43,4.43,4.18,4.18,600,0
2018-02-22,18:00:00,4.231,4.231,4.231,4.231,500,0
2018-02-22,21:00:00,4.231,4.231,4.231,4.231,1000,0
2018-02-23,16:00:00,4.25,4.25,4.25,4.25,800,0
2018-02-23,17:00:00,4.24,4.24,4.24,4.24,100,0
2018-02-23,18:00:00,4.26,4.2685,4.12,4.24,3198,0
2018-02-23,19:00:00,4.3172,4.3172,4.3172,4.3172,700,0
2018-02-23,22:00:00,4.29,4.3,4.08,4.299,1900,0
2018-02-26,16:00:00,4.11,4.11,4,4.06,6184,0
2018-02-26,17:00:00,4.1474,4.1474,4.1474,4.1474,200,0
2018-02-26,18:00:00,4.18,4.18,4.18,4.18,110,0
2018-02-26,19:00:00,4.2,4.2,4.2,4.2,1200,0
2018-02-26,20:00:00,4.2,4.2,4.1999,4.1999,630,0
2018-02-26,22:00:00,4.19,4.19,4.19,4.19,300,0
2018-02-27,16:00:00,4.28,4.28,4.28,4.28,200,0
2018-02-27,17:00:00,4.06,4.06,4.03,4.03,300,0
2018-02-27,18:00:00,4.03,4.1469,3.8701,3.8701,31213,0
2018-02-27,19:00:00,3.94,3.94,3.94,3.94,100,0
2018-02-27,20:00:00,3.941,3.941,3.94,3.94,300,0
2018-02-27,21:00:00,3.9763,3.9763,3.73,3.7601,14650,0
2018-02-27,22:00:00,3.77,3.8806,3.7,3.7,10941,0
2018-02-28,17:00:00,3.81,3.81,3.81,3.81,100,0
2018-02-28,19:00:00,3.81,3.81,3.81,3.81,900,0
2018-02-28,21:00:00,3.85,3.85,3.81,3.81,1200,0
2018-02-28,22:00:00,3.81,3.84,3.8,3.84,1655,0
2018-03-01,16:00:00,3.8,3.8,3.75,3.75,3100,0
2018-03-01,17:00:00,3.662,3.69,3.662,3.69,400,0
2018-03-01,18:00:00,3.7,3.77,3.7,3.77,2580,0
2018-03-01,19:00:00,3.76,3.7601,3.76,3.7601,900,0
2018-03-01,20:00:00,3.711,3.711,3.69,3.69,1921,0
2018-03-01,21:00:00,3.61,3.61,3.43,3.43,3755,0
2018-03-01,22:00:00,3.24,3.32,3.0932,3.2,9680,0
2018-03-02,16:00:00,3.2,3.46,3.2,3.4,3801,0
2018-03-02,17:00:00,3.42,3.66,3.42,3.66,1400,0
2018-03-02,19:00:00,3.59,3.59,3.59,3.59,282,0
2018-03-02,20:00:00,3.55,3.56,3.47,3.47,3508,0
2018-03-02,21:00:00,3.5397,3.6,3.5397,3.6,4600,0
2018-03-02,22:00:00,3.6,3.6,3.43,3.43,1100,0
2018-03-05,16:00:00,3.88,4.18,3.8,3.87,20444,0
2018-03-05,17:00:00,3.89,3.92,3.78,3.92,22962,0
2018-03-05,18:00:00,3.8868,3.92,3.85,3.877,10702,0
2018-03-05,19:00:00,3.87,3.87,3.855,3.86,1700,0
2018-03-05,20:00:00,3.8999,3.92,3.8952,3.92,1330,0
2018-03-05,21:00:00,3.9,3.9,3.85,3.85,600,0
2018-03-05,22:00:00,3.89,3.9,3.8838,3.8838,5600,0
2018-03-06,16:00:00,3.75,3.75,3.75,3.75,100,0
2018-03-06,18:00:00,3.96,4,3.9599,4,8698,0
2018-03-06,19:00:00,3.99,3.99,3.93,3.94,5500,0
2018-03-06,21:00:00,3.99,4.0711,3.99,4.0201,2300,0
2018-03-06,22:00:00,4.01,4.01,3.94,3.95,1764,0
2018-03-07,16:00:00,3.9999,4,3.995,4,1050,0
2018-03-07,17:00:00,3.91,4.01,3.9,4,1968,0
2018-03-07,18:00:00,3.99,4,3.99,3.9965,400,0
2018-03-07,19:00:00,3.9801,4,3.9801,4,3300,0
2018-03-07,20:00:00,3.98,4,3.98,3.985,1050,0
2018-03-07,21:00:00,3.9732,3.9732,3.9701,3.9701,306,0
2018-03-07,22:00:00,3.9886,4,3.9886,4,1200,0
2018-03-08,16:00:00,4.06,4.2001,3.9907,4.2001,3802,0
2018-03-08,17:00:00,4.01,4.0799,4.01,4.0799,400,0
2018-03-08,18:00:00,4.01,4.0799,4.01,4.058,2050,0
2018-03-08,21:00:00,4.07,4.07,4.0206,4.058,3378,0
2018-03-08,22:00:00,3.9756,3.9756,3.87,3.87,430,0
2018-03-09,16:00:00,3.85,3.85,3.62,3.62,1400,0
2018-03-09,17:00:00,3.8047,3.8047,3.8047,3.8047,240,0
2018-03-09,18:00:00,3.93,4.12,3.93,4,2450,0
2018-03-09,19:00:00,4.03,4.03,4.03,4.03,263,0
2018-03-09,22:00:00,4.02,4.02,4,4.01,6900,0
2018-03-12,16:00:00,3.72,3.72,3.6,3.65,768,0
2018-03-12,17:00:00,3.98,4.18,3.98,4.18,2825,0
2018-03-12,20:00:00,4.09,4.09,4.09,4.09,1000,0
2018-03-12,21:00:00,4.17,4.17,4.02,4.02,245,0
2018-03-13,15:00:00,4.12,4.24,4.01,4.195,3120,0
2018-03-13,16:00:00,4.135,4.14,4.04,4.14,2900,0
2018-03-13,18:00:00,4.131,4.131,4.131,4.131,110,0
2018-03-13,21:00:00,4.09,4.09,4.09,4.09,100,0
2018-03-14,15:00:00,4.02,4.02,4.02,4.02,100,0
2018-03-14,16:00:00,4.02,4.03,4.01,4.01,580,0
2018-03-14,17:00:00,4.09,4.1,4.02,4.02,1000,0
2018-03-14,18:00:00,4.1489,4.1489,4.1489,4.1489,100,0
2018-03-14,19:00:00,4.04,4.14,4.01,4.14,3000,0
2018-03-14,20:00:00,4.0337,4.12,4.0337,4.12,1160,0
2018-03-14,21:00:00,4.02,4.02,4.02,4.02,196,0
2018-03-15,16:00:00,4.02,4.02,4.02,4.02,100,0
2018-03-15,17:00:00,4.0331,4.135,4.02,4.03,1200,0
2018-03-15,19:00:00,4.0101,4.0101,4.0101,4.0101,400,0
2018-03-15,20:00:00,4.11,4.11,4.11,4.11,100,0
2018-03-15,21:00:00,4.05,4.11,4.02,4.02,900,0
2018-03-16,17:00:00,3.95,3.95,3.9499,3.95,1771,0
2018-03-16,20:00:00,3.95,3.95,3.95,3.95,500,0
2018-03-16,21:00:00,3.82,3.82,3.8,3.8,1800,0
2018-03-19,15:00:00,3.72,4,3.72,4,407,0
2018-03-19,16:00:00,3.6409,3.6409,3.6409,3.6409,110,0
2018-03-19,18:00:00,3.898,3.99,3.898,3.99,202,0
2018-03-20,17:00:00,3.98,4,3.98,3.9989,401,0
2018-03-20,18:00:00,3.852,3.852,3.852,3.852,100,0
2018-03-20,19:00:00,3.87,3.87,3.87,3.87,100,0
2018-03-20,20:00:00,3.86,3.86,3.68,3.7094,1886,0
2018-03-20,21:00:00,3.66,3.66,3.66,3.66,200,0
2018-03-21,15:00:00,3.6637,3.6637,3.65,3.65,202,0
2018-03-21,17:00:00,3.85,3.89,3.85,3.89,202,0
2018-03-21,19:00:00,3.8,3.8,3.8,3.8,300,0
2018-03-21,20:00:00,3.7802,3.7802,3.67,3.67,1076,0
2018-03-21,21:00:00,3.67,3.67,3.43,3.65,2000,0
2018-03-22,17:00:00,3.72,3.73,3.72,3.73,205,0
2018-03-22,19:00:00,3.6,3.68,3.6,3.68,976,0
2018-03-22,21:00:00,3.5,3.5,3.5,3.5,323,0
2018-03-23,15:00:00,3.48,3.65,3.48,3.65,1300,0
2018-03-23,17:00:00,3.61,3.61,3.3214,3.33,6778,0
2018-03-23,18:00:00,3.32,3.32,3.32,3.32,400,0
2018-03-23,20:00:00,3.44,3.46,3.44,3.455,1000,0
2018-03-23,21:00:00,3.405,3.46,3.35,3.36,1600,0
2018-03-26,16:00:00,3.28,3.28,3.23,3.23,1286,0
2018-03-26,17:00:00,3.4,3.4,3.4,3.4,100,0
2018-03-26,18:00:00,3.42,3.42,3.42,3.42,100,0
2018-03-26,22:00:00,3.42,3.4368,3.38,3.38,400,0
2018-03-27,16:00:00,3.2441,3.285,3.2441,3.285,2000,0
2018-03-27,17:00:00,3.38,3.38,3.38,3.38,100,0
2018-03-27,18:00:00,3.2684,3.29,3.21,3.21,2247,0
2018-03-27,19:00:00,3.319,3.319,3.319,3.319,1185,0
2018-03-27,20:00:00,3.2271,3.37,3.21,3.36,3248,0
2018-03-27,22:00:00,3.2472,3.36,3.2472,3.25,1600,0
2018-03-28,16:00:00,3.26,3.26,3.1911,3.1949,800,0
2018-03-28,19:00:00,3.23,3.23,3.23,3.23,100,0
2018-03-28,21:00:00,3.244,3.244,3.244,3.244,100,0
2018-03-28,22:00:00,3.25,3.33,3.25,3.3299,9000,0
2018-03-29,17:00:00,3.54,3.551,3.41,3.442,16038,0
2018-03-29,18:00:00,3.54,3.55,3.495,3.495,1530,0
2018-03-29,19:00:00,3.55,3.55,3.55,3.55,100,0
2018-03-29,20:00:00,3.44,3.44,3.44,3.44,700,0
