Date,Time,Open,High,Low,Close,Volume,OpenInt
2017-08-28,16:00:00,2.1798,2.1798,2.1709,2.1709,2323,0
2017-08-28,18:00:00,2.1644,2.1798,2.1644,2.1798,1236,0
2017-08-28,19:00:00,2.1798,2.1798,2.1798,2.1798,450,0
2017-08-28,20:00:00,2.1709,2.1709,2.162,2.162,708,0
2017-08-28,21:00:00,2.1798,2.1798,2.162,2.1709,4271,0
2017-08-28,22:00:00,2.162,2.1798,2.162,2.1798,9495,0
2017-08-29,16:00:00,2.1739,2.1739,2.1739,2.1739,1012,0
2017-08-29,17:00:00,2.1765,2.1765,2.1765,2.1765,225,0
2017-08-29,18:00:00,2.1633,2.1798,2.162,2.1798,6893,0
2017-08-29,20:00:00,2.1798,2.1798,2.1798,2.1798,225,0
2017-08-29,21:00:00,2.1797,2.1798,2.162,2.1797,2609,0
2017-08-29,22:00:00,2.1797,2.2065,2.1797,2.2065,8032,0
2017-08-30,16:00:00,2.2065,2.2065,2.1976,2.1976,2922,0
2017-08-30,17:00:00,2.2065,2.2065,2.1887,2.1887,3709,0
2017-08-30,18:00:00,2.1976,2.1976,2.1976,2.1976,112,0
2017-08-30,19:00:00,2.1976,2.1976,2.1976,2.1976,112,0
2017-08-30,20:00:00,2.1943,2.2065,2.1881,2.1976,3050,0
2017-08-30,21:00:00,2.1864,2.1976,2.1864,2.1976,1465,0
2017-08-30,22:00:00,2.2055,2.2065,2.1976,2.1976,1236,0
2017-08-31,16:00:00,2.1976,2.1976,2.1976,2.1976,153,0
2017-08-31,17:00:00,2.1865,2.1865,2.1865,2.1865,478,0
2017-08-31,18:00:00,2.1917,2.1976,2.1917,2.1976,676,0
2017-08-31,19:00:00,2.1931,2.1976,2.1896,2.1922,2450,0
2017-08-31,21:00:00,2.1931,2.1931,2.162,2.162,11545,0
2017-08-31,22:00:00,2.1798,2.1976,2.162,2.1651,19105,0
2017-09-01,16:00:00,2.1976,2.1976,2.1887,2.1887,618,0
2017-09-01,17:00:00,2.1652,2.1653,2.1652,2.1653,787,0
2017-09-01,18:00:00,2.1798,2.1976,2.1798,2.1976,7632,0
2017-09-01,19:00:00,2.1976,2.1976,2.1976,2.1976,337,0
2017-09-01,20:00:00,2.1976,2.1976,2.1976,2.1976,112,0
2017-09-01,21:00:00,2.1976,2.1976,2.1887,2.1905,2360,0
2017-09-01,22:00:00,2.1976,2.1976,2.1976,2.1976,337,0
2017-09-05,16:00:00,2.1798,2.1798,2.1798,2.1798,922,0
2017-09-05,17:00:00,2.1976,2.2065,2.184,2.1952,3972,0
2017-09-05,18:00:00,2.1974,2.2065,2.1974,2.2065,4413,0
2017-09-05,20:00:00,2.1864,2.2065,2.1798,2.2065,2961,0
2017-09-05,21:00:00,2.1887,2.2065,2.1887,2.1976,1574,0
2017-09-05,22:00:00,2.1976,2.1976,2.1887,2.1976,1461,0
2017-09-06,16:00:00,2.1958,2.1958,2.181,2.191,1878,0
2017-09-06,17:00:00,2.1976,2.1976,2.1935,2.1935,1798,0
2017-09-06,18:00:00,2.1976,2.2065,2.1887,2.1887,14463,0
2017-09-06,19:00:00,2.2065,2.2065,2.2065,2.2065,337,0
2017-09-06,21:00:00,2.2065,2.2065,2.1985,2.2065,1686,0
2017-09-06,22:00:00,2.2065,2.2065,2.1887,2.1976,19557,0
2017-09-07,16:00:00,2.1798,2.1972,2.1798,2.1873,1677,0
2017-09-07,18:00:00,2.1978,2.2065,2.1899,2.1899,2698,0
2017-09-07,19:00:00,2.1976,2.1985,2.1798,2.1976,9217,0
2017-09-07,20:00:00,2.1798,2.1842,2.1798,2.181,955,0
2017-09-07,21:00:00,2.1836,2.1976,2.1798,2.1887,5423,0
2017-09-07,22:00:00,2.1887,2.1887,2.1846,2.1887,731,0
2017-09-08,16:00:00,2.1798,2.1798,2.1798,2.1798,1124,0
2017-09-08,17:00:00,2.1887,2.1887,2.1886,2.1886,787,0
2017-09-08,18:00:00,2.1852,2.1852,2.1852,2.1852,1124,0
2017-09-08,19:00:00,2.1976,2.1976,2.1887,2.1976,337,0
2017-09-08,20:00:00,2.1976,2.1976,2.1887,2.1887,1461,0
2017-09-08,21:00:00,2.1852,2.1976,2.1798,2.1887,5395,0
2017-09-08,22:00:00,2.1842,2.1976,2.1811,2.1811,955,0
2017-09-11,16:00:00,2.1976,2.1976,2.1887,2.1887,365,0
2017-09-11,17:00:00,2.1887,2.1976,2.1887,2.1976,15574,0
2017-09-11,18:00:00,2.1976,2.2154,2.1976,2.2065,64563,0
2017-09-11,20:00:00,2.2154,2.2154,2.2065,2.2065,2691,0
2017-09-11,21:00:00,2.2065,2.2154,2.2065,2.2076,787,0
2017-09-11,22:00:00,2.2154,2.2154,2.2065,2.2065,4505,0
2017-09-12,16:00:00,2.2154,2.2154,2.2065,2.2065,2033,0
2017-09-12,17:00:00,2.2074,2.2154,2.2065,2.2065,1349,0
2017-09-12,18:00:00,2.2065,2.2154,2.2065,2.2065,9082,0
2017-09-12,19:00:00,2.2154,2.2154,2.2154,2.2154,112,0
2017-09-12,20:00:00,2.2109,2.2109,2.2065,2.2065,5179,0
2017-09-12,21:00:00,2.2074,2.2074,2.1887,2.1887,19660,0
2017-09-12,22:00:00,2.1887,2.2065,2.1887,2.1887,4051,0
2017-09-13,17:00:00,2.1977,2.1977,2.1977,2.1977,157,0
2017-09-13,18:00:00,2.2154,2.2154,2.2063,2.2063,655,0
2017-09-13,19:00:00,2.2022,2.2022,2.1976,2.2002,5719,0
2017-09-13,20:00:00,2.2065,2.2074,2.1887,2.1976,6519,0
2017-09-13,21:00:00,2.1976,2.1976,2.1976,2.1976,112,0
2017-09-13,22:00:00,2.2065,2.2154,2.2065,2.2109,2023,0
2017-09-14,16:00:00,2.1976,2.2243,2.1976,2.2243,1014,0
2017-09-14,17:00:00,2.2243,2.2243,2.2108,2.2108,1236,0
2017-09-14,18:00:00,2.2154,2.2154,2.1887,2.1887,7480,0
2017-09-14,19:00:00,2.2154,2.2154,2.2154,2.2154,112,0
2017-09-14,20:00:00,2.1887,2.2154,2.1887,2.2154,4115,0
2017-09-14,21:00:00,2.2154,2.2154,2.2141,2.2141,338,0
2017-09-14,22:00:00,2.2154,2.2154,2.2154,2.2154,112,0
2017-09-15,18:00:00,2.2154,2.2154,2.2154,2.2154,337,0
2017-09-15,19:00:00,2.2154,2.2154,2.1976,2.2154,562,0
2017-09-15,21:00:00,2.2065,2.2065,2.2065,2.2065,112,0
2017-09-15,22:00:00,2.2064,2.2065,2.1976,2.1976,4270,0
2017-09-18,16:00:00,2.2243,2.2243,2.2154,2.2154,1236,0
2017-09-18,17:00:00,2.2066,2.2154,2.2065,2.2154,11324,0
2017-09-18,18:00:00,2.2065,2.2332,2.2065,2.2332,9302,0
2017-09-18,19:00:00,2.2421,2.2688,2.2154,2.2688,3035,0
2017-09-18,20:00:00,2.2688,2.2688,2.2154,2.2688,7193,0
2017-09-18,21:00:00,2.2688,2.2688,2.251,2.2688,5620,0
2017-09-18,22:00:00,2.2688,2.3132,2.2599,2.3008,15206,0
2017-09-19,16:00:00,2.2865,2.2865,2.2599,2.2732,9885,0
2017-09-19,17:00:00,2.2642,2.2687,2.2599,2.2687,1506,0
2017-09-19,18:00:00,2.2688,2.2688,2.2599,2.2599,2023,0
2017-09-19,19:00:00,2.2613,2.2688,2.2613,2.2688,787,0
2017-09-19,20:00:00,2.2599,2.2688,2.2599,2.2688,360,0
2017-09-19,21:00:00,2.2599,2.2599,2.251,2.251,4383,0
2017-09-19,22:00:00,2.2599,2.2599,2.2421,2.251,899,0
2017-09-20,16:00:00,2.2421,2.2562,2.2421,2.2562,3201,0
2017-09-20,17:00:00,2.2349,2.251,2.2349,2.244,2169,0
2017-09-20,18:00:00,2.251,2.251,2.251,2.251,112,0
2017-09-20,19:00:00,2.251,2.251,2.2421,2.2421,562,0
2017-09-20,20:00:00,2.251,2.251,2.2422,2.251,450,0
2017-09-20,21:00:00,2.2393,2.251,2.2332,2.251,337,0
2017-09-20,22:00:00,2.251,2.251,2.2333,2.2333,670,0
2017-09-21,16:00:00,2.2599,2.2599,2.251,2.251,337,0
2017-09-21,17:00:00,2.2526,2.2526,2.2526,2.2526,1124,0
2017-09-21,19:00:00,2.2599,2.2688,2.2421,2.2688,9779,0
2017-09-21,20:00:00,2.2421,2.2421,2.2421,2.2421,112,0
2017-09-21,21:00:00,2.2599,2.2599,2.2599,2.2599,337,0
2017-09-21,22:00:00,2.251,2.251,2.2421,2.2421,2585,0
2017-09-22,16:00:00,2.2688,2.2688,2.251,2.256,2658,0
2017-09-22,17:00:00,2.2688,2.2688,2.251,2.251,478,0
2017-09-22,19:00:00,2.2553,2.2688,2.251,2.251,2356,0
2017-09-22,20:00:00,2.2421,2.2599,2.2367,2.2367,2136,0
2017-09-22,21:00:00,2.251,2.2599,2.251,2.2599,337,0
2017-09-22,22:00:00,2.251,2.2688,2.2421,2.2421,4114,0
2017-09-25,16:00:00,2.2599,2.2599,2.2599,2.2599,5115,0
2017-09-25,17:00:00,2.2465,2.247,2.2421,2.247,5057,0
2017-09-25,18:00:00,2.251,2.251,2.2421,2.2421,5431,0
2017-09-25,19:00:00,2.2465,2.251,2.2465,2.251,466,0
2017-09-25,20:00:00,2.2465,2.251,2.2465,2.251,225,0
2017-09-25,21:00:00,2.2501,2.2501,2.2421,2.2421,1349,0
2017-09-25,22:00:00,2.2421,2.2421,2.2421,2.2421,337,0
2017-09-26,16:00:00,2.2599,2.2776,2.2599,2.2665,1385,0
2017-09-26,17:00:00,2.2599,2.2679,2.2599,2.2679,3068,0
2017-09-26,18:00:00,2.2599,2.2658,2.2599,2.2643,2023,0
2017-09-26,19:00:00,2.2688,2.2688,2.251,2.251,12218,0
2017-09-26,20:00:00,2.2598,2.2599,2.2541,2.257,2136,0
2017-09-26,21:00:00,2.2599,2.2599,2.251,2.251,1995,0
2017-09-26,22:00:00,2.251,2.2599,2.251,2.2598,2495,0
2017-09-27,16:00:00,2.251,2.251,2.251,2.251,1737,0
2017-09-27,17:00:00,2.2466,2.2466,2.2421,2.2421,1321,0
2017-09-27,18:00:00,2.2465,2.251,2.2465,2.251,1124,0
2017-09-27,19:00:00,2.2599,2.2688,2.2421,2.2421,11464,0
2017-09-27,20:00:00,2.2688,2.2688,2.2421,2.2688,9666,0
2017-09-27,21:00:00,2.2421,2.2688,2.2421,2.2688,697,0
2017-09-27,22:00:00,2.2688,2.3399,2.251,2.2688,58980,0
2017-09-28,16:00:00,2.2954,2.2954,2.2776,2.2776,5283,0
2017-09-28,17:00:00,2.2954,2.2954,2.2389,2.2954,4945,0
2017-09-28,18:00:00,2.3043,2.3132,2.2954,2.3043,6912,0
2017-09-28,19:00:00,2.3043,2.3132,2.2421,2.3087,1911,0
2017-09-28,20:00:00,2.3043,2.3043,2.3043,2.3043,112,0
2017-09-28,21:00:00,2.3043,2.3043,2.2776,2.2776,450,0
2017-09-28,22:00:00,2.2954,2.2954,2.2599,2.2688,11493,0
2017-09-29,16:00:00,2.2954,2.2954,2.2954,2.2954,826,0
2017-09-29,17:00:00,2.2776,2.2865,2.2688,2.2865,6258,0
2017-09-29,18:00:00,2.2776,2.2954,2.2688,2.2954,8300,0
2017-09-29,19:00:00,2.2954,2.2954,2.2855,2.2954,3856,0
2017-09-29,20:00:00,2.2865,2.3043,2.2688,2.2776,3896,0
2017-09-29,21:00:00,2.2776,2.2776,2.2688,2.2776,4383,0
2017-09-29,22:00:00,2.2776,2.3043,2.2688,2.3043,13263,0
2017-10-02,16:00:00,2.3132,2.3132,2.3088,2.3088,6055,0
2017-10-02,17:00:00,2.3043,2.3132,2.2965,2.3043,3821,0
2017-10-02,18:00:00,2.3043,2.3132,2.3043,2.3047,1686,0
2017-10-02,19:00:00,2.309,2.3132,2.3043,2.3132,2293,0
2017-10-02,20:00:00,2.3043,2.3132,2.3033,2.3132,3035,0
2017-10-02,21:00:00,2.3123,2.3132,2.3043,2.3132,2716,0
2017-10-02,22:00:00,2.3221,2.331,2.3221,2.331,8036,0
2017-10-03,16:00:00,2.3577,2.3577,2.3577,2.3577,6746,0
2017-10-03,17:00:00,2.3577,2.3577,2.3399,2.342,5586,0
2017-10-03,18:00:00,2.3488,2.3577,2.3399,2.3399,8875,0
2017-10-03,19:00:00,2.3435,2.3488,2.3399,2.3488,1373,0
2017-10-03,20:00:00,2.3481,2.3488,2.331,2.331,5839,0
2017-10-03,21:00:00,2.335,2.3399,2.331,2.3365,14233,0
2017-10-03,22:00:00,2.331,2.3399,2.331,2.3398,2023,0
2017-10-04,16:00:00,2.3577,2.3577,2.3456,2.3456,7290,0
2017-10-04,17:00:00,2.3577,2.3577,2.3488,2.3488,1012,0
2017-10-04,18:00:00,2.3488,2.3488,2.3221,2.3488,8460,0
2017-10-04,19:00:00,2.331,2.3399,2.3221,2.3251,11914,0
2017-10-04,20:00:00,2.3266,2.331,2.3221,2.3221,787,0
2017-10-04,21:00:00,2.3221,2.3293,2.3134,2.3283,6631,0
2017-10-04,22:00:00,2.3133,2.331,2.3132,2.3303,4074,0
2017-10-05,16:00:00,2.3488,2.3488,2.3204,2.331,678,0
2017-10-05,17:00:00,2.3189,2.331,2.3189,2.331,7081,0
2017-10-05,18:00:00,2.331,2.331,2.3266,2.3266,1388,0
2017-10-05,19:00:00,2.331,2.331,2.3221,2.331,2922,0
2017-10-05,20:00:00,2.3221,2.3281,2.3221,2.3281,2192,0
2017-10-05,21:00:00,2.3277,2.331,2.3221,2.3221,10902,0
2017-10-05,22:00:00,2.3266,2.331,2.3221,2.331,3597,0
2017-10-06,17:00:00,2.3488,2.3488,2.3488,2.3488,967,0
2017-10-06,18:00:00,2.3381,2.3381,2.331,2.3357,3035,0
2017-10-06,20:00:00,2.3478,2.3488,2.331,2.3488,2187,0
2017-10-06,21:00:00,2.3488,2.3488,2.331,2.3488,450,0
2017-10-06,22:00:00,2.3444,2.3456,2.3399,2.3456,1641,0
2017-10-09,16:00:00,2.3488,2.3488,2.3488,2.3488,114,0
2017-10-09,17:00:00,2.3444,2.3577,2.3444,2.3577,6845,0
2017-10-09,18:00:00,2.3577,2.3577,2.3518,2.3577,562,0
2017-10-09,20:00:00,2.3529,2.3577,2.3488,2.3577,1798,0
2017-10-09,21:00:00,2.3488,2.3488,2.3488,2.3488,815,0
2017-10-09,22:00:00,2.3577,2.3577,2.3488,2.3488,1390,0
2017-10-10,16:00:00,2.3399,2.3577,2.3399,2.3488,11059,0
2017-10-10,17:00:00,2.3485,2.3485,2.3132,2.3132,15425,0
2017-10-10,18:00:00,2.3132,2.331,2.3132,2.331,2931,0
2017-10-10,21:00:00,2.331,2.331,2.3244,2.3244,441,0
2017-10-10,22:00:00,2.3263,2.331,2.3241,2.331,686,0
2017-10-11,16:00:00,2.3577,2.3577,2.3577,2.3577,1694,0
2017-10-11,17:00:00,2.3221,2.3221,2.3132,2.3221,9554,0
2017-10-11,18:00:00,2.3399,2.3577,2.331,2.3488,8093,0
2017-10-11,19:00:00,2.3399,2.3577,2.331,2.3577,6996,0
2017-10-11,20:00:00,2.3577,2.3577,2.331,2.3488,8036,0
2017-10-11,21:00:00,2.3577,2.3577,2.3399,2.3577,13667,0
2017-10-11,22:00:00,2.3577,2.3577,2.3488,2.3577,21016,0
2017-10-12,16:00:00,2.3577,2.3577,2.3577,2.3577,1904,0
2017-10-12,17:00:00,2.4022,2.4022,2.3399,2.3399,25085,0
2017-10-12,18:00:00,2.3488,2.4378,2.3488,2.42,32262,0
2017-10-12,19:00:00,2.42,2.4556,2.4022,2.4556,54753,0
2017-10-12,20:00:00,2.4556,2.4556,2.3577,2.4289,19147,0
2017-10-12,21:00:00,2.4177,2.4289,2.3577,2.42,19449,0
2017-10-12,22:00:00,2.42,2.4734,2.3933,2.429,21979,0
2017-10-13,16:00:00,2.3577,2.4645,2.3577,2.4573,5691,0
2017-10-13,17:00:00,2.4289,2.4378,2.4289,2.4289,2585,0
2017-10-13,18:00:00,2.42,2.4289,2.42,2.4289,2484,0
2017-10-13,19:00:00,2.4289,2.4289,2.4022,2.4022,6699,0
2017-10-13,20:00:00,2.4293,2.4293,2.4031,2.42,5162,0
2017-10-13,21:00:00,2.42,2.4467,2.4022,2.4289,7433,0
2017-10-13,22:00:00,2.42,2.4556,2.4056,2.4556,6348,0
2017-10-16,16:00:00,2.4734,2.4912,2.4556,2.4824,33085,0
2017-10-16,17:00:00,2.4874,2.4874,2.4556,2.4556,14533,0
2017-10-16,18:00:00,2.4556,2.4725,2.4556,2.4725,7963,0
2017-10-16,19:00:00,2.4556,2.4733,2.4556,2.4565,4805,0
2017-10-16,20:00:00,2.4574,2.4734,2.4556,2.4734,7306,0
2017-10-16,21:00:00,2.4734,2.4912,2.4734,2.4823,18012,0
2017-10-16,22:00:00,2.4734,2.4823,2.4734,2.4778,2276,0
2017-10-17,16:00:00,2.4823,2.4912,2.4734,2.4734,18995,0
2017-10-17,17:00:00,2.4648,2.4912,2.4556,2.4576,4935,0
2017-10-17,18:00:00,2.4645,2.4764,2.4556,2.4556,1152,0
2017-10-17,19:00:00,2.4823,2.4823,2.4022,2.4289,15348,0
2017-10-17,20:00:00,2.4734,2.4823,2.4289,2.4467,795,0
2017-10-17,21:00:00,2.4467,2.4645,2.4467,2.4645,2360,0
2017-10-17,22:00:00,2.4467,2.4584,2.4467,2.4467,3668,0
2017-10-18,16:00:00,2.4467,2.4619,2.4467,2.4619,2334,0
2017-10-18,17:00:00,2.4396,2.4396,2.4396,2.4396,1349,0
2017-10-18,18:00:00,2.4556,2.4556,2.4371,2.4371,1461,0
2017-10-18,19:00:00,2.4378,2.4378,2.42,2.42,8425,0
2017-10-18,20:00:00,2.4201,2.4645,2.3844,2.3933,17405,0
2017-10-18,21:00:00,2.4021,2.4022,2.3666,2.3889,5760,0
2017-10-18,22:00:00,2.3933,2.3933,2.3666,2.3755,22688,0
2017-10-19,16:00:00,2.4022,2.4022,2.4022,2.4022,2529,0
2017-10-19,17:00:00,2.42,2.42,2.3844,2.4021,1574,0
2017-10-19,18:00:00,2.3844,2.4021,2.3844,2.3844,337,0
2017-10-19,19:00:00,2.3844,2.4022,2.3844,2.4021,2698,0
2017-10-19,20:00:00,2.4021,2.4021,2.3844,2.3844,3372,0
2017-10-19,21:00:00,2.3932,2.4467,2.3844,2.4467,5243,0
2017-10-19,22:00:00,2.4823,2.4912,2.4467,2.4912,9123,0
2017-10-20,16:00:00,2.4823,2.4823,2.4823,2.4823,225,0
2017-10-20,17:00:00,2.4912,2.4912,2.4289,2.4823,3057,0
2017-10-20,18:00:00,2.4823,2.4823,2.4289,2.4289,1860,0
2017-10-20,19:00:00,2.429,2.4422,2.4289,2.4289,8542,0
2017-10-20,20:00:00,2.4467,2.4467,2.4289,2.4378,4451,0
2017-10-20,21:00:00,2.4428,2.4442,2.4289,2.4378,8067,0
2017-10-20,22:00:00,2.4466,2.5001,2.4289,2.5001,31093,0
2017-10-23,16:00:00,2.5001,2.5001,2.4645,2.4645,5060,0
2017-10-23,17:00:00,2.4645,2.4645,2.4289,2.4298,1068,0
2017-10-23,18:00:00,2.4364,2.4912,2.4364,2.4823,2641,0
2017-10-23,19:00:00,2.4814,2.5001,2.4467,2.4467,14395,0
2017-10-23,20:00:00,2.4467,2.4823,2.4378,2.4378,3023,0
2017-10-23,21:00:00,2.4645,2.4912,2.4378,2.4556,5170,0
2017-10-23,22:00:00,2.4556,2.4912,2.4467,2.4912,11577,0
2017-10-24,16:00:00,2.4645,2.4823,2.4298,2.4378,7205,0
2017-10-24,17:00:00,2.4378,2.4676,2.4289,2.4408,3777,0
2017-10-24,18:00:00,2.4467,2.4467,2.4378,2.4467,1461,0
2017-10-24,19:00:00,2.4467,2.4467,2.4378,2.4467,1461,0
2017-10-24,20:00:00,2.4556,2.4556,2.4467,2.4467,1742,0
2017-10-24,21:00:00,2.4556,2.4645,2.4467,2.4556,5137,0
2017-10-24,22:00:00,2.4511,2.4556,2.4378,2.4378,11651,0
2017-10-25,16:00:00,2.4556,2.4912,2.4378,2.4454,2819,0
2017-10-25,17:00:00,2.4556,2.4556,2.4289,2.4467,4945,0
2017-10-25,18:00:00,2.4467,2.4467,2.4111,2.4111,10113,0
2017-10-25,19:00:00,2.42,2.42,2.4022,2.4067,2360,0
2017-10-25,20:00:00,2.4022,2.4111,2.4022,2.4022,4777,0
2017-10-25,21:00:00,2.4111,2.4111,2.4022,2.4111,787,0
2017-10-25,22:00:00,2.4022,2.429,2.4022,2.4289,20527,0
2017-10-26,16:00:00,2.4467,2.4467,2.4378,2.4378,940,0
2017-10-26,17:00:00,2.429,2.4378,2.4289,2.4378,2922,0
2017-10-26,18:00:00,2.4378,2.4378,2.4378,2.4378,337,0
2017-10-26,19:00:00,2.4378,2.4378,2.4378,2.4378,112,0
2017-10-26,20:00:00,2.4289,2.4378,2.4289,2.4378,247,0
2017-10-26,21:00:00,2.4289,2.4378,2.4289,2.4369,9113,0
2017-10-26,22:00:00,2.4378,2.4467,2.4289,2.4289,10746,0
2017-10-27,16:00:00,2.4111,2.4289,2.4022,2.4289,361,0
2017-10-27,17:00:00,2.4289,2.4378,2.4289,2.4378,5505,0
2017-10-27,18:00:00,2.4289,2.4378,2.4289,2.4378,674,0
2017-10-27,19:00:00,2.4378,2.4378,2.4111,2.4289,3032,0
2017-10-27,20:00:00,2.42,2.42,2.4049,2.42,955,0
2017-10-27,21:00:00,2.4111,2.4378,2.4111,2.4289,1012,0
2017-10-27,22:00:00,2.4289,2.4289,2.4111,2.42,11076,0
2017-10-30,15:00:00,2.4307,2.4734,2.4289,2.429,8767,0
2017-10-30,16:00:00,2.4204,2.4289,2.4022,2.4022,21887,0
2017-10-30,17:00:00,2.4028,2.4028,2.3755,2.3913,14217,0
2017-10-30,18:00:00,2.3844,2.4111,2.3844,2.3933,8320,0
2017-10-30,19:00:00,2.42,2.42,2.4022,2.4022,327,0
2017-10-30,20:00:00,2.3982,2.4111,2.3982,2.4063,2105,0
2017-10-30,21:00:00,2.4051,2.4111,2.3933,2.4022,1435,0
2017-10-31,15:00:00,2.4378,2.4378,2.4378,2.4378,674,0
2017-10-31,16:00:00,2.428,2.428,2.4125,2.42,1665,0
2017-10-31,17:00:00,2.4071,2.42,2.4071,2.42,1820,0
2017-10-31,18:00:00,2.4111,2.4467,2.4023,2.4467,3874,0
2017-10-31,19:00:00,2.4467,2.4467,2.4333,2.4467,1216,0
2017-10-31,20:00:00,2.4291,2.4467,2.4022,2.4142,18843,0
2017-10-31,21:00:00,2.4037,2.4467,2.3933,2.3933,60054,0
2017-11-01,16:00:00,2.3965,2.4378,2.3965,2.4378,1332,0
2017-11-01,17:00:00,2.4023,2.4378,2.4023,2.4378,337,0
2017-11-01,18:00:00,2.4378,2.4467,2.4347,2.4467,1574,0
2017-11-01,19:00:00,2.4325,2.4378,2.42,2.42,3612,0
2017-11-01,20:00:00,2.4289,2.4289,2.414,2.42,4637,0
2017-11-01,21:00:00,2.42,2.4467,2.42,2.4467,18462,0
2017-11-02,15:00:00,2.4467,2.4467,2.4378,2.4467,3421,0
2017-11-02,16:00:00,2.4111,2.4467,2.3577,2.38,41328,0
2017-11-02,17:00:00,2.3666,2.3933,2.3666,2.3756,4608,0
2017-11-02,18:00:00,2.3755,2.3933,2.3755,2.3933,225,0
2017-11-02,19:00:00,2.3755,2.3862,2.3666,2.3755,11448,0
2017-11-02,20:00:00,2.3755,2.3755,2.3666,2.3755,7868,0
2017-11-02,21:00:00,2.3755,2.3844,2.3666,2.3843,14994,0
2017-11-03,15:00:00,2.3577,2.4111,2.3577,2.4111,2529,0
2017-11-03,16:00:00,2.3666,2.4111,2.3666,2.4111,1574,0
2017-11-03,17:00:00,2.3933,2.3933,2.3933,2.3933,225,0
2017-11-03,18:00:00,2.3933,2.3933,2.3755,2.3755,562,0
2017-11-03,19:00:00,2.3755,2.3938,2.3755,2.3938,562,0
2017-11-03,20:00:00,2.3933,2.4054,2.3933,2.4022,3975,0
2017-11-03,21:00:00,2.4054,2.4054,2.3857,2.3951,2515,0
2017-11-06,16:00:00,2.4289,2.4289,2.4008,2.4022,4745,0
2017-11-06,17:00:00,2.4017,2.4022,2.3577,2.3755,14034,0
2017-11-06,18:00:00,2.3755,2.42,2.3712,2.42,16081,0
2017-11-06,19:00:00,2.42,2.4289,2.4022,2.4289,5104,0
2017-11-06,20:00:00,2.42,2.4289,2.42,2.4289,1349,0
2017-11-06,21:00:00,2.4289,2.4289,2.4111,2.4289,1461,0
2017-11-06,22:00:00,2.42,2.4289,2.4111,2.4111,5837,0
2017-11-07,16:00:00,2.42,2.42,2.4035,2.4035,281,0
2017-11-07,17:00:00,2.4191,2.4289,2.3844,2.4228,15837,0
2017-11-07,18:00:00,2.4378,2.4378,2.417,2.4289,19672,0
2017-11-07,19:00:00,2.4289,2.4378,2.4289,2.4378,5226,0
2017-11-07,20:00:00,2.4378,2.4378,2.4022,2.4289,1789,0
2017-11-07,21:00:00,2.4289,2.4378,2.4151,2.4378,3137,0
2017-11-07,22:00:00,2.4378,2.4378,2.4289,2.4378,8824,0
2017-11-08,16:00:00,2.4111,2.4111,2.4111,2.4111,759,0
2017-11-08,17:00:00,2.4289,2.4289,2.4111,2.4111,225,0
2017-11-08,18:00:00,2.3933,2.3933,2.3933,2.3933,1354,0
2017-11-08,19:00:00,2.42,2.42,2.3942,2.3942,337,0
2017-11-08,20:00:00,2.4111,2.4111,2.4111,2.4111,337,0
2017-11-08,21:00:00,2.4017,2.4022,2.3933,2.3933,6737,0
2017-11-08,22:00:00,2.4022,2.4111,2.4022,2.4111,5681,0
2017-11-09,16:00:00,2.4289,2.4378,2.4289,2.4378,2418,0
2017-11-09,18:00:00,2.4111,2.4111,2.3974,2.4021,4963,0
2017-11-09,19:00:00,2.3963,2.4378,2.3963,2.4378,2137,0
2017-11-09,20:00:00,2.4289,2.4378,2.4289,2.4378,225,0
2017-11-09,21:00:00,2.4029,2.4289,2.3666,2.3666,13244,0
2017-11-09,22:00:00,2.3933,2.4022,2.3933,2.3933,4159,0
2017-11-10,16:00:00,2.4068,2.4068,2.4068,2.4068,169,0
2017-11-10,17:00:00,2.4378,2.4378,2.3844,2.3844,4498,0
2017-11-10,18:00:00,2.3785,2.4022,2.3785,2.4022,1202,0
2017-11-10,19:00:00,2.3856,2.3856,2.3844,2.3844,1686,0
2017-11-10,20:00:00,2.3933,2.3933,2.3933,2.3933,225,0
2017-11-10,21:00:00,2.3933,2.3933,2.3933,2.3933,112,0
2017-11-10,22:00:00,2.3933,2.3933,2.3755,2.3866,5148,0
2017-11-13,16:00:00,2.3933,2.4022,2.3666,2.3676,13064,0
2017-11-13,17:00:00,2.3716,2.3844,2.3399,2.3399,29178,0
2017-11-13,18:00:00,2.3399,2.3576,2.3399,2.3576,368,0
2017-11-13,19:00:00,2.3577,2.3577,2.3574,2.3574,1798,0
2017-11-13,20:00:00,2.3399,2.3577,2.3399,2.3577,1964,0
2017-11-13,21:00:00,2.3577,2.3577,2.3221,2.3488,4945,0
2017-11-13,22:00:00,2.3666,2.3755,2.3488,2.3488,746,0
2017-11-14,16:00:00,2.3844,2.42,2.3844,2.4022,14368,0
2017-11-14,17:00:00,2.4081,2.4111,2.3978,2.4022,6407,0
2017-11-14,18:00:00,2.4022,2.4022,2.3666,2.4022,11240,0
2017-11-14,19:00:00,2.3844,2.3844,2.3666,2.3844,450,0
2017-11-14,21:00:00,2.3844,2.3912,2.3844,2.3912,2360,0
2017-11-14,22:00:00,2.3844,2.3844,2.3751,2.3843,682,0
2017-11-15,16:00:00,2.3844,2.3933,2.3844,2.3933,377,0
2017-11-15,17:00:00,2.3844,2.3844,2.3844,2.3844,112,0
2017-11-15,18:00:00,2.3755,2.3755,2.3755,2.3755,225,0
2017-11-15,19:00:00,2.3684,2.3755,2.3648,2.3648,1500,0
2017-11-15,20:00:00,2.3717,2.3717,2.3666,2.3666,899,0
2017-11-15,21:00:00,2.3755,2.3755,2.3754,2.3754,915,0
2017-11-15,22:00:00,2.3755,2.3844,2.3755,2.38,7171,0
2017-11-16,16:00:00,2.4022,2.4022,2.3221,2.3221,7737,0
2017-11-16,17:00:00,2.351,2.3577,2.347,2.3576,4074,0
2017-11-16,18:00:00,2.3488,2.3577,2.3488,2.3577,1349,0
2017-11-16,19:00:00,2.3755,2.3755,2.3577,2.3577,674,0
2017-11-16,20:00:00,2.372,2.3844,2.3488,2.3488,3035,0
2017-11-16,21:00:00,2.3844,2.3844,2.3843,2.3843,670,0
2017-11-16,22:00:00,2.3844,2.3844,2.3666,2.3844,1236,0
2017-11-17,16:00:00,2.3666,2.3933,2.3666,2.3817,477,0
2017-11-17,17:00:00,2.3488,2.3488,2.3488,2.3488,112,0
2017-11-17,18:00:00,2.3221,2.3399,2.3221,2.3362,2242,0
2017-11-17,19:00:00,2.3399,2.3577,2.3373,2.3577,2071,0
2017-11-17,20:00:00,2.3666,2.3666,2.3666,2.3666,112,0
2017-11-20,16:00:00,2.3488,2.3488,2.323,2.323,2473,0
2017-11-20,17:00:00,2.3579,2.3606,2.3488,2.3488,1158,0
2017-11-20,18:00:00,2.3487,2.3487,2.3389,2.3419,750,0
2017-11-20,19:00:00,2.3488,2.3488,2.3488,2.3488,112,0
2017-11-20,20:00:00,2.3577,2.3577,2.3577,2.3577,225,0
2017-11-20,21:00:00,2.3577,2.3577,2.3577,2.3577,355,0
2017-11-20,22:00:00,2.3576,2.3577,2.3371,2.3371,7742,0
2017-11-21,16:00:00,2.3488,2.3488,2.3488,2.3488,337,0
2017-11-21,17:00:00,2.3454,2.3454,2.3454,2.3454,281,0
2017-11-21,18:00:00,2.3421,2.3488,2.3421,2.3488,1574,0
2017-11-21,19:00:00,2.3577,2.3755,2.3577,2.3755,1950,0
2017-11-21,20:00:00,2.3755,2.3844,2.3711,2.3844,1911,0
2017-11-21,21:00:00,2.3844,2.4111,2.3844,2.4111,6060,0
2017-11-21,22:00:00,2.4111,2.42,2.4022,2.42,9104,0
2017-11-22,17:00:00,2.4111,2.4111,2.4111,2.4111,225,0
2017-11-22,19:00:00,2.3787,2.4113,2.3787,2.4111,3821,0
2017-11-22,20:00:00,2.3372,2.3886,2.3372,2.3886,674,0
2017-11-22,21:00:00,2.3488,2.3497,2.3488,2.3497,1377,0
2017-11-22,22:00:00,2.3755,2.383,2.3666,2.3666,753,0
2017-11-24,16:00:00,2.3933,2.4064,2.3933,2.4064,337,0
2017-11-24,17:00:00,2.3844,2.3844,2.3844,2.3844,112,0
2017-11-24,18:00:00,2.3638,2.3638,2.3577,2.3577,1321,0
2017-11-24,19:00:00,2.3725,2.4111,2.3577,2.4111,3147,0
2017-11-27,16:00:00,2.4022,2.4199,2.3903,2.408,2367,0
2017-11-27,17:00:00,2.418,2.42,2.4022,2.4035,16972,0
2017-11-27,18:00:00,2.4035,2.4035,2.3978,2.4022,899,0
2017-11-27,19:00:00,2.3975,2.4022,2.3975,2.4022,899,0
2017-11-27,20:00:00,2.4022,2.4022,2.3933,2.3933,1911,0
2017-11-27,21:00:00,2.4022,2.4022,2.4022,2.4022,112,0
2017-11-27,22:00:00,2.3978,2.3978,2.3933,2.3933,3147,0
2017-11-28,16:00:00,2.3933,2.3933,2.3822,2.3822,3281,0
2017-11-28,17:00:00,2.3844,2.4022,2.3669,2.4022,6980,0
2017-11-28,18:00:00,2.3933,2.3933,2.3728,2.3728,2360,0
2017-11-28,19:00:00,2.3804,2.3804,2.3804,2.3804,112,0
2017-11-28,21:00:00,2.3908,2.402,2.3844,2.3844,1196,0
2017-11-28,22:00:00,2.3904,2.3933,2.3844,2.3933,6621,0
2017-11-29,16:00:00,2.3936,2.3936,2.3933,2.3933,3484,0
2017-11-29,17:00:00,2.3678,2.3904,2.3577,2.3904,2473,0
2017-11-29,18:00:00,2.3933,2.3933,2.3843,2.3876,899,0
2017-11-29,19:00:00,2.3932,2.3932,2.3755,2.3755,1930,0
2017-11-29,20:00:00,2.4022,2.4022,2.4022,2.4022,112,0
2017-11-29,21:00:00,2.3845,2.3933,2.3844,2.3844,4383,0
2017-11-29,22:00:00,2.3755,2.3755,2.3755,2.3755,225,0
2017-11-30,16:00:00,2.3933,2.3933,2.3755,2.3755,1010,0
2017-11-30,17:00:00,2.3847,2.4022,2.3847,2.3933,1152,0
2017-11-30,18:00:00,2.385,2.385,2.385,2.385,191,0
2017-11-30,20:00:00,2.4022,2.4022,2.4022,2.4022,334,0
2017-11-30,21:00:00,2.3933,2.3933,2.3933,2.3933,112,0
2017-11-30,22:00:00,2.3933,2.3933,2.3844,2.3844,225,0
2017-12-01,16:00:00,2.3807,2.3807,2.3666,2.3666,1323,0
2017-12-01,18:00:00,2.3755,2.3755,2.3666,2.3666,1449,0
2017-12-01,19:00:00,2.3577,2.376,2.3577,2.3666,1911,0
2017-12-01,20:00:00,2.3666,2.3711,2.3666,2.3666,1630,0
2017-12-01,21:00:00,2.3666,2.3666,2.3666,2.3666,1574,0
2017-12-01,22:00:00,2.3399,2.3666,2.3399,2.3399,3260,0
2017-12-04,16:00:00,2.3399,2.3577,2.3399,2.3486,562,0
2017-12-04,18:00:00,2.3443,2.3488,2.3399,2.3444,14407,0
2017-12-04,19:00:00,2.3446,2.3488,2.3399,2.3399,3800,0
2017-12-04,20:00:00,2.331,2.339,2.331,2.339,2023,0
2017-12-04,21:00:00,2.3399,2.3399,2.331,2.331,225,0
2017-12-04,22:00:00,2.3365,2.3399,2.331,2.3399,1124,0
2017-12-05,16:00:00,2.3221,2.3322,2.3221,2.3322,4597,0
2017-12-05,17:00:00,2.3221,2.331,2.3221,2.3221,2810,0
2017-12-05,18:00:00,2.3266,2.3268,2.3222,2.3266,734,0
2017-12-05,19:00:00,2.331,2.3533,2.331,2.3533,225,0
2017-12-05,20:00:00,2.3442,2.3442,2.3221,2.3221,1971,0
2017-12-05,21:00:00,2.3221,2.331,2.3221,2.331,225,0
2017-12-05,22:00:00,2.331,2.331,2.3221,2.3221,2435,0
2017-12-06,16:00:00,2.3221,2.4022,2.3221,2.4022,7372,0
2017-12-06,17:00:00,2.3488,2.3488,2.3363,2.3363,1124,0
2017-12-06,18:00:00,2.334,2.3399,2.331,2.3399,2810,0
2017-12-06,19:00:00,2.3488,2.3488,2.3399,2.3434,1630,0
2017-12-06,20:00:00,2.3488,2.3488,2.3399,2.3399,337,0
2017-12-06,21:00:00,2.3442,2.3442,2.3442,2.3442,225,0
2017-12-06,22:00:00,2.3399,2.3399,2.3221,2.3399,731,0
2017-12-07,16:00:00,2.3399,2.3577,2.3399,2.3488,2799,0
2017-12-07,17:00:00,2.3399,2.3487,2.3399,2.3399,2585,0
2017-12-07,18:00:00,2.3488,2.3488,2.3399,2.3399,225,0
2017-12-07,19:00:00,2.3408,2.3488,2.3399,2.3399,899,0
2017-12-07,20:00:00,2.3488,2.3488,2.3399,2.3399,787,0
2017-12-07,21:00:00,2.3488,2.3577,2.3399,2.3444,7006,0
2017-12-07,22:00:00,2.3399,2.3399,2.3221,2.3221,1832,0
2017-12-08,16:00:00,2.4022,2.4022,2.3399,2.3399,13600,0
2017-12-08,17:00:00,2.3844,2.4022,2.3844,2.4022,450,0
2017-12-08,18:00:00,2.3876,2.3876,2.3755,2.3755,6969,0
2017-12-08,19:00:00,2.3755,2.38,2.3755,2.3755,1349,0
2017-12-08,20:00:00,2.3844,2.4022,2.3844,2.4022,2699,0
2017-12-08,21:00:00,2.3933,2.3933,2.3933,2.3933,225,0
2017-12-08,22:00:00,2.3932,2.3932,2.3932,2.3932,787,0
2017-12-11,16:00:00,2.3844,2.3844,2.3577,2.3577,7286,0
2017-12-11,17:00:00,2.3666,2.3755,2.3633,2.3755,871,0
2017-12-11,18:00:00,2.3807,2.3933,2.3781,2.3933,8516,0
2017-12-11,19:00:00,2.381,2.4022,2.3755,2.4022,3816,0
2017-12-11,20:00:00,2.3755,2.3843,2.3666,2.3666,2321,0
2017-12-11,21:00:00,2.379,2.3844,2.3666,2.3666,1461,0
2017-12-11,22:00:00,2.3666,2.3755,2.3666,2.3755,1461,0
2017-12-12,16:00:00,2.3399,2.3577,2.3399,2.3577,1979,0
2017-12-12,17:00:00,2.3488,2.3665,2.3488,2.3488,4833,0
2017-12-12,19:00:00,2.362,2.362,2.3576,2.3576,6182,0
2017-12-12,20:00:00,2.3607,2.3666,2.3488,2.3666,7843,0
2017-12-12,22:00:00,2.3488,2.3844,2.3488,2.3666,17529,0
2017-12-13,16:00:00,2.4022,2.4022,2.3576,2.3607,21049,0
2017-12-13,17:00:00,2.3648,2.3648,2.3648,2.3648,199,0
2017-12-13,18:00:00,2.3688,2.4022,2.3688,2.4022,1214,0
2017-12-13,19:00:00,2.4022,2.4022,2.4022,2.4022,112,0
2017-12-13,20:00:00,2.376,2.3795,2.3755,2.3755,2505,0
2017-12-13,21:00:00,2.4022,2.4022,2.3844,2.3963,1587,0
2017-12-13,22:00:00,2.3933,2.3933,2.3844,2.3844,1236,0
2017-12-14,16:00:00,2.3755,2.3755,2.3755,2.3755,137,0
2017-12-14,17:00:00,2.4022,2.4022,2.4022,2.4022,225,0
2017-12-14,18:00:00,2.4022,2.4022,2.3891,2.3891,399,0
2017-12-14,19:00:00,2.3894,2.3894,2.3894,2.3894,421,0
2017-12-14,20:00:00,2.3889,2.3889,2.3841,2.3841,1024,0
2017-12-14,21:00:00,2.4022,2.4022,2.3906,2.3906,1236,0
2017-12-14,22:00:00,2.3906,2.3906,2.3906,2.3906,965,0
2017-12-15,16:00:00,2.3755,2.3755,2.3755,2.3755,1158,0
2017-12-15,17:00:00,2.3844,2.3844,2.3755,2.3755,1271,0
2017-12-15,18:00:00,2.4022,2.4022,2.397,2.397,2955,0
2017-12-15,19:00:00,2.3914,2.3914,2.3845,2.3845,562,0
2017-12-15,20:00:00,2.3844,2.3844,2.3844,2.3844,225,0
2017-12-15,21:00:00,2.3933,2.4022,2.3755,2.3933,6203,0
2017-12-15,22:00:00,2.4016,2.4016,2.3666,2.3865,2473,0
2017-12-18,16:00:00,2.42,2.4289,2.4022,2.42,25161,0
2017-12-18,17:00:00,2.42,2.4289,2.42,2.42,63747,0
2017-12-18,18:00:00,2.42,2.4255,2.42,2.4255,18151,0
2017-12-18,19:00:00,2.42,2.4289,2.42,2.4289,9845,0
2017-12-18,20:00:00,2.42,2.4289,2.42,2.4201,1350,0
2017-12-18,21:00:00,2.4281,2.4467,2.4281,2.4362,12248,0
2017-12-18,22:00:00,2.4289,2.4465,2.4289,2.4449,14707,0
2017-12-19,16:00:00,2.5001,2.5001,2.4378,2.4467,29926,0
2017-12-19,17:00:00,2.4645,2.5001,2.4645,2.4912,8671,0
2017-12-19,18:00:00,2.4956,2.4956,2.4556,2.4744,7284,0
2017-12-19,19:00:00,2.4823,2.4823,2.4734,2.4823,4600,0
2017-12-19,20:00:00,2.4659,2.4734,2.4556,2.4556,7080,0
2017-12-19,21:00:00,2.4559,2.4823,2.4559,2.4734,6744,0
2017-12-19,22:00:00,2.4823,2.4823,2.479,2.4822,1012,0
2017-12-20,16:00:00,2.5357,2.5357,2.4837,2.4837,17607,0
2017-12-20,17:00:00,2.4867,2.4876,2.4867,2.4876,4159,0
2017-12-20,18:00:00,2.4823,2.4912,2.4823,2.4912,3662,0
2017-12-20,19:00:00,2.4912,2.4912,2.4845,2.4867,1798,0
2017-12-20,20:00:00,2.4911,2.5001,2.4911,2.4926,18613,0
2017-12-20,21:00:00,2.4954,2.5001,2.4912,2.4912,1113,0
2017-12-20,22:00:00,2.5001,2.5001,2.4912,2.4914,4723,0
2017-12-21,16:00:00,2.5001,2.5001,2.5001,2.5001,5339,0
2017-12-21,17:00:00,2.4867,2.5001,2.4867,2.5001,1461,0
2017-12-21,18:00:00,2.4913,2.4969,2.4912,2.4912,10284,0
2017-12-21,19:00:00,2.5001,2.5001,2.4912,2.4912,4681,0
2017-12-21,20:00:00,2.509,2.5268,2.509,2.5268,5067,0
2017-12-21,21:00:00,2.509,2.5177,2.509,2.509,2467,0
2017-12-21,22:00:00,2.5196,2.5196,2.5001,2.5001,3372,0
2017-12-22,16:00:00,2.5179,2.5268,2.4987,2.4987,702,0
2017-12-22,17:00:00,2.5179,2.5179,2.4918,2.4918,562,0
2017-12-22,18:00:00,2.509,2.509,2.4913,2.4913,1574,0
2017-12-22,19:00:00,2.5001,2.5108,2.5001,2.5108,2473,0
2017-12-22,20:00:00,2.509,2.5268,2.4912,2.5179,2781,0
2017-12-22,21:00:00,2.5001,2.5268,2.4912,2.4912,4933,0
2017-12-22,22:00:00,2.4867,2.4912,2.4823,2.4912,1685,0
2017-12-26,16:00:00,2.5179,2.5268,2.509,2.5118,17187,0
2017-12-26,17:00:00,2.509,2.509,2.4867,2.4867,8486,0
2017-12-26,18:00:00,2.4824,2.4912,2.4467,2.4645,19514,0
2017-12-26,19:00:00,2.4761,2.4823,2.4734,2.4823,1122,0
2017-12-26,20:00:00,2.4912,2.4912,2.4912,2.4912,112,0
2017-12-26,21:00:00,2.4912,2.4912,2.4734,2.4809,2473,0
2017-12-26,22:00:00,2.4783,2.5081,2.4467,2.4912,29286,0
2017-12-27,16:00:00,2.4645,2.4645,2.4645,2.4645,1134,0
2017-12-27,17:00:00,2.4912,2.4912,2.4912,2.4912,225,0
2017-12-27,18:00:00,2.4823,2.4823,2.4734,2.4823,944,0
2017-12-27,19:00:00,2.4823,2.4823,2.4823,2.4823,225,0
2017-12-27,20:00:00,2.4823,2.4823,2.4467,2.4511,12670,0
2017-12-27,21:00:00,2.4511,2.46,2.4507,2.46,590,0
2017-12-27,22:00:00,2.4555,2.4556,2.4555,2.4556,2746,0
2017-12-28,16:00:00,2.4556,2.4823,2.4556,2.4823,1276,0
2017-12-28,17:00:00,2.4814,2.4823,2.4734,2.481,1982,0
2017-12-28,18:00:00,2.4823,2.4823,2.4734,2.4734,2304,0
2017-12-28,20:00:00,2.4645,2.4798,2.4556,2.4776,16160,0
2017-12-28,21:00:00,2.4645,2.4823,2.4467,2.4599,15387,0
2017-12-28,22:00:00,2.4734,2.4823,2.4734,2.4735,4041,0
2017-12-29,16:00:00,2.4823,2.4823,2.4764,2.4823,1562,0
2017-12-29,17:00:00,2.4823,2.4823,2.4377,2.4823,17702,0
2017-12-29,18:00:00,2.4645,2.4793,2.4645,2.4645,11464,0
2017-12-29,19:00:00,2.4823,2.4823,2.4823,2.4823,112,0
2017-12-29,20:00:00,2.4823,2.4823,2.4817,2.4817,1236,0
2017-12-29,21:00:00,2.4823,2.4823,2.4734,2.4823,2136,0
2017-12-29,22:00:00,2.4823,2.4823,2.4644,2.4644,7098,0
2018-01-02,16:00:00,2.4777,2.509,2.4645,2.4645,618,0
2018-01-02,17:00:00,2.4912,2.4912,2.4734,2.4823,6519,0
2018-01-02,18:00:00,2.4801,2.509,2.4556,2.509,5965,0
2018-01-02,19:00:00,2.4645,2.4823,2.4556,2.4556,787,0
2018-01-02,20:00:00,2.4734,2.4734,2.42,2.4289,11341,0
2018-01-02,21:00:00,2.4289,2.4556,2.4289,2.4481,4271,0
2018-01-02,22:00:00,2.4467,2.4476,2.4467,2.4467,3597,0
2018-01-03,16:00:00,2.4511,2.4511,2.4467,2.4467,4608,0
2018-01-03,17:00:00,2.4467,2.4555,2.4467,2.4516,4327,0
2018-01-03,18:00:00,2.4467,2.4502,2.4467,2.4467,1812,0
2018-01-03,19:00:00,2.4467,2.4556,2.4467,2.4467,450,0
2018-01-03,20:00:00,2.4556,2.4556,2.4467,2.4467,1686,0
2018-01-03,21:00:00,2.4556,2.4556,2.4467,2.4556,7023,0
2018-01-03,22:00:00,2.4531,2.4556,2.42,2.42,4569,0
2018-01-04,16:00:00,2.4022,2.4556,2.3844,2.4355,15539,0
2018-01-04,17:00:00,2.4467,2.4467,2.4424,2.4424,3564,0
2018-01-04,18:00:00,2.4317,2.4467,2.4317,2.4467,680,0
2018-01-04,19:00:00,2.4467,2.4467,2.4423,2.4467,686,0
2018-01-04,20:00:00,2.4431,2.4431,2.4431,2.4431,2360,0
2018-01-04,21:00:00,2.4378,2.4403,2.4378,2.4379,2922,0
2018-01-04,22:00:00,2.4556,2.4556,2.4378,2.4379,5837,0
2018-01-05,16:00:00,2.3577,2.42,2.3577,2.42,24402,0
2018-01-05,17:00:00,2.4289,2.4467,2.4289,2.4467,2921,0
2018-01-05,18:00:00,2.4467,2.4467,2.4422,2.4422,1360,0
2018-01-05,19:00:00,2.4422,2.4467,2.4422,2.4467,1012,0
2018-01-05,20:00:00,2.4438,2.4467,2.4423,2.4467,2023,0
2018-01-05,21:00:00,2.4467,2.4467,2.4111,2.42,11396,0
2018-01-05,22:00:00,2.4111,2.4112,2.4111,2.4111,1012,0
2018-01-08,16:00:00,2.4022,2.4645,2.4022,2.4022,13150,0
2018-01-08,17:00:00,2.3933,2.3933,2.3577,2.3755,18923,0
2018-01-08,18:00:00,2.3844,2.3844,2.3755,2.3783,2456,0
2018-01-08,19:00:00,2.3781,2.4022,2.3781,2.4021,3597,0
2018-01-08,20:00:00,2.3993,2.4022,2.3934,2.3958,5957,0
2018-01-08,21:00:00,2.4022,2.4022,2.3969,2.4022,2473,0
2018-01-08,22:00:00,2.4022,2.4022,2.3933,2.4022,4974,0
2018-01-09,16:00:00,2.4022,2.4022,2.3933,2.3933,1607,0
2018-01-09,17:00:00,2.4021,2.4467,2.3934,2.4022,11154,0
2018-01-09,18:00:00,2.3992,2.4111,2.3978,2.4111,2702,0
2018-01-09,19:00:00,2.4111,2.4111,2.4022,2.4035,6204,0
2018-01-09,20:00:00,2.4111,2.4111,2.4023,2.4111,4721,0
2018-01-09,21:00:00,2.4111,2.4111,2.4022,2.4111,4170,0
2018-01-09,22:00:00,2.4022,2.4023,2.3933,2.3933,5058,0
2018-01-10,16:00:00,2.3666,2.4021,2.3666,2.4021,4046,0
2018-01-10,17:00:00,2.4022,2.4022,2.3953,2.4022,2136,0
2018-01-10,18:00:00,2.411,2.4111,2.411,2.411,899,0
2018-01-10,19:00:00,2.411,2.4111,2.4023,2.4111,2698,0
2018-01-10,20:00:00,2.4036,2.4111,2.4036,2.41,6139,0
2018-01-10,21:00:00,2.4022,2.4111,2.3978,2.3978,6452,0
2018-01-10,22:00:00,2.4021,2.4022,2.3933,2.4022,3176,0
2018-01-11,16:00:00,2.4022,2.4022,2.4022,2.4022,1130,0
2018-01-11,17:00:00,2.3922,2.3933,2.3889,2.3933,1293,0
2018-01-11,18:00:00,2.3885,2.3933,2.3885,2.3933,2006,0
2018-01-11,19:00:00,2.3933,2.3933,2.3912,2.3933,2365,0
2018-01-11,20:00:00,2.3912,2.3933,2.3889,2.3933,3170,0
2018-01-11,21:00:00,2.3889,2.3933,2.3844,2.3844,2931,0
2018-01-11,22:00:00,2.3881,2.3978,2.3845,2.3933,8965,0
2018-01-12,16:00:00,2.4022,2.4022,2.3755,2.401,5746,0
2018-01-12,17:00:00,2.4022,2.4022,2.3933,2.3933,3147,0
2018-01-12,18:00:00,2.4022,2.4022,2.3929,2.3929,405,0
2018-01-12,19:00:00,2.4004,2.4022,2.4001,2.4022,3709,0
2018-01-12,20:00:00,2.4022,2.4022,2.4022,2.4022,337,0
2018-01-12,21:00:00,2.3933,2.4016,2.3933,2.3946,1780,0
2018-01-12,22:00:00,2.3946,2.4096,2.3844,2.3932,12568,0
2018-01-16,16:00:00,2.4022,2.4111,2.4022,2.4066,8218,0
2018-01-16,17:00:00,2.4022,2.4022,2.3577,2.3844,61571,0
2018-01-16,18:00:00,2.3844,2.3933,2.3755,2.3755,899,0
2018-01-16,19:00:00,2.3844,2.3844,2.3667,2.3778,4261,0
2018-01-16,20:00:00,2.3844,2.3844,2.3578,2.3648,4945,0
2018-01-16,21:00:00,2.3666,2.3844,2.3666,2.3844,225,0
2018-01-16,22:00:00,2.3844,2.3933,2.3755,2.38,4580,0
2018-01-17,16:00:00,2.4111,2.4111,2.4111,2.4111,9664,0
2018-01-17,17:00:00,2.4106,2.42,2.4106,2.4111,10888,0
2018-01-17,18:00:00,2.411,2.4289,2.411,2.4289,22277,0
2018-01-17,19:00:00,2.4377,2.4378,2.4289,2.4333,23498,0
2018-01-17,20:00:00,2.4289,2.4467,2.4289,2.4289,14241,0
2018-01-17,21:00:00,2.4467,2.4467,2.4302,2.4302,8497,0
2018-01-17,22:00:00,2.4333,2.4467,2.4023,2.4289,33800,0
2018-01-18,16:00:00,2.4289,2.4556,2.4152,2.4152,29083,0
2018-01-18,17:00:00,2.3844,2.4325,2.3844,2.42,12924,0
2018-01-18,18:00:00,2.4022,2.42,2.4022,2.42,1349,0
2018-01-18,19:00:00,2.4289,2.4289,2.4279,2.4289,8163,0
2018-01-18,20:00:00,2.4289,2.4378,2.42,2.4378,2765,0
2018-01-18,21:00:00,2.4467,2.4556,2.42,2.42,8168,0
2018-01-18,22:00:00,2.4164,2.4289,2.4111,2.4173,7672,0
2018-01-19,16:00:00,2.4467,2.4467,2.4098,2.4289,8540,0
2018-01-19,17:00:00,2.4378,2.4556,2.42,2.4378,7278,0
2018-01-19,18:00:00,2.4378,2.4378,2.4377,2.4378,2590,0
2018-01-19,19:00:00,2.4378,2.4378,2.4289,2.4378,7650,0
2018-01-19,20:00:00,2.4422,2.4467,2.4289,2.4289,6294,0
2018-01-19,21:00:00,2.4411,2.4467,2.42,2.426,16689,0
2018-01-19,22:00:00,2.42,2.4289,2.42,2.4288,2698,0
2018-01-22,16:00:00,2.4734,2.4734,2.4382,2.4645,13957,0
2018-01-22,17:00:00,2.4511,2.4645,2.4467,2.4468,5058,0
2018-01-22,18:00:00,2.4556,2.4645,2.4556,2.4645,225,0
2018-01-22,19:00:00,2.4645,2.4645,2.4636,2.4645,3147,0
2018-01-22,20:00:00,2.4645,2.4645,2.4467,2.4467,2079,0
2018-01-22,21:00:00,2.4645,2.4912,2.4645,2.4912,28774,0
2018-01-22,22:00:00,2.4734,2.4823,2.4734,2.4778,3798,0
2018-01-23,16:00:00,2.4556,2.5001,2.4378,2.5001,13797,0
2018-01-23,17:00:00,2.4872,2.5001,2.4872,2.4929,8279,0
2018-01-23,18:00:00,2.5,2.5001,2.4823,2.4823,12622,0
2018-01-23,19:00:00,2.5001,2.5188,2.4912,2.5001,33026,0
2018-01-23,20:00:00,2.4823,2.5001,2.4823,2.4944,9191,0
2018-01-23,21:00:00,2.5001,2.5001,2.4823,2.4912,8655,0
2018-01-23,22:00:00,2.4906,2.5091,2.4823,2.4912,19847,0
2018-01-24,16:00:00,2.509,2.5179,2.5001,2.5179,4383,0
2018-01-24,17:00:00,2.5268,2.5357,2.5179,2.5179,14494,0
2018-01-24,18:00:00,2.5179,2.5268,2.5179,2.5268,3659,0
2018-01-24,19:00:00,2.5268,2.5268,2.509,2.509,12034,0
2018-01-24,20:00:00,2.5179,2.5179,2.4734,2.4823,11217,0
2018-01-24,21:00:00,2.4823,2.5001,2.4823,2.5001,337,0
2018-01-24,22:00:00,2.4793,2.5134,2.4793,2.5134,8316,0
2018-01-25,16:00:00,2.5357,2.5535,2.5179,2.5446,10224,0
2018-01-25,17:00:00,2.5357,2.5357,2.4912,2.509,1798,0
2018-01-25,18:00:00,2.509,2.509,2.4912,2.509,10090,0
2018-01-25,19:00:00,2.5001,2.509,2.4734,2.4912,8204,0
2018-01-25,20:00:00,2.4734,2.4912,2.4734,2.4734,7293,0
2018-01-25,21:00:00,2.509,2.509,2.509,2.509,112,0
2018-01-25,22:00:00,2.4956,2.5268,2.4823,2.5268,4568,0
2018-01-26,16:00:00,2.5535,2.5535,2.5045,2.5045,6069,0
2018-01-26,17:00:00,2.5356,2.5357,2.5356,2.5357,1461,0
2018-01-26,18:00:00,2.5357,2.5357,2.4575,2.4823,2979,0
2018-01-26,19:00:00,2.4823,2.4823,2.4823,2.4823,225,0
2018-01-26,20:00:00,2.4823,2.5001,2.4734,2.5001,3260,0
2018-01-26,21:00:00,2.4935,2.4947,2.4823,2.4912,5729,0
2018-01-26,22:00:00,2.4873,2.5001,2.4873,2.5001,8468,0
2018-01-29,16:00:00,2.5357,2.5526,2.5179,2.5259,5395,0
2018-01-29,17:00:00,2.5134,2.5357,2.5134,2.5357,23228,0
2018-01-29,18:00:00,2.5357,2.5357,2.4912,2.509,2796,0
2018-01-29,19:00:00,2.5179,2.5179,2.5179,2.5179,450,0
2018-01-29,20:00:00,2.5179,2.5179,2.5179,2.5179,225,0
2018-01-29,21:00:00,2.5179,2.5179,2.5179,2.5179,4031,0
2018-01-29,22:00:00,2.4912,2.5179,2.4912,2.5178,4185,0
2018-01-30,16:00:00,2.5357,2.5535,2.5127,2.5127,15950,0
2018-01-30,17:00:00,2.5127,2.5535,2.5001,2.5268,13038,0
2018-01-30,18:00:00,2.5179,2.5357,2.5179,2.518,3928,0
2018-01-30,19:00:00,2.5195,2.5268,2.5179,2.5179,4215,0
2018-01-30,20:00:00,2.5223,2.5268,2.5179,2.5268,2810,0
2018-01-30,21:00:00,2.5268,2.5268,2.5268,2.5268,225,0
2018-01-30,22:00:00,2.5179,2.5179,2.5001,2.5179,3798,0
2018-01-31,16:00:00,2.509,2.5179,2.509,2.5179,2698,0
2018-01-31,17:00:00,2.5268,2.5268,2.5268,2.5268,112,0
2018-01-31,18:00:00,2.5268,2.5268,2.5268,2.5268,225,0
2018-01-31,19:00:00,2.5268,2.5268,2.5188,2.5268,1910,0
2018-01-31,20:00:00,2.5188,2.5259,2.4912,2.509,41948,0
2018-01-31,21:00:00,2.509,2.509,2.4912,2.509,4614,0
2018-01-31,22:00:00,2.4912,2.509,2.4912,2.4912,8992,0
2018-02-01,16:00:00,2.509,2.5268,2.5001,2.5268,923,0
2018-02-01,17:00:00,2.5001,2.5268,2.4987,2.5268,2136,0
2018-02-01,18:00:00,2.5179,2.5179,2.5045,2.5045,1585,0
2018-02-01,19:00:00,2.5001,2.5268,2.5001,2.5019,1349,0
2018-02-01,20:00:00,2.5124,2.5268,2.5089,2.5268,822,0
2018-02-01,21:00:00,2.5001,2.5268,2.5001,2.5268,1461,0
2018-02-01,22:00:00,2.5179,2.5179,2.4966,2.497,2591,0
2018-02-02,16:00:00,2.509,2.509,2.4912,2.4912,2136,0
2018-02-02,17:00:00,2.5179,2.5179,2.5001,2.509,1938,0
2018-02-02,18:00:00,2.509,2.509,2.4556,2.4734,47416,0
2018-02-02,19:00:00,2.4556,2.4734,2.4556,2.4734,1349,0
2018-02-02,20:00:00,2.4599,2.4645,2.4556,2.4645,13365,0
2018-02-02,21:00:00,2.4645,2.4645,2.4556,2.4556,2668,0
2018-02-02,22:00:00,2.4645,2.4645,2.4556,2.4645,3830,0
2018-02-05,16:00:00,2.4467,2.4912,2.4467,2.4823,4934,0
2018-02-05,17:00:00,2.4645,2.4912,2.4645,2.4734,562,0
2018-02-05,18:00:00,2.4734,2.4823,2.4556,2.4734,7716,0
2018-02-05,19:00:00,2.4487,2.4487,2.429,2.4325,7458,0
2018-02-05,20:00:00,2.4289,2.4289,2.4248,2.4289,1126,0
2018-02-05,21:00:00,2.4289,2.4289,2.4022,2.4089,6870,0
2018-02-05,22:00:00,2.42,2.42,2.4022,2.4022,13537,0
2018-02-06,16:00:00,2.4022,2.5179,2.4022,2.5179,8194,0
2018-02-06,17:00:00,2.4556,2.4734,2.4111,2.4244,12701,0
2018-02-06,18:00:00,2.4111,2.4823,2.4022,2.4556,10262,0
2018-02-06,19:00:00,2.4289,2.4645,2.4167,2.4347,2379,0
2018-02-06,20:00:00,2.4645,2.4645,2.4246,2.4378,4102,0
2018-02-06,21:00:00,2.4273,2.4289,2.4201,2.4289,2891,0
2018-02-06,22:00:00,2.4289,2.4556,2.4257,2.4467,12622,0
2018-02-07,16:00:00,2.4467,2.4645,2.4378,2.4645,1131,0
2018-02-07,17:00:00,2.4645,2.4645,2.4467,2.4467,1517,0
2018-02-07,18:00:00,2.4556,2.4556,2.4289,2.4289,2174,0
2018-02-07,19:00:00,2.4529,2.4814,2.4422,2.4734,2855,0
2018-02-07,20:00:00,2.4823,2.4823,2.4734,2.4823,562,0
2018-02-07,21:00:00,2.4734,2.4734,2.4289,2.4289,225,0
2018-02-07,22:00:00,2.4645,2.4734,2.4379,2.4556,3484,0
2018-02-08,16:00:00,2.4603,2.4734,2.4603,2.4734,225,0
2018-02-08,17:00:00,2.4378,2.4556,2.4378,2.4467,2079,0
2018-02-08,18:00:00,2.4467,2.4467,2.4378,2.4378,4046,0
2018-02-08,19:00:00,2.4467,2.4467,2.4378,2.4424,4215,0
2018-02-08,20:00:00,2.4378,2.4467,2.4378,2.4467,337,0
2018-02-08,21:00:00,2.4467,2.4467,2.4378,2.4467,4662,0
2018-02-08,22:00:00,2.4467,2.4467,2.4378,2.4378,11841,0
2018-02-09,16:00:00,2.4556,2.4912,2.4335,2.4912,13207,0
2018-02-09,17:00:00,2.42,2.433,2.42,2.433,1236,0
2018-02-09,18:00:00,2.4725,2.4725,2.4467,2.4467,2922,0
2018-02-09,19:00:00,2.4556,2.4556,2.4285,2.4285,5032,0
2018-02-09,20:00:00,2.42,2.42,2.4111,2.4112,9919,0
2018-02-09,21:00:00,2.4378,2.4734,2.42,2.4645,1439,0
2018-02-09,22:00:00,2.4645,2.4645,2.4645,2.4645,112,0
2018-02-12,16:00:00,2.4912,2.4912,2.4645,2.4823,8225,0
2018-02-12,17:00:00,2.4912,2.4912,2.4912,2.4912,450,0
2018-02-12,18:00:00,2.4823,2.4912,2.4591,2.4912,4636,0
2018-02-12,19:00:00,2.4912,2.4912,2.491,2.4912,5306,0
2018-02-12,20:00:00,2.4912,2.4912,2.4378,2.4912,8205,0
2018-02-12,21:00:00,2.4511,2.4912,2.4126,2.4912,5620,0
2018-02-12,22:00:00,2.4912,2.4912,2.4556,2.4734,2248,0
2018-02-13,16:00:00,2.4467,2.4823,2.4467,2.4823,1405,0
2018-02-13,18:00:00,2.4817,2.4823,2.4615,2.4823,2301,0
2018-02-13,19:00:00,2.4823,2.4912,2.4734,2.4734,1230,0
2018-02-13,20:00:00,2.4822,2.4912,2.4735,2.4912,6541,0
2018-02-13,21:00:00,2.4735,2.4912,2.4734,2.4734,4924,0
2018-02-13,22:00:00,2.4912,2.4912,2.4823,2.4823,225,0
2018-02-14,16:00:00,2.4777,2.4777,2.4777,2.4777,281,0
2018-02-14,17:00:00,2.4743,2.509,2.4735,2.509,2360,0
2018-02-14,18:00:00,2.509,2.509,2.509,2.509,337,0
2018-02-14,19:00:00,2.4743,2.5045,2.42,2.4467,28572,0
2018-02-14,20:00:00,2.509,2.509,2.497,2.497,787,0
2018-02-14,22:00:00,2.4556,2.4645,2.4556,2.4645,225,0
2018-02-15,16:00:00,2.5001,2.5001,2.4823,2.4823,649,0
2018-02-15,17:00:00,2.4645,2.4645,2.4427,2.4427,337,0
2018-02-15,18:00:00,2.4959,2.4959,2.4959,2.4959,124,0
2018-02-15,20:00:00,2.4734,2.4734,2.4556,2.4734,1012,0
2018-02-15,21:00:00,2.4734,2.4734,2.4022,2.4022,10835,0
2018-02-15,22:00:00,2.42,2.4676,2.4111,2.4556,3246,0
2018-02-16,16:00:00,2.4734,2.4734,2.4266,2.4289,2585,0
2018-02-16,17:00:00,2.4289,2.4467,2.4289,2.4467,562,0
2018-02-16,18:00:00,2.455,2.4556,2.4547,2.4556,1236,0
2018-02-16,19:00:00,2.4645,2.4645,2.4467,2.4467,337,0
2018-02-16,20:00:00,2.4378,2.4409,2.4378,2.4409,229,0
2018-02-16,21:00:00,2.4333,2.4467,2.4333,2.4467,478,0
2018-02-16,22:00:00,2.4454,2.4467,2.4378,2.4454,1797,0
2018-02-20,16:00:00,2.4467,2.4467,2.4467,2.4467,4047,0
2018-02-20,17:00:00,2.4458,2.4467,2.4407,2.4467,1774,0
2018-02-20,18:00:00,2.4467,2.4467,2.4379,2.4379,450,0
2018-02-20,20:00:00,2.4431,2.4467,2.4378,2.4467,16480,0
2018-02-20,21:00:00,2.4467,2.4467,2.4378,2.4427,655,0
2018-02-20,22:00:00,2.441,2.4467,2.4378,2.4467,5613,0
2018-02-21,16:00:00,2.4467,2.4556,2.4467,2.4556,4255,0
2018-02-21,17:00:00,2.4556,2.4556,2.4022,2.4556,44327,0
2018-02-21,18:00:00,2.4022,2.4467,2.4022,2.4467,2136,0
2018-02-21,19:00:00,2.4169,2.4467,2.4169,2.4467,862,0
2018-02-21,20:00:00,2.4453,2.4453,2.4313,2.4313,786,0
2018-02-21,21:00:00,2.429,2.4467,2.429,2.4409,1320,0
2018-02-21,22:00:00,2.4386,2.4386,2.4248,2.4248,4418,0
2018-02-22,16:00:00,2.4378,2.4378,2.4022,2.4023,19476,0
2018-02-22,17:00:00,2.4081,2.4081,2.3755,2.3756,74862,0
2018-02-22,18:00:00,2.3756,2.3933,2.3755,2.3825,7081,0
2018-02-22,19:00:00,2.3827,2.3863,2.3666,2.3696,26739,0
2018-02-22,20:00:00,2.3577,2.3577,2.331,2.3434,16834,0
2018-02-22,21:00:00,2.331,2.3577,2.331,2.3548,9110,0
2018-02-22,22:00:00,2.3488,2.3666,2.3488,2.3488,6878,0
2018-02-23,16:00:00,2.3488,2.3488,2.3234,2.3479,5348,0
2018-02-23,17:00:00,2.3488,2.3488,2.3488,2.3488,135,0
2018-02-23,18:00:00,2.3933,2.3933,2.331,2.331,5395,0
2018-02-23,19:00:00,2.3575,2.3755,2.331,2.3534,5728,0
2018-02-23,20:00:00,2.3399,2.3666,2.3399,2.3488,337,0
2018-02-23,21:00:00,2.3487,2.3666,2.3399,2.3399,4158,0
2018-02-23,22:00:00,2.3577,2.3666,2.331,2.331,787,0
2018-02-26,16:00:00,2.3755,2.3895,2.3648,2.3895,10203,0
2018-02-26,17:00:00,2.3844,2.3933,2.3844,2.3844,30320,0
2018-02-26,18:00:00,2.3844,2.3889,2.3844,2.3853,1012,0
2018-02-26,19:00:00,2.3844,2.3933,2.3755,2.3933,13480,0
2018-02-26,20:00:00,2.3844,2.385,2.3666,2.3666,15848,0
2018-02-26,21:00:00,2.3666,2.3755,2.3666,2.3666,562,0
2018-02-26,22:00:00,2.3666,2.3843,2.3666,2.3666,8637,0
2018-02-27,16:00:00,2.3844,2.3844,2.3844,2.3844,4721,0
2018-02-27,17:00:00,2.3755,2.3843,2.3725,2.3755,1349,0
2018-02-27,18:00:00,2.3696,2.3844,2.3577,2.3577,4820,0
2018-02-27,19:00:00,2.3666,2.3755,2.3577,2.3755,1315,0
2018-02-27,20:00:00,2.3666,2.3844,2.331,2.331,9632,0
2018-02-27,21:00:00,2.3399,2.3488,2.331,2.3399,2886,0
2018-02-27,22:00:00,2.3755,2.3755,2.3488,2.3488,1965,0
2018-02-28,17:00:00,2.3666,2.3844,2.3488,2.3488,3448,0
2018-02-28,18:00:00,2.3399,2.3746,2.3399,2.3399,5224,0
2018-02-28,19:00:00,2.3577,2.3755,2.3576,2.3616,1821,0
2018-02-28,20:00:00,2.3755,2.3755,2.3488,2.3488,3147,0
2018-02-28,21:00:00,2.3488,2.3746,2.3488,2.3488,9152,0
2018-02-28,22:00:00,2.3488,2.3577,2.331,2.331,4945,0
2018-03-01,16:00:00,2.331,2.3755,2.331,2.3399,3327,0
2018-03-01,17:00:00,2.3399,2.3755,2.3319,2.3577,14315,0
2018-03-01,18:00:00,2.3666,2.3755,2.3577,2.3666,14613,0
2018-03-01,19:00:00,2.3666,2.3844,2.3666,2.3666,1124,0
2018-03-01,20:00:00,2.3755,2.3755,2.3577,2.3577,5763,0
2018-03-01,21:00:00,2.3586,2.3755,2.3577,2.3755,15650,0
2018-03-01,22:00:00,2.3577,2.3577,2.331,2.3399,9483,0
2018-03-02,16:00:00,2.3577,2.3844,2.3486,2.3844,7647,0
2018-03-02,17:00:00,2.3835,2.3844,2.373,2.3844,16253,0
2018-03-02,18:00:00,2.3755,2.3844,2.3755,2.3811,3534,0
2018-03-02,19:00:00,2.3755,2.4022,2.3755,2.3844,25161,0
2018-03-02,20:00:00,2.4022,2.4022,2.3844,2.3933,3765,0
2018-03-02,21:00:00,2.4022,2.4467,2.4022,2.4378,25079,0
2018-03-02,22:00:00,2.4378,2.4467,2.4111,2.4111,6440,0
2018-03-05,16:00:00,2.4556,2.4734,2.4298,2.4298,60704,0
2018-03-05,17:00:00,2.46,2.4823,2.3844,2.4111,20946,0
2018-03-05,18:00:00,2.4244,2.4467,2.4244,2.4467,12521,0
2018-03-05,19:00:00,2.4467,2.4556,2.42,2.42,20289,0
2018-03-05,20:00:00,2.4378,2.4378,2.4022,2.4022,12267,0
2018-03-05,21:00:00,2.4111,2.4199,2.4111,2.4111,1041,0
2018-03-05,22:00:00,2.4156,2.42,2.4111,2.42,6348,0
2018-03-06,16:00:00,2.4111,2.4289,2.4022,2.4206,18306,0
2018-03-06,17:00:00,2.4288,2.4289,2.4022,2.4111,31066,0
2018-03-06,18:00:00,2.4171,2.42,2.4022,2.4022,26728,0
2018-03-06,19:00:00,2.4022,2.4111,2.4022,2.4065,9001,0
2018-03-06,20:00:00,2.4073,2.4199,2.4022,2.4199,66736,0
2018-03-06,21:00:00,2.4022,2.4111,2.4022,2.4022,26376,0
2018-03-06,22:00:00,2.4022,2.42,2.4022,2.42,24715,0
2018-03-07,16:00:00,2.29,2.3876,2.21,2.3614,52067,0
2018-03-07,17:00:00,2.38,2.4423,2.36,2.4,21561,0
2018-03-07,18:00:00,2.44,2.44,2.36,2.395,16180,0
2018-03-07,19:00:00,2.399,2.4,2.34,2.4,14248,0
2018-03-07,20:00:00,2.4,2.4,2.34,2.34,1000,0
2018-03-07,21:00:00,2.37,2.4,2.37,2.4,41309,0
2018-03-07,22:00:00,2.4,2.4,2.38,2.38,40941,0
2018-03-08,16:00:00,2.39,2.48,2.39,2.422,17613,0
2018-03-08,17:00:00,2.428,2.47,2.39,2.44,38775,0
2018-03-08,18:00:00,2.44,2.44,2.39,2.4,24281,0
2018-03-08,19:00:00,2.42,2.43,2.4,2.4001,13119,0
2018-03-08,20:00:00,2.41,2.43,2.41,2.43,14300,0
2018-03-08,21:00:00,2.41,2.44,2.41,2.44,4600,0
2018-03-08,22:00:00,2.42,2.44,2.39,2.4,14411,0
2018-03-09,16:00:00,2.4,2.406,2.4,2.4,7463,0
2018-03-09,17:00:00,2.44,2.45,2.4,2.43,10500,0
2018-03-09,18:00:00,2.41,2.45,2.4,2.416,1000,0
2018-03-09,19:00:00,2.44,2.44,2.36,2.43,9066,0
2018-03-09,20:00:00,2.43,2.43,2.38,2.41,1200,0
2018-03-09,21:00:00,2.41,2.44,2.39,2.42,2596,0
2018-03-09,22:00:00,2.41,2.41,2.41,2.41,200,0
2018-03-12,15:00:00,2.43,2.45,2.43,2.45,9310,0
2018-03-12,16:00:00,2.431,2.4386,2.4,2.4,38211,0
2018-03-12,17:00:00,2.4,2.4296,2.4,2.4046,6200,0
2018-03-12,18:00:00,2.41,2.44,2.39,2.44,12930,0
2018-03-12,19:00:00,2.37,2.44,2.37,2.4,4325,0
2018-03-12,20:00:00,2.43,2.43,2.38,2.4,2699,0
2018-03-12,21:00:00,2.37,2.43,2.36,2.39,2231,0
2018-03-13,15:00:00,2.39,2.41,2.39,2.4,4849,0
2018-03-13,16:00:00,2.4,2.41,2.391,2.4,4690,0
2018-03-13,17:00:00,2.405,2.41,2.37,2.3942,16215,0
2018-03-13,18:00:00,2.39,2.41,2.38,2.39,1500,0
2018-03-13,19:00:00,2.39,2.4098,2.37,2.38,8450,0
2018-03-13,20:00:00,2.38,2.39,2.3633,2.37,4500,0
2018-03-13,21:00:00,2.37,2.38,2.36,2.36,1100,0
2018-03-14,15:00:00,2.36,2.4,2.36,2.39,2750,0
2018-03-14,16:00:00,2.3766,2.39,2.37,2.37,2036,0
2018-03-14,17:00:00,2.4,2.4,2.38,2.3821,2105,0
2018-03-14,18:00:00,2.381,2.39,2.38,2.39,700,0
2018-03-14,19:00:00,2.42,2.43,2.3828,2.43,2150,0
2018-03-14,20:00:00,2.4,2.43,2.3828,2.3835,800,0
2018-03-14,21:00:00,2.42,2.43,2.32,2.34,35305,0
2018-03-15,15:00:00,2.36,2.36,2.331,2.3405,7350,0
2018-03-15,16:00:00,2.3878,2.389,2.3427,2.37,2260,0
2018-03-15,17:00:00,2.37,2.38,2.37,2.38,900,0
2018-03-15,18:00:00,2.38,2.38,2.38,2.38,3300,0
2018-03-15,19:00:00,2.38,2.38,2.35,2.35,8340,0
2018-03-15,20:00:00,2.35,2.35,2.34,2.35,1300,0
2018-03-15,21:00:00,2.36,2.36,2.34,2.34,1900,0
2018-03-16,15:00:00,2.36,2.36,2.36,2.36,308,0
2018-03-16,16:00:00,2.37,2.38,2.3699,2.38,600,0
2018-03-16,17:00:00,2.38,2.38,2.351,2.38,2000,0
2018-03-16,18:00:00,2.38,2.38,2.3699,2.38,900,0
2018-03-16,19:00:00,2.37,2.38,2.3699,2.3699,1900,0
2018-03-16,20:00:00,2.3597,2.38,2.3597,2.37,1100,0
2018-03-16,21:00:00,2.352,2.37,2.352,2.37,2445,0
2018-03-19,15:00:00,2.37,2.3799,2.37,2.375,8558,0
2018-03-19,16:00:00,2.37,2.38,2.36,2.38,3896,0
2018-03-19,17:00:00,2.3501,2.37,2.35,2.35,2169,0
2018-03-19,18:00:00,2.37,2.37,2.31,2.31,14446,0
2018-03-19,19:00:00,2.31,2.32,2.3,2.3,39979,0
2018-03-19,20:00:00,2.3,2.32,2.3,2.31,700,0
2018-03-19,21:00:00,2.3,2.31,2.29,2.29,5230,0
2018-03-20,15:00:00,2.35,2.35,2.34,2.3499,2200,0
2018-03-20,16:00:00,2.329,2.329,2.329,2.329,600,0
2018-03-20,17:00:00,2.32,2.32,2.3,2.3,2365,0
2018-03-20,18:00:00,2.3099,2.3099,2.3,2.3,855,0
2018-03-20,19:00:00,2.2852,2.3,2.27,2.3,18900,0
2018-03-20,20:00:00,2.29,2.38,2.29,2.35,25121,0
2018-03-20,21:00:00,2.301,2.35,2.2956,2.35,3270,0
2018-03-21,15:00:00,2.38,2.38,2.38,2.38,100,0
2018-03-21,16:00:00,2.38,2.38,2.38,2.38,400,0
2018-03-21,18:00:00,2.34,2.37,2.34,2.36,300,0
2018-03-21,19:00:00,2.34,2.35,2.34,2.35,1329,0
2018-03-21,20:00:00,2.36,2.36,2.34,2.34,200,0
2018-03-21,21:00:00,2.3,2.36,2.291,2.36,5313,0
2018-03-22,15:00:00,2.35,2.35,2.33,2.333,2356,0
2018-03-22,16:00:00,2.3141,2.35,2.3141,2.35,11203,0
2018-03-22,17:00:00,2.34,2.34,2.3079,2.3079,1125,0
2018-03-22,18:00:00,2.35,2.36,2.3,2.33,11230,0
2018-03-22,19:00:00,2.34,2.34,2.3,2.3048,9750,0
2018-03-22,20:00:00,2.32,2.32,2.3063,2.32,7291,0
2018-03-22,21:00:00,2.32,2.32,2.3,2.31,2030,0
2018-03-23,15:00:00,2.33,2.34,2.3,2.3299,25771,0
2018-03-23,16:00:00,2.32,2.35,2.32,2.34,14369,0
2018-03-23,17:00:00,2.34,2.3651,2.32,2.34,5133,0
2018-03-23,18:00:00,2.32,2.34,2.315,2.33,5200,0
2018-03-23,19:00:00,2.34,2.3772,2.34,2.355,6285,0
2018-03-23,20:00:00,2.35,2.38,2.35,2.35,6017,0
2018-03-23,21:00:00,2.35,2.38,2.31,2.32,7087,0
2018-03-26,16:00:00,2.37,2.38,2.3521,2.38,8613,0
2018-03-26,17:00:00,2.38,2.38,2.3601,2.3601,5340,0
2018-03-26,18:00:00,2.37,2.38,2.3256,2.3256,7957,0
2018-03-26,19:00:00,2.3362,2.37,2.33,2.348,16366,0
2018-03-26,20:00:00,2.37,2.37,2.33,2.348,6347,0
2018-03-26,21:00:00,2.35,2.35,2.35,2.35,300,0
2018-03-26,22:00:00,2.3448,2.35,2.31,2.32,23061,0
2018-03-27,16:00:00,2.3,2.3399,2.3,2.3399,10483,0
2018-03-27,17:00:00,2.31,2.34,2.31,2.31,2050,0
2018-03-27,18:00:00,2.31,2.35,2.29,2.3,29359,0
2018-03-27,19:00:00,2.3036,2.33,2.3036,2.33,800,0
2018-03-27,20:00:00,2.3293,2.33,2.32,2.33,1232,0
2018-03-27,21:00:00,2.33,2.33,2.29,2.29,3110,0
2018-03-27,22:00:00,2.29,2.32,2.26,2.26,8585,0
2018-03-28,16:00:00,2.26,2.29,2.26,2.29,1882,0
2018-03-28,17:00:00,2.29,2.29,2.27,2.29,2593,0
2018-03-28,18:00:00,2.28,2.29,2.274,2.274,3788,0
2018-03-28,19:00:00,2.29,2.29,2.25,2.28,24155,0
2018-03-28,20:00:00,2.29,2.3,2.275,2.3,8125,0
2018-03-28,21:00:00,2.3,2.3,2.3,2.3,100,0
2018-03-28,22:00:00,2.2919,2.3,2.2818,2.3,10438,0
2018-03-29,16:00:00,2.34,2.34,2.28,2.28,7527,0
2018-03-29,17:00:00,2.26,2.28,2.26,2.28,5291,0
2018-03-29,18:00:00,2.26,2.27,2.24,2.25,8544,0
2018-03-29,19:00:00,2.27,2.27,2.25,2.25,1490,0
2018-03-29,20:00:00,2.27,2.27,2.25,2.25,6145,0
2018-03-29,21:00:00,2.25,2.26,2.25,2.26,7795,0
2018-03-29,22:00:00,2.26,2.26,2.19,2.21,78281,0
