Date,Time,Open,High,Low,Close,Volume,OpenInt
2017-09-06,16:00:00,78,78,77.34,77.45,7750,0
2017-09-06,17:00:00,77.47,77.95,77.47,77.95,10167,0
2017-09-06,18:00:00,77.96,78,77.68,77.97,22853,0
2017-09-06,19:00:00,77.96,78.42,77.91,78.2,17858,0
2017-09-06,20:00:00,78.29,78.59,78.06,78.18,7201,0
2017-09-06,21:00:00,78.22,78.45,78.11,78.26,8035,0
2017-09-06,22:00:00,78.25,78.595,78.1,78.38,28691,0
2017-09-07,16:00:00,78.7,78.82,78.68,78.79,6499,0
2017-09-07,17:00:00,78.815,79.51,78.77,79.29,43844,0
2017-09-07,18:00:00,79.28,79.28,79.06,79.17,17823,0
2017-09-07,19:00:00,79.22,79.53,79.095,79.44,10702,0
2017-09-07,20:00:00,79.47,79.76,79.32,79.69,24326,0
2017-09-07,21:00:00,79.63,79.73,79.55,79.61,21472,0
2017-09-07,22:00:00,79.665,79.7,79.23,79.41,26734,0
2017-09-08,16:00:00,79.13,79.33,78.23,79.02,7623,0
2017-09-08,17:00:00,79.02,79.46,78.86,79.095,19458,0
2017-09-08,18:00:00,79.23,79.25,79.02,79.09,1680,0
2017-09-08,19:00:00,79.09,79.15,78.96,78.96,10033,0
2017-09-08,20:00:00,78.94,78.94,78.4001,78.77,4123,0
2017-09-08,21:00:00,78.8,78.85,78.61,78.655,7972,0
2017-09-08,22:00:00,78.61,78.93,78.54,78.71,12744,0
2017-09-11,16:00:00,79.69,79.79,79.385,79.45,13200,0
2017-09-11,17:00:00,79.4,79.59,79.04,79.1025,20613,0
2017-09-11,18:00:00,79.05,79.3,79.04,79.22,12654,0
2017-09-11,19:00:00,79.1,79.235,79.08,79.22,2500,0
2017-09-11,20:00:00,79.21,79.25,79.09,79.13,6001,0
2017-09-11,21:00:00,79.13,79.25,79.05,79.19,14800,0
2017-09-11,22:00:00,79.19,79.6,79.19,79.51,24201,0
2017-09-12,16:00:00,79.21,79.22,78.9,78.98,10185,0
2017-09-12,17:00:00,79,79.17,78.56,79.05,17772,0
2017-09-12,18:00:00,79.0568,79.39,79.0568,79.35,15816,0
2017-09-12,19:00:00,79.38,79.97,79.38,79.95,22865,0
2017-09-12,20:00:00,79.875,79.89,79.485,79.52,10626,0
2017-09-12,21:00:00,79.555,79.91,79.4,79.78,16613,0
2017-09-12,22:00:00,79.739,79.86,79.54,79.76,17043,0
2017-09-13,16:00:00,79.36,79.47,79.15,79.41,9996,0
2017-09-13,17:00:00,79.41,79.65,79.23,79.42,5501,0
2017-09-13,18:00:00,79.43,79.49,79.075,79.14,4539,0
2017-09-13,19:00:00,79.22,79.47,79.2,79.39,1543,0
2017-09-13,20:00:00,79.39,79.65,79.39,79.55,8171,0
2017-09-13,21:00:00,79.59,79.82,79.465,79.82,9977,0
2017-09-13,22:00:00,79.78,79.87,79.5,79.86,19889,0
2017-09-14,16:00:00,79.67,80.23,79.4,80.22,8514,0
2017-09-14,17:00:00,80.13,80.27,79.85,79.95,16537,0
2017-09-14,18:00:00,80.035,80.14,79.88,80.02,6067,0
2017-09-14,19:00:00,80.015,80.1,79.97,79.99,14496,0
2017-09-14,20:00:00,80.03,80.03,79.68,79.8,4501,0
2017-09-14,21:00:00,79.79,80.06,79.75,80.06,4409,0
2017-09-14,22:00:00,80,80.01,79.6,79.63,12932,0
2017-09-15,16:00:00,79.8,79.96,79.5915,79.85,9093,0
2017-09-15,17:00:00,79.6,79.61,79.31,79.4,7709,0
2017-09-15,18:00:00,79.46,79.75,79.46,79.69,1500,0
2017-09-15,19:00:00,79.71,79.79,79.53,79.53,2530,0
2017-09-15,20:00:00,79.56,79.66,79.54,79.56,2330,0
2017-09-15,21:00:00,79.59,79.75,79.52,79.72,4734,0
2017-09-15,22:00:00,79.74,79.92,79.61,79.78,28714,0
2017-09-18,16:00:00,80.81,80.91,80.5,80.61,16832,0
2017-09-18,17:00:00,80.58,80.92,80.52,80.59,18506,0
2017-09-18,18:00:00,80.47,81.19,80.41,81,19587,0
2017-09-18,19:00:00,81.05,81.87,80.95,81.64,64500,0
2017-09-18,20:00:00,81.585,81.65,81.38,81.39,11542,0
2017-09-18,21:00:00,81.38,81.38,80.93,81.22,12978,0
2017-09-18,22:00:00,81.175,81.24,81,81.14,20263,0
2017-09-19,16:00:00,82.13,82.27,81.68,81.68,33693,0
2017-09-19,17:00:00,81.7058,81.85,81.39,81.67,13383,0
2017-09-19,18:00:00,81.5,81.55,81.39,81.54,4553,0
2017-09-19,19:00:00,81.56,81.7782,81.5,81.69,5771,0
2017-09-19,20:00:00,81.67,81.93,81.62,81.71,3600,0
2017-09-19,21:00:00,81.81,81.81,81.675,81.68,2150,0
2017-09-19,22:00:00,81.65,81.91,81.65,81.89,24980,0
2017-09-20,16:00:00,82.04,82.04,81.4,81.74,2078,0
2017-09-20,17:00:00,81.65,81.78,81.59,81.735,3024,0
2017-09-20,18:00:00,81.7,81.7,81.5,81.6458,3455,0
2017-09-20,19:00:00,81.65,81.99,81.65,81.93,4900,0
2017-09-20,20:00:00,81.97,82.1025,81.86,81.97,16814,0
2017-09-20,21:00:00,81.88,82.05,81.65,81.94,21453,0
2017-09-20,22:00:00,81.88,82.06,81.82,81.83,20865,0
2017-09-21,16:00:00,81.5,82.5,81.5,82.5,15690,0
2017-09-21,17:00:00,82.64,82.85,81.89,82.35,21785,0
2017-09-21,18:00:00,82.43,83.44,82.42,83.03,15522,0
2017-09-21,19:00:00,83.23,83.53,83.07,83.27,11473,0
2017-09-21,20:00:00,83.24,83.4243,82.42,82.622,21288,0
2017-09-21,21:00:00,82.63,82.8,82.55,82.695,18772,0
2017-09-21,22:00:00,82.695,82.82,82.45,82.62,38289,0
2017-09-22,16:00:00,82.43,83.255,82.13,82.775,2329,0
2017-09-22,17:00:00,82.55,82.75,82.51,82.51,5804,0
2017-09-22,18:00:00,82.44,82.44,81.82,81.9,6320,0
2017-09-22,19:00:00,81.76,81.99,81.76,81.8651,10042,0
2017-09-22,20:00:00,81.88,81.99,81.75,81.75,4900,0
2017-09-22,21:00:00,81.69,81.93,81.61,81.93,7145,0
2017-09-22,22:00:00,81.98,82.11,81.82,81.84,25537,0
2017-09-25,16:00:00,80.92,80.92,79.99,80.01,7365,0
2017-09-25,17:00:00,79.99,80.62,79.87,79.99,10829,0
2017-09-25,18:00:00,79.99,80.1,79.44,79.82,12262,0
2017-09-25,19:00:00,79.9,80.11,79.86,80.05,5537,0
2017-09-25,20:00:00,80.08,80.2,79.76,79.82,11510,0
2017-09-25,21:00:00,79.86,80.01,79.72,79.78,10920,0
2017-09-25,22:00:00,79.85,80.1,79.68,80.08,29195,0
2017-09-26,16:00:00,80.27,80.32,80.128,80.14,3165,0
2017-09-26,17:00:00,80.15,80.15,79.82,79.86,5700,0
2017-09-26,18:00:00,79.85,79.85,79.555,79.555,2200,0
2017-09-26,19:00:00,79.5401,79.81,79.5001,79.56,7626,0
2017-09-26,20:00:00,79.59,80.03,79.59,80,3212,0
2017-09-26,21:00:00,80.035,80.035,79.88,79.95,3115,0
2017-09-26,22:00:00,79.96,80.155,79.725,79.75,16570,0
2017-09-27,16:00:00,79.44,79.44,79.03,79.03,7804,0
2017-09-27,17:00:00,79.04,79.14,78.76,78.93,7264,0
2017-09-27,18:00:00,78.9,79.28,78.88,79.2699,7976,0
2017-09-27,19:00:00,79.23,79.65,79.19,79.65,8498,0
2017-09-27,20:00:00,79.61,79.9,79.61,79.87,8054,0
2017-09-27,21:00:00,79.9,80.08,79.87,80.01,17191,0
2017-09-27,22:00:00,80.01,80.22,79.91,80,39819,0
2017-09-28,16:00:00,79.37,79.88,79.37,79.835,8472,0
2017-09-28,17:00:00,79.88,80.15,79.85,80,12662,0
2017-09-28,18:00:00,80.02,80.19,79.99,80.165,8108,0
2017-09-28,19:00:00,80.17,80.38,80.17,80.38,5152,0
2017-09-28,20:00:00,80.29,80.38,80.26,80.35,2867,0
2017-09-28,21:00:00,80.34,80.455,80.16,80.21,5577,0
2017-09-28,22:00:00,80.2,80.28,80.02,80.11,15547,0
2017-09-29,16:00:00,80.32,80.74,80.32,80.6,4804,0
2017-09-29,17:00:00,80.57,80.99,80.56,80.97,9230,0
2017-09-29,18:00:00,80.98,81.22,80.85,80.905,8264,0
2017-09-29,19:00:00,80.8701,80.915,80.2701,80.44,9638,0
2017-09-29,20:00:00,80.49,80.49,80.1701,80.1701,7196,0
2017-09-29,21:00:00,80.23,80.36,79.9901,80.36,10832,0
2017-09-29,22:00:00,80.44,83.95,80.39,81.31,116744,0
2017-10-02,16:00:00,81.48,81.87,80.93,80.93,15379,0
2017-10-02,17:00:00,80.955,81.155,80.75,80.91,22924,0
2017-10-02,18:00:00,80.95,80.95,80.7,80.7,11070,0
2017-10-02,19:00:00,80.745,80.9,80.6,80.8,7500,0
2017-10-02,20:00:00,80.8,81.07,80.8,80.945,10939,0
2017-10-02,21:00:00,80.94,80.98,80.82,80.84,28203,0
2017-10-02,22:00:00,80.82,80.82,80.57,80.62,27802,0
2017-10-03,16:00:00,80.05,80.54,79.82,80.36,13049,0
2017-10-03,17:00:00,80.38,80.925,80.31,80.87,4572,0
2017-10-03,18:00:00,80.7798,80.796,80.67,80.67,1518,0
2017-10-03,19:00:00,80.74,80.7928,80.69,80.74,1500,0
2017-10-03,20:00:00,80.6501,80.93,80.6501,80.85,3446,0
2017-10-03,21:00:00,80.84,80.96,80.81,80.96,2552,0
2017-10-03,22:00:00,80.93,80.98,80.75,80.94,22776,0
2017-10-04,16:00:00,80.91,81.31,80.91,81.12,1695,0
2017-10-04,17:00:00,81.13,81.49,81.035,81.27,5100,0
2017-10-04,18:00:00,81.27,81.61,81.24,81.61,8150,0
2017-10-04,19:00:00,81.62,81.64,81.3,81.3,6410,0
2017-10-04,20:00:00,81.31,81.31,81.02,81.15,3745,0
2017-10-04,21:00:00,81.07,81.37,81.06,81.37,11200,0
2017-10-04,22:00:00,81.26,81.3275,80.78,80.87,28353,0
2017-10-05,16:00:00,81.05,81.05,80.42,80.83,1234,0
2017-10-05,17:00:00,80.75,81.16,80.71,81.07,5300,0
2017-10-05,18:00:00,81.15,81.245,81.12,81.13,2800,0
2017-10-05,19:00:00,81.31,81.34,81.2,81.25,2400,0
2017-10-05,20:00:00,81.19,81.3,81.15,81.15,6108,0
2017-10-05,21:00:00,81.18,81.45,81.17,81.4,3400,0
2017-10-05,22:00:00,81.34,81.49,81.2,81.33,26318,0
2017-10-06,16:00:00,80.65,80.725,80.65,80.725,1454,0
2017-10-06,17:00:00,80.9,81.16,80.78,80.87,3616,0
2017-10-06,18:00:00,80.9,81.12,80.8886,81.12,2894,0
2017-10-06,19:00:00,81.11,81.615,81.11,81.38,5795,0
2017-10-06,20:00:00,81.38,81.61,81.18,81.42,7612,0
2017-10-06,21:00:00,81.5,81.65,81.4,81.51,8648,0
2017-10-06,22:00:00,81.57,81.5799,81.39,81.51,28984,0
2017-10-09,16:00:00,80.68,81.25,80.54,81.093,12680,0
2017-10-09,17:00:00,81.26,81.5,81,81.405,9275,0
2017-10-09,18:00:00,81.4,81.68,81.4,81.66,1827,0
2017-10-09,19:00:00,81.6259,81.71,81.39,81.39,4098,0
2017-10-09,20:00:00,81.36,81.56,81.26,81.47,4009,0
2017-10-09,21:00:00,81.45,81.48,81.25,81.4,4476,0
2017-10-09,22:00:00,81.35,81.47,81.23,81.3,11878,0
2017-10-10,16:00:00,81.59,81.66,81.43,81.58,1580,0
2017-10-10,17:00:00,81.75,81.79,81.48,81.66,5226,0
2017-10-10,18:00:00,81.6,81.62,80.99,80.99,6551,0
2017-10-10,19:00:00,80.97,81.46,80.9,81.43,10095,0
2017-10-10,20:00:00,81.45,81.53,81.21,81.31,7981,0
2017-10-10,21:00:00,81.3201,81.3201,80.97,80.97,6985,0
2017-10-10,22:00:00,80.97,81.42,80.97,81.13,7400,0
2017-10-11,16:00:00,81.34,81.75,78.49,80.79,2602,0
2017-10-11,17:00:00,81.16,81.405,80.82,80.93,3632,0
2017-10-11,18:00:00,80.86,81.2017,80.86,80.93,2911,0
2017-10-11,19:00:00,80.87,80.87,80.79,80.805,500,0
2017-10-11,20:00:00,80.74,80.92,80.7,80.8,1500,0
2017-10-11,21:00:00,80.89,81.02,80.56,80.96,4505,0
2017-10-11,22:00:00,80.97,81.08,80.78,81.03,13997,0
2017-10-12,16:00:00,81.01,81.18,80.755,81.01,1642,0
2017-10-12,17:00:00,81.07,81.12,80.74,80.91,17075,0
2017-10-12,18:00:00,80.955,81.22,80.73,80.9995,34400,0
2017-10-12,19:00:00,80.98,81.53,80.95,81.47,19447,0
2017-10-12,20:00:00,81.68,81.99,81.675,81.99,5991,0
2017-10-12,21:00:00,82.01,82.23,81.85,81.86,9588,0
2017-10-12,22:00:00,81.92,81.92,81.41,81.66,8527,0
2017-10-13,16:00:00,81.87,82.16,80.245,81.8,8065,0
2017-10-13,17:00:00,81.7,82.115,81.63,82.07,4601,0
2017-10-13,18:00:00,82,82.21,81.88,82.19,5900,0
2017-10-13,19:00:00,82.21,82.4,82.13,82.14,4770,0
2017-10-13,20:00:00,82.22,82.33,81.59,81.87,6868,0
2017-10-13,21:00:00,81.8775,81.98,81.81,81.925,3290,0
2017-10-13,22:00:00,81.96,81.98,81.84,81.96,12070,0
2017-10-16,16:00:00,82.12,82.285,81.51,81.54,7509,0
2017-10-16,17:00:00,81.52,81.565,80.84,80.9586,6600,0
2017-10-16,18:00:00,80.93,81.2999,80.8,80.94,21581,0
2017-10-16,19:00:00,80.855,81.135,80.69,80.97,7545,0
2017-10-16,20:00:00,81,81.235,80.92,81.2,7500,0
2017-10-16,21:00:00,81.07,81.965,81.0401,81.87,20177,0
2017-10-16,22:00:00,81.9199,82.25,81.7802,82.2,50999,0
2017-10-17,16:00:00,81.43,81.9,81.37,81.43,6436,0
2017-10-17,17:00:00,81.425,82.14,81.4,81.95,30149,0
2017-10-17,18:00:00,82.01,82.05,81.83,82.05,1680,0
2017-10-17,19:00:00,81.94,82.005,81.92,81.96,3258,0
2017-10-17,20:00:00,82,82.3,81.89,81.89,7030,0
2017-10-17,21:00:00,81.94,82.14,81.855,82.04,21447,0
2017-10-17,22:00:00,82.09,82.09,81.66,81.83,15332,0
2017-10-18,16:00:00,81.63,81.63,80.79,80.8,8508,0
2017-10-18,17:00:00,80.86,80.94,80.6,80.79,6115,0
2017-10-18,18:00:00,80.85,80.91,80.7,80.91,2315,0
2017-10-18,19:00:00,80.92,81.17,80.92,81.135,3650,0
2017-10-18,20:00:00,81.07,81.125,80.8772,81.125,3850,0
2017-10-18,21:00:00,81.07,81.07,80.84,81.04,2144,0
2017-10-18,22:00:00,81.05,81.34,80.965,81.01,24952,0
2017-10-19,16:00:00,80.4,81.02,80.4,80.82,12718,0
2017-10-19,17:00:00,80.88,81.32,80.88,81.28,2400,0
2017-10-19,18:00:00,81.37,81.485,81.315,81.485,513,0
2017-10-19,19:00:00,81.425,81.44,81.14,81.43,3500,0
2017-10-19,20:00:00,81.42,81.66,81.14,81.14,735,0
2017-10-19,21:00:00,81.45,81.51,81.05,81.2,4274,0
2017-10-19,22:00:00,81.23,81.57,81.1,81.43,14850,0
2017-10-20,16:00:00,81.61,82.035,80.8473,82.035,3581,0
2017-10-20,17:00:00,81.965,82.1,81.88,81.98,3847,0
2017-10-20,18:00:00,81.95,82.39,81.95,82.205,4418,0
2017-10-20,19:00:00,82.21,82.46,82.14,82.17,5757,0
2017-10-20,20:00:00,82.15,82.45,82.15,82.35,6053,0
2017-10-20,21:00:00,82.35,82.48,82.35,82.45,1906,0
2017-10-20,22:00:00,82.415,82.45,82.09,82.14,18164,0
2017-10-23,16:00:00,81.65,81.99,81.565,81.565,7666,0
2017-10-23,17:00:00,81.59,81.92,81.55,81.57,9162,0
2017-10-23,18:00:00,81.685,81.75,81.539,81.54,5130,0
2017-10-23,19:00:00,81.66,81.89,81.66,81.86,3200,0
2017-10-23,20:00:00,81.87,81.87,81.55,81.57,10095,0
2017-10-23,21:00:00,81.5,81.7,81.33,81.67,3500,0
2017-10-23,22:00:00,81.62,81.77,81.47,81.47,28763,0
2017-10-24,16:00:00,81.22,81.39,80.92,81.32,3769,0
2017-10-24,17:00:00,81.28,81.47,81.01,81.3,9192,0
2017-10-24,18:00:00,81.245,81.3,81.245,81.26,400,0
2017-10-24,19:00:00,81.3224,81.37,81.3,81.31,1385,0
2017-10-24,20:00:00,81.25,81.6,81.25,81.4,3623,0
2017-10-24,21:00:00,81.4,81.5,81.295,81.35,3618,0
2017-10-24,22:00:00,81.35,81.56,81.11,81.3,34453,0
2017-10-25,16:00:00,81.35,81.81,81.35,81.77,3544,0
2017-10-25,17:00:00,81.82,81.895,81.62,81.725,3360,0
2017-10-25,18:00:00,81.6935,81.72,81.43,81.43,8989,0
2017-10-25,19:00:00,81.44,81.57,80.97,81.57,8991,0
2017-10-25,20:00:00,81.53,81.65,81.28,81.425,7307,0
2017-10-25,21:00:00,81.4,81.63,81.4,81.599,3074,0
2017-10-25,22:00:00,81.555,81.67,81.4,81.53,63974,0
2017-10-26,16:00:00,80.96,81.15,80.74,80.89,11042,0
2017-10-26,17:00:00,80.915,81.6,80.86,81.5,18731,0
2017-10-26,18:00:00,81.65,81.655,81.46,81.56,3321,0
2017-10-26,19:00:00,81.65,81.71,81.56,81.67,6250,0
2017-10-26,20:00:00,81.67,82.11,81.65,81.735,6953,0
2017-10-26,21:00:00,81.73,82,81.71,81.98,5450,0
2017-10-26,22:00:00,81.97,81.97,81.7,81.76,19521,0
2017-10-27,16:00:00,81.1684,82.53,81.1684,82.445,2337,0
2017-10-27,17:00:00,82.395,82.79,82.21,82.4,10944,0
2017-10-27,18:00:00,82.5,82.5,82.16,82.38,7350,0
2017-10-27,19:00:00,82.47,82.87,82.43,82.77,10315,0
2017-10-27,20:00:00,82.7,82.92,82.47,82.9,4954,0
2017-10-27,21:00:00,82.9,82.95,82.77,82.92,5093,0
2017-10-27,22:00:00,82.92,82.92,82.48,82.52,21997,0
2017-10-30,15:00:00,82.605,82.75,82.06,82.14,3800,0
2017-10-30,16:00:00,82.23,82.375,81.795,82.24,31792,0
2017-10-30,17:00:00,82.28,82.46,81.76,81.95,13534,0
2017-10-30,18:00:00,81.945,82.225,81.86,82.15,10343,0
2017-10-30,19:00:00,82.1,82.165,81.99,82.085,4530,0
2017-10-30,20:00:00,82.08,82.315,82.06,82.17,16711,0
2017-10-30,21:00:00,82.155,82.41,82.01,82.05,26057,0
2017-10-31,15:00:00,82.51,82.51,81.9,81.93,4528,0
2017-10-31,16:00:00,81.88,82.21,81.47,81.99,9396,0
2017-10-31,17:00:00,81.92,82.405,81.9,82.26,12000,0
2017-10-31,18:00:00,82.53,82.53,82.15,82.37,5200,0
2017-10-31,19:00:00,82,82.53,81.895,82.27,18868,0
2017-10-31,20:00:00,82.4,82.55,82.12,82.29,16447,0
2017-10-31,21:00:00,82.265,83.78,82,83.31,82788,0
2017-11-01,15:00:00,83.75,84.06,83.04,83.06,31330,0
2017-11-01,16:00:00,83.15,83.31,82.49,82.49,12498,0
2017-11-01,17:00:00,82.53,83.31,82.49,83.065,23705,0
2017-11-01,18:00:00,83.05,83.255,82.96,83.17,17198,0
2017-11-01,19:00:00,83.16,83.27,82.95,83.27,30197,0
2017-11-01,20:00:00,83.125,83.24,82.77,83.11,38658,0
2017-11-01,21:00:00,83.1,83.14,81.96,82.05,64981,0
2017-11-02,15:00:00,82.93,84.35,82.41,83.9,16567,0
2017-11-02,16:00:00,83.83,84.61,83.82,84.13,14594,0
2017-11-02,17:00:00,84.015,84.26,83.5,83.66,10525,0
2017-11-02,18:00:00,83.69,83.75,83.27,83.29,3907,0
2017-11-02,19:00:00,83.29,84.165,82.98,83.835,18863,0
2017-11-02,20:00:00,83.66,84.395,83.64,83.965,16378,0
2017-11-02,21:00:00,83.97,84.14,83.51,83.86,31320,0
2017-11-03,15:00:00,82.56,83.725,81.345,83.61,17825,0
2017-11-03,16:00:00,83.61,83.61,83.01,83.44,16002,0
2017-11-03,17:00:00,83.58,83.86,83.125,83.245,16782,0
2017-11-03,18:00:00,83.13,84,83.13,83.6,27434,0
2017-11-03,19:00:00,83.56,84.66,83.52,84.66,18591,0
2017-11-03,20:00:00,84.67,85.45,84.42,85.3,19477,0
2017-11-03,21:00:00,85.3,85.59,84.83,85.52,52046,0
2017-11-06,16:00:00,84.04,84.83,83.79,84.83,23205,0
2017-11-06,17:00:00,84.76,85.265,84.53,85.03,21340,0
2017-11-06,18:00:00,84.84,84.91,84.29,84.41,8231,0
2017-11-06,19:00:00,84.36,84.66,84.3,84.66,10136,0
2017-11-06,20:00:00,84.69,84.75,84.18,84.43,8472,0
2017-11-06,21:00:00,84.42,84.72,84.22,84.56,12408,0
2017-11-06,22:00:00,84.59,84.845,84.24,84.545,20051,0
2017-11-07,16:00:00,84.18,84.74,84.13,84.54,5584,0
2017-11-07,17:00:00,84.58,84.58,83.67,83.86,10653,0
2017-11-07,18:00:00,83.84,84.215,83.7,83.89,24980,0
2017-11-07,19:00:00,83.69,84.63,83.69,84.63,9329,0
2017-11-07,20:00:00,84.665,84.975,84.63,84.64,9083,0
2017-11-07,21:00:00,84.68,84.85,84.51,84.56,9433,0
2017-11-07,22:00:00,84.74,84.74,84.4,84.48,26322,0
2017-11-08,16:00:00,84.79,84.87,84.61,84.64,5627,0
2017-11-08,17:00:00,84.72,85.19,84.69,85.005,13066,0
2017-11-08,18:00:00,85.05,85.28,84.89,84.96,4610,0
2017-11-08,19:00:00,84.9694,85.465,84.96,85.37,2428,0
2017-11-08,20:00:00,85.47,85.51,85.31,85.35,2446,0
2017-11-08,21:00:00,85.41,85.61,85.18,85.275,8068,0
2017-11-08,22:00:00,85.25,85.49,85.24,85.44,11913,0
2017-11-09,16:00:00,82.73,83.29,82.6454,82.68,11354,0
2017-11-09,17:00:00,82.675,83.44,82.63,83.4,11410,0
2017-11-09,18:00:00,83.5,83.5,83.01,83.12,8250,0
2017-11-09,19:00:00,83.16,83.76,83.12,83.35,18019,0
2017-11-09,20:00:00,83.52,83.825,83.3,83.825,7786,0
2017-11-09,21:00:00,83.816,84.34,83.816,84.34,11200,0
2017-11-09,22:00:00,84.2743,84.39,83.84,84.01,35779,0
2017-11-10,16:00:00,84.19,84.64,82.756,84.64,3913,0
2017-11-10,17:00:00,84.54,84.82,84.15,84.24,8986,0
2017-11-10,18:00:00,84.19,84.22,83.96,84.035,2265,0
2017-11-10,19:00:00,83.98,84.405,83.96,84.31,6514,0
2017-11-10,20:00:00,84.23,84.335,83.88,84.335,8280,0
2017-11-10,21:00:00,84.255,84.42,84.15,84.23,12805,0
2017-11-10,22:00:00,84.23,84.5,84.1,84.13,31522,0
2017-11-13,16:00:00,83.37,83.63,83.04,83.15,10153,0
2017-11-13,17:00:00,83.15,83.945,83.15,83.75,12962,0
2017-11-13,18:00:00,83.75,83.83,83.71,83.72,16089,0
2017-11-13,19:00:00,83.76,83.95,83.74,83.95,4600,0
2017-11-13,20:00:00,83.95,84.63,83.9,84.155,17792,0
2017-11-13,21:00:00,84.06,84.32,84.05,84.19,7690,0
2017-11-13,22:00:00,84.3,84.34,84.16,84.25,24498,0
2017-11-14,16:00:00,83.41,83.9,83.41,83.79,9744,0
2017-11-14,17:00:00,83.76,83.985,83.47,83.69,7550,0
2017-11-14,18:00:00,83.68,83.725,83.44,83.48,4741,0
2017-11-14,19:00:00,83.5,83.61,83.5,83.51,2300,0
2017-11-14,20:00:00,83.445,83.56,83.31,83.56,2477,0
2017-11-14,21:00:00,83.58,83.61,83.42,83.44,5894,0
2017-11-14,22:00:00,83.52,83.995,83.5,83.82,8358,0
2017-11-15,16:00:00,83.34,83.585,83.12,83.12,9226,0
2017-11-15,17:00:00,83.04,83.22,82.72,82.9999,15402,0
2017-11-15,18:00:00,83,83.27,82.91,83.1725,8321,0
2017-11-15,19:00:00,83.17,83.5,83.15,83.5,4069,0
2017-11-15,20:00:00,83.45,83.89,83.45,83.89,4691,0
2017-11-15,21:00:00,83.84,84.0299,83.84,84.0299,4917,0
2017-11-15,22:00:00,84.02,84.025,83.59,83.68,22409,0
2017-11-16,16:00:00,83.65,84.41,83.57,84.34,9753,0
2017-11-16,17:00:00,84.29,85.145,84.28,84.795,13791,0
2017-11-16,18:00:00,84.875,85.12,84.875,84.985,2985,0
2017-11-16,19:00:00,84.78,84.8,84.4,84.755,5932,0
2017-11-16,20:00:00,84.75,84.89,84.62,84.62,3100,0
2017-11-16,21:00:00,84.73,84.81,84.42,84.42,3600,0
2017-11-16,22:00:00,84.36,84.545,84.2,84.38,13409,0
2017-11-17,16:00:00,84.56,84.56,84.06,84.06,2838,0
2017-11-17,17:00:00,84.3,84.3,83.83,84.11,5750,0
2017-11-17,18:00:00,83.97,84.09,83.89,84.015,6740,0
2017-11-17,19:00:00,84.03,84.09,83.94,83.95,3047,0
2017-11-17,20:00:00,84.03,84.3,83.81,84.195,19800,0
2017-11-17,21:00:00,84.29,84.845,84.055,84.69,30144,0
2017-11-17,22:00:00,84.74,84.805,84.24,84.29,21656,0
2017-11-20,16:00:00,84.22,84.43,84.16,84.43,8319,0
2017-11-20,17:00:00,84.32,85.26,84.32,85.26,8279,0
2017-11-20,18:00:00,85.14,85.35,84.77,85.2,15449,0
2017-11-20,19:00:00,85.25,85.36,84.995,85.21,5791,0
2017-11-20,20:00:00,85.155,85.47,85.155,85.34,10346,0
2017-11-20,21:00:00,85.41,85.41,85.17,85.3,10192,0
2017-11-20,22:00:00,85.33,85.45,85.28,85.42,18615,0
2017-11-21,16:00:00,85.2,85.59,85.18,85.34,9360,0
2017-11-21,17:00:00,85.3,85.95,85.15,85.95,13800,0
2017-11-21,18:00:00,86.04,86.15,85.86,86.07,9340,0
2017-11-21,19:00:00,86.08,86.15,85.67,85.725,10431,0
2017-11-21,20:00:00,85.785,85.99,85.76,85.99,3384,0
2017-11-21,21:00:00,85.93,86.1,85.7,85.85,5983,0
2017-11-21,22:00:00,85.81,85.99,85.7834,85.87,19556,0
2017-11-22,16:00:00,85,85.24,84.84,85.08,15435,0
2017-11-22,17:00:00,85.01,85.35,84.97,85.2901,10883,0
2017-11-22,18:00:00,85.31,85.31,85.04,85.04,2130,0
2017-11-22,19:00:00,85.1,85.19,85.05,85.19,3900,0
2017-11-22,20:00:00,85.135,85.19,85.1,85.12,2303,0
2017-11-22,21:00:00,85.095,85.19,85.065,85.19,1000,0
2017-11-22,22:00:00,85.15,85.19,84.92,85.12,25583,0
2017-11-24,16:00:00,85.87,85.91,85.79,85.825,3162,0
2017-11-24,17:00:00,85.82,86.19,85.79,86.16,6770,0
2017-11-24,18:00:00,86.29,86.315,86.035,86.14,11735,0
2017-11-24,19:00:00,86.12,86.38,86.055,86.37,22790,0
2017-11-24,20:00:00,86.24,86.24,86.24,86.24,2719,0
2017-11-27,16:00:00,86.79,87.2,86.79,87.2,5637,0
2017-11-27,17:00:00,87.125,87.78,86.99,87.7,18301,0
2017-11-27,18:00:00,87.73,87.88,87.64,87.775,13332,0
2017-11-27,19:00:00,87.785,87.785,87.435,87.52,2300,0
2017-11-27,20:00:00,87.59,87.59,87.36,87.41,7535,0
2017-11-27,21:00:00,87.34,87.52,87.05,87.51,10495,0
2017-11-27,22:00:00,87.51,87.62,87.35,87.355,45126,0
2017-11-28,16:00:00,87.27,87.64,87.22,87.43,5535,0
2017-11-28,17:00:00,87.03,87.23,86.8,87.16,12355,0
2017-11-28,18:00:00,87.18,87.87,87,87.87,12082,0
2017-11-28,19:00:00,87.845,87.91,87.67,87.86,9352,0
2017-11-28,20:00:00,87.85,87.905,87.645,87.745,12933,0
2017-11-28,21:00:00,87.84,88.37,87.74,87.85,17522,0
2017-11-28,22:00:00,87.85,88.52,87.81,88.37,94246,0
2017-11-29,16:00:00,88,88,87.39,87.45,16272,0
2017-11-29,17:00:00,87.385,87.43,86.82,86.99,25832,0
2017-11-29,18:00:00,87.01,87.2,86.79,86.81,35588,0
2017-11-29,19:00:00,86.81,87.81,86.6,87.51,10540,0
2017-11-29,20:00:00,87.51,87.7711,87.135,87.51,37521,0
2017-11-29,21:00:00,87.51,87.68,87.45,87.51,10700,0
2017-11-29,22:00:00,87.53,87.775,87.49,87.66,38574,0
2017-11-30,16:00:00,86.43,87.17,86.42,86.97,45158,0
2017-11-30,17:00:00,87,87.41,86.71,87.37,100936,0
2017-11-30,18:00:00,87.37,87.545,87.07,87.39,9077,0
2017-11-30,19:00:00,87.39,87.54,87.35,87.35,8014,0
2017-11-30,20:00:00,87.45,87.55,87.39,87.43,3900,0
2017-11-30,21:00:00,87.5,87.695,87.38,87.45,7796,0
2017-11-30,22:00:00,87.445,87.81,87.305,87.51,69928,0
2017-12-01,16:00:00,87.56,88.1,87.55,87.94,15604,0
2017-12-01,17:00:00,87.91,88.09,87.61,88.04,12685,0
2017-12-01,18:00:00,88.06,88.06,86.01,86.415,8100,0
2017-12-01,19:00:00,86.39,87.26,86.26,87.25,7700,0
2017-12-01,20:00:00,87.27,87.39,87.07,87.33,12056,0
2017-12-01,21:00:00,87.28,87.41,87.2,87.25,11277,0
2017-12-01,22:00:00,87.24,87.4,87.13,87.3,32946,0
2017-12-04,16:00:00,88.33,88.35,87.64,88.04,154680,0
2017-12-04,17:00:00,88.05,88.05,87.675,87.75,44092,0
2017-12-04,18:00:00,87.74,87.82,87.45,87.8,24073,0
2017-12-04,19:00:00,87.84,88.2,87.84,88,13869,0
2017-12-04,20:00:00,88,88.265,87.98,87.98,8749,0
2017-12-04,21:00:00,88,88.09,87.94,87.975,28347,0
2017-12-04,22:00:00,87.95,88.05,87.54,88,147410,0
2017-12-05,16:00:00,88,88.45,87.91,88.25,18487,0
2017-12-05,17:00:00,88.21,88.61,88.125,88.4,118788,0
2017-12-05,18:00:00,88.39,89.42,88.25,89,24162,0
2017-12-05,19:00:00,89.075,89.675,88.94,89.41,13030,0
2017-12-05,20:00:00,89.31,89.73,89.06,89.69,8366,0
2017-12-05,21:00:00,89.68,89.8,89.06,89.15,17095,0
2017-12-05,22:00:00,89.18,89.4,89,89,29343,0
2017-12-06,16:00:00,89.01,89.39,88.7,88.83,11497,0
2017-12-06,17:00:00,88.91,88.91,88.485,88.6,10310,0
2017-12-06,18:00:00,88.6,88.65,88.54,88.62,4750,0
2017-12-06,19:00:00,88.61,88.665,88.53,88.6,6307,0
2017-12-06,20:00:00,88.54,88.8,88.54,88.62,3073,0
2017-12-06,21:00:00,88.62,88.72,88.505,88.55,11794,0
2017-12-06,22:00:00,88.6,88.67,88.52,88.55,27669,0
2017-12-07,16:00:00,88.28,88.41,87.82,87.82,3389,0
2017-12-07,17:00:00,87.8,88.28,87.8,88.245,47122,0
2017-12-07,18:00:00,88.29,88.9,88.22,88.89,9810,0
2017-12-07,19:00:00,88.87,88.92,88.74,88.75,5389,0
2017-12-07,20:00:00,88.83,88.83,88.32,88.395,5971,0
2017-12-07,21:00:00,88.45,88.51,88.13,88.17,14973,0
2017-12-07,22:00:00,88.27,88.44,87.91,88,44968,0
2017-12-08,16:00:00,87.53,88.405,87.15,87.54,14312,0
2017-12-08,17:00:00,88.18,88.18,87.44,87.6,9336,0
2017-12-08,18:00:00,87.6,87.825,87.3,87.41,5700,0
2017-12-08,19:00:00,87.38,88.09,87.38,88.09,14612,0
2017-12-08,20:00:00,88.16,88.6,88.03,88.45,24289,0
2017-12-08,21:00:00,88.45,88.45,87.71,87.71,10900,0
2017-12-08,22:00:00,87.69,88,87.63,87.83,23626,0
2017-12-11,16:00:00,87.57,87.88,87.57,87.7,6220,0
2017-12-11,17:00:00,87.69,87.9,87.5,87.66,6598,0
2017-12-11,18:00:00,87.71,87.71,87.49,87.49,1799,0
2017-12-11,19:00:00,87.58,87.75,87.57,87.74,949,0
2017-12-11,20:00:00,87.72,87.73,87.66,87.7,816,0
2017-12-11,21:00:00,87.6,87.6,87.44,87.54,4621,0
2017-12-11,22:00:00,87.54,87.78,87.54,87.68,18139,0
2017-12-12,16:00:00,87.91,88.11,87.48,87.55,7939,0
2017-12-12,17:00:00,87.515,87.85,87.5001,87.5001,23125,0
2017-12-12,18:00:00,87.55,87.91,87.53,87.91,49059,0
2017-12-12,19:00:00,87.91,88.09,87.88,87.9,4575,0
2017-12-12,20:00:00,87.96,88.03,87.72,87.74,5440,0
2017-12-12,21:00:00,87.7,87.98,87.7,87.875,5118,0
2017-12-12,22:00:00,87.86,87.87,87.53,87.71,27084,0
2017-12-13,16:00:00,88.14,88.74,88.09,88.74,13083,0
2017-12-13,17:00:00,88.7,89.45,88.65,89.45,8988,0
2017-12-13,18:00:00,89.48,89.86,89.125,89.315,68401,0
2017-12-13,19:00:00,89.515,89.515,89,89.08,4311,0
2017-12-13,20:00:00,89.1399,89.1399,88.73,88.9,5202,0
2017-12-13,21:00:00,88.795,89.24,88.795,89.12,7039,0
2017-12-13,22:00:00,89.06,89.17,88.79,88.94,23831,0
2017-12-14,16:00:00,87.93,88.4,87.82,88.008,22575,0
2017-12-14,17:00:00,88.04,88.35,87.63,88.35,28189,0
2017-12-14,18:00:00,88.25,88.58,88.09,88.42,7220,0
2017-12-14,19:00:00,88.42,88.43,88.04,88.2,7168,0
2017-12-14,20:00:00,88.02,88.37,87.99,88.12,14245,0
2017-12-14,21:00:00,88.08,88.25,88.07,88.25,7368,0
2017-12-14,22:00:00,88.25,88.31,88.12,88.19,28229,0
2017-12-15,16:00:00,88.8,89.04,88.48,88.83,5635,0
2017-12-15,17:00:00,88.99,89.615,88.695,89.4,7450,0
2017-12-15,18:00:00,89.48,89.7,89.35,89.36,2533,0
2017-12-15,19:00:00,89.36,89.5,89.35,89.4266,1735,0
2017-12-15,20:00:00,89.4,89.42,89.28,89.35,2430,0
2017-12-15,21:00:00,89.35,89.4,88.99,89.17,5934,0
2017-12-15,22:00:00,89.14,89.35,88.84,88.87,24171,0
2017-12-18,16:00:00,89.17,89.17,88.71,89.11,6848,0
2017-12-18,17:00:00,89.05,89.08,88.53,88.83,13923,0
2017-12-18,18:00:00,88.83,89.32,88.7015,89.32,6464,0
2017-12-18,19:00:00,89.24,89.33,89.08,89.08,4119,0
2017-12-18,20:00:00,89.1146,89.1458,88.94,89.04,6467,0
2017-12-18,21:00:00,89.04,89.12,88.99,89.075,4400,0
2017-12-18,22:00:00,89.1,89.21,88.98,89.11,36880,0
2017-12-19,16:00:00,88.87,89.34,88.55,89.34,5428,0
2017-12-19,17:00:00,89.34,89.38,89,89.1,12545,0
2017-12-19,18:00:00,89.13,89.445,89.07,89.1538,3950,0
2017-12-19,19:00:00,89.15,89.15,88.88,88.88,1894,0
2017-12-19,20:00:00,89.01,89.54,89.01,89.53,7098,0
2017-12-19,21:00:00,89.47,89.47,89.22,89.22,2282,0
2017-12-19,22:00:00,89.21,89.49,88.85,89.47,22855,0
2017-12-20,16:00:00,90.1,90.1,89.66,89.765,14775,0
2017-12-20,17:00:00,89.77,90,89.57,89.57,19692,0
2017-12-20,18:00:00,89.57,89.82,89.43,89.52,7689,0
2017-12-20,19:00:00,89.7,89.9,89.45,89.655,103410,0
2017-12-20,20:00:00,89.59,89.87,89.59,89.8,4851,0
2017-12-20,21:00:00,89.75,89.885,89.67,89.82,10004,0
2017-12-20,22:00:00,89.85,89.94,89.68,89.75,26642,0
2017-12-21,16:00:00,90.19,90.25,89.65,89.65,20806,0
2017-12-21,17:00:00,89.56,90.0516,89.5,89.92,13437,0
2017-12-21,18:00:00,90,90,89.66,89.69,4563,0
2017-12-21,19:00:00,89.72,89.82,89.66,89.66,1900,0
2017-12-21,20:00:00,89.78,89.83,89.665,89.74,2700,0
2017-12-21,21:00:00,89.7,89.7,89.14,89.36,8867,0
2017-12-21,22:00:00,89.22,89.73,89.22,89.32,28312,0
2017-12-22,16:00:00,89.49,89.49,88.71,88.8,2178,0
2017-12-22,17:00:00,88.89,89.01,88.61,89.01,2118,0
2017-12-22,18:00:00,88.65,89.23,88.65,89.13,4709,0
2017-12-22,19:00:00,89.11,89.3,89.065,89.3,1392,0
2017-12-22,20:00:00,89.0546,89.26,89.0546,89.24,1923,0
2017-12-22,21:00:00,89.19,89.48,89.19,89.3,2900,0
2017-12-22,22:00:00,89.26,89.4,89.25,89.32,16680,0
2017-12-26,16:00:00,89.9,89.9,89.56,89.7,14426,0
2017-12-26,17:00:00,89.7,90,89.7,89.84,14826,0
2017-12-26,18:00:00,89.786,90.16,89.75,90.14,9509,0
2017-12-26,19:00:00,90.13,90.43,90.04,90.43,5170,0
2017-12-26,20:00:00,90.43,90.52,90.36,90.37,6802,0
2017-12-26,21:00:00,90.33,90.43,89.82,90.08,17177,0
2017-12-26,22:00:00,90.13,90.15,89.37,89.48,38098,0
2017-12-27,16:00:00,89.62,89.62,89.37,89.5,13280,0
2017-12-27,17:00:00,89.48,89.55,89.36,89.5,25332,0
2017-12-27,18:00:00,89.5,89.5,89.01,89.22,5383,0
2017-12-27,19:00:00,89.08,89.37,89.02,89.37,2086,0
2017-12-27,20:00:00,89.26,89.32,89.04,89.32,1800,0
2017-12-27,21:00:00,89.32,89.47,89.32,89.37,3622,0
2017-12-27,22:00:00,89.4769,89.68,89.37,89.58,15467,0
2017-12-28,16:00:00,89.98,90.4,89.74,90.4,14671,0
2017-12-28,17:00:00,90.43,90.68,90.3,90.59,8192,0
2017-12-28,18:00:00,90.59,90.73,90.57,90.73,3825,0
2017-12-28,19:00:00,90.69,90.73,90.6,90.65,5910,0
2017-12-28,20:00:00,90.63,90.68,90.56,90.65,3595,0
2017-12-28,21:00:00,90.6017,90.72,90.55,90.6,5368,0
2017-12-28,22:00:00,90.65,90.73,90.39,90.73,58679,0
2017-12-29,16:00:00,90.77,91,90.33,90.45,3948,0
2017-12-29,17:00:00,90.685,90.955,90.47,90.795,5476,0
2017-12-29,18:00:00,90.8,91.5,90.8,91.5,20803,0
2017-12-29,19:00:00,91.52,91.9,91.43,91.79,12864,0
2017-12-29,20:00:00,91.79,92.07,91.76,92.01,10113,0
2017-12-29,21:00:00,92.07,92.33,91.885,92.01,11800,0
2017-12-29,22:00:00,91.99,92.05,91.7,91.91,47656,0
2018-01-02,16:00:00,92.95,93.1,92.51,93.05,38948,0
2018-01-02,17:00:00,93.05,93.27,92.51,92.585,34374,0
2018-01-02,18:00:00,92.58,92.68,92.08,92.38,15779,0
2018-01-02,19:00:00,92.33,92.59,92.15,92.35,10976,0
2018-01-02,20:00:00,92.36,92.525,92.25,92.41,6830,0
2018-01-02,21:00:00,92.345,92.52,92.07,92.11,18554,0
2018-01-02,22:00:00,92.1475,92.38,91.98,92.19,51206,0
2018-01-03,16:00:00,91.78,92.25,91.74,92.09,9366,0
2018-01-03,17:00:00,92,92.04,91.2201,91.26,6034,0
2018-01-03,18:00:00,91.2201,91.87,91.2201,91.54,8527,0
2018-01-03,19:00:00,91.4901,92.07,91.4901,91.9201,76501,0
2018-01-03,20:00:00,91.9201,91.94,91.64,91.88,35308,0
2018-01-03,21:00:00,91.85,92.23,91.835,92.06,7954,0
2018-01-03,22:00:00,92.085,92.12,91.82,92.1,65844,0
2018-01-04,16:00:00,92.53,92.81,92.52,92.81,5927,0
2018-01-04,17:00:00,92.895,93.76,92.82,93.605,7239,0
2018-01-04,18:00:00,93.58,93.64,93.2,93.295,6390,0
2018-01-04,19:00:00,93.22,93.34,92.67,92.67,5800,0
2018-01-04,20:00:00,92.71,92.91,92.638,92.84,5000,0
2018-01-04,21:00:00,92.698,92.81,92.41,92.55,13743,0
2018-01-04,22:00:00,92.64,92.82,92.55,92.68,32807,0
2018-01-05,16:00:00,92.91,94.75,92.84,93.32,1980,0
2018-01-05,17:00:00,93.12,93.26,92.6,92.92,8886,0
2018-01-05,18:00:00,92.855,93.4,92.82,93.11,5100,0
2018-01-05,19:00:00,93.015,93.135,92.79,92.86,3585,0
2018-01-05,20:00:00,92.81,93.08,92.77,93.08,2620,0
2018-01-05,21:00:00,93.04,93.18,92.86,92.9,5083,0
2018-01-05,22:00:00,92.91,92.95,92.71,92.79,14369,0
2018-01-08,16:00:00,93,93.28,92.76,93.28,25963,0
2018-01-08,17:00:00,93.27,94.15,93.19,93.79,12308,0
2018-01-08,18:00:00,93.962,94.11,93.88,93.88,3055,0
2018-01-08,19:00:00,93.95,93.98,93.72,93.85,5554,0
2018-01-08,20:00:00,93.905,93.91,93.65,93.808,3767,0
2018-01-08,21:00:00,93.763,93.95,93.688,93.8656,3125,0
2018-01-08,22:00:00,93.94,94.03,93.76,93.99,17078,0
2018-01-09,16:00:00,94.24,94.26,93.515,93.57,5014,0
2018-01-09,17:00:00,93.79,94.02,93.63,93.78,6762,0
2018-01-09,18:00:00,93.79,94.2,93.75,94.15,3720,0
2018-01-09,19:00:00,94.13,94.22,93.92,93.95,25373,0
2018-01-09,20:00:00,93.9,93.9599,93.6,93.68,7061,0
2018-01-09,21:00:00,93.665,93.71,93.53,93.5739,9568,0
2018-01-09,22:00:00,93.57,93.67,93.13,93.33,37855,0
2018-01-10,16:00:00,93,93.07,92.57,92.68,10062,0
2018-01-10,17:00:00,92.74,93.24,92.66,92.72,12499,0
2018-01-10,18:00:00,92.725,93.37,92.725,93.14,32478,0
2018-01-10,19:00:00,93.04,93.27,92.83,93.22,6398,0
2018-01-10,20:00:00,93.25,93.58,93.11,93.58,7550,0
2018-01-10,21:00:00,93.59,93.66,93.17,93.56,15060,0
2018-01-10,22:00:00,93.59,93.76,93.43,93.66,19179,0
2018-01-11,16:00:00,93.7,94.03,93.17,93.25,5391,0
2018-01-11,17:00:00,93.385,94,93.35,93.8154,8981,0
2018-01-11,18:00:00,93.8206,93.98,93.775,93.96,3340,0
2018-01-11,19:00:00,93.9494,94,93.89,93.92,8075,0
2018-01-11,20:00:00,93.98,94,93.9,93.91,7332,0
2018-01-11,21:00:00,93.96,94,93.92,94,4893,0
2018-01-11,22:00:00,93.99,94,93.92,93.97,15780,0
2018-01-12,16:00:00,93.96,93.96,93.5,93.69,3343,0
2018-01-12,17:00:00,93.76,94,93.69,93.92,9023,0
2018-01-12,18:00:00,93.955,93.96,93.77,93.85,3586,0
2018-01-12,19:00:00,93.91,94,93.89,94,2678,0
2018-01-12,20:00:00,93.9694,94,93.95,93.95,3562,0
2018-01-12,21:00:00,94,94.05,93.97,94.015,21450,0
2018-01-12,22:00:00,94,94.14,93.9,94.09,35321,0
2018-01-16,16:00:00,93.37,94,93.19,93.64,21101,0
2018-01-16,17:00:00,93.51,93.76,92.72,92.77,18104,0
2018-01-16,18:00:00,92.77,93.15,92.69,92.92,12975,0
2018-01-16,19:00:00,92.79,93.17,92.7001,93.03,6089,0
2018-01-16,20:00:00,93.07,93.11,92.34,92.41,16930,0
2018-01-16,21:00:00,92.35,92.35,91.67,91.846,12695,0
2018-01-16,22:00:00,91.8788,92.23,91.8302,91.96,52249,0
2018-01-17,16:00:00,92,92.4,91.93,92.245,8887,0
2018-01-17,17:00:00,92.36,92.4,91.98,92.0401,17177,0
2018-01-17,18:00:00,92.0601,92.4,92.0601,92.17,9240,0
2018-01-17,19:00:00,92.16,92.47,92.16,92.325,11334,0
2018-01-17,20:00:00,92.34,92.56,92.19,92.56,16835,0
2018-01-17,21:00:00,92.48,92.91,92.445,92.65,14113,0
2018-01-17,22:00:00,92.645,92.74,92.58,92.63,90190,0
2018-01-18,16:00:00,93.22,95.1,93.18,95.1,80568,0
2018-01-18,17:00:00,95.095,95.65,94.5,94.5,63553,0
2018-01-18,18:00:00,94.49,94.805,93.92,94.11,47974,0
2018-01-18,19:00:00,94.42,94.79,94.02,94.3245,32118,0
2018-01-18,20:00:00,94.36,94.39,93.89,94.03,29824,0
2018-01-18,21:00:00,94.035,94.365,93.66,94.12,47969,0
2018-01-18,22:00:00,94.195,94.395,93.65,93.83,84786,0
2018-01-19,16:00:00,94.34,94.77,94,94.22,5491,0
2018-01-19,17:00:00,94.19,94.9,93.9301,94.09,8831,0
2018-01-19,18:00:00,94.18,94.18,93.7401,93.866,14710,0
2018-01-19,19:00:00,93.9,94.08,93.84,93.95,18253,0
2018-01-19,20:00:00,94.025,94.06,93.92,94.05,11830,0
2018-01-19,21:00:00,94.04,94.24,93.8,93.97,56354,0
2018-01-19,22:00:00,93.98,93.98,93.41,93.6,50095,0
2018-01-22,16:00:00,92.31,92.48,91.2,91.39,51739,0
2018-01-22,17:00:00,91.32,92.05,91.315,92.04,44525,0
2018-01-22,18:00:00,91.96,92.15,91.895,92.09,13630,0
2018-01-22,19:00:00,92.09,92.13,91.85,91.9162,12442,0
2018-01-22,20:00:00,91.87,91.91,91.37,91.44,17039,0
2018-01-22,21:00:00,91.38,91.66,91.3,91.54,15597,0
2018-01-22,22:00:00,91.45,91.76,91.38,91.6,72158,0
2018-01-23,16:00:00,90.58,91.34,90.36,90.97,21401,0
2018-01-23,17:00:00,90.905,92.3999,90.905,92.15,84826,0
2018-01-23,18:00:00,92.1814,92.69,92.1814,92.63,54759,0
2018-01-23,19:00:00,92.65,92.88,92.54,92.76,10653,0
2018-01-23,20:00:00,92.8,93.0475,92.37,92.94,26078,0
2018-01-23,21:00:00,93.01,93.01,92.75,92.9,34157,0
2018-01-23,22:00:00,92.89,92.89,92.32,92.37,84087,0
2018-01-24,16:00:00,92.55,92.6,92.11,92.25,46641,0
2018-01-24,17:00:00,92.29,92.5,91.9,92.09,43292,0
2018-01-24,18:00:00,92.13,92.37,91.76,92.27,15464,0
2018-01-24,19:00:00,92.315,92.36,91.88,92.06,13224,0
2018-01-24,20:00:00,92.0294,92.18,91.97,92.05,18584,0
2018-01-24,21:00:00,92.0074,92.16,91.97,92.065,15482,0
2018-01-24,22:00:00,92.02,92.05,91.68,91.9,46611,0
2018-01-25,16:00:00,92.24,93.02,92.24,92.775,12724,0
2018-01-25,17:00:00,92.8,92.86,91.75,92.27,27815,0
2018-01-25,18:00:00,92.27,92.367,92.05,92.3,13468,0
2018-01-25,19:00:00,92.3,92.378,92.03,92.05,22251,0
2018-01-25,20:00:00,92.02,92.38,92.02,92.23,27457,0
2018-01-25,21:00:00,92.23,92.29,91.99,92.275,33256,0
2018-01-25,22:00:00,92.29,92.29,92.11,92.2,69928,0
2018-01-26,16:00:00,92.1,92.6,92.1,92.29,8181,0
2018-01-26,17:00:00,92.335,92.62,92.03,92.19,11186,0
2018-01-26,18:00:00,92.225,92.52,92.16,92.46,10357,0
2018-01-26,19:00:00,92.53,92.57,92.34,92.43,23711,0
2018-01-26,20:00:00,92.43,92.43,92.25,92.25,15341,0
2018-01-26,21:00:00,92.28,92.28,92.25,92.27,20633,0
2018-01-26,22:00:00,92.27,92.59,92.09,92.28,55474,0
2018-01-29,16:00:00,91.18,91.49,91.02,91.18,20675,0
2018-01-29,17:00:00,91.185,91.62,91.17,91.31,27553,0
2018-01-29,18:00:00,91.4345,91.545,91.22,91.44,8623,0
2018-01-29,19:00:00,91.55,92.36,91.4903,92.29,137669,0
2018-01-29,20:00:00,92.26,92.285,91.95,92.12,12050,0
2018-01-29,21:00:00,92.11,92.12,91.59,91.81,8820,0
2018-01-29,22:00:00,91.83,92,91.345,91.38,27521,0
2018-01-30,16:00:00,91.31,91.72,91.31,91.5,6409,0
2018-01-30,17:00:00,91.39,91.62,91.25,91.5635,13095,0
2018-01-30,18:00:00,91.55,91.67,91.19,91.34,6591,0
2018-01-30,19:00:00,91.23,91.42,91.07,91.22,5177,0
2018-01-30,20:00:00,91.13,91.33,91.08,91.2,4721,0
2018-01-30,21:00:00,91.34,91.34,90.98,91.17,4148,0
2018-01-30,22:00:00,91.08,91.29,90.93,90.93,21176,0
2018-01-31,16:00:00,91.14,91.45,90.97,90.98,8898,0
2018-01-31,17:00:00,91.03,91.69,90.97,91.48,10299,0
2018-01-31,18:00:00,91.55,91.55,91.27,91.43,8936,0
2018-01-31,19:00:00,91.4107,91.56,91.33,91.495,11129,0
2018-01-31,20:00:00,91.55,91.55,91.14,91.14,6207,0
2018-01-31,21:00:00,91.26,91.385,90.585,91.14,10360,0
2018-01-31,22:00:00,91.11,91.37,90.78,91.1,32110,0
2018-02-01,16:00:00,90.94,91.1525,90.75,91.09,3554,0
2018-02-01,17:00:00,91.125,91.51,90.86,91.1,10940,0
2018-02-01,18:00:00,91.14,91.27,91,91.19,11214,0
2018-02-01,19:00:00,91.23,91.23,91.11,91.19,5024,0
2018-02-01,20:00:00,91.19,91.42,91.16,91.28,5393,0
2018-02-01,21:00:00,91.27,91.29,90.97,91.21,8177,0
2018-02-01,22:00:00,91.19,91.21,90.88,90.99,24385,0
2018-02-02,16:00:00,90.6,90.8799,89.08,89.54,15546,0
2018-02-02,17:00:00,89.5,89.9,89.04,89.8,8300,0
2018-02-02,18:00:00,89.82,90.08,89.5,89.71,6318,0
2018-02-02,19:00:00,89.66,89.9,89.36,89.43,11560,0
2018-02-02,20:00:00,89.42,89.59,89.21,89.335,10586,0
2018-02-02,21:00:00,89.365,89.365,89.06,89.17,10145,0
2018-02-02,22:00:00,89.11,89.3612,88.9,88.96,27587,0
2018-02-05,16:00:00,88.12,88.29,87.87,87.91,8983,0
2018-02-05,17:00:00,87.84,88.52,87.53,87.53,23994,0
2018-02-05,18:00:00,87.58,87.88,87.35,87.86,61754,0
2018-02-05,19:00:00,87.86,88.475,87.86,88,42405,0
2018-02-05,20:00:00,88.02,88.1,87.51,87.87,25017,0
2018-02-05,21:00:00,87.95,87.95,87.48,87.66,44543,0
2018-02-05,22:00:00,87.75,87.9686,86.83,86.83,143387,0
2018-02-06,16:00:00,86.44,87.47,86.28,87.36,22687,0
2018-02-06,17:00:00,87.46,87.72,86.7,86.9733,15724,0
2018-02-06,18:00:00,87.013,87.05,86.35,87,8818,0
2018-02-06,19:00:00,86.81,87.2302,86.765,87.015,17884,0
2018-02-06,20:00:00,87.14,87.14,86.73,86.81,9336,0
2018-02-06,21:00:00,86.815,87.29,86.62,87.19,18534,0
2018-02-06,22:00:00,87.17,88.31,87.17,88.27,51314,0
2018-02-07,16:00:00,87.96,88.04,87.475,87.57,8336,0
2018-02-07,17:00:00,87.56,87.76,87.13,87.6881,11805,0
2018-02-07,18:00:00,87.77,88.3,87.77,88.095,10743,0
2018-02-07,19:00:00,88.1412,88.1526,87.39,87.51,10560,0
2018-02-07,20:00:00,87.6,87.7,87.17,87.525,9600,0
2018-02-07,21:00:00,87.38,87.84,87.05,87.22,17501,0
2018-02-07,22:00:00,87.32,87.845,87.14,87.17,31149,0
2018-02-08,16:00:00,87.91,87.91,87.01,87.11,7481,0
2018-02-08,17:00:00,86.83,86.95,86.49,86.73,10213,0
2018-02-08,18:00:00,86.63,87.18,86.13,86.99,11742,0
2018-02-08,19:00:00,86.8952,86.98,85.53,85.68,12308,0
2018-02-08,20:00:00,85.73,86.3,85.61,86.06,10022,0
2018-02-08,21:00:00,86.07,86.39,85.17,85.48,13806,0
2018-02-08,22:00:00,85.56,86.47,84.99,85.61,102708,0
2018-02-09,16:00:00,86.21,86.6,85.68,86.35,7323,0
2018-02-09,17:00:00,86.32,86.43,85.485,85.93,9955,0
2018-02-09,18:00:00,85.87,86.11,85.5,85.94,10813,0
2018-02-09,19:00:00,85.84,85.84,84.49,84.98,19805,0
2018-02-09,20:00:00,85,85.94,84.7,85.76,25204,0
2018-02-09,21:00:00,85.675,86.57,85.375,86.1,15037,0
2018-02-09,22:00:00,86.27,87.17,85.73,86.61,69291,0
2018-02-12,16:00:00,86.97,87.42,86.97,87.42,8194,0
2018-02-12,17:00:00,87.44,87.8,87.4,87.62,29926,0
2018-02-12,18:00:00,87.61,87.94,87.5001,87.89,3138,0
2018-02-12,19:00:00,87.99,88.28,87.73,87.985,11139,0
2018-02-12,20:00:00,88.09,88.21,87.71,88.17,7415,0
2018-02-12,21:00:00,88.24,88.24,87.85,88.11,6376,0
2018-02-12,22:00:00,88.11,88.59,87.71,87.95,27209,0
2018-02-13,16:00:00,86.7,87.09,86.34,86.5,11700,0
2018-02-13,17:00:00,86.82,88.37,86.82,88.03,19427,0
2018-02-13,18:00:00,88.2,88.2,87.91,88.035,7089,0
2018-02-13,19:00:00,88.1,88.21,88.035,88.095,7856,0
2018-02-13,20:00:00,88.12,88.83,88.08,88.48,18699,0
2018-02-13,21:00:00,88.5,88.85,88.21,88.57,13956,0
2018-02-13,22:00:00,88.62,88.66,88.31,88.31,36682,0
2018-02-14,16:00:00,87.28,87.71,87.16,87.53,8508,0
2018-02-14,17:00:00,87.42,88.35,87.32,88.245,12512,0
2018-02-14,18:00:00,88.4,88.67,88.32,88.51,4630,0
2018-02-14,19:00:00,88.465,88.65,88.205,88.65,5545,0
2018-02-14,20:00:00,88.66,88.89,88.6,88.65,13242,0
2018-02-14,21:00:00,88.56,88.89,88.29,88.7325,18645,0
2018-02-14,22:00:00,88.77,88.82,88,88.11,60947,0
2018-02-15,16:00:00,87.5,89.02,87.5,88.24,29548,0
2018-02-15,17:00:00,88.3,88.85,87.96,88.79,12782,0
2018-02-15,18:00:00,88.83,89.8,88.5725,89.16,14004,0
2018-02-15,19:00:00,89.16,89.62,88.84,89.62,30563,0
2018-02-15,20:00:00,89.665,89.89,89.1,89.68,18460,0
2018-02-15,21:00:00,89.82,89.89,89.35,89.49,12146,0
2018-02-15,22:00:00,89.52,89.64,89.225,89.53,48989,0
2018-02-16,16:00:00,89.99,91.07,89.35,90.72,16996,0
2018-02-16,17:00:00,90.72,91.56,90.72,91.48,30534,0
2018-02-16,18:00:00,91.49,91.8,91.22,91.4,17813,0
2018-02-16,19:00:00,91.435,91.49,91.28,91.43,22238,0
2018-02-16,20:00:00,91.4,91.6,91.37,91.51,22491,0
2018-02-16,21:00:00,91.51,91.67,90.89,91.34,27997,0
2018-02-16,22:00:00,91.32,91.35,90.61,90.65,40781,0
2018-02-20,16:00:00,91.06,92.71,91.06,92.22,21509,0
2018-02-20,17:00:00,92.28,92.91,92.28,92.91,19473,0
2018-02-20,18:00:00,92.99,93.5,92.99,93.34,25479,0
2018-02-20,19:00:00,93.3,93.66,93.22,93.66,22276,0
2018-02-20,20:00:00,93.62,93.67,93.28,93.42,13637,0
2018-02-20,21:00:00,93.48,94.447,93.35,94.26,51925,0
2018-02-20,22:00:00,94.25,94.4,93.51,93.97,67156,0
2018-02-21,16:00:00,94.68,95.43,94.68,95.43,34178,0
2018-02-21,17:00:00,95.39,95.8397,95.27,95.415,23983,0
2018-02-21,18:00:00,95.4897,95.89,95.46,95.71,10019,0
2018-02-21,19:00:00,95.7,95.94,95.53,95.7,4300,0
2018-02-21,20:00:00,95.69,96.24,95.4668,96.21,11370,0
2018-02-21,21:00:00,96.2,96.66,96.05,96.16,18933,0
2018-02-21,22:00:00,96.05,96.18,95.11,95.16,47507,0
2018-02-22,16:00:00,96.15,96.42,95.65,95.8,20911,0
2018-02-22,17:00:00,95.8,96.39,95.5,95.51,24101,0
2018-02-22,18:00:00,95.51,95.8,95.305,95.65,18124,0
2018-02-22,19:00:00,95.71,95.725,95.43,95.47,5175,0
2018-02-22,20:00:00,95.52,95.56,95.2,95.47,15242,0
2018-02-22,21:00:00,95.51,95.68,95.2,95.2,12731,0
2018-02-22,22:00:00,95.22,95.93,95.2,95.32,49854,0
2018-02-23,16:00:00,96.04,96.24,95.11,95.84,3480,0
2018-02-23,17:00:00,95.95,96.11,95.44,95.595,4420,0
2018-02-23,18:00:00,95.67,96.045,95.55,95.73,10731,0
2018-02-23,19:00:00,95.825,96.04,95.65,96.04,7532,0
2018-02-23,20:00:00,96.045,96.17,95.9,96.04,7185,0
2018-02-23,21:00:00,96.17,96.775,96.01,96.74,12271,0
2018-02-23,22:00:00,96.73,97,96.6,96.96,28655,0
2018-02-26,16:00:00,96.77,97.31,96.77,97.23,17612,0
2018-02-26,17:00:00,97.1,97.125,96.57,96.685,7875,0
2018-02-26,18:00:00,96.69,96.985,96.605,96.8528,15181,0
2018-02-26,19:00:00,96.84,97.04,96.75,96.855,5750,0
2018-02-26,20:00:00,96.79,97.42,96.79,97.3811,4811,0
2018-02-26,21:00:00,97.24,98.06,97.215,97.5,30195,0
2018-02-26,22:00:00,97.3,97.58,97.2,97.44,26761,0
2018-02-27,16:00:00,97.61,97.89,97.21,97.26,16580,0
2018-02-27,17:00:00,97.325,97.69,97.07,97.07,37023,0
2018-02-27,18:00:00,97.01,97.49,97.01,97.44,11435,0
2018-02-27,19:00:00,97.42,97.56,97.3277,97.5,7075,0
2018-02-27,20:00:00,97.5,97.58,97.38,97.42,17872,0
2018-02-27,21:00:00,97.325,97.61,97.15,97.41,15564,0
2018-02-27,22:00:00,97.225,97.56,97.085,97.17,19588,0
2018-02-28,16:00:00,97.73,97.75,97.3,97.385,5058,0
2018-02-28,17:00:00,97.4,97.64,96.82,96.88,17183,0
2018-02-28,18:00:00,96.84,97.1175,96.72,96.87,2880,0
2018-02-28,19:00:00,96.87,97.11,96.84,97.11,3874,0
2018-02-28,20:00:00,97.11,97.47,97.1,97.47,4391,0
2018-02-28,21:00:00,97.42,97.48,96.87,96.87,4807,0
2018-02-28,22:00:00,96.89,97.105,96.415,96.59,13974,0
2018-03-01,16:00:00,96.46,96.49,95.4,95.52,6502,0
2018-03-01,17:00:00,95.31,96.11,95.31,95.64,8098,0
2018-03-01,18:00:00,95.58,96.2,95.52,96.2,4030,0
2018-03-01,19:00:00,96.1917,96.1917,95.465,95.79,4027,0
2018-03-01,20:00:00,95.7,95.7,95.265,95.42,9488,0
2018-03-01,21:00:00,95.14,95.1843,94.69,95.08,10249,0
2018-03-01,22:00:00,95.045,95.755,95,95.46,13694,0
2018-03-02,16:00:00,95.02,95.36,94.26,94.3,8062,0
2018-03-02,17:00:00,94.63,94.8,94.1,94.8,18538,0
2018-03-02,18:00:00,94.9452,95.62,94.791,95.51,4745,0
2018-03-02,19:00:00,95.61,96.11,95.56,96.11,9570,0
2018-03-02,20:00:00,96.08,96.13,95.69,96.13,4368,0
2018-03-02,21:00:00,95.8,96.14,95.745,95.95,11405,0
2018-03-02,22:00:00,95.92,96.8,95.875,96.68,25577,0
2018-03-05,16:00:00,95.33,96.48,95.33,96.46,14027,0
2018-03-05,17:00:00,96.08,96.08,95.66,95.93,12727,0
2018-03-05,18:00:00,95.94,96.39,95.94,96.06,7000,0
2018-03-05,19:00:00,96.15,96.24,95.78,95.94,3966,0
2018-03-05,20:00:00,95.98,96.155,95.785,96.03,7590,0
2018-03-05,21:00:00,95.96,96.05,95.9,95.94,7088,0
2018-03-05,22:00:00,95.95,96.06,95.77,95.77,34345,0
2018-03-06,16:00:00,95.45,96.44,95.43,96.12,21182,0
2018-03-06,17:00:00,95.92,96.24,95.7,95.92,41243,0
2018-03-06,18:00:00,96.065,96.065,95.77,96,10115,0
2018-03-06,19:00:00,95.99,96.04,95.9,96.01,36141,0
2018-03-06,20:00:00,96.04,96.25,95.9,96.07,28393,0
2018-03-06,21:00:00,96.18,96.18,95.945,96.03,9034,0
2018-03-06,22:00:00,96.02,96.14,95.88,95.98,43587,0
2018-03-07,16:00:00,95.61,96.14,95.36,95.36,14655,0
2018-03-07,17:00:00,95.51,96.45,95.32,96.13,23272,0
2018-03-07,18:00:00,96.1,96.47,95.95,96.025,7458,0
2018-03-07,19:00:00,96.02,96.215,95.81,96.0573,8384,0
2018-03-07,20:00:00,96.11,96.29,95.885,96.18,9816,0
2018-03-07,21:00:00,96.14,96.27,95.99,95.99,16083,0
2018-03-07,22:00:00,95.97,96.4,95.94,96.33,36611,0
2018-03-08,16:00:00,96.1,96.72,95.95,96.28,10326,0
2018-03-08,17:00:00,96.3,97,96.3,96.7356,16416,0
2018-03-08,18:00:00,96.79,97.0699,96.56,96.71,14071,0
2018-03-08,19:00:00,96.68,96.7399,96.43,96.51,6669,0
2018-03-08,20:00:00,96.475,96.5844,96.3,96.35,5272,0
2018-03-08,21:00:00,96.38,97.54,96.38,97.375,40119,0
2018-03-08,22:00:00,97.39,97.5599,97.07,97.28,40367,0
2018-03-09,16:00:00,97.3,97.75,97.3,97.52,5372,0
2018-03-09,17:00:00,97.5,98.48,97.3,98.48,24932,0
2018-03-09,18:00:00,98.47,98.47,97.66,97.77,7279,0
2018-03-09,19:00:00,97.74,97.77,97.06,97.39,9969,0
2018-03-09,20:00:00,97.46,98.34,97.34,97.47,19697,0
2018-03-09,21:00:00,97.49,98.19,97.46,98.19,29438,0
2018-03-09,22:00:00,98.11,98.19,97.64,97.89,49454,0
2018-03-12,15:00:00,97.76,97.76,96.48,96.71,9823,0
2018-03-12,16:00:00,96.68,98.41,96.6,96.6,38557,0
2018-03-12,17:00:00,96.58,97.15,96.55,96.95,11957,0
2018-03-12,18:00:00,97.08,97.22,97.05,97.0884,4546,0
2018-03-12,19:00:00,97.05,97.17,96.93,96.97,2757,0
2018-03-12,20:00:00,96.98,97.1,96.8,96.87,11760,0
2018-03-12,21:00:00,96.87,96.93,96.59,96.61,38790,0
2018-03-13,15:00:00,96.15,96.58,96.07,96.39,8185,0
2018-03-13,16:00:00,96.44,96.51,95.88,95.99,8958,0
2018-03-13,17:00:00,96,96.29,95.86,96.015,9800,0
2018-03-13,18:00:00,95.95,96.35,95.6,96.19,5866,0
2018-03-13,19:00:00,96.28,96.28,95.9,96.25,8075,0
2018-03-13,20:00:00,96.36,96.47,95.84,96.04,23258,0
2018-03-13,21:00:00,96.105,96.115,95.68,95.72,19358,0
2018-03-14,15:00:00,96.65,96.67,96.4,96.52,9456,0
2018-03-14,16:00:00,96.53,96.74,96.48,96.68,16125,0
2018-03-14,17:00:00,96.68,96.68,96.115,96.17,7793,0
2018-03-14,18:00:00,96.11,96.29,96.05,96.28,3900,0
2018-03-14,19:00:00,96.29,96.832,96.23,96.81,3854,0
2018-03-14,20:00:00,96.78,97.005,96.3,96.505,5788,0
2018-03-14,21:00:00,96.44,96.57,96.02,96.3,30149,0
2018-03-15,15:00:00,96.76,97.11,96.76,97.02,16294,0
2018-03-15,16:00:00,97.12,97.14,96.79,97,8867,0
2018-03-15,17:00:00,97.12,97.65,96.98,97.65,17098,0
2018-03-15,18:00:00,97.57,97.65,97.16,97.18,7571,0
2018-03-15,19:00:00,97.36,97.4,97.09,97.14,14374,0
2018-03-15,20:00:00,97.09,97.3,96.92,97,15658,0
2018-03-15,21:00:00,97,97.21,96.87,97.05,30062,0
2018-03-16,15:00:00,97.03,97.71,96.51,97.155,5302,0
2018-03-16,16:00:00,97.24,97.47,97.1,97.2,5842,0
2018-03-16,17:00:00,97.205,97.35,96.765,96.81,7803,0
2018-03-16,18:00:00,96.83,97.41,96.75,97.33,16912,0
2018-03-16,19:00:00,97.24,97.3,96.83,96.89,20552,0
2018-03-16,20:00:00,96.97,97.34,96.95,97.26,18687,0
2018-03-16,21:00:00,97.235,97.345,96.85,97.02,45340,0
2018-03-19,15:00:00,96.22,97.01,96.09,97.01,8008,0
2018-03-19,16:00:00,97.14,97.4,96.78,96.87,22687,0
2018-03-19,17:00:00,96.88,97.21,96.605,96.61,23785,0
2018-03-19,18:00:00,96.67,96.92,96.51,96.51,9843,0
2018-03-19,19:00:00,96.49,96.5,96.045,96.4606,13380,0
2018-03-19,20:00:00,96.48,96.5935,96.16,96.56,15069,0
2018-03-19,21:00:00,96.46,96.87,96.26,96.72,49544,0
2018-03-20,15:00:00,96.14,96.6697,96.14,96.53,12357,0
2018-03-20,16:00:00,96.43,96.47,96.26,96.28,11800,0
2018-03-20,17:00:00,96.285,96.44,96.15,96.38,11260,0
2018-03-20,18:00:00,96.38,96.6075,96.19,96.6075,33992,0
2018-03-20,19:00:00,96.755,97.07,96.755,97.04,10375,0
2018-03-20,20:00:00,97.025,97.51,96.98,97.36,12695,0
2018-03-20,21:00:00,97.38,97.58,97.21,97.21,27754,0
2018-03-21,15:00:00,97.5,97.55,97.22,97.49,2550,0
2018-03-21,16:00:00,97.539,97.54,96.7,96.7,8798,0
2018-03-21,17:00:00,96.8,97.7,96.645,97.69,9008,0
2018-03-21,18:00:00,97.81,97.81,97.41,97.49,5479,0
2018-03-21,19:00:00,97.31,97.59,97.29,97.29,3822,0
2018-03-21,20:00:00,97.44,97.854,96.92,97.305,17907,0
2018-03-21,21:00:00,97.43,97.83,97.345,97.45,38481,0
2018-03-22,15:00:00,96.02,97.02,96.02,96.37,18876,0
2018-03-22,16:00:00,96.38,97.16,96.295,96.39,26675,0
2018-03-22,17:00:00,96.37,96.57,95.52,95.59,19582,0
2018-03-22,18:00:00,95.66,95.99,95.525,95.89,35402,0
2018-03-22,19:00:00,95.79,96.54,95.71,96.3899,23880,0
2018-03-22,20:00:00,96.28,96.56,96.21,96.395,21293,0
2018-03-22,21:00:00,96.395,96.46,95.46,95.59,42025,0
2018-03-23,15:00:00,96.33,96.7,96,96.02,9769,0
2018-03-23,16:00:00,96.08,96.1,95.67,95.67,8608,0
2018-03-23,17:00:00,95.68,95.69,95.2,95.2,4185,0
2018-03-23,18:00:00,95.2192,95.4,95.17,95.26,3436,0
2018-03-23,19:00:00,95.265,95.88,95.265,95.7228,3600,0
2018-03-23,20:00:00,95.71,95.725,94.69,94.69,5608,0
2018-03-23,21:00:00,94.625,94.965,94.04,94.11,28632,0
2018-03-26,16:00:00,93.53,94.33,93.4397,93.73,23689,0
2018-03-26,17:00:00,93.71,93.985,93.47,93.51,11780,0
2018-03-26,18:00:00,93.505,93.56,92.8,93.195,33129,0
2018-03-26,19:00:00,93.14,93.369,92.995,93.12,9885,0
2018-03-26,20:00:00,93.2,93.24,92.96,93,15184,0
2018-03-26,21:00:00,92.925,93.4,92.85,93.28,21238,0
2018-03-26,22:00:00,93.31,94.19,93.31,94.14,25029,0
2018-03-27,16:00:00,93.57,93.78,92.62,92.95,25006,0
2018-03-27,17:00:00,93.07,93.7,92.96,93.65,14821,0
2018-03-27,18:00:00,93.75,93.97,93.455,93.97,6837,0
2018-03-27,19:00:00,93.91,93.91,93.225,93.24,5350,0
2018-03-27,20:00:00,93.4,93.52,92.78,92.97,22112,0
2018-03-27,21:00:00,92.89,93.01,92.43,92.58,28732,0
2018-03-27,22:00:00,92.59,92.7,91.77,91.79,81538,0
2018-03-28,16:00:00,90.24,90.92,89.88,90.4,33415,0
2018-03-28,17:00:00,90.45,90.67,89.275,90.32,32684,0
2018-03-28,18:00:00,90.37,91.17,90.26,90.94,26382,0
2018-03-28,19:00:00,91.01,91.875,90.98,91.43,22383,0
2018-03-28,20:00:00,91.335,92.225,91.23,91.97,21472,0
2018-03-28,21:00:00,92,92.15,91.74,92.08,29882,0
2018-03-28,22:00:00,92.145,92.15,91.38,91.72,66880,0
2018-03-29,16:00:00,91.71,92.47,91.51,91.65,14696,0
2018-03-29,17:00:00,91.61,93.4,91.61,93.37,13029,0
2018-03-29,18:00:00,93.56,93.56,92.76,93.21,16347,0
2018-03-29,19:00:00,93.17,93.75,93,93.75,5723,0
2018-03-29,20:00:00,93.75,94.62,93.65,94.57,7644,0
2018-03-29,21:00:00,94.565,94.8025,94.23,94.75,14057,0
2018-03-29,22:00:00,94.66,94.9,93.93,93.93,20362,0
