Date,Time,Open,High,Low,Close,Volume,OpenInt
2017-06-23,16:00:00,10.286,10.286,10.286,10.286,150,0
2017-06-23,17:00:00,10.395,10.395,10.355,10.358,1407,0
2017-06-23,18:00:00,10.365,10.365,10.355,10.365,9189,0
2017-06-23,20:00:00,10.375,10.395,10.365,10.37,4620,0
2017-06-23,21:00:00,10.355,10.355,10.355,10.355,302,0
2017-06-23,22:00:00,10.355,10.355,10.355,10.355,160,0
2017-06-26,16:00:00,10.494,10.494,10.494,10.494,1607,0
2017-06-26,17:00:00,10.491,10.491,10.454,10.454,6175,0
2017-06-26,18:00:00,10.465,10.466,10.465,10.466,302,0
2017-06-26,19:00:00,10.484,10.494,10.474,10.494,6367,0
2017-06-26,20:00:00,10.494,10.494,10.489,10.494,1507,0
2017-06-26,21:00:00,10.494,10.504,10.488,10.494,2912,0
2017-06-26,22:00:00,10.514,10.534,10.474,10.474,9784,0
2017-06-27,16:00:00,10.425,10.425,10.425,10.425,100,0
2017-06-27,17:00:00,10.395,10.425,10.365,10.425,6475,0
2017-06-27,18:00:00,10.405,10.405,10.405,10.405,201,0
2017-06-27,19:00:00,10.405,10.405,10.395,10.395,1105,0
2017-06-27,20:00:00,10.365,10.365,10.345,10.345,787,0
2017-06-27,21:00:00,10.335,10.335,10.335,10.335,703,0
2017-06-27,22:00:00,10.325,10.415,10.295,10.325,26531,0
2017-06-28,16:00:00,10.411,10.611,10.381,10.451,10253,0
2017-06-28,17:00:00,10.421,10.431,10.421,10.431,1796,0
2017-06-28,18:00:00,10.421,10.501,10.411,10.441,5109,0
2017-06-28,19:00:00,10.441,10.441,10.411,10.411,14360,0
2017-06-28,20:00:00,10.411,10.441,10.371,10.381,27519,0
2017-06-28,21:00:00,10.391,10.417,10.341,10.397,12082,0
2017-06-28,22:00:00,10.416,10.441,10.371,10.431,15732,0
2017-06-29,16:00:00,10.381,10.401,10.381,10.381,1381,0
2017-06-29,17:00:00,10.381,10.391,10.381,10.391,701,0
2017-06-29,18:00:00,10.411,10.411,10.361,10.371,3406,0
2017-06-29,19:00:00,10.361,10.361,10.361,10.361,1403,0
2017-06-29,22:00:00,10.331,10.366,10.311,10.351,30548,0
2017-06-30,17:00:00,10.381,10.381,10.381,10.381,401,0
2017-06-30,18:00:00,10.381,10.391,10.381,10.381,7013,0
2017-06-30,19:00:00,10.381,10.391,10.381,10.391,3212,0
2017-06-30,20:00:00,10.391,10.421,10.391,10.406,18032,0
2017-06-30,21:00:00,10.401,10.421,10.401,10.421,902,0
2017-06-30,22:00:00,10.426,10.486,10.426,10.461,39511,0
2017-07-03,16:00:00,10.491,10.491,10.481,10.481,484,0
2017-07-03,17:00:00,10.561,10.561,10.501,10.501,568,0
2017-07-03,19:00:00,10.521,10.561,10.521,10.551,16473,0
2017-07-05,16:00:00,10.611,10.631,10.481,10.481,2385,0
2017-07-05,17:00:00,10.481,10.481,10.451,10.451,1703,0
2017-07-05,18:00:00,10.471,10.471,10.461,10.461,1302,0
2017-07-05,19:00:00,10.481,10.481,10.481,10.481,287,0
2017-07-05,20:00:00,10.481,10.531,10.481,10.531,411,0
2017-07-05,21:00:00,10.511,10.521,10.511,10.511,8327,0
2017-07-05,22:00:00,10.557,10.571,10.545,10.551,4626,0
2017-07-06,17:00:00,10.501,10.501,10.501,10.501,100,0
2017-07-06,18:00:00,10.451,10.501,10.451,10.481,1858,0
2017-07-06,19:00:00,10.461,10.501,10.461,10.501,1975,0
2017-07-06,20:00:00,10.481,10.491,10.481,10.491,1102,0
2017-07-06,21:00:00,10.451,10.491,10.451,10.461,9016,0
2017-07-06,22:00:00,10.461,10.466,10.421,10.441,7142,0
2017-07-07,19:00:00,10.501,10.501,10.471,10.496,4500,0
2017-07-07,20:00:00,10.496,10.501,10.496,10.501,801,0
2017-07-07,21:00:00,10.496,10.521,10.461,10.521,16654,0
2017-07-07,22:00:00,10.521,10.531,10.521,10.521,601,0
2017-07-10,16:00:00,10.561,10.561,10.561,10.561,1503,0
2017-07-10,17:00:00,10.591,10.621,10.591,10.601,1503,0
2017-07-10,19:00:00,10.651,10.671,10.641,10.671,950,0
2017-07-10,22:00:00,10.691,10.691,10.681,10.691,1202,0
2017-07-11,18:00:00,10.721,10.781,10.706,10.719,6690,0
2017-07-11,19:00:00,10.711,10.711,10.711,10.711,1032,0
2017-07-11,21:00:00,10.766,10.781,10.751,10.751,1302,0
2017-07-11,22:00:00,10.771,10.771,10.771,10.771,399,0
2017-07-12,17:00:00,10.894,10.917,10.85,10.85,401,0
2017-07-12,18:00:00,10.85,10.97,10.85,10.87,3053,0
2017-07-12,19:00:00,10.95,10.95,10.87,10.87,1703,0
2017-07-12,20:00:00,10.93,10.98,10.93,10.98,2342,0
2017-07-12,21:00:00,10.97,10.97,10.96,10.96,503,0
2017-07-12,22:00:00,10.96,11.035,10.96,11.035,2956,0
2017-07-13,16:00:00,11.08,11.08,11.08,11.08,501,0
2017-07-13,17:00:00,11.07,11.14,11.07,11.14,3707,0
2017-07-13,18:00:00,11.112,11.15,11.06,11.12,7104,0
2017-07-13,19:00:00,11.1,11.12,11.1,11.12,401,0
2017-07-13,20:00:00,11.12,11.12,11.12,11.12,601,0
2017-07-13,21:00:00,11.11,11.12,11.11,11.12,701,0
2017-07-13,22:00:00,11.115,11.115,11.115,11.115,301,0
2017-07-14,16:00:00,11.17,11.2,11.17,11.2,3007,0
2017-07-14,17:00:00,11.21,11.22,11.21,11.219,1302,0
2017-07-14,18:00:00,11.26,11.26,11.26,11.26,301,0
2017-07-14,21:00:00,11.24,11.24,11.24,11.24,281,0
2017-07-14,22:00:00,11.19,11.19,11.19,11.19,100,0
2017-07-17,16:00:00,11.23,11.23,11.23,11.23,981,0
2017-07-17,17:00:00,11.17,11.23,11.17,11.23,539,0
2017-07-17,18:00:00,11.216,11.217,11.216,11.217,200,0
2017-07-17,20:00:00,11.218,11.26,11.215,11.26,801,0
2017-07-18,16:00:00,11.183,11.183,11.183,11.183,100,0
2017-07-19,16:00:00,11.17,11.25,11.17,11.24,2531,0
2017-07-19,17:00:00,11.23,11.23,11.22,11.22,535,0
2017-07-19,19:00:00,11.23,11.23,11.23,11.23,601,0
2017-07-19,20:00:00,11.24,11.24,11.24,11.24,200,0
2017-07-19,22:00:00,11.235,11.235,11.22,11.22,1993,0
2017-07-20,16:00:00,11.15,11.15,11.15,11.15,427,0
2017-07-20,17:00:00,11.21,11.22,11.21,11.22,514,0
2017-07-20,19:00:00,11.22,11.24,11.22,11.22,1261,0
2017-07-20,22:00:00,11.21,11.21,11.2,11.2,801,0
2017-07-21,16:00:00,11.21,11.21,11.21,11.21,145,0
2017-07-21,17:00:00,11.23,11.24,11.23,11.23,2304,0
2017-07-21,18:00:00,11.23,11.23,11.23,11.23,501,0
2017-07-21,19:00:00,11.23,11.23,11.23,11.23,100,0
2017-07-21,20:00:00,11.24,11.24,11.23,11.23,351,0
2017-07-21,21:00:00,11.23,11.23,11.23,11.23,446,0
2017-07-21,22:00:00,11.214,11.214,11.214,11.214,170,0
2017-07-24,17:00:00,11.16,11.2,11.14,11.199,4366,0
2017-07-24,18:00:00,11.18,11.195,11.18,11.195,435,0
2017-07-24,19:00:00,11.211,11.211,11.211,11.211,160,0
2017-07-24,21:00:00,11.2,11.209,11.2,11.209,366,0
2017-07-24,22:00:00,11.209,11.209,11.2,11.2,1002,0
2017-07-25,16:00:00,11.23,11.349,11.23,11.349,701,0
2017-07-25,17:00:00,11.24,11.25,11.21,11.23,3708,0
2017-07-25,19:00:00,11.23,11.23,11.225,11.229,1302,0
2017-07-25,20:00:00,11.23,11.24,11.22,11.24,7262,0
2017-07-25,22:00:00,11.249,11.25,11.247,11.25,1769,0
2017-07-26,16:00:00,11.21,11.21,11.21,11.21,3013,0
2017-07-26,17:00:00,11.2,11.2,11.2,11.2,301,0
2017-07-26,18:00:00,11.2,11.2,11.2,11.2,100,0
2017-07-26,21:00:00,11.21,11.21,11.18,11.18,1605,0
2017-07-26,22:00:00,11.21,11.21,11.18,11.18,2641,0
2017-07-27,17:00:00,11.23,11.23,11.23,11.23,1002,0
2017-07-27,18:00:00,11.254,11.254,11.254,11.254,351,0
2017-07-27,20:00:00,11.24,11.24,11.21,11.21,2404,0
2017-07-28,21:00:00,11.2,11.21,11.2,11.2,2104,0
2017-07-28,22:00:00,11.26,11.26,11.26,11.26,100,0
2017-07-31,19:00:00,11.221,11.223,11.221,11.223,953,0
2017-07-31,20:00:00,11.235,11.26,11.235,11.26,89921,0
2017-07-31,21:00:00,11.26,11.3,11.256,11.3,2533,0
2017-07-31,22:00:00,11.29,11.31,11.29,11.31,10778,0
2017-08-01,17:00:00,11.34,11.34,11.33,11.33,1002,0
2017-08-01,18:00:00,11.34,11.35,11.34,11.35,200,0
2017-08-01,19:00:00,11.35,11.409,11.33,11.36,2850,0
2017-08-01,20:00:00,11.35,11.392,11.34,11.36,9099,0
2017-08-01,21:00:00,11.399,11.419,11.399,11.419,1803,0
2017-08-01,22:00:00,11.409,11.419,11.409,11.409,1007,0
2017-08-02,16:00:00,11.419,11.419,11.419,11.419,107,0
2017-08-02,18:00:00,11.36,11.395,11.36,11.39,902,0
2017-08-02,19:00:00,11.404,11.509,11.399,11.429,7009,0
2017-08-02,20:00:00,11.434,11.469,11.419,11.439,1002,0
2017-08-02,21:00:00,11.439,11.449,11.439,11.449,401,0
2017-08-02,22:00:00,11.449,11.459,11.409,11.409,8014,0
2017-08-03,16:00:00,11.429,11.429,11.409,11.409,2104,0
2017-08-03,17:00:00,11.409,11.409,11.39,11.399,1302,0
2017-08-03,18:00:00,11.399,11.409,11.33,11.33,3367,0
2017-08-03,19:00:00,11.399,11.399,11.39,11.39,17031,0
2017-08-03,20:00:00,11.399,11.409,11.39,11.409,5143,0
2017-08-03,21:00:00,11.409,11.409,11.409,11.409,3106,0
2017-08-03,22:00:00,11.409,11.419,11.409,11.419,1235,0
2017-08-04,16:00:00,11.475,11.475,11.38,11.38,801,0
2017-08-04,17:00:00,11.38,11.417,11.36,11.38,2805,0
2017-08-04,18:00:00,11.39,11.439,11.38,11.419,5009,0
2017-08-04,19:00:00,11.419,11.439,11.419,11.429,1703,0
2017-08-04,20:00:00,11.429,11.429,11.414,11.414,401,0
2017-08-04,21:00:00,11.38,11.409,11.38,11.409,1202,0
2017-08-04,22:00:00,11.395,11.395,11.38,11.38,200,0
2017-08-07,16:00:00,11.39,11.399,11.39,11.39,809,0
2017-08-07,17:00:00,11.399,11.399,11.399,11.399,368,0
2017-08-07,18:00:00,11.419,11.419,11.419,11.419,100,0
2017-08-07,20:00:00,11.429,11.429,11.419,11.419,501,0
2017-08-07,21:00:00,11.429,11.444,11.419,11.444,3012,0
2017-08-07,22:00:00,11.449,11.459,11.439,11.459,3907,0
2017-08-08,16:00:00,11.429,11.429,11.429,11.429,1362,0
2017-08-08,17:00:00,11.464,11.464,11.464,11.464,200,0
2017-08-08,18:00:00,11.469,11.469,11.469,11.469,2694,0
2017-08-08,19:00:00,11.469,11.499,11.459,11.464,1844,0
2017-08-08,20:00:00,11.509,11.509,11.499,11.499,200,0
2017-08-08,21:00:00,11.489,11.489,11.479,11.479,200,0
2017-08-08,22:00:00,11.509,11.509,11.439,11.439,1002,0
2017-08-09,18:00:00,11.33,11.33,11.3,11.3,800,0
2017-08-09,19:00:00,11.3,11.31,11.3,11.31,1553,0
2017-08-09,20:00:00,11.31,11.32,11.31,11.32,301,0
2017-08-09,21:00:00,11.325,11.325,11.325,11.325,401,0
2017-08-09,22:00:00,11.325,11.33,11.32,11.32,1954,0
2017-08-10,16:00:00,11.33,11.33,11.33,11.33,2239,0
2017-08-10,17:00:00,11.29,11.29,11.25,11.275,501,0
2017-08-10,19:00:00,11.25,11.25,11.25,11.25,200,0
2017-08-10,21:00:00,11.24,11.24,11.2,11.205,3206,0
2017-08-10,22:00:00,11.2,11.21,11.16,11.16,551,0
2017-08-11,16:00:00,11.11,11.11,11.11,11.11,514,0
2017-08-11,17:00:00,11.11,11.19,11.09,11.19,3736,0
2017-08-11,18:00:00,11.18,11.185,11.18,11.185,200,0
2017-08-11,19:00:00,11.18,11.185,11.18,11.18,1225,0
2017-08-11,20:00:00,11.2,11.24,11.18,11.22,902,0
2017-08-11,21:00:00,11.23,11.23,11.22,11.22,200,0
2017-08-11,22:00:00,11.18,11.18,11.16,11.17,1403,0
2017-08-14,16:00:00,11.25,11.25,11.25,11.25,332,0
2017-08-14,17:00:00,11.27,11.31,11.24,11.27,4501,0
2017-08-14,18:00:00,11.31,11.31,11.3,11.305,2006,0
2017-08-14,19:00:00,11.32,11.32,11.32,11.32,100,0
2017-08-14,20:00:00,11.33,11.36,11.31,11.35,2404,0
2017-08-14,21:00:00,11.34,11.36,11.34,11.36,401,0
2017-08-14,22:00:00,11.35,11.35,11.35,11.35,100,0
2017-08-15,17:00:00,11.33,11.599,11.33,11.38,972,0
2017-08-15,18:00:00,11.38,11.38,11.35,11.38,501,0
2017-08-15,19:00:00,11.38,11.395,11.38,11.387,501,0
2017-08-15,21:00:00,11.37,11.409,11.34,11.39,2004,0
2017-08-15,22:00:00,11.38,11.385,11.36,11.36,937,0
2017-08-16,16:00:00,11.419,11.419,11.419,11.419,100,0
2017-08-16,17:00:00,11.439,11.439,11.439,11.439,200,0
2017-08-16,18:00:00,11.439,11.439,11.439,11.439,100,0
2017-08-16,19:00:00,11.429,11.429,11.429,11.429,200,0
2017-08-16,20:00:00,11.449,11.449,11.419,11.419,689,0
2017-08-16,21:00:00,11.429,11.439,11.419,11.439,2608,0
2017-08-16,22:00:00,11.434,11.468,11.434,11.459,2968,0
2017-08-17,16:00:00,11.38,11.38,11.38,11.38,250,0
2017-08-17,17:00:00,11.399,11.419,11.38,11.419,801,0
2017-08-17,22:00:00,11.32,11.32,11.32,11.32,260,0
2017-08-18,17:00:00,11.29,11.306,11.29,11.3,615,0
2017-08-18,18:00:00,11.32,11.39,11.32,11.39,2114,0
2017-08-18,19:00:00,11.424,11.444,11.41,11.444,1096,0
2017-08-18,20:00:00,11.429,11.429,11.38,11.419,2911,0
2017-08-18,21:00:00,11.395,11.399,11.395,11.399,401,0
2017-08-18,22:00:00,11.399,11.489,11.37,11.459,16520,0
2017-08-21,16:00:00,11.449,11.449,11.449,11.449,100,0
2017-08-21,17:00:00,11.449,11.452,11.41,11.41,2404,0
2017-08-21,19:00:00,11.479,11.479,11.479,11.479,2260,0
2017-08-21,20:00:00,11.459,11.459,11.459,11.459,200,0
2017-08-21,21:00:00,11.439,11.439,11.428,11.439,1509,0
2017-08-21,22:00:00,11.429,11.434,11.429,11.429,1708,0
2017-08-22,18:00:00,11.549,11.579,11.549,11.579,222,0
2017-08-22,22:00:00,11.589,11.599,11.569,11.589,11269,0
2017-08-23,17:00:00,11.52,11.52,11.51,11.51,601,0
2017-08-23,18:00:00,11.559,11.559,11.559,11.559,245,0
2017-08-23,20:00:00,11.576,11.579,11.574,11.574,1595,0
2017-08-23,21:00:00,11.569,11.579,11.569,11.569,3515,0
2017-08-23,22:00:00,11.579,11.582,11.569,11.579,4769,0
2017-08-24,16:00:00,11.639,11.681,11.629,11.629,2204,0
2017-08-24,17:00:00,11.619,11.687,11.619,11.679,7013,0
2017-08-24,18:00:00,11.679,11.679,11.679,11.679,801,0
2017-08-24,19:00:00,11.674,11.684,11.674,11.684,601,0
2017-08-24,20:00:00,11.684,11.684,11.679,11.679,200,0
2017-08-24,21:00:00,11.689,11.699,11.689,11.689,493,0
2017-08-24,22:00:00,11.689,11.689,11.689,11.689,100,0
2017-08-25,18:00:00,11.689,11.689,11.689,11.689,301,0
2017-08-25,19:00:00,11.689,11.689,11.65,11.65,795,0
2017-08-25,20:00:00,11.689,11.689,11.689,11.689,1703,0
2017-08-25,21:00:00,11.674,11.674,11.674,11.674,401,0
2017-08-25,22:00:00,11.689,11.689,11.689,11.689,601,0
2017-08-28,16:00:00,11.679,11.679,11.679,11.679,116,0
2017-08-28,19:00:00,11.639,11.639,11.639,11.639,100,0
2017-08-28,21:00:00,11.649,11.649,11.649,11.649,1102,0
2017-08-28,22:00:00,11.649,11.649,11.619,11.638,781,0
2017-08-29,16:00:00,11.529,11.549,11.529,11.549,453,0
2017-08-29,17:00:00,11.549,11.559,11.549,11.559,9717,0
2017-08-29,18:00:00,11.57,11.57,11.57,11.57,100,0
2017-08-29,20:00:00,11.621,11.621,11.621,11.621,130,0
2017-08-29,21:00:00,11.599,11.629,11.599,11.629,902,0
2017-08-29,22:00:00,11.629,11.629,11.629,11.629,100,0
2017-08-30,18:00:00,11.589,11.593,11.589,11.593,457,0
2017-08-30,20:00:00,11.606,11.606,11.606,11.606,100,0
2017-08-30,21:00:00,11.629,11.649,11.619,11.648,12623,0
2017-08-30,22:00:00,11.639,11.679,11.629,11.669,4077,0
2017-08-31,20:00:00,11.63,11.667,11.63,11.667,2365,0
2017-09-01,16:00:00,11.719,11.729,11.709,11.709,5628,0
2017-09-01,17:00:00,11.709,11.749,11.709,11.749,7956,0
2017-09-01,20:00:00,11.838,11.838,11.799,11.799,1106,0
2017-09-01,22:00:00,11.789,11.789,11.769,11.789,8681,0
2017-09-05,16:00:00,11.879,11.879,11.869,11.869,701,0
2017-09-05,17:00:00,11.859,11.859,11.839,11.849,3406,0
2017-09-05,18:00:00,11.829,11.829,11.829,11.829,853,0
2017-09-05,19:00:00,11.779,11.789,11.729,11.729,8781,0
2017-09-05,20:00:00,11.679,11.679,11.679,11.679,501,0
2017-09-05,21:00:00,11.799,11.799,11.799,11.799,100,0
2017-09-05,22:00:00,11.825,11.828,11.809,11.809,1813,0
2017-09-06,16:00:00,11.978,11.978,11.978,11.978,100,0
2017-09-06,21:00:00,11.988,11.988,11.988,11.988,100,0
2017-09-06,22:00:00,11.998,11.998,11.998,11.998,100,0
2017-09-07,19:00:00,12.098,12.098,12.098,12.098,301,0
2017-09-07,20:00:00,12.098,12.098,12.068,12.068,641,0
2017-09-07,22:00:00,12.049,12.049,12.049,12.049,311,0
2017-09-08,17:00:00,12.008,12.008,11.998,11.998,200,0
2017-09-08,18:00:00,11.998,11.998,11.978,11.978,2116,0
2017-09-08,19:00:00,11.988,11.998,11.988,11.998,200,0
2017-09-08,20:00:00,12.008,12.008,11.988,11.988,200,0
2017-09-08,22:00:00,11.968,11.988,11.722,11.899,3103,0
2017-09-11,17:00:00,12.134,12.134,12.068,12.078,2190,0
2017-09-11,18:00:00,12.068,12.098,12.068,12.098,1302,0
2017-09-11,19:00:00,12.098,12.108,12.098,12.108,401,0
2017-09-11,20:00:00,12.098,12.098,12.078,12.098,3910,0
2017-09-11,21:00:00,12.098,12.098,12.078,12.078,301,0
2017-09-11,22:00:00,12.068,12.092,12.058,12.058,1824,0
2017-09-12,17:00:00,12.11,12.128,12.108,12.118,1202,0
2017-09-12,18:00:00,12.128,12.458,12.128,12.258,2905,0
2017-09-12,19:00:00,12.188,12.228,12.188,12.228,1903,0
2017-09-12,20:00:00,12.228,12.228,12.228,12.228,100,0
2017-09-12,21:00:00,12.218,12.218,12.158,12.158,1003,0
2017-09-12,22:00:00,12.158,12.158,12.138,12.138,2113,0
2017-09-13,16:00:00,12.108,12.108,12.108,12.108,100,0
2017-09-13,17:00:00,12.118,12.118,12.118,12.118,200,0
2017-09-13,18:00:00,12.118,12.118,12.108,12.108,301,0
2017-09-13,20:00:00,12.088,12.088,12.088,12.088,100,0
2017-09-13,22:00:00,12.158,12.158,12.158,12.158,100,0
2017-09-14,18:00:00,12.128,12.138,12.048,12.048,2104,0
2017-09-14,19:00:00,12.083,12.083,12.083,12.083,200,0
2017-09-14,20:00:00,12.083,12.148,12.083,12.148,301,0
2017-09-14,21:00:00,12.148,12.148,12.148,12.148,100,0
2017-09-15,18:00:00,12.148,12.148,12.148,12.148,100,0
2017-09-15,22:00:00,12.225,12.225,12.225,12.225,327,0
2017-09-18,18:00:00,12.228,12.228,12.194,12.218,5554,0
2017-09-18,19:00:00,12.228,12.228,12.228,12.228,100,0
2017-09-18,20:00:00,12.268,12.268,12.268,12.268,100,0
2017-09-18,21:00:00,12.278,12.298,12.278,12.298,8472,0
2017-09-18,22:00:00,12.308,12.318,12.296,12.318,3867,0
2017-09-19,18:00:00,12.238,12.238,12.238,12.238,200,0
2017-09-19,19:00:00,12.258,12.288,12.252,12.288,6013,0
2017-09-19,20:00:00,12.308,12.318,12.308,12.318,401,0
2017-09-19,21:00:00,12.318,12.318,12.318,12.318,200,0
2017-09-19,22:00:00,12.328,12.328,12.318,12.318,3922,0
2017-09-20,16:00:00,12.338,12.338,12.338,12.338,170,0
2017-09-20,21:00:00,12.287,12.318,12.248,12.318,5811,0
2017-09-20,22:00:00,12.318,12.358,12.315,12.358,1903,0
2017-09-21,18:00:00,12.271,12.271,12.271,12.271,826,0
2017-09-21,19:00:00,12.288,12.288,12.288,12.288,902,0
2017-09-21,20:00:00,12.348,12.348,12.32,12.338,4103,0
2017-09-21,21:00:00,12.328,12.368,12.328,12.338,4113,0
2017-09-21,22:00:00,12.338,12.368,12.338,12.348,301,0
2017-09-22,16:00:00,12.318,12.318,12.318,12.318,100,0
2017-09-22,18:00:00,12.356,12.356,12.356,12.356,543,0
2017-09-22,19:00:00,12.407,12.418,12.407,12.418,8878,0
2017-09-22,20:00:00,12.408,12.408,12.329,12.333,1444,0
2017-09-22,21:00:00,12.388,12.403,12.388,12.403,401,0
2017-09-22,22:00:00,12.405,12.408,12.378,12.378,2004,0
2017-09-25,16:00:00,12.348,12.348,12.348,12.348,801,0
2017-09-25,17:00:00,12.278,12.278,12.238,12.238,200,0
2017-09-25,19:00:00,12.148,12.148,12.138,12.138,456,0
2017-09-25,20:00:00,12.188,12.248,12.17,12.248,7914,0
2017-09-25,21:00:00,12.238,12.238,12.178,12.178,3787,0
2017-09-25,22:00:00,12.178,12.198,12.178,12.198,1102,0
2017-09-26,16:00:00,12.208,12.252,12.208,12.209,3402,0
2017-09-26,17:00:00,12.208,12.208,12.208,12.208,100,0
2017-09-26,18:00:00,12.178,12.188,12.15,12.188,1903,0
2017-09-26,19:00:00,12.158,12.178,12.158,12.178,601,0
2017-09-26,20:00:00,12.228,12.228,12.228,12.228,100,0
2017-09-26,21:00:00,12.228,12.228,12.228,12.228,100,0
2017-09-26,22:00:00,12.198,12.198,12.118,12.118,401,0
2017-09-27,16:00:00,12.128,12.128,12.128,12.128,206,0
2017-09-27,17:00:00,12.038,12.038,11.988,11.988,1217,0
2017-09-27,19:00:00,11.919,11.919,11.919,11.919,100,0
2017-09-27,20:00:00,11.909,11.929,11.909,11.929,692,0
2017-09-27,21:00:00,11.927,11.968,11.927,11.968,701,0
2017-09-27,22:00:00,11.967,11.967,11.967,11.967,401,0
2017-09-28,16:00:00,11.949,11.949,11.919,11.919,981,0
2017-09-28,17:00:00,11.929,11.939,11.929,11.939,301,0
2017-09-28,19:00:00,11.937,11.937,11.937,11.937,100,0
2017-09-28,20:00:00,11.949,11.949,11.949,11.949,100,0
2017-09-28,22:00:00,11.949,11.949,11.949,11.949,326,0
2017-09-29,16:00:00,12.008,12.018,12.008,12.008,401,0
2017-09-29,17:00:00,12.018,12.018,12.018,12.018,101,0
2017-09-29,19:00:00,12.043,12.043,12.043,12.043,103,0
2017-09-29,20:00:00,12.048,12.078,12.048,12.078,1102,0
2017-09-29,22:00:00,12.058,12.058,12.058,12.058,100,0
2017-10-02,16:00:00,12.068,12.068,12.058,12.058,250,0
2017-10-02,17:00:00,12.088,12.098,12.078,12.098,1002,0
2017-10-02,18:00:00,12.098,12.108,12.098,12.108,601,0
2017-10-02,19:00:00,12.098,12.118,12.098,12.118,401,0
2017-10-02,20:00:00,12.118,12.198,12.118,12.198,10057,0
2017-10-02,21:00:00,12.188,12.208,12.148,12.198,11220,0
2017-10-02,22:00:00,12.198,12.218,12.188,12.188,3807,0
2017-10-03,17:00:00,12.283,12.294,12.248,12.248,501,0
2017-10-03,18:00:00,12.288,12.308,12.288,12.288,9159,0
2017-10-03,19:00:00,12.348,12.348,12.347,12.348,1302,0
2017-10-03,20:00:00,12.378,12.408,12.376,12.408,5510,0
2017-10-03,21:00:00,12.404,12.418,12.404,12.418,801,0
2017-10-03,22:00:00,12.398,12.468,12.398,12.468,6690,0
2017-10-04,17:00:00,12.488,12.557,12.478,12.557,1002,0
2017-10-04,18:00:00,12.557,12.567,12.557,12.567,401,0
2017-10-04,19:00:00,12.567,12.567,12.517,12.517,501,0
2017-10-04,21:00:00,12.547,12.547,12.527,12.527,501,0
2017-10-04,22:00:00,12.537,12.537,12.498,12.507,401,0
2017-10-05,16:00:00,12.527,12.53,12.527,12.528,1042,0
2017-10-05,17:00:00,12.567,12.637,12.567,12.617,401,0
2017-10-05,19:00:00,12.607,12.657,12.607,12.627,5423,0
2017-10-05,20:00:00,12.608,12.647,12.607,12.627,6436,0
2017-10-05,21:00:00,12.627,12.637,12.612,12.627,12549,0
2017-10-05,22:00:00,12.627,12.637,12.478,12.607,10519,0
2017-10-06,16:00:00,12.448,12.448,12.448,12.448,1296,0
2017-10-06,17:00:00,12.357,12.408,12.338,12.338,4508,0
2017-10-06,21:00:00,12.418,12.436,12.418,12.436,1997,0
2017-10-09,17:00:00,12.388,12.398,12.388,12.398,200,0
2017-10-09,18:00:00,12.418,12.418,12.242,12.242,1745,0
2017-10-09,19:00:00,12.358,12.358,12.358,12.358,200,0
2017-10-09,20:00:00,12.348,12.348,12.218,12.338,2404,0
2017-10-09,21:00:00,12.348,12.348,12.348,12.348,200,0
2017-10-09,22:00:00,12.358,12.358,12.348,12.348,501,0
2017-10-10,16:00:00,12.537,12.537,12.537,12.537,100,0
2017-10-10,17:00:00,12.388,12.388,12.358,12.358,7244,0
2017-10-10,18:00:00,12.348,12.428,12.348,12.428,8523,0
2017-10-10,19:00:00,12.388,12.428,12.348,12.428,4479,0
2017-10-10,20:00:00,12.418,12.418,12.418,12.418,200,0
2017-10-10,21:00:00,12.418,12.418,12.418,12.418,200,0
2017-10-10,22:00:00,12.398,12.408,12.398,12.408,601,0
2017-10-11,16:00:00,12.418,12.418,12.418,12.418,902,0
2017-10-11,17:00:00,12.428,12.478,12.428,12.468,2805,0
2017-10-11,18:00:00,12.448,12.448,12.448,12.448,902,0
2017-10-11,19:00:00,12.458,12.458,12.428,12.428,802,0
2017-10-11,20:00:00,12.438,12.448,12.408,12.438,3706,0
2017-10-11,21:00:00,12.438,12.438,12.438,12.438,200,0
2017-10-11,22:00:00,12.438,12.468,12.438,12.468,4208,0
2017-10-12,22:00:00,12.392,12.392,12.328,12.328,1403,0
2017-10-13,17:00:00,12.368,12.368,12.368,12.368,150,0
2017-10-13,19:00:00,12.438,12.478,12.408,12.448,2608,0
2017-10-13,20:00:00,12.458,12.458,12.438,12.438,2404,0
2017-10-13,21:00:00,12.448,12.448,12.428,12.428,26344,0
2017-10-13,22:00:00,12.428,12.428,12.428,12.428,301,0
2017-10-16,17:00:00,12.318,12.318,12.298,12.298,1628,0
2017-10-16,18:00:00,12.298,12.345,12.288,12.288,14381,0
2017-10-16,20:00:00,12.248,12.248,12.248,12.248,100,0
2017-10-16,21:00:00,12.258,12.258,12.258,12.258,3301,0
2017-10-16,22:00:00,12.258,12.258,12.258,12.258,6717,0
2017-10-17,21:00:00,12.168,12.193,12.168,12.169,1002,0
2017-10-17,22:00:00,12.218,12.218,12.218,12.218,2004,0
2017-10-18,16:00:00,12.178,12.308,12.178,12.308,2044,0
2017-10-18,17:00:00,12.213,12.213,12.213,12.213,100,0
2017-10-18,19:00:00,12.208,12.208,12.208,12.208,200,0
2017-10-18,20:00:00,12.188,12.198,12.188,12.198,596,0
2017-10-18,21:00:00,12.208,12.238,12.208,12.238,1102,0
2017-10-18,22:00:00,12.238,12.238,12.218,12.218,401,0
2017-10-19,22:00:00,12.128,12.128,12.128,12.128,100,0
2017-10-20,17:00:00,12.148,12.148,12.138,12.138,726,0
2017-10-20,18:00:00,12.138,12.138,12.138,12.138,635,0
2017-10-20,19:00:00,12.128,12.128,12.128,12.128,137,0
2017-10-20,20:00:00,12.178,12.178,12.178,12.178,1002,0
2017-10-23,16:00:00,12.078,12.078,12.058,12.058,1192,0
2017-10-23,17:00:00,12.058,12.058,11.998,11.998,3108,0
2017-10-23,21:00:00,11.929,11.929,11.929,11.929,501,0
2017-10-23,22:00:00,11.899,11.908,11.899,11.899,1603,0
2017-10-24,17:00:00,11.849,11.849,11.809,11.819,2404,0
2017-10-24,20:00:00,11.839,11.839,11.839,11.839,2219,0
2017-10-24,22:00:00,11.879,11.879,11.879,11.879,5023,0
2017-10-25,16:00:00,11.939,11.949,11.889,11.889,1337,0
2017-10-25,17:00:00,11.909,11.909,11.909,11.909,100,0
2017-10-25,18:00:00,11.819,11.819,11.819,11.819,272,0
2017-10-25,22:00:00,11.849,11.849,11.839,11.839,711,0
2017-10-26,16:00:00,11.859,11.859,11.859,11.859,100,0
2017-10-26,19:00:00,11.869,11.869,11.869,11.869,100,0
2017-10-26,22:00:00,11.739,11.739,11.739,11.739,200,0
2017-10-27,16:00:00,11.699,11.709,11.689,11.709,801,0
2017-10-27,17:00:00,11.689,11.899,11.689,11.719,301,0
2017-10-27,18:00:00,11.709,11.729,11.709,11.729,301,0
2017-10-27,19:00:00,11.729,11.739,11.729,11.739,200,0
2017-10-27,20:00:00,11.739,11.849,11.739,11.849,301,0
2017-10-30,15:00:00,11.769,11.769,11.769,11.769,100,0
2017-10-30,18:00:00,11.713,11.879,11.689,11.699,5066,0
2017-10-30,19:00:00,11.709,11.709,11.689,11.689,1102,0
2017-10-30,20:00:00,11.609,11.609,11.589,11.609,401,0
2017-10-30,21:00:00,11.599,11.769,11.579,11.579,4188,0
2017-10-31,15:00:00,11.639,11.639,11.639,11.639,100,0
2017-10-31,16:00:00,11.539,11.539,11.539,11.539,100,0
2017-10-31,17:00:00,11.549,11.619,11.549,11.589,3711,0
2017-10-31,18:00:00,11.589,11.589,11.559,11.559,789,0
2017-10-31,19:00:00,11.559,11.619,11.559,11.619,301,0
2017-10-31,20:00:00,11.599,11.639,11.599,11.639,200,0
2017-10-31,21:00:00,11.619,11.619,11.567,11.619,601,0
2017-11-01,15:00:00,11.589,11.589,11.589,11.589,641,0
2017-11-01,16:00:00,11.589,11.629,11.589,11.629,601,0
2017-11-01,17:00:00,11.629,11.629,11.629,11.629,301,0
2017-11-01,18:00:00,11.598,11.599,11.586,11.599,2064,0
2017-11-01,19:00:00,11.599,11.629,11.544,11.544,1893,0
2017-11-01,20:00:00,11.549,11.569,11.429,11.569,902,0
2017-11-01,21:00:00,11.569,11.569,11.52,11.52,1703,0
2017-11-02,15:00:00,11.489,11.489,11.489,11.489,200,0
2017-11-02,16:00:00,11.439,11.469,11.419,11.444,20446,0
2017-11-02,17:00:00,11.439,11.449,11.38,11.449,801,0
2017-11-02,18:00:00,11.419,11.419,11.399,11.409,801,0
2017-11-02,19:00:00,11.419,11.419,11.34,11.34,1002,0
2017-11-02,20:00:00,11.399,11.409,11.39,11.39,701,0
2017-11-02,21:00:00,11.404,11.469,11.404,11.429,2104,0
2017-11-03,15:00:00,11.469,11.469,11.469,11.469,100,0
2017-11-03,16:00:00,11.381,11.439,11.26,11.27,1145,0
2017-11-03,17:00:00,11.34,11.37,11.33,11.33,846,0
2017-11-03,18:00:00,11.31,11.36,11.31,11.36,601,0
2017-11-03,20:00:00,11.309,11.37,11.309,11.37,401,0
2017-11-03,21:00:00,11.364,11.37,11.3,11.37,1302,0
2017-11-06,16:00:00,11.39,11.39,11.39,11.39,100,0
2017-11-06,17:00:00,11.469,11.469,11.469,11.469,200,0
2017-11-06,19:00:00,11.459,11.509,11.449,11.509,2805,0
2017-11-06,20:00:00,11.488,11.509,11.479,11.509,2124,0
2017-11-06,21:00:00,11.569,11.569,11.479,11.479,6812,0
2017-11-06,22:00:00,11.54,11.569,11.534,11.569,4428,0
2017-11-07,16:00:00,11.539,11.539,11.479,11.479,349,0
2017-11-07,17:00:00,11.439,11.439,11.439,11.439,1903,0
2017-11-07,21:00:00,11.335,11.519,11.335,11.37,1803,0
2017-11-07,22:00:00,11.37,11.38,11.333,11.38,1387,0
2017-11-08,16:00:00,11.439,11.449,11.439,11.439,2012,0
2017-11-08,17:00:00,11.429,11.539,11.39,11.39,9602,0
2017-11-08,18:00:00,11.429,11.449,11.419,11.449,301,0
2017-11-08,19:00:00,11.439,11.439,11.439,11.439,301,0
2017-11-08,20:00:00,11.439,11.439,11.429,11.429,1903,0
2017-11-08,21:00:00,11.439,11.499,11.439,11.499,200,0
2017-11-08,22:00:00,11.569,11.569,11.569,11.569,208,0
2017-11-09,16:00:00,11.409,11.409,11.409,11.409,100,0
2017-11-09,17:00:00,11.439,11.439,11.429,11.429,301,0
2017-11-09,18:00:00,11.429,11.469,11.429,11.469,2701,0
2017-11-09,19:00:00,11.439,11.439,11.39,11.409,2705,0
2017-11-09,20:00:00,11.409,11.439,11.409,11.439,1002,0
2017-11-09,21:00:00,11.419,11.439,11.419,11.439,301,0
2017-11-09,22:00:00,11.419,11.439,11.419,11.439,601,0
2017-11-10,16:00:00,11.35,11.35,11.35,11.35,148,0
2017-11-10,18:00:00,11.3,11.3,11.29,11.29,1403,0
2017-11-10,19:00:00,11.25,11.32,11.25,11.32,3002,0
2017-11-10,20:00:00,11.28,11.28,11.28,11.28,301,0
2017-11-10,21:00:00,11.28,11.29,11.271,11.29,1403,0
2017-11-10,22:00:00,11.25,11.25,11.19,11.19,1102,0
2017-11-13,16:00:00,11.2,11.2,11.174,11.174,293,0
2017-11-13,18:00:00,11.209,11.209,11.209,11.209,200,0
2017-11-13,19:00:00,11.2,11.2,11.19,11.19,200,0
2017-11-13,20:00:00,11.153,11.17,11.15,11.16,1387,0
2017-11-13,21:00:00,11.21,11.22,11.205,11.205,316,0
2017-11-14,17:00:00,11.16,11.16,11.11,11.11,2605,0
2017-11-14,18:00:00,11.111,11.12,11.1,11.1,1216,0
2017-11-14,19:00:00,11.07,11.07,11.07,11.07,200,0
2017-11-14,20:00:00,11.05,11.06,11.05,11.06,200,0
2017-11-14,22:00:00,11.02,11.02,11.01,11.01,1105,0
2017-11-15,16:00:00,10.97,10.97,10.97,10.97,200,0
2017-11-15,17:00:00,10.841,10.841,10.841,10.841,200,0
2017-11-15,18:00:00,10.98,11.01,10.86,11,3904,0
2017-11-15,19:00:00,10.97,11,10.97,11,501,0
2017-11-15,20:00:00,11.02,11.02,11.02,11.02,100,0
2017-11-15,21:00:00,11,11,11,11,200,0
2017-11-15,22:00:00,11.01,11.01,11.01,11.01,100,0
2017-11-16,16:00:00,11.21,11.21,11.21,11.21,100,0
2017-11-16,17:00:00,11.18,11.18,11.16,11.16,801,0
2017-11-16,18:00:00,11.19,11.19,11.18,11.18,601,0
2017-11-16,19:00:00,11.203,11.203,11.18,11.19,701,0
2017-11-16,22:00:00,11.219,11.24,11.21,11.24,1603,0
2017-11-17,18:00:00,11.27,11.27,11.27,11.27,301,0
2017-11-17,22:00:00,11.35,11.35,11.35,11.35,100,0
2017-11-20,17:00:00,11.257,11.26,11.257,11.26,401,0
2017-11-20,18:00:00,11.308,11.308,11.308,11.308,100,0
2017-11-20,21:00:00,11.31,11.396,11.3,11.396,4927,0
2017-11-20,22:00:00,11.39,11.419,11.39,11.419,902,0
2017-11-21,16:00:00,11.439,11.479,11.439,11.479,2050,0
2017-11-21,17:00:00,11.469,11.479,11.464,11.479,1803,0
2017-11-21,18:00:00,11.479,11.544,11.479,11.526,4508,0
2017-11-21,19:00:00,11.549,11.549,11.539,11.539,601,0
2017-11-21,20:00:00,11.549,11.549,11.509,11.509,501,0
2017-11-21,21:00:00,11.519,11.519,11.479,11.479,499,0
2017-11-21,22:00:00,11.509,11.509,11.489,11.489,200,0
2017-11-22,16:00:00,11.529,11.529,11.529,11.529,240,0
2017-11-22,18:00:00,11.569,11.569,11.549,11.559,501,0
2017-11-22,19:00:00,11.559,11.569,11.559,11.569,535,0
2017-11-22,21:00:00,11.569,11.599,11.569,11.599,801,0
2017-11-22,22:00:00,11.709,11.889,11.609,11.609,5114,0
2017-11-24,16:00:00,11.529,11.529,11.529,11.529,541,0
2017-11-24,17:00:00,11.519,11.539,11.509,11.539,1102,0
2017-11-24,18:00:00,11.519,11.519,11.519,11.519,100,0
2017-11-27,16:00:00,11.479,11.479,11.479,11.479,141,0
2017-11-27,17:00:00,11.409,11.409,11.38,11.38,513,0
2017-11-27,18:00:00,11.39,11.39,11.37,11.37,701,0
2017-11-27,19:00:00,11.37,11.38,11.37,11.37,301,0
2017-11-27,20:00:00,11.39,11.399,11.355,11.395,2406,0
2017-11-28,17:00:00,11.409,11.409,11.38,11.399,1693,0
2017-11-28,18:00:00,11.399,11.439,11.399,11.434,10775,0
2017-11-28,19:00:00,11.439,11.449,11.429,11.449,4113,0
2017-11-28,20:00:00,11.449,11.449,11.444,11.449,2004,0
2017-11-28,21:00:00,11.449,11.449,11.42,11.439,4007,0
2017-11-28,22:00:00,11.469,11.469,11.429,11.429,3406,0
2017-11-29,16:00:00,11.35,11.35,11.35,11.35,190,0
2017-11-29,17:00:00,11.26,11.33,11.25,11.33,2204,0
2017-11-29,18:00:00,11.35,11.35,11.31,11.31,601,0
2017-11-29,19:00:00,11.29,11.32,11.28,11.28,504,0
2017-11-29,20:00:00,11.26,11.26,11.26,11.26,200,0
2017-11-29,21:00:00,11.26,11.26,11.26,11.26,711,0
2017-11-30,16:00:00,11.19,11.196,11.19,11.196,1342,0
2017-11-30,17:00:00,11.16,11.16,11.12,11.13,1603,0
2017-11-30,18:00:00,11.09,11.14,11.09,11.14,6518,0
2017-11-30,19:00:00,11.08,11.08,11.05,11.05,401,0
2017-11-30,20:00:00,11.03,11.03,10.97,10.971,3258,0
2017-11-30,21:00:00,10.98,11.06,10.98,11.06,6385,0
2017-11-30,22:00:00,11.06,11.1,11.04,11.06,2706,0
2017-12-01,18:00:00,11.1,11.1,11.1,11.1,100,0
2017-12-01,19:00:00,11.08,11.08,10.98,11.07,12541,0
2017-12-01,20:00:00,11.07,11.11,11.07,11.11,301,0
2017-12-01,21:00:00,11.1,11.13,11.1,11.11,401,0
2017-12-01,22:00:00,11.09,11.126,11.08,11.08,902,0
2017-12-04,17:00:00,11.21,11.22,11.18,11.19,2288,0
2017-12-04,18:00:00,11.27,11.28,11.225,11.28,601,0
2017-12-04,19:00:00,11.28,11.28,11.2,11.26,1024,0
2017-12-04,21:00:00,11.18,11.24,11.18,11.22,737,0
2017-12-04,22:00:00,11.21,11.26,11.13,11.26,2605,0
2017-12-05,18:00:00,11.23,11.23,11.15,11.158,801,0
2017-12-05,19:00:00,11.17,11.18,11.17,11.18,301,0
2017-12-05,20:00:00,11.14,11.17,11.14,11.17,902,0
2017-12-05,21:00:00,11.18,11.18,11.08,11.08,501,0
2017-12-06,17:00:00,11.06,11.06,11,11.01,801,0
2017-12-06,18:00:00,11.02,11.02,11.01,11.02,801,0
2017-12-06,20:00:00,11.05,11.05,11.05,11.05,200,0
2017-12-06,21:00:00,11.07,11.15,11.07,11.15,601,0
2017-12-06,22:00:00,11.14,11.14,11.14,11.14,200,0
2017-12-07,16:00:00,10.87,10.87,10.801,10.86,2888,0
2017-12-07,17:00:00,10.87,10.87,10.869,10.87,1770,0
2017-12-07,18:00:00,10.95,10.95,10.91,10.91,1330,0
2017-12-07,19:00:00,10.913,10.95,10.913,10.95,590,0
2017-12-07,20:00:00,10.95,10.952,10.95,10.952,1002,0
2017-12-07,21:00:00,10.99,10.99,10.95,10.95,200,0
2017-12-07,22:00:00,10.95,10.96,10.95,10.96,301,0
2017-12-08,16:00:00,11.1,11.1,11.1,11.1,100,0
2017-12-08,18:00:00,10.995,10.995,10.995,10.995,501,0
2017-12-08,19:00:00,10.992,10.999,10.99,10.99,501,0
2017-12-08,21:00:00,10.98,10.98,10.97,10.97,551,0
2017-12-08,22:00:00,10.96,10.96,10.96,10.96,100,0
2017-12-11,16:00:00,11.02,11.02,11.02,11.02,150,0
2017-12-11,17:00:00,11.031,11.04,11.031,11.04,401,0
2017-12-11,20:00:00,11.03,11.03,10.991,10.991,401,0
2017-12-11,22:00:00,11.005,11.005,11.005,11.005,121,0
2017-12-12,16:00:00,10.92,10.92,10.92,10.92,100,0
2017-12-12,17:00:00,10.92,10.92,10.92,10.92,302,0
2017-12-12,18:00:00,10.93,10.931,10.93,10.931,600,0
2017-12-12,19:00:00,10.943,10.943,10.943,10.943,144,0
2017-12-12,20:00:00,10.941,10.941,10.941,10.941,401,0
2017-12-12,21:00:00,10.931,10.99,10.931,10.99,3611,0
2017-12-12,22:00:00,11.13,11.13,11.12,11.12,301,0
2017-12-13,16:00:00,11.14,11.14,11.14,11.14,792,0
2017-12-13,19:00:00,11.12,11.12,11.09,11.09,701,0
2017-12-13,20:00:00,11.09,11.1,11.08,11.08,2603,0
2017-12-13,21:00:00,11.05,11.05,10.99,10.99,902,0
2017-12-13,22:00:00,11.07,11.07,11.07,11.07,200,0
2017-12-14,16:00:00,11.03,11.03,11.03,11.03,2020,0
2017-12-14,17:00:00,11,11.079,11,11.079,4710,0
2017-12-14,18:00:00,11.06,11.06,10.98,10.98,3306,0
2017-12-14,19:00:00,10.98,10.98,10.98,10.98,100,0
2017-12-14,21:00:00,10.971,10.98,10.97,10.97,2230,0
2017-12-14,22:00:00,10.98,10.98,10.98,10.98,301,0
2017-12-15,16:00:00,11,11,10.96,10.96,4409,0
2017-12-15,17:00:00,10.949,10.98,10.949,10.97,2246,0
2017-12-15,21:00:00,10.98,10.98,10.977,10.98,4422,0
2017-12-18,16:00:00,10.98,11.25,10.98,11.142,10382,0
2017-12-18,17:00:00,11.176,11.2,11.142,11.18,8518,0
2017-12-18,18:00:00,11.2,11.213,11.2,11.213,5347,0
2017-12-18,19:00:00,11.233,11.233,11.22,11.22,420,0
2017-12-18,20:00:00,11.242,11.27,11.2,11.27,3113,0
2017-12-18,21:00:00,11.31,11.31,11.25,11.25,2504,0
2017-12-18,22:00:00,11.26,11.27,11.212,11.26,5510,0
2017-12-19,16:00:00,11.2,11.2,11.2,11.2,140,0
2017-12-19,17:00:00,11.14,11.14,11.12,11.12,200,0
2017-12-19,18:00:00,11.11,11.11,11.11,11.11,1202,0
2017-12-19,20:00:00,11.115,11.115,11.115,11.115,200,0
2017-12-19,21:00:00,11.14,11.146,11.14,11.146,851,0
2017-12-20,17:00:00,11.16,11.16,11.16,11.16,200,0
2017-12-20,18:00:00,11.17,11.17,11.09,11.09,2004,0
2017-12-20,19:00:00,11.18,11.18,11.18,11.18,100,0
2017-12-20,20:00:00,11.17,11.17,11.17,11.17,200,0
2017-12-20,21:00:00,11.17,11.17,11.12,11.14,2705,0
2017-12-20,22:00:00,11.13,11.13,11.08,11.12,7614,0
2017-12-21,17:00:00,11.15,11.17,11.12,11.16,2461,0
2017-12-21,18:00:00,11.16,11.17,11.16,11.17,700,0
2017-12-21,19:00:00,11.1842,11.2,11.18,11.19,3101,0
2017-12-21,20:00:00,11.13,11.16,11.13,11.16,6922,0
2017-12-21,21:00:00,11.189,11.189,11.189,11.189,900,0
2017-12-21,22:00:00,11.15,11.15,11.15,11.15,200,0
2017-12-22,16:00:00,11.12,11.2,11.12,11.2,1048,0
2017-12-22,17:00:00,11.18,11.18,11.18,11.18,200,0
2017-12-22,18:00:00,11.16,11.16,11.14,11.15,1200,0
2017-12-22,19:00:00,11.1665,11.1665,11.1665,11.1665,1000,0
2017-12-22,20:00:00,11.167,11.167,11.15,11.15,250,0
2017-12-22,21:00:00,11.16,11.16,11.1599,11.1599,600,0
2017-12-22,22:00:00,11.16,11.19,11.16,11.19,1400,0
2017-12-26,16:00:00,11.19,11.25,11.19,11.25,2203,0
2017-12-26,17:00:00,11.16,11.16,11.16,11.16,300,0
2017-12-26,18:00:00,11.2,11.2,11.2,11.2,100,0
2017-12-26,19:00:00,11.21,11.21,11.2,11.2,700,0
2017-12-26,20:00:00,11.22,11.22,11.22,11.22,1754,0
2017-12-26,21:00:00,11.19,11.19,11.19,11.19,100,0
2017-12-26,22:00:00,11.2,11.25,11.19,11.19,2050,0
2017-12-27,16:00:00,11.29,11.35,11.25,11.3127,1945,0
2017-12-27,17:00:00,11.29,11.3099,11.2893,11.3094,2884,0
2017-12-27,18:00:00,11.3,11.3,11.3,11.3,400,0
2017-12-27,20:00:00,11.29,11.29,11.29,11.29,400,0
2017-12-27,21:00:00,11.2703,11.29,11.2703,11.29,1115,0
2017-12-27,22:00:00,11.275,11.29,11.275,11.29,3500,0
2017-12-28,16:00:00,11.38,11.38,11.38,11.38,100,0
2017-12-28,17:00:00,11.37,11.38,11.37,11.38,305,0
2017-12-28,18:00:00,11.37,11.3735,11.37,11.3735,300,0
2017-12-28,20:00:00,11.39,11.39,11.39,11.39,206,0
2017-12-28,21:00:00,11.37,11.37,11.37,11.37,204,0
2017-12-28,22:00:00,11.37,11.37,11.37,11.37,400,0
2017-12-29,16:00:00,11.33,11.45,11.33,11.45,300,0
2017-12-29,17:00:00,11.37,11.48,11.37,11.48,500,0
2017-12-29,18:00:00,11.52,11.52,11.5,11.52,852,0
2017-12-29,19:00:00,11.5086,11.5086,11.5086,11.5086,600,0
2017-12-29,20:00:00,11.52,11.52,11.5199,11.5199,200,0
2017-12-29,21:00:00,11.5199,11.5199,11.5199,11.5199,100,0
2017-12-29,22:00:00,11.4854,11.4854,11.4854,11.4854,200,0
2018-01-02,16:00:00,11.63,11.73,11.63,11.641,2208,0
2018-01-02,17:00:00,11.69,11.69,11.69,11.69,1164,0
2018-01-02,18:00:00,11.7,11.74,11.7,11.74,800,0
2018-01-02,19:00:00,11.75,11.75,11.75,11.75,200,0
2018-01-02,20:00:00,11.721,11.79,11.72,11.79,3300,0
2018-01-02,21:00:00,11.765,11.765,11.765,11.765,100,0
2018-01-02,22:00:00,11.76,11.77,11.75,11.77,1400,0
2018-01-03,16:00:00,11.81,11.89,11.81,11.89,930,0
2018-01-03,18:00:00,11.83,11.83,11.82,11.82,200,0
2018-01-03,21:00:00,11.9099,11.9099,11.88,11.88,800,0
2018-01-03,22:00:00,11.89,11.89,11.83,11.83,1050,0
2018-01-04,16:00:00,11.965,11.965,11.965,11.965,100,0
2018-01-04,17:00:00,12,12,11.998,11.998,572,0
2018-01-04,18:00:00,11.97,11.98,11.96,11.96,700,0
2018-01-04,19:00:00,11.9601,11.97,11.9601,11.97,1100,0
2018-01-04,20:00:00,11.95,11.95,11.8901,11.8901,1100,0
2018-01-04,21:00:00,11.8901,11.94,11.89,11.8903,4053,0
2018-01-04,22:00:00,11.91,11.91,11.91,11.91,100,0
2018-01-05,17:00:00,11.95,11.96,11.95,11.96,2000,0
2018-01-05,19:00:00,11.9413,11.9413,11.9413,11.9413,111,0
2018-01-08,16:00:00,12.0151,12.0151,11.9698,11.9698,1100,0
2018-01-08,17:00:00,12.03,12.03,12.03,12.03,300,0
2018-01-08,19:00:00,11.9999,11.9999,11.9999,11.9999,335,0
2018-01-09,16:00:00,11.98,11.98,11.95,11.95,700,0
2018-01-09,17:00:00,11.9386,11.94,11.9386,11.94,1400,0
2018-01-09,18:00:00,11.93,11.96,11.93,11.93,907,0
2018-01-09,19:00:00,11.92,11.93,11.92,11.93,300,0
2018-01-09,20:00:00,11.9399,11.9399,11.9399,11.9399,100,0
2018-01-09,21:00:00,11.9307,11.94,11.93,11.94,900,0
2018-01-09,22:00:00,11.94,11.97,11.94,11.9602,3600,0
2018-01-10,16:00:00,11.81,11.85,11.81,11.84,3208,0
2018-01-10,17:00:00,11.83,11.83,11.83,11.83,200,0
2018-01-10,20:00:00,11.85,11.85,11.85,11.85,200,0
2018-01-10,22:00:00,11.84,11.8684,11.84,11.8684,722,0
2018-01-11,17:00:00,11.84,11.84,11.84,11.84,108,0
2018-01-11,18:00:00,11.89,11.89,11.8795,11.8795,221,0
2018-01-11,19:00:00,11.8865,11.89,11.8865,11.89,200,0
2018-01-11,22:00:00,11.94,11.99,11.86,11.99,14217,0
2018-01-12,16:00:00,11.99,11.99,11.99,11.99,934,0
2018-01-12,17:00:00,12.08,12.09,12.08,12.09,200,0
2018-01-12,18:00:00,12.1,12.1,12.1,12.1,100,0
2018-01-12,20:00:00,12.08,12.08,12.07,12.0799,620,0
2018-01-12,21:00:00,12.1,12.1199,12.1,12.1199,200,0
2018-01-16,17:00:00,12.19,12.28,12.19,12.2,4831,0
2018-01-16,18:00:00,12.1901,12.1901,12.1901,12.1901,100,0
2018-01-16,19:00:00,12.21,12.21,12.19,12.2,850,0
2018-01-16,21:00:00,12.19,12.19,12.19,12.19,1520,0
2018-01-16,22:00:00,12.19,12.23,12.19,12.23,400,0
2018-01-17,18:00:00,12.2987,12.3,12.2987,12.3,556,0
2018-01-17,20:00:00,12.38,12.38,12.38,12.38,100,0
2018-01-17,21:00:00,12.4099,12.4099,12.4099,12.4099,100,0
2018-01-17,22:00:00,12.39,12.4099,12.37,12.37,1707,0
2018-01-18,18:00:00,12.39,12.425,12.39,12.425,2176,0
2018-01-18,19:00:00,12.41,12.43,12.41,12.43,600,0
2018-01-18,20:00:00,12.4099,12.4379,12.4,12.4379,500,0
2018-01-18,21:00:00,12.42,12.45,12.42,12.45,2692,0
2018-01-18,22:00:00,12.45,12.45,12.42,12.42,300,0
2018-01-19,17:00:00,12.41,12.41,12.4,12.4,700,0
2018-01-19,18:00:00,12.4,12.42,12.4,12.41,1300,0
2018-01-19,19:00:00,12.4,12.42,12.3606,12.42,2379,0
2018-01-19,22:00:00,12.423,12.45,12.423,12.45,500,0
2018-01-22,16:00:00,12.4,12.4,12.4,12.4,120,0
2018-01-22,17:00:00,12.4152,12.45,12.4152,12.44,2688,0
2018-01-22,18:00:00,12.45,12.45,12.441,12.45,312,0
2018-01-22,19:00:00,12.45,12.5,12.45,12.5,809,0
2018-01-22,20:00:00,12.49,12.53,12.48,12.53,400,0
2018-01-22,21:00:00,12.49,12.49,12.47,12.49,1500,0
2018-01-22,22:00:00,12.51,12.53,12.51,12.53,349,0
2018-01-23,17:00:00,12.3565,12.36,12.3565,12.36,1315,0
2018-01-23,18:00:00,12.4029,12.41,12.4,12.4,2229,0
2018-01-23,19:00:00,12.41,12.43,12.41,12.41,1800,0
2018-01-23,20:00:00,12.41,12.41,12.38,12.39,804,0
2018-01-23,21:00:00,12.39,12.42,12.38,12.38,1100,0
2018-01-23,22:00:00,12.38,12.4,12.3799,12.4,400,0
2018-01-24,16:00:00,12.66,12.66,12.6,12.6,700,0
2018-01-24,17:00:00,12.52,12.74,12.51,12.63,2300,0
2018-01-24,18:00:00,12.6999,12.7,12.61,12.62,1800,0
2018-01-24,19:00:00,12.66,12.6629,12.6317,12.6317,2300,0
2018-01-24,20:00:00,12.685,12.96,12.685,12.96,2356,0
2018-01-24,21:00:00,12.85,12.9,12.85,12.9,1000,0
2018-01-24,22:00:00,12.9,12.9,12.86,12.86,460,0
2018-01-25,16:00:00,12.87,12.9,12.87,12.87,2240,0
2018-01-25,18:00:00,13.0677,13.11,13.0677,13.11,400,0
2018-01-25,19:00:00,13.2,13.2,13.2,13.2,100,0
2018-01-25,21:00:00,13.1101,13.13,13.1,13.1,2904,0
2018-01-25,22:00:00,13.09,13.09,12.89,12.98,1131,0
2018-01-26,17:00:00,13.05,13.0799,13.03,13.03,1201,0
2018-01-26,18:00:00,13.02,13.02,13.02,13.02,196,0
2018-01-26,20:00:00,13.05,13.11,13.0434,13.1,2900,0
2018-01-26,21:00:00,13.11,13.14,13.0981,13.14,1536,0
2018-01-26,22:00:00,13.18,13.18,13.18,13.18,200,0
2018-01-29,18:00:00,13.03,13.03,13.02,13.02,450,0
2018-01-29,19:00:00,13.0361,13.0361,13.0266,13.03,1581,0
2018-01-29,20:00:00,13.02,13.02,13.02,13.02,200,0
2018-01-29,21:00:00,13.0101,13.0799,13.0101,13.0799,4533,0
2018-01-29,22:00:00,13.09,13.1,13.09,13.1,7707,0
2018-01-30,16:00:00,13.09,13.1,13.09,13.1,6222,0
2018-01-30,17:00:00,12.95,12.95,12.94,12.94,200,0
2018-01-30,18:00:00,12.92,12.93,12.91,12.91,4117,0
2018-01-30,19:00:00,12.9501,12.9501,12.95,12.95,900,0
2018-01-30,20:00:00,12.94,12.94,12.94,12.94,1002,0
2018-01-30,21:00:00,12.95,12.99,12.9431,12.99,935,0
2018-01-30,22:00:00,13.08,13.08,13.08,13.08,100,0
2018-01-31,17:00:00,13.24,13.24,13.13,13.13,300,0
2018-01-31,19:00:00,13.11,13.11,13.11,13.11,1000,0
2018-01-31,20:00:00,13.1152,13.1152,13.1152,13.1152,100,0
2018-01-31,21:00:00,13.1149,13.18,13.11,13.11,2121,0
2018-01-31,22:00:00,13.09,13.09,13.09,13.09,300,0
2018-02-01,16:00:00,13.06,13.06,13.06,13.06,200,0
2018-02-01,17:00:00,13.11,13.15,13.01,13.15,3752,0
2018-02-01,18:00:00,13.14,13.14,13.12,13.12,200,0
2018-02-01,19:00:00,13.24,13.25,13.24,13.25,600,0
2018-02-01,20:00:00,13.24,13.24,13.23,13.23,800,0
2018-02-01,21:00:00,13.23,13.23,13.2,13.2,1200,0
2018-02-01,22:00:00,13.2,13.2,13.18,13.18,200,0
2018-02-02,19:00:00,12.7999,12.7999,12.7999,12.7999,800,0
2018-02-02,21:00:00,12.77,12.77,12.77,12.77,200,0
2018-02-02,22:00:00,12.7735,12.7735,12.7735,12.7735,300,0
2018-02-05,16:00:00,12.72,12.72,12.62,12.63,562,0
2018-02-05,18:00:00,12.69,12.77,12.69,12.77,1400,0
2018-02-05,19:00:00,12.77,12.77,12.73,12.73,300,0
2018-02-05,21:00:00,12.6272,12.68,12.53,12.53,9001,0
2018-02-05,22:00:00,12.51,12.51,12.2946,12.2946,2050,0
2018-02-06,17:00:00,12.53,12.53,12.3457,12.3457,450,0
2018-02-06,18:00:00,12.48,12.48,12.48,12.48,100,0
2018-02-06,19:00:00,12.49,12.76,12.49,12.76,2884,0
2018-02-06,20:00:00,12.64,12.64,12.26,12.4,856,0
2018-02-06,21:00:00,12.59,12.59,12.56,12.56,200,0
2018-02-06,22:00:00,12.6,12.6,12.4984,12.56,1100,0
2018-02-07,17:00:00,12.57,12.57,12.57,12.57,100,0
2018-02-07,18:00:00,12.5412,12.5412,12.5412,12.5412,154,0
2018-02-07,19:00:00,12.539,12.55,12.535,12.55,1916,0
2018-02-07,20:00:00,12.55,12.55,12.48,12.48,5084,0
2018-02-07,21:00:00,12.47,12.48,12.47,12.47,500,0
2018-02-07,22:00:00,12.49,12.49,12.33,12.33,1500,0
2018-02-08,16:00:00,12.53,12.53,12.48,12.48,4398,0
2018-02-08,17:00:00,12.39,12.44,12.3,12.31,5594,0
2018-02-08,18:00:00,12.271,12.279,12.21,12.21,5860,0
2018-02-08,19:00:00,12.19,12.2,12.17,12.19,2300,0
2018-02-08,20:00:00,12.14,12.23,12.14,12.23,400,0
2018-02-08,21:00:00,12.28,12.28,12.2,12.2,200,0
2018-02-08,22:00:00,12.14,12.14,12.02,12.02,200,0
2018-02-09,16:00:00,12.24,12.24,12.24,12.24,100,0
2018-02-09,17:00:00,12.17,12.17,12.17,12.17,100,0
2018-02-09,18:00:00,12.04,12.09,12.04,12.04,3885,0
2018-02-09,19:00:00,11.99,11.99,11.93,11.93,1537,0
2018-02-09,20:00:00,11.94,11.94,11.89,11.9,1286,0
2018-02-09,21:00:00,11.9,11.99,11.899,11.96,2600,0
2018-02-09,22:00:00,11.93,11.99,11.79,11.9471,1200,0
2018-02-12,16:00:00,12.025,12.03,12.025,12.025,1500,0
2018-02-12,17:00:00,12.0401,12.05,11.93,11.94,12700,0
2018-02-12,18:00:00,11.93,11.98,11.93,11.965,400,0
2018-02-12,19:00:00,11.96,11.975,11.92,11.975,2502,0
2018-02-12,20:00:00,11.93,12.02,11.92,11.94,12260,0
2018-02-12,21:00:00,11.94,12.04,11.94,12.04,3900,0
2018-02-12,22:00:00,12.07,12.07,12.07,12.07,100,0
2018-02-13,19:00:00,12.06,12.06,12.06,12.06,100,0
2018-02-13,20:00:00,11.989,11.989,11.98,11.98,2000,0
2018-02-13,21:00:00,12,12,12,12,1823,0
2018-02-14,19:00:00,12.1288,12.1399,12.1288,12.1399,900,0
2018-02-14,20:00:00,12.1399,12.21,12.139,12.21,5400,0
2018-02-14,21:00:00,12.22,12.37,12.2158,12.35,3700,0
2018-02-14,22:00:00,12.36,12.36,12.2772,12.2772,3520,0
2018-02-15,16:00:00,12.5,12.5,12.3848,12.3848,509,0
2018-02-15,20:00:00,12.5,12.5,12.5,12.5,116,0
2018-02-15,21:00:00,12.48,12.48,12.4605,12.47,2001,0
2018-02-15,22:00:00,12.475,12.48,12.47,12.47,520,0
2018-02-16,19:00:00,12.45,12.45,12.45,12.45,200,0
2018-02-16,20:00:00,12.45,12.45,12.3101,12.41,2300,0
2018-02-16,21:00:00,12.41,12.4499,12.41,12.4499,1000,0
2018-02-16,22:00:00,12.45,12.45,12.45,12.45,900,0
2018-02-20,16:00:00,12.39,12.39,12.39,12.39,1050,0
2018-02-20,17:00:00,12.39,12.4,12.39,12.4,500,0
2018-02-20,18:00:00,12.4,12.41,12.4,12.41,400,0
2018-02-20,19:00:00,12.43,12.45,12.43,12.45,300,0
2018-02-20,20:00:00,12.4311,12.45,12.43,12.45,749,0
2018-02-20,21:00:00,12.44,12.44,12.44,12.44,1000,0
2018-02-20,22:00:00,12.43,12.48,12.42,12.4512,4885,0
2018-02-21,16:00:00,12.48,12.5,12.48,12.48,2404,0
2018-02-21,17:00:00,12.64,12.64,12.5,12.54,600,0
2018-02-21,18:00:00,12.54,12.54,12.54,12.54,300,0
2018-02-21,19:00:00,12.535,12.535,12.535,12.535,100,0
2018-02-21,21:00:00,12.579,12.579,12.5501,12.5601,5300,0
2018-02-21,22:00:00,12.57,12.57,12.56,12.56,1400,0
2018-02-22,16:00:00,12.58,12.58,12.45,12.45,300,0
2018-02-22,17:00:00,12.56,12.57,12.5,12.56,600,0
2018-02-22,18:00:00,12.58,12.59,12.56,12.58,4913,0
2018-02-22,19:00:00,12.59,12.68,12.59,12.675,3235,0
2018-02-22,20:00:00,12.665,12.665,12.59,12.63,1700,0
2018-02-22,21:00:00,12.74,12.76,12.74,12.76,300,0
2018-02-22,22:00:00,12.75,12.79,12.74,12.79,400,0
2018-02-23,16:00:00,12.74,12.74,12.7299,12.7299,2928,0
2018-02-23,17:00:00,12.7,12.7,12.7,12.7,300,0
2018-02-23,18:00:00,12.68,12.69,12.68,12.69,492,0
2018-02-23,21:00:00,12.7399,12.78,12.7399,12.78,2158,0
2018-02-23,22:00:00,12.77,12.78,12.71,12.71,3125,0
2018-02-26,17:00:00,12.728,12.752,12.728,12.752,500,0
2018-02-26,19:00:00,12.7349,12.77,12.69,12.77,3400,0
2018-02-26,20:00:00,12.77,12.78,12.77,12.78,500,0
2018-02-26,21:00:00,12.78,12.78,12.78,12.78,100,0
2018-02-26,22:00:00,12.79,12.79,12.79,12.79,300,0
2018-02-27,18:00:00,12.639,12.639,12.639,12.639,100,0
2018-02-27,19:00:00,12.655,12.655,12.655,12.655,100,0
2018-02-27,22:00:00,12.59,12.59,12.59,12.59,200,0
2018-02-28,17:00:00,12.48,12.48,12.46,12.46,300,0
2018-02-28,18:00:00,12.46,12.75,12.46,12.58,1200,0
2018-02-28,19:00:00,12.46,12.63,12.45,12.63,700,0
2018-02-28,20:00:00,12.6641,12.6641,12.6641,12.6641,200,0
2018-03-01,16:00:00,12.59,12.59,12.59,12.59,140,0
2018-03-01,17:00:00,12.42,12.58,12.4,12.58,800,0
2018-03-01,18:00:00,12.5,12.57,12.5,12.57,489,0
2018-03-01,20:00:00,12.55,12.59,12.54,12.56,2772,0
2018-03-01,21:00:00,12.56,12.56,12.56,12.56,200,0
2018-03-01,22:00:00,12.55,12.55,12.55,12.55,100,0
2018-03-02,22:00:00,12.39,12.39,12.39,12.39,200,0
2018-03-05,16:00:00,12.38,12.38,12.38,12.38,205,0
2018-03-05,17:00:00,12.26,12.26,12.26,12.26,1410,0
2018-03-05,18:00:00,12.37,12.37,12.37,12.37,100,0
2018-03-05,19:00:00,12.38,12.38,12.38,12.38,100,0
2018-03-05,20:00:00,12.38,12.38,12.38,12.38,100,0
2018-03-05,21:00:00,12.35,12.49,12.34,12.49,8367,0
2018-03-05,22:00:00,12.48,12.48,12.48,12.48,100,0
2018-03-06,16:00:00,12.53,12.53,12.3,12.3,3800,0
2018-03-06,17:00:00,12.57,12.57,12.54,12.54,300,0
2018-03-06,18:00:00,12.51,12.64,12.5,12.51,2600,0
2018-03-06,19:00:00,12.55,12.55,12.53,12.55,3600,0
2018-03-06,20:00:00,12.58,12.6,12.52,12.54,10999,0
2018-03-06,21:00:00,12.55,12.56,12.53,12.55,2200,0
2018-03-06,22:00:00,12.5532,12.5532,12.49,12.49,5181,0
2018-03-07,17:00:00,12.36,12.365,12.36,12.36,2500,0
2018-03-07,18:00:00,12.36,12.36,12.35,12.35,600,0
2018-03-07,19:00:00,12.3,12.3,12.29,12.3,7762,0
2018-03-07,20:00:00,12.35,12.35,12.35,12.35,100,0
2018-03-07,21:00:00,12.36,12.39,12.36,12.39,1500,0
2018-03-08,16:00:00,12.39,12.39,12.39,12.39,245,0
2018-03-08,17:00:00,12.31,12.76,12.31,12.31,4250,0
2018-03-08,18:00:00,12.37,12.37,12.36,12.36,200,0
2018-03-08,19:00:00,12.38,12.38,12.38,12.38,500,0
2018-03-08,20:00:00,12.38,12.44,12.38,12.43,837,0
2018-03-08,21:00:00,12.33,12.4,12.32,12.39,1900,0
2018-03-08,22:00:00,12.37,12.44,12.31,12.33,2156,0
2018-03-09,16:00:00,12.41,12.41,12.41,12.41,300,0
2018-03-09,17:00:00,12.54,12.62,12.52,12.52,2260,0
2018-03-09,18:00:00,12.6,12.63,12.57,12.57,3100,0
2018-03-09,19:00:00,12.58,12.58,12.52,12.52,300,0
2018-03-09,20:00:00,12.5,12.5,12.49,12.49,950,0
2018-03-09,21:00:00,12.56,12.56,12.46,12.46,5000,0
2018-03-09,22:00:00,12.44,12.56,12.41,12.56,4099,0
2018-03-12,15:00:00,12.59,12.59,12.59,12.59,101,0
2018-03-12,17:00:00,12.55,12.56,12.55,12.56,544,0
2018-03-12,18:00:00,12.53,12.53,12.53,12.53,200,0
2018-03-12,19:00:00,12.5512,12.5512,12.5512,12.5512,100,0
2018-03-12,21:00:00,12.57,12.58,12.56,12.58,334,0
2018-03-13,16:00:00,12.55,12.55,12.55,12.55,100,0
2018-03-13,17:00:00,12.5968,12.5968,12.5968,12.5968,150,0
2018-03-13,18:00:00,12.6,12.6,12.6,12.6,400,0
2018-03-14,16:00:00,12.44,12.47,12.44,12.46,1165,0
2018-03-14,17:00:00,12.41,12.44,12.4,12.44,500,0
2018-03-14,18:00:00,12.38,12.4,12.37,12.38,4363,0
2018-03-14,19:00:00,12.33,12.54,12.1999,12.54,3600,0
2018-03-14,20:00:00,12.54,12.54,12.52,12.52,400,0
2018-03-14,21:00:00,12.53,12.53,12.5,12.5,200,0
2018-03-15,15:00:00,12.48,12.48,12.44,12.44,1000,0
2018-03-15,16:00:00,12.34,12.37,12.31,12.36,2100,0
2018-03-15,17:00:00,12.4,12.41,12.38,12.38,800,0
2018-03-15,18:00:00,12.4,12.4,12.39,12.39,200,0
2018-03-15,19:00:00,12.38,12.38,12.34,12.34,700,0
2018-03-15,20:00:00,12.32,12.32,12.24,12.2401,2400,0
2018-03-15,21:00:00,12.36,12.36,12.36,12.36,200,0
2018-03-19,16:00:00,12.08,12.12,12.08,12.1,1100,0
2018-03-19,17:00:00,12.1,12.16,12.1,12.1,1761,0
2018-03-19,18:00:00,12.13,12.13,12.1,12.1,769,0
2018-03-19,19:00:00,12.1,12.13,12.1,12.13,400,0
2018-03-19,20:00:00,12.15,12.15,12.13,12.14,300,0
2018-03-19,21:00:00,12.07,12.13,12.07,12.13,400,0
2018-03-20,16:00:00,12.1,12.11,11.76,11.99,10300,0
2018-03-20,17:00:00,12,12,11.95,11.97,2605,0
2018-03-20,18:00:00,11.94,11.95,11.94,11.94,600,0
2018-03-20,19:00:00,11.95,11.95,11.94,11.94,1200,0
2018-03-20,20:00:00,11.93,11.98,11.93,11.98,1200,0
2018-03-20,21:00:00,11.97,11.98,11.92,11.93,1255,0
2018-03-21,16:00:00,12,12.08,12,12.04,921,0
2018-03-21,17:00:00,12.08,12.15,12.08,12.15,1400,0
2018-03-21,18:00:00,12.15,12.17,12.14,12.17,482,0
2018-03-21,20:00:00,12.21,12.21,12.21,12.21,100,0
2018-03-22,15:00:00,12.01,12.0701,12.01,12.0701,600,0
2018-03-22,16:00:00,12.01,12.01,12.01,12.01,100,0
2018-03-22,19:00:00,12.11,12.15,12.11,12.14,2250,0
2018-03-22,21:00:00,12.1,12.1,12.01,12.01,1941,0
2018-03-23,15:00:00,12.05,12.05,12.05,12.05,1300,0
2018-03-23,18:00:00,12.01,12.02,12.01,12.02,1950,0
2018-03-23,19:00:00,12.0799,12.14,12.0799,12.14,1200,0
2018-03-23,20:00:00,12.105,12.12,12.09,12.09,1055,0
2018-03-23,21:00:00,12.08,12.08,12.07,12.07,600,0
2018-03-26,17:00:00,12.15,12.15,12.11,12.11,4561,0
2018-03-26,18:00:00,12.11,12.11,12.01,12.01,1895,0
2018-03-26,19:00:00,12.01,12.1,12,12,2993,0
2018-03-26,20:00:00,12,12.1003,12,12.02,2643,0
2018-03-26,21:00:00,12.03,12.18,12.03,12.16,2300,0
2018-03-26,22:00:00,12.13,12.15,12.1,12.11,800,0
2018-03-27,16:00:00,12.12,12.12,12.12,12.12,140,0
2018-03-27,17:00:00,12.12,12.14,12.08,12.12,6300,0
2018-03-27,18:00:00,12.13,12.13,12.12,12.13,400,0
2018-03-27,19:00:00,12.13,12.13,12.13,12.13,300,0
2018-03-27,20:00:00,12.13,12.14,12.12,12.12,500,0
2018-03-27,21:00:00,12.11,12.11,12.02,12.02,1000,0
2018-03-27,22:00:00,12.04,12.04,12.04,12.04,100,0
2018-03-28,18:00:00,11.8841,11.8841,11.8841,11.8841,1000,0
2018-03-28,19:00:00,11.96,11.96,11.8903,11.8903,540,0
2018-03-29,16:00:00,11.96,11.96,11.96,11.96,1015,0
2018-03-29,18:00:00,12.1,12.19,12.1,12.1789,3609,0
2018-03-29,19:00:00,12.17,12.26,12.17,12.26,400,0
2018-03-29,20:00:00,12.2478,12.26,12.2478,12.26,200,0
2018-03-29,21:00:00,12.26,12.34,12.2593,12.34,500,0
2018-03-29,22:00:00,12.34,12.34,12.26,12.26,200,0
