Date,Time,Open,High,Low,Close,Volume,OpenInt
2017-08-21,16:00:00,6.9,6.9,6.7,6.7201,920,0
2017-08-21,17:00:00,6.95,6.95,6.9,6.9,900,0
2017-08-21,18:00:00,6.9097,7,6.9,7,1070,0
2017-08-21,19:00:00,6.95,7,6.9069,7,1900,0
2017-08-21,20:00:00,6.925,7,6.9,7,2200,0
2017-08-21,21:00:00,7,7,6.9,7,2713,0
2017-08-21,22:00:00,6.9,7.05,6.9,7,14036,0
2017-08-22,16:00:00,7.05,7.05,6.95,6.95,330,0
2017-08-22,17:00:00,7,7,7,7,100,0
2017-08-22,18:00:00,7,7,6.95,6.95,1500,0
2017-08-22,19:00:00,6.95,7.05,6.95,6.95,1610,0
2017-08-22,20:00:00,7.0081,7.05,7,7,1878,0
2017-08-22,21:00:00,7.05,7.05,7,7.025,1300,0
2017-08-22,22:00:00,7,7.05,7,7.05,5035,0
2017-08-23,16:00:00,6.95,6.95,6.8,6.8,224,0
2017-08-23,17:00:00,7,7,7,7,300,0
2017-08-23,18:00:00,7,7.05,7,7.05,200,0
2017-08-23,19:00:00,7.05,7.05,7,7,800,0
2017-08-23,20:00:00,6.95,7.05,6.95,6.95,1012,0
2017-08-23,21:00:00,7.05,7.05,6.95,6.95,600,0
2017-08-23,22:00:00,7.05,7.1,7,7,11152,0
2017-08-24,16:00:00,7,7.05,7,7.05,200,0
2017-08-24,17:00:00,7.025,7.05,7,7,600,0
2017-08-24,18:00:00,7.05,7.05,7,7,1300,0
2017-08-24,19:00:00,7.0105,7.05,7,7.05,1194,0
2017-08-24,20:00:00,7,7.05,6.95,7,900,0
2017-08-24,21:00:00,7,7.05,7,7,600,0
2017-08-24,22:00:00,7,7.05,6.95,7.05,5080,0
2017-08-25,16:00:00,7,7,6.95,6.95,200,0
2017-08-25,18:00:00,6.95,7,6.95,6.95,2500,0
2017-08-25,21:00:00,6.9,7,6.9,7,200,0
2017-08-25,22:00:00,6.95,7.1,6.95,7.05,10765,0
2017-08-28,16:00:00,7.05,7.05,7,7,200,0
2017-08-28,19:00:00,7.05,7.05,6.993,7.05,600,0
2017-08-28,21:00:00,7,7.05,6.9605,7.05,550,0
2017-08-28,22:00:00,7.05,7.05,6.95,6.95,2181,0
2017-08-29,16:00:00,6.9,6.9,6.8,6.8,262,0
2017-08-29,17:00:00,7,7,7,7,100,0
2017-08-29,18:00:00,6.9,6.9,6.9,6.9,100,0
2017-08-29,22:00:00,6.975,7.05,6.975,7.05,11181,0
2017-08-30,16:00:00,7.1,7.1,7.05,7.05,2500,0
2017-08-30,17:00:00,7.05,7.1,7.05,7.1,2612,0
2017-08-30,19:00:00,7,7.1,7,7.1,700,0
2017-08-30,20:00:00,7.1,7.1,7.05,7.1,1900,0
2017-08-30,21:00:00,7.1,7.1,7.075,7.075,1400,0
2017-08-30,22:00:00,7.1,7.1,7.05,7.05,5529,0
2017-08-31,16:00:00,7.05,7.05,7,7.0241,1692,0
2017-08-31,17:00:00,7,7.05,7,7.05,2000,0
2017-08-31,18:00:00,7.025,7.05,7,7.025,600,0
2017-08-31,19:00:00,7,7.05,7,7.05,874,0
2017-08-31,20:00:00,7.025,7.05,6.95,7.025,22607,0
2017-08-31,21:00:00,7.025,7.05,7.0231,7.025,800,0
2017-08-31,22:00:00,7,7.1,7,7.1,8973,0
2017-09-01,16:00:00,7.05,7.05,7,7,1368,0
2017-09-01,17:00:00,7,7,6.95,6.95,331,0
2017-09-01,19:00:00,7,7.05,7,7.05,5800,0
2017-09-01,20:00:00,6.95,7.05,6.95,7,1600,0
2017-09-01,21:00:00,6.95,6.95,6.85,6.9,600,0
2017-09-01,22:00:00,6.9,6.9,6.8,6.8,6363,0
2017-09-05,16:00:00,6.7,6.75,6.7,6.75,2298,0
2017-09-05,17:00:00,6.8,6.8,6.7652,6.7652,1800,0
2017-09-05,18:00:00,6.8,6.85,6.75,6.8,1547,0
2017-09-05,19:00:00,6.75,6.75,6.75,6.75,100,0
2017-09-05,20:00:00,6.75,6.78,6.7,6.75,2919,0
2017-09-05,21:00:00,6.7,6.75,6.7,6.725,800,0
2017-09-05,22:00:00,6.7,6.8,6.7,6.75,7376,0
2017-09-06,16:00:00,6.9,6.9,6.8,6.8,600,0
2017-09-06,18:00:00,6.7,6.7,6.7,6.7,400,0
2017-09-06,19:00:00,6.65,6.7,6.65,6.7,200,0
2017-09-06,20:00:00,6.7,6.7,6.65,6.65,200,0
2017-09-06,21:00:00,6.65,6.7,6.625,6.625,2700,0
2017-09-06,22:00:00,6.6,6.65,6.5,6.55,8210,0
2017-09-07,16:00:00,6.5,6.5,6.5,6.5,100,0
2017-09-07,17:00:00,6.55,6.55,6.525,6.55,1000,0
2017-09-07,18:00:00,6.525,6.55,6.5,6.55,900,0
2017-09-07,19:00:00,6.5852,6.7,6.45,6.7,19599,0
2017-09-07,20:00:00,6.725,6.75,6.7,6.725,814,0
2017-09-07,21:00:00,6.725,6.725,6.7,6.7,200,0
2017-09-07,22:00:00,6.75,6.75,6.7,6.75,3710,0
2017-09-08,16:00:00,6.65,6.9,6.55,6.6,20784,0
2017-09-08,17:00:00,6.6,6.6,6.5,6.5,5500,0
2017-09-08,18:00:00,6.5,6.55,6.5,6.5,2100,0
2017-09-08,19:00:00,6.5,6.525,6.5,6.5,1200,0
2017-09-08,20:00:00,6.5,6.5,6.5,6.5,100,0
2017-09-08,21:00:00,6.55,6.55,6.5,6.5,600,0
2017-09-08,22:00:00,6.5,6.55,6.5,6.55,4979,0
2017-09-11,16:00:00,6.55,6.7,6.55,6.7,200,0
2017-09-11,17:00:00,6.55,6.6,6.55,6.55,600,0
2017-09-11,18:00:00,6.575,6.575,6.55,6.55,400,0
2017-09-11,19:00:00,6.5,6.55,6.5,6.5,934,0
2017-09-11,20:00:00,6.5,6.55,6.5,6.5,400,0
2017-09-11,21:00:00,6.55,6.55,6.45,6.45,4100,0
2017-09-11,22:00:00,6.45,6.45,6.4,6.45,5197,0
2017-09-12,16:00:00,6.45,6.6,6.45,6.45,1900,0
2017-09-12,17:00:00,6.5,6.7,6.5,6.675,4404,0
2017-09-12,18:00:00,6.65,6.675,6.65,6.675,900,0
2017-09-12,19:00:00,6.7,6.7,6.65,6.7,1829,0
2017-09-12,20:00:00,6.7,6.7,6.5107,6.65,10170,0
2017-09-12,21:00:00,6.6,6.6,6.55,6.575,1712,0
2017-09-12,22:00:00,6.55,6.55,6.45,6.55,3072,0
2017-09-13,16:00:00,6.45,6.7,6.45,6.65,7423,0
2017-09-13,17:00:00,6.7,6.9,6.7,6.825,12101,0
2017-09-13,18:00:00,6.825,6.85,6.7,6.7,2800,0
2017-09-13,19:00:00,6.65,6.7,6.5414,6.5414,3510,0
2017-09-13,20:00:00,6.5,6.55,6.45,6.55,1551,0
2017-09-13,21:00:00,6.525,6.55,6.5,6.5,1499,0
2017-09-13,22:00:00,6.5,6.532,6.5,6.5,11317,0
2017-09-14,16:00:00,6.55,6.55,6.45,6.45,205,0
2017-09-14,17:00:00,6.5,6.5,6.5,6.5,300,0
2017-09-14,18:00:00,6.45,6.5,6.45,6.5,300,0
2017-09-14,19:00:00,6.45,6.5,6.45,6.469,386,0
2017-09-14,20:00:00,6.45,6.45,6.45,6.45,200,0
2017-09-14,21:00:00,6.45,6.5,6.45,6.5,4137,0
2017-09-14,22:00:00,6.45,6.5,6.4,6.45,10766,0
2017-09-15,16:00:00,6.5,6.5,6.45,6.45,18668,0
2017-09-15,17:00:00,6.45,6.45,6.4,6.4,300,0
2017-09-15,18:00:00,6.45,6.5,6.45,6.475,2282,0
2017-09-15,19:00:00,6.5,6.55,6.5,6.5,3520,0
2017-09-15,20:00:00,6.5,6.5,6.5,6.5,151,0
2017-09-15,21:00:00,6.45,6.5,6.45,6.45,500,0
2017-09-15,22:00:00,6.5,6.6,6.45,6.55,61029,0
2017-09-18,16:00:00,6.55,6.55,6.55,6.55,298,0
2017-09-18,17:00:00,6.55,6.55,6.55,6.55,400,0
2017-09-18,18:00:00,6.5,6.5,6.5,6.5,200,0
2017-09-18,19:00:00,6.5,6.55,6.5,6.55,300,0
2017-09-18,20:00:00,6.55,6.55,6.55,6.55,300,0
2017-09-18,21:00:00,6.5,6.5,6.475,6.5,5075,0
2017-09-18,22:00:00,6.475,6.6,6.45,6.5,7886,0
2017-09-19,16:00:00,6.6,6.6,6.5,6.5,1400,0
2017-09-19,17:00:00,6.5,6.6,6.5,6.525,10021,0
2017-09-19,18:00:00,6.5,6.55,6.5,6.5,3131,0
2017-09-19,19:00:00,6.5,6.525,6.5,6.525,400,0
2017-09-19,20:00:00,6.5333,6.5333,6.5,6.5,600,0
2017-09-19,21:00:00,6.5,6.5,6.5,6.5,700,0
2017-09-19,22:00:00,6.5,6.55,6.5,6.55,7187,0
2017-09-20,17:00:00,6.575,6.6,6.55,6.55,400,0
2017-09-20,18:00:00,6.6,6.65,6.6,6.65,2100,0
2017-09-20,19:00:00,6.632,6.7,6.6,6.7,3420,0
2017-09-20,20:00:00,6.75,6.95,6.75,6.93,7059,0
2017-09-20,21:00:00,6.905,6.925,6.7,6.7,4994,0
2017-09-20,22:00:00,6.75,6.8,6.75,6.8,5036,0
2017-09-21,16:00:00,6.85,6.85,6.8,6.8,200,0
2017-09-21,17:00:00,6.75,6.85,6.75,6.85,6288,0
2017-09-21,18:00:00,6.85,6.9,6.75,6.9,4610,0
2017-09-21,19:00:00,6.9,6.9,6.8,6.9,700,0
2017-09-21,20:00:00,6.895,7.1,6.895,7.05,22460,0
2017-09-21,21:00:00,7.0727,7.1,7,7,6900,0
2017-09-21,22:00:00,7,7,6.9,6.95,6550,0
2017-09-22,16:00:00,7,7,6.9,6.9,2376,0
2017-09-22,17:00:00,6.95,6.95,6.9,6.9,600,0
2017-09-22,18:00:00,6.9,6.9,6.9,6.9,200,0
2017-09-22,19:00:00,6.9,6.9,6.9,6.9,100,0
2017-09-22,22:00:00,6.875,6.9,6.85,6.9,5057,0
2017-09-25,16:00:00,6.75,6.75,6.7,6.75,4205,0
2017-09-25,17:00:00,6.85,6.85,6.85,6.85,100,0
2017-09-25,18:00:00,6.75,6.75,6.75,6.75,100,0
2017-09-25,19:00:00,6.85,6.85,6.85,6.85,300,0
2017-09-25,20:00:00,6.85,6.85,6.85,6.85,200,0
2017-09-25,21:00:00,6.8,6.85,6.8,6.85,1300,0
2017-09-25,22:00:00,6.9,6.95,6.85,6.95,6607,0
2017-09-26,16:00:00,6.95,6.95,6.85,6.85,366,0
2017-09-26,17:00:00,6.95,7,6.95,6.95,1098,0
2017-09-26,18:00:00,7,7,7,7,100,0
2017-09-26,19:00:00,6.94,6.95,6.94,6.95,350,0
2017-09-26,20:00:00,6.95,7.15,6.95,7.05,7832,0
2017-09-26,21:00:00,7.05,7.05,7,7,900,0
2017-09-26,22:00:00,6.95,7.05,6.95,7.05,5545,0
2017-09-27,16:00:00,7.15,7.15,7,7,2700,0
2017-09-27,17:00:00,7,7,7,7,100,0
2017-09-27,18:00:00,6.95,7,6.95,7,1100,0
2017-09-27,19:00:00,7,7,6.95,6.95,700,0
2017-09-27,20:00:00,7,7.075,7,7,6125,0
2017-09-27,21:00:00,7,7.05,6.95,7.05,3691,0
2017-09-27,22:00:00,7.05,7.1,6.95,7.05,15386,0
2017-09-28,16:00:00,7.1,7.1,7.1,7.1,100,0
2017-09-28,17:00:00,7.05,7.05,7.05,7.05,100,0
2017-09-28,18:00:00,6.95,6.95,6.95,6.95,100,0
2017-09-28,19:00:00,6.95,7.05,6.95,7.05,505,0
2017-09-28,20:00:00,6.95,7.05,6.95,6.95,600,0
2017-09-28,21:00:00,6.95,7.05,6.95,6.95,400,0
2017-09-28,22:00:00,7.05,7.05,6.95,7.05,3990,0
2017-09-29,16:00:00,7,7,7,7,100,0
2017-09-29,17:00:00,7,7,7,7,100,0
2017-09-29,18:00:00,6.94,7,6.9,6.95,678,0
2017-09-29,19:00:00,7,7,6.95,6.95,600,0
2017-09-29,20:00:00,6.95,7,6.9,7,600,0
2017-09-29,21:00:00,6.9,6.95,6.9,6.95,800,0
2017-09-29,22:00:00,6.95,7,6.9,6.9,6435,0
2017-10-02,16:00:00,7,7,7,7,255,0
2017-10-02,17:00:00,7,7,6.9,6.9,400,0
2017-10-02,19:00:00,6.95,6.95,6.95,6.95,596,0
2017-10-02,20:00:00,7,7,6.95,7,400,0
2017-10-02,21:00:00,6.9,6.9,6.9,6.9,100,0
2017-10-02,22:00:00,7,7,6.9,7,6257,0
2017-10-03,16:00:00,7,7.15,7,7.15,8268,0
2017-10-03,17:00:00,7.1,7.15,7.1,7.125,1000,0
2017-10-03,18:00:00,7.125,7.125,7.1,7.1,1165,0
2017-10-03,19:00:00,7.1,7.125,7.1,7.1,700,0
2017-10-03,20:00:00,7.1,7.15,7.1,7.1,701,0
2017-10-03,21:00:00,7.05,7.0614,7.05,7.05,1200,0
2017-10-03,22:00:00,7.05,7.15,7.05,7.15,9141,0
2017-10-04,16:00:00,7.2,7.2,7,7.2,351,0
2017-10-04,18:00:00,7.1,7.1,7.1,7.1,100,0
2017-10-04,19:00:00,7.1129,7.2,7.1129,7.2,800,0
2017-10-04,20:00:00,7.2,7.2,7.2,7.2,100,0
2017-10-04,21:00:00,7.1,7.2,7.1,7.2,200,0
2017-10-04,22:00:00,7.1,7.3,7.1,7.2,12288,0
2017-10-05,16:00:00,7.2,7.2,7.15,7.15,401,0
2017-10-05,17:00:00,7.175,7.225,7.175,7.225,1000,0
2017-10-05,18:00:00,7.275,7.3,7.25,7.25,4052,0
2017-10-05,19:00:00,7.275,7.275,7.2725,7.2725,926,0
2017-10-05,20:00:00,7.275,7.275,7.25,7.25,800,0
2017-10-05,21:00:00,7.25,7.25,7.2,7.225,3100,0
2017-10-05,22:00:00,7.225,7.25,7.2,7.25,5996,0
2017-10-06,17:00:00,7.15,7.15,7.15,7.15,100,0
2017-10-06,18:00:00,7.175,7.2,7.175,7.2,200,0
2017-10-06,19:00:00,7.175,7.175,7.175,7.175,100,0
2017-10-06,20:00:00,7.175,7.175,7.175,7.175,100,0
2017-10-06,21:00:00,7.175,7.2,7.15,7.2,2300,0
2017-10-06,22:00:00,7.2,7.35,7.15,7.3,6017,0
2017-10-09,18:00:00,7.3,7.3,7.2,7.2,900,0
2017-10-09,20:00:00,7.2,7.2,7.15,7.15,732,0
2017-10-09,21:00:00,7.2,7.2,7.2,7.2,100,0
2017-10-09,22:00:00,7.2,7.25,7.2,7.25,3969,0
2017-10-10,16:00:00,7.2,7.25,7.2,7.25,700,0
2017-10-10,18:00:00,7.3,7.3,7.25,7.25,300,0
2017-10-10,19:00:00,7.2742,7.3,7.25,7.25,900,0
2017-10-10,20:00:00,7.2,7.25,7.2,7.25,300,0
2017-10-10,21:00:00,7.2,7.35,7.2,7.325,1440,0
2017-10-10,22:00:00,7.35,7.5,7.35,7.5,13517,0
2017-10-11,16:00:00,7.45,7.45,7.35,7.35,200,0
2017-10-11,17:00:00,7.405,7.5,7.4,7.5,4305,0
2017-10-11,18:00:00,7.45,7.45,7.45,7.45,100,0
2017-10-11,19:00:00,7.5,7.5,7.45,7.45,200,0
2017-10-11,20:00:00,7.5,7.5,7.5,7.5,200,0
2017-10-11,21:00:00,7.45,7.5,7.4,7.5,3300,0
2017-10-11,22:00:00,7.45,7.5,7.45,7.45,10718,0
2017-10-12,16:00:00,7.3,7.3,7.3,7.3,100,0
2017-10-12,18:00:00,7.35,7.45,7.25,7.25,4555,0
2017-10-12,19:00:00,7.3,7.3,7.3,7.3,100,0
2017-10-12,20:00:00,7.3,7.3,7.2,7.2,200,0
2017-10-12,21:00:00,7.3,7.3,7.3,7.3,300,0
2017-10-12,22:00:00,7.2,7.3,7.2,7.2,2398,0
2017-10-13,16:00:00,7.25,7.35,7.25,7.35,201,0
2017-10-13,17:00:00,7.345,7.345,7.345,7.345,129,0
2017-10-13,20:00:00,7.3,7.4,7.3,7.4,1100,0
2017-10-13,21:00:00,7.4,7.45,7.31,7.4,4069,0
2017-10-13,22:00:00,7.45,7.45,7.35,7.45,2708,0
2017-10-16,16:00:00,7.35,7.35,7.35,7.35,701,0
2017-10-16,17:00:00,7.4,7.4,7.4,7.4,513,0
2017-10-16,18:00:00,7.4,7.4,7.3,7.4,17191,0
2017-10-16,19:00:00,7.45,7.45,7.4,7.45,300,0
2017-10-16,20:00:00,7.45,7.5,7.4,7.5,1200,0
2017-10-16,21:00:00,7.45,7.45,7.4,7.4,3200,0
2017-10-16,22:00:00,7.4,7.45,7.35,7.45,8310,0
2017-10-17,16:00:00,7.45,7.45,7.45,7.45,1699,0
2017-10-17,17:00:00,7.45,7.45,7.45,7.45,300,0
2017-10-17,18:00:00,7.45,7.45,7.4,7.45,600,0
2017-10-17,19:00:00,7.4,7.4,7.35,7.35,700,0
2017-10-17,20:00:00,7.335,7.4,7.335,7.4,1100,0
2017-10-17,21:00:00,7.3,7.3,7.3,7.3,100,0
2017-10-17,22:00:00,7.3,7.35,7.15,7.3,8348,0
2017-10-18,16:00:00,7.35,7.35,7.35,7.35,200,0
2017-10-18,17:00:00,7.35,7.4,7.35,7.4,500,0
2017-10-18,18:00:00,7.3,7.3,7.3,7.3,200,0
2017-10-18,19:00:00,7.35,7.35,7.3,7.3,700,0
2017-10-18,20:00:00,7.3,7.35,7.25,7.25,2000,0
2017-10-18,21:00:00,7.3,7.35,7.25,7.25,1730,0
2017-10-18,22:00:00,7.25,7.3,7.25,7.25,6904,0
2017-10-19,17:00:00,7.2,7.2,7.2,7.2,100,0
2017-10-19,18:00:00,7.2,7.2,7.2,7.2,200,0
2017-10-19,19:00:00,7.2,7.2,7.2,7.2,1300,0
2017-10-19,20:00:00,7.2,7.25,7.15,7.25,2600,0
2017-10-19,21:00:00,7.2,7.2,7.2,7.2,500,0
2017-10-19,22:00:00,7.15,7.2,7.15,7.15,8502,0
2017-10-20,18:00:00,7.1,7.2,7.1,7.2,200,0
2017-10-20,19:00:00,7.1,7.2,7.1,7.15,500,0
2017-10-20,20:00:00,7.125,7.15,7.1,7.1,886,0
2017-10-20,21:00:00,7.1,7.1,7.1,7.1,500,0
2017-10-20,22:00:00,7.1,7.15,7.1,7.15,5036,0
2017-10-23,17:00:00,7.1,7.1,7.1,7.1,600,0
2017-10-23,18:00:00,7.1,7.1,7.05,7.05,400,0
2017-10-23,19:00:00,7.05,7.075,7.05,7.05,400,0
2017-10-23,20:00:00,7.05,7.05,7.05,7.05,300,0
2017-10-23,21:00:00,7,7,6.95,7,600,0
2017-10-23,22:00:00,7,7.15,7,7,6396,0
2017-10-24,16:00:00,7.05,7.2,6.955,6.955,400,0
2017-10-24,17:00:00,7.05,7.05,7.05,7.05,100,0
2017-10-24,18:00:00,6.95,6.95,6.95,6.95,100,0
2017-10-24,19:00:00,7.05,7.05,6.95,6.95,300,0
2017-10-24,20:00:00,6.9608,7.05,6.9608,7.05,1900,0
2017-10-24,21:00:00,7,7.05,7,7,700,0
2017-10-24,22:00:00,7,7.05,7,7,8043,0
2017-10-25,16:00:00,7,7,6.8186,6.85,907,0
2017-10-25,17:00:00,7,7,7,7,100,0
2017-10-25,18:00:00,6.95,6.95,6.95,6.95,100,0
2017-10-25,20:00:00,6.95,6.95,6.95,6.95,100,0
2017-10-25,21:00:00,6.95,6.95,6.95,6.95,100,0
2017-10-25,22:00:00,6.95,7,6.95,7,2176,0
2017-10-26,16:00:00,7,7,6.9101,6.9101,1243,0
2017-10-26,17:00:00,6.905,7.1,6.905,7.1,6909,0
2017-10-26,18:00:00,7.2,7.2,7.15,7.15,598,0
2017-10-26,19:00:00,7.2,7.2,7.2,7.2,100,0
2017-10-26,20:00:00,7.2,7.3,7.2,7.3,2000,0
2017-10-26,21:00:00,7.3,7.45,7.255,7.35,6894,0
2017-10-26,22:00:00,7.3,7.325,7.25,7.3,2237,0
2017-10-27,16:00:00,7.25,7.25,7.1,7.1,200,0
2017-10-27,17:00:00,7.3,7.35,7.3,7.3,500,0
2017-10-27,18:00:00,7.25,7.25,7.25,7.25,200,0
2017-10-27,19:00:00,7.2,7.2,7.2,7.2,200,0
2017-10-27,21:00:00,7.2,7.25,7.2,7.25,500,0
2017-10-27,22:00:00,7.3,7.3,7.25,7.3,4342,0
2017-10-30,16:00:00,7.15,7.15,7.15,7.15,100,0
2017-10-30,19:00:00,7.15,7.15,7.15,7.15,200,0
2017-10-30,20:00:00,7.15,7.15,7.15,7.15,100,0
2017-10-30,21:00:00,7.125,7.15,7.05,7.1,3430,0
2017-10-31,15:00:00,7.15,7.15,7.05,7.05,740,0
2017-10-31,17:00:00,7.0846,7.15,7.0846,7.15,400,0
2017-10-31,19:00:00,7.1,7.125,7.1,7.125,200,0
2017-10-31,20:00:00,7.05,7.05,7.05,7.05,100,0
2017-10-31,21:00:00,7.05,7.15,7.05,7.05,9859,0
2017-11-01,15:00:00,7.1,7.25,7.1,7.25,328,0
2017-11-01,16:00:00,7.25,7.25,7.25,7.25,100,0
2017-11-01,17:00:00,7.25,7.25,7.05,7.25,669,0
2017-11-01,21:00:00,7.1643,7.2,7.15,7.15,5905,0
2017-11-02,15:00:00,7.1,7.15,7.05,7.15,500,0
2017-11-02,16:00:00,7.15,7.15,7.15,7.15,394,0
2017-11-02,17:00:00,7.2,7.2,7.14,7.17,700,0
2017-11-02,19:00:00,7.1,7.2,7.1,7.14,500,0
2017-11-02,21:00:00,7.2,7.3,7.2,7.3,5255,0
2017-11-03,15:00:00,7.15,7.3,7.15,7.3,599,0
2017-11-03,16:00:00,7.15,7.15,7.15,7.15,400,0
2017-11-03,21:00:00,7.2,7.2,7.15,7.15,2154,0
2017-11-06,19:00:00,7.1142,7.25,7.1142,7.17,800,0
2017-11-06,20:00:00,7.1622,7.1622,7.1622,7.1622,300,0
2017-11-06,21:00:00,7.155,7.2,7.155,7.2,1400,0
2017-11-06,22:00:00,7.2,7.35,7.2,7.25,9336,0
2017-11-07,16:00:00,7.2,7.2144,7.2,7.2144,519,0
2017-11-07,19:00:00,7.3,7.3,7.25,7.25,200,0
2017-11-07,20:00:00,7.25,7.25,7.25,7.25,600,0
2017-11-07,21:00:00,7.25,7.3,7.24,7.3,1000,0
2017-11-07,22:00:00,7.25,7.5,7.2,7.25,10431,0
2017-11-08,16:00:00,7.3,7.3,7.3,7.3,470,0
2017-11-08,17:00:00,7.375,7.45,7.25,7.4,5370,0
2017-11-08,18:00:00,7.3196,7.55,7.305,7.4,10882,0
2017-11-08,19:00:00,7.35,7.35,7.25,7.25,2200,0
2017-11-08,20:00:00,7.2093,7.25,7.05,7.05,3363,0
2017-11-08,21:00:00,7.2,7.2,7.2,7.2,100,0
2017-11-08,22:00:00,7.2,7.3,7.2,7.25,3963,0
2017-11-09,16:00:00,7.2,7.3771,7.2,7.3771,300,0
2017-11-09,17:00:00,7.4,7.405,7.4,7.405,700,0
2017-11-09,19:00:00,7.3,7.3,7.3,7.3,100,0
2017-11-09,20:00:00,7.35,7.35,7.25,7.25,3195,0
2017-11-09,21:00:00,7.2,7.225,7.155,7.2,3764,0
2017-11-09,22:00:00,7.2,7.4,6.95,7.35,25287,0
2017-11-10,16:00:00,7.25,7.55,7.25,7.55,17815,0
2017-11-10,17:00:00,7.55,7.65,7.4,7.5,7038,0
2017-11-10,18:00:00,7.45,7.5,7.45,7.5,2879,0
2017-11-10,19:00:00,7.5,7.5,7.5,7.5,200,0
2017-11-10,20:00:00,7.4896,7.5,7.475,7.5,4305,0
2017-11-10,22:00:00,7.5,7.5,7.4,7.4,10907,0
2017-11-13,16:00:00,7.3,7.4,7.3,7.4,2154,0
2017-11-13,18:00:00,7.4,7.4,7.4,7.4,200,0
2017-11-13,19:00:00,7.4,7.4,7.4,7.4,200,0
2017-11-13,20:00:00,7.375,7.375,7.2,7.3,12767,0
2017-11-13,21:00:00,7.2753,7.2753,7.2732,7.275,479,0
2017-11-13,22:00:00,7.3,7.4,7.3,7.3,5292,0
2017-11-14,16:00:00,7.25,7.35,7.25,7.35,200,0
2017-11-14,17:00:00,7.25,7.25,7.25,7.25,482,0
2017-11-14,18:00:00,7.25,7.25,7.25,7.25,874,0
2017-11-14,19:00:00,7.25,7.3,7.25,7.3,200,0
2017-11-14,20:00:00,7.3,7.3,7.3,7.3,499,0
2017-11-14,21:00:00,7.275,7.275,7.275,7.275,142,0
2017-11-14,22:00:00,7.3,7.35,7.25,7.35,5046,0
2017-11-15,16:00:00,7.25,7.25,7.2,7.2,865,0
2017-11-15,17:00:00,7.25,7.25,7.25,7.25,200,0
2017-11-15,18:00:00,7.3,7.3,7.3,7.3,100,0
2017-11-15,21:00:00,7.3,7.35,7.3,7.3,3269,0
2017-11-15,22:00:00,7.35,7.35,7.25,7.25,7728,0
2017-11-16,16:00:00,7.25,7.25,7.25,7.25,828,0
2017-11-16,17:00:00,7.3,7.35,7.3,7.35,700,0
2017-11-16,18:00:00,7.35,7.35,7.35,7.35,300,0
2017-11-16,19:00:00,7.35,7.35,7.338,7.338,1169,0
2017-11-16,20:00:00,7.355,7.45,7.355,7.45,2483,0
2017-11-16,21:00:00,7.405,7.55,7.405,7.55,3111,0
2017-11-16,22:00:00,7.5317,7.65,7.5,7.6,8286,0
2017-11-17,16:00:00,7.5,7.5,7.3,7.3,1848,0
2017-11-17,17:00:00,7.455,7.455,7.45,7.45,452,0
2017-11-17,18:00:00,7.45,7.55,7.45,7.55,2518,0
2017-11-17,19:00:00,7.6,7.6,7.6,7.6,100,0
2017-11-17,20:00:00,7.6,7.6,7.5432,7.6,511,0
2017-11-17,21:00:00,7.575,7.575,7.475,7.5,6642,0
2017-11-17,22:00:00,7.5,7.65,7.475,7.5,15244,0
2017-11-20,16:00:00,7.45,7.6,7.45,7.6,784,0
2017-11-20,17:00:00,7.55,7.55,7.55,7.55,100,0
2017-11-20,18:00:00,7.595,7.595,7.595,7.595,100,0
2017-11-20,19:00:00,7.6,7.6,7.6,7.6,100,0
2017-11-20,20:00:00,7.5576,7.65,7.555,7.65,561,0
2017-11-20,21:00:00,7.6,7.65,7.6,7.6,1142,0
2017-11-20,22:00:00,7.6,7.7,7.6,7.7,6362,0
2017-11-21,16:00:00,7.6,7.6,7.5,7.6,1694,0
2017-11-21,17:00:00,7.5,7.6,7.5,7.58,1000,0
2017-11-21,18:00:00,7.583,7.75,7.583,7.725,9929,0
2017-11-21,19:00:00,7.75,7.75,7.75,7.75,1100,0
2017-11-21,20:00:00,7.75,7.75,7.75,7.75,1700,0
2017-11-21,21:00:00,7.75,7.85,7.725,7.85,5130,0
2017-11-21,22:00:00,7.85,7.85,7.75,7.75,9733,0
2017-11-22,16:00:00,7.8,7.8,7.8,7.8,283,0
2017-11-22,19:00:00,7.75,7.75,7.725,7.75,500,0
2017-11-22,20:00:00,7.75,7.85,7.75,7.85,3863,0
2017-11-22,21:00:00,7.85,7.95,7.85,7.95,200,0
2017-11-22,22:00:00,7.9,8,7.7,7.7,9975,0
2017-11-24,16:00:00,7.75,7.75,7.75,7.75,229,0
2017-11-24,17:00:00,7.85,7.9,7.8,7.9,779,0
2017-11-24,18:00:00,7.9,7.9,7.9,7.9,300,0
2017-11-24,19:00:00,7.9,7.9,7.9,7.9,1000,0
2017-11-24,20:00:00,7.9,8,7.9,8,2803,0
2017-11-27,16:00:00,7.95,8,7.9,8,1663,0
2017-11-27,17:00:00,7.95,8,7.95,8,400,0
2017-11-27,18:00:00,8,8,8,8,300,0
2017-11-27,19:00:00,8,8,8,8,100,0
2017-11-27,20:00:00,8,8,7.9366,8,1428,0
2017-11-27,21:00:00,8,8,7.95,8,700,0
2017-11-27,22:00:00,7.95,8,7.95,8,8129,0
2017-11-28,16:00:00,7.95,8,7.95,8,1223,0
2017-11-28,17:00:00,8.1,8.1,8.1,8.1,200,0
2017-11-28,18:00:00,8.1,8.1,8.1,8.1,200,0
2017-11-28,19:00:00,8.1,8.15,8.1,8.15,2067,0
2017-11-28,20:00:00,8.15,8.35,8.1,8.35,5910,0
2017-11-28,21:00:00,8.35,8.35,8.297,8.35,3700,0
2017-11-28,22:00:00,8.35,8.5,8.35,8.45,14977,0
2017-11-29,16:00:00,8.45,8.45,8.25,8.35,2460,0
2017-11-29,18:00:00,8.25,8.25,8.2,8.25,500,0
2017-11-29,19:00:00,8.2,8.25,8.2,8.25,400,0
2017-11-29,20:00:00,8.25,8.25,8.15,8.15,300,0
2017-11-29,21:00:00,8.15,8.25,8.15,8.25,1072,0
2017-11-29,22:00:00,8.15,8.3,8.15,8.25,6771,0
2017-11-30,16:00:00,8.35,8.35,8.35,8.35,185,0
2017-11-30,17:00:00,8.3,8.35,8.3,8.3,300,0
2017-11-30,18:00:00,8.3,8.3,8.25,8.25,200,0
2017-11-30,19:00:00,8.3,8.35,8.3,8.3,744,0
2017-11-30,20:00:00,8.35,8.35,8.25,8.25,200,0
2017-11-30,21:00:00,8.25,8.3,8.25,8.3,1299,0
2017-11-30,22:00:00,8.25,8.45,8.2,8.25,16905,0
2017-12-01,17:00:00,8.25,8.3,8.2,8.25,1000,0
2017-12-01,18:00:00,8.15,8.2,8.15,8.15,1666,0
2017-12-01,19:00:00,8.25,8.3,8.1789,8.3,5059,0
2017-12-01,20:00:00,8.35,8.4,8.35,8.4,500,0
2017-12-01,21:00:00,8.4,8.4,8.225,8.25,4516,0
2017-12-01,22:00:00,8.25,8.25,8.1,8.1,6973,0
2017-12-04,16:00:00,8.15,8.15,8.1,8.105,2208,0
2017-12-04,17:00:00,8.1,8.1,8.1,8.1,100,0
2017-12-04,18:00:00,8.1,8.2,8.1,8.2,2300,0
2017-12-04,19:00:00,8.2,8.2,8.1,8.1,400,0
2017-12-04,20:00:00,8.1,8.2,8.1,8.2,2357,0
2017-12-04,21:00:00,8.2,8.2,8.15,8.15,700,0
2017-12-04,22:00:00,8.05,8.25,8.05,8.15,13581,0
2017-12-05,16:00:00,8.1,8.1,7.4,7.6,18189,0
2017-12-05,17:00:00,7.6,7.65,7.6,7.65,1000,0
2017-12-05,18:00:00,7.625,7.65,7.6,7.625,2138,0
2017-12-05,19:00:00,7.65,7.65,7.625,7.65,800,0
2017-12-05,20:00:00,7.65,7.7,7.65,7.7,600,0
2017-12-05,21:00:00,7.75,7.75,7.65,7.75,6729,0
2017-12-05,22:00:00,7.75,8,7.7,7.85,15828,0
2017-12-06,16:00:00,7.9,7.95,7.9,7.95,307,0
2017-12-06,18:00:00,7.95,7.95,7.9,7.9153,910,0
2017-12-06,19:00:00,7.95,7.95,7.8,7.85,1000,0
2017-12-06,20:00:00,7.75,7.95,7.6,7.95,35949,0
2017-12-06,21:00:00,7.925,7.95,7.9,7.919,3237,0
2017-12-06,22:00:00,7.9,7.95,7.85,7.85,24323,0
2017-12-07,16:00:00,7.85,8.25,7.8,8.1,38497,0
2017-12-07,17:00:00,8.1,8.15,8.05,8.15,600,0
2017-12-07,18:00:00,8.15,8.2,8.05,8.2,2537,0
2017-12-07,19:00:00,8.2,8.25,8.175,8.1789,1578,0
2017-12-07,20:00:00,8.225,8.25,8.225,8.25,600,0
2017-12-07,21:00:00,8.25,8.25,8.225,8.25,700,0
2017-12-07,22:00:00,8.25,8.25,8.15,8.2,16410,0
2017-12-08,16:00:00,8.25,8.25,8.15,8.225,4391,0
2017-12-08,17:00:00,8.225,8.225,8.15,8.2,2400,0
2017-12-08,18:00:00,8.175,8.225,8.15,8.225,15938,0
2017-12-08,19:00:00,8.25,8.25,8.2,8.25,1453,0
2017-12-08,20:00:00,8.25,8.25,8.2,8.225,2936,0
2017-12-08,21:00:00,8.225,8.25,8.2144,8.225,1000,0
2017-12-08,22:00:00,8.225,8.25,8.15,8.2,5219,0
2017-12-11,16:00:00,8.15,8.15,8.15,8.15,365,0
2017-12-11,17:00:00,8.2,8.2,8.2,8.2,200,0
2017-12-11,19:00:00,8.15,8.15,8.1,8.1289,6276,0
2017-12-11,20:00:00,8.2,8.2,8.05,8.2,3998,0
2017-12-11,21:00:00,8.2,8.2,8.1289,8.1289,1703,0
2017-12-11,22:00:00,8.15,8.2,8.15,8.15,5242,0
2017-12-12,16:00:00,8.1,8.1,8.1,8.1,725,0
2017-12-12,17:00:00,8.2,8.3,8.2,8.3,1700,0
2017-12-12,18:00:00,8.3,8.5,8.3,8.5,800,0
2017-12-12,19:00:00,8.475,8.5,8.469,8.5,2822,0
2017-12-12,20:00:00,8.5,8.55,8.475,8.475,700,0
2017-12-12,21:00:00,8.5,8.5,8.45,8.5,1800,0
2017-12-12,22:00:00,8.5,8.5,8.4,8.45,6272,0
2017-12-13,16:00:00,8.4,8.4,8.35,8.35,820,0
2017-12-13,17:00:00,8.425,8.45,8.425,8.45,200,0
2017-12-13,18:00:00,8.45,8.45,8.425,8.45,1400,0
2017-12-13,19:00:00,8.45,8.45,8.425,8.425,300,0
2017-12-13,20:00:00,8.425,8.45,8.4,8.4,5329,0
2017-12-13,21:00:00,8.45,8.45,8.425,8.45,3056,0
2017-12-13,22:00:00,8.55,8.55,8.055,8.4,20360,0
2017-12-14,16:00:00,8.35,8.35,8.35,8.35,1538,0
2017-12-14,17:00:00,8.4,8.45,8.4,8.45,500,0
2017-12-14,18:00:00,8.35,8.45,8.35,8.45,500,0
2017-12-14,19:00:00,8.5,8.5,8.5,8.5,100,0
2017-12-14,20:00:00,8.5,8.5,8.4,8.475,2697,0
2017-12-14,21:00:00,8.45,8.55,8.45,8.55,1400,0
2017-12-14,22:00:00,8.5,8.55,8.4,8.4,3185,0
2017-12-15,16:00:00,8.35,8.45,8.35,8.45,20921,0
2017-12-15,17:00:00,8.4,8.45,8.4,8.45,1272,0
2017-12-15,18:00:00,8.5,8.5,8.5,8.5,100,0
2017-12-15,19:00:00,8.5,8.5,8.5,8.5,100,0
2017-12-15,20:00:00,8.5,8.5,8.475,8.5,1163,0
2017-12-15,21:00:00,8.5,8.8,8.5,8.7,3798,0
2017-12-15,22:00:00,8.75,8.8,8.65,8.65,24104,0
2017-12-18,16:00:00,8.7,8.7,8.65,8.65,374,0
2017-12-18,17:00:00,8.7,8.7,8.7,8.7,400,0
2017-12-18,18:00:00,8.676,8.8,8.676,8.8,2100,0
2017-12-18,19:00:00,8.9,8.9,8.85,8.875,746,0
2017-12-18,20:00:00,8.9,9,8.9,9,835,0
2017-12-18,21:00:00,8.9,9,8.9,8.9,1800,0
2017-12-18,22:00:00,8.95,8.95,8.85,8.95,6704,0
2017-12-19,16:00:00,8.8,8.8,8.8,8.8,1248,0
2017-12-19,17:00:00,8.8,8.8,8.8,8.8,500,0
2017-12-19,18:00:00,8.75,8.85,8.75,8.85,300,0
2017-12-19,20:00:00,8.8,8.8,8.75,8.8,1865,0
2017-12-19,21:00:00,8.8,8.8,8.8,8.8,100,0
2017-12-19,22:00:00,8.7174,8.8,8.55,8.575,6895,0
2017-12-20,16:00:00,8.7,8.7,8.6,8.6,1642,0
2017-12-20,17:00:00,8.7,8.7,8.7,8.7,100,0
2017-12-20,19:00:00,8.75,8.8,8.7,8.8,700,0
2017-12-20,20:00:00,8.85,8.85,8.7988,8.85,1200,0
2017-12-20,21:00:00,8.788,8.85,8.788,8.85,591,0
2017-12-20,22:00:00,8.85,9.1,8.85,9.05,16445,0
2017-12-21,16:00:00,9.1,9.1,8.95,9.05,3811,0
2017-12-21,17:00:00,9.05,9.075,9.05,9.05,3846,0
2017-12-21,18:00:00,9.075,9.1,9.075,9.075,800,0
2017-12-21,19:00:00,9.075,9.1,9.05,9.1,3682,0
2017-12-21,20:00:00,9.1,9.3,9.075,9.3,4000,0
2017-12-21,21:00:00,9.3,9.4,9.3,9.4,10055,0
2017-12-21,22:00:00,9.35,9.4,9.3,9.35,13794,0
2017-12-22,16:00:00,9.35,9.35,9.175,9.175,2688,0
2017-12-22,17:00:00,9.15,9.2,9.1,9.15,5300,0
2017-12-22,18:00:00,9.1,9.2,9.1,9.2,5884,0
2017-12-22,19:00:00,9.2,9.35,9.2,9.35,1621,0
2017-12-22,20:00:00,9.35,9.35,9.35,9.35,300,0
2017-12-22,21:00:00,9.35,9.35,9.3,9.3,800,0
2017-12-22,22:00:00,9.3,9.35,9.3,9.325,1249,0
2017-12-26,16:00:00,9.25,9.45,9.207,9.4,2776,0
2017-12-26,17:00:00,9.45,9.7,9.45,9.7,11877,0
2017-12-26,18:00:00,9.6,9.75,9.6,9.65,1900,0
2017-12-26,19:00:00,9.7,9.7,9.65,9.7,7899,0
2017-12-26,20:00:00,9.675,9.7,9.65,9.7,2000,0
2017-12-26,21:00:00,9.7,9.7,9.65,9.65,800,0
2017-12-26,22:00:00,9.65,9.7,9.6,9.65,5351,0
2017-12-27,16:00:00,9.7,9.8,9.6,9.8,1710,0
2017-12-27,17:00:00,9.85,9.9,9.8207,9.85,1945,0
2017-12-27,18:00:00,9.85,9.85,9.8,9.8,8743,0
2017-12-27,19:00:00,9.8,9.8,9.75,9.8,1995,0
2017-12-27,20:00:00,9.8,9.8,9.75,9.8,6563,0
2017-12-27,21:00:00,9.8,9.95,9.8,9.95,2200,0
2017-12-27,22:00:00,9.95,10,9.8,9.95,4131,0
2017-12-28,16:00:00,9.95,10.15,9.9,10.0151,6077,0
2017-12-28,17:00:00,10.05,10.05,10,10.05,3300,0
2017-12-28,18:00:00,10,10.05,10,10.05,3675,0
2017-12-28,19:00:00,10.05,10.1,10,10.1,7548,0
2017-12-28,20:00:00,10.1,10.1,9.9966,10,8045,0
2017-12-28,21:00:00,10.05,10.1,10,10.05,7105,0
2017-12-28,22:00:00,10.075,10.1,10,10.1,15595,0
2017-12-29,16:00:00,10.1,10.1,9.9,10.1,1650,0
2017-12-29,18:00:00,10,10,9.9,9.9625,6272,0
2017-12-29,19:00:00,10,10,9.9,9.95,900,0
2017-12-29,20:00:00,9.95,10,9.95,10,2404,0
2017-12-29,21:00:00,9.955,9.955,9.9,9.9,800,0
2017-12-29,22:00:00,9.95,10,9.9,9.9,10084,0
2018-01-02,16:00:00,9.85,9.875,9.6,9.675,12801,0
2018-01-02,17:00:00,9.65,9.75,9.65,9.7,17533,0
2018-01-02,18:00:00,9.65,9.65,9.55,9.6,10780,0
2018-01-02,19:00:00,9.6,9.6,9.55,9.575,2247,0
2018-01-02,20:00:00,9.6,9.6,9.4997,9.4997,2954,0
2018-01-02,21:00:00,9.55,9.55,9.45,9.5,1000,0
2018-01-02,22:00:00,9.5,9.55,9.5,9.55,7273,0
2018-01-03,16:00:00,9.35,9.6,9.3126,9.4,5742,0
2018-01-03,17:00:00,9.45,9.45,9.4,9.425,2100,0
2018-01-03,18:00:00,9.4,9.425,9.15,9.35,5779,0
2018-01-03,19:00:00,9.35,9.35,9.2,9.3,3100,0
2018-01-03,20:00:00,9.35,9.4,9.35,9.4,2410,0
2018-01-03,21:00:00,9.4,9.4,9.35,9.4,1200,0
2018-01-03,22:00:00,9.4,9.45,9.2,9.35,14162,0
2018-01-04,16:00:00,9.35,9.35,9.2,9.25,2114,0
2018-01-04,17:00:00,9.2795,9.3,9.2795,9.3,610,0
2018-01-04,18:00:00,9.26,9.2817,9.15,9.15,9934,0
2018-01-04,19:00:00,9.2,9.2,9.175,9.175,500,0
2018-01-04,20:00:00,9.175,9.25,9.175,9.25,2000,0
2018-01-04,21:00:00,9.25,9.25,9.125,9.2,4389,0
2018-01-04,22:00:00,9.2,9.25,9.15,9.2,8654,0
2018-01-05,16:00:00,9.2,9.2,9,9.1,1314,0
2018-01-05,17:00:00,9.05,9.09,8.85,8.9,3363,0
2018-01-05,18:00:00,8.9262,8.95,8.8,8.85,3968,0
2018-01-05,19:00:00,8.85,8.85,8.75,8.7717,2625,0
2018-01-05,20:00:00,8.8,8.895,8.7,8.895,2450,0
2018-01-05,21:00:00,8.85,9.05,8.85,9.05,6428,0
2018-01-05,22:00:00,9,9.2,8.95,9.1,24510,0
2018-01-08,16:00:00,9,9.1,9,9.05,1689,0
2018-01-08,17:00:00,9.1,9.15,9.1,9.15,3315,0
2018-01-08,18:00:00,9.15,9.25,9.15,9.25,4252,0
2018-01-08,19:00:00,9.25,9.25,9.2,9.25,1600,0
2018-01-08,20:00:00,9.25,9.25,9.2,9.2,200,0
2018-01-08,21:00:00,9.25,9.25,9.2,9.225,2300,0
2018-01-08,22:00:00,9.25,9.25,9.1,9.15,4679,0
2018-01-09,16:00:00,9.15,9.2,9.15,9.2,600,0
2018-01-09,17:00:00,9.295,9.3,9.2,9.2,1400,0
2018-01-09,18:00:00,9.25,9.3,9.25,9.3,300,0
2018-01-09,19:00:00,9.25,9.3,9.2,9.25,900,0
2018-01-09,20:00:00,9.25,9.3,9.25,9.25,1871,0
2018-01-09,21:00:00,9.25,9.3,9.2,9.2,1450,0
2018-01-09,22:00:00,9.2,9.3,9.2,9.3,4283,0
2018-01-10,16:00:00,9.35,9.45,9.25,9.25,2685,0
2018-01-10,17:00:00,9.2,9.2,9.2,9.2,100,0
2018-01-10,18:00:00,9.25,9.25,9.2,9.25,1700,0
2018-01-10,19:00:00,9.25,9.3,9.245,9.3,800,0
2018-01-10,20:00:00,9.3,9.3,9.295,9.3,600,0
2018-01-10,21:00:00,9.295,9.3,9.2,9.3,8137,0
2018-01-10,22:00:00,9.3,9.35,9.225,9.3,16032,0
2018-01-11,16:00:00,9.25,9.5,9.25,9.25,1407,0
2018-01-11,17:00:00,9.3,9.4,9.2,9.2,1302,0
2018-01-11,18:00:00,9.2,9.25,9.2,9.2,3153,0
2018-01-11,19:00:00,9.25,9.25,9.2,9.25,800,0
2018-01-11,20:00:00,9.25,9.275,9.2,9.25,900,0
2018-01-11,21:00:00,9.3,9.3,9.25,9.3,300,0
2018-01-11,22:00:00,9.3,9.3,9.2,9.25,4109,0
2018-01-12,16:00:00,9.3,9.3,9.25,9.25,518,0
2018-01-12,17:00:00,9.3,9.35,9.25,9.25,2518,0
2018-01-12,18:00:00,9.25,9.25,9.25,9.25,300,0
2018-01-12,19:00:00,9.35,9.35,9.25,9.25,500,0
2018-01-12,20:00:00,9.3,9.3,9.3,9.3,1595,0
2018-01-12,21:00:00,9.2632,9.2632,9.2632,9.2632,1400,0
2018-01-12,22:00:00,9.3,9.35,9.25,9.35,2494,0
2018-01-16,16:00:00,9.3,9.4,9.15,9.4,3500,0
2018-01-16,17:00:00,9.25,9.25,9.2,9.25,3922,0
2018-01-16,18:00:00,9.25,9.25,9.225,9.225,550,0
2018-01-16,19:00:00,9.2,9.25,9.2,9.25,2000,0
2018-01-16,20:00:00,9.25,9.25,9.2,9.2,1436,0
2018-01-16,21:00:00,9.25,9.25,8.95,8.95,5359,0
2018-01-16,22:00:00,8.9,8.9,8.8,8.85,5703,0
2018-01-17,16:00:00,8.85,8.85,8.8,8.8,1159,0
2018-01-17,17:00:00,8.65,8.65,8.6,8.6,900,0
2018-01-17,18:00:00,8.7,8.7,8.7,8.7,100,0
2018-01-17,19:00:00,8.75,8.75,8.75,8.75,1400,0
2018-01-17,20:00:00,8.795,8.9,8.795,8.8,4108,0
2018-01-17,21:00:00,8.8,8.8,8.8,8.8,100,0
2018-01-17,22:00:00,8.85,8.9,8.75,8.8,6117,0
2018-01-18,16:00:00,8.85,9,8.85,9,306,0
2018-01-18,17:00:00,9,9,9,9,200,0
2018-01-18,18:00:00,8.95,8.975,8.95,8.975,205,0
2018-01-18,20:00:00,9,9.031,9,9.021,1600,0
2018-01-18,21:00:00,9,9,9,9,705,0
2018-01-18,22:00:00,8.95,9,8.85,8.9,3456,0
2018-01-19,16:00:00,8.85,8.85,8.85,8.85,2311,0
2018-01-19,17:00:00,8.85,8.9057,8.85,8.9057,300,0
2018-01-19,18:00:00,8.875,8.9,8.85,8.9,300,0
2018-01-19,19:00:00,8.9,8.9,8.9,8.9,200,0
2018-01-19,20:00:00,8.9,8.9,8.85,8.85,715,0
2018-01-19,21:00:00,8.9,8.9,8.85,8.9,1371,0
2018-01-19,22:00:00,8.9,9,8.85,8.95,3217,0
2018-01-22,16:00:00,9,9.1,9,9.0681,558,0
2018-01-22,17:00:00,9.1,9.15,9.1,9.125,1030,0
2018-01-22,18:00:00,9.15,9.15,9.1,9.15,1100,0
2018-01-22,19:00:00,9.15,9.15,9,9.1,4281,0
2018-01-22,20:00:00,9.15,9.15,8.9,9,11239,0
2018-01-22,21:00:00,9.05,9.05,9.025,9.025,600,0
2018-01-22,22:00:00,9.05,9.05,9.025,9.05,2916,0
2018-01-23,16:00:00,9.1,9.1,9.1,9.1,236,0
2018-01-23,17:00:00,9.1,9.1,9.1,9.1,100,0
2018-01-23,18:00:00,9.05,9.05,9.05,9.05,100,0
2018-01-23,19:00:00,9.0861,9.0861,9.05,9.05,200,0
2018-01-23,20:00:00,9.05,9.05,9.05,9.05,100,0
2018-01-23,22:00:00,9.05,9.1,9.05,9.1,1124,0
2018-01-24,16:00:00,9.1,9.1,9.1,9.1,157,0
2018-01-24,19:00:00,9.0752,9.0752,9.0752,9.0752,200,0
2018-01-24,20:00:00,9.1,9.1,9.1,9.1,100,0
2018-01-24,21:00:00,9.05,9.05,9.05,9.05,400,0
2018-01-24,22:00:00,9.1,9.1,9.05,9.05,1876,0
2018-01-25,16:00:00,9.15,9.15,9.1005,9.1005,671,0
2018-01-25,17:00:00,9.1,9.1,9.1,9.1,332,0
2018-01-25,18:00:00,9.1,9.1,9.1,9.1,903,0
2018-01-25,19:00:00,9.1,9.145,9.1,9.145,1498,0
2018-01-25,20:00:00,9.15,9.15,9.05,9.05,1400,0
2018-01-25,21:00:00,9.05,9.1,8.95,9,3864,0
2018-01-25,22:00:00,9,9,8.95,9,1837,0
2018-01-26,16:00:00,9.05,9.05,8.95,8.95,3571,0
2018-01-26,17:00:00,9.05,9.05,9.05,9.05,300,0
2018-01-26,18:00:00,9.05,9.05,9.05,9.05,100,0
2018-01-26,19:00:00,9,9.05,9,9,1400,0
2018-01-26,22:00:00,9.05,9.05,9,9.05,1527,0
2018-01-29,16:00:00,9,9.1,9,9.1,234,0
2018-01-29,17:00:00,9.05,9.05,9.05,9.05,100,0
2018-01-29,18:00:00,9.05,9.05,9.05,9.05,100,0
2018-01-29,19:00:00,9.1,9.1,9,9.1,1300,0
2018-01-29,20:00:00,9.1,9.1,9,9.05,2000,0
2018-01-29,21:00:00,9.15,9.15,8.95,8.95,7531,0
2018-01-29,22:00:00,8.95,9.1,8.95,9,17102,0
2018-01-30,16:00:00,9,9,8.9,8.9,526,0
2018-01-30,17:00:00,8.9502,8.9502,8.9,8.9,900,0
2018-01-30,18:00:00,9,9,8.85,8.85,1000,0
2018-01-30,19:00:00,8.85,9,8.85,8.85,1200,0
2018-01-30,20:00:00,8.85,8.95,8.75,8.75,2317,0
2018-01-30,21:00:00,8.75,8.75,8.65,8.7,1000,0
2018-01-30,22:00:00,8.65,8.75,8.65,8.75,2988,0
2018-01-31,16:00:00,8.8,8.95,8.75,8.85,1350,0
2018-01-31,18:00:00,8.9,9,8.9,9,200,0
2018-01-31,19:00:00,9,9,8.8,8.8,6481,0
2018-01-31,20:00:00,8.85,8.85,8.8,8.85,625,0
2018-01-31,21:00:00,8.85,8.85,8.75,8.8,3187,0
2018-01-31,22:00:00,8.75,8.85,8.7,8.75,3187,0
2018-02-01,16:00:00,8.65,8.95,8.65,8.8,7850,0
2018-02-01,17:00:00,8.9,8.9,8.9,8.9,535,0
2018-02-01,18:00:00,8.9,8.9,8.9,8.9,584,0
2018-02-01,19:00:00,8.85,8.925,8.75,8.75,2371,0
2018-02-01,20:00:00,8.8,8.85,8.75,8.8,962,0
2018-02-01,21:00:00,8.75,8.8,8.75,8.75,500,0
2018-02-01,22:00:00,8.75,8.8,8.65,8.65,4114,0
2018-02-02,16:00:00,8.6,8.7,8.6,8.7,482,0
2018-02-02,17:00:00,8.9252,8.95,8.9252,8.95,300,0
2018-02-02,18:00:00,8.95,9.025,8.95,9.01,9246,0
2018-02-02,19:00:00,9.025,9.05,9.025,9.05,700,0
2018-02-02,20:00:00,9.05,9.15,9.05,9.15,600,0
2018-02-02,21:00:00,9.05,9.15,9.05,9.1,1900,0
2018-02-02,22:00:00,9,9.05,9,9.05,5687,0
2018-02-05,16:00:00,8.65,8.65,8.5,8.55,2593,0
2018-02-05,17:00:00,8.45,8.6,8.4,8.6,6821,0
2018-02-05,18:00:00,8.625,8.95,8.625,8.85,9175,0
2018-02-05,19:00:00,8.8314,8.9,8.8,8.9,5400,0
2018-02-05,20:00:00,8.8,8.85,8.8,8.8,6100,0
2018-02-05,21:00:00,8.8,8.85,8.75,8.8,6095,0
2018-02-05,22:00:00,8.8,8.8,8.75,8.75,33184,0
2018-02-06,16:00:00,8.5,8.5,8.25,8.35,6041,0
2018-02-06,17:00:00,8.5,8.7,8.25,8.45,36557,0
2018-02-06,18:00:00,8.4,8.4,8.1,8.3,9338,0
2018-02-06,19:00:00,8.35,8.45,8.3,8.35,8187,0
2018-02-06,20:00:00,8.3,8.325,7.9,7.975,19851,0
2018-02-06,21:00:00,7.95,7.975,7.8,7.825,19569,0
2018-02-06,22:00:00,7.8,8.1,7.7889,8.05,28981,0
2018-02-07,16:00:00,8,8.05,8,8.05,3099,0
2018-02-07,17:00:00,8.05,8.05,8.005,8.025,3472,0
2018-02-07,18:00:00,8,8,7.9501,7.9501,3673,0
2018-02-07,19:00:00,7.975,8,7.825,7.85,13800,0
2018-02-07,20:00:00,7.85,7.85,7.85,7.85,100,0
2018-02-07,21:00:00,7.8,7.8,7.775,7.775,1400,0
2018-02-07,22:00:00,7.8,7.85,7.755,7.85,45777,0
2018-02-08,16:00:00,7.6,7.65,7,7,296181,0
2018-02-08,17:00:00,7,7.25,6.75,6.8,333324,0
2018-02-08,18:00:00,6.85,6.85,6.5,6.5,170772,0
2018-02-08,19:00:00,6.5,7.3,6.5,7.275,269252,0
2018-02-08,20:00:00,7.25,7.35,7.1,7.15,138222,0
2018-02-08,21:00:00,7.175,7.2,6.9,6.9,74188,0
2018-02-08,22:00:00,6.925,7.55,6.9,7.45,181813,0
2018-02-09,16:00:00,7.45,7.6,7.45,7.55,65683,0
2018-02-09,17:00:00,7.5,7.55,7.35,7.4,22911,0
2018-02-09,18:00:00,7.4,7.5,7.4,7.475,6750,0
2018-02-09,19:00:00,7.5,7.55,7.5,7.5,52738,0
2018-02-09,20:00:00,7.5,7.55,7.4,7.495,23271,0
2018-02-09,21:00:00,7.5,7.5,7.4,7.45,6762,0
2018-02-09,22:00:00,7.45,7.45,7.4,7.45,16705,0
2018-02-12,16:00:00,7.4,7.575,7.4,7.45,12066,0
2018-02-12,17:00:00,7.45,7.5,7.4,7.425,13369,0
2018-02-12,18:00:00,7.45,7.45,7.425,7.425,3900,0
2018-02-12,19:00:00,7.45,7.45,7.4,7.4,15146,0
2018-02-12,20:00:00,7.45,7.45,7.4,7.4097,12281,0
2018-02-12,21:00:00,7.45,7.45,7.45,7.45,7069,0
2018-02-12,22:00:00,7.4,7.475,7.4,7.4,38553,0
2018-02-13,16:00:00,7.3,7.35,7.3,7.35,15154,0
2018-02-13,17:00:00,7.35,7.35,7.3,7.35,7536,0
2018-02-13,18:00:00,7.325,7.35,7.3,7.35,1000,0
2018-02-13,19:00:00,7.35,7.35,7.35,7.35,24282,0
2018-02-13,20:00:00,7.35,7.4,7.3315,7.4,11017,0
2018-02-13,21:00:00,7.4,7.7,7.4,7.65,37686,0
2018-02-13,22:00:00,7.65,7.75,7.65,7.65,33052,0
2018-02-14,16:00:00,7.6,7.75,7.6,7.6,5963,0
2018-02-14,17:00:00,7.65,7.725,7.6,7.725,11494,0
2018-02-14,18:00:00,7.75,7.75,7.7,7.7,19329,0
2018-02-14,19:00:00,7.725,7.95,7.7,7.95,22511,0
2018-02-14,20:00:00,7.925,7.95,7.85,7.85,5270,0
2018-02-14,21:00:00,7.9,7.9,7.85,7.85,11698,0
2018-02-14,22:00:00,7.8,7.95,7.75,7.85,23548,0
2018-02-15,16:00:00,7.85,8,7.85,8,2336,0
2018-02-15,17:00:00,8,8,7.95,8,3100,0
2018-02-15,18:00:00,8,8,7.95,8,8610,0
2018-02-15,19:00:00,8,8,7.95,8,4866,0
2018-02-15,20:00:00,8,8,7.95,8,11204,0
2018-02-15,21:00:00,8,8.1,7.95,8.1,14500,0
2018-02-15,22:00:00,8.05,8.1,7.95,8.05,42775,0
2018-02-16,16:00:00,8,8.175,7.95,7.95,6991,0
2018-02-16,17:00:00,8,8,7.9,8,4522,0
2018-02-16,18:00:00,7.95,7.95,7.85,7.9,2400,0
2018-02-16,19:00:00,7.9,8,7.875,8,4046,0
2018-02-16,20:00:00,7.975,8.1,7.95,8.1,6500,0
2018-02-16,21:00:00,8.15,8.15,8.05,8.15,6679,0
2018-02-16,22:00:00,8.15,8.15,7.95,7.95,179591,0
2018-02-20,16:00:00,7.9,7.95,7.8,7.95,5200,0
2018-02-20,17:00:00,7.95,8,7.9,8,3004,0
2018-02-20,18:00:00,8,8.05,8,8.05,3100,0
2018-02-20,19:00:00,8.025,8.05,8,8.05,3788,0
2018-02-20,20:00:00,8.025,8.05,8,8.05,3800,0
2018-02-20,21:00:00,8.025,8.05,8,8.025,4000,0
2018-02-20,22:00:00,8,8.05,7.95,7.95,12753,0
2018-02-21,16:00:00,7.95,8,7.95,8,445,0
2018-02-21,17:00:00,7.95,7.95,7.85,7.85,300,0
2018-02-21,18:00:00,7.95,8.1,7.95,8.05,5251,0
2018-02-21,19:00:00,8.1,8.1,8,8,5277,0
2018-02-21,20:00:00,8,8,7.95,8,3500,0
2018-02-21,21:00:00,8,8.05,8,8.025,6056,0
2018-02-21,22:00:00,8.05,8.05,7.9,7.95,12633,0
2018-02-22,16:00:00,7.95,8.05,7.95,8,1006,0
2018-02-22,17:00:00,8,8,7.75,7.75,3286,0
2018-02-22,18:00:00,7.85,7.85,7.75,7.75,2200,0
2018-02-22,19:00:00,7.85,7.85,7.75,7.85,1949,0
2018-02-22,20:00:00,7.85,7.85,7.75,7.8,6876,0
2018-02-22,21:00:00,7.8,7.85,7.75,7.85,2400,0
2018-02-22,22:00:00,7.8,7.9,7.75,7.8,10372,0
2018-02-23,16:00:00,7.8,7.85,7.8,7.85,422,0
2018-02-23,17:00:00,7.8,7.85,7.8,7.8,400,0
2018-02-23,18:00:00,7.825,7.85,7.75,7.85,6319,0
2018-02-23,19:00:00,7.825,7.85,7.75,7.8,7924,0
2018-02-23,20:00:00,7.75,7.8,7.7,7.7,1200,0
2018-02-23,21:00:00,7.75,7.8,7.7,7.7,1600,0
2018-02-23,22:00:00,7.8,7.85,7.75,7.75,7171,0
2018-02-26,16:00:00,7.85,7.95,7.7,7.75,3900,0
2018-02-26,17:00:00,7.75,7.8,7.7,7.7,2300,0
2018-02-26,18:00:00,7.75,7.8,7.7,7.8,1600,0
2018-02-26,19:00:00,7.7,7.8,7.7,7.75,1500,0
2018-02-26,20:00:00,7.8,7.8,7.7,7.8,514,0
2018-02-26,21:00:00,7.75,7.8,7.75,7.75,2482,0
2018-02-26,22:00:00,7.8,8,7.8,7.95,9242,0
2018-02-27,16:00:00,7.95,7.95,7.75,7.75,302,0
2018-02-27,17:00:00,7.85,7.85,7.85,7.85,100,0
2018-02-27,18:00:00,7.8,7.85,7.8,7.85,300,0
2018-02-27,19:00:00,7.85,7.9,7.85,7.9,400,0
2018-02-27,20:00:00,7.8,7.9,7.8,7.9,800,0
2018-02-27,21:00:00,7.9,7.95,7.9,7.95,300,0
2018-02-27,22:00:00,7.85,7.9,7.8,7.8,4445,0
2018-02-28,16:00:00,7.75,7.8,7.65,7.7,2531,0
2018-02-28,17:00:00,7.75,7.9,7.75,7.825,1208,0
2018-02-28,18:00:00,7.815,7.815,7.7,7.75,3552,0
2018-02-28,19:00:00,7.8,7.8,7.75,7.795,720,0
2018-02-28,20:00:00,7.8,7.85,7.75,7.8,3500,0
2018-02-28,21:00:00,7.85,7.85,7.8,7.85,2589,0
2018-02-28,22:00:00,7.9,7.9,7.7,7.7,17587,0
2018-03-01,16:00:00,7.7,7.85,7.7,7.85,1365,0
2018-03-01,17:00:00,7.8,8,7.8,7.8,3120,0
2018-03-01,18:00:00,7.85,7.85,7.75,7.75,700,0
2018-03-01,19:00:00,7.75,7.8,7.75,7.8,7057,0
2018-03-01,20:00:00,7.75,7.75,7.6,7.7,11200,0
2018-03-01,21:00:00,7.7,7.75,7.65,7.65,2800,0
2018-03-01,22:00:00,7.725,7.9,7.7,7.8,13109,0
2018-03-02,16:00:00,7.75,7.75,7.05,7.2,36251,0
2018-03-02,17:00:00,7.2,7.85,7.2,7.8,27448,0
2018-03-02,18:00:00,7.7,7.8,7.6,7.8,13188,0
2018-03-02,19:00:00,7.85,7.85,7.7,7.7,16863,0
2018-03-02,20:00:00,7.85,7.85,7.775,7.8,1200,0
2018-03-02,21:00:00,7.85,8.025,7.815,8.025,17248,0
2018-03-02,22:00:00,8.025,8.1,7.975,8,26673,0
2018-03-05,16:00:00,7.85,7.95,7.85,7.95,2196,0
2018-03-05,17:00:00,8,8,7.85,7.85,9402,0
2018-03-05,18:00:00,7.95,7.95,7.9,7.925,1400,0
2018-03-05,19:00:00,7.9179,7.95,7.9,7.95,7310,0
2018-03-05,20:00:00,7.925,7.95,7.9,7.95,6105,0
2018-03-05,21:00:00,7.945,7.945,7.65,7.7435,10021,0
2018-03-05,22:00:00,7.8,7.9,7.75,7.8,11587,0
2018-03-06,16:00:00,7.9,8.075,7.875,8.05,10033,0
2018-03-06,17:00:00,8.1,8.1,7.95,7.95,2811,0
2018-03-06,18:00:00,7.95,8.05,7.9,8.05,2200,0
2018-03-06,19:00:00,8.05,8.05,7.9,8,1854,0
2018-03-06,20:00:00,8,8.05,7.9,7.95,3659,0
2018-03-06,21:00:00,8,8,7.937,8,2667,0
2018-03-06,22:00:00,8,8,7.9,7.95,13843,0
2018-03-07,16:00:00,7.95,8,7.95,7.95,1703,0
2018-03-07,17:00:00,8,8,7.975,7.975,800,0
2018-03-07,18:00:00,8,8,7.9,7.95,2700,0
2018-03-07,19:00:00,7.95,8,7.9,7.95,2100,0
2018-03-07,20:00:00,7.9,7.95,7.9,7.95,5520,0
2018-03-07,21:00:00,7.925,7.95,7.7,7.85,13629,0
2018-03-07,22:00:00,7.85,7.9,7.75,7.85,10784,0
2018-03-08,16:00:00,7.8,7.9,7.7,7.7,3188,0
2018-03-08,17:00:00,7.8,7.8,7.6,7.6,1513,0
2018-03-08,18:00:00,7.6,7.65,7.4,7.4,3300,0
2018-03-08,19:00:00,7.35,7.6,7.35,7.6,3518,0
2018-03-08,20:00:00,7.6,7.6,7.5,7.55,2616,0
2018-03-08,21:00:00,7.55,7.55,7.5,7.55,1505,0
2018-03-08,22:00:00,7.5,7.65,7.5,7.6,17359,0
2018-03-09,16:00:00,7.65,7.8,7.65,7.8,2713,0
2018-03-09,17:00:00,7.8,7.8,7.75,7.8,2100,0
2018-03-09,18:00:00,7.8,7.8,7.7,7.7,3500,0
2018-03-09,19:00:00,7.75,7.75,7.65,7.75,8300,0
2018-03-09,20:00:00,7.75,7.75,7.7,7.7,1600,0
2018-03-09,21:00:00,7.75,7.775,7.7,7.75,3651,0
2018-03-09,22:00:00,7.8,7.95,7.72,7.95,24842,0
2018-03-12,15:00:00,7.85,7.95,7.85,7.95,3483,0
2018-03-12,16:00:00,7.975,8,7.9,7.95,3074,0
2018-03-12,17:00:00,8,8,7.938,8,3467,0
2018-03-12,18:00:00,8,8,7.85,7.875,3240,0
2018-03-12,19:00:00,7.875,7.9,7.8,7.8,3300,0
2018-03-12,20:00:00,7.85,7.9,7.85,7.85,2605,0
2018-03-12,21:00:00,7.85,7.95,7.85,7.9,8221,0
2018-03-13,15:00:00,7.9,7.9,7.7,7.7,5200,0
2018-03-13,16:00:00,7.65,7.7,7.65,7.675,1204,0
2018-03-13,17:00:00,7.675,7.675,7.55,7.55,1301,0
2018-03-13,18:00:00,7.65,7.65,7.55,7.65,500,0
2018-03-13,19:00:00,7.65,7.65,7.55,7.55,1200,0
2018-03-13,20:00:00,7.6,7.65,7.55,7.55,900,0
2018-03-13,21:00:00,7.575,7.65,7.4,7.45,9150,0
2018-03-14,15:00:00,7.45,7.6,7.4,7.45,4493,0
2018-03-14,16:00:00,7.45,7.5,7.4,7.4,6101,0
2018-03-14,17:00:00,7.4,7.45,7.35,7.4,1400,0
2018-03-14,18:00:00,7.35,7.45,7.35,7.4372,721,0
2018-03-14,19:00:00,7.4,7.5,7.4,7.4,2047,0
2018-03-14,20:00:00,7.45,7.45,7.25,7.25,10948,0
2018-03-14,21:00:00,7.275,7.3,7.25,7.25,8482,0
2018-03-15,15:00:00,7.25,7.25,7.2,7.2,717,0
2018-03-15,16:00:00,7.15,7.2,7.1,7.1,6773,0
2018-03-15,17:00:00,7.05,7.2,7.05,7.15,9392,0
2018-03-15,18:00:00,7.15,7.175,7.1,7.175,5217,0
2018-03-15,19:00:00,7.175,7.2,7.1,7.175,14943,0
2018-03-15,20:00:00,7.175,7.2,7.1,7.1,9555,0
2018-03-15,21:00:00,7.1,7.2,7.1,7.15,15129,0
2018-03-16,15:00:00,7.1,7.15,7,7.05,17236,0
2018-03-16,16:00:00,7.15,7.15,7,7.1,2600,0
2018-03-16,17:00:00,7.05,7.15,7.05,7.15,4015,0
2018-03-16,18:00:00,7.15,7.15,7.1,7.1,5847,0
2018-03-16,19:00:00,7.05,7.1,6.95,7.1,66751,0
2018-03-16,20:00:00,7.15,7.15,7.1,7.125,13537,0
2018-03-16,21:00:00,7.1,7.15,6.9,6.9,122852,0
2018-03-19,15:00:00,6.95,7.05,6.95,7.05,2781,0
2018-03-19,16:00:00,7.05,7.05,7,7.05,1200,0
2018-03-19,17:00:00,7.05,7.1,7.025,7.1,3051,0
2018-03-19,18:00:00,7.1,7.1,7.1,7.1,2972,0
2018-03-19,19:00:00,7.1,7.15,7.1,7.15,2730,0
2018-03-19,20:00:00,7.15,7.15,7.1,7.15,2800,0
2018-03-19,21:00:00,7.125,7.15,7.1,7.125,7460,0
2018-03-20,15:00:00,7.1,7.1,7.05,7.05,472,0
2018-03-20,16:00:00,7.1,7.15,7.05,7.15,300,0
2018-03-20,17:00:00,7.15,7.15,7.05,7.05,400,0
2018-03-20,18:00:00,7.05,7.1,7.05,7.075,2250,0
2018-03-20,19:00:00,7.075,7.1,7,7,1300,0
2018-03-20,20:00:00,7.05,7.15,7.05,7.15,2300,0
2018-03-20,21:00:00,7.15,7.15,7.05,7.1,7938,0
2018-03-21,15:00:00,7.05,7.1,7.05,7.1,300,0
2018-03-21,16:00:00,7.05,7.1,7.05,7.055,600,0
2018-03-21,17:00:00,7.15,7.15,7.1,7.1,2115,0
2018-03-21,18:00:00,7.05,7.15,7.05,7.1,600,0
2018-03-21,19:00:00,7.15,7.15,7.05,7.075,1594,0
2018-03-21,20:00:00,7.1,7.15,7.025,7.025,3184,0
2018-03-21,21:00:00,7.025,7.1,6.991,7.05,8599,0
2018-03-22,15:00:00,7.05,7.7,7.05,7.15,3184,0
2018-03-22,16:00:00,7.15,7.15,7.125,7.15,4800,0
2018-03-22,17:00:00,7.15,7.15,6.9,6.9603,8776,0
2018-03-22,18:00:00,6.95,7,6.95,7,500,0
2018-03-22,19:00:00,6.975,7.05,6.975,7,3300,0
2018-03-22,20:00:00,7.05,7.1,7,7,1400,0
2018-03-22,21:00:00,7.025,7.05,7,7,4109,0
2018-03-23,15:00:00,7,7,6.9,7,3535,0
2018-03-23,16:00:00,7.05,7.05,7.025,7.025,1000,0
2018-03-23,17:00:00,7,7.1,7,7.1,4068,0
2018-03-23,18:00:00,7.15,7.15,7.1,7.15,1686,0
2018-03-23,19:00:00,7.05,7.15,7.05,7.1,604,0
2018-03-23,20:00:00,7.1,7.1,6.95,6.975,1000,0
2018-03-23,21:00:00,7,7.05,6.975,7,16172,0
2018-03-26,16:00:00,7.1,7.1,7,7,981,0
2018-03-26,17:00:00,7,7.05,7,7.05,1556,0
2018-03-26,18:00:00,7,7.05,7,7.05,600,0
2018-03-26,19:00:00,7.05,7.05,7.05,7.05,300,0
2018-03-26,20:00:00,7,7.05,7,7.025,1500,0
2018-03-26,21:00:00,7.05,7.15,7,7.15,6231,0
2018-03-26,22:00:00,7.15,7.15,7.1,7.1,9509,0
2018-03-27,16:00:00,7.15,7.15,7.06,7.06,988,0
2018-03-27,17:00:00,7.15,7.15,7.15,7.15,140,0
2018-03-27,18:00:00,7.1,7.15,7.1,7.15,500,0
2018-03-27,19:00:00,7.15,7.15,7.15,7.15,100,0
2018-03-27,20:00:00,7.15,7.35,7.05,7.3,82582,0
2018-03-27,21:00:00,7.3,7.3,7.205,7.205,1000,0
2018-03-27,22:00:00,7.3,7.3,7.1,7.2,9877,0
2018-03-28,16:00:00,7.2,7.25,7.2,7.25,2005,0
2018-03-28,17:00:00,7.2,7.25,7.05,7.05,1762,0
2018-03-28,18:00:00,7.05,7.05,6.95,7.05,3700,0
2018-03-28,19:00:00,7.1,7.1,7.05,7.1,1133,0
2018-03-28,20:00:00,7.1362,7.2,7.1,7.2,3700,0
2018-03-28,21:00:00,7.25,7.25,7.1,7.1,900,0
2018-03-28,22:00:00,7.1,7.2,7,7.15,8996,0
2018-03-29,16:00:00,7.15,7.15,7,7,465,0
2018-03-29,17:00:00,7,7.05,7,7.05,5946,0
2018-03-29,18:00:00,7.1,7.15,7.05,7.125,4401,0
2018-03-29,19:00:00,7.125,7.15,7.1,7.15,1100,0
2018-03-29,20:00:00,7.1225,7.15,7.1,7.1,6000,0
2018-03-29,21:00:00,7.1,7.15,7.1,7.1,1300,0
2018-03-29,22:00:00,7.125,7.15,7.05,7.05,18279,0
