Date,Time,Open,High,Low,Close,Volume,OpenInt
2017-09-05,16:00:00,39.613,39.762,39.314,39.364,12836,0
2017-09-05,17:00:00,39.314,39.314,38.866,38.966,26485,0
2017-09-05,18:00:00,38.941,39.016,38.668,38.717,21971,0
2017-09-05,19:00:00,38.717,38.717,37.771,37.921,46622,0
2017-09-05,20:00:00,37.921,38.021,37.623,38.021,24032,0
2017-09-05,21:00:00,38.021,38.369,37.921,38.269,45666,0
2017-09-05,22:00:00,38.244,38.568,38.17,38.518,111935,0
2017-09-06,16:00:00,38.767,38.866,37.971,38.219,29043,0
2017-09-06,17:00:00,38.219,38.319,37.871,37.921,21605,0
2017-09-06,18:00:00,37.921,37.971,37.673,37.771,28189,0
2017-09-06,19:00:00,37.771,37.796,37.673,37.771,16064,0
2017-09-06,20:00:00,37.746,37.871,37.673,37.802,34577,0
2017-09-06,21:00:00,37.796,38.07,37.523,38.021,42265,0
2017-09-06,22:00:00,38.021,38.07,37.721,37.721,94303,0
2017-09-07,16:00:00,37.721,37.721,37.323,37.323,16255,0
2017-09-07,17:00:00,37.274,37.323,36.975,37.224,33021,0
2017-09-07,18:00:00,37.125,37.125,36.876,36.926,19051,0
2017-09-07,19:00:00,36.876,36.975,36.677,36.901,22214,0
2017-09-07,20:00:00,36.926,37.075,36.901,37.025,8484,0
2017-09-07,21:00:00,37.075,37.075,36.876,36.876,23620,0
2017-09-07,22:00:00,36.901,37.075,36.876,36.926,53726,0
2017-09-08,16:00:00,36.726,36.726,36.577,36.602,8475,0
2017-09-08,17:00:00,36.627,37.224,36.627,37.224,25648,0
2017-09-08,18:00:00,37.175,37.373,37.175,37.274,18041,0
2017-09-08,19:00:00,37.274,37.468,37.249,37.373,16615,0
2017-09-08,20:00:00,37.373,37.423,37.274,37.373,21137,0
2017-09-08,21:00:00,37.373,37.573,37.323,37.423,13977,0
2017-09-08,22:00:00,37.473,37.523,37.323,37.323,53154,0
2017-09-11,16:00:00,37.871,37.921,37.274,37.299,12659,0
2017-09-11,17:00:00,37.323,37.721,37.274,37.598,21791,0
2017-09-11,18:00:00,37.623,37.821,37.573,37.721,15380,0
2017-09-11,19:00:00,37.796,37.821,37.721,37.771,10188,0
2017-09-11,20:00:00,37.771,37.921,37.771,37.846,15722,0
2017-09-11,21:00:00,37.871,37.971,37.821,37.971,10841,0
2017-09-11,22:00:00,37.971,38.021,37.871,37.911,40109,0
2017-09-12,16:00:00,38.031,38.07,37.921,37.971,7180,0
2017-09-12,17:00:00,37.996,38.12,37.971,38.07,14273,0
2017-09-12,18:00:00,38.12,38.369,38.095,38.269,20324,0
2017-09-12,19:00:00,38.219,38.419,38.219,38.369,8847,0
2017-09-12,20:00:00,38.344,38.568,38.319,38.518,15739,0
2017-09-12,21:00:00,38.493,38.537,38.319,38.319,23032,0
2017-09-12,22:00:00,38.344,38.468,38.319,38.419,45834,0
2017-09-13,16:00:00,38.319,38.319,37.971,38.219,5914,0
2017-09-13,17:00:00,38.219,38.319,38.12,38.269,16899,0
2017-09-13,18:00:00,38.294,38.468,38.244,38.269,10369,0
2017-09-13,19:00:00,38.219,38.468,38.219,38.419,11048,0
2017-09-13,20:00:00,38.419,38.468,38.219,38.269,11752,0
2017-09-13,21:00:00,38.319,38.767,38.219,38.717,32988,0
2017-09-13,22:00:00,38.717,38.717,38.543,38.668,75613,0
2017-09-14,16:00:00,38.568,38.668,38.419,38.668,5839,0
2017-09-14,17:00:00,38.668,38.767,38.568,38.618,9371,0
2017-09-14,18:00:00,38.618,38.717,38.568,38.717,7138,0
2017-09-14,19:00:00,38.717,38.717,38.618,38.668,12205,0
2017-09-14,20:00:00,38.618,38.767,38.618,38.668,9553,0
2017-09-14,21:00:00,38.668,38.816,38.668,38.816,7319,0
2017-09-14,22:00:00,38.816,38.866,38.717,38.866,66166,0
2017-09-15,16:00:00,38.966,39.214,38.767,39.066,68698,0
2017-09-15,17:00:00,38.966,39.264,38.866,39.066,13948,0
2017-09-15,18:00:00,39.066,39.166,39.016,39.091,6999,0
2017-09-15,19:00:00,39.116,39.116,39.016,39.116,2512,0
2017-09-15,20:00:00,39.016,39.116,39.016,39.116,5104,0
2017-09-15,21:00:00,39.116,39.214,39.066,39.166,15185,0
2017-09-15,22:00:00,39.166,39.389,39.166,39.314,52762,0
2017-09-18,16:00:00,39.514,39.563,39.414,39.464,9351,0
2017-09-18,17:00:00,39.464,39.862,39.464,39.812,22260,0
2017-09-18,18:00:00,39.862,40.309,39.812,40.309,48412,0
2017-09-18,19:00:00,40.26,40.309,39.961,39.976,24296,0
2017-09-18,20:00:00,40.011,40.16,39.961,40.111,11274,0
2017-09-18,21:00:00,40.16,40.16,39.912,39.961,21812,0
2017-09-18,22:00:00,39.986,40.086,39.961,40.011,52494,0
2017-09-19,16:00:00,39.862,40.011,39.712,39.812,7911,0
2017-09-19,17:00:00,39.812,39.961,39.613,39.862,16911,0
2017-09-19,18:00:00,39.862,39.961,39.812,39.912,10333,0
2017-09-19,19:00:00,39.862,40.011,39.862,39.961,7448,0
2017-09-19,20:00:00,39.961,40.061,39.961,40.061,4014,0
2017-09-19,21:00:00,40.011,40.061,39.961,39.986,8462,0
2017-09-19,22:00:00,39.986,40.061,39.912,40.061,65878,0
2017-09-20,16:00:00,40.011,40.011,39.862,39.912,3589,0
2017-09-20,17:00:00,39.887,40.011,39.825,39.903,22005,0
2017-09-20,18:00:00,39.912,39.912,39.832,39.832,12509,0
2017-09-20,19:00:00,39.837,40.011,39.812,40.011,8765,0
2017-09-20,20:00:00,39.961,39.961,39.862,39.912,3215,0
2017-09-20,21:00:00,39.862,39.912,39.762,39.862,16996,0
2017-09-20,22:00:00,39.887,39.887,39.662,39.812,85321,0
2017-09-21,16:00:00,39.812,39.812,39.712,39.812,5616,0
2017-09-21,17:00:00,39.812,40.061,39.812,40.061,5429,0
2017-09-21,18:00:00,40.011,40.061,39.862,39.912,12210,0
2017-09-21,19:00:00,39.912,40.011,39.862,39.961,12044,0
2017-09-21,20:00:00,39.936,40.011,39.862,39.936,8552,0
2017-09-21,21:00:00,39.961,40.111,39.912,39.961,19839,0
2017-09-21,22:00:00,40.011,40.111,39.812,39.812,65169,0
2017-09-22,16:00:00,39.762,40.061,39.762,39.912,3805,0
2017-09-22,17:00:00,39.942,40.309,39.912,40.21,8949,0
2017-09-22,18:00:00,40.26,40.459,40.21,40.409,23696,0
2017-09-22,19:00:00,40.434,40.559,40.409,40.509,14345,0
2017-09-22,20:00:00,40.509,40.807,40.509,40.757,15098,0
2017-09-22,21:00:00,40.807,40.907,40.757,40.907,12744,0
2017-09-22,22:00:00,40.907,40.957,40.757,40.907,108468,0
2017-09-25,16:00:00,40.807,41.007,40.695,40.857,14157,0
2017-09-25,17:00:00,40.907,40.957,40.707,40.807,13244,0
2017-09-25,18:00:00,40.707,40.807,40.657,40.757,17048,0
2017-09-25,19:00:00,40.807,41.007,40.707,40.957,21540,0
2017-09-25,20:00:00,41.007,41.007,40.907,40.957,15236,0
2017-09-25,21:00:00,40.982,41.106,40.857,41.007,37523,0
2017-09-25,22:00:00,41.056,41.106,40.957,41.056,115010,0
2017-09-26,16:00:00,41.305,41.454,41.155,41.355,10517,0
2017-09-26,17:00:00,41.33,41.404,41.155,41.305,28709,0
2017-09-26,18:00:00,41.355,41.504,41.305,41.429,14320,0
2017-09-26,19:00:00,41.454,41.529,41.404,41.479,10237,0
2017-09-26,20:00:00,41.504,41.753,41.454,41.753,19237,0
2017-09-26,21:00:00,41.753,41.802,41.554,41.653,20920,0
2017-09-26,22:00:00,41.604,41.703,41.554,41.604,105897,0
2017-09-27,16:00:00,41.802,42.15,41.604,41.653,45201,0
2017-09-27,17:00:00,41.703,41.852,41.604,41.777,13713,0
2017-09-27,18:00:00,41.777,41.902,41.703,41.753,13253,0
2017-09-27,19:00:00,41.753,41.877,41.678,41.802,22395,0
2017-09-27,20:00:00,41.827,42.35,41.802,42.25,29323,0
2017-09-27,21:00:00,42.35,42.4,42.2,42.25,28012,0
2017-09-27,22:00:00,42.275,42.4,42.102,42.102,80276,0
2017-09-28,16:00:00,42.15,42.15,41.852,41.852,7456,0
2017-09-28,17:00:00,41.952,42.052,41.777,41.902,12621,0
2017-09-28,18:00:00,42.052,42.2,42.002,42.102,7134,0
2017-09-28,19:00:00,42.052,42.3,42.052,42.3,8808,0
2017-09-28,20:00:00,42.3,42.35,42.2,42.25,9591,0
2017-09-28,21:00:00,42.25,42.45,42.25,42.325,14606,0
2017-09-28,22:00:00,42.3,42.45,42.15,42.3,45123,0
2017-09-29,16:00:00,42.35,42.599,42.15,42.48,9766,0
2017-09-29,17:00:00,42.45,42.748,42.4,42.475,11140,0
2017-09-29,18:00:00,42.5,42.599,42.45,42.5,6970,0
2017-09-29,19:00:00,42.549,42.549,42.25,42.45,31763,0
2017-09-29,20:00:00,42.45,42.5,42.35,42.4,18358,0
2017-09-29,21:00:00,42.4,42.45,42.35,42.4,6118,0
2017-09-29,22:00:00,42.375,42.4,42.052,42.15,79735,0
2017-10-02,16:00:00,42.2,42.5,41.852,42.4,6732,0
2017-10-02,17:00:00,42.35,42.599,42.25,42.25,8350,0
2017-10-02,18:00:00,42.2,42.25,42.102,42.2,4910,0
2017-10-02,19:00:00,42.102,42.25,42.002,42.25,9497,0
2017-10-02,20:00:00,42.35,42.5,42.25,42.5,6772,0
2017-10-02,21:00:00,42.5,42.589,42.4,42.45,16052,0
2017-10-02,22:00:00,42.45,42.798,42.45,42.798,48078,0
2017-10-03,16:00:00,43.097,43.097,42.648,42.947,8603,0
2017-10-03,17:00:00,42.947,43.047,42.698,43.047,18273,0
2017-10-03,18:00:00,43.047,43.097,42.897,42.997,18074,0
2017-10-03,19:00:00,42.997,43.146,42.997,43.047,5727,0
2017-10-03,20:00:00,43.047,43.146,42.947,42.997,48727,0
2017-10-03,21:00:00,42.997,43.196,42.997,43.159,36571,0
2017-10-03,22:00:00,43.146,43.295,43.097,43.246,74925,0
2017-10-04,16:00:00,43.345,43.545,43.246,43.27,5756,0
2017-10-04,17:00:00,43.295,43.643,43.295,43.643,15628,0
2017-10-04,18:00:00,43.595,43.943,43.595,43.843,37647,0
2017-10-04,19:00:00,43.843,43.993,43.793,43.843,13059,0
2017-10-04,20:00:00,43.793,43.893,43.693,43.793,14949,0
2017-10-04,21:00:00,43.793,43.968,43.743,43.968,32617,0
2017-10-04,22:00:00,43.968,43.968,43.843,43.943,61349,0
2017-10-05,16:00:00,44.291,44.589,44.042,44.54,19384,0
2017-10-05,17:00:00,44.54,44.639,43.893,44.341,43278,0
2017-10-05,18:00:00,44.341,44.589,44.141,44.589,22871,0
2017-10-05,19:00:00,44.639,44.639,44.191,44.291,15897,0
2017-10-05,20:00:00,44.241,44.341,44.191,44.316,11616,0
2017-10-05,21:00:00,44.341,44.44,44.266,44.366,16885,0
2017-10-05,22:00:00,44.39,44.44,44.291,44.44,56757,0
2017-10-06,16:00:00,44.341,44.689,44.042,44.639,10006,0
2017-10-06,17:00:00,44.639,44.689,44.44,44.54,9325,0
2017-10-06,18:00:00,44.49,44.689,44.49,44.639,35678,0
2017-10-06,19:00:00,44.639,44.738,44.589,44.689,3818,0
2017-10-06,20:00:00,44.639,44.664,44.49,44.589,11353,0
2017-10-06,21:00:00,44.49,44.738,44.49,44.589,21791,0
2017-10-06,22:00:00,44.614,44.738,44.54,44.639,131314,0
2017-10-09,17:00:00,44.316,44.341,44.042,44.141,6969,0
2017-10-09,18:00:00,44.116,44.39,44.116,44.266,19363,0
2017-10-09,19:00:00,44.241,44.341,43.993,43.993,13234,0
2017-10-09,20:00:00,44.042,44.231,43.993,43.993,15260,0
2017-10-09,21:00:00,43.993,44.191,43.993,44.191,16736,0
2017-10-09,22:00:00,44.141,44.291,44.141,44.191,63512,0
2017-10-10,16:00:00,44.44,44.49,44.291,44.341,15669,0
2017-10-10,17:00:00,44.191,44.39,44.042,44.341,14751,0
2017-10-10,18:00:00,44.341,44.341,43.902,43.993,36015,0
2017-10-10,19:00:00,44.017,44.141,43.993,44.042,29088,0
2017-10-10,20:00:00,44.042,44.141,44.042,44.042,27369,0
2017-10-10,21:00:00,44.067,44.092,43.893,44.092,26445,0
2017-10-10,22:00:00,44.074,44.291,44.067,44.191,36911,0
2017-10-11,16:00:00,43.993,44.241,43.993,44.192,10983,0
2017-10-11,17:00:00,44.191,44.241,44.092,44.141,13189,0
2017-10-11,18:00:00,44.141,44.54,44.141,44.39,16662,0
2017-10-11,19:00:00,44.291,44.49,44.291,44.44,9222,0
2017-10-11,20:00:00,44.465,44.49,44.341,44.39,15538,0
2017-10-11,21:00:00,44.345,44.39,44.291,44.291,23857,0
2017-10-11,22:00:00,44.291,44.44,44.241,44.341,67563,0
2017-10-12,16:00:00,44.231,44.48,44.081,44.156,9968,0
2017-10-12,17:00:00,44.181,44.331,44.181,44.231,15944,0
2017-10-12,18:00:00,44.231,44.33,44.181,44.181,14138,0
2017-10-12,19:00:00,44.281,44.43,44.181,44.38,7847,0
2017-10-12,20:00:00,44.356,44.48,44.331,44.38,4713,0
2017-10-12,21:00:00,44.43,44.555,44.38,44.48,13331,0
2017-10-12,22:00:00,44.48,44.605,44.43,44.48,64462,0
2017-10-13,16:00:00,44.63,44.73,44.43,44.73,5403,0
2017-10-13,17:00:00,44.779,44.979,44.53,44.979,17881,0
2017-10-13,18:00:00,44.979,45.029,44.63,44.73,11627,0
2017-10-13,19:00:00,44.73,44.779,44.58,44.73,6053,0
2017-10-13,20:00:00,44.63,44.73,44.63,44.73,6116,0
2017-10-13,21:00:00,44.779,44.879,44.73,44.779,5224,0
2017-10-13,22:00:00,44.829,44.879,44.58,44.68,86633,0
2017-10-16,16:00:00,44.779,44.929,44.68,44.779,13474,0
2017-10-16,17:00:00,44.879,45.104,44.73,44.73,22769,0
2017-10-16,18:00:00,44.779,44.879,44.779,44.879,14113,0
2017-10-16,19:00:00,44.879,45.128,44.854,45.029,27460,0
2017-10-16,20:00:00,44.979,45.029,44.779,44.929,34596,0
2017-10-16,21:00:00,44.929,44.979,44.829,44.979,21198,0
2017-10-16,22:00:00,44.954,45.079,44.68,44.879,164453,0
2017-10-17,16:00:00,44.979,44.979,44.63,44.63,7186,0
2017-10-17,17:00:00,44.73,44.804,44.68,44.73,5666,0
2017-10-17,18:00:00,44.68,44.879,44.68,44.829,6518,0
2017-10-17,19:00:00,44.829,44.879,44.829,44.829,4995,0
2017-10-17,20:00:00,44.779,44.929,44.779,44.804,27148,0
2017-10-17,21:00:00,44.829,44.879,44.779,44.829,11693,0
2017-10-17,22:00:00,44.854,44.879,44.63,44.789,48089,0
2017-10-18,16:00:00,44.929,44.979,44.73,44.829,21815,0
2017-10-18,17:00:00,44.73,45.029,44.68,44.879,22761,0
2017-10-18,18:00:00,44.929,45.079,44.829,45.029,17684,0
2017-10-18,19:00:00,45.029,45.278,45.029,45.128,11820,0
2017-10-18,20:00:00,45.128,45.228,45.079,45.228,11421,0
2017-10-18,21:00:00,45.228,45.328,45.214,45.278,10947,0
2017-10-18,22:00:00,45.378,45.378,45.128,45.128,29728,0
2017-10-19,16:00:00,45.029,45.128,44.73,45.029,34522,0
2017-10-19,17:00:00,44.979,45.178,44.929,45.029,13976,0
2017-10-19,18:00:00,45.029,45.029,44.829,44.879,6719,0
2017-10-19,19:00:00,44.829,45.054,44.829,44.979,15947,0
2017-10-19,20:00:00,44.979,45.228,44.929,45.178,10191,0
2017-10-19,21:00:00,45.079,45.378,45.079,45.278,10240,0
2017-10-19,22:00:00,45.278,45.328,45.128,45.178,82181,0
2017-10-20,16:00:00,45.577,45.627,45.428,45.428,14465,0
2017-10-20,17:00:00,45.478,45.502,45.378,45.502,3006,0
2017-10-20,18:00:00,45.502,45.727,45.428,45.677,14926,0
2017-10-20,19:00:00,45.677,45.777,45.677,45.777,18550,0
2017-10-20,20:00:00,45.777,45.777,45.478,45.478,12465,0
2017-10-20,21:00:00,45.527,45.827,45.478,45.702,26500,0
2017-10-20,22:00:00,45.727,45.926,45.652,45.926,144740,0
2017-10-23,16:00:00,45.876,46.004,45.727,45.827,11015,0
2017-10-23,17:00:00,45.769,46.076,45.378,46.075,27245,0
2017-10-23,18:00:00,45.976,45.976,45.827,45.876,15225,0
2017-10-23,19:00:00,45.876,46.126,45.876,46.126,7017,0
2017-10-23,20:00:00,46.076,46.076,45.876,45.876,14217,0
2017-10-23,21:00:00,45.976,45.976,45.727,45.777,31462,0
2017-10-23,22:00:00,45.727,45.976,45.677,45.926,74695,0
2017-10-24,16:00:00,45.926,46.3,45.926,45.976,13394,0
2017-10-24,17:00:00,46.026,46.275,45.976,46.225,18139,0
2017-10-24,18:00:00,46.225,46.325,46.176,46.325,8995,0
2017-10-24,19:00:00,46.325,46.475,46.225,46.425,7777,0
2017-10-24,20:00:00,46.45,46.45,46.225,46.225,9526,0
2017-10-24,21:00:00,46.225,46.275,46.076,46.076,8822,0
2017-10-24,22:00:00,46.126,46.126,45.727,45.827,65872,0
2017-10-25,16:00:00,45.777,45.976,45.178,45.852,10970,0
2017-10-25,17:00:00,45.951,45.951,45.577,45.727,13012,0
2017-10-25,18:00:00,45.727,45.926,45.527,45.727,19092,0
2017-10-25,19:00:00,45.677,45.827,45.677,45.777,14838,0
2017-10-25,20:00:00,45.777,45.976,45.777,45.976,6672,0
2017-10-25,21:00:00,46.026,46.026,45.727,45.802,7982,0
2017-10-25,22:00:00,45.827,45.876,45.677,45.777,50375,0
2017-10-26,16:00:00,46.126,46.126,45.677,45.876,8017,0
2017-10-26,17:00:00,45.827,45.876,45.627,45.876,7213,0
2017-10-26,18:00:00,45.926,45.926,45.627,45.627,5617,0
2017-10-26,19:00:00,45.677,45.777,45.627,45.627,6130,0
2017-10-26,20:00:00,45.527,45.777,45.527,45.727,4453,0
2017-10-26,21:00:00,45.677,45.852,45.652,45.802,28850,0
2017-10-26,22:00:00,45.827,46.225,45.827,46.176,70543,0
2017-10-27,16:00:00,46.275,46.525,45.926,46.375,15550,0
2017-10-27,17:00:00,46.375,46.525,46.325,46.5,23672,0
2017-10-27,18:00:00,46.475,46.624,46.375,46.525,28601,0
2017-10-27,19:00:00,46.575,46.624,46.475,46.525,10212,0
2017-10-27,20:00:00,46.575,46.575,46.425,46.525,11663,0
2017-10-27,21:00:00,46.525,46.575,46.425,46.425,22639,0
2017-10-27,22:00:00,46.425,46.624,46.375,46.624,47876,0
2017-10-30,15:00:00,46.624,46.624,46.275,46.4,29616,0
2017-10-30,16:00:00,46.383,46.624,46.325,46.525,20082,0
2017-10-30,17:00:00,46.475,46.599,46.275,46.275,17172,0
2017-10-30,18:00:00,46.375,46.525,46.325,46.525,30235,0
2017-10-30,19:00:00,46.475,46.475,46.225,46.225,16139,0
2017-10-30,20:00:00,46.275,46.525,46.25,46.425,14481,0
2017-10-30,21:00:00,46.475,46.525,46.375,46.425,31925,0
2017-10-31,15:00:00,46.575,46.575,46.325,46.425,9915,0
2017-10-31,16:00:00,46.525,46.774,46.35,46.774,11222,0
2017-10-31,17:00:00,46.774,46.874,46.724,46.874,4580,0
2017-10-31,18:00:00,46.849,47.073,46.849,47.073,6117,0
2017-10-31,19:00:00,47.023,47.073,46.924,47.007,9408,0
2017-10-31,20:00:00,47.023,47.073,46.674,46.674,18810,0
2017-10-31,21:00:00,46.674,46.924,46.674,46.774,97700,0
2017-11-01,15:00:00,47.273,47.273,46.662,46.774,32397,0
2017-11-01,16:00:00,46.774,46.808,46.425,46.475,73252,0
2017-11-01,17:00:00,46.525,46.575,46.425,46.525,18834,0
2017-11-01,18:00:00,46.475,46.575,46.375,46.375,8936,0
2017-11-01,19:00:00,46.375,46.375,46.126,46.325,14844,0
2017-11-01,20:00:00,46.325,46.575,46.076,46.475,15213,0
2017-11-01,21:00:00,46.5,46.624,46.425,46.525,45164,0
2017-11-02,15:00:00,46.275,46.575,45.976,46.55,13376,0
2017-11-02,16:00:00,46.525,46.624,46.375,46.525,17871,0
2017-11-02,17:00:00,46.475,46.624,46.425,46.624,38834,0
2017-11-02,18:00:00,46.624,46.824,46.575,46.824,13799,0
2017-11-02,19:00:00,46.774,46.824,46.575,46.724,7380,0
2017-11-02,20:00:00,46.724,46.824,46.624,46.699,16440,0
2017-11-02,21:00:00,46.724,46.824,46.624,46.724,64966,0
2017-11-03,15:00:00,46.824,46.973,46.525,46.525,7414,0
2017-11-03,16:00:00,46.525,46.774,46.375,46.375,15373,0
2017-11-03,17:00:00,46.425,46.624,46.375,46.491,5662,0
2017-11-03,18:00:00,46.425,46.575,46.375,46.425,8956,0
2017-11-03,19:00:00,46.475,46.624,46.425,46.525,15306,0
2017-11-03,20:00:00,46.475,46.525,46.375,46.442,13099,0
2017-11-03,21:00:00,46.475,46.525,46.425,46.475,40286,0
2017-11-06,16:00:00,46.525,46.574,46.425,46.525,6478,0
2017-11-06,17:00:00,46.575,46.674,46.4,46.475,15659,0
2017-11-06,18:00:00,46.475,46.525,46.325,46.425,12360,0
2017-11-06,19:00:00,46.375,46.525,46.375,46.425,8723,0
2017-11-06,20:00:00,46.475,46.674,46.425,46.575,8619,0
2017-11-06,21:00:00,46.575,46.624,46.475,46.475,5254,0
2017-11-06,22:00:00,46.475,46.624,46.475,46.575,128935,0
2017-11-07,16:00:00,46.525,46.674,46.475,46.475,3879,0
2017-11-07,17:00:00,46.375,46.42,45.876,45.876,24265,0
2017-11-07,19:00:00,45.228,45.278,45.109,45.278,4456,0
2017-11-07,20:00:00,45.278,45.727,45.278,45.727,21160,0
2017-11-07,21:00:00,45.702,45.727,45.478,45.727,13804,0
2017-11-07,22:00:00,45.727,45.727,45.328,45.378,89071,0
2017-11-08,16:00:00,45.328,45.328,44.73,44.879,15236,0
2017-11-08,17:00:00,44.879,45.029,44.779,44.929,16746,0
2017-11-08,18:00:00,44.929,45.029,44.58,44.979,16436,0
2017-11-08,19:00:00,44.979,45.153,44.879,45.153,18039,0
2017-11-08,20:00:00,45.178,45.278,44.979,45.228,11369,0
2017-11-08,21:00:00,45.228,45.976,45.228,45.852,31698,0
2017-11-08,22:00:00,45.852,45.926,45.428,45.478,59882,0
2017-11-09,16:00:00,45.128,45.428,45.079,45.278,9867,0
2017-11-09,17:00:00,45.378,45.777,45.328,45.478,17391,0
2017-11-09,18:00:00,45.577,45.727,45.378,45.727,25381,0
2017-11-09,19:00:00,45.686,45.727,45.577,45.627,28041,0
2017-11-09,20:00:00,45.677,45.876,45.478,45.727,21879,0
2017-11-09,21:00:00,45.727,45.876,45.627,45.677,27109,0
2017-11-09,22:00:00,45.727,45.876,45.677,45.777,47537,0
2017-11-10,16:00:00,45.627,45.852,45.527,45.777,6002,0
2017-11-10,17:00:00,45.677,45.827,45.478,45.827,13705,0
2017-11-10,18:00:00,45.777,45.876,45.777,45.876,13948,0
2017-11-10,19:00:00,45.876,46.225,45.827,46.176,47550,0
2017-11-10,20:00:00,46.151,46.375,46.151,46.275,19461,0
2017-11-10,21:00:00,46.3,46.525,46.3,46.475,8234,0
2017-11-10,22:00:00,46.475,46.575,46.275,46.375,67687,0
2017-11-13,16:00:00,46.026,46.525,45.876,46.425,9572,0
2017-11-13,17:00:00,46.425,46.575,46.325,46.425,8608,0
2017-11-13,18:00:00,46.425,46.624,46.425,46.525,6898,0
2017-11-13,19:00:00,46.525,46.575,46.375,46.475,11618,0
2017-11-13,20:00:00,46.525,46.525,46.325,46.425,7219,0
2017-11-13,21:00:00,46.475,46.575,46.425,46.512,14275,0
2017-11-13,22:00:00,46.5,46.674,46.425,46.634,51524,0
2017-11-14,16:00:00,46.275,46.824,46.275,46.624,10866,0
2017-11-14,17:00:00,46.624,46.724,46.375,46.575,26909,0
2017-11-14,18:00:00,46.475,46.724,46.4,46.724,9827,0
2017-11-14,19:00:00,46.724,46.724,46.475,46.525,6059,0
2017-11-14,20:00:00,46.575,46.624,46.475,46.575,8276,0
2017-11-14,21:00:00,46.575,46.824,46.525,46.824,21650,0
2017-11-14,22:00:00,46.774,46.874,46.724,46.724,44122,0
2017-11-15,16:00:00,46.425,46.824,46.425,46.575,11495,0
2017-11-15,17:00:00,46.575,46.624,46.425,46.475,10030,0
2017-11-15,18:00:00,46.475,46.475,46.176,46.176,14382,0
2017-11-15,19:00:00,46.176,46.275,46.126,46.176,11472,0
2017-11-15,20:00:00,46.176,46.325,46.126,46.176,8442,0
2017-11-15,21:00:00,46.176,46.176,45.876,45.876,22820,0
2017-11-15,22:00:00,45.876,46.176,45.827,45.926,70112,0
2017-11-16,16:00:00,46.325,46.425,46.101,46.151,10876,0
2017-11-16,17:00:00,46.176,46.624,46.076,46.525,20421,0
2017-11-16,18:00:00,46.525,46.724,46.375,46.375,17711,0
2017-11-16,19:00:00,46.375,46.425,46.275,46.425,20658,0
2017-11-16,20:00:00,46.425,46.575,46.325,46.375,11633,0
2017-11-16,21:00:00,46.35,46.475,46.126,46.176,19750,0
2017-11-16,22:00:00,46.176,46.275,46.126,46.176,85475,0
2017-11-17,16:00:00,46.026,46.924,45.926,46.774,15107,0
2017-11-17,17:00:00,46.861,47.173,46.724,46.924,15570,0
2017-11-17,18:00:00,46.874,46.874,46.525,46.774,14500,0
2017-11-17,19:00:00,46.799,47.223,46.799,47.073,5387,0
2017-11-17,20:00:00,47.123,47.173,46.924,46.924,6666,0
2017-11-17,21:00:00,46.973,47.123,46.924,47.073,8922,0
2017-11-17,22:00:00,47.123,47.198,47.023,47.123,39487,0
2017-11-20,16:00:00,47.223,47.398,46.924,47.123,3432,0
2017-11-20,17:00:00,47.148,47.223,46.575,46.624,20111,0
2017-11-20,18:00:00,46.624,46.624,46.325,46.325,18620,0
2017-11-20,19:00:00,46.425,46.624,46.375,46.624,11365,0
2017-11-20,20:00:00,46.624,46.973,46.575,46.973,18750,0
2017-11-20,21:00:00,46.924,46.973,46.724,46.973,13990,0
2017-11-20,22:00:00,46.973,47.323,46.874,47.273,99824,0
2017-11-21,16:00:00,47.721,48.17,47.472,48.17,20984,0
2017-11-21,17:00:00,48.17,48.305,47.746,47.871,18638,0
2017-11-21,18:00:00,47.771,47.971,47.764,47.871,13385,0
2017-11-21,19:00:00,47.821,47.921,47.572,47.622,27612,0
2017-11-21,20:00:00,47.697,47.821,47.622,47.622,20812,0
2017-11-21,21:00:00,47.672,47.721,47.622,47.672,13367,0
2017-11-21,22:00:00,47.672,47.821,47.522,47.622,76560,0
2017-11-22,16:00:00,47.771,47.821,47.273,47.273,9883,0
2017-11-22,17:00:00,47.273,47.372,46.924,46.924,17586,0
2017-11-22,18:00:00,46.874,46.924,46.724,46.724,4830,0
2017-11-22,19:00:00,46.774,46.874,46.774,46.774,7148,0
2017-11-22,20:00:00,46.774,46.824,46.649,46.724,6618,0
2017-11-22,21:00:00,46.674,46.774,46.624,46.724,7863,0
2017-11-22,22:00:00,46.674,46.924,46.674,46.724,27918,0
2017-11-24,16:00:00,47.123,47.123,46.774,46.973,7267,0
2017-11-24,17:00:00,46.973,47.472,46.924,47.023,12746,0
2017-11-24,18:00:00,47.023,47.023,46.724,46.874,5415,0
2017-11-24,19:00:00,46.892,47.123,46.874,47.073,23454,0
2017-11-24,20:00:00,47.048,47.073,46.874,47.073,7130,0
2017-11-27,16:00:00,46.924,47.073,46.774,46.925,3937,0
2017-11-27,17:00:00,46.924,47.273,46.874,47.123,8032,0
2017-11-27,18:00:00,47.123,47.123,46.774,46.823,6710,0
2017-11-27,19:00:00,46.774,46.824,46.624,46.649,7137,0
2017-11-27,20:00:00,46.649,47.023,46.649,46.874,7001,0
2017-11-27,21:00:00,46.874,46.874,46.624,46.749,6879,0
2017-11-27,22:00:00,46.774,46.924,46.724,46.774,57690,0
2017-11-28,16:00:00,47.023,47.422,46.525,47.223,9549,0
2017-11-28,17:00:00,47.273,47.372,46.924,47.223,9520,0
2017-11-28,18:00:00,47.273,47.522,47.223,47.323,10312,0
2017-11-28,19:00:00,47.323,47.352,47.073,47.173,5455,0
2017-11-28,20:00:00,47.273,47.273,46.924,46.924,11387,0
2017-11-28,21:00:00,46.973,47.323,46.724,47.223,11142,0
2017-11-28,22:00:00,47.273,47.672,47.173,47.622,41783,0
2017-11-29,16:00:00,47.672,47.871,47.298,47.372,8335,0
2017-11-29,17:00:00,47.372,47.372,46.774,46.774,15030,0
2017-11-29,18:00:00,46.774,46.874,46.525,46.525,19839,0
2017-11-29,19:00:00,46.575,46.724,46.475,46.724,24303,0
2017-11-29,20:00:00,46.624,46.624,46.425,46.525,10032,0
2017-11-29,21:00:00,46.525,46.575,46.25,46.425,28834,0
2017-11-29,22:00:00,46.45,46.525,46.375,46.475,40475,0
2017-11-30,16:00:00,46.774,46.973,46.575,46.724,7468,0
2017-11-30,17:00:00,46.624,46.824,46.575,46.624,8725,0
2017-11-30,18:00:00,46.675,46.924,46.675,46.824,17651,0
2017-11-30,19:00:00,46.724,46.973,46.624,46.973,19391,0
2017-11-30,20:00:00,46.973,47.173,46.874,46.973,8061,0
2017-11-30,21:00:00,46.973,47.023,46.774,46.774,7175,0
2017-11-30,22:00:00,46.824,47.073,46.724,46.973,67519,0
2017-12-01,16:00:00,47.023,47.223,46.575,46.575,9389,0
2017-12-01,17:00:00,46.375,46.824,46.275,46.624,13507,0
2017-12-01,18:00:00,46.575,46.575,44.979,45.777,18855,0
2017-12-01,19:00:00,45.727,46.076,45.627,46.076,9197,0
2017-12-01,20:00:00,46.126,46.573,45.976,46.573,8532,0
2017-12-01,21:00:00,46.425,46.525,46.126,46.126,7854,0
2017-12-01,22:00:00,46.076,46.649,46.076,46.575,89165,0
2017-12-04,16:00:00,47.323,47.323,46.824,46.849,6516,0
2017-12-04,17:00:00,46.824,46.824,46.126,46.325,10226,0
2017-12-04,18:00:00,46.275,46.575,46.126,46.525,10695,0
2017-12-04,19:00:00,46.475,46.475,46.176,46.25,7161,0
2017-12-04,20:00:00,46.225,46.275,45.976,46.026,13626,0
2017-12-04,21:00:00,46.051,46.076,45.577,45.727,13020,0
2017-12-04,22:00:00,45.727,45.827,45.428,45.577,76717,0
2017-12-05,16:00:00,45.577,45.976,45.428,45.777,5279,0
2017-12-05,17:00:00,45.876,46.126,45.627,45.627,7602,0
2017-12-05,18:00:00,45.677,45.926,45.527,45.527,5110,0
2017-12-05,19:00:00,45.527,45.577,45.228,45.228,6978,0
2017-12-05,20:00:00,45.278,45.677,45.228,45.478,6716,0
2017-12-05,21:00:00,45.478,45.677,45.228,45.228,10990,0
2017-12-05,22:00:00,45.328,45.478,45.228,45.378,94147,0
2017-12-06,16:00:00,45.428,45.777,45.278,45.577,6002,0
2017-12-06,17:00:00,45.577,45.627,45.228,45.627,4657,0
2017-12-06,18:00:00,45.577,45.677,45.328,45.328,9848,0
2017-12-06,19:00:00,45.353,45.478,45.079,45.428,9851,0
2017-12-06,20:00:00,45.428,45.428,45.079,45.079,6843,0
2017-12-06,21:00:00,45.079,45.328,45.079,45.178,21179,0
2017-12-06,22:00:00,45.178,45.926,45.153,45.378,129409,0
2017-12-07,16:00:00,44.879,45.378,43.932,43.932,21335,0
2017-12-07,17:00:00,44.031,44.331,43.433,43.533,24721,0
2017-12-07,18:00:00,43.433,43.433,41.688,41.887,52843,0
2017-12-07,19:00:00,41.887,41.887,41.089,41.488,98415,0
2017-12-07,20:00:00,41.513,41.538,40.192,40.192,59801,0
2017-12-07,21:00:00,40.142,41.239,40.092,41.039,118582,0
2017-12-07,22:00:00,40.99,41.389,40.965,41.289,283421,0
2017-12-08,16:00:00,41.688,42.286,41.289,41.314,55743,0
2017-12-08,17:00:00,41.339,41.339,40.441,41.289,109308,0
2017-12-08,18:00:00,41.289,41.763,41.289,41.638,57977,0
2017-12-08,19:00:00,41.688,41.738,41.438,41.538,39366,0
2017-12-08,20:00:00,41.538,42.186,41.51,41.787,49443,0
2017-12-08,21:00:00,41.787,42.137,41.787,41.837,91197,0
2017-12-08,22:00:00,41.862,42.087,41.812,42.087,212821,0
2017-12-11,16:00:00,41.987,42.286,41.039,41.688,65582,0
2017-12-11,17:00:00,41.638,41.837,40.89,41.538,74936,0
2017-12-11,18:00:00,41.588,42.037,41.588,41.738,45883,0
2017-12-11,19:00:00,41.738,41.837,41.438,41.438,25753,0
2017-12-11,20:00:00,41.389,41.488,41.039,41.101,32289,0
2017-12-11,21:00:00,41.089,41.139,40.89,41.139,42949,0
2017-12-11,22:00:00,41.173,41.189,40.541,40.74,208051,0
2017-12-12,16:00:00,40.89,41.139,40.79,40.94,17666,0
2017-12-12,17:00:00,40.94,41.189,40.84,41.189,38002,0
2017-12-12,18:00:00,41.189,41.189,40.84,40.89,36695,0
2017-12-12,19:00:00,40.989,40.989,40.641,40.79,19903,0
2017-12-12,20:00:00,40.84,40.84,40.641,40.641,26759,0
2017-12-12,21:00:00,40.641,40.641,40.242,40.242,48618,0
2017-12-12,22:00:00,40.242,40.291,39.793,39.893,108157,0
2017-12-13,16:00:00,39.843,39.942,39.444,39.543,20839,0
2017-12-13,17:00:00,39.543,40.291,39.344,40.092,66048,0
2017-12-13,18:00:00,40.117,40.641,40.092,40.591,24318,0
2017-12-13,19:00:00,40.581,40.581,40.092,40.192,29598,0
2017-12-13,20:00:00,40.142,40.142,39.643,39.843,21311,0
2017-12-13,21:00:00,39.843,40.017,39.643,39.917,36753,0
2017-12-13,22:00:00,39.917,40.092,39.917,40.042,83706,0
2017-12-14,16:00:00,40.092,40.391,39.942,40.291,12151,0
2017-12-14,17:00:00,40.291,40.291,40.092,40.192,22165,0
2017-12-14,18:00:00,40.192,40.242,39.843,40.092,52940,0
2017-12-14,19:00:00,40.092,40.142,39.893,39.942,30278,0
2017-12-14,20:00:00,39.942,40.092,39.593,39.593,42296,0
2017-12-14,21:00:00,39.593,39.693,39.045,39.244,45989,0
2017-12-14,22:00:00,39.145,39.145,38.895,39.045,96267,0
2017-12-15,16:00:00,39.194,39.942,38.895,39.843,94392,0
2017-12-15,17:00:00,39.794,40.192,39.743,39.992,31483,0
2017-12-15,18:00:00,39.992,40.042,39.693,39.793,25140,0
2017-12-15,19:00:00,39.793,40.142,39.743,40.092,22531,0
2017-12-15,20:00:00,40.042,40.192,39.843,40.142,28247,0
2017-12-15,21:00:00,40.192,40.291,40.042,40.291,32344,0
2017-12-15,22:00:00,40.242,40.591,40.242,40.291,120697,0
2017-12-18,16:00:00,40.89,41.787,40.79,41.787,33152,0
2017-12-18,17:00:00,41.713,41.713,40.94,40.99,24057,0
2017-12-18,18:00:00,41.039,41.189,40.441,40.441,46973,0
2017-12-18,19:00:00,40.491,40.591,40.291,40.441,21647,0
2017-12-18,20:00:00,40.391,40.41,40.142,40.341,26255,0
2017-12-18,21:00:00,40.441,40.441,40.142,40.291,31614,0
2017-12-18,22:00:00,40.291,40.441,40.242,40.391,82774,0
2017-12-19,16:00:00,40.541,40.94,40.491,40.94,17300,0
2017-12-19,17:00:00,40.99,41.004,40.541,40.641,30815,0
2017-12-19,18:00:00,40.591,40.69,40.142,40.242,19183,0
2017-12-19,19:00:00,40.242,40.291,40.092,40.192,8500,0
2017-12-19,20:00:00,40.291,40.441,40.267,40.291,17163,0
2017-12-19,21:00:00,40.242,40.242,39.992,39.992,31800,0
2017-12-19,22:00:00,39.992,40.142,39.543,39.992,152415,0
2017-12-20,16:00:00,40.441,40.491,40.142,40.291,22424,0
2017-12-20,17:00:00,40.391,40.491,40.142,40.291,50244,0
2017-12-20,18:00:00,40.341,40.641,40.341,40.341,14885,0
2017-12-20,19:00:00,40.341,40.441,40.092,40.192,28575,0
2017-12-20,20:00:00,40.192,40.391,40.042,40.391,32386,0
2017-12-20,21:00:00,40.391,40.491,40.291,40.441,19874,0
2017-12-20,22:00:00,40.391,40.441,40.242,40.416,42584,0
2017-12-21,16:00:00,40.192,40.79,40.042,40.591,43324,0
2017-12-21,17:00:00,40.492,40.591,40.391,40.541,11987,0
2017-12-21,18:00:00,40.541,40.89,40.516,40.84,40118,0
2017-12-21,19:00:00,40.815,40.84,40.641,40.84,15680,0
2017-12-21,20:00:00,40.84,41.089,40.79,40.94,10589,0
2017-12-21,21:00:00,40.94,40.99,40.74,40.89,13911,0
2017-12-21,22:00:00,40.89,40.89,40.591,40.591,115795,0
2017-12-22,16:00:00,40.94,40.94,40.491,40.641,19750,0
2017-12-22,17:00:00,40.542,40.591,40.267,40.441,24723,0
2017-12-22,18:00:00,40.366,40.441,40.242,40.391,17222,0
2017-12-22,19:00:00,40.416,40.416,40.291,40.366,6928,0
2017-12-22,20:00:00,40.391,40.491,40.391,40.416,10168,0
2017-12-22,21:00:00,40.391,40.541,40.341,40.391,11675,0
2017-12-22,22:00:00,40.391,40.541,40.341,40.391,48526,0
2017-12-26,16:00:00,40.341,40.441,40.242,40.291,11160,0
2017-12-26,17:00:00,40.291,40.291,39.967,39.992,17773,0
2017-12-26,18:00:00,39.992,40.042,39.893,39.893,28549,0
2017-12-26,19:00:00,39.893,40.237,39.843,40.092,16814,0
2017-12-26,20:00:00,40.092,40.092,39.942,40.067,12273,0
2017-12-26,21:00:00,40.067,40.142,40.042,40.067,10034,0
2017-12-26,22:00:00,40.067,40.192,40.067,40.092,60194,0
2017-12-27,16:00:00,39.992,40.69,39.967,40.591,21521,0
2017-12-27,17:00:00,40.591,40.591,40.042,40.092,14954,0
2017-12-27,18:00:00,40.092,40.192,40.042,40.142,11066,0
2017-12-27,19:00:00,40.142,40.192,40.042,40.092,20846,0
2017-12-27,20:00:00,40.092,40.092,39.893,40.092,17015,0
2017-12-27,21:00:00,40.092,40.242,40.042,40.117,15326,0
2017-12-27,22:00:00,40.117,40.242,40.042,40.192,124351,0
2017-12-28,16:00:00,40.192,40.351,40.042,40.042,6977,0
2017-12-28,17:00:00,40.042,40.192,39.992,40.117,37520,0
2017-12-28,18:00:00,40.167,40.192,40.092,40.142,27958,0
2017-12-28,19:00:00,40.192,40.341,40.142,40.242,23266,0
2017-12-28,20:00:00,40.242,40.366,40.192,40.327,22741,0
2017-12-28,21:00:00,40.341,40.391,40.242,40.267,4647,0
2017-12-28,22:00:00,40.267,40.391,40.242,40.341,38795,0
2017-12-29,16:00:00,40.491,40.491,40.242,40.291,19932,0
2017-12-29,17:00:00,40.291,40.291,39.999,40.142,15370,0
2017-12-29,18:00:00,40.142,40.192,39.793,39.893,14474,0
2017-12-29,19:00:00,39.917,39.917,39.743,39.768,5943,0
2017-12-29,20:00:00,39.743,40.242,39.743,40.167,25004,0
2017-12-29,21:00:00,40.142,40.242,39.992,40.042,17547,0
2017-12-29,22:00:00,40.042,40.291,39.942,39.992,99244,0
2018-01-02,16:00:00,40.341,40.341,39.942,40.251,7841,0
2018-01-02,17:00:00,40.341,40.84,40.042,40.042,26738,0
2018-01-02,18:00:00,40.142,40.341,39.893,39.942,18900,0
2018-01-02,19:00:00,39.942,40.441,39.893,40.092,22903,0
2018-01-02,20:00:00,40.192,40.217,39.992,40.142,15352,0
2018-01-02,21:00:00,40.192,40.242,40.042,40.092,10671,0
2018-01-02,22:00:00,40.117,40.391,40.092,40.391,58029,0
2018-01-03,16:00:00,40.291,40.69,40.291,40.69,4773,0
2018-01-03,17:00:00,40.641,40.69,40.441,40.491,8142,0
2018-01-03,18:00:00,40.491,40.491,39.893,39.893,37435,0
2018-01-03,19:00:00,39.917,40.391,39.893,40.341,12989,0
2018-01-03,20:00:00,40.391,40.391,40.291,40.391,15184,0
2018-01-03,21:00:00,40.361,40.441,40.291,40.441,22456,0
2018-01-03,22:00:00,40.391,40.491,40.092,40.192,78855,0
2018-01-04,16:00:00,40.431,40.591,40.142,40.242,21091,0
2018-01-04,17:00:00,40.391,40.541,40.242,40.491,28435,0
2018-01-04,18:00:00,40.466,40.591,40.291,40.416,30164,0
2018-01-04,19:00:00,40.441,40.591,40.192,40.192,23191,0
2018-01-04,20:00:00,40.192,40.441,40.192,40.391,15657,0
2018-01-04,21:00:00,40.341,40.491,40.291,40.341,25875,0
2018-01-04,22:00:00,40.341,40.441,40.291,40.391,81172,0
2018-01-05,16:00:00,40.591,40.89,40.541,40.89,12177,0
2018-01-05,17:00:00,40.79,40.94,40.641,40.94,13585,0
2018-01-05,18:00:00,40.94,41.189,40.89,40.89,29752,0
2018-01-05,19:00:00,40.99,41.089,40.69,40.89,16409,0
2018-01-05,20:00:00,40.89,40.99,40.74,40.94,11731,0
2018-01-05,21:00:00,40.89,41.089,40.84,41.039,8560,0
2018-01-05,22:00:00,41.015,41.339,40.99,41.139,114958,0
2018-01-08,16:00:00,41.189,41.389,40.89,41.239,14020,0
2018-01-08,17:00:00,41.239,41.239,40.94,40.965,18471,0
2018-01-08,18:00:00,40.965,41.139,40.79,40.79,25057,0
2018-01-08,19:00:00,40.84,41.139,40.79,41.139,10286,0
2018-01-08,20:00:00,41.139,41.339,41.081,41.139,7920,0
2018-01-08,21:00:00,41.139,41.289,41.089,41.289,8954,0
2018-01-08,22:00:00,41.239,41.438,41.139,41.289,52625,0
2018-01-09,16:00:00,41.339,41.638,41.175,41.638,9409,0
2018-01-09,17:00:00,41.389,41.438,40.99,41.039,16970,0
2018-01-09,18:00:00,41.139,41.289,41.039,41.189,8740,0
2018-01-09,19:00:00,41.139,41.189,41.039,41.189,3924,0
2018-01-09,20:00:00,41.162,41.189,41.039,41.089,6000,0
2018-01-09,21:00:00,41.139,41.164,41.039,41.164,14749,0
2018-01-09,22:00:00,41.189,41.339,41.089,41.139,48955,0
2018-01-10,16:00:00,40.89,41.139,40.89,40.94,7112,0
2018-01-10,17:00:00,40.89,40.99,40.84,40.89,13779,0
2018-01-10,18:00:00,40.94,40.952,40.79,40.89,9802,0
2018-01-10,19:00:00,40.84,40.94,40.84,40.94,1705,0
2018-01-10,20:00:00,40.94,41.039,40.89,40.94,5563,0
2018-01-10,21:00:00,40.89,40.94,40.84,40.94,8760,0
2018-01-10,22:00:00,40.94,41.039,40.74,40.84,47415,0
2018-01-11,16:00:00,40.9,41.1,40.85,41.05,4553,0
2018-01-11,17:00:00,41,41.25,40.95,41.15,11695,0
2018-01-11,18:00:00,41.2,41.3,40.95,41,7945,0
2018-01-11,19:00:00,41.05,41.45,41.05,41.4,9261,0
2018-01-11,20:00:00,41.45,41.45,41.15,41.15,20582,0
2018-01-11,21:00:00,41.15,41.45,41.15,41.4,13993,0
2018-01-11,22:00:00,41.4,41.5,41.25,41.3,50745,0
2018-01-12,16:00:00,41.4,41.9,41.4,41.8,17101,0
2018-01-12,17:00:00,41.85,41.95,41.7,41.85,12949,0
2018-01-12,18:00:00,41.95,42,41.8,42,31688,0
2018-01-12,19:00:00,42.05,42.2,41.8317,42.05,12541,0
2018-01-12,20:00:00,42,42.1,41.8,41.85,13514,0
2018-01-12,21:00:00,41.85,42.05,41.8,42,19870,0
2018-01-12,22:00:00,41.95,42.15,41.9,41.9,67383,0
2018-01-16,16:00:00,42.4,42.75,42.15,42.35,16705,0
2018-01-16,17:00:00,42.3585,42.65,42.3,42.375,15149,0
2018-01-16,18:00:00,42.3,42.45,42.15,42.25,20178,0
2018-01-16,19:00:00,42.2,42.3,42.2,42.2,8597,0
2018-01-16,20:00:00,42.2,42.575,42.2,42.3,18691,0
2018-01-16,21:00:00,42.3,42.3,42,42.2,38723,0
2018-01-16,22:00:00,42.2,42.35,41.8,42,74163,0
2018-01-17,16:00:00,42.4,42.4,42.05,42.2,16406,0
2018-01-17,17:00:00,42.1981,42.25,41.9,41.95,21320,0
2018-01-17,18:00:00,42,42.25,41.95,42.2,7460,0
2018-01-17,19:00:00,42.15,42.25,42.15,42.15,11293,0
2018-01-17,20:00:00,42.15,42.5,42.15,42.5,17459,0
2018-01-17,21:00:00,42.45,42.9,42.45,42.9,19735,0
2018-01-17,22:00:00,42.9,42.9,42.55,42.65,70814,0
2018-01-18,16:00:00,42.65,42.9,42.5,42.9,12161,0
2018-01-18,17:00:00,42.8,42.85,42.45,42.65,13760,0
2018-01-18,18:00:00,42.55,42.7,42.2,42.45,77231,0
2018-01-18,19:00:00,42.45,42.55,42.4,42.45,9700,0
2018-01-18,20:00:00,42.45,42.5,42.4,42.5,10526,0
2018-01-18,21:00:00,42.45,42.55,42.4,42.45,14578,0
2018-01-18,22:00:00,42.45,42.65,42.1,42.3,61573,0
2018-01-19,16:00:00,42.3,42.7,42,42.35,21466,0
2018-01-19,17:00:00,42.3,42.425,42.1,42.4,6853,0
2018-01-19,18:00:00,42.35,42.5,42.3,42.45,13069,0
2018-01-19,19:00:00,42.5,42.55,42.45,42.45,12961,0
2018-01-19,20:00:00,42.55,42.6,42.4,42.5,27002,0
2018-01-19,21:00:00,42.5,42.5667,42.45,42.45,16408,0
2018-01-19,22:00:00,42.5,42.7,42.45,42.55,62741,0
2018-01-22,16:00:00,42.35,42.35,41.65,41.95,13275,0
2018-01-22,17:00:00,42,42.15,41.9,41.925,12727,0
2018-01-22,18:00:00,41.9,42.1,41.9,42.05,21757,0
2018-01-22,19:00:00,42.05,42.1,41.95,41.95,11319,0
2018-01-22,20:00:00,42,42.05,41.95,42.0357,4331,0
2018-01-22,21:00:00,42.0499,42.125,42,42.1,16573,0
2018-01-22,22:00:00,42.1,42.25,42,42.1,78084,0
2018-01-23,16:00:00,42.15,42.15,41.7,41.95,16439,0
2018-01-23,17:00:00,41.9,42.15,41.75,41.95,31629,0
2018-01-23,18:00:00,41.95,42.05,41.9,42.05,48520,0
2018-01-23,19:00:00,42.075,42.075,42,42,5957,0
2018-01-23,20:00:00,41.975,42.25,41.975,42.1,29963,0
2018-01-23,21:00:00,42.1,42.3,41.9,42.15,26394,0
2018-01-23,22:00:00,42.166,42.166,41.65,42,52202,0
2018-01-24,16:00:00,42.3,42.4,42.05,42.3,12635,0
2018-01-24,17:00:00,42.3,42.375,42.05,42.15,23695,0
2018-01-24,18:00:00,42.2,42.25,41.9,42.05,56974,0
2018-01-24,19:00:00,42.05,42.05,41.8,41.8,18984,0
2018-01-24,20:00:00,41.85,42.1,41.65,42.05,15832,0
2018-01-24,21:00:00,42,42.15,41.8,42.1,34165,0
2018-01-24,22:00:00,42.05,42.15,41.95,42.05,106183,0
2018-01-25,16:00:00,42.4,42.6,41.95,41.95,30657,0
2018-01-25,17:00:00,42,42.2,41.6,41.65,31733,0
2018-01-25,18:00:00,41.65,42,41.65,41.9,20251,0
2018-01-25,19:00:00,41.9,41.95,41.65,41.65,9682,0
2018-01-25,20:00:00,41.7,41.9,41.7,41.85,13235,0
2018-01-25,21:00:00,41.85,41.95,41.65,41.725,17643,0
2018-01-25,22:00:00,41.75,42,41.7125,41.85,79558,0
2018-01-26,16:00:00,42.15,42.15,41.85,41.85,8371,0
2018-01-26,17:00:00,41.9,41.975,41.5,41.75,27532,0
2018-01-26,18:00:00,41.8,41.9,41.65,41.75,15690,0
2018-01-26,19:00:00,41.75,41.875,41.725,41.85,11165,0
2018-01-26,20:00:00,41.8701,41.925,41.8,41.925,8717,0
2018-01-26,21:00:00,41.9,41.95,41.8,41.85,13667,0
2018-01-26,22:00:00,41.885,41.95,41.8,41.85,59078,0
2018-01-29,16:00:00,41.7,41.85,41.5,41.7,14799,0
2018-01-29,17:00:00,41.6608,41.7,41.1,41.2,51306,0
2018-01-29,18:00:00,41.225,41.5,41.1999,41.5,10487,0
2018-01-29,19:00:00,41.4,41.5,41.3,41.5,9211,0
2018-01-29,20:00:00,41.5,41.6,41.4,41.45,6114,0
2018-01-29,21:00:00,41.5,41.55,41.35,41.5,12335,0
2018-01-29,22:00:00,41.45,41.6,41.35,41.35,45105,0
2018-01-30,16:00:00,41.05,41.65,41.05,41.575,27606,0
2018-01-30,17:00:00,41.575,41.6,40.85,41.25,32645,0
2018-01-30,18:00:00,41.25,41.45,41.05,41.05,7821,0
2018-01-30,19:00:00,41.05,41.15,40.95,40.95,4325,0
2018-01-30,20:00:00,40.95,41.3,40.85,41.15,7689,0
2018-01-30,21:00:00,41.15,41.2,41,41.05,4300,0
2018-01-30,22:00:00,41.025,41.25,41,41,58835,0
2018-01-31,16:00:00,41.25,41.85,41.15,41.25,11841,0
2018-01-31,17:00:00,41.3,41.35,40.8,40.8,6750,0
2018-01-31,18:00:00,40.85,40.9,40.65,40.75,18155,0
2018-01-31,19:00:00,40.75,40.9,40.75,40.85,4795,0
2018-01-31,20:00:00,40.825,41,40.825,40.9,7736,0
2018-01-31,21:00:00,41,41.05,40.7,41,16964,0
2018-01-31,22:00:00,41,41.05,40.7,40.85,93039,0
2018-02-01,16:00:00,40.8,41.05,40.75,41.05,15469,0
2018-02-01,17:00:00,40.95,40.95,40.85,40.9,15660,0
2018-02-01,18:00:00,40.9,40.95,40.75,40.9,31359,0
2018-02-01,19:00:00,40.9,41,40.85,40.85,5422,0
2018-02-01,20:00:00,40.9,41.2,40.85,41.03,134815,0
2018-02-01,21:00:00,41.15,41.1999,41,41,19810,0
2018-02-01,22:00:00,41.05,41.55,40.95,41.2,239421,0
2018-02-02,16:00:00,40.95,41,40.7,40.8,21045,0
2018-02-02,17:00:00,40.85,41,40.7,40.8,10405,0
2018-02-02,18:00:00,40.8,41,40.75,40.95,20704,0
2018-02-02,19:00:00,40.85,41,40.8,40.9,5410,0
2018-02-02,20:00:00,40.899,40.9,40.725,40.725,24689,0
2018-02-02,21:00:00,40.75,40.85,40.65,40.75,24245,0
2018-02-02,22:00:00,40.75,40.9,40.4,40.45,84258,0
2018-02-05,16:00:00,40.1,40.3,39.6,40.1,16504,0
2018-02-05,17:00:00,40.1,40.175,39.6,39.7,10549,0
2018-02-05,18:00:00,39.75,39.75,39.6,39.75,4728,0
2018-02-05,19:00:00,39.7,39.9,39.65,39.85,19710,0
2018-02-05,20:00:00,39.85,39.95,39.7,39.9,42119,0
2018-02-05,21:00:00,39.9,39.918,39.45,39.5,32618,0
2018-02-05,22:00:00,39.5,39.9,39.15,39.25,138012,0
2018-02-06,16:00:00,37.95,39.6,37.95,39.6,20258,0
2018-02-06,17:00:00,39.7,39.7,38.85,39.05,25071,0
2018-02-06,18:00:00,38.9,39.45,38.9,39.3,22705,0
2018-02-06,19:00:00,39.3,39.7,39.25,39.5,23060,0
2018-02-06,20:00:00,39.35,39.6,39.2,39.5,16309,0
2018-02-06,21:00:00,39.5,39.8,39.45,39.75,47423,0
2018-02-06,22:00:00,39.8,40.05,39.6,39.65,197362,0
2018-02-07,16:00:00,39.6,39.9,39.45,39.85,6518,0
2018-02-07,17:00:00,39.75,39.9,39.45,39.85,10015,0
2018-02-07,18:00:00,39.9115,39.95,39.65,39.7,5105,0
2018-02-07,19:00:00,39.8,39.85,39.45,39.55,8578,0
2018-02-07,20:00:00,39.55,39.55,39.25,39.35,8572,0
2018-02-07,21:00:00,39.35,39.6,39.35,39.45,13172,0
2018-02-07,22:00:00,39.5,39.6,39.45,39.5,52308,0
2018-02-08,16:00:00,39.65,39.65,39.2,39.35,9205,0
2018-02-08,17:00:00,39.3,39.4,38.925,38.95,19152,0
2018-02-08,18:00:00,39,39.085,38.7,38.85,15608,0
2018-02-08,19:00:00,38.85,38.85,38.15,38.3,18848,0
2018-02-08,20:00:00,38.25,38.7,38.2,38.55,14105,0
2018-02-08,21:00:00,38.55,38.65,38.3,38.45,11850,0
2018-02-08,22:00:00,38.4,38.55,37.9,37.9,102490,0
2018-02-09,16:00:00,38.35,38.65,38.3,38.5,14866,0
2018-02-09,17:00:00,38.45,38.5,37.75,37.95,19225,0
2018-02-09,18:00:00,38,38.15,37.6,37.6,32139,0
2018-02-09,19:00:00,37.6,37.65,37,37.4,23941,0
2018-02-09,20:00:00,37.35,38.2,37.1,38.1,61958,0
2018-02-09,21:00:00,38.05,38.4851,37.9,38.2,86445,0
2018-02-09,22:00:00,38.2,38.7,37.95,38.25,150729,0
2018-02-12,16:00:00,38.45,38.45,37.9,37.9,12575,0
2018-02-12,17:00:00,38,38.125,37.65,38.05,10460,0
2018-02-12,18:00:00,38.05,38.4,37.9452,38.25,16454,0
2018-02-12,19:00:00,38.25,38.55,38.25,38.45,29223,0
2018-02-12,20:00:00,38.45,38.6,38.3,38.518,37362,0
2018-02-12,21:00:00,38.5,38.5,38.25,38.35,28360,0
2018-02-12,22:00:00,38.4,38.6,38.2,38.45,124108,0
2018-02-13,16:00:00,38.25,38.4,38.15,38.3,7450,0
2018-02-13,17:00:00,38.25,38.75,38.2,38.75,15814,0
2018-02-13,18:00:00,38.7,38.7,38.3,38.35,7307,0
2018-02-13,19:00:00,38.3,38.35,38.15,38.35,7341,0
2018-02-13,20:00:00,38.25,38.4,38.25,38.3,8232,0
2018-02-13,21:00:00,38.35,38.55,38.3001,38.5007,13689,0
2018-02-13,22:00:00,38.45,38.8,38.45,38.7,50568,0
2018-02-14,16:00:00,38.55,38.95,38.55,38.95,5785,0
2018-02-14,17:00:00,38.8,39.1,38.75,38.9,12420,0
2018-02-14,18:00:00,38.85,39.3,38.85,39.25,15432,0
2018-02-14,19:00:00,39.25,39.25,38.8,38.8,13943,0
2018-02-14,20:00:00,38.85,39.1,38.75,39.1,9525,0
2018-02-14,21:00:00,39.1,39.3,39.075,39.1,11732,0
2018-02-14,22:00:00,39.1,39.175,38.75,38.85,163221,0
2018-02-15,16:00:00,39.2,39.5141,39.2,39.5141,19388,0
2018-02-15,17:00:00,39.6,39.95,39.6,39.65,33784,0
2018-02-15,18:00:00,39.7,40.1,39.65,40.1,44835,0
2018-02-15,19:00:00,40.1,40.3,40,40.29,29708,0
2018-02-15,20:00:00,40.3,40.6,40.3,40.5,29475,0
2018-02-15,21:00:00,40.55,40.85,40.5,40.85,18118,0
2018-02-15,22:00:00,40.85,40.9,40.5,40.55,97098,0
2018-02-16,16:00:00,40.55,40.8,40.45,40.65,8491,0
2018-02-16,17:00:00,40.55,40.825,40.4,40.8,34187,0
2018-02-16,18:00:00,40.8,40.85,40.55,40.7,11295,0
2018-02-16,19:00:00,40.65,40.8,40.55,40.7,9959,0
2018-02-16,20:00:00,40.7,40.7,40.45,40.7,17544,0
2018-02-16,21:00:00,40.75,40.85,40.65,40.65,10900,0
2018-02-16,22:00:00,40.65,40.75,40.5,40.6,34780,0
2018-02-20,16:00:00,40.5,40.7,40.35,40.45,6827,0
2018-02-20,17:00:00,40.5,40.65,40.25,40.4,10929,0
2018-02-20,18:00:00,40.35,40.6,40.35,40.55,22119,0
2018-02-20,19:00:00,40.5,40.6,40.4,40.55,30550,0
2018-02-20,20:00:00,40.5,40.6,40.4,40.575,10030,0
2018-02-20,21:00:00,40.6,40.75,40.55,40.55,14461,0
2018-02-20,22:00:00,40.55,40.6,40.2,40.35,68206,0
2018-02-21,16:00:00,40.6,40.8,40.575,40.575,13899,0
2018-02-21,17:00:00,40.55,40.7,40.4,40.65,5030,0
2018-02-21,18:00:00,40.65,40.8,40.6,40.7,4651,0
2018-02-21,19:00:00,40.65,40.7,40.55,40.65,3786,0
2018-02-21,20:00:00,40.6,40.75,40.6,40.65,10149,0
2018-02-21,21:00:00,40.65,40.85,40.55,40.65,11833,0
2018-02-21,22:00:00,40.55,40.65,40.15,40.25,64994,0
2018-02-22,16:00:00,40.45,40.55,40.2,40.25,14617,0
2018-02-22,17:00:00,40.2,40.35,40.15,40.15,13511,0
2018-02-22,18:00:00,40.2,40.35,40.1,40.3,16246,0
2018-02-22,19:00:00,40.25,40.262,40.05,40.05,6722,0
2018-02-22,20:00:00,40.15,40.15,40,40.1,11756,0
2018-02-22,21:00:00,40.1,40.3,40.05,40.05,9036,0
2018-02-22,22:00:00,40.1,40.2,40,40.1,96205,0
2018-02-23,16:00:00,40.4,40.5,40.2772,40.5,5566,0
2018-02-23,17:00:00,40.5,40.55,40.15,40.375,8867,0
2018-02-23,18:00:00,40.375,40.375,40.2,40.35,6279,0
2018-02-23,19:00:00,40.4,40.45,40.25,40.417,13069,0
2018-02-23,20:00:00,40.4,40.55,40.3,40.45,12957,0
2018-02-23,21:00:00,40.45,40.5,40.35,40.45,10164,0
2018-02-23,22:00:00,40.45,40.65,40.4,40.6,35166,0
2018-02-26,16:00:00,40.65,40.825,40.5,40.7,20596,0
2018-02-26,17:00:00,40.65,40.65,40.4,40.5,8863,0
2018-02-26,18:00:00,40.6,40.85,40.6,40.65,12473,0
2018-02-26,19:00:00,40.65,40.85,40.625,40.8,34038,0
2018-02-26,20:00:00,40.85,41.2,40.75,41.15,21644,0
2018-02-26,21:00:00,41.25,41.25,41.1,41.15,23974,0
2018-02-26,22:00:00,41.15,41.25,40.6,41,91450,0
2018-02-27,16:00:00,41.1,41.45,41,41.3,12596,0
2018-02-27,17:00:00,41.3,41.5,40.8,40.8,12625,0
2018-02-27,18:00:00,40.85,40.85,40.4,40.5,15601,0
2018-02-27,19:00:00,40.45,40.8,40.4,40.8,8700,0
2018-02-27,20:00:00,40.75,40.9,40.7,40.825,8078,0
2018-02-27,21:00:00,40.825,40.825,40.6,40.7,11819,0
2018-02-27,22:00:00,40.75,40.75,40.35,40.35,50629,0
2018-02-28,16:00:00,40.45,40.6,40.25,40.3,5479,0
2018-02-28,17:00:00,40.4,40.55,40.15,40.15,6264,0
2018-02-28,18:00:00,40.11,40.11,39.75,39.85,10614,0
2018-02-28,19:00:00,39.8,40.35,39.8,40.275,8758,0
2018-02-28,20:00:00,40.2,40.25,40.05,40.2,14186,0
2018-02-28,21:00:00,40.175,40.2216,39.75,39.8,18400,0
2018-02-28,22:00:00,39.75,39.8,39.4,39.5,61193,0
2018-03-01,16:00:00,39.75,40.05,37.85,38.6,42304,0
2018-03-01,17:00:00,38.375,39.1,38.275,38.45,23809,0
2018-03-01,18:00:00,38.3,38.3,37.25,37.9,69471,0
2018-03-01,19:00:00,37.9,37.9,37.45,37.9,64735,0
2018-03-01,20:00:00,37.75,38,37.2,37.25,49579,0
2018-03-01,21:00:00,37.2,37.75,36.95,37.5125,62876,0
2018-03-01,22:00:00,37.525,37.8,37.25,37.5,173406,0
2018-03-02,16:00:00,36.95,37.7,36.95,37.6,15281,0
2018-03-02,17:00:00,37.6,38.05,37.55,37.9,22296,0
2018-03-02,18:00:00,37.9,38.6,37.7555,38.6,17069,0
2018-03-02,19:00:00,38.6,39.1,38.55,39.1,15041,0
2018-03-02,20:00:00,39.05,39.4,38.8,39.35,21845,0
2018-03-02,21:00:00,39.35,39.55,39.15,39.4,25756,0
2018-03-02,22:00:00,39.45,39.9,39.3,39.85,154533,0
2018-03-05,16:00:00,39.55,39.85,39.45,39.7,10852,0
2018-03-05,17:00:00,39.7,40.1,39.7,40,35040,0
2018-03-05,18:00:00,39.9995,40.05,39.8,40,18670,0
2018-03-05,19:00:00,39.9,40.05,39.875,39.95,13480,0
2018-03-05,20:00:00,39.95,40.3,39.9,40.25,15459,0
2018-03-05,21:00:00,40.25,40.2501,39.85,39.95,25405,0
2018-03-05,22:00:00,39.925,40.1,39.8,39.9,134272,0
2018-03-06,16:00:00,40,40.25,39.9,39.9,18399,0
2018-03-06,17:00:00,39.95,40,39.3,39.3,26326,0
2018-03-06,18:00:00,39.3,39.5,39.2,39.45,10694,0
2018-03-06,19:00:00,39.45,39.85,39.45,39.85,11662,0
2018-03-06,20:00:00,39.9,39.95,39.55,39.65,11801,0
2018-03-06,21:00:00,39.65,39.875,39.5302,39.85,15084,0
2018-03-06,22:00:00,39.9,40,39.85,39.9,92896,0
2018-03-07,16:00:00,39.65,40.2,39.65,40.15,12003,0
2018-03-07,17:00:00,40.2,40.225,40.05,40.2,25064,0
2018-03-07,18:00:00,40.15,40.15,39.9,40,9820,0
2018-03-07,19:00:00,39.995,40.6,39.995,40.5,41782,0
2018-03-07,20:00:00,40.55,40.625,40.4,40.6,22494,0
2018-03-07,21:00:00,40.6,40.65,40.45,40.5,10153,0
2018-03-07,22:00:00,40.55,40.7,40.5,40.55,58854,0
2018-03-08,16:00:00,40.65,40.75,40.5,40.6,6160,0
2018-03-08,17:00:00,40.65,40.7,40.5,40.5,13031,0
2018-03-08,18:00:00,40.5,40.55,40.45,40.5,12050,0
2018-03-08,19:00:00,40.5,40.65,40.5,40.6,11663,0
2018-03-08,20:00:00,40.65,40.8,40.55,40.6,11329,0
2018-03-08,21:00:00,40.6,40.65,40.45,40.45,19678,0
2018-03-08,22:00:00,40.475,40.7,40.475,40.7,64201,0
2018-03-09,16:00:00,40.95,41.05,40.8,40.85,10452,0
2018-03-09,17:00:00,41,41.25,40.9,41.25,19148,0
2018-03-09,18:00:00,41.2435,41.5,41.15,41.45,17200,0
2018-03-09,19:00:00,41.45,41.5,41.35,41.4945,3634,0
2018-03-09,20:00:00,41.5,41.6,41.2,41.3,42026,0
2018-03-09,21:00:00,41.3,41.5,41.2,41.35,9256,0
2018-03-09,22:00:00,41.325,41.45,41.25,41.25,45302,0
2018-03-12,15:00:00,41.4,41.65,41.1,41.5,12748,0
2018-03-12,16:00:00,41.55,41.7,41.35,41.35,21630,0
2018-03-12,17:00:00,41.275,41.5,41.2,41.45,9955,0
2018-03-12,18:00:00,41.5,41.6,41.45,41.5,19802,0
2018-03-12,19:00:00,41.5,41.55,41.3,41.3,9643,0
2018-03-12,20:00:00,41.325,41.45,41.3,41.45,12270,0
2018-03-12,21:00:00,41.4,41.55,41.4,41.5,47783,0
2018-03-13,15:00:00,41.75,42,41.55,41.85,22930,0
2018-03-13,16:00:00,41.85,42,41.75,41.85,9714,0
2018-03-13,17:00:00,41.75,41.875,41.65,41.8,25280,0
2018-03-13,18:00:00,41.8,42.1,41.65,42.05,17981,0
2018-03-13,19:00:00,42.1,42.1,41.8,41.8,20818,0
2018-03-13,20:00:00,41.8,41.85,41.65,41.75,16629,0
2018-03-13,21:00:00,41.75,41.8,41.55,41.7,109171,0
2018-03-14,15:00:00,41.8,41.85,41.4,41.55,4921,0
2018-03-14,16:00:00,41.6,41.7,41.3,41.4499,7851,0
2018-03-14,17:00:00,41.4,41.45,41,41,13865,0
2018-03-14,18:00:00,41.05,41.25,40.95,41.2,9444,0
2018-03-14,19:00:00,41.25,41.5,41.05,41.45,5332,0
2018-03-14,20:00:00,41.35,41.35,41,41.25,7067,0
2018-03-14,21:00:00,41.225,41.3,41.1,41.2,82328,0
2018-03-15,15:00:00,41.15,41.2,41,41.1402,2959,0
2018-03-15,16:00:00,41.15,41.2,40.7,41.2,6514,0
2018-03-15,17:00:00,41.2,41.6,41.1,41.25,12812,0
2018-03-15,18:00:00,41.225,41.25,41,41.1,7833,0
2018-03-15,19:00:00,41.1,41.2,40.95,41,5953,0
2018-03-15,20:00:00,41.05,41.05,40.85,40.9,7794,0
2018-03-15,21:00:00,40.9,41.025,40.85,41,52896,0
2018-03-16,15:00:00,41,41.05,40.8,40.9,50866,0
2018-03-16,16:00:00,40.95,41.15,40.75,41.05,8425,0
2018-03-16,17:00:00,41.05,41.15,40.95,41,4800,0
2018-03-16,18:00:00,40.9,41.2,40.9,41.2,7800,0
2018-03-16,19:00:00,41.15,41.2,41,41.075,7596,0
2018-03-16,20:00:00,41.1,41.3,41.05,41.25,8498,0
2018-03-16,21:00:00,41.3,41.5,41.225,41.45,63325,0
2018-03-19,15:00:00,41.35,41.425,40.9,41.1,9618,0
2018-03-19,16:00:00,41.1,41.1,40.5,40.7,5550,0
2018-03-19,17:00:00,40.7,40.8,40.55,40.55,2600,0
2018-03-19,18:00:00,40.55,40.65,40.45,40.5,6347,0
2018-03-19,19:00:00,40.45,40.5,40.205,40.5,11382,0
2018-03-19,20:00:00,40.5,40.6,40.4498,40.6,13881,0
2018-03-19,21:00:00,40.6,41,40.55,40.9,47048,0
2018-03-20,15:00:00,40.9,41.25,40.9,41.1,6898,0
2018-03-20,16:00:00,40.9,41.1,40.8,40.8,3328,0
2018-03-20,17:00:00,40.9,41,40.7,40.9,4060,0
2018-03-20,18:00:00,40.85,41.05,40.8,40.8501,5860,0
2018-03-20,19:00:00,40.85,40.9,40.7,40.8,13102,0
2018-03-20,20:00:00,40.8,41.15,40.8,41.05,14567,0
2018-03-20,21:00:00,41,41.25,41,41.15,65830,0
2018-03-21,15:00:00,41.15,41.25,41.1,41.2,1862,0
2018-03-21,16:00:00,41.25,41.6,41.25,41.45,5480,0
2018-03-21,17:00:00,41.45,41.45,41.2,41.25,11460,0
2018-03-21,18:00:00,41.2,41.3,41.15,41.2,8649,0
2018-03-21,19:00:00,41.2,41.25,41.1,41.25,4734,0
2018-03-21,20:00:00,41.25,41.45,41,41.1,13099,0
2018-03-21,21:00:00,41.1,41.3,41,41,40341,0
2018-03-22,15:00:00,40.6,41.2,40.05,40.9,10432,0
2018-03-22,16:00:00,41,41,40.875,40.875,16557,0
2018-03-22,17:00:00,40.9,40.95,40.7,40.85,27202,0
2018-03-22,18:00:00,40.85,41.05,40.85,41,6830,0
2018-03-22,19:00:00,41,41.3,40.9,41.1,9042,0
2018-03-22,20:00:00,41.1,41.15,40.85,40.9,15185,0
2018-03-22,21:00:00,40.85,40.95,40.25,40.3,89576,0
2018-03-23,15:00:00,40.45,40.45,39.8,40,4924,0
2018-03-23,16:00:00,39.7337,40.05,39.7,39.95,4295,0
2018-03-23,17:00:00,39.9,39.907,39.45,39.45,3975,0
2018-03-23,18:00:00,39.45,39.55,39.4,39.45,5375,0
2018-03-23,19:00:00,39.55,39.9,39.45,39.8,6334,0
2018-03-23,20:00:00,39.7,39.75,39.35,39.4,11833,0
2018-03-23,21:00:00,39.3,39.4,38.7,38.7,62944,0
2018-03-26,16:00:00,39.45,39.95,39.25,39.35,15334,0
2018-03-26,17:00:00,39.45,39.45,39,39.2,22457,0
2018-03-26,18:00:00,39.15,39.2,38.85,39.2,16033,0
2018-03-26,19:00:00,39.15,39.25,39,39,6915,0
2018-03-26,20:00:00,39.012,39.3,38.95,39.3,7485,0
2018-03-26,21:00:00,39.4,39.7,39.4,39.55,6465,0
2018-03-26,22:00:00,39.6,40,39.6,40,62168,0
2018-03-27,16:00:00,40,40.1,39.75,39.95,5238,0
2018-03-27,17:00:00,39.9,40,39.65,39.875,12560,0
2018-03-27,18:00:00,39.85,39.95,39.6,39.75,9497,0
2018-03-27,19:00:00,39.8,39.8,39.45,39.65,11364,0
2018-03-27,20:00:00,39.65,39.75,39.35,39.35,7294,0
2018-03-27,21:00:00,39.45,39.45,39.1,39.1,24287,0
2018-03-27,22:00:00,39.1,39.1,38.25,38.6,155041,0
2018-03-28,16:00:00,38.65,38.65,38.25,38.65,5516,0
2018-03-28,17:00:00,38.65,38.8,38.35,38.35,5707,0
2018-03-28,18:00:00,38.35,38.6,38.2,38.55,15644,0
2018-03-28,19:00:00,38.55,38.775,38.45,38.45,13008,0
2018-03-28,20:00:00,38.45,38.9,38.45,38.85,18162,0
2018-03-28,21:00:00,38.95,39,38.65,38.8,18647,0
2018-03-28,22:00:00,38.8,38.9,38.55,38.75,86256,0
2018-03-29,16:00:00,39.1,39.2,38.9,39.15,3640,0
2018-03-29,17:00:00,39.2,39.6,39,39.6,5334,0
2018-03-29,18:00:00,39.65,39.65,39.3,39.45,5749,0
2018-03-29,19:00:00,39.4,39.45,39.3,39.3899,3662,0
2018-03-29,20:00:00,39.35,39.6,39.35,39.5,4332,0
2018-03-29,21:00:00,39.5,39.75,39.45,39.6,24808,0
2018-03-29,22:00:00,39.65,39.7,39.1,39.1,113166,0
