Date,Time,Open,High,Low,Close,Volume,OpenInt
2017-09-05,16:00:00,6.6543,6.7308,6.6361,6.6543,19273,0
2017-09-05,17:00:00,6.6625,6.6632,6.6005,6.6005,6262,0
2017-09-05,18:00:00,6.5973,6.6352,6.4998,6.5189,14440,0
2017-09-05,19:00:00,6.5361,6.5361,6.427,6.4633,22029,0
2017-09-05,20:00:00,6.427,6.4543,6.4179,6.4452,12750,0
2017-09-05,21:00:00,6.4688,6.6543,6.4688,6.5179,22943,0
2017-09-05,22:00:00,6.5038,6.5361,6.4998,6.527,12863,0
2017-09-06,16:00:00,6.5543,6.6543,6.5427,6.5427,5777,0
2017-09-06,17:00:00,6.5134,6.6179,6.5017,6.567,18551,0
2017-09-06,18:00:00,6.5451,6.5451,6.4451,6.5257,11790,0
2017-09-06,19:00:00,6.519,6.5361,6.519,6.5348,4737,0
2017-09-06,20:00:00,6.527,6.5277,6.527,6.5277,330,0
2017-09-06,21:00:00,6.5299,6.5451,6.5179,6.5451,5555,0
2017-09-06,22:00:00,6.5451,6.5451,6.5179,6.5179,7383,0
2017-09-07,16:00:00,6.527,6.5815,6.4999,6.5815,5958,0
2017-09-07,17:00:00,6.5497,6.5998,6.4725,6.4816,34700,0
2017-09-07,18:00:00,6.4725,6.4906,6.4543,6.4725,17029,0
2017-09-07,19:00:00,6.4788,6.5088,6.4788,6.4848,3975,0
2017-09-07,20:00:00,6.5044,6.5044,6.499,6.499,1782,0
2017-09-07,21:00:00,6.4952,6.4952,6.4725,6.4843,2494,0
2017-09-07,22:00:00,6.4759,6.4998,6.465,6.4998,1781,0
2017-09-08,16:00:00,6.4361,6.4816,6.427,6.427,19721,0
2017-09-08,17:00:00,6.4179,6.4998,6.4088,6.4247,10669,0
2017-09-08,18:00:00,6.4179,6.4365,6.3634,6.3763,24195,0
2017-09-08,19:00:00,6.3724,6.4179,6.3634,6.3906,8283,0
2017-09-08,20:00:00,6.3906,6.3906,6.3634,6.3634,880,0
2017-09-08,21:00:00,6.3894,6.3954,6.3634,6.3724,6370,0
2017-09-08,22:00:00,6.3724,6.3816,6.3634,6.3634,12550,0
2017-09-11,16:00:00,6.3634,6.4652,6.3634,6.3906,11526,0
2017-09-11,17:00:00,6.4179,6.5107,6.4088,6.5107,19375,0
2017-09-11,18:00:00,6.5165,6.5998,6.5165,6.5906,9020,0
2017-09-11,19:00:00,6.5279,6.6361,6.5188,6.5188,13166,0
2017-09-11,20:00:00,6.5385,6.5725,6.5385,6.5451,2217,0
2017-09-11,21:00:00,6.5461,6.5591,6.5451,6.5451,1430,0
2017-09-11,22:00:00,6.5543,6.5906,6.5451,6.5451,4418,0
2017-09-12,16:00:00,6.5633,6.5633,6.5179,6.5179,6497,0
2017-09-12,17:00:00,6.4906,6.5361,6.4361,6.5361,8233,0
2017-09-12,18:00:00,6.5258,6.5451,6.5226,6.5451,8121,0
2017-09-12,19:00:00,6.5815,6.6452,6.574,6.6208,7810,0
2017-09-12,20:00:00,6.6206,6.6906,6.6206,6.6906,4785,0
2017-09-12,21:00:00,6.727,6.7361,6.6987,6.6987,9777,0
2017-09-12,22:00:00,6.6725,6.6815,6.5906,6.5998,8672,0
2017-09-13,16:00:00,6.6088,6.7543,6.4543,6.6493,35382,0
2017-09-13,17:00:00,6.6791,6.6791,6.5352,6.5906,11326,0
2017-09-13,18:00:00,6.5815,6.6451,6.5543,6.6437,5615,0
2017-09-13,19:00:00,6.6443,6.6452,6.6088,6.6088,6806,0
2017-09-13,20:00:00,6.6361,6.6361,6.5491,6.5591,1980,0
2017-09-13,21:00:00,6.5922,6.6088,6.5902,6.5902,1796,0
2017-09-13,22:00:00,6.5815,6.627,6.5361,6.5906,25268,0
2017-09-14,16:00:00,6.5725,6.6361,6.5725,6.5875,16858,0
2017-09-14,17:00:00,6.5893,6.7452,6.5893,6.6906,15609,0
2017-09-14,18:00:00,6.6367,6.6543,6.5952,6.5952,5278,0
2017-09-14,19:00:00,6.5815,6.6,6.5725,6.5725,8360,0
2017-09-14,20:00:00,6.5725,6.5725,6.4998,6.5088,14166,0
2017-09-14,21:00:00,6.4998,6.5998,6.4998,6.5998,11977,0
2017-09-14,22:00:00,6.6179,6.727,6.4998,6.4998,10964,0
2017-09-15,16:00:00,6.5633,6.727,6.5633,6.7269,11396,0
2017-09-15,17:00:00,6.6099,6.8088,6.6099,6.7088,16913,0
2017-09-15,18:00:00,6.727,6.7815,6.6725,6.6906,8716,0
2017-09-15,19:00:00,6.7608,6.7608,6.6907,6.7088,10834,0
2017-09-15,20:00:00,6.6997,6.7134,6.6725,6.6725,5280,0
2017-09-15,21:00:00,6.6543,6.7352,6.6543,6.6705,7008,0
2017-09-15,22:00:00,6.6633,6.7633,6.6452,6.7633,3236,0
2017-09-18,16:00:00,6.7543,7.0009,6.7543,6.9088,26897,0
2017-09-18,17:00:00,6.8997,6.9542,6.727,6.727,26158,0
2017-09-18,18:00:00,6.7543,6.7725,6.5725,6.7361,26707,0
2017-09-18,19:00:00,6.7361,6.7516,6.6361,6.7516,6099,0
2017-09-18,20:00:00,6.7583,6.8725,6.6594,6.8318,5996,0
2017-09-18,21:00:00,6.7222,6.8073,6.714,6.8073,1546,0
2017-09-18,22:00:00,6.7852,6.8343,6.7852,6.8178,2442,0
2017-09-19,16:00:00,6.7361,6.8725,6.7361,6.827,2371,0
2017-09-19,17:00:00,6.7906,6.826,6.7176,6.8088,5555,0
2017-09-19,18:00:00,6.7596,6.8088,6.7596,6.7964,6820,0
2017-09-19,19:00:00,6.7906,6.7906,6.7867,6.7872,2420,0
2017-09-19,22:00:00,6.7906,6.827,6.7906,6.827,4239,0
2017-09-20,16:00:00,6.7815,6.8543,6.7543,6.8178,11027,0
2017-09-20,17:00:00,6.8361,6.8725,6.8088,6.8725,4290,0
2017-09-20,18:00:00,6.8997,6.9633,6.8088,6.8543,20570,0
2017-09-20,19:00:00,6.827,6.8732,6.7906,6.8178,7569,0
2017-09-20,20:00:00,6.9042,6.9042,6.7997,6.8361,3177,0
2017-09-20,21:00:00,6.8361,6.8602,6.827,6.827,3850,0
2017-09-20,22:00:00,6.8178,6.8535,6.7633,6.7633,15477,0
2017-09-21,16:00:00,6.7725,6.8335,6.7725,6.7725,5956,0
2017-09-21,17:00:00,6.7725,6.8034,6.7725,6.7725,4839,0
2017-09-21,18:00:00,6.7831,6.7962,6.7811,6.7811,5466,0
2017-09-21,19:00:00,6.7861,6.8178,6.7725,6.7725,9020,0
2017-09-21,20:00:00,6.7862,6.7862,6.7725,6.7725,2043,0
2017-09-21,21:00:00,6.7755,6.7755,6.7725,6.7725,1045,0
2017-09-21,22:00:00,6.7725,6.798,6.7633,6.7633,3162,0
2017-09-22,16:00:00,6.8088,6.8338,6.7362,6.7725,20547,0
2017-09-22,17:00:00,6.7815,6.7906,6.727,6.7633,17148,0
2017-09-22,18:00:00,6.7543,6.8178,6.7361,6.7361,10450,0
2017-09-22,19:00:00,6.7342,6.7451,6.6997,6.6997,2649,0
2017-09-22,20:00:00,6.7179,6.8239,6.7179,6.7633,6246,0
2017-09-22,21:00:00,6.7452,6.7452,6.7089,6.7185,6172,0
2017-09-22,22:00:00,6.7252,6.827,6.7252,6.827,6089,0
2017-09-25,16:00:00,6.8997,6.9826,6.7906,6.8888,25018,0
2017-09-25,17:00:00,6.9542,6.9542,6.7906,6.8544,6699,0
2017-09-25,18:00:00,6.7906,6.8451,6.7725,6.7753,7129,0
2017-09-25,19:00:00,6.7543,6.7725,6.7452,6.7543,3236,0
2017-09-25,20:00:00,6.7687,6.7852,6.7452,6.7725,8137,0
2017-09-25,21:00:00,6.7362,6.7806,6.6997,6.727,10449,0
2017-09-25,22:00:00,6.7361,6.7581,6.6815,6.7088,25404,0
2017-09-26,16:00:00,6.6906,6.8906,6.6906,6.827,23772,0
2017-09-26,17:00:00,6.8906,6.8906,6.7906,6.7906,6509,0
2017-09-26,18:00:00,6.8997,6.9815,6.8178,6.8633,28418,0
2017-09-26,19:00:00,6.9542,6.9542,6.8178,6.8361,11609,0
2017-09-26,20:00:00,6.8361,6.9088,6.7997,6.827,9292,0
2017-09-26,21:00:00,6.8997,6.8997,6.8088,6.8248,6854,0
2017-09-26,22:00:00,6.827,6.827,6.8088,6.8088,21334,0
2017-09-27,16:00:00,6.8178,6.9678,6.8178,6.8633,11506,0
2017-09-27,17:00:00,6.9088,6.9577,6.7997,6.7997,44046,0
2017-09-27,18:00:00,6.8178,6.8201,6.7452,6.7517,15603,0
2017-09-27,19:00:00,6.7452,6.7579,6.6997,6.7472,6425,0
2017-09-27,20:00:00,6.727,6.7988,6.727,6.7988,3320,0
2017-09-27,21:00:00,6.7725,6.7813,6.7364,6.7491,2886,0
2017-09-27,22:00:00,6.7671,6.7671,6.6815,6.727,17661,0
2017-09-28,16:00:00,6.6997,6.7944,6.6906,6.6906,16263,0
2017-09-28,17:00:00,6.6815,6.714,6.6815,6.7037,9106,0
2017-09-28,18:00:00,6.7088,6.7177,6.6906,6.6906,7262,0
2017-09-28,19:00:00,6.6961,6.727,6.6961,6.727,4536,0
2017-09-28,20:00:00,6.7088,6.7725,6.7088,6.7543,11343,0
2017-09-28,21:00:00,6.8088,6.8088,6.7179,6.727,6470,0
2017-09-28,22:00:00,6.727,6.7632,6.7179,6.727,11363,0
2017-09-29,16:00:00,6.7361,6.817,6.7361,6.7725,17238,0
2017-09-29,17:00:00,6.777,6.7997,6.7679,6.7725,4506,0
2017-09-29,18:00:00,6.7815,6.7815,6.6998,6.6998,13970,0
2017-09-29,19:00:00,6.7106,6.7906,6.7106,6.7316,2805,0
2017-09-29,20:00:00,6.727,6.7497,6.7179,6.7179,7936,0
2017-09-29,21:00:00,6.7088,6.7101,6.6906,6.7059,2365,0
2017-09-29,22:00:00,6.7139,6.7725,6.6944,6.7725,5179,0
2017-10-02,16:00:00,6.7725,6.7725,6.6815,6.6815,22375,0
2017-10-02,17:00:00,6.7543,6.8633,6.6997,6.7361,11416,0
2017-10-02,18:00:00,6.7361,6.7738,6.6815,6.6815,11304,0
2017-10-02,19:00:00,6.6906,6.7452,6.6815,6.7452,6699,0
2017-10-02,20:00:00,6.7362,6.7632,6.7179,6.7452,8800,0
2017-10-02,21:00:00,6.7543,6.7543,6.7379,6.7412,1980,0
2017-10-02,22:00:00,6.7555,6.7997,6.7495,6.7633,10792,0
2017-10-03,16:00:00,6.7361,6.7994,6.7361,6.7904,7631,0
2017-10-03,17:00:00,6.783,6.7963,6.7633,6.785,2030,0
2017-10-03,18:00:00,6.7997,6.929,6.7997,6.8815,18238,0
2017-10-03,19:00:00,6.8997,6.927,6.8452,6.8452,12397,0
2017-10-03,20:00:00,6.8551,6.8891,6.8543,6.8726,10757,0
2017-10-03,21:00:00,6.8725,6.8891,6.8453,6.8589,2475,0
2017-10-03,22:00:00,6.8452,6.8633,6.8452,6.8632,8091,0
2017-10-04,16:00:00,6.8815,7.0452,6.8815,6.9221,9476,0
2017-10-04,17:00:00,6.9452,7.0724,6.9179,7.0724,22960,0
2017-10-04,18:00:00,7.0416,7.0907,7.0416,7.0833,9956,0
2017-10-04,19:00:00,7.0769,7.0769,6.9873,6.9873,3960,0
2017-10-04,20:00:00,7.0088,7.0303,6.9461,7.0031,10341,0
2017-10-04,21:00:00,6.994,7.0088,6.9587,6.9906,4301,0
2017-10-04,22:00:00,6.9925,7.0815,6.9641,7.0815,11107,0
2017-10-05,16:00:00,7.2542,7.2725,7.1997,7.2724,12039,0
2017-10-05,17:00:00,7.2724,7.2974,7.1997,7.2179,18066,0
2017-10-05,18:00:00,7.2179,7.2255,7.1555,7.1815,9777,0
2017-10-05,19:00:00,7.2097,7.2452,7.1906,7.2452,16670,0
2017-10-05,20:00:00,7.2605,7.2605,7.227,7.2386,14297,0
2017-10-05,21:00:00,7.227,7.2272,7.1997,7.2011,7994,0
2017-10-05,22:00:00,7.1997,7.2532,7.1906,7.236,17826,0
2017-10-06,16:00:00,7.2542,7.2733,7.1815,7.2174,14838,0
2017-10-06,17:00:00,7.1923,7.1923,7.0907,7.0907,14009,0
2017-10-06,18:00:00,7.0997,7.0997,6.9997,7.0411,22275,0
2017-10-06,19:00:00,7.0542,7.1029,7.0452,7.0577,1798,0
2017-10-06,20:00:00,7.1106,7.1106,7.0633,7.0633,2612,0
2017-10-06,21:00:00,7.0724,7.0815,7.0493,7.0812,7283,0
2017-10-06,22:00:00,7.0815,7.1088,7.0815,7.1088,6088,0
2017-10-09,17:00:00,7.0996,7.0996,7.0996,7.0996,660,0
2017-10-09,18:00:00,7.0805,7.1484,7.0805,7.0957,10357,0
2017-10-09,19:00:00,7.1307,7.1542,7.1307,7.136,3187,0
2017-10-09,20:00:00,7.0928,7.123,7.0724,7.1179,5912,0
2017-10-09,21:00:00,7.1277,7.1672,7.1241,7.1672,6854,0
2017-10-09,22:00:00,7.1679,7.1815,7.127,7.1724,15296,0
2017-10-10,16:00:00,7.2452,7.3179,7.1519,7.202,26811,0
2017-10-10,17:00:00,7.2423,7.3179,7.2342,7.2724,9044,0
2017-10-10,18:00:00,7.2724,7.2815,7.2527,7.2585,4290,0
2017-10-10,19:00:00,7.2724,7.2724,7.2542,7.2688,4840,0
2017-10-10,20:00:00,7.2723,7.2723,7.2447,7.2447,5011,0
2017-10-10,21:00:00,7.2681,7.2692,7.2445,7.2633,3291,0
2017-10-10,22:00:00,7.2352,7.3087,7.227,7.3087,1575,0
2017-10-11,16:00:00,7.4269,7.4269,7.2724,7.4179,25468,0
2017-10-11,17:00:00,7.3815,7.3815,7.3012,7.3534,5834,0
2017-10-11,18:00:00,7.3534,7.5361,7.3534,7.5166,25485,0
2017-10-11,19:00:00,7.5015,7.5906,7.4688,7.5611,28369,0
2017-10-11,20:00:00,7.5542,7.5815,7.4859,7.5165,7310,0
2017-10-11,21:00:00,7.5361,7.5634,7.4906,7.5146,37125,0
2017-10-11,22:00:00,7.5292,7.5451,7.4906,7.5451,15387,0
2017-10-12,16:00:00,7.6815,7.8358,7.5087,7.671,53203,0
2017-10-12,17:00:00,7.6451,7.8633,7.5885,7.8104,25293,0
2017-10-12,18:00:00,7.8361,7.8361,7.7887,7.7896,7871,0
2017-10-12,19:00:00,7.8179,7.8179,7.7269,7.7361,7551,0
2017-10-12,20:00:00,7.7522,7.8268,7.7361,7.8268,28624,0
2017-10-12,21:00:00,7.8245,7.8633,7.8151,7.8361,11734,0
2017-10-12,22:00:00,7.8454,7.9996,7.8451,7.9996,16465,0
2017-10-13,16:00:00,7.9996,7.9996,7.871,7.8996,7542,0
2017-10-13,17:00:00,7.9269,8.1178,7.9269,8.0724,7370,0
2017-10-13,18:00:00,8.1029,8.1633,8.0835,8.1351,32683,0
2017-10-13,19:00:00,8.0972,8.1269,7.9651,7.975,9389,0
2017-10-13,20:00:00,8.0199,8.0451,7.9542,7.9726,27054,0
2017-10-13,21:00:00,7.9896,7.9896,7.8814,7.8847,8579,0
2017-10-13,22:00:00,7.851,7.9542,7.8269,7.9179,9590,0
2017-10-16,16:00:00,7.9996,8.0133,7.9542,7.9989,10237,0
2017-10-16,17:00:00,7.9996,8.1451,7.9996,8.1088,23352,0
2017-10-16,18:00:00,8.0984,8.1088,7.9542,7.9542,21334,0
2017-10-16,19:00:00,8.036,8.0708,7.9542,8.0708,15929,0
2017-10-16,20:00:00,8.0906,8.136,8.0269,8.1335,19001,0
2017-10-16,21:00:00,8.1213,8.1215,8.0724,8.0724,13615,0
2017-10-16,22:00:00,8.0748,8.1088,7.9179,8.1088,35179,0
2017-10-17,16:00:00,8.1815,8.2724,8.1088,8.19,42191,0
2017-10-17,17:00:00,8.1815,8.6451,8.1646,8.5815,74642,0
2017-10-17,18:00:00,8.5715,8.5715,8.4096,8.4997,46178,0
2017-10-17,19:00:00,8.4996,8.5451,8.2269,8.2269,42065,0
2017-10-17,20:00:00,8.3224,8.4542,8.2981,8.4542,16006,0
2017-10-17,21:00:00,8.4377,8.4717,8.3633,8.3815,17238,0
2017-10-17,22:00:00,8.4233,8.4815,8.3314,8.4815,16732,0
2017-10-18,16:00:00,8.427,8.527,8.3188,8.4905,18697,0
2017-10-18,17:00:00,8.4144,8.4723,8.3519,8.3905,19630,0
2017-10-18,18:00:00,8.3905,8.3996,8.2269,8.2542,17986,0
2017-10-18,19:00:00,8.3087,8.4415,8.3087,8.3579,13998,0
2017-10-18,20:00:00,8.3633,8.4083,8.3465,8.3633,13863,0
2017-10-18,21:00:00,8.409,8.4542,8.3633,8.4088,10254,0
2017-10-18,22:00:00,8.4088,8.6269,8.386,8.6269,72530,0
2017-10-19,16:00:00,8.3633,8.5723,8.2633,8.4874,29540,0
2017-10-19,17:00:00,8.4542,8.6269,8.2633,8.4088,31481,0
2017-10-19,18:00:00,8.4827,8.5178,8.4088,8.4451,12395,0
2017-10-19,19:00:00,8.4088,8.4633,8.3905,8.427,24441,0
2017-10-19,20:00:00,8.4487,8.5451,8.436,8.5451,7916,0
2017-10-19,21:00:00,8.5451,8.6269,8.5361,8.6269,6440,0
2017-10-19,22:00:00,8.5815,8.5815,8.3451,8.3451,23316,0
2017-10-20,16:00:00,8.5219,8.5219,8.3633,8.3905,8110,0
2017-10-20,17:00:00,8.4507,8.4864,8.4088,8.436,16987,0
2017-10-20,18:00:00,8.4505,8.6269,8.4088,8.4905,13819,0
2017-10-20,19:00:00,8.5114,8.5996,8.5114,8.5496,14863,0
2017-10-20,20:00:00,8.5136,8.5377,8.5042,8.527,8354,0
2017-10-20,21:00:00,8.5132,8.5269,8.4574,8.4818,7065,0
2017-10-20,22:00:00,8.4813,8.4815,8.4542,8.4542,13435,0
2017-10-23,16:00:00,8.6269,8.7393,8.5087,8.6723,34831,0
2017-10-23,17:00:00,8.5542,8.7087,8.527,8.7087,16193,0
2017-10-23,18:00:00,8.7087,8.8087,8.6451,8.736,21089,0
2017-10-23,19:00:00,8.736,8.736,8.636,8.7177,13234,0
2017-10-23,20:00:00,8.7087,8.7314,8.6815,8.6815,11990,0
2017-10-23,21:00:00,8.6542,8.745,8.5451,8.6905,21034,0
2017-10-23,22:00:00,8.7178,8.745,8.4542,8.745,30956,0
2017-10-24,16:00:00,8.7815,8.7815,8.5997,8.6723,9428,0
2017-10-24,17:00:00,8.6997,8.8178,8.6997,8.734,42874,0
2017-10-24,18:00:00,8.7178,8.7178,8.5451,8.5452,15969,0
2017-10-24,19:00:00,8.5452,8.6985,8.5451,8.6723,9824,0
2017-10-24,20:00:00,8.636,8.7723,8.5651,8.7632,21124,0
2017-10-24,21:00:00,8.6997,8.7178,8.6815,8.6905,6050,0
2017-10-24,22:00:00,8.6905,8.7087,8.6905,8.7087,4602,0
2017-10-25,16:00:00,8.7997,8.7997,8.636,8.6451,14639,0
2017-10-25,17:00:00,8.6183,8.726,8.6183,8.6633,14143,0
2017-10-25,18:00:00,8.6905,8.6905,8.5451,8.5815,35129,0
2017-10-25,19:00:00,8.5633,8.5723,8.436,8.48,13866,0
2017-10-25,20:00:00,8.5087,8.5451,8.5087,8.536,6037,0
2017-10-25,21:00:00,8.527,8.527,8.4815,8.5169,5489,0
2017-10-25,22:00:00,8.486,8.5451,8.4797,8.527,13685,0
2017-10-26,16:00:00,8.5451,8.636,8.5451,8.5774,6305,0
2017-10-26,17:00:00,8.5877,8.5877,8.4178,8.4815,19267,0
2017-10-26,18:00:00,8.4815,8.4815,8.3633,8.4088,59287,0
2017-10-26,19:00:00,8.3996,8.5178,8.3723,8.3858,39420,0
2017-10-26,20:00:00,8.3633,8.5087,8.3633,8.4088,34344,0
2017-10-26,21:00:00,8.4088,8.4088,8.3769,8.3905,33531,0
2017-10-26,22:00:00,8.3815,8.3815,8.2269,8.2542,42461,0
2017-10-27,16:00:00,8.4178,8.4178,8.2451,8.2906,18703,0
2017-10-27,17:00:00,8.2906,8.3996,8.2542,8.3815,13809,0
2017-10-27,18:00:00,8.3723,8.3905,8.3587,8.3634,18328,0
2017-10-27,19:00:00,8.3681,8.3769,8.0914,8.2815,59395,0
2017-10-27,20:00:00,8.2724,8.3815,8.2269,8.3805,7568,0
2017-10-27,21:00:00,8.417,8.4815,8.3178,8.3532,19647,0
2017-10-27,22:00:00,8.3542,8.3542,8.1815,8.1906,22979,0
2017-10-30,15:00:00,8.1451,8.2269,8.0497,8.1724,9098,0
2017-10-30,16:00:00,8.1487,8.2088,8.136,8.136,21187,0
2017-10-30,17:00:00,8.1269,8.238,8.1088,8.1088,9686,0
2017-10-30,18:00:00,8.0907,8.1088,7.8724,7.8996,49131,0
2017-10-30,19:00:00,7.9451,8.2269,7.9088,8.1724,25581,0
2017-10-30,20:00:00,8.1451,8.1515,8.0348,8.1177,12689,0
2017-10-30,21:00:00,8.0906,8.1906,7.9464,8.1815,15019,0
2017-10-31,15:00:00,8.1815,8.4088,7.9179,8.1633,32199,0
2017-10-31,16:00:00,8.1593,8.1906,8.0179,8.1413,29112,0
2017-10-31,17:00:00,8.136,8.1633,8.0907,8.136,13939,0
2017-10-31,18:00:00,8.136,8.1724,8.1178,8.1365,7353,0
2017-10-31,19:00:00,8.1542,8.1724,8.0906,8.1542,15211,0
2017-10-31,20:00:00,8.1542,8.3927,8.152,8.3633,33696,0
2017-10-31,21:00:00,8.3633,8.3633,8.2269,8.2815,12210,0
2017-11-01,15:00:00,8.3088,8.345,8.1906,8.3269,22717,0
2017-11-01,16:00:00,8.336,8.345,8.1996,8.3178,7823,0
2017-11-01,17:00:00,8.3087,8.4088,8.2961,8.3634,20426,0
2017-11-01,18:00:00,8.2907,8.429,8.1815,8.4165,38069,0
2017-11-01,19:00:00,8.436,8.4406,8.336,8.3743,5464,0
2017-11-01,20:00:00,8.3542,8.436,8.3542,8.433,28663,0
2017-11-01,21:00:00,8.4292,8.4542,8.2269,8.3088,37012,0
2017-11-02,15:00:00,8.427,8.4633,8.3088,8.4088,10254,0
2017-11-02,16:00:00,8.4088,8.4996,8.4024,8.4996,29318,0
2017-11-02,17:00:00,8.5178,8.5787,8.4265,8.5183,26973,0
2017-11-02,18:00:00,8.5087,8.5087,8.3452,8.4764,7465,0
2017-11-02,19:00:00,8.4342,8.436,8.3968,8.436,1188,0
2017-11-02,20:00:00,8.3951,8.4067,8.3623,8.3815,2576,0
2017-11-02,21:00:00,8.3821,8.4996,8.3821,8.4723,25368,0
2017-11-03,15:00:00,8.5905,8.6269,8.5314,8.6112,33376,0
2017-11-03,16:00:00,8.6178,8.6815,8.4633,8.6087,57386,0
2017-11-03,17:00:00,8.6087,8.6451,8.5723,8.6451,21900,0
2017-11-03,18:00:00,8.636,8.6997,8.636,8.6815,17922,0
2017-11-03,19:00:00,8.6815,8.6997,8.6178,8.6542,10820,0
2017-11-03,20:00:00,8.6723,8.6997,8.5905,8.6451,29212,0
2017-11-03,21:00:00,8.6905,8.745,8.5815,8.636,73785,0
2017-11-06,16:00:00,8.7178,8.7178,8.636,8.691,34291,0
2017-11-06,17:00:00,8.7178,8.7178,8.5451,8.5687,32520,0
2017-11-06,18:00:00,8.5542,8.5542,8.4666,8.4951,8856,0
2017-11-06,19:00:00,8.5178,8.5633,8.4815,8.5633,43437,0
2017-11-06,20:00:00,8.5996,8.636,8.576,8.6343,11337,0
2017-11-06,21:00:00,8.5996,8.6633,8.5996,8.6633,11700,0
2017-11-06,22:00:00,8.639,8.673,8.636,8.6633,28526,0
2017-11-07,16:00:00,8.6633,8.6815,8.5451,8.5913,42270,0
2017-11-07,17:00:00,8.6126,8.6126,8.5622,8.5663,4813,0
2017-11-07,18:00:00,8.6536,8.7269,8.5451,8.5451,120035,0
2017-11-07,19:00:00,8.6785,8.7269,8.6342,8.6895,31561,0
2017-11-07,20:00:00,8.6815,8.7269,8.6597,8.6906,34619,0
2017-11-07,21:00:00,8.6815,8.7087,8.6554,8.6905,8846,0
2017-11-07,22:00:00,8.6633,8.7269,8.5542,8.6178,60733,0
2017-11-08,16:00:00,8.4542,8.4542,8.3451,8.4542,84893,0
2017-11-08,17:00:00,8.4542,8.4542,8.3723,8.436,89508,0
2017-11-08,18:00:00,8.4451,8.4542,8.436,8.4542,15582,0
2017-11-08,19:00:00,8.4542,8.4542,8.3996,8.4088,40850,0
2017-11-08,20:00:00,8.3996,8.436,8.3996,8.436,14713,0
2017-11-08,21:00:00,8.436,8.436,8.2497,8.3723,61398,0
2017-11-08,22:00:00,8.3815,8.427,8.2816,8.2906,53332,0
2017-11-09,16:00:00,8.1976,8.1976,7.9307,8.007,51300,0
2017-11-09,17:00:00,7.9308,8.0737,7.9307,8.0499,21570,0
2017-11-09,18:00:00,8.0594,8.0767,7.9592,7.9593,30672,0
2017-11-09,19:00:00,7.9393,7.9441,7.5147,7.7591,74828,0
2017-11-09,20:00:00,7.7687,7.8259,7.6113,7.7401,24559,0
2017-11-09,21:00:00,7.7591,7.8259,7.7305,7.8259,6944,0
2017-11-09,22:00:00,7.8168,7.8211,7.6352,7.6352,17220,0
2017-11-10,16:00:00,7.5399,7.8675,7.5399,7.7763,31166,0
2017-11-10,17:00:00,7.7496,7.7973,7.6924,7.7744,14548,0
2017-11-10,18:00:00,7.8068,7.8068,7.721,7.7416,20710,0
2017-11-10,19:00:00,7.7496,8.0306,7.7495,7.7973,24992,0
2017-11-10,20:00:00,7.8259,7.8926,7.8068,7.8735,7820,0
2017-11-10,21:00:00,7.9498,7.9498,7.8354,7.8735,8376,0
2017-11-10,22:00:00,7.8449,7.9212,7.8449,7.8735,7039,0
2017-11-13,16:00:00,7.8831,7.9879,7.7591,7.8407,16028,0
2017-11-13,17:00:00,7.8163,7.8195,7.6362,7.721,34826,0
2017-11-13,18:00:00,7.6295,7.6734,7.54,7.6352,33464,0
2017-11-13,19:00:00,7.6257,7.8068,7.6257,7.6734,19842,0
2017-11-13,20:00:00,7.6757,7.7115,7.6257,7.7107,11501,0
2017-11-13,21:00:00,7.7305,7.7837,7.5399,7.6238,21120,0
2017-11-13,22:00:00,7.6634,7.7115,7.6257,7.6734,16651,0
2017-11-14,16:00:00,7.6638,7.6638,7.578,7.6448,21924,0
2017-11-14,17:00:00,7.6162,7.6348,7.5016,7.5304,21803,0
2017-11-14,18:00:00,7.5018,7.5113,7.435,7.4446,28828,0
2017-11-14,19:00:00,7.4405,7.5303,7.435,7.5092,17903,0
2017-11-14,20:00:00,7.5113,7.5328,7.435,7.435,9618,0
2017-11-14,21:00:00,7.4541,7.5018,7.435,7.4589,10241,0
2017-11-14,22:00:00,7.4922,7.5104,7.4636,7.4637,5770,0
2017-11-15,16:00:00,7.435,7.6001,7.435,7.435,18339,0
2017-11-15,17:00:00,7.4636,7.6157,7.4351,7.5018,20970,0
2017-11-15,18:00:00,7.4827,7.5208,7.4493,7.5018,11012,0
2017-11-15,19:00:00,7.4827,7.6066,7.4541,7.5971,14555,0
2017-11-15,20:00:00,7.578,7.578,7.435,7.4827,6399,0
2017-11-15,21:00:00,7.4541,7.4636,7.2921,7.2921,26037,0
2017-11-15,22:00:00,7.2921,7.5304,7.2825,7.2825,45964,0
2017-11-16,16:00:00,7.3207,7.435,7.273,7.3779,10268,0
2017-11-16,17:00:00,7.3779,7.4722,7.3397,7.4575,17210,0
2017-11-16,18:00:00,7.4351,7.4351,7.2349,7.2539,15456,0
2017-11-16,19:00:00,7.3015,7.4827,7.2253,7.3493,65786,0
2017-11-16,20:00:00,7.3397,7.3397,7.3016,7.3111,4946,0
2017-11-16,21:00:00,7.3258,7.3388,7.2349,7.2539,10175,0
2017-11-16,22:00:00,7.2539,7.3111,7.2349,7.2921,20535,0
2017-11-17,16:00:00,7.2921,7.3969,7.2454,7.3588,14861,0
2017-11-17,17:00:00,7.3588,7.3588,7.2921,7.3111,5537,0
2017-11-17,18:00:00,7.3016,7.3683,7.3016,7.3683,5334,0
2017-11-17,19:00:00,7.4338,7.4338,7.3683,7.3779,16348,0
2017-11-17,20:00:00,7.3969,7.4055,7.3493,7.3493,5037,0
2017-11-17,21:00:00,7.3779,7.3874,7.3493,7.3874,21682,0
2017-11-17,22:00:00,7.3683,7.4827,7.3609,7.4541,61194,0
2017-11-20,16:00:00,7.5304,7.559,7.4827,7.559,7446,0
2017-11-20,17:00:00,7.4922,7.5525,7.4624,7.5161,8267,0
2017-11-20,18:00:00,7.5228,7.5228,7.4684,7.489,8174,0
2017-11-20,19:00:00,7.5304,7.5304,7.4646,7.5208,924,0
2017-11-20,20:00:00,7.5185,7.5304,7.4827,7.4922,15558,0
2017-11-20,21:00:00,7.4827,7.4922,7.4827,7.4922,3683,0
2017-11-20,22:00:00,7.5494,7.578,7.5304,7.5685,10729,0
2017-11-21,16:00:00,7.6257,7.721,7.5923,7.6543,15737,0
2017-11-21,17:00:00,7.6829,7.721,7.6352,7.7153,29275,0
2017-11-21,18:00:00,7.7145,7.9021,7.7145,7.8625,28145,0
2017-11-21,19:00:00,7.8592,7.8592,7.7877,7.7877,3060,0
2017-11-21,20:00:00,7.8015,7.8068,7.721,7.7877,16733,0
2017-11-21,21:00:00,7.7877,7.7877,7.7687,7.7687,2035,0
2017-11-21,22:00:00,7.7877,7.7877,7.6924,7.7305,12161,0
2017-11-22,16:00:00,7.7305,7.7305,7.7305,7.7305,550,0
2017-11-22,17:00:00,7.8874,7.9117,7.7793,7.8259,7401,0
2017-11-22,18:00:00,7.8163,7.8547,7.7687,7.7872,4502,0
2017-11-22,19:00:00,7.8227,7.8227,7.6829,7.7539,6070,0
2017-11-22,20:00:00,7.7401,7.7537,7.7317,7.7537,1676,0
2017-11-22,21:00:00,7.759,7.7591,7.721,7.759,1915,0
2017-11-22,22:00:00,7.7237,7.7591,7.7158,7.721,6879,0
2017-11-24,16:00:00,7.7687,7.7687,7.721,7.721,11946,0
2017-11-24,17:00:00,7.6924,7.7019,7.6629,7.6638,9652,0
2017-11-24,18:00:00,7.7201,7.7201,7.6854,7.6854,3147,0
2017-11-24,19:00:00,7.6924,7.7687,7.6871,7.7687,8243,0
2017-11-24,20:00:00,7.7687,7.7687,7.7687,7.7687,2544,0
2017-11-27,16:00:00,7.7115,7.8402,7.7115,7.7402,11224,0
2017-11-27,17:00:00,7.7409,8.0411,7.7296,7.9784,50444,0
2017-11-27,18:00:00,8.0165,8.3025,8.0165,8.0812,48150,0
2017-11-27,19:00:00,8.0589,8.1118,8.0589,8.1118,3053,0
2017-11-27,20:00:00,8.1033,8.1054,8.0777,8.0967,6079,0
2017-11-27,21:00:00,8.119,8.1404,8.0885,8.1023,8692,0
2017-11-27,22:00:00,8.1118,8.1681,8.0832,8.0832,15988,0
2017-11-28,16:00:00,8.1786,8.2453,8.0832,8.0832,9809,0
2017-11-28,17:00:00,8.0806,8.0806,7.9974,8.0451,23065,0
2017-11-28,18:00:00,8.0451,8.0451,8.0165,8.0165,1364,0
2017-11-28,19:00:00,8.016,8.016,7.9117,7.9299,5398,0
2017-11-28,20:00:00,7.9363,7.9454,7.9126,7.9403,2732,0
2017-11-28,21:00:00,7.9428,7.945,7.9117,7.9212,2203,0
2017-11-28,22:00:00,7.9428,8.169,7.9126,8.0832,39967,0
2017-11-29,16:00:00,8.0165,8.0406,7.7305,7.864,68768,0
2017-11-29,17:00:00,7.9021,7.9593,7.8068,7.8449,54732,0
2017-11-29,18:00:00,7.8526,7.864,7.5876,7.6524,159222,0
2017-11-29,19:00:00,7.6257,7.7027,7.4732,7.6271,29764,0
2017-11-29,20:00:00,7.6353,7.7401,7.6257,7.7401,18629,0
2017-11-29,21:00:00,7.6924,7.7134,7.6543,7.6734,31485,0
2017-11-29,22:00:00,7.6924,7.7973,7.6734,7.7305,43212,0
2017-11-30,16:00:00,7.7877,7.7991,7.7877,7.7991,6952,0
2017-11-30,17:00:00,7.7717,7.7877,7.721,7.7634,5255,0
2017-11-30,18:00:00,7.7549,7.7549,7.7401,7.7428,4027,0
2017-11-30,19:00:00,7.721,7.7773,7.6983,7.7248,13808,0
2017-11-30,20:00:00,7.7591,7.7712,7.6638,7.6829,8338,0
2017-11-30,21:00:00,7.7019,7.721,7.6915,7.6924,9075,0
2017-11-30,22:00:00,7.7359,7.7868,7.6257,7.7115,35482,0
2017-12-01,16:00:00,7.7877,7.8068,7.721,7.7665,3677,0
2017-12-01,17:00:00,7.7401,7.7401,7.6859,7.6955,8112,0
2017-12-01,18:00:00,7.6923,7.6972,7.5113,7.5484,30363,0
2017-12-01,19:00:00,7.559,7.6924,7.5448,7.5876,31807,0
2017-12-01,20:00:00,7.6543,7.6543,7.6266,7.64,2730,0
2017-12-01,21:00:00,7.6318,7.632,7.578,7.578,15160,0
2017-12-01,22:00:00,7.5857,7.6257,7.5475,7.559,16384,0
2017-12-04,16:00:00,7.6448,7.6734,7.5788,7.6638,6118,0
2017-12-04,17:00:00,7.6638,7.6638,7.6066,7.6352,12647,0
2017-12-04,18:00:00,7.6257,7.6924,7.5971,7.6209,25094,0
2017-12-04,19:00:00,7.6257,7.6543,7.6184,7.6184,3777,0
2017-12-04,20:00:00,7.6448,7.6637,7.6225,7.6225,6713,0
2017-12-04,21:00:00,7.6352,7.6352,7.5971,7.6181,4005,0
2017-12-04,22:00:00,7.6171,7.6448,7.5685,7.5685,22482,0
2017-12-05,16:00:00,7.6257,7.6257,7.5685,7.578,2880,0
2017-12-05,17:00:00,7.578,7.578,7.4921,7.5685,18340,0
2017-12-05,18:00:00,7.559,7.578,7.5208,7.559,3410,0
2017-12-05,19:00:00,7.559,7.5685,7.5462,7.559,839,0
2017-12-05,20:00:00,7.5208,7.559,7.5018,7.5304,9101,0
2017-12-05,21:00:00,7.5304,7.5685,7.4922,7.5113,8277,0
2017-12-05,22:00:00,7.5018,7.5296,7.4827,7.5208,7088,0
2017-12-06,16:00:00,7.5304,7.5678,7.4827,7.5199,3377,0
2017-12-06,17:00:00,7.4732,7.4732,7.3019,7.3683,37748,0
2017-12-06,18:00:00,7.3683,7.3683,7.2445,7.3578,4220,0
2017-12-06,19:00:00,7.3111,7.3588,7.2539,7.3357,17810,0
2017-12-06,20:00:00,7.3492,7.35,7.3207,7.3207,2177,0
2017-12-06,21:00:00,7.2635,7.287,7.2549,7.2796,1060,0
2017-12-06,22:00:00,7.2854,7.3111,7.2539,7.2539,13438,0
2017-12-07,16:00:00,7.2539,7.3207,7.2539,7.3162,3162,0
2017-12-07,17:00:00,7.2921,7.3207,7.2683,7.2923,4564,0
2017-12-07,18:00:00,7.3302,7.3779,7.3154,7.3493,6371,0
2017-12-07,19:00:00,7.3302,7.3302,7.3207,7.3262,3987,0
2017-12-07,20:00:00,7.33,7.3969,7.33,7.3421,10427,0
2017-12-07,21:00:00,7.3493,7.3493,7.3142,7.3448,20313,0
2017-12-07,22:00:00,7.3352,7.3588,7.3111,7.3588,7564,0
2017-12-08,16:00:00,7.3779,7.5168,7.3779,7.435,2673,0
2017-12-08,17:00:00,7.5208,7.5208,7.416,7.416,9023,0
2017-12-08,18:00:00,7.4065,7.435,7.3779,7.4255,9676,0
2017-12-08,19:00:00,7.4254,7.4255,7.4112,7.416,3567,0
2017-12-08,20:00:00,7.4065,7.4255,7.375,7.375,5498,0
2017-12-08,21:00:00,7.3779,7.3779,7.2539,7.3689,10934,0
2017-12-08,22:00:00,7.3779,7.3779,7.3016,7.3016,3349,0
2017-12-11,16:00:00,7.4255,7.4255,7.3397,7.3969,6610,0
2017-12-11,17:00:00,7.3969,7.3969,7.3397,7.3397,6352,0
2017-12-11,18:00:00,7.3683,7.3683,7.3302,7.3683,9608,0
2017-12-11,19:00:00,7.3684,7.3684,7.2444,7.2968,21663,0
2017-12-11,20:00:00,7.273,7.3273,7.2729,7.3052,10449,0
2017-12-11,21:00:00,7.3097,7.3397,7.3053,7.3397,804,0
2017-12-11,22:00:00,7.3302,7.435,7.3034,7.3302,29340,0
2017-12-12,16:00:00,7.435,7.435,7.3668,7.387,10208,0
2017-12-12,17:00:00,7.4365,7.578,7.4365,7.559,16859,0
2017-12-12,18:00:00,7.5637,7.9307,7.5113,7.8211,94846,0
2017-12-12,19:00:00,7.8005,8.007,7.7639,7.8974,105304,0
2017-12-12,20:00:00,7.9011,7.9721,7.6257,7.7587,123838,0
2017-12-12,21:00:00,7.7754,7.9498,7.7754,7.9215,58559,0
2017-12-12,22:00:00,7.9264,7.9592,7.721,7.7305,77296,0
2017-12-13,16:00:00,7.9117,8.007,7.9117,7.9307,54131,0
2017-12-13,17:00:00,7.9403,7.9593,7.8166,7.8773,56440,0
2017-12-13,18:00:00,7.8831,7.9593,7.8259,7.8545,31932,0
2017-12-13,19:00:00,7.9212,8.007,7.8939,7.9594,16820,0
2017-12-13,20:00:00,7.9959,8.007,7.864,7.864,27587,0
2017-12-13,21:00:00,7.8792,7.9878,7.8354,7.9498,24921,0
2017-12-13,22:00:00,7.9711,7.9722,7.8163,7.8163,25361,0
2017-12-14,16:00:00,7.9688,7.9688,7.864,7.914,13116,0
2017-12-14,17:00:00,7.9066,8.0018,7.8821,7.9406,20473,0
2017-12-14,18:00:00,7.9403,7.9974,7.864,7.9536,11957,0
2017-12-14,19:00:00,7.9523,8.0546,7.9478,8.0308,13554,0
2017-12-14,20:00:00,8.026,8.0301,7.9212,7.9784,15726,0
2017-12-14,21:00:00,7.9927,8.007,7.8163,7.8163,28086,0
2017-12-14,22:00:00,7.8344,8.0356,7.8163,8.0356,17181,0
2017-12-15,16:00:00,8.0642,8.1309,7.9974,8.1309,17834,0
2017-12-15,17:00:00,8.15,8.1786,8.0642,8.1404,26452,0
2017-12-15,18:00:00,8.1461,8.1776,8.1214,8.1404,9968,0
2017-12-15,19:00:00,8.169,8.1778,8.1118,8.1557,7761,0
2017-12-15,20:00:00,8.1309,8.1465,7.9138,7.9937,21213,0
2017-12-15,21:00:00,8.0613,8.1871,8.0613,8.1328,3588,0
2017-12-15,22:00:00,8.1052,8.1404,8.0737,8.0737,8892,0
2017-12-18,16:00:00,8.4645,8.6647,8.3883,8.617,101433,0
2017-12-18,17:00:00,8.6266,8.8172,8.5884,8.633,93989,0
2017-12-18,18:00:00,8.617,8.617,8.524,8.5921,43518,0
2017-12-18,19:00:00,8.598,8.7505,8.5911,8.6838,33552,0
2017-12-18,20:00:00,8.6838,8.6985,8.6075,8.6513,18963,0
2017-12-18,21:00:00,8.6171,8.7695,8.617,8.7674,38170,0
2017-12-18,22:00:00,8.76,8.8839,8.76,8.8839,51009,0
2017-12-19,16:00:00,8.9602,8.9602,8.598,8.7695,41199,0
2017-12-19,17:00:00,8.7791,8.8267,8.7219,8.7505,26600,0
2017-12-19,18:00:00,8.7505,8.7695,8.7219,8.7457,9161,0
2017-12-19,19:00:00,8.7314,8.74,8.6361,8.6504,20384,0
2017-12-19,20:00:00,8.6361,8.7124,8.6361,8.6742,18247,0
2017-12-19,21:00:00,8.6742,8.7409,8.6552,8.7409,28658,0
2017-12-19,22:00:00,8.7695,8.8172,8.7219,8.8172,35976,0
2017-12-20,16:00:00,8.7886,8.8553,8.688,8.7505,9788,0
2017-12-20,17:00:00,8.7267,8.8163,8.7267,8.7929,10449,0
2017-12-20,18:00:00,8.7886,8.7898,8.7695,8.7814,4931,0
2017-12-20,19:00:00,8.7787,8.7787,8.7012,8.722,17919,0
2017-12-20,20:00:00,8.7459,8.7695,8.7219,8.7505,10083,0
2017-12-20,21:00:00,8.7505,8.8552,8.7505,8.8096,9927,0
2017-12-20,22:00:00,8.7886,8.8172,8.7695,8.8172,5631,0
2017-12-21,16:00:00,8.8935,8.8935,8.7219,8.7219,6592,0
2017-12-21,17:00:00,8.7409,9.4845,8.7339,9.1747,188233,0
2017-12-21,18:00:00,9.1611,9.2282,9.1127,9.1488,21345,0
2017-12-21,19:00:00,9.1413,9.1508,9.0539,9.0986,24408,0
2017-12-21,20:00:00,9.1032,9.1129,9.0364,9.0865,11044,0
2017-12-21,21:00:00,9.0936,9.1984,9.0174,9.1413,14281,0
2017-12-21,22:00:00,9.1508,9.2557,9.1508,9.1508,18228,0
2017-12-22,16:00:00,9.1699,9.2178,9.0936,9.1794,9099,0
2017-12-22,17:00:00,9.1604,9.1701,9.0898,9.0898,15254,0
2017-12-22,18:00:00,9.0836,9.1508,9.0791,9.1213,8486,0
2017-12-22,19:00:00,9.127,9.1756,9.127,9.1756,5997,0
2017-12-22,20:00:00,9.1372,9.1508,8.9793,9.0323,33913,0
2017-12-22,21:00:00,9.0388,9.0746,9.0078,9.0603,12439,0
2017-12-22,22:00:00,9.0936,9.1508,9.0927,9.1032,12913,0
2017-12-26,16:00:00,9.189,9.189,9.1032,9.1413,13483,0
2017-12-26,17:00:00,9.1222,9.1222,8.9602,9.0269,13772,0
2017-12-26,18:00:00,8.9747,9.0343,8.9603,9.0343,15894,0
2017-12-26,19:00:00,9.0555,9.065,9.0237,9.046,9986,0
2017-12-26,20:00:00,9.0183,9.087,9.0183,9.0396,25674,0
2017-12-26,21:00:00,9.0412,9.0546,8.9888,9.0375,7858,0
2017-12-26,22:00:00,9.0221,9.0546,9.0078,9.0269,15999,0
2017-12-27,16:00:00,9.1604,9.1604,9.0078,9.0746,15958,0
2017-12-27,17:00:00,9.0818,9.0856,9.0364,9.0364,3723,0
2017-12-27,18:00:00,9.0555,9.1079,9.0269,9.065,16526,0
2017-12-27,19:00:00,9.0936,9.1222,9.0345,9.0345,17433,0
2017-12-27,20:00:00,9.0221,9.0364,9.0078,9.0364,2378,0
2017-12-27,21:00:00,9.0364,9.0364,9.0202,9.0269,3180,0
2017-12-27,22:00:00,9.0269,9.0364,8.9697,8.9697,8660,0
2017-12-28,16:00:00,9.0364,9.0364,8.9697,8.9913,6274,0
2017-12-28,17:00:00,8.9817,9.046,8.9817,9.0078,21338,0
2017-12-28,18:00:00,8.985,9.0939,8.985,9.0746,30209,0
2017-12-28,19:00:00,9.0746,9.1154,9.0624,9.0942,11221,0
2017-12-28,20:00:00,9.1016,9.1127,9.0841,9.1127,2602,0
2017-12-28,21:00:00,9.1015,9.1508,9.0984,9.1507,8447,0
2017-12-28,22:00:00,9.1354,9.1985,9.1127,9.1794,30239,0
2017-12-29,16:00:00,9.2271,9.2271,9.1508,9.1993,9174,0
2017-12-29,17:00:00,9.1985,9.1985,9.0936,9.0936,10048,0
2017-12-29,18:00:00,9.147,9.1639,9.065,9.0664,14126,0
2017-12-29,19:00:00,9.1127,9.1508,9.0556,9.1015,18107,0
2017-12-29,20:00:00,9.0898,9.1508,9.0898,9.1508,2160,0
2017-12-29,21:00:00,9.1318,9.1318,9.1033,9.1152,3593,0
2017-12-29,22:00:00,9.1316,9.1316,9.0461,9.0746,26671,0
2018-01-02,16:00:00,9.1032,9.1508,9.0841,9.1032,13739,0
2018-01-02,17:00:00,9.0975,9.2176,9.0975,9.1651,33681,0
2018-01-02,18:00:00,9.1601,9.1794,9.1508,9.1699,28042,0
2018-01-02,19:00:00,9.1508,9.189,9.1508,9.189,7191,0
2018-01-02,20:00:00,9.189,9.1985,9.189,9.1925,7532,0
2018-01-02,21:00:00,9.1894,9.1894,9.1218,9.1222,16905,0
2018-01-02,22:00:00,9.1294,9.1294,8.9602,9.0269,45003,0
2018-01-03,16:00:00,9.1508,9.1508,9.1127,9.1365,8066,0
2018-01-03,17:00:00,9.1508,9.2938,9.1508,9.2842,50749,0
2018-01-03,18:00:00,9.2804,9.2843,9.1699,9.189,22706,0
2018-01-03,19:00:00,9.189,9.2271,9.1699,9.2176,11985,0
2018-01-03,20:00:00,9.2138,9.2938,9.2079,9.2653,49633,0
2018-01-03,21:00:00,9.2938,9.3224,9.2747,9.2929,4993,0
2018-01-03,22:00:00,9.2838,9.2938,9.0841,9.1985,29815,0
2018-01-04,16:00:00,9.3987,9.3987,9.236,9.2652,6441,0
2018-01-04,17:00:00,9.2612,9.3319,9.2612,9.3275,12508,0
2018-01-04,18:00:00,9.3319,9.3851,9.3304,9.3786,31205,0
2018-01-04,19:00:00,9.3796,9.3796,9.351,9.3521,9809,0
2018-01-04,20:00:00,9.3796,9.3796,9.3588,9.3701,10958,0
2018-01-04,21:00:00,9.351,9.3605,9.2938,9.3281,40351,0
2018-01-04,22:00:00,9.3224,9.351,9.3033,9.3224,13372,0
2018-01-05,16:00:00,9.4654,9.4654,9.2652,9.2652,21294,0
2018-01-05,17:00:00,9.2652,9.3487,9.2557,9.2557,20386,0
2018-01-05,18:00:00,9.2824,9.3419,9.2694,9.2937,9877,0
2018-01-05,19:00:00,9.3032,9.3032,9.2557,9.2747,7048,0
2018-01-05,20:00:00,9.2643,9.3085,9.2412,9.3033,12243,0
2018-01-05,21:00:00,9.3129,9.3129,9.2779,9.2892,11760,0
2018-01-05,22:00:00,9.2843,9.3558,9.2843,9.3319,13234,0
2018-01-08,16:00:00,9.3129,9.3129,9.1604,9.1909,29642,0
2018-01-08,17:00:00,9.1797,9.1797,9.0078,9.0479,52367,0
2018-01-08,18:00:00,9.0642,9.1032,9.0174,9.0555,14899,0
2018-01-08,19:00:00,9.0365,9.1318,9.0365,9.1128,11145,0
2018-01-08,20:00:00,9.1127,9.153,9.1127,9.1403,15853,0
2018-01-08,21:00:00,9.1221,9.1319,9.0994,9.0994,17632,0
2018-01-08,22:00:00,9.1095,9.1222,9.0644,9.1032,23706,0
2018-01-09,16:00:00,9.046,9.0555,9.0078,9.0354,12842,0
2018-01-09,17:00:00,9.0211,9.0545,9.0078,9.0545,31554,0
2018-01-09,18:00:00,9.0545,9.065,9.0174,9.065,16385,0
2018-01-09,19:00:00,9.065,9.065,9.0094,9.046,11708,0
2018-01-09,20:00:00,9.0545,9.0545,8.9697,9.0078,30664,0
2018-01-09,21:00:00,8.9997,9.0292,8.9977,9.0172,6302,0
2018-01-09,22:00:00,9.0174,9.0555,9.0078,9.046,11037,0
2018-01-10,16:00:00,9.0555,9.0622,9.0555,9.0555,4466,0
2018-01-10,17:00:00,9.0555,9.07,9.046,9.0655,28283,0
2018-01-10,18:00:00,9.0668,9.0715,9.0096,9.066,17217,0
2018-01-10,19:00:00,9.0746,9.0841,9.0746,9.0746,6723,0
2018-01-10,20:00:00,9.0841,9.1508,9.0755,9.1246,24128,0
2018-01-10,21:00:00,9.132,9.132,9.1127,9.1142,11704,0
2018-01-10,22:00:00,9.1127,9.1413,9.065,9.065,10893,0
2018-01-11,16:00:00,9.2938,9.3224,9.0832,9.2992,19548,0
2018-01-11,17:00:00,9.2938,9.3224,9.2938,9.3223,7481,0
2018-01-11,18:00:00,9.3089,9.3605,9.3033,9.3467,25379,0
2018-01-11,19:00:00,9.3224,9.3224,9.2938,9.3224,11944,0
2018-01-11,20:00:00,9.2938,9.3171,9.2176,9.2238,30832,0
2018-01-11,21:00:00,9.2222,9.2461,9.1794,9.2088,11022,0
2018-01-11,22:00:00,9.1985,9.1985,9.1127,9.1413,37005,0
2018-01-12,16:00:00,9.351,9.351,9.2557,9.3129,28589,0
2018-01-12,17:00:00,9.3133,9.3891,9.3133,9.3775,33649,0
2018-01-12,18:00:00,9.3796,9.416,9.2509,9.2509,32376,0
2018-01-12,19:00:00,9.2524,9.2971,9.2412,9.2412,12987,0
2018-01-12,20:00:00,9.2271,9.2843,9.189,9.2681,44911,0
2018-01-12,21:00:00,9.2652,9.2833,9.2462,9.2698,7999,0
2018-01-12,22:00:00,9.2795,9.4082,9.2795,9.3796,26416,0
2018-01-16,16:00:00,9.4845,9.4845,9.4082,9.4125,25414,0
2018-01-16,17:00:00,9.3988,9.4273,9.3939,9.4272,27122,0
2018-01-16,18:00:00,9.4225,9.4559,9.4177,9.4368,27367,0
2018-01-16,19:00:00,9.4031,9.4263,9.3891,9.3891,22308,0
2018-01-16,20:00:00,9.4079,9.4273,9.3891,9.403,10658,0
2018-01-16,21:00:00,9.3987,9.4139,9.3891,9.4139,5405,0
2018-01-16,22:00:00,9.4082,9.4463,9.4082,9.4368,18201,0
2018-01-17,16:00:00,9.4273,9.4273,9.3796,9.3796,32685,0
2018-01-17,17:00:00,9.3996,9.4082,9.3419,9.3857,43934,0
2018-01-17,18:00:00,9.3987,9.4368,9.3796,9.4185,15126,0
2018-01-17,19:00:00,9.4292,9.4368,9.3033,9.3176,12467,0
2018-01-17,20:00:00,9.3176,9.3281,9.3033,9.3262,5182,0
2018-01-17,21:00:00,9.3415,9.3891,9.3414,9.3891,6997,0
2018-01-17,22:00:00,9.3796,9.4368,9.3796,9.3796,21773,0
2018-01-18,16:00:00,9.3796,9.4268,9.3129,9.4268,7393,0
2018-01-18,17:00:00,9.3891,9.4357,9.3891,9.3891,3806,0
2018-01-18,18:00:00,9.4042,9.4262,9.3891,9.4262,3462,0
2018-01-18,19:00:00,9.4262,9.4262,9.3796,9.4167,4652,0
2018-01-18,20:00:00,9.4082,9.4273,9.3891,9.4273,6788,0
2018-01-18,21:00:00,9.4368,9.4368,9.3901,9.3901,25805,0
2018-01-18,22:00:00,9.3891,9.4168,9.3796,9.3796,6472,0
2018-01-19,16:00:00,9.2938,9.3977,9.2938,9.3968,40199,0
2018-01-19,17:00:00,9.3914,9.4391,9.3796,9.4391,9050,0
2018-01-19,18:00:00,9.437,9.4845,9.4338,9.4679,21989,0
2018-01-19,19:00:00,9.4559,9.456,9.332,9.332,13049,0
2018-01-19,20:00:00,9.3224,9.3597,9.3224,9.3358,12967,0
2018-01-19,21:00:00,9.3509,9.4174,9.3319,9.4174,11423,0
2018-01-19,22:00:00,9.4083,9.4176,9.3639,9.3987,8006,0
2018-01-22,16:00:00,9.4463,9.4845,9.3224,9.3415,14809,0
2018-01-22,17:00:00,9.3552,9.4125,9.351,9.4125,11100,0
2018-01-22,18:00:00,9.4368,9.4558,9.3891,9.4463,34052,0
2018-01-22,19:00:00,9.4463,9.4624,9.4082,9.4267,21056,0
2018-01-22,20:00:00,9.4271,9.4559,9.4082,9.4275,14396,0
2018-01-22,21:00:00,9.412,9.4511,9.351,9.3954,56120,0
2018-01-22,22:00:00,9.4,9.4,9.2462,9.2462,41857,0
2018-01-23,16:00:00,9.2462,9.342,9.1222,9.265,28231,0
2018-01-23,17:00:00,9.3129,9.3415,9.2776,9.3182,35386,0
2018-01-23,18:00:00,9.3117,9.3319,9.2557,9.3129,25105,0
2018-01-23,19:00:00,9.2923,9.3033,9.2279,9.2332,27563,0
2018-01-23,20:00:00,9.2437,9.2829,9.1928,9.2271,21596,0
2018-01-23,21:00:00,9.2468,9.2557,9.1892,9.255,11096,0
2018-01-23,22:00:00,9.2557,9.2557,9.1222,9.1508,23191,0
2018-01-24,16:00:00,9.2462,9.2584,9.1708,9.2414,11888,0
2018-01-24,17:00:00,9.3217,9.3891,9.2646,9.3868,38669,0
2018-01-24,18:00:00,9.3891,9.4844,9.3796,9.4065,11502,0
2018-01-24,19:00:00,9.4034,9.4036,9.3415,9.3558,15756,0
2018-01-24,20:00:00,9.371,9.3891,9.3415,9.3415,1878,0
2018-01-24,21:00:00,9.3415,9.4492,9.3415,9.4432,17782,0
2018-01-24,22:00:00,9.4653,9.4653,9.4082,9.4082,12125,0
2018-01-25,16:00:00,9.532,9.532,9.4841,9.4844,8529,0
2018-01-25,17:00:00,9.4821,9.532,9.4797,9.4941,23832,0
2018-01-25,18:00:00,9.505,9.589,9.4749,9.589,31424,0
2018-01-25,19:00:00,9.588,9.77,9.572,9.69,48068,0
2018-01-25,20:00:00,9.675,9.78,9.637,9.761,38681,0
2018-01-25,21:00:00,9.789,9.799,9.742,9.742,14949,0
2018-01-25,22:00:00,9.732,9.75,9.691,9.723,26236,0
2018-01-26,16:00:00,9.866,9.866,9.723,9.737,10428,0
2018-01-26,17:00:00,9.751,9.751,9.675,9.705,20155,0
2018-01-26,18:00:00,9.714,9.836,9.713,9.761,35435,0
2018-01-26,19:00:00,9.732,9.742,9.561,9.561,53552,0
2018-01-26,20:00:00,9.565,9.655,9.565,9.627,5777,0
2018-01-26,21:00:00,9.627,9.665,9.589,9.61,18053,0
2018-01-26,22:00:00,9.627,9.633,9.58,9.589,16708,0
2018-01-29,16:00:00,9.637,9.704,9.627,9.665,7123,0
2018-01-29,17:00:00,9.647,9.649,9.58,9.594,17892,0
2018-01-29,18:00:00,9.57,9.647,9.57,9.647,8183,0
2018-01-29,19:00:00,9.647,9.795,9.642,9.795,18830,0
2018-01-29,20:00:00,9.799,9.809,9.77,9.773,16196,0
2018-01-29,21:00:00,9.761,9.847,9.761,9.818,17307,0
2018-01-29,22:00:00,9.837,9.866,9.794,9.837,24659,0
2018-01-30,16:00:00,9.866,9.88,9.78,9.78,12971,0
2018-01-30,17:00:00,9.751,9.761,9.599,9.752,16308,0
2018-01-30,18:00:00,9.732,9.751,9.723,9.749,19733,0
2018-01-30,19:00:00,9.733,9.742,9.554,9.568,37498,0
2018-01-30,20:00:00,9.57,9.57,9.3891,9.4845,54061,0
2018-01-30,21:00:00,9.504,9.604,9.504,9.58,9233,0
2018-01-30,22:00:00,9.587,9.587,9.494,9.513,17556,0
2018-01-31,16:00:00,9.4368,9.771,9.4368,9.657,27057,0
2018-01-31,17:00:00,9.566,9.676,9.556,9.656,12181,0
2018-01-31,18:00:00,9.662,9.675,9.637,9.642,12633,0
2018-01-31,19:00:00,9.651,9.651,9.608,9.608,6019,0
2018-01-31,20:00:00,9.627,9.685,9.627,9.68,15037,0
2018-01-31,21:00:00,9.68,9.68,9.608,9.665,4424,0
2018-01-31,22:00:00,9.653,9.657,9.627,9.627,11032,0
2018-02-01,16:00:00,9.732,9.77,9.532,9.713,19513,0
2018-02-01,17:00:00,9.668,9.715,9.627,9.651,6924,0
2018-02-01,18:00:00,9.666,9.667,9.643,9.666,6218,0
2018-02-01,19:00:00,9.656,9.666,9.627,9.656,11225,0
2018-02-01,20:00:00,9.654,9.654,9.654,9.654,315,0
2018-02-01,21:00:00,9.637,9.675,9.627,9.645,27378,0
2018-02-01,22:00:00,9.642,9.675,9.608,9.637,24598,0
2018-02-02,16:00:00,9.647,9.713,9.627,9.656,17151,0
2018-02-02,17:00:00,9.647,9.67,9.58,9.655,11936,0
2018-02-02,18:00:00,9.661,9.694,9.594,9.647,16949,0
2018-02-02,19:00:00,9.647,9.647,9.618,9.618,10174,0
2018-02-02,20:00:00,9.631,9.647,9.629,9.632,3136,0
2018-02-02,21:00:00,9.632,9.656,9.628,9.647,16581,0
2018-02-02,22:00:00,9.656,9.675,9.589,9.627,23292,0
2018-02-05,16:00:00,9.647,9.67,9.551,9.637,28851,0
2018-02-05,17:00:00,9.636,9.666,9.58,9.614,20006,0
2018-02-05,18:00:00,9.619,9.685,9.619,9.656,32574,0
2018-02-05,19:00:00,9.658,9.674,9.618,9.666,30779,0
2018-02-05,20:00:00,9.637,9.665,9.629,9.642,15691,0
2018-02-05,21:00:00,9.642,9.666,9.572,9.607,27850,0
2018-02-05,22:00:00,9.626,9.665,9.542,9.618,20751,0
2018-02-06,16:00:00,9.532,9.627,9.532,9.617,36740,0
2018-02-06,17:00:00,9.609,9.626,9.4377,9.4377,25360,0
2018-02-06,18:00:00,9.4654,9.4799,9.2462,9.3502,32351,0
2018-02-06,19:00:00,9.3614,9.522,9.3605,9.4597,39198,0
2018-02-06,20:00:00,9.493,9.513,9.3415,9.4078,20789,0
2018-02-06,21:00:00,9.3697,9.3987,9.3605,9.3881,5856,0
2018-02-06,22:00:00,9.3701,9.3795,9.2462,9.2747,58845,0
2018-02-07,16:00:00,9.2462,9.27,8.9602,9.0526,70578,0
2018-02-07,17:00:00,9.0078,9.1318,9.0078,9.1127,49068,0
2018-02-07,18:00:00,9.0529,9.1127,8.4455,8.6647,126678,0
2018-02-07,19:00:00,8.6742,8.7409,8.5122,8.5694,50009,0
2018-02-07,20:00:00,8.5598,8.7219,8.5122,8.6168,37985,0
2018-02-07,21:00:00,8.6266,8.733,8.598,8.7314,11272,0
2018-02-07,22:00:00,8.7886,8.7996,8.6075,8.6075,37373,0
2018-02-08,16:00:00,8.89,8.89,8.5882,8.65,44985,0
2018-02-08,17:00:00,8.7,8.79,8.6001,8.64,52640,0
2018-02-08,18:00:00,8.687,8.779,8.651,8.6788,13884,0
2018-02-08,19:00:00,8.6642,8.94,8.66,8.94,26978,0
2018-02-08,20:00:00,8.841,8.919,8.8,8.91,4199,0
2018-02-08,21:00:00,8.8626,8.99,8.8487,8.969,7869,0
2018-02-08,22:00:00,8.9842,9,8.78,8.78,19774,0
2018-02-09,16:00:00,8.81,9,8.8,8.9047,8543,0
2018-02-09,17:00:00,8.95,9.032,8.95,8.9986,5530,0
2018-02-09,18:00:00,8.9874,9,8.9,8.9301,11537,0
2018-02-09,19:00:00,8.9292,8.931,8.76,8.773,33083,0
2018-02-09,20:00:00,8.761,8.8688,8.75,8.8207,28537,0
2018-02-09,21:00:00,8.869,8.96,8.8024,8.912,12073,0
2018-02-09,22:00:00,8.95,8.95,8.86,8.9,6540,0
2018-02-12,16:00:00,8.89,8.9722,8.8,8.8164,33287,0
2018-02-12,17:00:00,8.8,8.85,8.8,8.8373,20508,0
2018-02-12,18:00:00,8.82,8.85,8.82,8.8404,4460,0
2018-02-12,19:00:00,8.84,8.91,8.83,8.9094,26312,0
2018-02-12,20:00:00,8.91,9,8.91,9,4868,0
2018-02-12,21:00:00,8.98,9.0499,8.98,9.0392,9108,0
2018-02-12,22:00:00,9.0299,9.1,9.01,9.01,13282,0
2018-02-13,16:00:00,9.03,9.105,8.9932,9.0352,9201,0
2018-02-13,17:00:00,9.05,9.05,8.96,9.0299,19268,0
2018-02-13,18:00:00,8.9978,9.01,8.97,8.99,7768,0
2018-02-13,19:00:00,8.98,8.9926,8.9656,8.9926,12070,0
2018-02-13,20:00:00,8.99,8.99,8.96,8.97,758,0
2018-02-13,21:00:00,8.97,9.01,8.9531,8.97,7495,0
2018-02-13,22:00:00,8.9614,9.06,8.96,9.06,31178,0
2018-02-14,16:00:00,9.17,9.17,9.0853,9.0853,3963,0
2018-02-14,17:00:00,9.1218,9.1218,9.09,9.09,5000,0
2018-02-14,18:00:00,9.11,9.1381,9,9.02,13638,0
2018-02-14,19:00:00,9.0919,9.135,9.0481,9.12,5495,0
2018-02-14,20:00:00,9.12,9.1201,9.07,9.1,10575,0
2018-02-14,21:00:00,9.134,9.17,9.134,9.15,2914,0
2018-02-14,22:00:00,9.1522,9.18,9.12,9.16,8565,0
2018-02-15,16:00:00,9.3,9.32,9.233,9.32,11920,0
2018-02-15,17:00:00,9.32,9.5125,9.32,9.39,9059,0
2018-02-15,18:00:00,9.3858,9.3899,9.21,9.2872,8960,0
2018-02-15,19:00:00,9.28,9.29,9.2316,9.25,8970,0
2018-02-15,20:00:00,9.25,9.29,9.25,9.2899,6190,0
2018-02-15,21:00:00,9.29,9.3565,9.2642,9.3472,4992,0
2018-02-15,22:00:00,9.3348,9.35,9.3,9.32,10856,0
2018-02-16,16:00:00,9.46,9.48,9.3788,9.38,12719,0
2018-02-16,17:00:00,9.3655,9.3655,9.3495,9.3495,2025,0
2018-02-16,18:00:00,9.3699,9.53,9.3699,9.395,14388,0
2018-02-16,19:00:00,9.4,9.4199,9.38,9.38,4886,0
2018-02-16,20:00:00,9.33,9.37,9.12,9.37,17479,0
2018-02-16,21:00:00,9.3788,9.4242,9.3788,9.4,2403,0
2018-02-16,22:00:00,9.4114,9.4246,9.32,9.38,5621,0
2018-02-20,16:00:00,9.4,9.4,9.218,9.2668,3781,0
2018-02-20,17:00:00,9.2799,9.2799,9.16,9.2281,2325,0
2018-02-20,18:00:00,9.2,9.209,9.1902,9.2084,4704,0
2018-02-20,19:00:00,9.18,9.1801,9,9.0198,33661,0
2018-02-20,20:00:00,9.0399,9.0399,8.96,8.966,9329,0
2018-02-20,21:00:00,8.96,8.9711,8.8745,8.8801,10236,0
2018-02-20,22:00:00,8.875,9.03,8.875,9.03,13493,0
2018-02-21,16:00:00,9.05,9.11,9.05,9.11,5177,0
2018-02-21,17:00:00,9.2118,9.2118,9.0501,9.1775,3560,0
2018-02-21,18:00:00,9.15,9.15,9.06,9.06,4926,0
2018-02-21,19:00:00,9.0887,9.1055,9.06,9.095,2703,0
2018-02-21,20:00:00,9.11,9.11,9.06,9.06,800,0
2018-02-21,21:00:00,9.13,9.13,8.96,8.99,5551,0
2018-02-21,22:00:00,8.9216,8.99,8.8601,8.99,13894,0
2018-02-22,16:00:00,9.05,9.1,9.05,9.1,1408,0
2018-02-22,17:00:00,9.089,9.089,8.99,9.0208,6811,0
2018-02-22,18:00:00,9.05,9.1,9.05,9.099,4875,0
2018-02-22,19:00:00,9.0966,9.0966,9.0601,9.09,3938,0
2018-02-22,20:00:00,9.06,9.0899,8.99,8.99,5310,0
2018-02-22,21:00:00,8.95,8.9764,8.8912,8.9431,12549,0
2018-02-22,22:00:00,8.9,8.94,8.87,8.94,6254,0
2018-02-23,16:00:00,9.05,9.075,9,9.01,6981,0
2018-02-23,17:00:00,9.0371,9.099,8.97,8.97,21199,0
2018-02-23,18:00:00,9.03,9.04,9.01,9.0281,6551,0
2018-02-23,19:00:00,9.0301,9.0301,9,9.03,600,0
2018-02-23,20:00:00,9.03,9.0399,9.03,9.0399,2200,0
2018-02-23,21:00:00,9.0399,9.05,8.9748,8.9748,28103,0
2018-02-23,22:00:00,9.0199,9.0499,8.97,9.02,12105,0
2018-02-26,16:00:00,9.05,9.15,9.05,9.15,7070,0
2018-02-26,17:00:00,9.1019,9.15,9.0401,9.1251,6748,0
2018-02-26,18:00:00,9.12,9.12,9.0491,9.08,3575,0
2018-02-26,19:00:00,9.0843,9.1132,9.06,9.1132,2736,0
2018-02-26,20:00:00,9.1492,9.1492,9.1,9.1,3429,0
2018-02-26,21:00:00,9.14,9.14,9.07,9.07,2583,0
2018-02-26,22:00:00,9.1,9.15,9.0695,9.11,5956,0
2018-02-27,16:00:00,9.17,9.1771,9.12,9.175,3102,0
2018-02-27,17:00:00,9.17,9.299,9.17,9.25,39046,0
2018-02-27,18:00:00,9.2648,9.2648,9.21,9.2439,2100,0
2018-02-27,19:00:00,9.21,9.252,9.21,9.2346,7430,0
2018-02-27,20:00:00,9.2352,9.36,9.235,9.33,7842,0
2018-02-27,21:00:00,9.33,9.3739,9.27,9.2918,13833,0
2018-02-27,22:00:00,9.2814,9.38,9.2814,9.3601,13156,0
2018-02-28,16:00:00,9.44,9.44,9.36,9.3886,3873,0
2018-02-28,18:00:00,9.39,9.39,9.34,9.3402,5884,0
2018-02-28,19:00:00,9.36,9.36,9.3012,9.336,1776,0
2018-02-28,20:00:00,9.3014,9.3625,9.3014,9.3625,705,0
2018-02-28,21:00:00,9.37,9.37,9.35,9.35,1321,0
2018-02-28,22:00:00,9.35,9.35,9.28,9.28,7573,0
2018-03-01,16:00:00,9.35,9.35,9.19,9.19,7449,0
2018-03-01,17:00:00,9.19,9.3305,9.1733,9.3305,1693,0
2018-03-01,18:00:00,9.2301,9.262,9.1601,9.2001,9205,0
2018-03-01,19:00:00,9.25,9.35,9.1901,9.2,11800,0
2018-03-01,20:00:00,9.21,9.33,9.1601,9.18,5000,0
2018-03-01,21:00:00,9.17,9.2954,9.16,9.17,4050,0
2018-03-01,22:00:00,9.17,9.35,9.17,9.18,8250,0
2018-03-02,16:00:00,9.225,9.255,9.17,9.255,5059,0
2018-03-02,17:00:00,9.25,9.2821,9.25,9.25,3146,0
2018-03-02,18:00:00,9.24,9.249,9.24,9.24,3551,0
2018-03-02,19:00:00,9.2399,9.24,9.225,9.24,1190,0
2018-03-02,20:00:00,9.25,9.2815,9.25,9.2815,1200,0
2018-03-02,21:00:00,9.31,9.31,9.24,9.3,7404,0
2018-03-02,22:00:00,9.299,9.3,9.24,9.25,8135,0
2018-03-05,16:00:00,9.35,9.35,9.2339,9.2872,3952,0
2018-03-05,17:00:00,9.2515,9.33,9.2515,9.33,9481,0
2018-03-05,18:00:00,9.3347,9.44,9.3347,9.4205,25682,0
2018-03-05,19:00:00,9.425,9.425,9.38,9.4,2817,0
2018-03-05,20:00:00,9.4,9.42,9.3701,9.42,8849,0
2018-03-05,21:00:00,9.43,9.43,9.3687,9.43,4024,0
2018-03-05,22:00:00,9.4253,9.427,9.32,9.34,7727,0
2018-03-06,16:00:00,9.42,9.45,9.41,9.41,1086,0
2018-03-06,17:00:00,9.44,9.48,9.44,9.4569,1875,0
2018-03-06,18:00:00,9.48,9.49,9.4498,9.48,2181,0
2018-03-06,19:00:00,9.46,9.53,9.46,9.5199,19522,0
2018-03-06,20:00:00,9.4921,9.52,9.4921,9.515,4850,0
2018-03-06,21:00:00,9.5169,9.53,9.5001,9.5147,6540,0
2018-03-06,22:00:00,9.53,9.59,9.52,9.59,13642,0
2018-03-07,16:00:00,9.59,9.6,9.59,9.6,5653,0
2018-03-07,17:00:00,9.62,9.64,9.6,9.6,15166,0
2018-03-07,18:00:00,9.6,9.62,9.5524,9.5524,15594,0
2018-03-07,19:00:00,9.5702,9.575,9.54,9.575,2400,0
2018-03-07,21:00:00,9.59,9.59,9.5708,9.5708,1110,0
2018-03-07,22:00:00,9.5699,9.65,9.55,9.65,16989,0
2018-03-08,16:00:00,9.7,9.7,9.5852,9.6022,1694,0
2018-03-08,17:00:00,9.59,9.6,9.59,9.6,706,0
2018-03-08,18:00:00,9.62,9.6298,9.615,9.6298,22120,0
2018-03-08,19:00:00,9.5805,9.65,9.58,9.58,2550,0
2018-03-08,20:00:00,9.6298,9.6332,9.58,9.6,7785,0
2018-03-08,21:00:00,9.6,9.6,9.525,9.525,2571,0
2018-03-08,22:00:00,9.5314,9.58,9.52,9.58,8107,0
2018-03-09,16:00:00,9.6,9.6,9.55,9.5648,4350,0
2018-03-09,17:00:00,9.5542,9.57,9.519,9.54,9773,0
2018-03-09,18:00:00,9.5,9.54,9.5,9.5302,4378,0
2018-03-09,19:00:00,9.53,9.53,9.5,9.52,2949,0
2018-03-09,20:00:00,9.55,9.55,9.45,9.45,6175,0
2018-03-09,21:00:00,9.4,9.4,9.15,9.24,78000,0
2018-03-09,22:00:00,9.35,9.35,9.16,9.35,23189,0
2018-03-12,15:00:00,9.35,9.549,9.35,9.5444,3017,0
2018-03-12,16:00:00,9.4113,9.4735,9.41,9.4735,1975,0
2018-03-12,17:00:00,9.47,9.5212,9.47,9.5212,1315,0
2018-03-12,18:00:00,9.4841,9.4841,9.31,9.31,5740,0
2018-03-12,19:00:00,9.3,9.32,9.1801,9.315,13273,0
2018-03-12,20:00:00,9.32,9.41,9.31,9.3956,1694,0
2018-03-12,21:00:00,9.452,9.452,9.35,9.37,859,0
2018-03-13,15:00:00,9.45,9.45,9.38,9.38,3099,0
2018-03-13,16:00:00,9.3641,9.3641,9.31,9.31,1296,0
2018-03-13,17:00:00,9.29,9.2941,9.15,9.24,26670,0
2018-03-13,18:00:00,9.24,9.279,9.17,9.279,1500,0
2018-03-13,19:00:00,9.2842,9.2986,9.25,9.27,6526,0
2018-03-13,20:00:00,9.2485,9.26,9.2366,9.25,1059,0
2018-03-13,21:00:00,9.2451,9.27,9.17,9.27,6925,0
2018-03-14,15:00:00,9.21,9.21,9.2,9.2,3500,0
2018-03-14,16:00:00,9.2,9.25,9.2,9.25,750,0
2018-03-14,17:00:00,9.2331,9.238,9.15,9.1593,5732,0
2018-03-14,18:00:00,9.1807,9.2,9.15,9.2,4809,0
2018-03-14,19:00:00,9.2058,9.21,9.15,9.1959,5292,0
2018-03-14,20:00:00,9.2112,9.2112,9.2112,9.2112,500,0
2018-03-14,21:00:00,9.23,9.2311,9.17,9.18,5391,0
2018-03-15,15:00:00,9.25,9.27,9.25,9.27,1851,0
2018-03-15,16:00:00,9.26,9.2794,9.19,9.2,2490,0
2018-03-15,17:00:00,9.19,9.1959,9.17,9.175,8020,0
2018-03-15,18:00:00,9.16,9.2,9.16,9.2,12700,0
2018-03-15,19:00:00,9.17,9.4952,9.1695,9.25,93488,0
2018-03-15,20:00:00,9.305,9.4899,9.19,9.4899,4600,0
2018-03-15,21:00:00,9.24,9.459,9.17,9.21,4369,0
2018-03-16,15:00:00,9.33,9.4314,9.33,9.4314,1953,0
2018-03-16,16:00:00,9.3308,9.3706,9.2882,9.3086,4718,0
2018-03-16,17:00:00,9.326,9.47,9.326,9.45,5840,0
2018-03-16,18:00:00,9.42,9.42,9.385,9.4198,1385,0
2018-03-16,19:00:00,9.41,9.44,9.2874,9.44,2700,0
2018-03-16,20:00:00,9.4344,9.49,9.3788,9.41,15355,0
2018-03-16,21:00:00,9.3687,9.4,9.28,9.28,7279,0
2018-03-19,15:00:00,9.68,9.68,9.4,9.5719,17699,0
2018-03-19,16:00:00,9.47,9.5,9.2989,9.3666,22294,0
2018-03-19,17:00:00,9.41,9.4498,9.31,9.4,8628,0
2018-03-19,18:00:00,9.42,9.42,9.3566,9.4,1250,0
2018-03-19,19:00:00,9.391,9.4,9.34,9.35,2300,0
2018-03-19,20:00:00,9.3376,9.35,9.33,9.35,670,0
2018-03-19,21:00:00,9.3301,9.5,9.31,9.5,4250,0
2018-03-20,15:00:00,9.4,9.4,9.3189,9.3189,4117,0
2018-03-20,16:00:00,9.4,9.4,9.35,9.36,5050,0
2018-03-20,17:00:00,9.37,9.37,9.31,9.3366,2800,0
2018-03-20,18:00:00,9.34,9.37,9.32,9.3399,1127,0
2018-03-20,19:00:00,9.33,9.34,9.29,9.3214,4572,0
2018-03-20,20:00:00,9.3297,9.3299,9.3297,9.3297,415,0
2018-03-20,21:00:00,9.312,9.312,9.28,9.29,5761,0
2018-03-21,15:00:00,9.28,9.3,9.25,9.25,1749,0
2018-03-21,16:00:00,9.46,9.47,9.3106,9.3106,700,0
2018-03-21,17:00:00,9.3344,9.39,9.32,9.39,1728,0
2018-03-21,18:00:00,9.4156,9.4156,9.4156,9.4156,500,0
2018-03-21,19:00:00,9.445,9.45,9.3567,9.4024,3230,0
2018-03-21,20:00:00,9.2901,9.2901,9.2901,9.2901,110,0
2018-03-21,21:00:00,9.3499,9.3499,9.3,9.3,1410,0
2018-03-22,15:00:00,9.28,9.37,9.2,9.2022,22087,0
2018-03-22,16:00:00,9.2,9.24,9.01,9.025,54771,0
2018-03-22,17:00:00,9.01,9.1282,8.9277,9.1282,20372,0
2018-03-22,18:00:00,9.1,9.2899,9.1,9.2899,12310,0
2018-03-22,19:00:00,9.23,9.23,9.21,9.21,1254,0
2018-03-22,20:00:00,9.1893,9.1893,9.05,9.0973,4835,0
2018-03-22,21:00:00,9.18,9.18,9.06,9.13,6021,0
2018-03-23,15:00:00,8.99,8.99,8.85,8.9,20211,0
2018-03-23,16:00:00,8.891,8.8953,8.85,8.86,9312,0
2018-03-23,17:00:00,8.8699,8.8699,8.7001,8.76,26888,0
2018-03-23,18:00:00,8.7779,8.8199,8.75,8.7636,11769,0
2018-03-23,19:00:00,8.7897,8.7976,8.7613,8.785,8855,0
2018-03-23,20:00:00,8.7959,8.8025,8.75,8.7951,10190,0
2018-03-23,21:00:00,8.81,8.85,8.8,8.82,10553,0
2018-03-26,16:00:00,8.55,8.6,6.39,6.62,290554,0
2018-03-26,17:00:00,6.62,6.63,5.84,5.9,431114,0
2018-03-26,18:00:00,5.87,5.89,5.39,5.5,269271,0
2018-03-26,19:00:00,5.515,5.59,5.34,5.4699,171574,0
2018-03-26,20:00:00,5.44,5.4693,5.405,5.4399,113973,0
2018-03-26,21:00:00,5.44,5.46,5.37,5.4,76965,0
2018-03-26,22:00:00,5.3704,5.46,5.36,5.46,197098,0
2018-03-27,16:00:00,5.5,5.58,5.0174,5.03,250558,0
2018-03-27,17:00:00,5.02,5.1124,4.1,4.1999,632472,0
2018-03-27,18:00:00,4.2,4.38,4.15,4.2988,271276,0
2018-03-27,19:00:00,4.2999,4.35,4.23,4.2947,213843,0
2018-03-27,20:00:00,4.2981,4.33,4.15,4.17,129394,0
2018-03-27,21:00:00,4.18,4.25,4.14,4.25,98507,0
2018-03-27,22:00:00,4.255,4.27,3.92,4.03,266592,0
2018-03-28,16:00:00,3.9,4,3.8,3.975,133152,0
2018-03-28,17:00:00,3.965,4.23,3.9539,3.97,207755,0
2018-03-28,18:00:00,3.98,4.0886,3.91,4.08,58649,0
2018-03-28,19:00:00,4.0788,4.2,4.06,4.13,128235,0
2018-03-28,20:00:00,4.13,4.1579,4.1,4.1,23807,0
2018-03-28,21:00:00,4.08,4.14,4.02,4.07,26816,0
2018-03-28,22:00:00,4.05,4.07,3.9,3.9,83390,0
2018-03-29,16:00:00,3.92,3.948,3.8501,3.89,51042,0
2018-03-29,17:00:00,3.89,4,3.86,3.9602,45809,0
2018-03-29,18:00:00,3.97,4.0707,3.9601,4.029,50574,0
2018-03-29,19:00:00,4.012,4.09,4,4.051,23375,0
2018-03-29,20:00:00,4.0778,4.19,4.0598,4.165,48596,0
2018-03-29,21:00:00,4.1677,4.179,4.05,4.05,75389,0
2018-03-29,22:00:00,4.05,4.07,4.01,4.04,29648,0
