Date,Time,Open,High,Low,Close,Volume,OpenInt
2017-09-05,16:00:00,5.3607,5.3705,5.3508,5.3607,37608,0
2017-09-05,17:00:00,5.3607,5.3804,5.3607,5.3607,24365,0
2017-09-05,18:00:00,5.3607,5.3607,5.3508,5.3508,7169,0
2017-09-05,19:00:00,5.3508,5.3508,5.331,5.336,17688,0
2017-09-05,20:00:00,5.331,5.3508,5.3261,5.331,28863,0
2017-09-05,21:00:00,5.336,5.3508,5.331,5.336,29316,0
2017-09-05,22:00:00,5.331,5.3656,5.3212,5.3508,120088,0
2017-09-06,16:00:00,5.3014,5.3113,5.2727,5.2817,23083,0
2017-09-06,17:00:00,5.2767,5.3014,5.2767,5.2915,42597,0
2017-09-06,18:00:00,5.2973,5.3014,5.2817,5.2866,23512,0
2017-09-06,19:00:00,5.2866,5.3014,5.2817,5.3014,25514,0
2017-09-06,20:00:00,5.3014,5.3113,5.3014,5.3064,16674,0
2017-09-06,21:00:00,5.3064,5.3113,5.3014,5.3064,9914,0
2017-09-06,22:00:00,5.3064,5.3113,5.3014,5.3014,66517,0
2017-09-07,16:00:00,5.2817,5.2915,5.2669,5.2669,14308,0
2017-09-07,17:00:00,5.2619,5.2619,5.2422,5.257,20374,0
2017-09-07,18:00:00,5.2521,5.2619,5.2422,5.257,27557,0
2017-09-07,19:00:00,5.257,5.2619,5.2521,5.2521,17209,0
2017-09-07,20:00:00,5.2521,5.2521,5.2422,5.2422,5692,0
2017-09-07,21:00:00,5.2422,5.2471,5.2126,5.2323,118750,0
2017-09-07,22:00:00,5.2323,5.2323,5.2126,5.2224,67408,0
2017-09-08,16:00:00,5.2619,5.2619,5.2127,5.2323,80788,0
2017-09-08,17:00:00,5.2323,5.2422,5.2224,5.2323,20404,0
2017-09-08,18:00:00,5.2422,5.2422,5.2323,5.2422,2395,0
2017-09-08,19:00:00,5.2422,5.2521,5.2323,5.2521,20023,0
2017-09-08,20:00:00,5.2521,5.2521,5.2323,5.2422,18651,0
2017-09-08,21:00:00,5.2422,5.2422,5.2323,5.2422,25720,0
2017-09-08,22:00:00,5.2422,5.2521,5.2224,5.2422,100878,0
2017-09-11,16:00:00,5.3014,5.3212,5.2915,5.3109,10012,0
2017-09-11,17:00:00,5.3014,5.3212,5.3014,5.3113,12238,0
2017-09-11,18:00:00,5.3212,5.3212,5.3113,5.3212,50739,0
2017-09-11,19:00:00,5.3212,5.3508,5.3113,5.3409,118424,0
2017-09-11,20:00:00,5.3409,5.3409,5.3409,5.3409,101,0
2017-09-11,21:00:00,5.3508,5.3508,5.3432,5.3475,17768,0
2017-09-11,22:00:00,5.3409,5.3508,5.331,5.3409,139803,0
2017-09-12,16:00:00,5.3607,5.4199,5.3607,5.41,17118,0
2017-09-12,17:00:00,5.41,5.41,5.3903,5.3903,12631,0
2017-09-12,18:00:00,5.3804,5.3903,5.3508,5.3804,80826,0
2017-09-12,19:00:00,5.3902,5.3903,5.3804,5.3804,1519,0
2017-09-12,20:00:00,5.3853,5.3903,5.3804,5.3804,10186,0
2017-09-12,21:00:00,5.3903,5.3903,5.3804,5.3804,15612,0
2017-09-12,22:00:00,5.3867,5.3903,5.3804,5.3903,12028,0
2017-09-13,16:00:00,5.4298,5.4692,5.4298,5.4556,18273,0
2017-09-13,17:00:00,5.4557,5.4594,5.4446,5.4446,9668,0
2017-09-13,18:00:00,5.4396,5.4495,5.4396,5.4396,12693,0
2017-09-13,19:00:00,5.4396,5.4495,5.4347,5.4396,13269,0
2017-09-13,20:00:00,5.4434,5.4434,5.4298,5.4396,7826,0
2017-09-13,21:00:00,5.4396,5.4495,5.4334,5.4495,14508,0
2017-09-13,22:00:00,5.4446,5.4495,5.4396,5.4495,83771,0
2017-09-14,16:00:00,5.4001,5.4001,5.3705,5.4001,9134,0
2017-09-14,17:00:00,5.3903,5.3903,5.3903,5.3903,304,0
2017-09-14,18:00:00,5.3952,5.4001,5.3903,5.4001,8719,0
2017-09-14,19:00:00,5.3903,5.3952,5.3804,5.3903,34321,0
2017-09-14,20:00:00,5.3903,5.3903,5.3804,5.3903,13445,0
2017-09-14,21:00:00,5.3903,5.3968,5.3804,5.3952,35006,0
2017-09-14,22:00:00,5.3952,5.4001,5.3903,5.4001,22451,0
2017-09-15,16:00:00,5.4791,5.489,5.4791,5.489,4834,0
2017-09-15,17:00:00,5.489,5.489,5.4595,5.4791,19287,0
2017-09-15,18:00:00,5.4791,5.4939,5.4791,5.4791,12907,0
2017-09-15,19:00:00,5.4791,5.489,5.4791,5.489,4329,0
2017-09-15,20:00:00,5.489,5.489,5.4791,5.489,7190,0
2017-09-15,21:00:00,5.489,5.4989,5.4791,5.4989,17880,0
2017-09-15,22:00:00,5.4989,5.4989,5.4791,5.489,59365,0
2017-09-18,16:00:00,5.5186,5.5186,5.4989,5.4989,5411,0
2017-09-18,17:00:00,5.4989,5.5078,5.4989,5.4989,9444,0
2017-09-18,18:00:00,5.5038,5.5087,5.4989,5.4989,21742,0
2017-09-18,19:00:00,5.4989,5.5038,5.489,5.4989,28143,0
2017-09-18,20:00:00,5.4939,5.4989,5.489,5.4989,2431,0
2017-09-18,21:00:00,5.4947,5.4989,5.489,5.4948,18532,0
2017-09-18,22:00:00,5.4989,5.4989,5.489,5.4989,65617,0
2017-09-19,16:00:00,5.5285,5.5512,5.5285,5.5384,18693,0
2017-09-19,17:00:00,5.5482,5.5482,5.5285,5.5384,11958,0
2017-09-19,18:00:00,5.5384,5.5482,5.5285,5.5285,19147,0
2017-09-19,19:00:00,5.5285,5.5384,5.5186,5.5371,19072,0
2017-09-19,20:00:00,5.5336,5.5336,5.5285,5.5285,1197,0
2017-09-19,21:00:00,5.5384,5.5482,5.5285,5.5384,7495,0
2017-09-19,22:00:00,5.5425,5.5482,5.5285,5.5384,42472,0
2017-09-20,16:00:00,5.6272,5.6272,5.5976,5.6075,14222,0
2017-09-20,17:00:00,5.5976,5.6075,5.5976,5.5976,1823,0
2017-09-20,18:00:00,5.5976,5.6075,5.5976,5.6075,12127,0
2017-09-20,19:00:00,5.6075,5.6086,5.5976,5.6076,8381,0
2017-09-20,20:00:00,5.6084,5.6124,5.6025,5.6075,19069,0
2017-09-20,21:00:00,5.6075,5.6371,5.6075,5.6272,85378,0
2017-09-20,22:00:00,5.6321,5.6667,5.6173,5.647,86726,0
2017-09-21,16:00:00,5.5482,5.5581,5.5087,5.5087,24270,0
2017-09-21,17:00:00,5.5087,5.5186,5.4989,5.5137,19605,0
2017-09-21,18:00:00,5.5186,5.5273,5.5087,5.5087,28706,0
2017-09-21,19:00:00,5.5087,5.5186,5.5087,5.5147,9210,0
2017-09-21,20:00:00,5.5087,5.5186,5.5087,5.5137,5951,0
2017-09-21,21:00:00,5.5088,5.5186,5.5087,5.5137,9052,0
2017-09-21,22:00:00,5.5137,5.5186,5.5087,5.5087,57678,0
2017-09-22,16:00:00,5.5087,5.5334,5.5087,5.5284,12976,0
2017-09-22,17:00:00,5.5235,5.5253,5.5186,5.5235,1763,0
2017-09-22,18:00:00,5.5186,5.5235,5.5186,5.5186,5774,0
2017-09-22,19:00:00,5.5186,5.5384,5.5186,5.5334,13473,0
2017-09-22,20:00:00,5.5285,5.5384,5.5285,5.5342,3516,0
2017-09-22,21:00:00,5.5384,5.5384,5.5285,5.5285,10852,0
2017-09-22,22:00:00,5.5285,5.5384,5.5285,5.5384,29154,0
2017-09-25,16:00:00,5.5384,5.5599,5.5384,5.5532,6409,0
2017-09-25,17:00:00,5.5482,5.5494,5.5285,5.5285,34846,0
2017-09-25,18:00:00,5.5334,5.5384,5.5087,5.5087,28087,0
2017-09-25,19:00:00,5.5137,5.5235,5.5087,5.5186,6845,0
2017-09-25,20:00:00,5.5186,5.5285,5.5137,5.5235,18578,0
2017-09-25,21:00:00,5.5235,5.5235,5.5087,5.5087,25176,0
2017-09-25,22:00:00,5.5087,5.5384,5.5087,5.5285,80974,0
2017-09-26,16:00:00,5.5581,5.5778,5.5286,5.5778,10822,0
2017-09-26,17:00:00,5.568,5.5877,5.568,5.5778,17226,0
2017-09-26,18:00:00,5.5828,5.5877,5.568,5.5729,16893,0
2017-09-26,19:00:00,5.5778,5.5778,5.568,5.568,3165,0
2017-09-26,20:00:00,5.568,5.5778,5.568,5.5729,2685,0
2017-09-26,21:00:00,5.5729,5.5759,5.568,5.568,9399,0
2017-09-26,22:00:00,5.5691,5.5778,5.568,5.5778,55055,0
2017-09-27,16:00:00,5.5976,5.5976,5.5581,5.5581,13775,0
2017-09-27,17:00:00,5.5581,5.563,5.5384,5.5384,20959,0
2017-09-27,18:00:00,5.5482,5.5581,5.5482,5.5482,11957,0
2017-09-27,19:00:00,5.5482,5.568,5.5482,5.568,31357,0
2017-09-27,20:00:00,5.568,5.5976,5.568,5.5778,25469,0
2017-09-27,21:00:00,5.5877,5.5976,5.5828,5.5877,13910,0
2017-09-27,22:00:00,5.5927,5.5976,5.5581,5.5581,86398,0
2017-09-28,16:00:00,5.54,5.545,5.535,5.535,16975,0
2017-09-28,17:00:00,5.53,5.54,5.5,5.52,58052,0
2017-09-28,18:00:00,5.52,5.55,5.51,5.54,114190,0
2017-09-28,19:00:00,5.54,5.549,5.54,5.54,2323,0
2017-09-28,20:00:00,5.54,5.54,5.53,5.53,4200,0
2017-09-28,21:00:00,5.5301,5.55,5.52,5.545,37545,0
2017-09-28,22:00:00,5.545,5.55,5.54,5.55,32855,0
2017-09-29,16:00:00,5.57,5.58,5.56,5.5682,12416,0
2017-09-29,17:00:00,5.57,5.57,5.54,5.54,16950,0
2017-09-29,18:00:00,5.545,5.5492,5.535,5.549,13931,0
2017-09-29,19:00:00,5.545,5.55,5.53,5.54,21609,0
2017-09-29,20:00:00,5.54,5.54,5.52,5.54,50011,0
2017-09-29,21:00:00,5.53,5.54,5.53,5.54,29152,0
2017-09-29,22:00:00,5.54,5.57,5.5321,5.57,50648,0
2017-10-02,16:00:00,5.58,5.6,5.58,5.58,18802,0
2017-10-02,17:00:00,5.59,5.59,5.57,5.57,1395,0
2017-10-02,18:00:00,5.565,5.57,5.56,5.56,2429,0
2017-10-02,19:00:00,5.565,5.585,5.55,5.5803,38337,0
2017-10-02,20:00:00,5.59,5.59,5.581,5.59,4925,0
2017-10-02,21:00:00,5.58,5.6,5.58,5.6,8775,0
2017-10-02,22:00:00,5.59,5.6,5.59,5.59,37838,0
2017-10-03,16:00:00,5.59,5.6,5.58,5.6,5156,0
2017-10-03,17:00:00,5.6,5.6,5.59,5.6,8762,0
2017-10-03,18:00:00,5.59,5.6,5.59,5.59,25068,0
2017-10-03,19:00:00,5.59,5.5968,5.59,5.59,4642,0
2017-10-03,20:00:00,5.59,5.59,5.56,5.579,54785,0
2017-10-03,21:00:00,5.575,5.61,5.57,5.61,13944,0
2017-10-03,22:00:00,5.61,5.61,5.6,5.61,22912,0
2017-10-04,16:00:00,5.6,5.62,5.6,5.61,10855,0
2017-10-04,17:00:00,5.61,5.61,5.6,5.61,2481,0
2017-10-04,18:00:00,5.61,5.61,5.6,5.61,7298,0
2017-10-04,19:00:00,5.61,5.61,5.59,5.595,4157,0
2017-10-04,20:00:00,5.6,5.6,5.5867,5.5867,11282,0
2017-10-04,21:00:00,5.5846,5.59,5.58,5.59,4207,0
2017-10-04,22:00:00,5.59,5.59,5.58,5.59,41792,0
2017-10-05,16:00:00,5.59,5.61,5.57,5.57,36001,0
2017-10-05,17:00:00,5.57,5.58,5.54,5.5799,161477,0
2017-10-05,18:00:00,5.58,5.6,5.58,5.59,5500,0
2017-10-05,19:00:00,5.6,5.625,5.6,5.6199,20033,0
2017-10-05,20:00:00,5.62,5.62,5.61,5.6199,12549,0
2017-10-05,21:00:00,5.6199,5.62,5.61,5.615,9460,0
2017-10-05,22:00:00,5.615,5.62,5.6,5.6,39561,0
2017-10-06,16:00:00,5.63,5.66,5.63,5.655,6843,0
2017-10-06,17:00:00,5.65,5.66,5.65,5.66,5779,0
2017-10-06,18:00:00,5.66,5.66,5.65,5.655,17227,0
2017-10-06,19:00:00,5.655,5.66,5.65,5.655,45269,0
2017-10-06,20:00:00,5.655,5.67,5.655,5.665,25776,0
2017-10-06,21:00:00,5.665,5.68,5.665,5.675,19817,0
2017-10-06,22:00:00,5.67,5.67,5.64,5.64,65755,0
2017-10-09,17:00:00,5.67,5.67,5.65,5.66,4266,0
2017-10-09,18:00:00,5.67,5.67,5.66,5.67,2750,0
2017-10-09,19:00:00,5.67,5.67,5.67,5.67,4842,0
2017-10-09,20:00:00,5.67,5.685,5.67,5.68,10975,0
2017-10-09,21:00:00,5.68,5.68,5.6799,5.68,8459,0
2017-10-09,22:00:00,5.68,5.68,5.67,5.67,19825,0
2017-10-10,16:00:00,5.63,5.63,5.6,5.6,37907,0
2017-10-10,17:00:00,5.605,5.62,5.6,5.62,11603,0
2017-10-10,18:00:00,5.62,5.63,5.62,5.6245,8154,0
2017-10-10,19:00:00,5.625,5.625,5.6244,5.6244,821,0
2017-10-10,20:00:00,5.625,5.63,5.62,5.625,3968,0
2017-10-10,21:00:00,5.63,5.63,5.62,5.62,2655,0
2017-10-10,22:00:00,5.63,5.63,5.62,5.63,28776,0
2017-10-11,16:00:00,5.63,5.66,5.63,5.66,18049,0
2017-10-11,17:00:00,5.655,5.67,5.65,5.67,19117,0
2017-10-11,18:00:00,5.66,5.69,5.66,5.68,145652,0
2017-10-11,19:00:00,5.68,5.7293,5.68,5.725,251767,0
2017-10-11,20:00:00,5.725,5.73,5.72,5.72,14273,0
2017-10-11,21:00:00,5.72,5.75,5.7,5.74,115978,0
2017-10-11,22:00:00,5.74,5.74,5.71,5.72,234502,0
2017-10-12,16:00:00,5.73,5.75,5.72,5.7307,25886,0
2017-10-12,17:00:00,5.74,5.76,5.74,5.755,29340,0
2017-10-12,18:00:00,5.75,5.76,5.75,5.76,20121,0
2017-10-12,19:00:00,5.755,5.77,5.75,5.76,23681,0
2017-10-12,20:00:00,5.76,5.76,5.75,5.755,10357,0
2017-10-12,21:00:00,5.7513,5.76,5.75,5.76,48610,0
2017-10-12,22:00:00,5.76,5.77,5.75,5.76,53823,0
2017-10-13,16:00:00,5.8,5.81,5.78,5.8099,17918,0
2017-10-13,17:00:00,5.8,5.83,5.8,5.8216,39270,0
2017-10-13,18:00:00,5.825,5.84,5.82,5.835,27595,0
2017-10-13,19:00:00,5.84,5.84,5.8331,5.84,17650,0
2017-10-13,20:00:00,5.8399,5.85,5.8299,5.83,39924,0
2017-10-13,21:00:00,5.83,5.83,5.8,5.805,60754,0
2017-10-13,22:00:00,5.805,5.81,5.77,5.77,207835,0
2017-10-16,16:00:00,5.89,5.9,5.88,5.89,72040,0
2017-10-16,17:00:00,5.9,5.9,5.88,5.89,40931,0
2017-10-16,18:00:00,5.89,5.9,5.87,5.87,87716,0
2017-10-16,19:00:00,5.875,5.88,5.87,5.87,66145,0
2017-10-16,20:00:00,5.87,5.88,5.87,5.87,40289,0
2017-10-16,21:00:00,5.87,5.9,5.87,5.8872,73008,0
2017-10-16,22:00:00,5.8869,5.92,5.88,5.91,146715,0
2017-10-17,16:00:00,5.85,5.85,5.82,5.82,22263,0
2017-10-17,17:00:00,5.81,5.82,5.8,5.8,13276,0
2017-10-17,18:00:00,5.8,5.81,5.8,5.8,3303,0
2017-10-17,19:00:00,5.8,5.81,5.8,5.8,4300,0
2017-10-17,20:00:00,5.8,5.805,5.79,5.79,8363,0
2017-10-17,21:00:00,5.79,5.8,5.79,5.795,4479,0
2017-10-17,22:00:00,5.795,5.8,5.79,5.79,48826,0
2017-10-18,16:00:00,5.8,5.815,5.79,5.795,13155,0
2017-10-18,17:00:00,5.795,5.8,5.79,5.8,6221,0
2017-10-18,18:00:00,5.7901,5.8,5.7901,5.795,7974,0
2017-10-18,19:00:00,5.795,5.8,5.795,5.795,3600,0
2017-10-18,20:00:00,5.795,5.81,5.79,5.7965,21294,0
2017-10-18,21:00:00,5.7966,5.8,5.79,5.795,7927,0
2017-10-18,22:00:00,5.8,5.81,5.793,5.8,34898,0
2017-10-19,16:00:00,5.75,5.76,5.73,5.745,27949,0
2017-10-19,17:00:00,5.74,5.76,5.73,5.75,33045,0
2017-10-19,18:00:00,5.75,5.775,5.75,5.76,20500,0
2017-10-19,19:00:00,5.76,5.7695,5.76,5.765,6410,0
2017-10-19,20:00:00,5.765,5.775,5.76,5.775,1795,0
2017-10-19,21:00:00,5.775,5.78,5.77,5.77,31308,0
2017-10-19,22:00:00,5.77,5.78,5.77,5.77,37047,0
2017-10-20,16:00:00,5.77,5.78,5.77,5.78,6600,0
2017-10-20,17:00:00,5.79,5.79,5.78,5.78,9350,0
2017-10-20,18:00:00,5.785,5.785,5.78,5.78,8657,0
2017-10-20,19:00:00,5.78,5.785,5.78,5.785,6225,0
2017-10-20,20:00:00,5.78,5.8,5.78,5.795,13454,0
2017-10-20,21:00:00,5.795,5.8,5.79,5.795,14635,0
2017-10-20,22:00:00,5.795,5.8,5.78,5.79,52093,0
2017-10-23,16:00:00,5.8,5.82,5.8,5.815,8946,0
2017-10-23,17:00:00,5.81,5.815,5.79,5.8,17440,0
2017-10-23,18:00:00,5.79,5.81,5.79,5.81,6700,0
2017-10-23,19:00:00,5.8093,5.81,5.8,5.805,17990,0
2017-10-23,20:00:00,5.8065,5.81,5.79,5.8,17662,0
2017-10-23,21:00:00,5.79,5.8,5.78,5.78,16015,0
2017-10-23,22:00:00,5.785,5.79,5.77,5.78,43486,0
2017-10-24,16:00:00,5.76,5.79,5.76,5.77,6587,0
2017-10-24,17:00:00,5.77,5.7722,5.77,5.77,2000,0
2017-10-24,18:00:00,5.77,5.779,5.77,5.77,8665,0
2017-10-24,19:00:00,5.77,5.7799,5.77,5.775,2634,0
2017-10-24,20:00:00,5.775,5.78,5.77,5.77,31264,0
2017-10-24,21:00:00,5.77,5.78,5.77,5.77,17715,0
2017-10-24,22:00:00,5.77,5.78,5.76,5.76,42772,0
2017-10-25,16:00:00,5.74,5.77,5.74,5.75,25762,0
2017-10-25,17:00:00,5.75,5.76,5.72,5.72,20317,0
2017-10-25,18:00:00,5.72,5.72,5.69,5.7,26072,0
2017-10-25,19:00:00,5.7,5.7,5.67,5.685,26276,0
2017-10-25,20:00:00,5.68,5.73,5.68,5.73,31278,0
2017-10-25,21:00:00,5.725,5.75,5.72,5.74,160801,0
2017-10-25,22:00:00,5.74,5.76,5.74,5.74,67144,0
2017-10-26,16:00:00,5.91,5.94,5.91,5.9352,9390,0
2017-10-26,17:00:00,5.93,5.93,5.91,5.92,34789,0
2017-10-26,18:00:00,5.92,5.94,5.92,5.925,38339,0
2017-10-26,19:00:00,5.925,5.935,5.92,5.93,11200,0
2017-10-26,20:00:00,5.93,5.95,5.93,5.94,21446,0
2017-10-26,21:00:00,5.94,5.95,5.94,5.945,43131,0
2017-10-26,22:00:00,5.94,5.96,5.93,5.96,100307,0
2017-10-27,16:00:00,5.92,5.93,5.87,5.88,21283,0
2017-10-27,17:00:00,5.89,5.89,5.87,5.88,24871,0
2017-10-27,18:00:00,5.87,5.8857,5.87,5.88,19960,0
2017-10-27,19:00:00,5.88,5.89,5.87,5.87,27172,0
2017-10-27,20:00:00,5.87,5.88,5.86,5.87,21952,0
2017-10-27,21:00:00,5.87,5.88,5.86,5.88,20375,0
2017-10-27,22:00:00,5.87,5.89,5.87,5.89,65046,0
2017-10-30,15:00:00,5.87,5.88,5.85,5.85,36381,0
2017-10-30,16:00:00,5.85,5.855,5.83,5.83,36068,0
2017-10-30,17:00:00,5.83,5.84,5.8,5.805,16700,0
2017-10-30,18:00:00,5.8,5.805,5.78,5.79,34343,0
2017-10-30,19:00:00,5.79,5.8,5.79,5.79,15457,0
2017-10-30,20:00:00,5.79,5.7953,5.78,5.78,23285,0
2017-10-30,21:00:00,5.78,5.79,5.76,5.76,55546,0
2017-10-31,15:00:00,5.74,5.74,5.65,5.65,106218,0
2017-10-31,16:00:00,5.66,5.66,5.62,5.64,199755,0
2017-10-31,17:00:00,5.64,5.65,5.63,5.635,134974,0
2017-10-31,18:00:00,5.63,5.64,5.63,5.63,76290,0
2017-10-31,19:00:00,5.63,5.65,5.62,5.625,109523,0
2017-10-31,20:00:00,5.62,5.64,5.62,5.62,89522,0
2017-10-31,21:00:00,5.625,5.65,5.62,5.64,196110,0
2017-11-01,15:00:00,5.74,5.7556,5.74,5.7556,46270,0
2017-11-01,16:00:00,5.7566,5.76,5.73,5.74,76155,0
2017-11-01,17:00:00,5.74,5.75,5.73,5.745,55714,0
2017-11-01,18:00:00,5.74,5.75,5.74,5.74,22860,0
2017-11-01,19:00:00,5.74,5.7447,5.74,5.74,7805,0
2017-11-01,20:00:00,5.74,5.75,5.74,5.7441,10350,0
2017-11-01,21:00:00,5.745,5.76,5.74,5.76,62602,0
2017-11-02,15:00:00,5.69,5.7,5.67,5.68,11873,0
2017-11-02,16:00:00,5.6701,5.68,5.66,5.68,75253,0
2017-11-02,17:00:00,5.69,5.7,5.68,5.68,11500,0
2017-11-02,18:00:00,5.68,5.7,5.68,5.6999,10435,0
2017-11-02,19:00:00,5.695,5.7,5.695,5.7,500,0
2017-11-02,20:00:00,5.6975,5.7,5.69,5.69,3176,0
2017-11-02,21:00:00,5.69,5.72,5.69,5.71,48106,0
2017-11-03,15:00:00,5.71,5.71,5.695,5.695,5928,0
2017-11-03,16:00:00,5.695,5.71,5.69,5.69,8110,0
2017-11-03,17:00:00,5.69,5.695,5.69,5.69,4667,0
2017-11-03,18:00:00,5.69,5.705,5.69,5.7,40386,0
2017-11-03,19:00:00,5.7086,5.7086,5.685,5.7,29819,0
2017-11-03,20:00:00,5.7,5.7,5.69,5.69,32503,0
2017-11-03,21:00:00,5.69,5.71,5.68,5.71,76075,0
2017-11-06,16:00:00,5.7,5.7,5.65,5.655,50500,0
2017-11-06,17:00:00,5.65,5.65,5.635,5.646,10344,0
2017-11-06,18:00:00,5.64,5.65,5.64,5.64,5740,0
2017-11-06,19:00:00,5.64,5.64,5.62,5.63,27579,0
2017-11-06,20:00:00,5.64,5.67,5.6357,5.67,22906,0
2017-11-06,21:00:00,5.67,5.67,5.66,5.66,22392,0
2017-11-06,22:00:00,5.67,5.68,5.67,5.68,61957,0
2017-11-07,16:00:00,5.81,5.86,5.81,5.86,74829,0
2017-11-07,17:00:00,5.85,5.85,5.83,5.8425,27674,0
2017-11-07,18:00:00,5.845,5.87,5.84,5.85,156216,0
2017-11-07,19:00:00,5.84,5.85,5.84,5.84,17760,0
2017-11-07,20:00:00,5.84,5.86,5.84,5.855,46390,0
2017-11-07,21:00:00,5.86,5.87,5.85,5.865,79066,0
2017-11-07,22:00:00,5.865,5.87,5.84,5.84,80272,0
2017-11-08,16:00:00,5.93,5.93,5.92,5.92,12443,0
2017-11-08,17:00:00,5.929,5.94,5.91,5.93,50108,0
2017-11-08,18:00:00,5.937,5.95,5.93,5.94,30739,0
2017-11-08,19:00:00,5.945,5.95,5.94,5.94,8670,0
2017-11-08,20:00:00,5.94,5.945,5.93,5.935,15215,0
2017-11-08,21:00:00,5.94,5.95,5.93,5.95,30352,0
2017-11-08,22:00:00,5.94,5.97,5.94,5.97,105230,0
2017-11-09,16:00:00,5.89,5.9,5.875,5.88,19689,0
2017-11-09,17:00:00,5.885,5.9,5.88,5.895,22233,0
2017-11-09,18:00:00,5.89,5.89,5.845,5.845,33950,0
2017-11-09,19:00:00,5.85,5.85,5.81,5.83,23833,0
2017-11-09,20:00:00,5.825,5.88,5.825,5.87,25153,0
2017-11-09,21:00:00,5.87,5.875,5.86,5.8665,17469,0
2017-11-09,22:00:00,5.8674,5.92,5.86,5.92,83706,0
2017-11-10,16:00:00,5.84,5.84,5.8,5.815,39748,0
2017-11-10,17:00:00,5.81,5.83,5.8,5.805,20317,0
2017-11-10,18:00:00,5.8,5.815,5.8,5.815,14074,0
2017-11-10,19:00:00,5.81,5.82,5.81,5.81,18840,0
2017-11-10,20:00:00,5.81,5.81,5.79,5.8,11957,0
2017-11-10,21:00:00,5.8,5.82,5.8,5.82,16662,0
2017-11-10,22:00:00,5.81,5.825,5.8,5.82,93572,0
2017-11-13,16:00:00,5.67,5.7,5.67,5.7,36839,0
2017-11-13,17:00:00,5.705,5.7293,5.7,5.7,16095,0
2017-11-13,18:00:00,5.7,5.705,5.7,5.705,5095,0
2017-11-13,19:00:00,5.705,5.72,5.705,5.71,16355,0
2017-11-13,20:00:00,5.71,5.72,5.71,5.715,29364,0
2017-11-13,21:00:00,5.71,5.72,5.71,5.71,33548,0
2017-11-13,22:00:00,5.7147,5.7165,5.71,5.71,44183,0
2017-11-14,16:00:00,5.71,5.74,5.69,5.7,21043,0
2017-11-14,17:00:00,5.7,5.72,5.67,5.72,22732,0
2017-11-14,18:00:00,5.71,5.715,5.7,5.71,24885,0
2017-11-14,19:00:00,5.7,5.72,5.7,5.7,14110,0
2017-11-14,20:00:00,5.7,5.705,5.685,5.69,16300,0
2017-11-14,21:00:00,5.69,5.7,5.69,5.7,19079,0
2017-11-14,22:00:00,5.7,5.71,5.7,5.71,48004,0
2017-11-15,16:00:00,5.59,5.61,5.58,5.59,27681,0
2017-11-15,17:00:00,5.59,5.64,5.59,5.635,14448,0
2017-11-15,18:00:00,5.635,5.67,5.63,5.67,15183,0
2017-11-15,19:00:00,5.665,5.67,5.65,5.65,8613,0
2017-11-15,20:00:00,5.65,5.66,5.6499,5.65,11093,0
2017-11-15,21:00:00,5.64,5.65,5.64,5.64,10213,0
2017-11-15,22:00:00,5.64,5.65,5.64,5.64,64165,0
2017-11-16,16:00:00,5.7,5.72,5.68,5.7,37628,0
2017-11-16,17:00:00,5.7,5.71,5.7,5.705,15660,0
2017-11-16,18:00:00,5.705,5.71,5.69,5.705,40031,0
2017-11-16,19:00:00,5.7,5.71,5.695,5.71,28899,0
2017-11-16,20:00:00,5.7001,5.71,5.7,5.705,18764,0
2017-11-16,21:00:00,5.71,5.71,5.7,5.705,22974,0
2017-11-16,22:00:00,5.705,5.72,5.7,5.71,98687,0
2017-11-17,16:00:00,5.7,5.7,5.66,5.66,6741,0
2017-11-17,17:00:00,5.65,5.665,5.64,5.65,13630,0
2017-11-17,18:00:00,5.65,5.6599,5.64,5.65,23749,0
2017-11-17,19:00:00,5.645,5.66,5.64,5.65,4900,0
2017-11-17,20:00:00,5.65,5.6568,5.65,5.65,4014,0
2017-11-17,21:00:00,5.65,5.66,5.65,5.65,6354,0
2017-11-17,22:00:00,5.655,5.66,5.65,5.66,80748,0
2017-11-20,16:00:00,5.66,5.66,5.64,5.645,12817,0
2017-11-20,17:00:00,5.65,5.655,5.64,5.655,8700,0
2017-11-20,18:00:00,5.655,5.66,5.65,5.65,5134,0
2017-11-20,19:00:00,5.65,5.65,5.64,5.645,8407,0
2017-11-20,20:00:00,5.645,5.65,5.64,5.64,9632,0
2017-11-20,21:00:00,5.64,5.65,5.64,5.65,16960,0
2017-11-20,22:00:00,5.64,5.67,5.64,5.66,73295,0
2017-11-21,16:00:00,5.69,5.7,5.69,5.7,10256,0
2017-11-21,17:00:00,5.695,5.7,5.69,5.69,4853,0
2017-11-21,18:00:00,5.7,5.7,5.69,5.695,15827,0
2017-11-21,19:00:00,5.69,5.695,5.69,5.69,1800,0
2017-11-21,20:00:00,5.695,5.7,5.69,5.7,6700,0
2017-11-21,21:00:00,5.695,5.7,5.69,5.69,12637,0
2017-11-21,22:00:00,5.69,5.71,5.69,5.7,43454,0
2017-11-22,16:00:00,5.7,5.73,5.7,5.72,18732,0
2017-11-22,17:00:00,5.72,5.73,5.71,5.71,44996,0
2017-11-22,18:00:00,5.71,5.72,5.7,5.7,10405,0
2017-11-22,19:00:00,5.7,5.705,5.69,5.69,19281,0
2017-11-22,20:00:00,5.69,5.69,5.68,5.68,25761,0
2017-11-22,21:00:00,5.68,5.7,5.68,5.7,31733,0
2017-11-22,22:00:00,5.705,5.72,5.7,5.71,63239,0
2017-11-24,16:00:00,5.76,5.76,5.76,5.76,2216,0
2017-11-24,17:00:00,5.76,5.78,5.76,5.765,22274,0
2017-11-24,18:00:00,5.7637,5.77,5.76,5.77,3451,0
2017-11-24,19:00:00,5.77,5.77,5.76,5.76,25958,0
2017-11-24,20:00:00,5.76,5.76,5.76,5.76,1721,0
2017-11-27,16:00:00,5.75,5.765,5.75,5.765,810,0
2017-11-27,17:00:00,5.76,5.77,5.755,5.76,9577,0
2017-11-27,18:00:00,5.7699,5.77,5.76,5.765,14686,0
2017-11-27,19:00:00,5.765,5.77,5.75,5.76,6290,0
2017-11-27,20:00:00,5.76,5.76,5.7536,5.76,4187,0
2017-11-27,21:00:00,5.76,5.76,5.7538,5.76,17088,0
2017-11-27,22:00:00,5.755,5.77,5.75,5.75,42061,0
2017-11-28,16:00:00,5.77,5.77,5.75,5.755,5416,0
2017-11-28,17:00:00,5.755,5.77,5.75,5.77,1700,0
2017-11-28,18:00:00,5.76,5.77,5.76,5.7625,20949,0
2017-11-28,19:00:00,5.7625,5.79,5.76,5.79,10963,0
2017-11-28,20:00:00,5.785,5.79,5.77,5.77,26368,0
2017-11-28,21:00:00,5.78,5.8,5.77,5.8,29097,0
2017-11-28,22:00:00,5.7941,5.82,5.79,5.82,66426,0
2017-11-29,16:00:00,5.83,5.85,5.83,5.85,26101,0
2017-11-29,17:00:00,5.85,5.85,5.82,5.83,16392,0
2017-11-29,18:00:00,5.8382,5.84,5.8,5.8,35706,0
2017-11-29,19:00:00,5.79,5.81,5.79,5.7938,18869,0
2017-11-29,20:00:00,5.8,5.81,5.8,5.8067,7200,0
2017-11-29,21:00:00,5.8,5.82,5.8,5.81,21913,0
2017-11-29,22:00:00,5.8161,5.83,5.81,5.83,52162,0
2017-11-30,16:00:00,5.99,6,5.97,5.97,24175,0
2017-11-30,17:00:00,5.97,5.99,5.8954,5.965,154270,0
2017-11-30,18:00:00,5.97,5.99,5.9647,5.965,39726,0
2017-11-30,19:00:00,5.965,5.99,5.96,5.985,23490,0
2017-11-30,20:00:00,5.99,5.99,5.96,5.97,30474,0
2017-11-30,21:00:00,5.97,5.99,5.965,5.9801,42167,0
2017-11-30,22:00:00,5.98,6,5.96,5.98,147057,0
2017-12-01,16:00:00,5.87,5.87,5.8499,5.8499,13124,0
2017-12-01,17:00:00,5.845,5.87,5.82,5.865,10617,0
2017-12-01,18:00:00,5.865,5.865,5.76,5.78,107266,0
2017-12-01,19:00:00,5.79,5.825,5.785,5.825,49889,0
2017-12-01,20:00:00,5.82,5.83,5.81,5.83,13350,0
2017-12-01,21:00:00,5.82,5.85,5.82,5.8246,15499,0
2017-12-01,22:00:00,5.83,5.85,5.825,5.85,39247,0
2017-12-04,16:00:00,5.89,5.91,5.88,5.88,27990,0
2017-12-04,17:00:00,5.88,5.88,5.86,5.87,26392,0
2017-12-04,18:00:00,5.86,5.895,5.85,5.89,18894,0
2017-12-04,19:00:00,5.89,5.895,5.88,5.88,9807,0
2017-12-04,20:00:00,5.88,5.9,5.88,5.89,14469,0
2017-12-04,21:00:00,5.9,5.9,5.88,5.8858,9550,0
2017-12-04,22:00:00,5.88,5.89,5.85,5.87,77663,0
2017-12-05,16:00:00,5.95,5.96,5.92,5.92,42734,0
2017-12-05,17:00:00,5.93,5.955,5.93,5.95,5882,0
2017-12-05,18:00:00,5.955,5.98,5.955,5.96,14276,0
2017-12-05,19:00:00,5.95,5.9599,5.95,5.9565,2765,0
2017-12-05,20:00:00,5.96,5.96,5.95,5.96,500,0
2017-12-05,21:00:00,5.95,5.96,5.94,5.94,32637,0
2017-12-05,22:00:00,5.94,5.95,5.92,5.94,48562,0
2017-12-06,16:00:00,5.88,5.88,5.84,5.845,14673,0
2017-12-06,17:00:00,5.85,5.875,5.84,5.875,47761,0
2017-12-06,18:00:00,5.875,5.88,5.87,5.87,5290,0
2017-12-06,19:00:00,5.87,5.875,5.865,5.875,19193,0
2017-12-06,20:00:00,5.87,5.88,5.87,5.88,4000,0
2017-12-06,21:00:00,5.88,5.88,5.87,5.875,7747,0
2017-12-06,22:00:00,5.875,5.88,5.86,5.86,45439,0
2017-12-07,16:00:00,5.85,5.85,5.83,5.83,8333,0
2017-12-07,17:00:00,5.83,5.855,5.83,5.855,6073,0
2017-12-07,18:00:00,5.85,5.86,5.85,5.851,19108,0
2017-12-07,19:00:00,5.85,5.86,5.85,5.85,17486,0
2017-12-07,20:00:00,5.855,5.86,5.85,5.855,8181,0
2017-12-07,21:00:00,5.85,5.86,5.85,5.85,15384,0
2017-12-07,22:00:00,5.8562,5.86,5.85,5.86,36979,0
2017-12-08,16:00:00,5.85,5.85,5.83,5.83,11778,0
2017-12-08,17:00:00,5.84,5.84,5.81,5.82,19253,0
2017-12-08,18:00:00,5.825,5.83,5.82,5.82,1100,0
2017-12-08,19:00:00,5.825,5.83,5.82,5.825,19844,0
2017-12-08,20:00:00,5.82,5.83,5.82,5.825,1200,0
2017-12-08,21:00:00,5.825,5.85,5.82,5.84,16497,0
2017-12-08,22:00:00,5.845,5.85,5.84,5.84,40484,0
2017-12-11,16:00:00,5.81,5.82,5.81,5.82,8860,0
2017-12-11,17:00:00,5.825,5.83,5.825,5.825,5572,0
2017-12-11,18:00:00,5.82,5.825,5.82,5.825,3362,0
2017-12-11,19:00:00,5.82,5.83,5.82,5.825,6495,0
2017-12-11,20:00:00,5.83,5.83,5.825,5.83,3100,0
2017-12-11,21:00:00,5.83,5.83,5.81,5.82,36364,0
2017-12-11,22:00:00,5.82,5.835,5.81,5.82,115872,0
2017-12-12,16:00:00,5.87,5.89,5.87,5.89,6411,0
2017-12-12,17:00:00,5.89,5.92,5.885,5.92,21146,0
2017-12-12,18:00:00,5.92,5.92,5.91,5.91,12424,0
2017-12-12,19:00:00,5.92,5.92,5.9,5.905,5404,0
2017-12-12,20:00:00,5.905,5.91,5.905,5.91,5395,0
2017-12-12,21:00:00,5.9038,5.9193,5.9038,5.9193,10151,0
2017-12-12,22:00:00,5.915,5.92,5.91,5.91,32005,0
2017-12-13,16:00:00,5.91,5.93,5.91,5.93,3046,0
2017-12-13,17:00:00,5.925,5.93,5.92,5.92,2600,0
2017-12-13,18:00:00,5.92,5.93,5.92,5.92,11571,0
2017-12-13,19:00:00,5.925,5.925,5.91,5.915,4100,0
2017-12-13,20:00:00,5.915,5.92,5.91,5.92,4559,0
2017-12-13,21:00:00,5.92,5.925,5.91,5.92,18699,0
2017-12-13,22:00:00,5.92,5.92,5.9,5.91,64980,0
2017-12-14,16:00:00,5.9,5.9,5.89,5.8931,2606,0
2017-12-14,17:00:00,5.89,5.89,5.88,5.88,2995,0
2017-12-14,18:00:00,5.885,5.89,5.88,5.89,3332,0
2017-12-14,19:00:00,5.89,5.9,5.88,5.885,5165,0
2017-12-14,20:00:00,5.885,5.885,5.8701,5.875,1203,0
2017-12-14,21:00:00,5.87,5.8768,5.87,5.87,16063,0
2017-12-14,22:00:00,5.87,5.88,5.86,5.87,46927,0
2017-12-15,16:00:00,5.87,5.87,5.86,5.86,18401,0
2017-12-15,17:00:00,5.86,5.88,5.86,5.88,6107,0
2017-12-15,18:00:00,5.875,5.89,5.87,5.885,6942,0
2017-12-15,19:00:00,5.88,5.9,5.88,5.89,11729,0
2017-12-15,20:00:00,5.89,5.895,5.88,5.885,19236,0
2017-12-15,21:00:00,5.8875,5.895,5.88,5.88,30815,0
2017-12-15,22:00:00,5.89,5.89,5.87,5.88,75124,0
2017-12-18,16:00:00,5.94,5.96,5.93,5.956,27331,0
2017-12-18,17:00:00,5.955,5.955,5.93,5.935,28924,0
2017-12-18,18:00:00,5.94,5.94,5.93,5.9347,8034,0
2017-12-18,19:00:00,5.94,5.94,5.93,5.94,13954,0
2017-12-18,20:00:00,5.94,5.94,5.9325,5.935,8103,0
2017-12-18,21:00:00,5.9359,5.95,5.93,5.945,27638,0
2017-12-18,22:00:00,5.945,5.95,5.94,5.95,62845,0
2017-12-19,16:00:00,5.93,5.97,5.93,5.945,27333,0
2017-12-19,17:00:00,5.94,5.95,5.93,5.93,4700,0
2017-12-19,18:00:00,5.93,5.935,5.93,5.935,1846,0
2017-12-19,19:00:00,5.9307,5.94,5.92,5.9207,4800,0
2017-12-19,20:00:00,5.925,5.94,5.92,5.93,10819,0
2017-12-19,21:00:00,5.93,5.94,5.93,5.9331,12301,0
2017-12-19,22:00:00,5.93,5.94,5.92,5.92,47526,0
2017-12-20,16:00:00,5.95,5.96,5.93,5.93,13756,0
2017-12-20,17:00:00,5.93,5.93,5.89,5.89,20416,0
2017-12-20,18:00:00,5.89,5.915,5.89,5.915,8719,0
2017-12-20,19:00:00,5.91,5.92,5.91,5.91,11097,0
2017-12-20,20:00:00,5.915,5.92,5.905,5.905,9858,0
2017-12-20,21:00:00,5.9,5.909,5.9,5.905,13387,0
2017-12-20,22:00:00,5.905,5.92,5.9,5.91,42551,0
2017-12-21,16:00:00,5.91,5.94,5.91,5.94,27297,0
2017-12-21,17:00:00,5.94,5.955,5.94,5.95,13687,0
2017-12-21,18:00:00,5.945,5.96,5.94,5.96,11371,0
2017-12-21,19:00:00,5.96,5.96,5.94,5.94,10065,0
2017-12-21,20:00:00,5.95,5.95,5.94,5.95,2868,0
2017-12-21,21:00:00,5.94,5.95,5.94,5.9466,10548,0
2017-12-21,22:00:00,5.95,5.96,5.93,5.93,30993,0
2017-12-22,16:00:00,5.91,5.98,5.91,5.92,50873,0
2017-12-22,17:00:00,5.91,5.92,5.91,5.915,3177,0
2017-12-22,18:00:00,5.92,5.92,5.9,5.92,11614,0
2017-12-22,19:00:00,5.91,5.92,5.9001,5.91,8839,0
2017-12-22,20:00:00,5.9039,5.91,5.9039,5.91,2950,0
2017-12-22,21:00:00,5.9,5.91,5.9,5.91,16493,0
2017-12-22,22:00:00,5.91,5.93,5.9,5.92,48685,0
2017-12-26,16:00:00,5.82,5.83,5.81,5.83,16896,0
2017-12-26,17:00:00,5.825,5.84,5.825,5.835,2651,0
2017-12-26,18:00:00,5.83,5.84,5.83,5.83,5326,0
2017-12-26,19:00:00,5.84,5.84,5.83,5.84,1500,0
2017-12-26,20:00:00,5.84,5.84,5.83,5.835,2300,0
2017-12-26,21:00:00,5.835,5.84,5.83,5.84,15241,0
2017-12-26,22:00:00,5.83,5.84,5.83,5.83,19792,0
2017-12-27,16:00:00,5.85,5.89,5.85,5.885,7305,0
2017-12-27,17:00:00,5.88,5.91,5.88,5.91,10432,0
2017-12-27,18:00:00,5.9001,5.905,5.88,5.88,10079,0
2017-12-27,19:00:00,5.88,5.89,5.88,5.89,3220,0
2017-12-27,20:00:00,5.88,5.88,5.87,5.8715,1842,0
2017-12-27,21:00:00,5.87,5.88,5.86,5.86,7185,0
2017-12-27,22:00:00,5.865,5.88,5.86,5.88,42252,0
2017-12-28,16:00:00,5.85,5.85,5.82,5.83,5274,0
2017-12-28,17:00:00,5.82,5.83,5.82,5.82,6871,0
2017-12-28,18:00:00,5.82,5.825,5.8037,5.81,25673,0
2017-12-28,19:00:00,5.815,5.82,5.81,5.815,13558,0
2017-12-28,20:00:00,5.81,5.8166,5.81,5.815,13827,0
2017-12-28,21:00:00,5.81,5.82,5.81,5.8148,20635,0
2017-12-28,22:00:00,5.815,5.82,5.81,5.82,35942,0
2017-12-29,16:00:00,5.88,5.89,5.87,5.87,6155,0
2017-12-29,17:00:00,5.87,5.87,5.85,5.86,19498,0
2017-12-29,18:00:00,5.85,5.8679,5.845,5.865,26938,0
2017-12-29,19:00:00,5.87,5.88,5.87,5.875,6666,0
2017-12-29,20:00:00,5.87,5.88,5.86,5.86,6383,0
2017-12-29,21:00:00,5.87,5.87,5.86,5.86,16234,0
2017-12-29,22:00:00,5.86,5.87,5.82,5.82,84430,0
2018-01-02,16:00:00,5.86,5.87,5.86,5.8675,14388,0
2018-01-02,17:00:00,5.865,5.89,5.865,5.88,5755,0
2018-01-02,18:00:00,5.8837,5.89,5.88,5.89,12115,0
2018-01-02,19:00:00,5.885,5.91,5.885,5.9,22573,0
2018-01-02,20:00:00,5.905,5.92,5.89,5.915,26577,0
2018-01-02,21:00:00,5.91,5.92,5.91,5.915,7305,0
2018-01-02,22:00:00,5.915,5.92,5.89,5.9,34798,0
2018-01-03,16:00:00,5.91,5.94,5.91,5.94,6605,0
2018-01-03,17:00:00,5.94,5.96,5.94,5.9589,8024,0
2018-01-03,18:00:00,5.955,5.97,5.955,5.97,16812,0
2018-01-03,19:00:00,5.97,5.99,5.9662,5.98,30619,0
2018-01-03,20:00:00,5.98,5.99,5.98,5.99,22800,0
2018-01-03,21:00:00,5.9801,5.99,5.98,5.99,24414,0
2018-01-03,22:00:00,5.98,6,5.98,5.99,45312,0
2018-01-04,16:00:00,6.05,6.11,6.05,6.11,13673,0
2018-01-04,17:00:00,6.11,6.12,6.1,6.12,10475,0
2018-01-04,18:00:00,6.11,6.119,6.07,6.07,47558,0
2018-01-04,19:00:00,6.08,6.1,6.07,6.1,30793,0
2018-01-04,20:00:00,6.095,6.11,6.095,6.105,22459,0
2018-01-04,21:00:00,6.1,6.13,6.1,6.1,53974,0
2018-01-04,22:00:00,6.101,6.13,6.1,6.13,169875,0
2018-01-05,16:00:00,6.35,6.35,6.27,6.335,141808,0
2018-01-05,17:00:00,6.335,6.34,6.28,6.33,126729,0
2018-01-05,18:00:00,6.34,6.36,6.33,6.355,29455,0
2018-01-05,19:00:00,6.35,6.35,6.335,6.335,18881,0
2018-01-05,20:00:00,6.335,6.34,6.32,6.327,30070,0
2018-01-05,21:00:00,6.32,6.33,6.31,6.3166,19436,0
2018-01-05,22:00:00,6.31,6.34,6.31,6.33,62251,0
2018-01-08,16:00:00,6.33,6.33,6.3,6.301,5305,0
2018-01-08,17:00:00,6.315,6.34,6.31,6.33,18600,0
2018-01-08,18:00:00,6.34,6.34,6.33,6.335,7165,0
2018-01-08,19:00:00,6.335,6.34,6.33,6.3361,9362,0
2018-01-08,20:00:00,6.335,6.35,6.33,6.345,8659,0
2018-01-08,21:00:00,6.3459,6.35,6.34,6.35,16729,0
2018-01-08,22:00:00,6.35,6.37,6.34,6.36,153102,0
2018-01-09,16:00:00,6.35,6.36,6.34,6.34,17043,0
2018-01-09,17:00:00,6.34,6.35,6.33,6.335,17727,0
2018-01-09,18:00:00,6.335,6.3483,6.33,6.34,19715,0
2018-01-09,19:00:00,6.34,6.35,6.34,6.34,11593,0
2018-01-09,20:00:00,6.34,6.35,6.34,6.34,19587,0
2018-01-09,21:00:00,6.345,6.36,6.34,6.35,34797,0
2018-01-09,22:00:00,6.36,6.38,6.35,6.37,83828,0
2018-01-10,16:00:00,6.39,6.4276,6.39,6.419,18664,0
2018-01-10,17:00:00,6.42,6.45,6.41,6.4488,33107,0
2018-01-10,18:00:00,6.445,6.48,6.44,6.44,28990,0
2018-01-10,19:00:00,6.44,6.46,6.44,6.46,22839,0
2018-01-10,20:00:00,6.46,6.46,6.44,6.44,6500,0
2018-01-10,21:00:00,6.44,6.4469,6.43,6.43,18695,0
2018-01-10,22:00:00,6.435,6.45,6.42,6.45,50376,0
2018-01-11,16:00:00,6.48,6.54,6.48,6.53,47090,0
2018-01-11,17:00:00,6.53,6.54,6.52,6.54,24821,0
2018-01-11,18:00:00,6.53,6.53,6.5,6.5,55539,0
2018-01-11,19:00:00,6.505,6.525,6.505,6.525,19792,0
2018-01-11,20:00:00,6.52,6.53,6.52,6.52,14514,0
2018-01-11,21:00:00,6.525,6.54,6.52,6.5338,24863,0
2018-01-11,22:00:00,6.53,6.57,6.53,6.56,43179,0
2018-01-12,16:00:00,6.54,6.56,6.53,6.54,31608,0
2018-01-12,17:00:00,6.54,6.57,6.53,6.57,18463,0
2018-01-12,18:00:00,6.5667,6.57,6.56,6.56,11800,0
2018-01-12,19:00:00,6.56,6.56,6.55,6.555,7125,0
2018-01-12,20:00:00,6.555,6.56,6.55,6.55,6253,0
2018-01-12,21:00:00,6.55,6.56,6.55,6.555,4860,0
2018-01-12,22:00:00,6.5566,6.59,6.55,6.59,70763,0
2018-01-16,16:00:00,6.61,6.66,6.61,6.66,10965,0
2018-01-16,17:00:00,6.66,6.66,6.61,6.611,18003,0
2018-01-16,18:00:00,6.62,6.62,6.61,6.61,15404,0
2018-01-16,19:00:00,6.61,6.62,6.61,6.615,5143,0
2018-01-16,20:00:00,6.615,6.62,6.6,6.6,15054,0
2018-01-16,21:00:00,6.6,6.6,6.555,6.555,28469,0
2018-01-16,22:00:00,6.555,6.59,6.555,6.59,63412,0
2018-01-17,16:00:00,6.58,6.62,6.58,6.61,31743,0
2018-01-17,17:00:00,6.62,6.63,6.62,6.62,8400,0
2018-01-17,18:00:00,6.62,6.63,6.62,6.63,10647,0
2018-01-17,19:00:00,6.63,6.66,6.63,6.65,18225,0
2018-01-17,20:00:00,6.6594,6.66,6.65,6.65,8195,0
2018-01-17,21:00:00,6.65,6.6862,6.65,6.6862,19383,0
2018-01-17,22:00:00,6.68,6.7,6.68,6.68,42871,0
2018-01-18,16:00:00,6.58,6.59,6.56,6.5766,23003,0
2018-01-18,17:00:00,6.58,6.59,6.55,6.57,17938,0
2018-01-18,18:00:00,6.57,6.58,6.55,6.555,17830,0
2018-01-18,19:00:00,6.55,6.56,6.55,6.555,2508,0
2018-01-18,20:00:00,6.555,6.575,6.555,6.575,8976,0
2018-01-18,21:00:00,6.58,6.6,6.58,6.6,6076,0
2018-01-18,22:00:00,6.6,6.6092,6.58,6.58,72893,0
2018-01-19,16:00:00,6.75,6.83,6.7,6.7701,226772,0
2018-01-19,17:00:00,6.775,6.81,6.775,6.8001,67878,0
2018-01-19,18:00:00,6.8,6.82,6.8,6.81,17190,0
2018-01-19,19:00:00,6.8107,6.82,6.81,6.82,3251,0
2018-01-19,20:00:00,6.81,6.82,6.81,6.815,6698,0
2018-01-19,21:00:00,6.81,6.82,6.81,6.815,10088,0
2018-01-19,22:00:00,6.82,6.83,6.81,6.83,59642,0
2018-01-22,16:00:00,6.82,6.82,6.7186,6.74,46696,0
2018-01-22,17:00:00,6.73,6.77,6.725,6.73,111597,0
2018-01-22,18:00:00,6.72,6.73,6.71,6.7201,31416,0
2018-01-22,19:00:00,6.72,6.73,6.72,6.725,14981,0
2018-01-22,20:00:00,6.72,6.73,6.72,6.72,7318,0
2018-01-22,21:00:00,6.725,6.74,6.72,6.73,36830,0
2018-01-22,22:00:00,6.73,6.74,6.72,6.72,95281,0
2018-01-23,16:00:00,6.72,6.75,6.715,6.74,23930,0
2018-01-23,17:00:00,6.75,6.77,6.735,6.77,30021,0
2018-01-23,18:00:00,6.78,6.78,6.744,6.744,13587,0
2018-01-23,19:00:00,6.745,6.76,6.7438,6.75,9000,0
2018-01-23,20:00:00,6.75,6.76,6.7401,6.755,12972,0
2018-01-23,21:00:00,6.75,6.7567,6.74,6.7475,21962,0
2018-01-23,22:00:00,6.745,6.75,6.74,6.75,29469,0
2018-01-24,16:00:00,6.78,6.81,6.78,6.8,14593,0
2018-01-24,17:00:00,6.7999,6.8,6.78,6.79,14631,0
2018-01-24,18:00:00,6.79,6.79,6.74,6.75,25652,0
2018-01-24,19:00:00,6.75,6.76,6.74,6.745,8554,0
2018-01-24,20:00:00,6.74,6.75,6.73,6.74,20813,0
2018-01-24,21:00:00,6.74,6.77,6.735,6.77,9893,0
2018-01-24,22:00:00,6.765,6.78,6.76,6.77,45514,0
2018-01-25,16:00:00,6.74,6.74,6.69,6.69,1734,0
2018-01-25,17:00:00,6.69,6.7,6.6762,6.695,6898,0
2018-01-25,18:00:00,6.695,6.695,6.69,6.6924,746,0
2018-01-25,19:00:00,6.7,6.71,6.7,6.71,3140,0
2018-01-25,20:00:00,6.7,6.7081,6.69,6.7067,8030,0
2018-01-25,21:00:00,6.71,6.71,6.64,6.65,50629,0
2018-01-25,22:00:00,6.655,6.66,6.65,6.65,48656,0
2018-01-26,16:00:00,6.68,6.69,6.675,6.69,4056,0
2018-01-26,17:00:00,6.69,6.69,6.66,6.67,6013,0
2018-01-26,18:00:00,6.665,6.67,6.66,6.6699,11494,0
2018-01-26,19:00:00,6.665,6.68,6.665,6.68,8195,0
2018-01-26,20:00:00,6.68,6.68,6.67,6.68,1800,0
2018-01-26,21:00:00,6.68,6.69,6.67,6.69,17484,0
2018-01-26,22:00:00,6.69,6.7,6.68,6.7,50797,0
2018-01-29,16:00:00,6.59,6.61,6.56,6.57,33372,0
2018-01-29,17:00:00,6.58,6.59,6.57,6.58,20017,0
2018-01-29,18:00:00,6.58,6.58,6.56,6.57,18805,0
2018-01-29,19:00:00,6.56,6.58,6.56,6.58,12697,0
2018-01-29,20:00:00,6.575,6.58,6.57,6.58,25870,0
2018-01-29,21:00:00,6.58,6.58,6.57,6.5748,17202,0
2018-01-29,22:00:00,6.58,6.58,6.55,6.55,151964,0
2018-01-30,16:00:00,6.5,6.53,6.47,6.49,77175,0
2018-01-30,17:00:00,6.482,6.49,6.475,6.49,19440,0
2018-01-30,18:00:00,6.49,6.5,6.48,6.49,20736,0
2018-01-30,19:00:00,6.49,6.56,6.49,6.55,142508,0
2018-01-30,20:00:00,6.55,6.55,6.5,6.5001,27880,0
2018-01-30,21:00:00,6.5,6.51,6.49,6.5001,30972,0
2018-01-30,22:00:00,6.51,6.53,6.5,6.51,89115,0
2018-01-31,16:00:00,6.56,6.56,6.52,6.54,10019,0
2018-01-31,17:00:00,6.54,6.55,6.5,6.53,29258,0
2018-01-31,18:00:00,6.53,6.53,6.48,6.5,70324,0
2018-01-31,19:00:00,6.51,6.54,6.5,6.54,24600,0
2018-01-31,20:00:00,6.54,6.6,6.535,6.57,95861,0
2018-01-31,21:00:00,6.57,6.57,6.53,6.54,33030,0
2018-01-31,22:00:00,6.53,6.61,6.52,6.56,277826,0
2018-02-01,16:00:00,6.55,6.62,6.55,6.59,104342,0
2018-02-01,17:00:00,6.59,6.6,6.58,6.59,17201,0
2018-02-01,18:00:00,6.59,6.6,6.58,6.59,35865,0
2018-02-01,19:00:00,6.595,6.61,6.59,6.605,38712,0
2018-02-01,20:00:00,6.601,6.62,6.59,6.595,33956,0
2018-02-01,21:00:00,6.595,6.605,6.58,6.595,59368,0
2018-02-01,22:00:00,6.59,6.6,6.57,6.59,101131,0
2018-02-02,16:00:00,6.41,6.43,6.38,6.38,17882,0
2018-02-02,17:00:00,6.37,6.39,6.35,6.385,29601,0
2018-02-02,18:00:00,6.3857,6.39,6.35,6.36,8947,0
2018-02-02,19:00:00,6.36,6.38,6.355,6.37,22303,0
2018-02-02,20:00:00,6.36,6.38,6.36,6.375,13686,0
2018-02-02,21:00:00,6.375,6.38,6.35,6.37,44195,0
2018-02-02,22:00:00,6.36,6.36,6.31,6.32,62797,0
2018-02-05,16:00:00,6.24,6.28,6.21,6.265,36983,0
2018-02-05,17:00:00,6.267,6.33,6.22,6.29,188316,0
2018-02-05,18:00:00,6.295,6.295,6.26,6.26,24347,0
2018-02-05,19:00:00,6.2644,6.27,6.22,6.24,42394,0
2018-02-05,20:00:00,6.23,6.235,6.19,6.215,15385,0
2018-02-05,21:00:00,6.21,6.215,6.12,6.12,71619,0
2018-02-05,22:00:00,6.115,6.26,5.97,6.08,277716,0
2018-02-06,16:00:00,6.15,6.25,6.1,6.18,185565,0
2018-02-06,17:00:00,6.18,6.2,6.1,6.12,54072,0
2018-02-06,18:00:00,6.11,6.15,6.09,6.125,55833,0
2018-02-06,19:00:00,6.13,6.16,6.12,6.13,77119,0
2018-02-06,20:00:00,6.13,6.145,6.11,6.11,48680,0
2018-02-06,21:00:00,6.12,6.19,6.11,6.19,43488,0
2018-02-06,22:00:00,6.2,6.25,6.19,6.25,162040,0
2018-02-07,16:00:00,6.13,6.15,6.1199,6.1328,15509,0
2018-02-07,17:00:00,6.14,6.16,6.13,6.155,43975,0
2018-02-07,18:00:00,6.16,6.19,6.16,6.19,32471,0
2018-02-07,19:00:00,6.19,6.19,6.155,6.155,26205,0
2018-02-07,20:00:00,6.15,6.155,6.095,6.12,32274,0
2018-02-07,21:00:00,6.11,6.13,6.095,6.11,44467,0
2018-02-07,22:00:00,6.11,6.14,6.08,6.08,111999,0
2018-02-08,16:00:00,6.05,6.06,5.99,6.01,165318,0
2018-02-08,17:00:00,6.015,6.06,6.015,6.02,19400,0
2018-02-08,18:00:00,6.01,6.015,5.94,5.98,26273,0
2018-02-08,19:00:00,5.97,5.97,5.8738,5.8806,38624,0
2018-02-08,20:00:00,5.89,5.96,5.88,5.95,51523,0
2018-02-08,21:00:00,5.94,5.95,5.9,5.9,37961,0
2018-02-08,22:00:00,5.9041,5.93,5.82,5.83,100302,0
2018-02-09,16:00:00,6.02,6.04,5.96,5.985,67014,0
2018-02-09,17:00:00,5.98,5.98,5.87,5.91,45201,0
2018-02-09,18:00:00,5.92,5.93,5.88,5.88,20431,0
2018-02-09,19:00:00,5.87,5.87,5.78,5.84,102027,0
2018-02-09,20:00:00,5.84,5.85,5.76,5.83,72583,0
2018-02-09,21:00:00,5.83,5.91,5.83,5.88,77880,0
2018-02-09,22:00:00,5.87,5.97,5.84,5.96,128022,0
2018-02-12,16:00:00,6.02,6.08,6.02,6.02,58590,0
2018-02-12,17:00:00,6.02,6.03,5.98,6,49570,0
2018-02-12,18:00:00,6.005,6.04,6.005,6.04,29441,0
2018-02-12,19:00:00,6.04,6.07,6.04,6.065,17239,0
2018-02-12,20:00:00,6.065,6.08,6.045,6.08,15400,0
2018-02-12,21:00:00,6.08,6.09,6.065,6.08,32484,0
2018-02-12,22:00:00,6.08,6.09,6.04,6.07,92178,0
2018-02-13,16:00:00,5.93,5.99,5.93,5.97,73944,0
2018-02-13,17:00:00,5.97,6.02,5.97,6.02,20274,0
2018-02-13,18:00:00,6.015,6.02,5.99,6.01,25550,0
2018-02-13,19:00:00,6.02,6.02,5.995,6,9538,0
2018-02-13,20:00:00,6,6.03,5.9919,6.01,7731,0
2018-02-13,21:00:00,6.01,6.04,6.01,6.02,30941,0
2018-02-13,22:00:00,6.03,6.05,6.02,6.04,75633,0
2018-02-14,16:00:00,5.97,6.01,5.97,6,19997,0
2018-02-14,17:00:00,5.995,6.03,5.98,6.025,23447,0
2018-02-14,18:00:00,6.03,6.05,6.005,6.03,18085,0
2018-02-14,19:00:00,6.035,6.07,6.03,6.07,13965,0
2018-02-14,20:00:00,6.07,6.11,6.065,6.11,34431,0
2018-02-14,21:00:00,6.11,6.12,6.08,6.1,41975,0
2018-02-14,22:00:00,6.1,6.17,6.1,6.16,137634,0
2018-02-15,16:00:00,6.23,6.23,6.18,6.2,30373,0
2018-02-15,17:00:00,6.195,6.195,6.13,6.13,42564,0
2018-02-15,18:00:00,6.12,6.15,6.11,6.14,21250,0
2018-02-15,19:00:00,6.14,6.165,6.14,6.165,19795,0
2018-02-15,20:00:00,6.165,6.19,6.15,6.17,26076,0
2018-02-15,21:00:00,6.18,6.195,6.175,6.185,10751,0
2018-02-15,22:00:00,6.19,6.19,6.15,6.16,66786,0
2018-02-16,16:00:00,6.21,6.22,6.19,6.19,26600,0
2018-02-16,17:00:00,6.195,6.24,6.18,6.21,60514,0
2018-02-16,18:00:00,6.21,6.22,6.21,6.22,14932,0
2018-02-16,19:00:00,6.22,6.2392,6.21,6.21,9222,0
2018-02-16,20:00:00,6.21,6.215,6.19,6.205,79425,0
2018-02-16,21:00:00,6.205,6.23,6.19,6.23,31486,0
2018-02-16,22:00:00,6.23,6.26,6.21,6.25,104174,0
2018-02-20,16:00:00,6.2,6.22,6.2,6.21,6864,0
2018-02-20,17:00:00,6.21,6.21,6.18,6.18,29649,0
2018-02-20,18:00:00,6.18,6.235,6.18,6.225,23169,0
2018-02-20,19:00:00,6.23,6.235,6.22,6.22,12200,0
2018-02-20,20:00:00,6.22,6.22,6.21,6.215,22310,0
2018-02-20,21:00:00,6.21,6.22,6.19,6.205,37624,0
2018-02-20,22:00:00,6.205,6.205,6.16,6.18,71503,0
2018-02-21,16:00:00,6.11,6.12,6.08,6.085,31654,0
2018-02-21,17:00:00,6.085,6.1001,6.05,6.09,39794,0
2018-02-21,18:00:00,6.09,6.0999,6.07,6.07,17238,0
2018-02-21,19:00:00,6.075,6.09,6.06,6.09,13706,0
2018-02-21,20:00:00,6.09,6.1,6.08,6.1,8457,0
2018-02-21,21:00:00,6.09,6.12,6.085,6.0987,32916,0
2018-02-21,22:00:00,6.09,6.09,6.02,6.04,103917,0
2018-02-22,16:00:00,6.08,6.08,6.02,6.03,19867,0
2018-02-22,17:00:00,6.04,6.07,6.03,6.06,10542,0
2018-02-22,18:00:00,6.055,6.09,6.055,6.08,9777,0
2018-02-22,19:00:00,6.08,6.08,6.05,6.07,9633,0
2018-02-22,20:00:00,6.065,6.07,6.04,6.04,7825,0
2018-02-22,21:00:00,6.04,6.06,6.03,6.03,21699,0
2018-02-22,22:00:00,6.025,6.05,6.02,6.04,68818,0
2018-02-23,16:00:00,6.12,6.145,6.12,6.135,26190,0
2018-02-23,17:00:00,6.14,6.14,6.115,6.13,12127,0
2018-02-23,18:00:00,6.14,6.145,6.115,6.13,32105,0
2018-02-23,19:00:00,6.14,6.1467,6.14,6.14,5664,0
2018-02-23,20:00:00,6.145,6.145,6.143,6.143,800,0
2018-02-23,21:00:00,6.14,6.17,6.14,6.17,12607,0
2018-02-23,22:00:00,6.17,6.19,6.1694,6.17,50162,0
2018-02-26,16:00:00,6.27,6.29,6.24,6.25,44178,0
2018-02-26,17:00:00,6.25,6.255,6.22,6.235,15313,0
2018-02-26,18:00:00,6.235,6.245,6.23,6.24,19844,0
2018-02-26,19:00:00,6.25,6.295,6.24,6.2838,45260,0
2018-02-26,20:00:00,6.29,6.305,6.27,6.295,81069,0
2018-02-26,21:00:00,6.29,6.295,6.28,6.285,52876,0
2018-02-26,22:00:00,6.29,6.3,6.28,6.28,156247,0
2018-02-27,16:00:00,6.26,6.28,6.26,6.26,6717,0
2018-02-27,17:00:00,6.26,6.28,6.235,6.235,18525,0
2018-02-27,18:00:00,6.235,6.26,6.21,6.215,23809,0
2018-02-27,19:00:00,6.2141,6.25,6.21,6.24,17627,0
2018-02-27,20:00:00,6.24,6.245,6.23,6.23,7023,0
2018-02-27,21:00:00,6.22,6.23,6.2,6.2199,19906,0
2018-02-27,22:00:00,6.21,6.21,6.18,6.19,46381,0
2018-02-28,16:00:00,6.2,6.2,6.18,6.18,1830,0
2018-02-28,17:00:00,6.1834,6.19,6.15,6.15,14298,0
2018-02-28,18:00:00,6.14,6.16,6.13,6.13,23155,0
2018-02-28,19:00:00,6.135,6.179,6.13,6.17,26109,0
2018-02-28,20:00:00,6.17,6.18,6.16,6.17,7763,0
2018-02-28,21:00:00,6.17,6.18,6.13,6.13,18033,0
2018-02-28,22:00:00,6.13,6.14,6.09,6.1,55702,0
2018-03-01,16:00:00,6.07,6.11,6.04,6.05,68742,0
2018-03-01,17:00:00,6.03,6.1,6.03,6.06,29268,0
2018-03-01,18:00:00,6.065,6.0663,6.035,6.06,7960,0
2018-03-01,19:00:00,6.06,6.06,6.025,6.03,12471,0
2018-03-01,20:00:00,6.02,6.02,5.96,5.96,20072,0
2018-03-01,21:00:00,5.95,5.98,5.93,5.945,75205,0
2018-03-01,22:00:00,5.94,5.98,5.93,5.97,84566,0
2018-03-02,16:00:00,5.93,5.9472,5.9,5.905,23666,0
2018-03-02,17:00:00,5.9,5.97,5.9,5.94,58183,0
2018-03-02,18:00:00,5.94,5.99,5.925,5.98,24886,0
2018-03-02,19:00:00,5.99,6.02,5.98,6.02,11491,0
2018-03-02,20:00:00,6.01,6.01,5.965,5.965,11217,0
2018-03-02,21:00:00,5.9694,6.01,5.965,5.995,24345,0
2018-03-02,22:00:00,6,6.05,5.975,6.05,110247,0
2018-03-05,16:00:00,6,6.01,5.97,5.98,50114,0
2018-03-05,17:00:00,5.98,6.015,5.96,6.015,29530,0
2018-03-05,18:00:00,6.02,6.07,6.02,6.07,26588,0
2018-03-05,19:00:00,6.065,6.08,6.06,6.07,19179,0
2018-03-05,20:00:00,6.07,6.08,6.065,6.0794,27251,0
2018-03-05,21:00:00,6.08,6.085,6.05,6.08,55182,0
2018-03-05,22:00:00,6.075,6.12,6.07,6.1,511274,0
2018-03-06,16:00:00,6.08,6.08,6.015,6.02,34439,0
2018-03-06,17:00:00,6.02,6.05,6.01,6.01,31482,0
2018-03-06,18:00:00,6.01,6.04,6.01,6.03,15139,0
2018-03-06,19:00:00,6.035,6.05,6.02,6.04,60846,0
2018-03-06,20:00:00,6.0362,6.08,6.0362,6.05,108892,0
2018-03-06,21:00:00,6.05,6.07,6.0444,6.045,88768,0
2018-03-06,22:00:00,6.045,6.05,6.03,6.03,74572,0
2018-03-07,16:00:00,6.01,6.07,6.01,6.04,32639,0
2018-03-07,17:00:00,6.03,6.075,6.025,6.06,18706,0
2018-03-07,18:00:00,6.06,6.065,6.005,6.01,21873,0
2018-03-07,19:00:00,6.01,6.0162,5.99,6.01,12003,0
2018-03-07,20:00:00,6,6.015,5.99,6.01,6900,0
2018-03-07,21:00:00,6,6.03,6,6.02,6658,0
2018-03-07,22:00:00,6.03,6.06,6.03,6.04,67505,0
2018-03-08,16:00:00,6.06,6.07,6.04,6.04,3525,0
2018-03-08,17:00:00,6.058,6.058,6.024,6.03,11463,0
2018-03-08,18:00:00,6.035,6.0575,6.035,6.04,7605,0
2018-03-08,19:00:00,6.04,6.04,6.02,6.025,9840,0
2018-03-08,20:00:00,6.03,6.045,6.0137,6.02,18860,0
2018-03-08,21:00:00,6.0298,6.07,6.02,6.07,43269,0
2018-03-08,22:00:00,6.07,6.07,6.04,6.07,39920,0
2018-03-09,16:00:00,6.03,6.04,5.99,6.02,40780,0
2018-03-09,17:00:00,6.015,6.055,6.01,6.05,8748,0
2018-03-09,18:00:00,6.04,6.04,6.025,6.04,7100,0
2018-03-09,19:00:00,6.05,6.065,6.03,6.03,21201,0
2018-03-09,20:00:00,6.035,6.04,6.03,6.03,9308,0
2018-03-09,21:00:00,6.035,6.05,6.03,6.04,31568,0
2018-03-09,22:00:00,6.04,6.05,6.03,6.04,81169,0
2018-03-12,15:00:00,6.05,6.09,6.05,6.07,30763,0
2018-03-12,16:00:00,6.08,6.11,6.08,6.09,36059,0
2018-03-12,17:00:00,6.095,6.1,6.08,6.09,23277,0
2018-03-12,18:00:00,6.08,6.09,6.07,6.08,12000,0
2018-03-12,19:00:00,6.08,6.09,6.07,6.08,9956,0
2018-03-12,20:00:00,6.0819,6.09,6.07,6.08,32539,0
2018-03-12,21:00:00,6.08,6.11,6.07,6.1,139214,0
2018-03-13,15:00:00,6.09,6.09,6.07,6.075,23211,0
2018-03-13,16:00:00,6.0725,6.08,6.05,6.055,25701,0
2018-03-13,17:00:00,6.055,6.06,6.03,6.03,33922,0
2018-03-13,18:00:00,6.025,6.03,6.01,6.03,16823,0
2018-03-13,19:00:00,6.03,6.03,6,6,15594,0
2018-03-13,20:00:00,6.005,6.01,5.99,6.01,57015,0
2018-03-13,21:00:00,6.01,6.01,5.98,6.01,98879,0
2018-03-14,15:00:00,6.06,6.07,6.035,6.04,12745,0
2018-03-14,16:00:00,6.04,6.05,6.025,6.03,14885,0
2018-03-14,17:00:00,6.0353,6.0373,6,6.005,14073,0
2018-03-14,18:00:00,6.005,6.02,5.995,6.015,8459,0
2018-03-14,19:00:00,6.01,6.04,6,6.031,11490,0
2018-03-14,20:00:00,6.035,6.0399,6.005,6.0187,13471,0
2018-03-14,21:00:00,6.015,6.02,6,6.02,36673,0
2018-03-15,15:00:00,6.03,6.03,6,6.01,2406,0
2018-03-15,16:00:00,6.01,6.02,6,6.015,6039,0
2018-03-15,17:00:00,6.02,6.04,6.01,6.01,13388,0
2018-03-15,18:00:00,6.01,6.01,6,6,4535,0
2018-03-15,19:00:00,6.0001,6.0013,5.98,5.98,6952,0
2018-03-15,20:00:00,5.975,5.99,5.9726,5.985,11947,0
2018-03-15,21:00:00,5.99,6.01,5.98,6.01,35262,0
2018-03-16,15:00:00,5.98,5.99,5.9601,5.975,5594,0
2018-03-16,16:00:00,5.97,5.99,5.96,5.99,5055,0
2018-03-16,17:00:00,5.995,6,5.98,5.985,6932,0
2018-03-16,18:00:00,5.985,6.01,5.98,6,17561,0
2018-03-16,19:00:00,5.995,6,5.98,5.985,6240,0
2018-03-16,20:00:00,5.985,5.99,5.98,5.985,13680,0
2018-03-16,21:00:00,5.98,5.99,5.98,5.99,45791,0
2018-03-19,15:00:00,5.96,5.96,5.92,5.92,24402,0
2018-03-19,16:00:00,5.92,5.93,5.91,5.91,10800,0
2018-03-19,17:00:00,5.91,5.93,5.88,5.88,70549,0
2018-03-19,18:00:00,5.88,5.89,5.8739,5.88,11384,0
2018-03-19,19:00:00,5.875,5.89,5.86,5.885,31052,0
2018-03-19,20:00:00,5.89,5.9,5.87,5.88,18467,0
2018-03-19,21:00:00,5.885,5.92,5.865,5.91,57811,0
2018-03-20,15:00:00,5.95,5.99,5.95,5.96,16120,0
2018-03-20,16:00:00,5.96,5.97,5.94,5.96,15966,0
2018-03-20,17:00:00,5.96,5.965,5.945,5.96,6494,0
2018-03-20,18:00:00,5.9544,5.98,5.95,5.95,8162,0
2018-03-20,19:00:00,5.945,5.95,5.94,5.945,3894,0
2018-03-20,20:00:00,5.945,5.98,5.94,5.98,27383,0
2018-03-20,21:00:00,5.975,5.985,5.95,5.95,38643,0
2018-03-21,15:00:00,5.93,5.95,5.93,5.94,3773,0
2018-03-21,16:00:00,5.94,5.96,5.935,5.96,7319,0
2018-03-21,17:00:00,5.955,5.98,5.945,5.98,16672,0
2018-03-21,18:00:00,5.98,5.99,5.9734,5.99,7832,0
2018-03-21,19:00:00,5.99,5.99,5.9572,5.97,23783,0
2018-03-21,20:00:00,5.99,6.02,5.95,5.95,28439,0
2018-03-21,21:00:00,5.96,6,5.96,5.97,74513,0
2018-03-22,15:00:00,5.84,5.85,5.82,5.8462,12824,0
2018-03-22,16:00:00,5.845,5.85,5.81,5.83,23920,0
2018-03-22,17:00:00,5.82,5.82,5.79,5.8,8834,0
2018-03-22,18:00:00,5.795,5.84,5.7848,5.83,17396,0
2018-03-22,19:00:00,5.8201,5.85,5.8113,5.84,6232,0
2018-03-22,20:00:00,5.845,5.85,5.8,5.8,16632,0
2018-03-22,21:00:00,5.8,5.81,5.76,5.77,76269,0
2018-03-23,15:00:00,5.85,5.855,5.81,5.825,32586,0
2018-03-23,16:00:00,5.83,5.84,5.81,5.82,28482,0
2018-03-23,17:00:00,5.83,5.83,5.73,5.73,23829,0
2018-03-23,18:00:00,5.73,5.77,5.73,5.76,21909,0
2018-03-23,19:00:00,5.76,5.79,5.76,5.775,23774,0
2018-03-23,20:00:00,5.77,5.777,5.72,5.72,34137,0
2018-03-23,21:00:00,5.72,5.72,5.68,5.68,164372,0
2018-03-26,16:00:00,5.73,5.75,5.705,5.705,29115,0
2018-03-26,17:00:00,5.705,5.71,5.665,5.68,25929,0
2018-03-26,18:00:00,5.675,5.695,5.655,5.69,43373,0
2018-03-26,19:00:00,5.685,5.72,5.685,5.695,24796,0
2018-03-26,20:00:00,5.695,5.71,5.69,5.695,7379,0
2018-03-26,21:00:00,5.695,5.75,5.695,5.74,30143,0
2018-03-26,22:00:00,5.73,5.77,5.73,5.77,44403,0
2018-03-27,16:00:00,5.79,5.81,5.79,5.805,6855,0
2018-03-27,17:00:00,5.805,5.815,5.77,5.8,30504,0
2018-03-27,18:00:00,5.8,5.82,5.78,5.82,44803,0
2018-03-27,19:00:00,5.82,5.83,5.8,5.81,13784,0
2018-03-27,20:00:00,5.81,5.82,5.78,5.785,28117,0
2018-03-27,21:00:00,5.79,5.8,5.76,5.765,24326,0
2018-03-27,22:00:00,5.765,5.765,5.705,5.73,76929,0
2018-03-28,16:00:00,5.75,5.76,5.73,5.76,11474,0
2018-03-28,17:00:00,5.77,5.77,5.73,5.73,7219,0
2018-03-28,18:00:00,5.74,5.78,5.74,5.77,24715,0
2018-03-28,19:00:00,5.78,5.82,5.77,5.78,16032,0
2018-03-28,20:00:00,5.775,5.8,5.76,5.8,19672,0
2018-03-28,21:00:00,5.79,5.8,5.775,5.79,25258,0
2018-03-28,22:00:00,5.785,5.8,5.7638,5.77,65608,0
2018-03-29,16:00:00,5.81,5.8272,5.81,5.81,5251,0
2018-03-29,17:00:00,5.82,5.84,5.8,5.84,10650,0
2018-03-29,18:00:00,5.845,5.85,5.81,5.82,9916,0
2018-03-29,19:00:00,5.816,5.82,5.81,5.82,5808,0
2018-03-29,20:00:00,5.82,5.83,5.74,5.83,39101,0
2018-03-29,21:00:00,5.83,5.86,5.825,5.86,29320,0
2018-03-29,22:00:00,5.86,5.87,5.835,5.85,55879,0
