Date,Time,Open,High,Low,Close,Volume,OpenInt
2017-09-05,16:00:00,19.55,19.59,19.31,19.38,187503,0
2017-09-05,17:00:00,19.385,19.385,19.24,19.29,223451,0
2017-09-05,18:00:00,19.29,19.3,19.195,19.26,187474,0
2017-09-05,19:00:00,19.26,19.26,19.08,19.15,144568,0
2017-09-05,20:00:00,19.14,19.28,19.08,19.28,243575,0
2017-09-05,21:00:00,19.28,19.32,19.22,19.25,135260,0
2017-09-05,22:00:00,19.245,19.36,19.24,19.29,671824,0
2017-09-06,16:00:00,18.85,19.42,18.32,19.36,263931,0
2017-09-06,17:00:00,19.36,19.41,19.2,19.29,304877,0
2017-09-06,18:00:00,19.29,19.32,19.12,19.32,470941,0
2017-09-06,19:00:00,19.32,19.32,19.18,19.24,236627,0
2017-09-06,20:00:00,19.235,19.32,19.235,19.275,174523,0
2017-09-06,21:00:00,19.27,19.34,19.24,19.31,292146,0
2017-09-06,22:00:00,19.315,19.4,19.3,19.32,683007,0
2017-09-07,16:00:00,19.3,19.655,19.17,19.17,221563,0
2017-09-07,17:00:00,19.18,19.49,18.96,19.455,620298,0
2017-09-07,18:00:00,19.4628,19.51,19.35,19.385,368562,0
2017-09-07,19:00:00,19.385,19.48,19.291,19.45,274021,0
2017-09-07,20:00:00,19.45,19.54,19.4,19.475,248354,0
2017-09-07,21:00:00,19.48,19.54,19.385,19.41,290725,0
2017-09-07,22:00:00,19.415,19.54,19.36,19.43,1108880,0
2017-09-08,16:00:00,18.47,19.61,17.6,19.12,909634,0
2017-09-08,17:00:00,19.17,19.2,18.54,19.045,723176,0
2017-09-08,18:00:00,19.04,19.36,18.9,19.26,297278,0
2017-09-08,19:00:00,19.26,19.69,19.22,19.43,523978,0
2017-09-08,20:00:00,19.43,19.6,19.33,19.57,263617,0
2017-09-08,21:00:00,19.57,19.735,19.47,19.62,383233,0
2017-09-08,22:00:00,19.63,19.79,19.52,19.56,909469,0
2017-09-11,16:00:00,19.86,20.49,19.71,20.31,420005,0
2017-09-11,17:00:00,20.305,20.84,20.299,20.81,724600,0
2017-09-11,18:00:00,20.81,20.9,20.51,20.87,657631,0
2017-09-11,19:00:00,20.8747,20.92,20.74,20.76,291233,0
2017-09-11,20:00:00,20.77,20.79,20.71,20.735,186699,0
2017-09-11,21:00:00,20.74,20.785,20.67,20.67,336306,0
2017-09-11,22:00:00,20.67,20.76,20.64,20.69,1035014,0
2017-09-12,16:00:00,20.22,20.84,20.13,20.77,257263,0
2017-09-12,17:00:00,20.78,20.995,20.78,20.965,317999,0
2017-09-12,18:00:00,20.97,21.02,20.91,20.92,279739,0
2017-09-12,19:00:00,20.925,20.97,20.84,20.95,152824,0
2017-09-12,20:00:00,20.94,21.14,20.94,21.095,263882,0
2017-09-12,21:00:00,21.1,21.17,21.09,21.155,172242,0
2017-09-12,22:00:00,21.16,21.31,21.0901,21.31,669769,0
2017-09-13,16:00:00,21.31,21.48,21.21,21.3,206231,0
2017-09-13,17:00:00,21.31,21.39,21.19,21.25,282277,0
2017-09-13,18:00:00,21.25,21.335,21.17,21.17,264682,0
2017-09-13,19:00:00,21.17,21.195,20.9,21.02,389938,0
2017-09-13,20:00:00,21.02,21.08,20.96,21.06,150435,0
2017-09-13,21:00:00,21.06,21.07,21,21.04,224019,0
2017-09-13,22:00:00,21.04,21.075,20.97,20.98,630960,0
2017-09-14,16:00:00,20.84,20.84,20.59,20.69,100674,0
2017-09-14,17:00:00,20.69,20.86,20.661,20.82,212428,0
2017-09-14,18:00:00,20.83,20.86,20.76,20.82,160733,0
2017-09-14,19:00:00,20.81,20.82,20.72,20.75,103384,0
2017-09-14,20:00:00,20.76,20.765,20.59,20.63,166879,0
2017-09-14,21:00:00,20.625,20.735,20.625,20.695,123964,0
2017-09-14,22:00:00,20.695,20.71,20.67,20.68,548353,0
2017-09-15,16:00:00,20.64,20.73,20.4426,20.7,317919,0
2017-09-15,17:00:00,20.71,20.88,20.66,20.875,128189,0
2017-09-15,18:00:00,20.875,20.92,20.8,20.865,130230,0
2017-09-15,19:00:00,20.87,20.9,20.81,20.83,95610,0
2017-09-15,20:00:00,20.825,20.865,20.79,20.825,104623,0
2017-09-15,21:00:00,20.83,20.9,20.82,20.845,144769,0
2017-09-15,22:00:00,20.845,20.89,20.82,20.86,693676,0
2017-09-18,16:00:00,20.91,21.16,20.89,21.06,48500,0
2017-09-18,17:00:00,21.07,21.165,21.06,21.165,118049,0
2017-09-18,18:00:00,21.17,21.21,21.15,21.205,147075,0
2017-09-18,19:00:00,21.21,21.23,21.06,21.105,178123,0
2017-09-18,20:00:00,21.105,21.17,21.07,21.165,116022,0
2017-09-18,21:00:00,21.165,21.19,21.08,21.125,120075,0
2017-09-18,22:00:00,21.12,21.185,21.12,21.16,384940,0
2017-09-19,16:00:00,21.24,21.3,21.1,21.14,38322,0
2017-09-19,17:00:00,21.14,21.22,21.115,21.205,99586,0
2017-09-19,18:00:00,21.21,21.21,21.08,21.08,113676,0
2017-09-19,19:00:00,21.07,21.135,21.06,21.09,61357,0
2017-09-19,20:00:00,21.09,21.11,21.02,21.06,79079,0
2017-09-19,21:00:00,21.055,21.075,20.955,21,110642,0
2017-09-19,22:00:00,21,21.035,20.97,20.98,431669,0
2017-09-20,16:00:00,20.96,20.99,20.87,20.97,36724,0
2017-09-20,17:00:00,20.98,20.98,20.82,20.85,119030,0
2017-09-20,18:00:00,20.855,20.91,20.765,20.79,104485,0
2017-09-20,19:00:00,20.79,20.91,20.7865,20.86,87405,0
2017-09-20,20:00:00,20.86,20.9,20.805,20.89,66413,0
2017-09-20,21:00:00,20.88,20.9,20.73,20.815,147432,0
2017-09-20,22:00:00,20.815,20.87,20.76,20.85,312044,0
2017-09-21,16:00:00,20.73,20.88,20.73,20.79,49766,0
2017-09-21,17:00:00,20.8,20.87,20.76,20.83,52641,0
2017-09-21,18:00:00,20.83,20.85,20.76,20.77,73323,0
2017-09-21,19:00:00,20.76,20.82,20.76,20.8,31947,0
2017-09-21,20:00:00,20.8,20.815,20.74,20.79,48454,0
2017-09-21,21:00:00,20.79,20.8,20.6,20.67,103347,0
2017-09-21,22:00:00,20.67,20.72,20.62,20.62,294071,0
2017-09-22,16:00:00,20.58,20.84,20.58,20.73,49217,0
2017-09-22,17:00:00,20.72,20.74,20.51,20.61,129548,0
2017-09-22,18:00:00,20.6,20.65,20.52,20.53,106746,0
2017-09-22,19:00:00,20.52,20.53,20.44,20.46,119955,0
2017-09-22,20:00:00,20.455,20.47,20.42,20.45,119567,0
2017-09-22,21:00:00,20.445,20.45,20.37,20.39,161823,0
2017-09-22,22:00:00,20.395,20.5,20.37,20.45,596554,0
2017-09-25,16:00:00,20.45,20.5,20.18,20.19,79432,0
2017-09-25,17:00:00,20.19,20.3,20.06,20.06,102420,0
2017-09-25,18:00:00,20.07,20.13,20.03,20.05,131778,0
2017-09-25,19:00:00,20.04,20.08,19.94,20.06,132208,0
2017-09-25,20:00:00,20.07,20.1,20.04,20.08,66300,0
2017-09-25,21:00:00,20.08,20.09,19.99,20.02,96079,0
2017-09-25,22:00:00,20.02,20.04,19.98,20,591124,0
2017-09-26,16:00:00,20.1,20.44,20.1,20.37,488776,0
2017-09-26,17:00:00,20.38,20.42,20.205,20.22,367319,0
2017-09-26,18:00:00,20.22,20.25,20.11,20.18,87531,0
2017-09-26,19:00:00,20.18,20.24,20.135,20.16,162496,0
2017-09-26,20:00:00,20.168,20.21,20.11,20.18,133781,0
2017-09-26,21:00:00,20.18,20.18,20.03,20.07,147866,0
2017-09-26,22:00:00,20.07,20.07,19.885,19.94,548212,0
2017-09-27,16:00:00,20.11,20.24,20.02,20.03,159853,0
2017-09-27,17:00:00,20.02,20.03,19.89,19.97,330897,0
2017-09-27,18:00:00,19.97,20.055,19.93,20.005,269523,0
2017-09-27,19:00:00,20.005,20.05,19.955,20.035,258268,0
2017-09-27,20:00:00,20.04,20.11,19.995,20.095,801919,0
2017-09-27,21:00:00,20.095,20.3621,20.06,20.315,470141,0
2017-09-27,22:00:00,20.315,20.34,20.18,20.19,771395,0
2017-09-28,16:00:00,20.09,20.16,19.86,19.9,65298,0
2017-09-28,17:00:00,19.91,20.03,19.89,19.95,284663,0
2017-09-28,18:00:00,19.955,20.005,19.91,19.99,172047,0
2017-09-28,19:00:00,19.99,20.04,19.97,20.03,132496,0
2017-09-28,20:00:00,20.025,20.03,19.98,20.01,147268,0
2017-09-28,21:00:00,20,20.1,19.99,20.09,192457,0
2017-09-28,22:00:00,20.09,20.17,20.06,20.13,505735,0
2017-09-29,16:00:00,20.16,20.18,20.04,20.1,61156,0
2017-09-29,17:00:00,20.11,20.17,20.02,20.12,88412,0
2017-09-29,18:00:00,20.12,20.26,20.1,20.24,124725,0
2017-09-29,19:00:00,20.2436,20.27,20.2167,20.235,100270,0
2017-09-29,20:00:00,20.23,20.27,20.105,20.13,147898,0
2017-09-29,21:00:00,20.14,20.23,20.09,20.23,100294,0
2017-09-29,22:00:00,20.22,20.3,20.205,20.28,464832,0
2017-10-02,16:00:00,20.27,20.33,20.26,20.3,154229,0
2017-10-02,17:00:00,20.31,20.37,20.18,20.24,154187,0
2017-10-02,18:00:00,20.24,20.3,20.21,20.285,76122,0
2017-10-02,19:00:00,20.28,20.46,20.23,20.46,228406,0
2017-10-02,20:00:00,20.465,20.59,20.46,20.59,182482,0
2017-10-02,21:00:00,20.59,20.645,20.58,20.635,92443,0
2017-10-02,22:00:00,20.63,20.66,20.57,20.59,375757,0
2017-10-03,16:00:00,20.75,20.82,20.66,20.78,88842,0
2017-10-03,17:00:00,20.79,20.85,20.71,20.73,103299,0
2017-10-03,18:00:00,20.73,20.73,20.63,20.64,73011,0
2017-10-03,19:00:00,20.64,20.83,20.64,20.82,501673,0
2017-10-03,20:00:00,20.82,20.9232,20.81,20.92,115311,0
2017-10-03,21:00:00,20.92,20.98,20.91,20.97,77542,0
2017-10-03,22:00:00,20.97,21,20.97,20.98,529201,0
2017-10-04,16:00:00,20.92,21.11,20.82,21.1,63153,0
2017-10-04,17:00:00,21.09,21.12,20.93,20.97,81512,0
2017-10-04,18:00:00,20.97,21.02,20.94,20.95,91063,0
2017-10-04,19:00:00,20.96,20.96,20.84,20.89,74992,0
2017-10-04,20:00:00,20.89,20.9,20.81,20.8233,147544,0
2017-10-04,21:00:00,20.83,20.9,20.815,20.87,70828,0
2017-10-04,22:00:00,20.87,20.9,20.83,20.9,293333,0
2017-10-05,16:00:00,20.9,21.15,20.9,21.1,39392,0
2017-10-05,17:00:00,21.1,21.12,21.04,21.05,88600,0
2017-10-05,18:00:00,21.05,21.18,21.05,21.13,112407,0
2017-10-05,19:00:00,21.13,21.17,21.11,21.11,93401,0
2017-10-05,20:00:00,21.1,21.1,20.98,20.985,39226,0
2017-10-05,21:00:00,20.99,21,20.86,20.905,83357,0
2017-10-05,22:00:00,20.91,20.995,20.87,20.98,260801,0
2017-10-06,16:00:00,20.88,20.91,20.81,20.85,86184,0
2017-10-06,17:00:00,20.84,20.86,20.78,20.8,84312,0
2017-10-06,18:00:00,20.8,20.81,20.73,20.75,50046,0
2017-10-06,19:00:00,20.755,20.79,20.73,20.74,67302,0
2017-10-06,20:00:00,20.73,20.74,20.695,20.705,142444,0
2017-10-06,21:00:00,20.7,20.705,20.645,20.6599,74594,0
2017-10-06,22:00:00,20.65,20.69,20.65,20.69,362948,0
2017-10-09,17:00:00,20.57,20.605,20.56,20.57,24613,0
2017-10-09,18:00:00,20.575,20.655,20.56,20.65,67234,0
2017-10-09,19:00:00,20.651,20.66,20.6,20.62,58861,0
2017-10-09,20:00:00,20.61,20.63,20.6,20.61,52942,0
2017-10-09,21:00:00,20.61,20.61,20.58,20.58,40739,0
2017-10-09,22:00:00,20.58,20.64,20.57,20.6,573344,0
2017-10-10,16:00:00,20.69,20.92,20.68,20.82,84540,0
2017-10-10,17:00:00,20.82,20.84,20.67,20.68,184640,0
2017-10-10,18:00:00,20.675,20.73,20.64,20.6599,94553,0
2017-10-10,19:00:00,20.66,20.68,20.62,20.655,96443,0
2017-10-10,20:00:00,20.65,20.67,20.64,20.655,53572,0
2017-10-10,21:00:00,20.655,20.665,20.5516,20.555,100227,0
2017-10-10,22:00:00,20.555,20.6,20.55,20.58,725723,0
2017-10-11,16:00:00,20.55,20.67,20.51,20.65,104235,0
2017-10-11,17:00:00,20.64,20.7,20.38,20.38,361648,0
2017-10-11,18:00:00,20.39,20.42,20.235,20.24,194495,0
2017-10-11,19:00:00,20.245,20.255,20.195,20.195,83396,0
2017-10-11,20:00:00,20.2,20.255,20.135,20.17,111584,0
2017-10-11,21:00:00,20.17,20.245,20.165,20.19,114625,0
2017-10-11,22:00:00,20.19,20.31,20.185,20.28,436589,0
2017-10-12,16:00:00,20.25,20.28,20.19,20.23,52769,0
2017-10-12,17:00:00,20.22,20.27,20.18,20.24,96916,0
2017-10-12,18:00:00,20.24,20.385,20.22,20.37,76038,0
2017-10-12,19:00:00,20.37,20.455,20.355,20.435,116564,0
2017-10-12,20:00:00,20.435,20.505,20.42,20.5,116559,0
2017-10-12,21:00:00,20.495,20.51,20.42,20.425,46156,0
2017-10-12,22:00:00,20.425,20.44,20.36,20.38,287533,0
2017-10-13,16:00:00,20.47,20.5,20.41,20.47,19543,0
2017-10-13,17:00:00,20.48,20.64,20.48,20.64,61979,0
2017-10-13,18:00:00,20.64,20.73,20.64,20.705,46911,0
2017-10-13,19:00:00,20.71,20.71,20.585,20.6,67670,0
2017-10-13,20:00:00,20.61,20.63,20.53,20.5401,196897,0
2017-10-13,21:00:00,20.54,20.561,20.51,20.52,92420,0
2017-10-13,22:00:00,20.515,20.54,20.42,20.44,298903,0
2017-10-16,16:00:00,20.49,20.65,20.46,20.61,61419,0
2017-10-16,17:00:00,20.61,20.65,20.46,20.47,92777,0
2017-10-16,18:00:00,20.47,20.495,20.4,20.4565,81455,0
2017-10-16,19:00:00,20.45,20.46,20.385,20.39,35961,0
2017-10-16,20:00:00,20.4,20.455,20.38,20.39,59123,0
2017-10-16,21:00:00,20.39,20.41,20.34,20.365,69062,0
2017-10-16,22:00:00,20.37,20.39,20.26,20.3,229397,0
2017-10-17,16:00:00,20.26,20.366,20.23,20.3,26887,0
2017-10-17,17:00:00,20.3,20.34,20.13,20.2,82322,0
2017-10-17,18:00:00,20.19,20.22,20.12,20.175,85898,0
2017-10-17,19:00:00,20.17,20.2,20.12,20.155,31175,0
2017-10-17,20:00:00,20.155,20.155,20.07,20.07,42396,0
2017-10-17,21:00:00,20.08,20.11,20.07,20.1,39903,0
2017-10-17,22:00:00,20.11,20.17,20.08,20.09,248897,0
2017-10-18,16:00:00,20.17,20.31,20.16,20.24,43220,0
2017-10-18,17:00:00,20.24,20.25,20.17,20.2,143847,0
2017-10-18,18:00:00,20.2,20.25,20.17,20.21,94444,0
2017-10-18,19:00:00,20.21,20.275,20.1866,20.21,321740,0
2017-10-18,20:00:00,20.21,20.31,20.2038,20.23,115164,0
2017-10-18,21:00:00,20.24,20.29,20.23,20.26,176454,0
2017-10-18,22:00:00,20.2557,20.27,20.1,20.14,489137,0
2017-10-19,16:00:00,20.01,20.07,19.9,19.95,45933,0
2017-10-19,17:00:00,19.97,20.01,19.87,19.97,105259,0
2017-10-19,18:00:00,19.97,19.985,19.84,19.85,73039,0
2017-10-19,19:00:00,19.85,19.86,19.74,19.755,50756,0
2017-10-19,20:00:00,19.76,19.84,19.73,19.83,94263,0
2017-10-19,21:00:00,19.83,19.98,19.82,19.96,163559,0
2017-10-19,22:00:00,19.955,20,19.91,20,433191,0
2017-10-20,16:00:00,20.15,20.25,20.02,20.06,88538,0
2017-10-20,17:00:00,20.06,20.14,20.03,20.05,81765,0
2017-10-20,18:00:00,20.05,20.07,19.9623,20.02,101700,0
2017-10-20,19:00:00,20.02,20.095,19.975,19.985,104114,0
2017-10-20,20:00:00,19.99,20.06,19.97,20.025,79287,0
2017-10-20,21:00:00,20.025,20.06,20,20,85425,0
2017-10-20,22:00:00,20,20.06,19.98,20.06,469087,0
2017-10-23,16:00:00,20.06,20.21,20.06,20.0875,49474,0
2017-10-23,17:00:00,20.085,20.085,19.99,20,106250,0
2017-10-23,18:00:00,20.001,20.02,19.96,20.01,42390,0
2017-10-23,19:00:00,20.005,20.06,19.99,20.025,95738,0
2017-10-23,20:00:00,20.02,20.06,19.945,19.96,60602,0
2017-10-23,21:00:00,19.96,19.98,19.89,19.9,51873,0
2017-10-23,22:00:00,19.9,19.92,19.82,19.85,373207,0
2017-10-24,16:00:00,19.89,19.925,19.73,19.74,48042,0
2017-10-24,17:00:00,19.73,19.74,19.63,19.65,100367,0
2017-10-24,18:00:00,19.655,19.73,19.62,19.67,61430,0
2017-10-24,19:00:00,19.67,19.7,19.65,19.675,54330,0
2017-10-24,20:00:00,19.67,19.76,19.67,19.76,55948,0
2017-10-24,21:00:00,19.76,19.79,19.725,19.77,61797,0
2017-10-24,22:00:00,19.77,19.805,19.705,19.76,322463,0
2017-10-25,16:00:00,19.75,19.78,19.53,19.555,80492,0
2017-10-25,17:00:00,19.56,19.71,19.54,19.57,236586,0
2017-10-25,18:00:00,19.57,19.58,19.38,19.43,86521,0
2017-10-25,19:00:00,19.43,19.465,19.41,19.44,89089,0
2017-10-25,20:00:00,19.44,19.51,19.42,19.51,67054,0
2017-10-25,21:00:00,19.5,19.53,19.46,19.52,95994,0
2017-10-25,22:00:00,19.515,19.55,19.48,19.51,562471,0
2017-10-26,16:00:00,19.54,19.5875,19.44,19.47,88702,0
2017-10-26,17:00:00,19.47,19.53,19.38,19.52,122988,0
2017-10-26,18:00:00,19.53,19.65,19.51,19.645,175870,0
2017-10-26,19:00:00,19.64,19.645,19.5,19.5,101453,0
2017-10-26,20:00:00,19.5,19.51,19.42,19.44,79491,0
2017-10-26,21:00:00,19.45,19.5,19.41,19.495,128569,0
2017-10-26,22:00:00,19.5,19.53,19.47,19.49,314773,0
2017-10-27,16:00:00,19.57,19.57,19.4,19.47,41661,0
2017-10-27,17:00:00,19.47,19.5,19.36,19.36,102358,0
2017-10-27,18:00:00,19.36,19.52,19.32,19.49,114157,0
2017-10-27,19:00:00,19.5,19.65,19.47,19.65,202966,0
2017-10-27,20:00:00,19.645,19.73,19.63,19.7,82062,0
2017-10-27,21:00:00,19.69,19.7,19.585,19.595,76031,0
2017-10-27,22:00:00,19.595,19.65,19.57,19.64,316217,0
2017-10-30,15:00:00,19.41,19.59,19.41,19.43,31568,0
2017-10-30,16:00:00,19.44,19.44,19.23,19.24,99381,0
2017-10-30,17:00:00,19.24,19.28,19.1,19.18,244647,0
2017-10-30,18:00:00,19.18,19.18,19.05,19.05,99481,0
2017-10-30,19:00:00,19.05,19.09,18.94,18.94,176365,0
2017-10-30,20:00:00,18.94,19.07,18.91,19.07,105632,0
2017-10-30,21:00:00,19.06,19.07,18.97,19.02,430608,0
2017-10-31,15:00:00,19.1,19.19,18.93,18.95,49596,0
2017-10-31,16:00:00,18.95,18.9888,18.86,18.91,86228,0
2017-10-31,17:00:00,18.9,18.92,18.86,18.9,78074,0
2017-10-31,18:00:00,18.89,18.9,18.87,18.89,78251,0
2017-10-31,19:00:00,18.88,18.945,18.88,18.94,80456,0
2017-10-31,20:00:00,18.935,19.11,18.93,19.09,187887,0
2017-10-31,21:00:00,19.09,19.11,19.03,19.08,591398,0
2017-11-01,15:00:00,19.25,19.32,19.14,19.21,46677,0
2017-11-01,16:00:00,19.22,19.25,18.98,19.005,135517,0
2017-11-01,17:00:00,19.01,19.03,18.92,18.92,74355,0
2017-11-01,18:00:00,18.93,18.94,18.87,18.87,52523,0
2017-11-01,19:00:00,18.8601,18.87,18.71,18.76,90286,0
2017-11-01,20:00:00,18.76,18.8,18.73,18.775,75044,0
2017-11-01,21:00:00,18.771,18.8,18.7,18.74,537619,0
2017-11-02,15:00:00,18.65,18.71,18.54,18.54,47155,0
2017-11-02,16:00:00,18.54,18.55,18.31,18.39,153122,0
2017-11-02,17:00:00,18.39,18.41,18.345,18.39,147331,0
2017-11-02,18:00:00,18.39,18.47,18.37,18.43,114251,0
2017-11-02,19:00:00,18.43,18.465,18.38,18.439,70365,0
2017-11-02,20:00:00,18.44,18.45,18.38,18.38,85993,0
2017-11-02,21:00:00,18.3801,18.41,18.345,18.37,377863,0
2017-11-03,15:00:00,18.42,18.73,18.3284,18.355,114694,0
2017-11-03,16:00:00,18.36,18.41,18.235,18.3,77997,0
2017-11-03,17:00:00,18.3,18.345,18.285,18.31,73769,0
2017-11-03,18:00:00,18.31,18.355,18.29,18.32,59838,0
2017-11-03,19:00:00,18.32,18.32,18.2,18.22,75197,0
2017-11-03,20:00:00,18.22,18.23,18.13,18.13,94012,0
2017-11-03,21:00:00,18.13,18.16,18.07,18.11,325341,0
2017-11-06,16:00:00,18.11,18.25,18.02,18.21,86899,0
2017-11-06,17:00:00,18.2137,18.22,18.1725,18.19,100541,0
2017-11-06,18:00:00,18.2,18.22,18.15,18.17,110411,0
2017-11-06,19:00:00,18.17,18.2,18.15,18.17,84009,0
2017-11-06,20:00:00,18.165,18.18,18.09,18.1,87277,0
2017-11-06,21:00:00,18.105,18.13,18.07,18.1,69877,0
2017-11-06,22:00:00,18.105,18.165,18.07,18.07,604144,0
2017-11-07,16:00:00,17.98,18.09,17.95,18.07,61367,0
2017-11-07,17:00:00,18.085,18.085,17.75,17.76,97950,0
2017-11-07,19:00:00,17.72,17.72,17.6375,17.67,100779,0
2017-11-07,20:00:00,17.66,17.7,17.65,17.665,79844,0
2017-11-07,21:00:00,17.66,17.67,17.57,17.655,221070,0
2017-11-07,22:00:00,17.65,17.67,17.54,17.56,1109847,0
2017-11-08,16:00:00,17.5,17.625,17.39,17.45,98375,0
2017-11-08,17:00:00,17.455,17.5,17.37,17.395,115128,0
2017-11-08,18:00:00,17.395,17.44,17.38,17.41,92651,0
2017-11-08,19:00:00,17.415,17.42,17.38,17.405,90409,0
2017-11-08,20:00:00,17.4,17.42,17.38,17.415,67948,0
2017-11-08,21:00:00,17.42,17.47,17.415,17.465,94060,0
2017-11-08,22:00:00,17.465,17.56,17.465,17.51,438097,0
2017-11-09,16:00:00,17.32,17.46,17.2,17.38,64407,0
2017-11-09,17:00:00,17.37,17.52,17.36,17.5,118363,0
2017-11-09,18:00:00,17.5,17.51,17.39,17.42,93894,0
2017-11-09,19:00:00,17.42,17.505,17.39,17.5,98474,0
2017-11-09,20:00:00,17.5,17.635,17.48,17.635,159934,0
2017-11-09,21:00:00,17.64,17.7,17.635,17.695,137380,0
2017-11-09,22:00:00,17.69,17.79,17.665,17.75,828072,0
2017-11-10,16:00:00,17.72,17.955,17.69,17.915,65537,0
2017-11-10,17:00:00,17.94,17.97,17.84,17.95,156871,0
2017-11-10,18:00:00,17.95,18.06,17.92,17.935,116268,0
2017-11-10,19:00:00,17.94,17.95,17.87,17.87,58705,0
2017-11-10,20:00:00,17.875,17.94,17.8343,17.92,62746,0
2017-11-10,21:00:00,17.925,17.94,17.88,17.895,111818,0
2017-11-10,22:00:00,17.89,17.995,17.89,17.91,805926,0
2017-11-13,16:00:00,17.8,17.83,17.72,17.805,42647,0
2017-11-13,17:00:00,17.81,17.85,17.745,17.745,122839,0
2017-11-13,18:00:00,17.745,17.8,17.74,17.785,90848,0
2017-11-13,19:00:00,17.79,17.815,17.745,17.76,100870,0
2017-11-13,20:00:00,17.75,17.76,17.73,17.745,60078,0
2017-11-13,21:00:00,17.745,17.81,17.73,17.81,140723,0
2017-11-13,22:00:00,17.81,17.85,17.805,17.84,643612,0
2017-11-14,16:00:00,17.74,17.78,17.69,17.72,30259,0
2017-11-14,17:00:00,17.725,17.76,17.68,17.74,105779,0
2017-11-14,18:00:00,17.73,17.735,17.68,17.69,88396,0
2017-11-14,19:00:00,17.685,17.7,17.67,17.67,138208,0
2017-11-14,20:00:00,17.67,17.69,17.66,17.67,58491,0
2017-11-14,21:00:00,17.67,17.74,17.67,17.72,70442,0
2017-11-14,22:00:00,17.73,17.74,17.69,17.69,567044,0
2017-11-15,16:00:00,17.6,17.65,17.31,17.39,69957,0
2017-11-15,17:00:00,17.395,17.54,17.38,17.52,87223,0
2017-11-15,18:00:00,17.52,17.54,17.47,17.49,129436,0
2017-11-15,19:00:00,17.48,17.57,17.475,17.525,60431,0
2017-11-15,20:00:00,17.53,17.53,17.48,17.49,68378,0
2017-11-15,21:00:00,17.49,17.52,17.48,17.505,79728,0
2017-11-15,22:00:00,17.505,17.51,17.38,17.39,369267,0
2017-11-16,16:00:00,16.9,17.11,16.8,17.04,316520,0
2017-11-16,17:00:00,17.04,17.255,17.03,17.195,284551,0
2017-11-16,18:00:00,17.2,17.28,17,17,230111,0
2017-11-16,19:00:00,17,17.1,16.98,17.095,176336,0
2017-11-16,20:00:00,17.0901,17.19,17.0901,17.185,155984,0
2017-11-16,21:00:00,17.185,17.19,17.06,17.07,115375,0
2017-11-16,22:00:00,17.06,17.18,17.06,17.13,544686,0
2017-11-17,16:00:00,17,17.04,16.84,16.99,190885,0
2017-11-17,17:00:00,16.995,17.07,16.96,17.04,137797,0
2017-11-17,18:00:00,17.04,17.37,17.04,17.37,200376,0
2017-11-17,19:00:00,17.37,17.42,17.335,17.35,150309,0
2017-11-17,20:00:00,17.345,17.39,17.27,17.305,91276,0
2017-11-17,21:00:00,17.31,17.37,17.26,17.35,120492,0
2017-11-17,22:00:00,17.345,17.365,17.29,17.3,478619,0
2017-11-20,16:00:00,17.36,17.51,17.36,17.4,25617,0
2017-11-20,17:00:00,17.42,17.455,17.32,17.41,62885,0
2017-11-20,18:00:00,17.405,17.42,17.395,17.4,39487,0
2017-11-20,19:00:00,17.41,17.43,17.27,17.28,96715,0
2017-11-20,20:00:00,17.27,17.29,17.23,17.235,72148,0
2017-11-20,21:00:00,17.24,17.245,17.13,17.135,107452,0
2017-11-20,22:00:00,17.135,17.16,17.08,17.16,417441,0
2017-11-21,16:00:00,17.27,17.4,17.17,17.38,47884,0
2017-11-21,17:00:00,17.37,17.43,17.37,17.37,66627,0
2017-11-21,18:00:00,17.37,17.44,17.32,17.39,89669,0
2017-11-21,19:00:00,17.39,17.395,17.3324,17.375,40944,0
2017-11-21,20:00:00,17.38,17.41,17.35,17.355,54527,0
2017-11-21,21:00:00,17.35,17.375,17.32,17.361,59932,0
2017-11-21,22:00:00,17.37,17.42,17.345,17.4,466845,0
2017-11-22,16:00:00,17.44,17.54,17.405,17.53,50214,0
2017-11-22,17:00:00,17.52,17.54,17.41,17.515,59983,0
2017-11-22,18:00:00,17.515,17.515,17.45,17.47,27849,0
2017-11-22,19:00:00,17.47,17.5,17.47,17.5,35385,0
2017-11-22,20:00:00,17.49,17.5,17.47,17.495,51761,0
2017-11-22,21:00:00,17.49,17.51,17.46,17.485,43375,0
2017-11-22,22:00:00,17.49,17.49,17.45,17.47,179858,0
2017-11-24,16:00:00,17.52,17.55,17.45,17.49,21419,0
2017-11-24,17:00:00,17.49,17.58,17.48,17.57,40124,0
2017-11-24,18:00:00,17.58,17.63,17.55,17.565,47900,0
2017-11-24,19:00:00,17.5699,17.6,17.52,17.56,122765,0
2017-11-24,20:00:00,17.565,17.565,17.56,17.56,29665,0
2017-11-27,16:00:00,17.53,17.62,17.503,17.59,116720,0
2017-11-27,17:00:00,17.59,17.63,17.41,17.42,147100,0
2017-11-27,18:00:00,17.43,17.44,17.34,17.38,72634,0
2017-11-27,19:00:00,17.37,17.39,17.32,17.33,126896,0
2017-11-27,20:00:00,17.33,17.42,17.33,17.385,55594,0
2017-11-27,21:00:00,17.39,17.395,17.35,17.355,75561,0
2017-11-27,22:00:00,17.355,17.39,17.29,17.29,256102,0
2017-11-28,16:00:00,17.36,17.44,17.27,17.42,31152,0
2017-11-28,17:00:00,17.44,17.51,17.42,17.485,73525,0
2017-11-28,18:00:00,17.485,17.57,17.485,17.56,53247,0
2017-11-28,19:00:00,17.56,17.64,17.555,17.625,38430,0
2017-11-28,20:00:00,17.625,17.625,17.47,17.485,89028,0
2017-11-28,21:00:00,17.49,17.56,17.44,17.54,96672,0
2017-11-28,22:00:00,17.54,17.68,17.53,17.68,325574,0
2017-11-29,16:00:00,17.62,17.7,17.55,17.56,54904,0
2017-11-29,17:00:00,17.56,17.575,17.14,17.15,186570,0
2017-11-29,18:00:00,17.15,17.21,16.99,17.1628,262103,0
2017-11-29,19:00:00,17.165,17.275,17.15,17.22,131359,0
2017-11-29,20:00:00,17.225,17.515,17.2132,17.47,170793,0
2017-11-29,21:00:00,17.46,17.51,17.35,17.37,118519,0
2017-11-29,22:00:00,17.37,17.42,17.36,17.39,413888,0
2017-11-30,16:00:00,17.51,17.56,17.35,17.47,122862,0
2017-11-30,17:00:00,17.47,17.51,17.3,17.365,239470,0
2017-11-30,18:00:00,17.365,17.405,17.3,17.37,161885,0
2017-11-30,19:00:00,17.37,17.445,17.33,17.38,114726,0
2017-11-30,20:00:00,17.375,17.4,17.245,17.27,103049,0
2017-11-30,21:00:00,17.27,17.34,17.26,17.32,151075,0
2017-11-30,22:00:00,17.31,17.37,17.23,17.34,508303,0
2017-12-01,16:00:00,17.3,17.37,17.23,17.37,40946,0
2017-12-01,17:00:00,17.35,17.46,17.3018,17.35,141900,0
2017-12-01,18:00:00,17.35,17.37,16.96,17.18,171468,0
2017-12-01,19:00:00,17.2,17.345,17.135,17.315,143141,0
2017-12-01,20:00:00,17.31,17.42,17.28,17.37,121736,0
2017-12-01,21:00:00,17.37,17.42,17.36,17.41,162267,0
2017-12-01,22:00:00,17.405,17.51,17.39,17.5,631475,0
2017-12-04,16:00:00,17.69,17.83,17.59,17.65,61662,0
2017-12-04,17:00:00,17.64,17.725,17.595,17.65,104030,0
2017-12-04,18:00:00,17.65,17.8076,17.62,17.79,130324,0
2017-12-04,19:00:00,17.78,17.8,17.715,17.74,85049,0
2017-12-04,20:00:00,17.74,17.77,17.715,17.75,79008,0
2017-12-04,21:00:00,17.75,17.75,17.59,17.605,95845,0
2017-12-04,22:00:00,17.61,17.695,17.59,17.66,416430,0
2017-12-05,16:00:00,17.66,17.71,17.6,17.66,27285,0
2017-12-05,17:00:00,17.66,17.77,17.59,17.63,75238,0
2017-12-05,18:00:00,17.63,17.71,17.63,17.65,83576,0
2017-12-05,19:00:00,17.66,17.67,17.59,17.595,48769,0
2017-12-05,20:00:00,17.6,17.67,17.6,17.63,37503,0
2017-12-05,21:00:00,17.64,17.65,17.58,17.6,126240,0
2017-12-05,22:00:00,17.6,17.61,17.52,17.52,316868,0
2017-12-06,16:00:00,17.45,17.58,17.45,17.5,27282,0
2017-12-06,17:00:00,17.49,17.56,17.42,17.55,91679,0
2017-12-06,18:00:00,17.54,17.54,17.445,17.46,48187,0
2017-12-06,19:00:00,17.45,17.54,17.45,17.51,34993,0
2017-12-06,20:00:00,17.5132,17.54,17.44,17.533,55251,0
2017-12-06,21:00:00,17.5336,17.54,17.43,17.45,89164,0
2017-12-06,22:00:00,17.45,17.51,17.43,17.45,289579,0
2017-12-07,16:00:00,17.51,17.88,17.51,17.84,128295,0
2017-12-07,17:00:00,17.85,18.04,17.8,18.01,197118,0
2017-12-07,18:00:00,18.01,18.03,17.9,17.94,173794,0
2017-12-07,19:00:00,17.93,17.995,17.91,17.915,83608,0
2017-12-07,20:00:00,17.91,17.93,17.81,17.92,111653,0
2017-12-07,21:00:00,17.92,18.055,17.9,18.04,195700,0
2017-12-07,22:00:00,18.045,18.14,18.0234,18.1,807058,0
2017-12-08,16:00:00,18.32,18.34,18.05,18.07,131177,0
2017-12-08,17:00:00,18.08,18.22,18.01,18.22,110394,0
2017-12-08,18:00:00,18.23,18.26,18.2,18.23,81408,0
2017-12-08,19:00:00,18.2399,18.3,18.19,18.24,118427,0
2017-12-08,20:00:00,18.25,18.25,18.14,18.175,71209,0
2017-12-08,21:00:00,18.1799,18.18,18.11,18.16,140073,0
2017-12-08,22:00:00,18.16,18.19,18.03,18.05,451632,0
2017-12-11,16:00:00,18.12,18.22,17.91,18.19,156063,0
2017-12-11,17:00:00,18.19,18.33,18.17,18.31,165987,0
2017-12-11,18:00:00,18.3053,18.31,18.21,18.22,129947,0
2017-12-11,19:00:00,18.23,18.25,18.2,18.23,130782,0
2017-12-11,20:00:00,18.23,18.23,18.08,18.11,113190,0
2017-12-11,21:00:00,18.11,18.17,18.09,18.15,248217,0
2017-12-11,22:00:00,18.15,18.26,18.11,18.19,1030161,0
2017-12-12,16:00:00,18.37,18.4276,18.25,18.38,152207,0
2017-12-12,17:00:00,18.41,18.6699,18.35,18.6449,308716,0
2017-12-12,18:00:00,18.63,18.78,18.49,18.75,257945,0
2017-12-12,19:00:00,18.75,18.85,18.62,18.69,448936,0
2017-12-12,20:00:00,18.68,18.72,18.53,18.6,305103,0
2017-12-12,21:00:00,18.595,18.595,18.415,18.4462,475576,0
2017-12-12,22:00:00,18.445,18.54,18.25,18.47,1494801,0
2017-12-13,16:00:00,17.21,18.18,16.95,18.1796,2015346,0
2017-12-13,17:00:00,18.1618,18.2659,17.53,17.8,1712871,0
2017-12-13,18:00:00,17.79,17.955,17.69,17.8,982751,0
2017-12-13,19:00:00,17.81,17.84,17.4,17.585,777241,0
2017-12-13,20:00:00,17.58,17.77,17.58,17.7,590471,0
2017-12-13,21:00:00,17.705,17.8695,17.6234,17.68,785105,0
2017-12-13,22:00:00,17.68,17.79,17.64,17.76,1833904,0
2017-12-14,16:00:00,17.82,18.25,17.82,17.91,295099,0
2017-12-14,17:00:00,17.9,18.145,17.82,18.14,273464,0
2017-12-14,18:00:00,18.13,18.235,18.11,18.165,334394,0
2017-12-14,19:00:00,18.165,18.22,18.09,18.15,211640,0
2017-12-14,20:00:00,18.14,18.15,18.01,18.01,239457,0
2017-12-14,21:00:00,18.01,18.07,17.9385,18.03,321930,0
2017-12-14,22:00:00,18.025,18.12,17.995,18.02,540628,0
2017-12-15,16:00:00,18.13,18.32,18.02,18.32,414982,0
2017-12-15,17:00:00,18.32,18.41,18.21,18.22,208350,0
2017-12-15,18:00:00,18.215,18.34,18.21,18.29,207340,0
2017-12-15,19:00:00,18.29,18.31,18.19,18.22,113413,0
2017-12-15,20:00:00,18.22,18.31,18.195,18.31,248949,0
2017-12-15,21:00:00,18.3038,18.315,18.2,18.235,250825,0
2017-12-15,22:00:00,18.24,18.32,18.23,18.27,1235280,0
2017-12-18,16:00:00,18.38,18.7,18.38,18.645,189844,0
2017-12-18,17:00:00,18.64,18.64,18.45,18.52,194497,0
2017-12-18,18:00:00,18.515,18.58,18.48,18.5,209976,0
2017-12-18,19:00:00,18.5,18.66,18.5,18.57,211442,0
2017-12-18,20:00:00,18.57,18.71,18.57,18.69,172840,0
2017-12-18,21:00:00,18.69,18.69,18.53,18.56,276724,0
2017-12-18,22:00:00,18.565,18.69,18.56,18.63,751228,0
2017-12-19,16:00:00,18.66,18.84,18.611,18.65,145192,0
2017-12-19,17:00:00,18.65,18.66,18.39,18.44,213319,0
2017-12-19,18:00:00,18.44,18.535,18.36,18.465,192178,0
2017-12-19,19:00:00,18.46,18.47,18.33,18.37,198638,0
2017-12-19,20:00:00,18.37,18.37,18.22,18.22,100181,0
2017-12-19,21:00:00,18.22,18.23,18.13,18.13,141187,0
2017-12-19,22:00:00,18.13,18.135,17.88,17.9,901961,0
2017-12-20,16:00:00,17.95,18.23,17.91,18.0227,122454,0
2017-12-20,17:00:00,18.03,18.05,17.91,18,152187,0
2017-12-20,18:00:00,18,18.03,17.93,17.93,97738,0
2017-12-20,19:00:00,17.9311,17.95,17.835,17.88,140424,0
2017-12-20,20:00:00,17.88,17.92,17.85,17.91,94484,0
2017-12-20,21:00:00,17.909,17.91,17.775,17.8,127862,0
2017-12-20,22:00:00,17.8,17.84,17.76,17.76,448427,0
2017-12-21,16:00:00,17.82,17.9,17.78,17.85,106667,0
2017-12-21,17:00:00,17.86,18,17.85,17.955,179283,0
2017-12-21,18:00:00,17.96,18.14,17.96,18.095,122373,0
2017-12-21,19:00:00,18.09,18.1,17.97,18,145260,0
2017-12-21,20:00:00,17.99,18.02,17.945,17.95,101989,0
2017-12-21,21:00:00,17.95,17.955,17.845,17.85,159085,0
2017-12-21,22:00:00,17.85,17.91,17.84,17.85,402135,0
2017-12-22,16:00:00,17.85,17.87,17.695,17.78,74242,0
2017-12-22,17:00:00,17.77,17.8,17.71,17.715,77765,0
2017-12-22,18:00:00,17.71,17.75,17.67,17.72,111945,0
2017-12-22,19:00:00,17.73,17.77,17.69,17.72,109320,0
2017-12-22,20:00:00,17.72,17.74,17.71,17.735,44026,0
2017-12-22,21:00:00,17.735,17.735,17.67,17.68,82684,0
2017-12-22,22:00:00,17.69,17.69,17.63,17.65,399949,0
2017-12-26,16:00:00,17.55,17.62,17.47,17.53,82177,0
2017-12-26,17:00:00,17.53,17.63,17.53,17.57,140389,0
2017-12-26,18:00:00,17.57,17.58,17.5,17.5052,87711,0
2017-12-26,19:00:00,17.505,17.625,17.5,17.59,104223,0
2017-12-26,20:00:00,17.59,17.6,17.58,17.58,48776,0
2017-12-26,21:00:00,17.58,17.59,17.55,17.575,49571,0
2017-12-26,22:00:00,17.575,17.58,17.54,17.56,252958,0
2017-12-27,16:00:00,17.55,17.84,17.46,17.73,98704,0
2017-12-27,17:00:00,17.73,17.75,17.57,17.62,64477,0
2017-12-27,18:00:00,17.625,17.64,17.59,17.62,42595,0
2017-12-27,19:00:00,17.62,17.62,17.57,17.58,51939,0
2017-12-27,20:00:00,17.58,17.59,17.51,17.57,74109,0
2017-12-27,21:00:00,17.57,17.62,17.56,17.56,78824,0
2017-12-27,22:00:00,17.565,17.62,17.56,17.58,286876,0
2017-12-28,16:00:00,17.63,17.66,17.54,17.56,43823,0
2017-12-28,17:00:00,17.56,17.57,17.45,17.54,58637,0
2017-12-28,18:00:00,17.54,17.6,17.53,17.595,46835,0
2017-12-28,19:00:00,17.5901,17.63,17.59,17.62,42752,0
2017-12-28,20:00:00,17.61,17.66,17.5637,17.635,67640,0
2017-12-28,21:00:00,17.64,17.65,17.6,17.62,47852,0
2017-12-28,22:00:00,17.62,17.67,17.61,17.67,226871,0
2017-12-29,16:00:00,17.68,17.7,17.48,17.6153,99787,0
2017-12-29,17:00:00,17.6169,17.73,17.56,17.66,110941,0
2017-12-29,18:00:00,17.67,17.78,17.67,17.77,90706,0
2017-12-29,19:00:00,17.7737,17.83,17.74,17.745,91694,0
2017-12-29,20:00:00,17.74,17.78,17.73,17.7532,79147,0
2017-12-29,21:00:00,17.75,17.8,17.75,17.78,93945,0
2017-12-29,22:00:00,17.77,17.83,17.69,17.71,527276,0
2018-01-02,16:00:00,17.77,17.98,17.72,17.97,73817,0
2018-01-02,17:00:00,17.97,18.03,17.81,17.87,112617,0
2018-01-02,18:00:00,17.87,17.8925,17.74,17.82,118810,0
2018-01-02,19:00:00,17.82,17.88,17.8,17.825,74846,0
2018-01-02,20:00:00,17.82,17.83,17.725,17.74,112420,0
2018-01-02,21:00:00,17.74,17.77,17.73,17.755,86960,0
2018-01-02,22:00:00,17.755,17.755,17.64,17.68,460630,0
2018-01-03,16:00:00,17.67,17.835,17.64,17.82,95458,0
2018-01-03,17:00:00,17.83,17.83,17.67,17.7,101109,0
2018-01-03,18:00:00,17.7,17.71,17.605,17.63,81379,0
2018-01-03,19:00:00,17.62,17.64,17.58,17.6,59641,0
2018-01-03,20:00:00,17.595,17.61,17.57,17.5725,53409,0
2018-01-03,21:00:00,17.575,17.6,17.56,17.59,106158,0
2018-01-03,22:00:00,17.58,17.59,17.48,17.49,379421,0
2018-01-04,16:00:00,17.23,17.73,17.23,17.56,232975,0
2018-01-04,17:00:00,17.5618,17.65,17.518,17.615,230696,0
2018-01-04,18:00:00,17.615,17.625,17.53,17.58,123302,0
2018-01-04,19:00:00,17.58,17.615,17.56,17.61,63270,0
2018-01-04,20:00:00,17.61,17.63,17.58,17.625,116557,0
2018-01-04,21:00:00,17.63,17.63,17.53,17.605,176821,0
2018-01-04,22:00:00,17.6,17.7,17.57,17.62,736045,0
2018-01-05,16:00:00,17.74,17.92,17.73,17.84,197299,0
2018-01-05,17:00:00,17.84,18.04,17.82,18.01,248937,0
2018-01-05,18:00:00,18.01,18.136,18.01,18.07,80413,0
2018-01-05,19:00:00,18.07,18.075,17.88,17.94,159329,0
2018-01-05,20:00:00,17.94,17.97,17.87,17.95,101238,0
2018-01-05,21:00:00,17.94,17.975,17.905,17.925,168362,0
2018-01-05,22:00:00,17.93,17.97,17.9,17.93,409169,0
2018-01-08,16:00:00,17.92,18.11,17.895,17.975,130854,0
2018-01-08,17:00:00,17.975,18.165,17.945,18.16,126356,0
2018-01-08,18:00:00,18.155,18.27,18.15,18.23,138113,0
2018-01-08,19:00:00,18.2275,18.31,18.2275,18.28,112610,0
2018-01-08,20:00:00,18.275,18.355,18.275,18.335,64277,0
2018-01-08,21:00:00,18.335,18.42,18.331,18.37,98362,0
2018-01-08,22:00:00,18.375,18.385,18.32,18.34,369222,0
2018-01-09,16:00:00,18.38,18.51,18.16,18.16,116427,0
2018-01-09,17:00:00,18.1601,18.18,17.985,17.985,193704,0
2018-01-09,18:00:00,17.985,18.145,17.98,18.06,117276,0
2018-01-09,19:00:00,18.06,18.09,18.035,18.08,45231,0
2018-01-09,20:00:00,18.07,18.18,18.06,18.16,106767,0
2018-01-09,21:00:00,18.16,18.22,18.11,18.22,147999,0
2018-01-09,22:00:00,18.215,18.23,18.08,18.08,673248,0
2018-01-10,16:00:00,18.02,18.03,17.88,17.93,49884,0
2018-01-10,17:00:00,17.92,18.025,17.87,17.98,51249,0
2018-01-10,18:00:00,17.98,18.0837,17.98,18.0575,49268,0
2018-01-10,19:00:00,18.06,18.1747,18.06,18.14,42277,0
2018-01-10,20:00:00,18.15,18.22,18.14,18.215,34054,0
2018-01-10,21:00:00,18.215,18.24,18.155,18.17,64399,0
2018-01-10,22:00:00,18.175,18.24,18.16,18.21,264012,0
2018-01-11,16:00:00,18.22,18.43,18.22,18.37,67837,0
2018-01-11,17:00:00,18.38,18.515,18.36,18.515,147979,0
2018-01-11,18:00:00,18.515,18.53,18.43,18.43,100090,0
2018-01-11,19:00:00,18.43,18.48,18.39,18.475,95569,0
2018-01-11,20:00:00,18.48,18.485,18.43,18.465,66050,0
2018-01-11,21:00:00,18.46,18.55,18.46,18.55,141743,0
2018-01-11,22:00:00,18.545,18.57,18.51,18.54,355418,0
2018-01-12,16:00:00,18.55,18.7,18.26,18.29,106028,0
2018-01-12,17:00:00,18.3,18.36,18.25,18.3,99793,0
2018-01-12,18:00:00,18.3,18.4,18.26,18.39,144141,0
2018-01-12,19:00:00,18.386,18.45,18.38,18.4,41288,0
2018-01-12,20:00:00,18.4,18.41,18.32,18.32,52813,0
2018-01-12,21:00:00,18.32,18.36,18.29,18.355,63562,0
2018-01-12,22:00:00,18.36,18.42,18.34,18.35,291180,0
2018-01-16,16:00:00,18.4,18.51,18.38,18.39,53052,0
2018-01-16,17:00:00,18.38,18.52,18.38,18.405,82297,0
2018-01-16,18:00:00,18.405,18.405,18.26,18.27,89993,0
2018-01-16,19:00:00,18.2601,18.33,18.16,18.16,90393,0
2018-01-16,20:00:00,18.16,18.22,18.15,18.15,57108,0
2018-01-16,21:00:00,18.15,18.28,18.09,18.175,179759,0
2018-01-16,22:00:00,18.18,18.22,18.09,18.1,433358,0
2018-01-17,16:00:00,18.17,18.17,17.89,17.89,95115,0
2018-01-17,17:00:00,17.9,18.1,17.89,18.005,283915,0
2018-01-17,18:00:00,18.01,18.11,17.99,18.075,129227,0
2018-01-17,19:00:00,18.07,18.11,18.04,18.06,75678,0
2018-01-17,20:00:00,18.06,18.07,17.91,17.92,89611,0
2018-01-17,21:00:00,17.91,18.02,17.91,18.005,110871,0
2018-01-17,22:00:00,18.01,18.01,17.91,17.95,455359,0
2018-01-18,16:00:00,17.96,18.19,17.96,18.1436,72344,0
2018-01-18,17:00:00,18.14,18.14,17.96,17.96,83146,0
2018-01-18,18:00:00,17.95,18.01,17.925,17.99,78065,0
2018-01-18,19:00:00,17.98,18,17.96,17.9953,49309,0
2018-01-18,20:00:00,18,18,17.94,17.96,56169,0
2018-01-18,21:00:00,17.96,18.03,17.955,17.97,69587,0
2018-01-18,22:00:00,17.97,17.99,17.86,17.89,251628,0
2018-01-19,16:00:00,17.89,18.03,17.89,17.96,64539,0
2018-01-19,17:00:00,17.96,18.1999,17.95,18.195,70241,0
2018-01-19,18:00:00,18.19,18.27,18.15,18.2499,110090,0
2018-01-19,19:00:00,18.25,18.3,18.24,18.2899,47828,0
2018-01-19,20:00:00,18.28,18.3025,18.24,18.26,80654,0
2018-01-19,21:00:00,18.26,18.37,18.25,18.27,236668,0
2018-01-19,22:00:00,18.27,18.34,18.245,18.3,526145,0
2018-01-22,16:00:00,18.26,18.37,18.19,18.23,54043,0
2018-01-22,17:00:00,18.2336,18.24,17.97,17.97,127535,0
2018-01-22,18:00:00,17.97,18.08,17.94,18.0725,70322,0
2018-01-22,19:00:00,18.07,18.21,18.065,18.2,85109,0
2018-01-22,20:00:00,18.21,18.24,18.165,18.24,67652,0
2018-01-22,21:00:00,18.235,18.34,18.23,18.31,85472,0
2018-01-22,22:00:00,18.315,18.4,18.315,18.4,287548,0
2018-01-23,16:00:00,18.43,18.49,18.25,18.28,58713,0
2018-01-23,17:00:00,18.27,18.32,18.1,18.1641,82812,0
2018-01-23,18:00:00,18.17,18.19,18.14,18.185,64386,0
2018-01-23,19:00:00,18.18,18.24,18.18,18.2242,60670,0
2018-01-23,20:00:00,18.23,18.25,18.205,18.24,60294,0
2018-01-23,21:00:00,18.245,18.26,18.22,18.235,80635,0
2018-01-23,22:00:00,18.235,18.255,18.21,18.22,228122,0
2018-01-24,16:00:00,18.3,18.3,18.15,18.16,35341,0
2018-01-24,17:00:00,18.165,18.19,17.93,17.97,229479,0
2018-01-24,18:00:00,17.975,18.03,17.76,17.81,231413,0
2018-01-24,19:00:00,17.81,17.83,17.76,17.82,114514,0
2018-01-24,20:00:00,17.825,17.855,17.77,17.815,76607,0
2018-01-24,21:00:00,17.815,17.92,17.8,17.9,104017,0
2018-01-24,22:00:00,17.9,17.9,17.71,17.71,682093,0
2018-01-25,16:00:00,17.9,17.9,17.55,17.56,71692,0
2018-01-25,17:00:00,17.56,17.6438,17.505,17.61,138320,0
2018-01-25,18:00:00,17.605,17.69,17.6,17.68,121519,0
2018-01-25,19:00:00,17.675,17.71,17.64,17.675,69844,0
2018-01-25,20:00:00,17.67,17.74,17.645,17.735,57808,0
2018-01-25,21:00:00,17.74,17.74,17.65,17.665,69284,0
2018-01-25,22:00:00,17.66,17.71,17.62,17.7,347803,0
2018-01-26,16:00:00,17.75,17.97,17.67,17.92,67591,0
2018-01-26,17:00:00,17.92,17.97,17.86,17.91,74307,0
2018-01-26,18:00:00,17.915,17.92,17.81,17.875,65421,0
2018-01-26,19:00:00,17.87,18.02,17.86,18.0059,73022,0
2018-01-26,20:00:00,18.01,18.05,17.95,18.035,66787,0
2018-01-26,21:00:00,18.035,18.08,18.02,18.06,76483,0
2018-01-26,22:00:00,18.05,18.1,18.03,18.05,223859,0
2018-01-29,16:00:00,18.01,18.11,17.9,18.04,65127,0
2018-01-29,17:00:00,18.03,18.05,17.84,17.84,71874,0
2018-01-29,18:00:00,17.835,17.93,17.81,17.9,59297,0
2018-01-29,19:00:00,17.9,17.955,17.88,17.95,32115,0
2018-01-29,20:00:00,17.96,18.0062,17.95,17.97,41514,0
2018-01-29,21:00:00,17.97,18.1,17.97,18.1,99171,0
2018-01-29,22:00:00,18.1,18.1,17.98,17.99,213538,0
2018-01-30,16:00:00,17.78,17.95,17.78,17.8538,59320,0
2018-01-30,17:00:00,17.84,17.86,17.76,17.825,61239,0
2018-01-30,18:00:00,17.82,17.8466,17.77,17.78,174261,0
2018-01-30,19:00:00,17.78,17.82,17.77,17.81,52519,0
2018-01-30,20:00:00,17.8001,17.89,17.74,17.89,164834,0
2018-01-30,21:00:00,17.88,17.89,17.72,17.72,67921,0
2018-01-30,22:00:00,17.72,17.8,17.69,17.75,318308,0
2018-01-31,16:00:00,17.88,17.95,17.85,17.88,33243,0
2018-01-31,17:00:00,17.89,17.91,17.77,17.78,59713,0
2018-01-31,18:00:00,17.79,17.83,17.72,17.72,92112,0
2018-01-31,19:00:00,17.71,17.72,17.635,17.67,66945,0
2018-01-31,20:00:00,17.66,17.71,17.66,17.69,31924,0
2018-01-31,21:00:00,17.68,17.73,17.555,17.635,181118,0
2018-01-31,22:00:00,17.63,17.71,17.6,17.68,321071,0
2018-02-01,16:00:00,17.65,17.76,17.61,17.66,42763,0
2018-02-01,17:00:00,17.63,17.79,17.62,17.63,55785,0
2018-02-01,18:00:00,17.64,17.83,17.55,17.74,107993,0
2018-02-01,19:00:00,17.735,17.74,17.68,17.69,34464,0
2018-02-01,20:00:00,17.695,17.86,17.69,17.85,202863,0
2018-02-01,21:00:00,17.84,17.915,17.8,17.9,48538,0
2018-02-01,22:00:00,17.89,17.89,17.69,17.78,339992,0
2018-02-02,16:00:00,17.63,17.63,17.48,17.5,79106,0
2018-02-02,17:00:00,17.4853,17.59,17.42,17.5,102389,0
2018-02-02,18:00:00,17.51,17.57,17.44,17.46,76488,0
2018-02-02,19:00:00,17.46,17.54,17.45,17.48,58804,0
2018-02-02,20:00:00,17.47,17.5,17.43,17.45,39770,0
2018-02-02,21:00:00,17.44,17.4451,17.25,17.26,206677,0
2018-02-02,22:00:00,17.255,17.34,17.195,17.27,313614,0
2018-02-05,16:00:00,17.11,17.37,17.04,17.2999,47674,0
2018-02-05,17:00:00,17.27,17.338,17.23,17.26,53025,0
2018-02-05,18:00:00,17.27,17.29,17.22,17.22,83245,0
2018-02-05,19:00:00,17.22,17.22,17.06,17.065,109749,0
2018-02-05,20:00:00,17.06,17.06,16.9,17.03,95936,0
2018-02-05,21:00:00,17.03,17.06,16.94,16.96,181750,0
2018-02-05,22:00:00,16.95,16.97,16.52,16.52,627344,0
2018-02-06,16:00:00,16.3,16.61,16,16.5682,153968,0
2018-02-06,17:00:00,16.55,16.71,16.46,16.58,187129,0
2018-02-06,18:00:00,16.59,16.65,16.48,16.605,115138,0
2018-02-06,19:00:00,16.61,16.94,16.61,16.85,195071,0
2018-02-06,20:00:00,16.84,16.925,16.79,16.9125,197349,0
2018-02-06,21:00:00,16.91,17.28,16.895,17.27,279288,0
2018-02-06,22:00:00,17.27,17.38,17.22,17.29,698526,0
2018-02-07,16:00:00,17.19,17.39,17.1,17.27,79087,0
2018-02-07,17:00:00,17.25,17.3,17.13,17.265,123253,0
2018-02-07,18:00:00,17.26,17.31,17.155,17.18,62702,0
2018-02-07,19:00:00,17.175,17.2,17.12,17.14,76634,0
2018-02-07,20:00:00,17.15,17.28,17.09,17.23,123519,0
2018-02-07,21:00:00,17.22,17.26,17.15,17.21,110341,0
2018-02-07,22:00:00,17.21,17.4,17.2,17.36,647163,0
2018-02-08,16:00:00,17.42,17.52,17.33,17.46,129816,0
2018-02-08,17:00:00,17.46,17.47,17.35,17.395,151261,0
2018-02-08,18:00:00,17.41,17.58,17.39,17.52,258840,0
2018-02-08,19:00:00,17.52,17.53,17.19,17.25,248316,0
2018-02-08,20:00:00,17.24,17.455,17.22,17.45,187033,0
2018-02-08,21:00:00,17.455,17.475,17.33,17.365,139112,0
2018-02-08,22:00:00,17.37,17.525,17.305,17.4,716572,0
2018-02-09,16:00:00,17.56,17.56,17.11,17.16,71695,0
2018-02-09,17:00:00,17.19,17.195,17,17.06,257427,0
2018-02-09,18:00:00,17.07,17.15,16.78,16.78,356491,0
2018-02-09,19:00:00,16.7824,16.84,16.62,16.73,200529,0
2018-02-09,20:00:00,16.73,16.8,16.6,16.76,148916,0
2018-02-09,21:00:00,16.76,17.075,16.76,17.01,295005,0
2018-02-09,22:00:00,17.005,17.175,16.95,17.08,596603,0
2018-02-12,16:00:00,17.12,17.2299,17.035,17.04,92230,0
2018-02-12,17:00:00,17.04,17.08,16.86,17.05,89621,0
2018-02-12,18:00:00,17.07,17.13,16.98,17.12,97381,0
2018-02-12,19:00:00,17.12,17.28,17.12,17.195,57070,0
2018-02-12,20:00:00,17.2,17.34,17.18,17.3163,83790,0
2018-02-12,21:00:00,17.32,17.4,17.28,17.365,75291,0
2018-02-12,22:00:00,17.365,17.44,17.29,17.33,392873,0
2018-02-13,16:00:00,17.22,17.36,17.155,17.155,32342,0
2018-02-13,17:00:00,17.17,17.26,17.13,17.215,46400,0
2018-02-13,18:00:00,17.22,17.22,17.12,17.14,65048,0
2018-02-13,19:00:00,17.14,17.16,17.07,17.12,31964,0
2018-02-13,20:00:00,17.125,17.22,17.11,17.22,48378,0
2018-02-13,21:00:00,17.225,17.335,17.22,17.335,50060,0
2018-02-13,22:00:00,17.33,17.335,17.22,17.27,494040,0
2018-02-14,16:00:00,17.19,17.34,17.06,17.14,92176,0
2018-02-14,17:00:00,17.15,17.37,17.115,17.21,191674,0
2018-02-14,18:00:00,17.22,17.24,17.14,17.16,65175,0
2018-02-14,19:00:00,17.155,17.2,17.04,17.13,84678,0
2018-02-14,20:00:00,17.12,17.22,17.09,17.17,85953,0
2018-02-14,21:00:00,17.18,17.41,17.17,17.37,131380,0
2018-02-14,22:00:00,17.38,17.42,17.31,17.34,225010,0
2018-02-15,16:00:00,17.49,17.545,17.3798,17.525,55549,0
2018-02-15,17:00:00,17.525,17.57,17.32,17.32,105361,0
2018-02-15,18:00:00,17.32,17.425,17.32,17.4,76815,0
2018-02-15,19:00:00,17.395,17.425,17.36,17.42,44994,0
2018-02-15,20:00:00,17.43,17.44,17.345,17.385,58632,0
2018-02-15,21:00:00,17.38,17.44,17.38,17.42,74572,0
2018-02-15,22:00:00,17.42,17.45,17.34,17.42,296471,0
2018-02-16,16:00:00,17.34,17.48,17.31,17.4,115817,0
2018-02-16,17:00:00,17.4,17.48,17.33,17.44,103173,0
2018-02-16,18:00:00,17.45,17.53,17.44,17.52,86922,0
2018-02-16,19:00:00,17.53,17.6,17.44,17.49,78432,0
2018-02-16,20:00:00,17.49,17.49,17.35,17.43,63346,0
2018-02-16,21:00:00,17.43,17.44,17.35,17.405,60791,0
2018-02-16,22:00:00,17.41,17.415,17.345,17.37,218403,0
2018-02-20,16:00:00,17.3,17.4,17.2,17.35,54644,0
2018-02-20,17:00:00,17.35,17.35,17.28,17.29,66289,0
2018-02-20,18:00:00,17.29,17.33,17.275,17.29,97780,0
2018-02-20,19:00:00,17.285,17.42,17.24,17.42,155097,0
2018-02-20,20:00:00,17.42,17.42,17.335,17.36,126056,0
2018-02-20,21:00:00,17.355,17.36,17.2641,17.27,68144,0
2018-02-20,22:00:00,17.28,17.3,17.115,17.17,454456,0
2018-02-21,16:00:00,17.22,17.31,17.105,17.14,101072,0
2018-02-21,17:00:00,17.145,17.18,17.02,17.13,126380,0
2018-02-21,18:00:00,17.14,17.17,17.03,17.065,207113,0
2018-02-21,19:00:00,17.065,17.12,17.05,17.08,98215,0
2018-02-21,20:00:00,17.09,17.17,17.06,17.13,154231,0
2018-02-21,21:00:00,17.125,17.16,16.98,16.98,274156,0
2018-02-21,22:00:00,16.98,17.01,16.84,16.85,482626,0
2018-02-22,16:00:00,16.9,17.06,16.75,17.06,264285,0
2018-02-22,17:00:00,17.06,17.06,16.78,16.85,267180,0
2018-02-22,18:00:00,16.84,17.07,16.83,17.054,238695,0
2018-02-22,19:00:00,17.06,17.07,16.94,16.94,99457,0
2018-02-22,20:00:00,16.94,16.97,16.865,16.88,65701,0
2018-02-22,21:00:00,16.88,16.915,16.755,16.77,89887,0
2018-02-22,22:00:00,16.775,16.81,16.7,16.72,422283,0
2018-02-23,16:00:00,16.8,16.94,16.8,16.91,29333,0
2018-02-23,17:00:00,16.91,16.93,16.725,16.76,83209,0
2018-02-23,18:00:00,16.77,16.87,16.76,16.87,36379,0
2018-02-23,19:00:00,16.875,16.91,16.8,16.8,58383,0
2018-02-23,20:00:00,16.79,16.81,16.76,16.77,44581,0
2018-02-23,21:00:00,16.77,16.78,16.685,16.7,96080,0
2018-02-23,22:00:00,16.7,16.71,16.65,16.67,494267,0
2018-02-26,16:00:00,16.73,16.86,16.69,16.79,75553,0
2018-02-26,17:00:00,16.785,16.955,16.785,16.925,306497,0
2018-02-26,18:00:00,16.925,17.01,16.9,16.985,154644,0
2018-02-26,19:00:00,16.985,17.06,16.925,16.93,141241,0
2018-02-26,20:00:00,16.94,16.96,16.91,16.96,142762,0
2018-02-26,21:00:00,16.965,17.05,16.96,16.97,117351,0
2018-02-26,22:00:00,16.975,17.04,16.94,16.96,560305,0
2018-02-27,16:00:00,16.99,17.1298,16.95,17.065,52668,0
2018-02-27,17:00:00,17.06,17.12,16.94,16.96,107882,0
2018-02-27,18:00:00,16.96,17.02,16.94,16.95,81365,0
2018-02-27,19:00:00,16.95,16.98,16.9,16.97,55594,0
2018-02-27,20:00:00,16.97,16.975,16.86,16.87,58009,0
2018-02-27,21:00:00,16.88,16.935,16.84,16.86,96977,0
2018-02-27,22:00:00,16.86,16.885,16.81,16.83,530121,0
2018-02-28,16:00:00,16.82,16.9155,16.709,16.845,45725,0
2018-02-28,17:00:00,16.85,16.91,16.8,16.825,143635,0
2018-02-28,18:00:00,16.825,16.84,16.75,16.835,60635,0
2018-02-28,19:00:00,16.835,16.94,16.835,16.93,64119,0
2018-02-28,20:00:00,16.93,16.93,16.84,16.889,51368,0
2018-02-28,21:00:00,16.8875,16.93,16.725,16.75,122243,0
2018-02-28,22:00:00,16.76,16.76,16.59,16.6,610504,0
2018-03-01,16:00:00,16.6,16.74,16.57,16.66,51324,0
2018-03-01,17:00:00,16.67,16.88,16.66,16.79,73442,0
2018-03-01,18:00:00,16.79,17.02,16.7803,17,61829,0
2018-03-01,19:00:00,17,17,16.85,16.86,82718,0
2018-03-01,20:00:00,16.85,16.85,16.63,16.64,68491,0
2018-03-01,21:00:00,16.64,16.68,16.54,16.68,105782,0
2018-03-01,22:00:00,16.68,16.805,16.65,16.71,210288,0
2018-03-02,16:00:00,16.56,16.78,16.56,16.75,43750,0
2018-03-02,17:00:00,16.74,16.855,16.71,16.835,145577,0
2018-03-02,18:00:00,16.84,17.02,16.83,17.02,144127,0
2018-03-02,19:00:00,17.015,17.08,16.96,17.08,107753,0
2018-03-02,20:00:00,17.07,17.0969,17.015,17.075,75697,0
2018-03-02,21:00:00,17.075,17.36,17.06,17.33,292446,0
2018-03-02,22:00:00,17.33,17.53,17.28,17.52,864838,0
2018-03-05,16:00:00,17.44,17.67,17.41,17.67,246365,0
2018-03-05,17:00:00,17.68,17.91,17.615,17.8727,363817,0
2018-03-05,18:00:00,17.87,18.01,17.825,18.005,215145,0
2018-03-05,19:00:00,18.005,18.05,17.95,18.03,211450,0
2018-03-05,20:00:00,18.035,18.06,18,18.0111,156149,0
2018-03-05,21:00:00,18.02,18.02,17.84,17.905,268199,0
2018-03-05,22:00:00,17.9,17.93,17.82,17.91,748290,0
2018-03-06,16:00:00,17.96,18.36,17.96,18.22,294412,0
2018-03-06,17:00:00,18.18,18.21,17.98,17.99,210896,0
2018-03-06,18:00:00,17.985,18.235,17.94,18.215,198297,0
2018-03-06,19:00:00,18.215,18.29,18.18,18.26,106104,0
2018-03-06,20:00:00,18.255,18.38,18.25,18.305,115830,0
2018-03-06,21:00:00,18.31,18.31,18.15,18.195,127907,0
2018-03-06,22:00:00,18.19,18.22,18.03,18.1,443670,0
2018-03-07,16:00:00,18.01,18.1,17.9,17.96,56631,0
2018-03-07,17:00:00,17.95,18.01,17.88,17.98,88246,0
2018-03-07,18:00:00,17.98,17.99,17.83,17.83,71826,0
2018-03-07,19:00:00,17.83,18,17.83,17.99,78327,0
2018-03-07,20:00:00,17.99,18.03,17.94,17.955,236664,0
2018-03-07,21:00:00,17.955,17.99,17.91,17.95,109630,0
2018-03-07,22:00:00,17.95,18.01,17.93,17.97,438648,0
2018-03-08,16:00:00,17.99,18.1,17.91,18.005,70118,0
2018-03-08,17:00:00,18.01,18.07,17.96,18,167806,0
2018-03-08,18:00:00,18,18.03,17.96,18.015,91022,0
2018-03-08,19:00:00,18.01,18.015,17.91,17.94,109486,0
2018-03-08,20:00:00,17.95,17.99,17.865,17.885,141833,0
2018-03-08,21:00:00,17.88,18.01,17.86,18.01,205572,0
2018-03-08,22:00:00,18.005,18.08,17.95,18.05,849272,0
2018-03-09,16:00:00,18.1,18.1,17.39,17.425,546009,0
2018-03-09,17:00:00,17.42,17.73,17.38,17.57,567761,0
2018-03-09,18:00:00,17.58,17.83,17.5102,17.83,213778,0
2018-03-09,19:00:00,17.82,17.96,17.75,17.865,314403,0
2018-03-09,20:00:00,17.87,18.045,17.76,18.04,412866,0
2018-03-09,21:00:00,18.045,18.3,17.97,18.3,486482,0
2018-03-09,22:00:00,18.31,18.5,18.21,18.47,964355,0
2018-03-12,15:00:00,18.52,18.64,18.41,18.43,174507,0
2018-03-12,16:00:00,18.43,18.44,18.18,18.2,195546,0
2018-03-12,17:00:00,18.205,18.26,18.11,18.17,154619,0
2018-03-12,18:00:00,18.18,18.18,18.02,18.03,121079,0
2018-03-12,19:00:00,18.03,18.09,17.975,18.055,138976,0
2018-03-12,20:00:00,18.06,18.13,18,18.115,130277,0
2018-03-12,21:00:00,18.11,18.17,18.08,18.15,461102,0
2018-03-13,15:00:00,18.19,18.2038,17.96,18.01,132988,0
2018-03-13,16:00:00,18.0001,18.12,17.76,17.765,207076,0
2018-03-13,17:00:00,17.77,17.83,17.71,17.725,223862,0
2018-03-13,18:00:00,17.73,17.8,17.685,17.77,149177,0
2018-03-13,19:00:00,17.78,17.98,17.78,17.96,201678,0
2018-03-13,20:00:00,17.96,17.97,17.895,17.93,90517,0
2018-03-13,21:00:00,17.94,18.02,17.94,17.97,436371,0
2018-03-14,15:00:00,18.05,18.06,17.85,17.99,79083,0
2018-03-14,16:00:00,18,18.11,17.95,17.95,72755,0
2018-03-14,17:00:00,17.96,17.99,17.895,17.9,75255,0
2018-03-14,18:00:00,17.91,17.97,17.87,17.96,146604,0
2018-03-14,19:00:00,17.95,18.05,17.91,18.02,59944,0
2018-03-14,20:00:00,18.02,18.03,17.91,17.92,68935,0
2018-03-14,21:00:00,17.925,17.96,17.9,17.92,277678,0
2018-03-15,15:00:00,17.85,17.96,17.75,17.75,142847,0
2018-03-15,16:00:00,17.75,17.76,17.6,17.695,112440,0
2018-03-15,17:00:00,17.695,17.92,17.695,17.88,95699,0
2018-03-15,18:00:00,17.89,17.89,17.78,17.835,49474,0
2018-03-15,19:00:00,17.83,17.86,17.79,17.79,43749,0
2018-03-15,20:00:00,17.79,17.8,17.72,17.75,65371,0
2018-03-15,21:00:00,17.75,17.85,17.735,17.79,358902,0
2018-03-16,15:00:00,17.82,17.89,17.72,17.73,367529,0
2018-03-16,16:00:00,17.74,17.9,17.71,17.8399,96841,0
2018-03-16,17:00:00,17.8399,17.87,17.75,17.82,70062,0
2018-03-16,18:00:00,17.82,17.84,17.78,17.83,70980,0
2018-03-16,19:00:00,17.835,17.84,17.68,17.7,104585,0
2018-03-16,20:00:00,17.705,17.82,17.68,17.82,126809,0
2018-03-16,21:00:00,17.815,17.89,17.78,17.82,876071,0
2018-03-19,15:00:00,17.7,17.7,17.48,17.49,77765,0
2018-03-19,16:00:00,17.485,17.495,17.13,17.14,348187,0
2018-03-19,17:00:00,17.13,17.16,16.93,16.965,159934,0
2018-03-19,18:00:00,16.965,17.09,16.92,17.02,176782,0
2018-03-19,19:00:00,17.01,17.06,16.94,17.06,145564,0
2018-03-19,20:00:00,17.07,17.2,17.06,17.17,132633,0
2018-03-19,21:00:00,17.16,17.24,17.14,17.21,334824,0
2018-03-20,15:00:00,17.22,17.4,17.21,17.21,56698,0
2018-03-20,16:00:00,17.22,17.265,17.08,17.19,157036,0
2018-03-20,17:00:00,17.19,17.195,17.02,17.05,182069,0
2018-03-20,18:00:00,17.05,17.1,17.03,17.07,122783,0
2018-03-20,19:00:00,17.07,17.08,16.995,17.025,59962,0
2018-03-20,20:00:00,17.025,17.08,17,17.065,149524,0
2018-03-20,21:00:00,17.06,17.14,17.06,17.12,392137,0
2018-03-21,15:00:00,17.15,17.235,17.13,17.21,23281,0
2018-03-21,16:00:00,17.21,17.215,17.1243,17.19,85614,0
2018-03-21,17:00:00,17.19,17.31,17.16,17.26,77341,0
2018-03-21,18:00:00,17.26,17.26,17.2,17.21,58030,0
2018-03-21,19:00:00,17.21,17.215,17.15,17.18,33248,0
2018-03-21,20:00:00,17.18,17.22,17.04,17.11,72257,0
2018-03-21,21:00:00,17.11,17.19,17.09,17.1,245314,0
2018-03-22,15:00:00,16.98,17.13,16.98,17.11,75243,0
2018-03-22,16:00:00,17.11,17.21,16.99,16.99,109025,0
2018-03-22,17:00:00,16.99,17,16.92,16.97,99207,0
2018-03-22,18:00:00,16.97,17.1,16.955,17.05,61953,0
2018-03-22,19:00:00,17.05,17.13,16.99,17.04,65945,0
2018-03-22,20:00:00,17.035,17.04,16.91,16.925,106278,0
2018-03-22,21:00:00,16.925,17.005,16.8,16.8,572699,0
2018-03-23,15:00:00,16.77,16.78,16.2,16.405,224482,0
2018-03-23,16:00:00,16.415,16.43,16.185,16.215,285406,0
2018-03-23,17:00:00,16.22,16.23,15.81,15.96,550397,0
2018-03-23,18:00:00,15.96,16.17,15.955,16.09,269705,0
2018-03-23,19:00:00,16.085,16.31,16.08,16.25,117574,0
2018-03-23,20:00:00,16.26,16.39,16.19,16.2,176783,0
2018-03-23,21:00:00,16.19,16.26,16.05,16.06,865196,0
2018-03-26,16:00:00,16.23,16.23,16.01,16.04,136313,0
2018-03-26,17:00:00,16.04,16.16,16.02,16.11,311467,0
2018-03-26,18:00:00,16.11,16.115,15.915,16.05,296391,0
2018-03-26,19:00:00,16.04,16.1,16.01,16.05,162460,0
2018-03-26,20:00:00,16.045,16.15,16.035,16.125,274196,0
2018-03-26,21:00:00,16.125,16.3,16.1,16.23,454519,0
2018-03-26,22:00:00,16.235,16.34,16.19,16.32,815691,0
2018-03-27,16:00:00,16.4,16.4,16.16,16.25,130392,0
2018-03-27,17:00:00,16.24,16.3318,16.04,16.095,238616,0
2018-03-27,18:00:00,16.09,16.105,16.01,16.04,202360,0
2018-03-27,19:00:00,16.0355,16.04,15.93,15.99,162964,0
2018-03-27,20:00:00,15.99,16.07,15.98,16.02,140188,0
2018-03-27,21:00:00,16.02,16.02,15.765,15.77,333658,0
2018-03-27,22:00:00,15.77,15.78,15.57,15.58,1073854,0
2018-03-28,16:00:00,15.54,15.69,15.455,15.69,62162,0
2018-03-28,17:00:00,15.69,15.81,15.44,15.47,131940,0
2018-03-28,18:00:00,15.48,15.51,15.41,15.43,121670,0
2018-03-28,19:00:00,15.44,15.55,15.43,15.5,126855,0
2018-03-28,20:00:00,15.49,15.565,15.41,15.555,195493,0
2018-03-28,21:00:00,15.56,15.64,15.5,15.54,138563,0
2018-03-28,22:00:00,15.53,15.55,15.44,15.46,477974,0
2018-03-29,16:00:00,15.57,15.68,15.44,15.45,67189,0
2018-03-29,17:00:00,15.46,15.64,15.38,15.64,203094,0
2018-03-29,18:00:00,15.65,15.67,15.495,15.5,124389,0
2018-03-29,19:00:00,15.495,15.52,15.475,15.5,86462,0
2018-03-29,20:00:00,15.5,15.51,15.44,15.49,66108,0
2018-03-29,21:00:00,15.49,15.54,15.46,15.5,149061,0
2018-03-29,22:00:00,15.5,15.555,15.37,15.38,491931,0
