Date,Time,Open,High,Low,Close,Volume,OpenInt
2017-09-05,16:00:00,55.532,55.532,55.086,55.086,2039,0
2017-09-05,17:00:00,54.838,54.936,54.342,54.59,2979,0
2017-09-05,18:00:00,54.689,54.737,54.242,54.242,3104,0
2017-09-05,19:00:00,54.143,54.143,53.846,54.044,5037,0
2017-09-05,20:00:00,53.995,53.995,53.672,53.821,5491,0
2017-09-05,21:00:00,53.747,53.895,53.598,53.628,5982,0
2017-09-05,22:00:00,53.548,53.598,53.449,53.449,24281,0
2017-09-06,16:00:00,53.796,53.796,53.598,53.598,274,0
2017-09-06,17:00:00,53.747,54.06,53.747,53.846,2523,0
2017-09-06,18:00:00,53.747,53.747,52.557,52.607,8776,0
2017-09-06,19:00:00,52.705,52.805,52.557,52.805,11199,0
2017-09-06,20:00:00,52.83,53.201,52.83,53.151,3104,0
2017-09-06,21:00:00,53.201,53.301,53.053,53.201,2487,0
2017-09-06,22:00:00,53.151,53.301,53.102,53.151,13449,0
2017-09-07,16:00:00,53.102,53.102,52.507,52.507,1983,0
2017-09-07,17:00:00,52.457,52.656,52.309,52.607,6100,0
2017-09-07,18:00:00,52.557,53.151,52.507,52.805,10801,0
2017-09-07,19:00:00,52.805,53.102,52.805,52.805,3025,0
2017-09-07,20:00:00,52.903,52.953,52.408,52.621,6555,0
2017-09-07,21:00:00,52.607,52.705,52.607,52.607,1916,0
2017-09-07,22:00:00,52.557,52.705,52.507,52.557,14003,0
2017-09-08,16:00:00,52.656,53.102,52.408,53.102,559,0
2017-09-08,17:00:00,52.755,53.449,52.557,53.35,2818,0
2017-09-08,18:00:00,53.102,53.102,52.832,52.832,6252,0
2017-09-08,19:00:00,53.003,53.003,52.805,52.854,1210,0
2017-09-08,20:00:00,52.854,53.053,52.805,53.003,2211,0
2017-09-08,21:00:00,52.943,53.321,52.943,53.201,3512,0
2017-09-08,22:00:00,53.151,53.201,52.953,53.151,19155,0
2017-09-11,16:00:00,53.846,54.515,53.796,54.044,1743,0
2017-09-11,17:00:00,53.945,54.044,53.895,53.991,2724,0
2017-09-11,18:00:00,54.044,54.193,53.995,54.118,913,0
2017-09-11,19:00:00,54.324,54.54,54.292,54.49,3431,0
2017-09-11,20:00:00,54.54,54.59,54.391,54.391,1837,0
2017-09-11,21:00:00,54.292,54.292,53.796,53.945,3439,0
2017-09-11,22:00:00,53.895,54.094,53.846,54.044,18927,0
2017-09-12,16:00:00,54.292,54.601,54.094,54.601,1340,0
2017-09-12,17:00:00,54.49,54.54,54.391,54.54,634,0
2017-09-12,18:00:00,54.59,55.135,54.59,54.986,1417,0
2017-09-12,19:00:00,54.936,54.936,54.738,54.738,1536,0
2017-09-12,20:00:00,54.689,54.838,54.689,54.738,1253,0
2017-09-12,21:00:00,54.887,54.887,54.738,54.887,504,0
2017-09-12,22:00:00,54.788,54.838,54.54,54.738,9751,0
2017-09-13,16:00:00,54.639,54.682,54.044,54.54,618,0
2017-09-13,17:00:00,54.484,54.961,54.484,54.936,2976,0
2017-09-13,18:00:00,54.738,54.838,54.689,54.838,831,0
2017-09-13,19:00:00,54.639,54.838,54.639,54.838,1420,0
2017-09-13,20:00:00,54.788,54.788,54.54,54.59,1210,0
2017-09-13,21:00:00,54.664,54.788,54.59,54.738,2917,0
2017-09-13,22:00:00,54.788,54.887,54.738,54.887,12452,0
2017-09-14,16:00:00,54.838,54.838,54.59,54.59,336,0
2017-09-14,17:00:00,54.689,54.738,54.59,54.639,1278,0
2017-09-14,18:00:00,54.639,54.639,54.54,54.59,806,0
2017-09-14,19:00:00,54.465,54.54,54.391,54.54,9986,0
2017-09-14,20:00:00,54.441,54.838,54.391,54.825,2762,0
2017-09-14,21:00:00,54.838,54.838,54.639,54.713,3945,0
2017-09-14,22:00:00,54.738,54.887,54.639,54.887,11590,0
2017-09-15,16:00:00,54.887,55.234,54.887,55.086,24525,0
2017-09-15,17:00:00,54.986,55.086,54.689,54.689,1851,0
2017-09-15,18:00:00,54.787,54.788,54.391,54.59,2595,0
2017-09-15,19:00:00,54.59,54.689,54.54,54.689,1233,0
2017-09-15,20:00:00,54.986,55.036,54.887,54.986,1008,0
2017-09-15,21:00:00,54.887,55.135,54.887,54.986,3660,0
2017-09-15,22:00:00,54.986,55.086,54.54,54.639,63342,0
2017-09-18,16:00:00,54.887,54.887,54.193,54.54,1123,0
2017-09-18,17:00:00,54.702,55.482,54.49,55.284,4720,0
2017-09-18,18:00:00,55.184,55.284,55.036,55.122,5008,0
2017-09-18,19:00:00,55.135,55.334,55.135,55.184,1528,0
2017-09-18,20:00:00,55.234,55.532,55.234,55.432,9548,0
2017-09-18,21:00:00,55.492,55.63,55.482,55.532,5451,0
2017-09-18,22:00:00,55.432,55.432,55.184,55.234,12520,0
2017-09-19,16:00:00,55.383,55.383,55.086,55.135,2244,0
2017-09-19,17:00:00,55.135,55.135,54.986,54.986,6269,0
2017-09-19,18:00:00,54.986,55.061,54.887,54.986,4147,0
2017-09-19,19:00:00,54.936,55.061,54.788,54.788,6151,0
2017-09-19,20:00:00,54.912,55.036,54.838,54.936,4276,0
2017-09-19,21:00:00,55.011,55.011,54.738,54.738,9237,0
2017-09-19,22:00:00,54.738,54.738,54.242,54.391,38780,0
2017-09-20,16:00:00,54.342,54.912,53.995,54.168,2316,0
2017-09-20,17:00:00,54.094,54.094,53.548,53.907,9250,0
2017-09-20,18:00:00,54.168,54.366,53.548,54.094,27833,0
2017-09-20,19:00:00,54.069,54.788,54.069,54.342,5714,0
2017-09-20,20:00:00,54.317,54.465,53.945,53.945,12818,0
2017-09-20,21:00:00,53.945,54.738,53.895,54.639,19299,0
2017-09-20,22:00:00,54.59,54.689,54.49,54.59,29042,0
2017-09-21,16:00:00,54.639,54.639,54.342,54.54,4547,0
2017-09-21,17:00:00,54.565,54.59,54.456,54.515,7016,0
2017-09-21,18:00:00,54.59,54.986,54.441,54.738,18919,0
2017-09-21,19:00:00,54.738,55.284,54.689,55.284,7427,0
2017-09-21,20:00:00,55.284,55.334,55.284,55.334,302,0
2017-09-21,21:00:00,55.334,55.482,55.334,55.432,2301,0
2017-09-21,22:00:00,55.532,55.63,55.383,55.383,11990,0
2017-09-22,16:00:00,55.284,55.68,55.184,55.68,1398,0
2017-09-22,17:00:00,55.73,56.276,55.581,56.126,3397,0
2017-09-22,18:00:00,56.226,56.374,56.176,56.226,2140,0
2017-09-22,19:00:00,56.324,56.524,56.276,56.424,2776,0
2017-09-22,20:00:00,56.424,56.722,56.276,56.276,5730,0
2017-09-22,21:00:00,56.374,56.474,56.324,56.423,6793,0
2017-09-22,22:00:00,56.449,56.524,56.324,56.374,17905,0
2017-09-25,16:00:00,56.176,56.722,56.176,56.672,1534,0
2017-09-25,17:00:00,56.772,57.068,56.722,56.722,1975,0
2017-09-25,18:00:00,56.572,56.572,56.126,56.126,5258,0
2017-09-25,19:00:00,56.077,56.126,55.878,56.126,1768,0
2017-09-25,20:00:00,56.251,56.251,56.028,56.028,1513,0
2017-09-25,21:00:00,56.101,56.276,56.077,56.176,3739,0
2017-09-25,22:00:00,56.176,56.182,55.978,56.126,18072,0
2017-09-26,16:00:00,56.572,56.572,56.233,56.524,2226,0
2017-09-26,17:00:00,56.672,56.87,56.672,56.87,6793,0
2017-09-26,18:00:00,56.92,57.019,56.672,56.772,4410,0
2017-09-26,19:00:00,56.772,56.97,56.722,56.92,4578,0
2017-09-26,20:00:00,56.87,56.97,56.82,56.92,6293,0
2017-09-26,21:00:00,56.82,57.068,56.772,57.019,9993,0
2017-09-26,22:00:00,57.019,57.019,56.524,56.622,13977,0
2017-09-27,16:00:00,57.168,57.862,57.168,57.564,2130,0
2017-09-27,17:00:00,57.713,57.713,57.441,57.539,3665,0
2017-09-27,18:00:00,57.515,57.604,57.366,57.366,5400,0
2017-09-27,19:00:00,57.242,57.564,57.242,57.474,8848,0
2017-09-27,20:00:00,57.664,58.308,57.564,58.258,15655,0
2017-09-27,21:00:00,58.407,58.506,58.258,58.407,6176,0
2017-09-27,22:00:00,58.407,58.506,58.06,58.16,17707,0
2017-09-28,16:00:00,57.366,58.358,57.316,57.515,5768,0
2017-09-28,17:00:00,57.812,57.812,57.441,57.664,2853,0
2017-09-28,18:00:00,57.713,57.812,57.664,57.689,19102,0
2017-09-28,19:00:00,57.738,58.01,57.738,58.01,2334,0
2017-09-28,20:00:00,58.085,58.358,57.936,58.11,15945,0
2017-09-28,21:00:00,58.184,58.308,58.135,58.308,2420,0
2017-09-28,22:00:00,58.234,58.358,57.812,58.258,22128,0
2017-09-29,16:00:00,58.06,58.687,58.06,58.457,1873,0
2017-09-29,17:00:00,58.804,59.052,58.754,58.804,5147,0
2017-09-29,18:00:00,58.903,59.126,58.854,58.854,4485,0
2017-09-29,19:00:00,58.854,59.151,58.854,59.151,1665,0
2017-09-29,20:00:00,59.151,59.201,58.953,59.002,1874,0
2017-09-29,21:00:00,59.002,59.101,58.903,58.903,4051,0
2017-09-29,22:00:00,58.903,58.953,58.705,58.854,21171,0
2017-10-02,16:00:00,59.052,59.399,58.784,59.399,2223,0
2017-10-02,17:00:00,59.498,59.548,59.002,59.002,2488,0
2017-10-02,18:00:00,59.052,59.151,58.854,59.151,6353,0
2017-10-02,19:00:00,59.151,59.449,59.151,59.349,5745,0
2017-10-02,20:00:00,59.399,59.449,59.052,59.349,7574,0
2017-10-02,21:00:00,59.399,59.746,59.349,59.548,12459,0
2017-10-02,22:00:00,59.498,59.845,59.25,59.795,25750,0
2017-10-03,16:00:00,60.093,60.171,59.597,59.597,3755,0
2017-10-03,17:00:00,59.795,59.795,59.25,59.498,5177,0
2017-10-03,18:00:00,59.548,59.647,59.399,59.597,2925,0
2017-10-03,19:00:00,59.498,59.697,59.449,59.542,2032,0
2017-10-03,20:00:00,59.697,60.093,59.548,60.093,3566,0
2017-10-03,21:00:00,60.043,60.391,59.945,60.143,4778,0
2017-10-03,22:00:00,60.242,60.539,60.143,60.489,23848,0
2017-10-04,16:00:00,60.341,60.341,60.341,60.341,130,0
2017-10-04,17:00:00,60.193,60.341,59.945,60.242,1726,0
2017-10-04,18:00:00,60.391,60.391,59.697,59.845,4060,0
2017-10-04,19:00:00,59.845,59.845,58.804,58.804,5083,0
2017-10-04,20:00:00,58.953,59.101,58.705,58.804,3478,0
2017-10-04,21:00:00,58.854,59.795,58.804,59.548,10438,0
2017-10-04,22:00:00,59.548,59.895,59.449,59.845,12356,0
2017-10-05,16:00:00,59.945,59.994,59.945,59.994,543,0
2017-10-05,17:00:00,59.865,60.198,59.845,60.198,8303,0
2017-10-05,18:00:00,60.193,60.589,60.043,60.489,9286,0
2017-10-05,19:00:00,60.391,60.589,60.143,60.242,3502,0
2017-10-05,20:00:00,60.143,60.391,60.143,60.391,7838,0
2017-10-05,21:00:00,60.391,60.539,59.994,59.994,9870,0
2017-10-05,22:00:00,60.093,60.093,59.399,59.548,20851,0
2017-10-06,16:00:00,59.548,59.697,59.548,59.697,976,0
2017-10-06,17:00:00,59.795,59.969,59.449,59.449,6427,0
2017-10-06,18:00:00,59.449,59.572,59.3,59.324,1815,0
2017-10-06,19:00:00,59.399,59.746,59.399,59.597,3093,0
2017-10-06,20:00:00,59.647,59.647,59.349,59.349,1315,0
2017-10-06,21:00:00,59.349,59.795,59.25,59.746,15775,0
2017-10-06,22:00:00,59.771,59.931,59.498,59.795,22238,0
2017-10-09,17:00:00,59.697,59.697,59.424,59.424,2486,0
2017-10-09,18:00:00,59.498,59.697,59.498,59.597,806,0
2017-10-09,19:00:00,59.498,59.498,58.754,58.878,5185,0
2017-10-09,20:00:00,58.829,59.052,58.754,58.754,1702,0
2017-10-09,21:00:00,58.779,59.052,58.779,59.052,6051,0
2017-10-09,22:00:00,59.101,59.3,58.903,59.25,13397,0
2017-10-10,16:00:00,59.498,59.684,59.36,59.684,3331,0
2017-10-10,17:00:00,59.548,59.795,59.473,59.647,1804,0
2017-10-10,18:00:00,59.697,59.787,59.697,59.697,978,0
2017-10-10,19:00:00,59.647,59.731,59.3,59.449,9959,0
2017-10-10,20:00:00,59.498,59.721,59.449,59.548,4639,0
2017-10-10,21:00:00,59.597,59.697,59.548,59.647,2543,0
2017-10-10,22:00:00,59.697,59.845,59.399,59.548,29181,0
2017-10-11,16:00:00,59.548,59.548,59.101,59.32,1743,0
2017-10-11,17:00:00,59.25,59.895,59.176,59.895,9056,0
2017-10-11,18:00:00,59.795,59.994,59.795,59.945,12691,0
2017-10-11,19:00:00,60.142,60.441,60.142,60.193,4517,0
2017-10-11,20:00:00,60.193,60.193,60.043,60.143,2523,0
2017-10-11,21:00:00,60.043,60.193,59.895,59.895,5155,0
2017-10-11,22:00:00,60.093,60.193,59.895,59.945,23158,0
2017-10-12,16:00:00,60.093,60.242,59.895,60.071,2141,0
2017-10-12,17:00:00,59.994,60.193,59.746,60.043,2622,0
2017-10-12,18:00:00,60.043,60.242,59.597,59.746,8720,0
2017-10-12,19:00:00,59.795,59.795,59.3,59.498,2622,0
2017-10-12,20:00:00,59.647,59.647,59.498,59.498,1249,0
2017-10-12,21:00:00,59.647,59.746,59.349,59.349,3659,0
2017-10-12,22:00:00,59.449,59.572,59.3,59.3,18036,0
2017-10-13,16:00:00,59.399,59.647,59.151,59.597,3131,0
2017-10-13,17:00:00,59.647,60.043,59.647,59.945,3968,0
2017-10-13,18:00:00,60.043,60.043,59.449,59.449,4486,0
2017-10-13,19:00:00,59.548,59.697,59.548,59.597,1887,0
2017-10-13,20:00:00,59.697,59.895,59.647,59.845,1210,0
2017-10-13,21:00:00,59.945,60.068,59.945,59.994,3750,0
2017-10-13,22:00:00,59.945,59.994,59.697,59.795,22803,0
2017-10-16,16:00:00,60.291,60.341,60.093,60.242,5108,0
2017-10-16,17:00:00,60.242,60.266,59.548,59.597,4084,0
2017-10-16,18:00:00,59.638,59.638,59.498,59.548,1385,0
2017-10-16,19:00:00,59.467,59.697,59.467,59.697,2485,0
2017-10-16,20:00:00,59.746,59.994,59.697,59.795,2342,0
2017-10-16,21:00:00,59.795,59.845,59.647,59.647,666,0
2017-10-16,22:00:00,59.712,60.043,59.712,59.895,10410,0
2017-10-17,16:00:00,60.291,60.291,59.449,60.14,2373,0
2017-10-17,17:00:00,60.043,60.489,59.92,60.193,2922,0
2017-10-17,18:00:00,60.286,60.489,59.845,60.095,4477,0
2017-10-17,19:00:00,60.093,60.291,59.915,60.291,3554,0
2017-10-17,20:00:00,60.093,60.143,59.795,59.945,4101,0
2017-10-17,21:00:00,59.945,60.093,59.882,59.945,10970,0
2017-10-17,22:00:00,60.093,60.193,59.895,60.093,33491,0
2017-10-18,16:00:00,60.242,60.832,60.242,60.737,2233,0
2017-10-18,17:00:00,60.727,60.837,60.291,60.837,12046,0
2017-10-18,18:00:00,60.837,61.481,60.639,61.431,9269,0
2017-10-18,19:00:00,61.383,61.481,61.283,61.422,8928,0
2017-10-18,20:00:00,61.431,61.506,61.383,61.431,3742,0
2017-10-18,21:00:00,61.481,61.779,61.383,61.481,10156,0
2017-10-18,22:00:00,61.631,61.679,61.283,61.581,29091,0
2017-10-19,16:00:00,61.581,61.927,61.135,61.927,29366,0
2017-10-19,17:00:00,61.977,62.077,61.631,61.779,12046,0
2017-10-19,18:00:00,61.581,61.581,61.135,61.383,7733,0
2017-10-19,19:00:00,61.383,61.729,61.358,61.729,3502,0
2017-10-19,20:00:00,61.829,62.027,61.779,61.977,8828,0
2017-10-19,21:00:00,61.829,62.473,61.829,62.002,20516,0
2017-10-19,22:00:00,61.927,62.473,61.927,62.423,38572,0
2017-10-20,16:00:00,62.969,63.365,62.671,63.365,11081,0
2017-10-20,17:00:00,63.266,63.415,63.167,63.217,2723,0
2017-10-20,18:00:00,63.266,63.365,62.969,63.167,21986,0
2017-10-20,19:00:00,63.167,63.217,63.142,63.167,1916,0
2017-10-20,20:00:00,63.167,63.217,63.019,63.217,11306,0
2017-10-20,21:00:00,63.167,63.167,62.523,62.572,4222,0
2017-10-20,22:00:00,62.523,62.622,62.423,62.473,20662,0
2017-10-23,16:00:00,62.275,62.275,62.126,62.126,3686,0
2017-10-23,17:00:00,62.225,62.225,61.801,61.878,21502,0
2017-10-23,18:00:00,61.829,61.878,61.506,61.631,6202,0
2017-10-23,19:00:00,61.729,61.829,61.606,61.679,6178,0
2017-10-23,20:00:00,61.631,61.779,61.531,61.779,6160,0
2017-10-23,21:00:00,61.679,61.779,61.581,61.581,3846,0
2017-10-23,22:00:00,61.679,61.779,61.581,61.679,15232,0
2017-10-24,16:00:00,61.878,61.878,61.679,61.829,8389,0
2017-10-24,17:00:00,61.531,61.927,61.531,61.531,6599,0
2017-10-24,18:00:00,61.581,62.423,61.531,62.175,6670,0
2017-10-24,19:00:00,62.275,62.523,62.126,62.225,21328,0
2017-10-24,20:00:00,62.275,62.325,62.126,62.165,3580,0
2017-10-24,21:00:00,62.225,62.225,61.977,61.977,4014,0
2017-10-24,22:00:00,62.027,62.423,61.927,62.027,28022,0
2017-10-25,16:00:00,62.175,62.671,61.927,62.126,3924,0
2017-10-25,17:00:00,62.225,62.919,62.225,62.423,19225,0
2017-10-25,18:00:00,62.423,62.572,62.047,62.047,30074,0
2017-10-25,19:00:00,61.927,62.175,61.927,62.175,16872,0
2017-10-25,20:00:00,62.126,62.325,62.027,62.275,3720,0
2017-10-25,21:00:00,62.275,62.473,62.077,62.077,6198,0
2017-10-25,22:00:00,62.077,62.275,61.927,62.027,68864,0
2017-10-26,16:00:00,62.175,63.613,62.175,63.316,10139,0
2017-10-26,17:00:00,63.556,65.101,63.556,65.101,34746,0
2017-10-26,18:00:00,64.283,64.58,63.911,64.308,15138,0
2017-10-26,19:00:00,64.258,64.556,63.861,63.861,40287,0
2017-10-26,20:00:00,63.514,64.01,63.217,63.762,12936,0
2017-10-26,21:00:00,63.663,64.506,63.415,64.258,30439,0
2017-10-26,22:00:00,64.308,64.952,64.258,64.704,61382,0
2017-10-27,16:00:00,64.853,64.853,63.514,63.96,5184,0
2017-10-27,17:00:00,63.911,64.952,63.774,64.952,19621,0
2017-10-27,18:00:00,64.853,65.052,64.308,64.704,9956,0
2017-10-27,19:00:00,64.754,65.844,64.754,65.498,26678,0
2017-10-27,20:00:00,65.523,65.523,64.902,65.076,10776,0
2017-10-27,21:00:00,65.076,65.498,65.052,65.168,3573,0
2017-10-27,22:00:00,65.15,65.795,65.15,65.746,41293,0
2017-10-30,15:00:00,67.977,68.894,67.505,68.076,26351,0
2017-10-30,16:00:00,68.125,69.315,68.076,69.117,31804,0
2017-10-30,17:00:00,69.117,69.861,68.819,69.216,21496,0
2017-10-30,18:00:00,69.167,69.216,68.968,69.117,7328,0
2017-10-30,19:00:00,69.117,69.415,68.968,69.07,13946,0
2017-10-30,20:00:00,68.968,69.365,68.621,69.365,18232,0
2017-10-30,21:00:00,69.265,69.959,69.167,69.811,48044,0
2017-10-31,15:00:00,70.109,71.25,70.009,70.805,13944,0
2017-10-31,16:00:00,70.853,73.133,70.853,72.439,44437,0
2017-10-31,17:00:00,72.489,72.786,72.191,72.538,10493,0
2017-10-31,18:00:00,72.637,72.637,72.241,72.411,10238,0
2017-10-31,19:00:00,72.389,72.588,72.141,72.588,6662,0
2017-10-31,20:00:00,72.588,72.885,72.34,72.885,8996,0
2017-10-31,21:00:00,72.836,72.984,72.34,72.489,50495,0
2017-11-01,15:00:00,72.489,72.935,71.695,71.943,7871,0
2017-11-01,16:00:00,72.042,72.042,71.397,71.547,28492,0
2017-11-01,17:00:00,71.397,71.695,71.199,71.695,6252,0
2017-11-01,18:00:00,71.745,72.34,71.497,71.844,8686,0
2017-11-01,19:00:00,71.893,72.191,71.596,72.191,6051,0
2017-11-01,20:00:00,72.241,72.34,71.844,72.29,9147,0
2017-11-01,21:00:00,72.191,72.34,71.795,71.844,44623,0
2017-11-02,15:00:00,71.596,71.943,70.548,71.795,3659,0
2017-11-02,16:00:00,71.497,71.844,71.348,71.795,7465,0
2017-11-02,17:00:00,71.795,72.191,71.596,72.141,4063,0
2017-11-02,18:00:00,72.241,72.786,72.141,72.29,5791,0
2017-11-02,19:00:00,72.251,72.251,71.993,72.191,2427,0
2017-11-02,20:00:00,72.241,72.439,71.844,71.844,3694,0
2017-11-02,21:00:00,71.745,72.092,71.695,71.844,32158,0
2017-11-03,15:00:00,71.745,72.315,71.101,71.101,4927,0
2017-11-03,16:00:00,71.199,71.447,70.901,71.149,4005,0
2017-11-03,17:00:00,71.149,71.547,71.149,71.199,4946,0
2017-11-03,18:00:00,71.149,71.397,71.101,71.199,6555,0
2017-11-03,19:00:00,71.101,71.547,71.051,71.249,7166,0
2017-11-03,20:00:00,71.199,71.249,71.076,71.199,17791,0
2017-11-03,21:00:00,71.101,71.348,71.101,71.149,41815,0
2017-11-06,16:00:00,70.753,71.299,70.753,71.299,3686,0
2017-11-06,17:00:00,71.348,71.745,71.149,71.447,7932,0
2017-11-06,18:00:00,71.447,71.893,71.249,71.893,5074,0
2017-11-06,19:00:00,71.844,71.844,71.051,71.149,8819,0
2017-11-06,20:00:00,71.174,71.299,71.001,71.101,20267,0
2017-11-06,21:00:00,71.101,71.348,70.853,71.199,41807,0
2017-11-06,22:00:00,71.199,71.497,70.878,71.051,49686,0
2017-11-07,16:00:00,70.901,71.397,70.555,70.555,5115,0
2017-11-07,17:00:00,70.505,70.703,69.959,70.232,16918,0
2017-11-07,19:00:00,69.464,69.613,69.067,69.315,16341,0
2017-11-07,20:00:00,69.315,69.522,69.067,69.464,5774,0
2017-11-07,21:00:00,69.464,69.513,69.067,69.067,8601,0
2017-11-07,22:00:00,69.092,69.315,69.018,69.265,66993,0
2017-11-08,16:00:00,68.819,69.365,68.621,69.365,4482,0
2017-11-08,17:00:00,69.365,69.464,68.844,69.464,5014,0
2017-11-08,18:00:00,69.464,69.464,69.067,69.365,7564,0
2017-11-08,19:00:00,69.365,69.811,69.365,69.613,1930,0
2017-11-08,20:00:00,69.736,69.736,69.464,69.513,8168,0
2017-11-08,21:00:00,69.493,69.761,69.464,69.712,3746,0
2017-11-08,22:00:00,69.613,69.712,69.216,69.315,29533,0
2017-11-09,16:00:00,69.265,69.415,68.869,69.067,4664,0
2017-11-09,17:00:00,69.315,70.159,69.265,69.764,4380,0
2017-11-09,18:00:00,69.563,69.563,68.77,68.819,6091,0
2017-11-09,19:00:00,68.819,69.911,68.815,69.911,10084,0
2017-11-09,20:00:00,70.009,70.307,69.663,70.207,5913,0
2017-11-09,21:00:00,70.109,70.14,69.761,69.911,2230,0
2017-11-09,22:00:00,69.761,70.505,69.761,70.455,25893,0
2017-11-10,16:00:00,70.455,70.654,69.415,70.207,17363,0
2017-11-10,17:00:00,70.257,70.901,70.159,70.753,6781,0
2017-11-10,18:00:00,70.778,71.348,70.778,71.274,5060,0
2017-11-10,19:00:00,71.199,71.348,71.001,71.051,5627,0
2017-11-10,20:00:00,71.051,71.249,70.951,71.249,2998,0
2017-11-10,21:00:00,71.299,71.844,71.199,71.844,5097,0
2017-11-10,22:00:00,71.893,71.993,71.497,71.547,22801,0
2017-11-13,16:00:00,71.249,71.795,70.407,71.645,3195,0
2017-11-13,17:00:00,71.695,71.695,70.555,70.555,12818,0
2017-11-13,18:00:00,70.555,71.051,69.959,70.803,14771,0
2017-11-13,19:00:00,70.901,71.397,70.803,70.901,4959,0
2017-11-13,20:00:00,70.753,71.051,70.455,70.901,12502,0
2017-11-13,21:00:00,70.901,71.101,70.703,70.803,5725,0
2017-11-13,22:00:00,70.803,71.001,70.703,70.803,34442,0
2017-11-14,16:00:00,70.109,70.357,69.761,69.861,5386,0
2017-11-14,17:00:00,69.761,69.861,69.513,69.811,9166,0
2017-11-14,18:00:00,69.761,70.307,69.761,70.307,15491,0
2017-11-14,19:00:00,70.357,71.101,70.357,71.001,6151,0
2017-11-14,20:00:00,71.051,71.348,70.853,70.853,3682,0
2017-11-14,21:00:00,70.853,71.149,70.678,71.149,7993,0
2017-11-14,22:00:00,71.199,71.324,70.901,71.199,19089,0
2017-11-15,16:00:00,70.901,71.101,70.505,71.051,3410,0
2017-11-15,17:00:00,71.101,72.266,71.101,72.191,9237,0
2017-11-15,18:00:00,72.191,72.588,71.993,72.191,7050,0
2017-11-15,19:00:00,72.141,72.588,72.042,72.34,14846,0
2017-11-15,20:00:00,72.34,72.34,71.645,71.745,6715,0
2017-11-15,21:00:00,71.795,71.844,71.497,71.497,7062,0
2017-11-15,22:00:00,71.547,71.893,71.397,71.447,32562,0
2017-11-16,16:00:00,72.042,72.786,71.993,72.786,1760,0
2017-11-16,17:00:00,72.885,75.018,72.885,74.372,26664,0
2017-11-16,18:00:00,74.274,74.72,74.075,74.72,12810,0
2017-11-16,19:00:00,74.72,75.116,74.595,74.868,11282,0
2017-11-16,20:00:00,75.066,75.191,74.67,74.968,8901,0
2017-11-16,21:00:00,75.018,75.018,74.67,74.818,7775,0
2017-11-16,22:00:00,74.868,74.868,74.472,74.571,49774,0
2017-11-17,16:00:00,74.075,74.968,73.406,74.075,4642,0
2017-11-17,17:00:00,74.174,74.57,73.778,73.778,8466,0
2017-11-17,18:00:00,73.778,74.174,73.53,74.075,8259,0
2017-11-17,19:00:00,74.075,74.522,73.976,74.348,5480,0
2017-11-17,20:00:00,74.522,74.62,74.224,74.274,4555,0
2017-11-17,21:00:00,74.372,74.372,73.926,73.976,4945,0
2017-11-17,22:00:00,73.951,74.124,73.728,74.026,25829,0
2017-11-20,16:00:00,74.224,74.422,73.678,74.248,2370,0
2017-11-20,17:00:00,74.323,75.562,74.323,75.266,5419,0
2017-11-20,18:00:00,75.266,75.364,74.72,75.066,3479,0
2017-11-20,19:00:00,75.289,75.761,75.216,75.513,4493,0
2017-11-20,20:00:00,75.464,75.587,75.216,75.439,7301,0
2017-11-20,21:00:00,75.464,75.562,75.216,75.266,7506,0
2017-11-20,22:00:00,75.266,75.562,75.166,75.513,26329,0
2017-11-21,16:00:00,76.058,76.058,75.513,75.81,4021,0
2017-11-21,17:00:00,75.761,76.752,75.761,76.504,8871,0
2017-11-21,18:00:00,76.281,76.406,75.81,75.81,6942,0
2017-11-21,19:00:00,75.761,75.96,75.612,75.81,3295,0
2017-11-21,20:00:00,75.81,75.91,75.712,75.761,2899,0
2017-11-21,21:00:00,75.761,76.306,75.662,76.306,6987,0
2017-11-21,22:00:00,76.306,76.356,76.009,76.306,29989,0
2017-11-22,16:00:00,76.455,76.728,76.009,76.009,6690,0
2017-11-22,17:00:00,75.712,76.158,75.712,75.91,2677,0
2017-11-22,18:00:00,75.96,76.009,75.662,75.662,3386,0
2017-11-22,19:00:00,75.86,75.91,75.662,75.91,3433,0
2017-11-22,20:00:00,76.009,76.158,75.86,76.133,2933,0
2017-11-22,21:00:00,76.114,76.114,75.81,75.86,5271,0
2017-11-22,22:00:00,75.91,76.256,75.81,76.158,21885,0
2017-11-24,16:00:00,76.703,77.992,76.703,76.852,3035,0
2017-11-24,17:00:00,76.703,77.05,76.356,76.356,9580,0
2017-11-24,18:00:00,76.207,76.406,76.058,76.158,5205,0
2017-11-24,19:00:00,76.158,76.703,76.058,76.356,18601,0
2017-11-24,20:00:00,76.406,76.406,76.406,76.406,2480,0
2017-11-27,16:00:00,76.406,76.802,76.406,76.703,3905,0
2017-11-27,17:00:00,76.455,77,76.417,76.604,6195,0
2017-11-27,18:00:00,76.554,76.654,75.761,75.81,5427,0
2017-11-27,19:00:00,75.935,76.256,75.662,76.256,4638,0
2017-11-27,20:00:00,76.356,76.455,75.91,75.91,9136,0
2017-11-27,21:00:00,75.91,75.96,75.709,75.96,6871,0
2017-11-27,22:00:00,75.86,76.331,75.81,76.009,43425,0
2017-11-28,16:00:00,76.121,76.718,75.474,76.668,1844,0
2017-11-28,17:00:00,76.332,77.316,76.332,77.266,6980,0
2017-11-28,18:00:00,77.266,77.565,77.067,77.515,9149,0
2017-11-28,19:00:00,77.515,78.361,77.515,78.013,7291,0
2017-11-28,20:00:00,78.013,78.361,77.814,77.963,6604,0
2017-11-28,21:00:00,77.714,78.61,77.714,78.56,8709,0
2017-11-28,22:00:00,78.61,79.556,78.511,79.407,44760,0
2017-11-29,16:00:00,79.357,80.452,79.332,80.452,6119,0
2017-11-29,17:00:00,80.303,80.303,79.407,79.556,12894,0
2017-11-29,18:00:00,79.407,79.506,78.361,78.361,9117,0
2017-11-29,19:00:00,78.361,79.008,78.361,78.909,5122,0
2017-11-29,20:00:00,78.899,79.178,78.361,78.759,5587,0
2017-11-29,21:00:00,78.759,79.208,78.71,79.108,5669,0
2017-11-29,22:00:00,79.071,79.407,79.008,79.108,23491,0
2017-11-30,16:00:00,79.506,79.506,78.959,79.008,2319,0
2017-11-30,17:00:00,78.859,79.556,78.013,78.311,34175,0
2017-11-30,18:00:00,78.511,78.959,78.361,78.511,11547,0
2017-11-30,19:00:00,78.61,78.834,78.411,78.809,3574,0
2017-11-30,20:00:00,78.809,78.959,78.062,78.262,3703,0
2017-11-30,21:00:00,78.311,78.511,78.112,78.212,5324,0
2017-11-30,22:00:00,77.963,78.759,77.764,78.212,31049,0
2017-12-01,16:00:00,78.461,78.461,76.967,77.166,2750,0
2017-12-01,17:00:00,76.818,77.863,76.245,77.814,19260,0
2017-12-01,18:00:00,77.565,77.565,74.279,74.677,42935,0
2017-12-01,19:00:00,74.677,75.872,74.528,75.872,11847,0
2017-12-01,20:00:00,75.971,77.017,75.673,76.718,4818,0
2017-12-01,21:00:00,76.818,76.967,76.27,76.37,10554,0
2017-12-01,22:00:00,76.469,76.718,76.37,76.37,56814,0
2017-12-04,16:00:00,77.963,77.963,76.569,77.49,6688,0
2017-12-04,17:00:00,77.664,78.909,77.415,78.909,8659,0
2017-12-04,18:00:00,78.859,79.158,78.56,78.959,4438,0
2017-12-04,19:00:00,79.058,79.058,78.311,78.685,9909,0
2017-12-04,20:00:00,78.685,78.809,78.212,78.461,6126,0
2017-12-04,21:00:00,78.486,78.486,77.714,78.062,7490,0
2017-12-04,22:00:00,78.212,78.361,77.614,77.764,22772,0
2017-12-05,16:00:00,77.067,77.166,76.021,76.42,9655,0
2017-12-05,17:00:00,76.181,77.017,76.181,76.893,9374,0
2017-12-05,18:00:00,76.967,77.565,76.967,77.216,3777,0
2017-12-05,19:00:00,77.117,77.216,76.917,77.017,2716,0
2017-12-05,20:00:00,76.967,77.216,76.893,76.917,3566,0
2017-12-05,21:00:00,76.967,77.266,76.668,76.818,3825,0
2017-12-05,22:00:00,76.768,76.768,76.32,76.37,26334,0
2017-12-06,16:00:00,76.121,76.395,76.121,76.32,712,0
2017-12-06,17:00:00,76.22,76.868,76.071,76.868,4090,0
2017-12-06,18:00:00,76.917,77.017,76.22,76.469,3198,0
2017-12-06,19:00:00,76.27,76.668,75.971,76.469,5886,0
2017-12-06,20:00:00,76.42,76.718,76.42,76.619,2357,0
2017-12-06,21:00:00,76.619,76.768,76.32,76.718,4200,0
2017-12-06,22:00:00,76.644,76.644,76.171,76.37,15536,0
2017-12-07,16:00:00,76.021,77.067,76.021,77.067,1333,0
2017-12-07,17:00:00,77.614,77.614,76.868,76.967,4190,0
2017-12-07,18:00:00,76.967,77.117,76.619,76.718,3135,0
2017-12-07,19:00:00,76.619,76.718,76.121,76.569,6084,0
2017-12-07,20:00:00,76.743,76.818,76.021,76.021,5297,0
2017-12-07,21:00:00,75.996,76.668,75.996,76.42,9418,0
2017-12-07,22:00:00,76.37,76.818,76.32,76.768,21827,0
2017-12-08,16:00:00,77.415,77.433,75.474,75.499,4052,0
2017-12-08,17:00:00,75.772,76.768,75.772,76.27,4208,0
2017-12-08,18:00:00,76.37,76.469,75.922,76.395,1783,0
2017-12-08,19:00:00,76.395,76.569,76.32,76.494,2431,0
2017-12-08,20:00:00,76.469,76.569,76.32,76.569,2340,0
2017-12-08,21:00:00,76.519,76.569,76.121,76.519,13368,0
2017-12-08,22:00:00,76.668,76.718,76.37,76.519,10245,0
2017-12-11,16:00:00,76.668,77.216,76.668,77.117,3702,0
2017-12-11,17:00:00,77.291,77.291,76.768,76.868,10354,0
2017-12-11,18:00:00,76.668,77.266,76.668,77.017,9139,0
2017-12-11,19:00:00,77.117,77.166,76.917,77.067,4583,0
2017-12-11,20:00:00,76.929,77.117,76.818,77.017,6659,0
2017-12-11,21:00:00,76.967,77.266,76.868,77.017,8564,0
2017-12-11,22:00:00,77.017,77.266,76.868,77.166,19945,0
2017-12-12,16:00:00,77.465,77.814,77.067,77.814,4344,0
2017-12-12,17:00:00,77.913,78.013,77.117,77.117,3637,0
2017-12-12,18:00:00,77.316,77.664,77.316,77.465,2978,0
2017-12-12,19:00:00,77.465,77.863,76.942,77.863,18922,0
2017-12-12,20:00:00,77.838,77.913,77.365,77.365,8505,0
2017-12-12,21:00:00,77.365,77.814,77.316,77.316,5136,0
2017-12-12,22:00:00,77.365,77.565,77.216,77.465,16950,0
2017-12-13,16:00:00,77.216,77.863,77.042,77.863,1715,0
2017-12-13,17:00:00,77.913,79.058,77.913,78.859,10841,0
2017-12-13,18:00:00,78.759,79.705,78.56,79.705,8425,0
2017-12-13,19:00:00,79.705,79.705,79.108,79.257,7361,0
2017-12-13,20:00:00,79.108,79.357,79.008,79.257,7139,0
2017-12-13,21:00:00,79.257,79.855,78.909,79.506,8545,0
2017-12-13,22:00:00,79.407,79.407,78.859,79.058,60239,0
2017-12-14,16:00:00,79.407,79.805,78.461,78.511,2630,0
2017-12-14,17:00:00,78.585,79.307,77.714,78.212,18316,0
2017-12-14,18:00:00,78.262,78.461,77.614,78.461,4673,0
2017-12-14,19:00:00,78.511,78.511,77.764,77.913,4988,0
2017-12-14,20:00:00,77.863,77.913,77.241,77.241,3515,0
2017-12-14,21:00:00,77.117,77.764,77.067,77.714,11973,0
2017-12-14,22:00:00,77.565,78.212,77.415,77.714,32860,0
2017-12-15,16:00:00,78.262,79.506,78.187,79.506,33177,0
2017-12-15,17:00:00,79.506,79.506,78.311,78.311,4910,0
2017-12-15,18:00:00,78.361,79.058,78.137,78.759,7834,0
2017-12-15,19:00:00,78.71,79.357,78.66,78.909,11041,0
2017-12-15,20:00:00,79.008,79.307,78.759,79.307,2436,0
2017-12-15,21:00:00,79.199,79.357,78.66,78.809,7204,0
2017-12-15,22:00:00,78.909,79.058,78.71,78.759,124524,0
2017-12-18,16:00:00,79.805,81.747,79.805,81.697,14467,0
2017-12-18,17:00:00,82.204,82.204,81.224,81.365,5659,0
2017-12-18,18:00:00,81.199,81.448,80.95,81.174,18253,0
2017-12-18,19:00:00,81.124,81.448,80.601,80.85,12572,0
2017-12-18,20:00:00,80.95,81.099,80.726,80.9,9318,0
2017-12-18,21:00:00,81,81.074,80.801,81,6968,0
2017-12-18,22:00:00,81,81.099,80.626,80.85,41108,0
2017-12-19,16:00:00,81.149,81.199,79.929,79.929,5212,0
2017-12-19,17:00:00,79.88,80.726,79.88,80.452,4215,0
2017-12-19,18:00:00,80.601,80.801,80.203,80.552,3946,0
2017-12-19,19:00:00,80.402,80.9,80.178,80.9,10290,0
2017-12-19,20:00:00,80.95,81.099,80.402,80.713,5068,0
2017-12-19,21:00:00,80.552,80.9,80.303,80.651,4903,0
2017-12-19,22:00:00,80.626,80.651,80.203,80.353,32564,0
2017-12-20,16:00:00,80.651,80.651,79.656,80.153,6290,0
2017-12-20,17:00:00,80.079,80.303,79.805,80.104,9936,0
2017-12-20,18:00:00,80.104,80.651,80.004,80.477,4970,0
2017-12-20,19:00:00,80.402,81.062,80.303,81.062,8097,0
2017-12-20,20:00:00,81,81.298,80.601,80.85,11693,0
2017-12-20,21:00:00,80.801,81.05,80.601,81,7503,0
2017-12-20,22:00:00,81.05,81.498,80.85,80.9,28608,0
2017-12-21,16:00:00,81.099,81.249,80.203,81.16,5215,0
2017-12-21,17:00:00,81.099,82.344,80.95,82.045,7174,0
2017-12-21,18:00:00,82.244,83.14,81.647,83.091,21804,0
2017-12-21,19:00:00,83.005,83.19,82.244,82.643,6924,0
2017-12-21,20:00:00,82.643,82.994,82.493,82.593,4343,0
2017-12-21,21:00:00,82.742,83.24,82.643,83.24,7343,0
2017-12-21,22:00:00,83.19,83.439,82.892,83.34,39041,0
2017-12-22,16:00:00,83.788,84.864,82.935,82.935,2769,0
2017-12-22,17:00:00,82.966,84.136,82.941,83.738,5967,0
2017-12-22,18:00:00,83.837,84.385,83.738,84.236,7824,0
2017-12-22,19:00:00,84.385,84.734,84.286,84.734,4227,0
2017-12-22,20:00:00,84.734,84.734,84.136,84.435,4653,0
2017-12-22,21:00:00,84.236,84.485,84.086,84.186,4253,0
2017-12-22,22:00:00,83.887,84.783,83.788,84.783,22649,0
2017-12-26,16:00:00,84.584,85.381,84.584,85.381,2333,0
2017-12-26,17:00:00,85.231,85.431,84.883,84.933,6949,0
2017-12-26,18:00:00,84.933,85.231,84.833,85.132,3005,0
2017-12-26,19:00:00,85.281,85.281,84.833,84.883,4918,0
2017-12-26,20:00:00,84.983,85.455,84.983,85.381,4070,0
2017-12-26,21:00:00,85.331,85.63,85.132,85.53,5227,0
2017-12-26,22:00:00,85.381,85.58,85.132,85.341,23060,0
2017-12-27,16:00:00,85.231,86.426,84.983,85.729,5020,0
2017-12-27,17:00:00,85.928,86.277,85.68,86.177,2823,0
2017-12-27,18:00:00,86.227,87.073,86.128,86.825,16289,0
2017-12-27,19:00:00,86.825,86.924,86.576,86.924,11674,0
2017-12-27,20:00:00,86.974,86.974,86.128,86.426,4751,0
2017-12-27,21:00:00,86.476,86.476,86.053,86.476,6219,0
2017-12-27,22:00:00,86.526,86.575,86.277,86.476,28569,0
2017-12-28,16:00:00,86.725,86.725,86.227,86.277,1270,0
2017-12-28,17:00:00,86.576,86.924,86.377,86.377,4421,0
2017-12-28,18:00:00,86.377,86.377,85.879,86.177,2612,0
2017-12-28,19:00:00,86.152,86.277,85.978,86.177,2310,0
2017-12-28,20:00:00,86.028,86.028,85.63,85.804,8974,0
2017-12-28,21:00:00,85.879,85.978,85.68,85.719,4071,0
2017-12-28,22:00:00,85.928,86.078,85.68,86.028,10384,0
2017-12-29,16:00:00,86.128,86.177,85.555,85.68,1106,0
2017-12-29,17:00:00,85.829,86.675,85.648,86.177,6869,0
2017-12-29,18:00:00,86.576,86.576,85.928,86.028,4234,0
2017-12-29,19:00:00,85.978,86.078,85.729,85.879,3500,0
2017-12-29,20:00:00,85.829,86.227,85.779,86.078,7921,0
2017-12-29,21:00:00,86.227,86.227,85.879,86.028,1976,0
2017-12-29,22:00:00,85.928,86.476,85.779,85.879,35353,0
2018-01-02,16:00:00,86.277,86.277,84.958,85.505,2652,0
2018-01-02,17:00:00,85.555,86.128,85.228,85.53,4656,0
2018-01-02,18:00:00,85.879,85.879,84.734,85.53,4826,0
2018-01-02,19:00:00,85.63,85.829,85.182,85.381,2664,0
2018-01-02,20:00:00,85.368,85.452,84.933,84.933,4379,0
2018-01-02,21:00:00,84.983,84.983,84.435,84.734,9929,0
2018-01-02,22:00:00,84.684,85.431,84.534,85.431,23617,0
2018-01-03,16:00:00,85.53,86.7,85.53,86.028,4664,0
2018-01-03,17:00:00,86.874,86.974,86.177,86.311,5560,0
2018-01-03,18:00:00,86.177,86.177,85.431,85.48,4309,0
2018-01-03,19:00:00,85.779,85.779,85.431,85.729,4760,0
2018-01-03,20:00:00,85.779,85.779,85.182,85.182,2603,0
2018-01-03,21:00:00,85.231,85.829,85.231,85.331,4796,0
2018-01-03,22:00:00,85.48,86.227,85.281,86.028,26447,0
2018-01-04,16:00:00,86.675,87.372,85.48,87.123,4790,0
2018-01-04,17:00:00,87.099,87.472,86.874,87.322,9643,0
2018-01-04,18:00:00,87.273,87.721,87.273,87.671,13860,0
2018-01-04,19:00:00,87.82,88.418,87.621,88.418,8322,0
2018-01-04,20:00:00,88.268,88.517,87.621,88.293,17754,0
2018-01-04,21:00:00,88.418,88.667,87.97,87.97,4118,0
2018-01-04,22:00:00,87.92,88.467,87.92,88.019,19760,0
2018-01-05,16:00:00,88.467,88.517,87.571,87.721,2863,0
2018-01-05,17:00:00,87.671,87.92,87.024,87.82,15114,0
2018-01-05,18:00:00,87.721,88.019,87.422,87.522,6300,0
2018-01-05,19:00:00,87.472,88.069,87.472,87.795,7628,0
2018-01-05,20:00:00,87.77,88.044,87.721,87.77,3565,0
2018-01-05,21:00:00,87.77,87.82,87.173,87.621,21247,0
2018-01-05,22:00:00,87.497,87.92,87.422,87.92,15200,0
2018-01-08,16:00:00,87.97,88.119,87.422,87.621,6730,0
2018-01-08,17:00:00,87.621,88.069,87.52,87.52,6015,0
2018-01-08,18:00:00,87.571,87.87,87.472,87.621,9671,0
2018-01-08,19:00:00,87.77,87.77,87.422,87.671,3686,0
2018-01-08,20:00:00,87.721,88.119,87.721,87.92,4161,0
2018-01-08,21:00:00,87.92,88.019,87.77,87.795,1959,0
2018-01-08,22:00:00,87.721,87.97,87.721,87.721,10436,0
2018-01-09,16:00:00,88.069,88.567,87.845,88.567,5526,0
2018-01-09,17:00:00,88.069,88.069,87.223,87.721,16721,0
2018-01-09,18:00:00,87.522,88.019,87.522,87.97,7479,0
2018-01-09,19:00:00,88.119,88.368,88.019,88.368,3631,0
2018-01-09,20:00:00,88.318,88.667,88.268,88.667,4602,0
2018-01-09,21:00:00,88.716,88.791,88.418,88.458,4315,0
2018-01-09,22:00:00,88.318,88.467,87.571,87.87,36595,0
2018-01-10,16:00:00,88.119,89.364,88.119,89.164,4181,0
2018-01-10,17:00:00,89.314,89.613,88.617,89.413,9115,0
2018-01-10,18:00:00,89.393,89.911,89.393,89.712,6410,0
2018-01-10,19:00:00,89.861,90.11,89.762,90.11,2037,0
2018-01-10,20:00:00,90.061,90.11,89.613,89.662,4861,0
2018-01-10,21:00:00,89.712,89.712,89.463,89.513,6027,0
2018-01-10,22:00:00,89.513,89.563,89.264,89.563,13739,0
2018-01-11,16:00:00,89.762,90.21,89.115,90.16,8800,0
2018-01-11,17:00:00,90.016,90.31,89.015,89.861,10443,0
2018-01-11,18:00:00,89.911,90.11,89.214,89.314,4985,0
2018-01-11,19:00:00,89.563,90.31,89.563,90.11,5155,0
2018-01-11,20:00:00,89.961,90.011,89.463,89.463,1908,0
2018-01-11,21:00:00,89.563,90.474,89.563,90.474,4338,0
2018-01-11,22:00:00,90.608,91.006,90.011,90.459,36503,0
2018-01-12,16:00:00,90.807,91.106,90.409,90.807,3084,0
2018-01-12,17:00:00,90.957,91.604,90.758,91.604,2633,0
2018-01-12,18:00:00,91.803,91.853,91.255,91.529,5881,0
2018-01-12,19:00:00,91.554,91.853,91.479,91.753,4446,0
2018-01-12,20:00:00,91.703,91.903,91.604,91.803,5436,0
2018-01-12,21:00:00,91.803,91.853,91.428,91.679,15256,0
2018-01-12,22:00:00,91.703,91.853,91.305,91.504,17758,0
2018-01-16,16:00:00,92.102,93.097,91.903,92.127,12313,0
2018-01-16,17:00:00,91.952,92.55,91.952,92.4,12882,0
2018-01-16,18:00:00,92.102,92.102,91.305,91.305,4035,0
2018-01-16,19:00:00,91.317,91.455,91.156,91.156,5196,0
2018-01-16,20:00:00,91.156,91.255,90.903,91.106,7466,0
2018-01-16,21:00:00,91.006,91.006,90.31,90.807,11287,0
2018-01-16,22:00:00,90.907,91.305,90.807,91.006,15905,0
2018-01-17,16:00:00,91.305,91.355,89.911,90.459,1728,0
2018-01-17,17:00:00,90.509,91.604,90.061,91.355,11371,0
2018-01-17,18:00:00,91.305,91.604,91.006,91.006,11563,0
2018-01-17,19:00:00,91.131,91.903,91.006,91.903,13617,0
2018-01-17,20:00:00,91.903,92.251,91.803,92.201,7964,0
2018-01-17,21:00:00,92.127,92.251,91.803,92.002,9976,0
2018-01-17,22:00:00,92.102,92.102,91.255,91.604,25548,0
2018-01-18,16:00:00,91.106,92.052,90.509,91.405,10387,0
2018-01-18,17:00:00,91.554,92.749,91.504,91.952,13252,0
2018-01-18,18:00:00,91.753,92.351,91.504,91.604,10148,0
2018-01-18,19:00:00,91.604,91.753,91.305,91.554,3877,0
2018-01-18,20:00:00,91.504,91.703,91.455,91.604,3409,0
2018-01-18,21:00:00,91.554,91.703,91.056,91.056,4771,0
2018-01-18,22:00:00,91.056,91.255,90.608,90.957,20903,0
2018-01-19,16:00:00,90.957,91.504,90.957,91.504,4402,0
2018-01-19,17:00:00,91.504,92.301,91.255,91.355,21937,0
2018-01-19,18:00:00,91.455,92.002,91.455,92.002,9839,0
2018-01-19,19:00:00,92.152,92.55,92.002,92.276,4118,0
2018-01-19,20:00:00,92.251,92.4,91.853,92.152,14439,0
2018-01-19,21:00:00,92.201,92.6,92.002,92.45,20087,0
2018-01-19,22:00:00,92.4,93.097,92.351,92.998,20271,0
2018-01-22,16:00:00,92.799,92.799,91.405,91.504,7096,0
2018-01-22,17:00:00,91.654,92.201,91.654,91.654,3526,0
2018-01-22,18:00:00,91.703,91.952,91.405,91.828,4035,0
2018-01-22,19:00:00,91.903,92.102,91.604,91.604,2610,0
2018-01-22,20:00:00,91.604,91.853,91.504,91.853,4656,0
2018-01-22,21:00:00,91.703,91.803,91.355,91.604,4114,0
2018-01-22,22:00:00,91.654,91.903,91.604,91.853,19781,0
2018-01-23,16:00:00,91.504,93.197,91.504,92.6,4050,0
2018-01-23,17:00:00,92.699,92.699,91.853,92.052,14485,0
2018-01-23,18:00:00,92.251,92.301,91.903,91.903,4775,0
2018-01-23,19:00:00,91.903,92.102,91.604,91.654,9028,0
2018-01-23,20:00:00,92.002,92.301,91.952,91.952,2657,0
2018-01-23,21:00:00,92.102,92.301,91.952,92.201,2770,0
2018-01-23,22:00:00,92.052,92.55,91.803,92.102,46838,0
2018-01-24,16:00:00,92.898,92.898,90.808,92.052,3655,0
2018-01-24,17:00:00,91.952,92.699,91.753,92.002,18702,0
2018-01-24,18:00:00,92.102,92.201,91.355,91.554,6123,0
2018-01-24,19:00:00,91.554,91.554,90.359,90.459,7275,0
2018-01-24,20:00:00,90.459,91.355,90.011,91.355,20779,0
2018-01-24,21:00:00,91.156,91.903,91.156,91.654,12827,0
2018-01-24,22:00:00,91.554,91.952,91.405,91.654,21007,0
2018-01-25,16:00:00,92.152,92.624,91.703,91.952,1808,0
2018-01-25,17:00:00,91.803,91.803,91.255,91.455,9566,0
2018-01-25,18:00:00,91.455,92.301,91.405,92.002,5222,0
2018-01-25,19:00:00,92.002,92.301,91.753,91.803,4045,0
2018-01-25,20:00:00,91.753,92.251,91.703,92.251,3154,0
2018-01-25,21:00:00,92.251,92.45,91.903,92.152,5824,0
2018-01-25,22:00:00,92.052,92.301,91.604,92.201,25270,0
2018-01-26,16:00:00,92.45,92.948,90.708,92.052,2349,0
2018-01-26,17:00:00,92.102,92.102,91.703,91.703,3233,0
2018-01-26,18:00:00,91.703,91.853,91.63,91.63,1334,0
2018-01-26,19:00:00,91.703,91.853,91.703,91.853,1001,0
2018-01-26,20:00:00,91.703,91.703,91.355,91.629,7646,0
2018-01-26,21:00:00,91.554,91.604,91.405,91.504,4670,0
2018-01-26,22:00:00,91.504,92.201,91.504,92.152,10903,0
2018-01-29,16:00:00,92.102,92.55,91.604,91.604,3641,0
2018-01-29,17:00:00,91.604,92.102,91.38,91.903,7338,0
2018-01-29,18:00:00,91.878,92.152,91.753,91.928,3434,0
2018-01-29,19:00:00,92.052,92.201,91.903,91.903,1307,0
2018-01-29,20:00:00,92.002,92.102,91.703,91.703,3378,0
2018-01-29,21:00:00,91.703,92.002,91.604,91.879,3196,0
2018-01-29,22:00:00,91.803,91.853,91.405,91.554,23611,0
2018-01-30,16:00:00,90.608,91.425,90.608,91.056,3626,0
2018-01-30,17:00:00,90.857,91.355,90.807,91.106,9696,0
2018-01-30,18:00:00,91.156,91.206,90.658,90.758,13952,0
2018-01-30,19:00:00,90.758,91.006,90.658,91.006,4978,0
2018-01-30,20:00:00,90.857,91.455,90.658,91.355,1406,0
2018-01-30,21:00:00,91.305,91.305,91.006,91.106,6433,0
2018-01-30,22:00:00,90.957,91.43,90.957,91.206,37852,0
2018-01-31,16:00:00,91.455,91.455,90.509,90.509,2447,0
2018-01-31,17:00:00,91.305,91.504,90.708,90.907,5735,0
2018-01-31,18:00:00,90.907,91.504,90.907,91.355,5816,0
2018-01-31,19:00:00,91.206,91.654,91.156,91.529,2760,0
2018-01-31,20:00:00,91.604,92.002,91.455,91.903,4159,0
2018-01-31,21:00:00,91.604,92.002,90.061,91.455,17411,0
2018-01-31,22:00:00,91.33,92.002,91.056,91.903,42263,0
2018-02-01,16:00:00,94.989,97.578,92.6,92.6,7102,0
2018-02-01,17:00:00,92.6,92.649,90.21,91.305,20335,0
2018-02-01,18:00:00,91.006,94.691,91.006,94.691,9580,0
2018-02-01,19:00:00,94.74,94.84,93.745,94.168,14298,0
2018-02-01,20:00:00,93.994,95.582,93.894,94.74,7344,0
2018-02-01,21:00:00,94.989,98.175,94.84,97.628,24488,0
2018-02-01,22:00:00,97.777,99.271,97.006,99.271,51569,0
2018-02-02,16:00:00,99.37,99.37,96.782,97.727,22861,0
2018-02-02,17:00:00,97.429,97.429,94.491,94.691,32491,0
2018-02-02,18:00:00,94.79,94.939,93.894,94.541,46759,0
2018-02-02,19:00:00,94.241,94.342,92.251,92.699,30622,0
2018-02-02,20:00:00,92.6,92.649,91.903,92.102,20847,0
2018-02-02,21:00:00,91.903,92.027,90.658,90.758,31910,0
2018-02-02,22:00:00,90.658,92.122,90.658,91.803,53493,0
2018-02-05,16:00:00,89.613,91.305,88.965,91.305,41569,0
2018-02-05,17:00:00,91.156,92.028,90.608,90.857,27122,0
2018-02-05,18:00:00,90.957,91.156,90.559,90.807,6535,0
2018-02-05,19:00:00,90.758,90.807,90.16,90.807,9510,0
2018-02-05,20:00:00,90.608,91.206,90.558,90.907,21293,0
2018-02-05,21:00:00,90.957,91.106,89.861,89.861,26044,0
2018-02-05,22:00:00,89.861,90.409,88.169,89.613,73520,0
2018-02-06,16:00:00,87.173,91.206,86.343,90.608,11226,0
2018-02-06,17:00:00,90.083,91.006,89.762,90.608,14804,0
2018-02-06,18:00:00,90.26,90.608,89.115,89.613,6299,0
2018-02-06,19:00:00,89.712,89.961,89.214,89.314,7683,0
2018-02-06,20:00:00,89.413,89.712,88.517,88.531,6509,0
2018-02-06,21:00:00,88.418,90.16,88.169,90.16,19806,0
2018-02-06,22:00:00,90.21,90.857,89.463,89.861,51435,0
2018-02-07,16:00:00,89.662,91.056,89.662,89.762,1503,0
2018-02-07,17:00:00,89.712,90.558,89.513,90.235,6515,0
2018-02-07,18:00:00,90.21,90.359,89.413,89.961,11676,0
2018-02-07,19:00:00,89.911,90.359,89.812,90.11,8956,0
2018-02-07,20:00:00,89.861,90.31,89.164,90.11,15162,0
2018-02-07,21:00:00,90.061,90.21,89.463,89.662,7290,0
2018-02-07,22:00:00,89.961,90.26,89.364,89.463,24887,0
2018-02-08,16:00:00,89.911,90.173,89.463,89.588,3403,0
2018-02-08,17:00:00,89.438,89.662,89.065,89.314,7205,0
2018-02-08,18:00:00,89.463,89.463,88.617,89.214,5077,0
2018-02-08,19:00:00,89.015,89.164,87.828,88.069,6780,0
2018-02-08,20:00:00,88.119,89.264,88.044,88.816,7885,0
2018-02-08,21:00:00,88.637,88.637,88.019,88.318,10728,0
2018-02-08,22:00:00,88.368,88.567,86.526,86.625,31416,0
2018-02-09,16:00:00,87.073,87.173,86.167,86.327,10114,0
2018-02-09,17:00:00,86.327,86.327,84.435,85.381,10206,0
2018-02-09,18:00:00,85.53,85.928,84.883,84.933,10151,0
2018-02-09,19:00:00,84.634,84.684,83.439,84.186,23243,0
2018-02-09,20:00:00,84.584,85.68,84.186,85.431,14460,0
2018-02-09,21:00:00,85.48,86.775,85.48,86.078,6630,0
2018-02-09,22:00:00,86.078,88.019,85.779,87.372,35078,0
2018-02-12,16:00:00,87.721,88.716,87.522,87.522,2862,0
2018-02-12,17:00:00,87.571,87.82,86.551,87.621,4549,0
2018-02-12,18:00:00,87.322,87.82,86.974,87.82,1888,0
2018-02-12,19:00:00,87.87,88.318,87.82,88.268,3633,0
2018-02-12,20:00:00,87.77,89.015,87.77,88.916,2914,0
2018-02-12,21:00:00,88.667,88.816,88.069,88.169,7088,0
2018-02-12,22:00:00,88.368,88.667,87.571,87.82,21897,0
2018-02-13,16:00:00,87.522,87.92,87.123,87.273,2620,0
2018-02-13,17:00:00,87.074,88.119,87.073,88.019,5546,0
2018-02-13,18:00:00,87.82,88.268,87.671,88.169,9419,0
2018-02-13,19:00:00,88.119,88.318,87.87,88.119,5706,0
2018-02-13,20:00:00,88.219,88.667,88.069,88.219,4497,0
2018-02-13,21:00:00,88.268,88.916,88.069,88.617,5815,0
2018-02-13,22:00:00,88.418,88.816,88.069,88.617,23761,0
2018-02-14,16:00:00,88.766,89.762,88.766,89.762,1360,0
2018-02-14,17:00:00,89.364,89.613,88.667,88.916,1783,0
2018-02-14,18:00:00,88.866,89.463,88.368,89.314,4611,0
2018-02-14,19:00:00,89.413,89.613,89.214,89.314,3303,0
2018-02-14,20:00:00,89.463,90.11,89.264,89.961,3510,0
2018-02-14,21:00:00,90.26,90.459,89.951,90.359,5084,0
2018-02-14,22:00:00,90.359,90.857,90.31,90.758,23608,0
2018-02-15,16:00:00,91.455,91.903,90.537,90.782,1346,0
2018-02-15,17:00:00,90.708,91.056,89.065,89.065,5329,0
2018-02-15,18:00:00,89.314,90.11,88.716,89.613,6171,0
2018-02-15,19:00:00,89.613,89.662,89.413,89.513,3013,0
2018-02-15,20:00:00,89.563,89.762,89.314,89.588,5387,0
2018-02-15,21:00:00,89.314,89.961,89.314,89.613,4943,0
2018-02-15,22:00:00,89.762,89.861,89.364,89.613,21246,0
2018-02-16,16:00:00,89.115,89.662,89.115,89.662,2085,0
2018-02-16,17:00:00,89.861,90.459,89.413,89.861,4865,0
2018-02-16,18:00:00,89.752,90.16,89.115,89.115,7817,0
2018-02-16,19:00:00,89.214,90.011,89.065,89.812,8419,0
2018-02-16,20:00:00,89.812,89.812,88.866,89.115,5275,0
2018-02-16,21:00:00,89.164,89.264,88.866,89.164,6857,0
2018-02-16,22:00:00,89.356,89.356,88.716,89.015,31330,0
2018-02-20,16:00:00,88.866,90.807,88.866,89.861,1988,0
2018-02-20,17:00:00,89.413,89.762,88.916,89.214,11543,0
2018-02-20,18:00:00,89.364,90.509,89.364,90.509,6484,0
2018-02-20,19:00:00,90.409,90.907,89.986,90.11,3861,0
2018-02-20,20:00:00,90.061,90.31,89.463,90.26,4464,0
2018-02-20,21:00:00,90.31,90.459,88.943,89.637,24209,0
2018-02-20,22:00:00,89.413,89.613,88.965,89.413,34258,0
2018-02-21,16:00:00,89.613,91.206,89.613,90.16,785,0
2018-02-21,17:00:00,90.633,92.002,90.633,91.803,11001,0
2018-02-21,18:00:00,91.853,91.853,91.056,91.355,8493,0
2018-02-21,19:00:00,91.355,91.355,90.708,91.206,11379,0
2018-02-21,20:00:00,91.305,91.703,90.957,91.405,5072,0
2018-02-21,21:00:00,91.181,91.504,90.16,90.31,6986,0
2018-02-21,22:00:00,90.26,90.26,89.314,89.413,53224,0
2018-02-22,16:00:00,88.617,88.617,86.825,87.472,42712,0
2018-02-22,17:00:00,87.472,88.119,87.123,88.085,22675,0
2018-02-22,18:00:00,88.019,89.563,88.019,89.115,7629,0
2018-02-22,19:00:00,89.115,89.115,87.223,87.721,54538,0
2018-02-22,20:00:00,87.77,87.919,87.173,87.919,29824,0
2018-02-22,21:00:00,87.87,88.368,86.675,86.675,12047,0
2018-02-22,22:00:00,86.725,87.123,86.377,86.725,44441,0
2018-02-23,16:00:00,85.9,87.25,85.7775,86.4,6788,0
2018-02-23,17:00:00,86.15,86.5,85.3,86.3,6578,0
2018-02-23,18:00:00,86.45,86.65,86.2,86.6,4998,0
2018-02-23,19:00:00,86.6,86.6,85.7,85.75,4295,0
2018-02-23,20:00:00,85.75,86.1,85.4025,85.85,31625,0
2018-02-23,21:00:00,85.95,86.3,85.85,86.3,11470,0
2018-02-23,22:00:00,86.15,86.45,85.8,86.2,42158,0
2018-02-26,16:00:00,86.35,87.95,86.35,87.15,10260,0
2018-02-26,17:00:00,87.2,89,87.2,87.85,54586,0
2018-02-26,18:00:00,87.55,88.1,87.55,87.9,16248,0
2018-02-26,19:00:00,87.95,89,87.9,88.85,13856,0
2018-02-26,20:00:00,88.825,89.45,88.55,89.175,13813,0
2018-02-26,21:00:00,89.15,89.85,88.95,89.65,46620,0
2018-02-26,22:00:00,89.6,89.65,88.05,88.5,63607,0
2018-02-27,16:00:00,88.35,89.1,87.75,88.2,5817,0
2018-02-27,17:00:00,88.35,88.525,87.25,87.5,9546,0
2018-02-27,18:00:00,87.55,87.825,87.15,87.325,9178,0
2018-02-27,19:00:00,87.325,88.05,87.3,88.05,3944,0
2018-02-27,20:00:00,88.1,88.1,87.45,87.55,5939,0
2018-02-27,21:00:00,87.6,87.6,86.85,86.95,9053,0
2018-02-27,22:00:00,86.85,87.25,86.6,86.6,46162,0
2018-02-28,16:00:00,86.7,86.7,85,85.65,17527,0
2018-02-28,17:00:00,85.7,85.85,84.35,84.6,15035,0
2018-02-28,18:00:00,84.7,85.05,84.4,84.75,9631,0
2018-02-28,19:00:00,84.95,85.4,84.9,85.175,8928,0
2018-02-28,20:00:00,85.1,85.4,85.05,85.1,13874,0
2018-02-28,21:00:00,85.2,85.8,84.7,84.76,20920,0
2018-02-28,22:00:00,84.6,84.6,83.4,83.5,43555,0
2018-03-01,16:00:00,83.3,83.3,83,83.1,2477,0
2018-03-01,17:00:00,83.15,85.2,83.15,84.45,8126,0
2018-03-01,18:00:00,84.5,85.25,84.3,85.25,7696,0
2018-03-01,19:00:00,85.2,85.225,84.55,85.1,8536,0
2018-03-01,20:00:00,85,85.55,84.5,84.6,13960,0
2018-03-01,21:00:00,84.575,85.05,84.4,84.85,23358,0
2018-03-01,22:00:00,85,85.35,84.65,85,33849,0
2018-03-02,16:00:00,84.1,84.1,82.95,83.25,3384,0
2018-03-02,17:00:00,83.1,83.85,83.1,83.5,8481,0
2018-03-02,18:00:00,83.6,84.4,83.45,84.3,68636,0
2018-03-02,19:00:00,84.65,85.85,84.3,85.85,18499,0
2018-03-02,20:00:00,85.8,85.85,84.75,85.05,7062,0
2018-03-02,21:00:00,85.2,85.55,84.8,84.8,7281,0
2018-03-02,22:00:00,84.75,85.9,84.7,85.7,25921,0
2018-03-05,16:00:00,85.15,85.4,84.895,85.2,7784,0
2018-03-05,17:00:00,85.2,86.5,85.2,86.5,6120,0
2018-03-05,18:00:00,86.6,87.3,86.6,87.1,7021,0
2018-03-05,19:00:00,87.1,87.55,86.998,87.45,9978,0
2018-03-05,20:00:00,87.65,87.95,87.6,87.75,5550,0
2018-03-05,21:00:00,87.9,88,87.05,87.5,18101,0
2018-03-05,22:00:00,87.6,87.95,86.95,87,33768,0
2018-03-06,16:00:00,87.45,88.9,86.75,88.1,36915,0
2018-03-06,17:00:00,88.4,88.4,86.9,87.75,39666,0
2018-03-06,18:00:00,87.6,88.55,87.4,88.55,16215,0
2018-03-06,19:00:00,88.65,89.25,88.25,88.85,45735,0
2018-03-06,20:00:00,88.85,88.95,87.75,87.9,8129,0
2018-03-06,21:00:00,88,88.4,87.95,88.4,5960,0
2018-03-06,22:00:00,88.45,88.5,87.6,87.9,30067,0
2018-03-07,16:00:00,86.95,88.1,86.1,86.1,1025,0
2018-03-07,17:00:00,86.7,87.8,86.4,87.593,11028,0
2018-03-07,18:00:00,87.65,87.65,86.85,86.85,3311,0
2018-03-07,19:00:00,86.7,86.95,86.5,86.9,7668,0
2018-03-07,20:00:00,87.05,87.65,86.5,87.2,19149,0
2018-03-07,21:00:00,87.3,87.4,86.9,87,6311,0
2018-03-07,22:00:00,86.975,87.15,86.55,86.65,32409,0
2018-03-08,16:00:00,86.975,87,86.35,86.4,1490,0
2018-03-08,17:00:00,86.25,86.4499,85.5,85.85,12304,0
2018-03-08,18:00:00,85.8,86.1,85.5,85.9,5293,0
2018-03-08,19:00:00,85.75,85.95,85.2,85.35,16231,0
2018-03-08,20:00:00,85.5,85.8,85.4,85.8,4861,0
2018-03-08,21:00:00,85.7,85.9,85.3,85.65,9338,0
2018-03-08,22:00:00,85.8,86.75,85.55,86,51109,0
2018-03-09,16:00:00,86.5,87.05,86.4,86.9,1980,0
2018-03-09,17:00:00,86.75,87.5,86.5,87.425,5951,0
2018-03-09,18:00:00,87.5,88,87.5,88,6212,0
2018-03-09,19:00:00,88,88.5,88,88.3,11865,0
2018-03-09,20:00:00,88.4,88.75,88.2,88.4,9020,0
2018-03-09,21:00:00,88.35,88.85,88.3,88.85,11398,0
2018-03-09,22:00:00,88.9,89.05,88.7,88.85,25911,0
2018-03-12,15:00:00,89.25,89.6,88.55,89.15,47635,0
2018-03-12,16:00:00,89.25,89.75,86.9,86.9,73776,0
2018-03-12,17:00:00,87.1,88,86.85,87.95,23585,0
2018-03-12,18:00:00,87.9,88.2,87.9,88.15,3262,0
2018-03-12,19:00:00,88.25,89,88.2,88.7895,5023,0
2018-03-12,20:00:00,88.9,88.9,88.4,88.4,2051,0
2018-03-12,21:00:00,88.55,88.55,87.65,88.1,42805,0
2018-03-13,15:00:00,88.2,89.875,88.05,88.95,4528,0
2018-03-13,16:00:00,88.95,89.7,88.6,88.85,11009,0
2018-03-13,17:00:00,88.85,88.925,88.1,88.1,5213,0
2018-03-13,18:00:00,88,88.2,87.6,88.2,8282,0
2018-03-13,19:00:00,88.35,89.2,88.225,88.6,25950,0
2018-03-13,20:00:00,88.5,88.6,87.95,88.2,6938,0
2018-03-13,21:00:00,88.2,88.4,87.65,87.85,20350,0
2018-03-14,15:00:00,88,88.05,87.15,87.45,2802,0
2018-03-14,16:00:00,87.6,88.3,87.6,88.15,4971,0
2018-03-14,17:00:00,88.35,88.4,87.5,87.7,5038,0
2018-03-14,18:00:00,87.5,88.25,87.5,88.2,3400,0
2018-03-14,19:00:00,88,88.45,87.95,88.45,3523,0
2018-03-14,20:00:00,88.225,88.45,87.85,88.05,5229,0
2018-03-14,21:00:00,87.9,88.15,87.7,87.9,23653,0
2018-03-15,15:00:00,88.2,88.5,87.95,87.95,1557,0
2018-03-15,16:00:00,87.715,87.9,87.15,87.15,2876,0
2018-03-15,17:00:00,87.15,88.1,87.15,87.55,38412,0
2018-03-15,18:00:00,87.55,87.7,86.75,86.9,15538,0
2018-03-15,19:00:00,86.9,87.1,86.35,86.35,12115,0
2018-03-15,20:00:00,86.3,86.5,86.05,86.5,14881,0
2018-03-15,21:00:00,86.7,86.7,86.2,86.25,19610,0
2018-03-16,15:00:00,86.55,87.1,86.2,86.95,23581,0
2018-03-16,16:00:00,86.7996,87.55,86.1,87.55,28700,0
2018-03-16,17:00:00,87.35,87.85,87.05,87.65,5054,0
2018-03-16,18:00:00,87.2,87.6,87.05,87.25,4491,0
2018-03-16,19:00:00,87.3,87.35,86.85,86.85,4220,0
2018-03-16,20:00:00,87,87.4,86.95,87.4,6810,0
2018-03-16,21:00:00,87.55,87.7,87.35,87.5,79344,0
2018-03-19,15:00:00,87.45,87.55,87.45,87.55,1417,0
2018-03-19,16:00:00,87.6,87.6,86.2212,86.2212,3848,0
2018-03-19,17:00:00,86.1001,86.35,85.475,85.475,4158,0
2018-03-19,18:00:00,85.4,85.45,84.45,84.8,8416,0
2018-03-19,19:00:00,84.65,85.1,84,85.1,8972,0
2018-03-19,20:00:00,85.3,85.35,84.55,84.925,6537,0
2018-03-19,21:00:00,84.85,85.5,84.85,85.3,21826,0
2018-03-20,15:00:00,85.3,86.5,84.8788,85.725,2039,0
2018-03-20,16:00:00,85.5245,85.8,85.425,85.7,2892,0
2018-03-20,17:00:00,85.85,85.9,85.5,85.675,7556,0
2018-03-20,18:00:00,85.8,85.85,85.45,85.85,10227,0
2018-03-20,19:00:00,85.9,85.9,85.4,85.4,4289,0
2018-03-20,20:00:00,85.35,85.9,85.35,85.75,4300,0
2018-03-20,21:00:00,85.85,85.85,85.45,85.6,12130,0
2018-03-21,15:00:00,85.5,85.8,84.9,85.8,1274,0
2018-03-21,16:00:00,85.5,85.65,85.15,85.65,1919,0
2018-03-21,17:00:00,85.55,85.75,85.3,85.4,1994,0
2018-03-21,18:00:00,85.35,85.4,84.75,84.75,4195,0
2018-03-21,19:00:00,84.9,85.3,84.8,85.15,34075,0
2018-03-21,20:00:00,85.3,86.35,85,86.35,78202,0
2018-03-21,21:00:00,86.4,86.4,85.65,86,49076,0
2018-03-22,15:00:00,84.9,86.25,84.9,85.475,4036,0
2018-03-22,16:00:00,85.1,86.1,85,85.05,7138,0
2018-03-22,17:00:00,84.75,85.2,84.0125,84.425,22252,0
2018-03-22,18:00:00,84.5,85.6,84.5,85.25,8817,0
2018-03-22,19:00:00,85.05,85.75,84.95,85.75,9959,0
2018-03-22,20:00:00,85.7,85.95,85.05,85.05,12789,0
2018-03-22,21:00:00,85.2,85.25,84.6,84.9,122077,0
2018-03-23,15:00:00,84.65,84.775,82.25,82.25,5183,0
2018-03-23,16:00:00,82.65,82.95,82.15,82.35,4901,0
2018-03-23,17:00:00,82.375,82.375,80.1,80.1,6840,0
2018-03-23,18:00:00,79.85,81.15,79.85,80.9,10172,0
2018-03-23,19:00:00,80.8,81.55,80.8,81.25,4498,0
2018-03-23,20:00:00,81.35,81.95,81.3,81.3,21059,0
2018-03-23,21:00:00,81.4,81.7499,80.15,80.2,49794,0
2018-03-26,16:00:00,81.65,81.8275,81.625,81.625,1534,0
2018-03-26,17:00:00,81.5,82.15,81.5,82.05,7056,0
2018-03-26,18:00:00,82.2,82.45,81.7875,82.25,6176,0
2018-03-26,19:00:00,82.2112,82.6,81.8,81.9,8158,0
2018-03-26,20:00:00,81.85,82.45,81.8,82.2,6112,0
2018-03-26,21:00:00,82.3,83.775,82.3,83.65,12410,0
2018-03-26,22:00:00,83.8,84.1,83.7,83.85,47781,0
2018-03-27,16:00:00,84.4,85.25,83.9,84.6,1940,0
2018-03-27,17:00:00,83.6,84.45,83.35,83.75,7400,0
2018-03-27,18:00:00,83.45,84.125,83.1,83.7,10631,0
2018-03-27,19:00:00,83.7,83.95,83.375,83.65,4469,0
2018-03-27,20:00:00,83.85,84.05,82.85,83,4444,0
2018-03-27,21:00:00,83.0402,83.05,82.3,82.3,7474,0
2018-03-27,22:00:00,82.15,82.2,80.65,81.1,33561,0
2018-03-28,16:00:00,80.85,81.25,80.365,80.725,3833,0
2018-03-28,17:00:00,80.75,81.15,79.95,79.95,2945,0
2018-03-28,18:00:00,80.1,80.65,80.1,80.3,4569,0
2018-03-28,19:00:00,80.3,80.9,80.3,80.45,5170,0
2018-03-28,20:00:00,80.25,81.3,80.15,81,4816,0
2018-03-28,21:00:00,81.1,81.55,80.85,81,7837,0
2018-03-28,22:00:00,81.05,81.25,80.45,80.55,46325,0
2018-03-29,16:00:00,81.4,81.4,81.25,81.25,1549,0
2018-03-29,17:00:00,81.45,82.3,81.25,82.3,6592,0
2018-03-29,18:00:00,82.3,82.45,81.45,81.75,4574,0
2018-03-29,19:00:00,81.65,82.049,81.6,82,5448,0
2018-03-29,20:00:00,82.025,83.05,81.8,83,9587,0
2018-03-29,21:00:00,82.9,83.2,82.75,83.1,8801,0
2018-03-29,22:00:00,83.05,83.2,82.75,83.05,83126,0
