Date,Time,Open,High,Low,Close,Volume,OpenInt
2017-08-15,16:00:00,24.875,24.906,24.875,24.906,1680,0
2017-08-15,17:00:00,24.885,24.885,24.885,24.885,1929,0
2017-08-15,18:00:00,24.933,24.933,24.933,24.933,308,0
2017-08-15,19:00:00,24.911,24.913,24.911,24.913,206,0
2017-08-15,20:00:00,24.904,24.962,24.904,24.956,5603,0
2017-08-15,22:00:00,24.926,24.926,24.91,24.91,227,0
2017-08-16,16:00:00,24.904,24.904,24.904,24.904,436,0
2017-08-16,17:00:00,24.923,24.958,24.923,24.953,1030,0
2017-08-16,18:00:00,24.962,24.962,24.962,24.962,308,0
2017-08-16,20:00:00,24.947,24.947,24.947,24.947,107,0
2017-08-16,21:00:00,24.958,24.958,24.958,24.958,206,0
2017-08-16,22:00:00,24.962,24.962,24.923,24.953,2637,0
2017-08-17,16:00:00,24.913,24.951,24.913,24.951,1314,0
2017-08-17,17:00:00,24.904,24.918,24.902,24.902,2750,0
2017-08-17,20:00:00,24.913,24.913,24.865,24.865,415,0
2017-08-17,22:00:00,24.865,24.913,24.865,24.913,412,0
2017-08-18,16:00:00,24.865,24.876,24.865,24.876,937,0
2017-08-18,17:00:00,24.865,24.913,24.865,24.886,2523,0
2017-08-18,18:00:00,24.865,24.895,24.865,24.895,824,0
2017-08-18,19:00:00,24.913,24.913,24.913,24.913,217,0
2017-08-18,20:00:00,24.904,24.904,24.898,24.904,2566,0
2017-08-18,21:00:00,24.874,24.89,24.874,24.89,316,0
2017-08-21,16:00:00,24.855,24.855,24.855,24.855,171,0
2017-08-21,17:00:00,24.845,24.845,24.681,24.69,30020,0
2017-08-21,18:00:00,24.69,24.7,24.69,24.69,3397,0
2017-08-21,19:00:00,24.695,24.709,24.681,24.684,3089,0
2017-08-21,20:00:00,24.7,24.719,24.681,24.719,118446,0
2017-08-21,22:00:00,24.7,24.729,24.7,24.728,2844,0
2017-08-22,16:00:00,24.709,24.709,24.709,24.709,2313,0
2017-08-22,17:00:00,24.729,24.738,24.709,24.709,1132,0
2017-08-22,18:00:00,24.709,24.71,24.709,24.709,514,0
2017-08-22,19:00:00,24.719,24.728,24.69,24.728,10627,0
2017-08-22,20:00:00,24.719,24.729,24.719,24.729,514,0
2017-08-22,21:00:00,24.728,24.73,24.727,24.73,1505,0
2017-08-22,22:00:00,24.709,24.738,24.709,24.738,5395,0
2017-08-23,16:00:00,24.709,24.709,24.709,24.709,871,0
2017-08-23,17:00:00,24.729,24.749,24.729,24.749,766,0
2017-08-23,19:00:00,24.756,24.758,24.756,24.758,258,0
2017-08-23,20:00:00,24.759,24.759,24.758,24.758,2890,0
2017-08-23,21:00:00,24.729,24.749,24.729,24.732,1160,0
2017-08-23,22:00:00,24.719,24.719,24.719,24.719,926,0
2017-08-24,16:00:00,24.719,24.72,24.719,24.72,665,0
2017-08-24,17:00:00,24.719,24.719,24.719,24.719,1132,0
2017-08-24,18:00:00,24.728,24.737,24.719,24.737,2585,0
2017-08-24,19:00:00,24.739,24.758,24.739,24.758,2405,0
2017-08-24,20:00:00,24.745,24.745,24.739,24.739,993,0
2017-08-24,21:00:00,24.758,24.758,24.745,24.754,748,0
2017-08-24,22:00:00,24.758,24.787,24.739,24.787,7457,0
2017-08-25,16:00:00,24.749,24.749,24.749,24.749,278,0
2017-08-25,17:00:00,24.768,24.817,24.768,24.795,2292,0
2017-08-25,18:00:00,24.78,24.797,24.777,24.777,390,0
2017-08-25,20:00:00,24.791,24.791,24.777,24.777,1664,0
2017-08-25,21:00:00,24.807,24.807,24.778,24.778,1274,0
2017-08-25,22:00:00,24.79,24.797,24.777,24.777,3089,0
2017-08-28,16:00:00,24.768,24.807,24.768,24.807,1284,0
2017-08-28,17:00:00,24.768,24.777,24.758,24.768,3262,0
2017-08-28,18:00:00,24.781,24.817,24.78,24.817,6600,0
2017-08-28,19:00:00,24.826,24.826,24.826,24.826,102,0
2017-08-28,20:00:00,24.816,24.817,24.768,24.768,2120,0
2017-08-28,21:00:00,24.768,24.792,24.768,24.792,2883,0
2017-08-28,22:00:00,24.768,24.817,24.768,24.817,2775,0
2017-08-29,16:00:00,24.739,24.768,24.739,24.768,1337,0
2017-08-29,17:00:00,24.807,24.855,24.797,24.855,18854,0
2017-08-29,18:00:00,24.818,24.855,24.817,24.855,13939,0
2017-08-29,19:00:00,24.855,24.855,24.855,24.855,432,0
2017-08-29,20:00:00,24.855,24.855,24.836,24.836,654,0
2017-08-29,21:00:00,24.855,24.855,24.855,24.855,1716,0
2017-08-29,22:00:00,24.855,24.855,24.817,24.817,514,0
2017-08-30,16:00:00,24.787,24.81,24.777,24.777,1259,0
2017-08-30,17:00:00,24.787,24.787,24.787,24.787,206,0
2017-08-30,18:00:00,24.787,24.787,24.787,24.787,308,0
2017-08-30,19:00:00,24.805,24.835,24.787,24.812,1372,0
2017-08-30,20:00:00,24.812,24.836,24.787,24.822,618,0
2017-08-30,21:00:00,24.826,24.826,24.787,24.787,2973,0
2017-08-30,22:00:00,24.831,24.875,24.807,24.875,2162,0
2017-08-31,16:00:00,24.797,24.845,24.797,24.845,444,0
2017-08-31,18:00:00,24.817,24.841,24.817,24.841,1493,0
2017-08-31,19:00:00,24.825,24.865,24.817,24.817,853,0
2017-08-31,20:00:00,24.855,24.865,24.841,24.865,926,0
2017-08-31,21:00:00,24.865,24.875,24.834,24.875,1496,0
2017-08-31,22:00:00,24.885,24.904,24.87,24.904,7414,0
2017-09-01,16:00:00,24.845,24.855,24.845,24.855,874,0
2017-09-01,17:00:00,24.894,24.894,24.885,24.894,625,0
2017-09-01,18:00:00,24.894,24.894,24.894,24.894,1085,0
2017-09-01,20:00:00,24.904,24.904,24.898,24.898,1353,0
2017-09-01,21:00:00,24.913,24.943,24.894,24.894,3387,0
2017-09-05,16:00:00,24.855,24.855,24.855,24.855,243,0
2017-09-05,17:00:00,24.865,24.865,24.865,24.865,1483,0
2017-09-05,18:00:00,24.869,24.869,24.869,24.869,206,0
2017-09-05,19:00:00,24.865,24.865,24.865,24.865,1894,0
2017-09-05,20:00:00,24.877,24.877,24.877,24.877,618,0
2017-09-05,22:00:00,24.894,24.943,24.894,24.942,824,0
2017-09-06,17:00:00,24.859,24.885,24.859,24.885,2265,0
2017-09-06,18:00:00,24.865,24.865,24.817,24.817,11468,0
2017-09-06,22:00:00,24.943,24.943,24.943,24.943,1441,0
2017-09-07,16:00:00,24.904,24.904,24.904,24.904,351,0
2017-09-07,17:00:00,24.913,24.913,24.885,24.885,3059,0
2017-09-07,18:00:00,24.913,24.913,24.909,24.909,783,0
2017-09-07,19:00:00,24.913,24.913,24.91,24.91,720,0
2017-09-07,20:00:00,24.892,24.91,24.892,24.91,772,0
2017-09-07,21:00:00,24.888,24.888,24.888,24.888,341,0
2017-09-07,22:00:00,24.903,24.913,24.885,24.913,1287,0
2017-09-08,16:00:00,24.817,24.913,24.817,24.913,3211,0
2017-09-08,17:00:00,24.913,24.913,24.886,24.913,3967,0
2017-09-08,19:00:00,24.845,24.855,24.845,24.855,412,0
2017-09-08,20:00:00,24.855,24.855,24.845,24.845,993,0
2017-09-08,21:00:00,24.845,24.845,24.845,24.845,412,0
2017-09-08,22:00:00,24.845,24.845,24.845,24.845,1204,0
2017-09-11,16:00:00,24.845,24.845,24.845,24.845,315,0
2017-09-11,17:00:00,24.885,24.885,24.885,24.885,1030,0
2017-09-11,18:00:00,24.875,24.875,24.875,24.875,206,0
2017-09-11,19:00:00,24.904,24.904,24.904,24.904,102,0
2017-09-11,21:00:00,24.875,24.904,24.875,24.904,1338,0
2017-09-11,22:00:00,24.904,24.904,24.904,24.904,926,0
2017-09-12,16:00:00,24.865,24.904,24.865,24.904,1929,0
2017-09-12,17:00:00,24.902,24.904,24.902,24.904,1441,0
2017-09-12,18:00:00,24.904,24.904,24.904,24.904,4941,0
2017-09-12,19:00:00,24.904,24.923,24.904,24.923,3594,0
2017-09-12,20:00:00,24.913,24.943,24.913,24.943,2715,0
2017-09-12,21:00:00,24.933,24.942,24.904,24.904,1271,0
2017-09-12,22:00:00,24.908,24.908,24.904,24.904,3059,0
2017-09-13,16:00:00,24.807,24.903,24.807,24.903,1606,0
2017-09-13,17:00:00,24.904,24.904,24.901,24.904,467,0
2017-09-13,18:00:00,24.865,24.865,24.865,24.865,102,0
2017-09-13,20:00:00,24.872,24.872,24.872,24.872,122,0
2017-09-13,21:00:00,24.903,24.903,24.903,24.903,392,0
2017-09-13,22:00:00,24.881,24.923,24.867,24.923,4289,0
2017-09-14,16:00:00,24.855,24.855,24.855,24.855,508,0
2017-09-14,17:00:00,24.855,24.855,24.855,24.855,268,0
2017-09-14,18:00:00,24.852,24.875,24.852,24.875,531,0
2017-09-14,20:00:00,24.894,24.904,24.894,24.904,926,0
2017-09-14,21:00:00,24.885,24.933,24.875,24.921,7161,0
2017-09-14,22:00:00,24.933,24.933,24.933,24.933,102,0
2017-09-15,17:00:00,24.933,24.958,24.933,24.958,4839,0
2017-09-15,20:00:00,24.953,24.962,24.943,24.947,1544,0
2017-09-15,21:00:00,24.962,24.962,24.962,24.962,926,0
2017-09-15,22:00:00,24.962,24.962,24.953,24.962,2945,0
2017-09-18,16:00:00,24.962,24.962,24.962,24.962,453,0
2017-09-18,17:00:00,24.962,24.962,24.962,24.962,898,0
2017-09-18,18:00:00,24.981,25.011,24.981,25.011,4633,0
2017-09-18,20:00:00,24.953,24.953,24.953,24.953,1005,0
2017-09-18,21:00:00,24.981,24.981,24.981,24.981,308,0
2017-09-18,22:00:00,25.001,25.001,24.962,24.962,1428,0
2017-09-19,16:00:00,24.953,24.953,24.953,24.953,1882,0
2017-09-19,17:00:00,24.963,25.001,24.962,25.001,783,0
2017-09-19,18:00:00,24.992,25.001,24.972,25.001,1647,0
2017-09-19,19:00:00,24.972,24.972,24.972,24.972,406,0
2017-09-19,21:00:00,24.991,24.991,24.991,24.991,102,0
2017-09-19,22:00:00,25.001,25.001,24.972,24.972,12347,0
2017-09-20,16:00:00,24.953,24.953,24.953,24.953,296,0
2017-09-20,18:00:00,24.913,24.913,24.913,24.913,102,0
2017-09-20,20:00:00,24.961,24.961,24.952,24.952,1030,0
2017-09-20,21:00:00,24.913,24.931,24.913,24.931,576,0
2017-09-20,22:00:00,24.964,24.964,24.964,24.964,343,0
2017-09-21,16:00:00,24.913,24.914,24.913,24.914,780,0
2017-09-21,17:00:00,24.981,24.981,24.981,24.981,206,0
2017-09-21,18:00:00,24.981,24.981,24.933,24.933,1236,0
2017-09-21,19:00:00,24.953,24.953,24.933,24.933,308,0
2017-09-21,20:00:00,24.923,24.923,24.923,24.923,1435,0
2017-09-21,22:00:00,24.968,24.968,24.923,24.923,664,0
2017-09-22,16:00:00,24.981,24.981,24.955,24.955,604,0
2017-09-22,17:00:00,24.981,24.981,24.953,24.962,1750,0
2017-09-22,18:00:00,24.962,24.962,24.962,24.962,1297,0
2017-09-22,19:00:00,24.962,24.981,24.962,24.962,412,0
2017-09-22,20:00:00,24.962,24.962,24.962,24.962,720,0
2017-09-22,21:00:00,24.962,24.962,24.962,24.962,2985,0
2017-09-22,22:00:00,24.962,24.991,24.962,24.991,1486,0
2017-09-25,16:00:00,24.933,24.933,24.923,24.923,418,0
2017-09-25,17:00:00,24.923,24.953,24.923,24.923,412,0
2017-09-25,18:00:00,24.923,24.972,24.923,24.933,1030,0
2017-09-25,19:00:00,24.923,24.923,24.923,24.923,308,0
2017-09-25,20:00:00,24.923,24.943,24.923,24.923,308,0
2017-09-25,21:00:00,24.923,24.976,24.923,24.923,496,0
2017-09-25,22:00:00,24.923,24.923,24.923,24.923,720,0
2017-09-26,16:00:00,24.923,24.933,24.923,24.933,516,0
2017-09-26,17:00:00,24.933,24.962,24.933,24.962,1647,0
2017-09-26,18:00:00,24.972,24.972,24.933,24.933,275,0
2017-09-26,19:00:00,24.949,24.949,24.933,24.943,824,0
2017-09-26,20:00:00,24.933,24.962,24.933,24.962,2162,0
2017-09-26,21:00:00,24.962,24.97,24.953,24.968,1544,0
2017-09-26,22:00:00,24.933,24.943,24.933,24.933,1012,0
2017-09-27,16:00:00,24.913,24.913,24.913,24.913,566,0
2017-09-27,17:00:00,24.962,24.962,24.875,24.885,2846,0
2017-09-27,18:00:00,24.885,24.913,24.885,24.913,308,0
2017-09-27,19:00:00,24.919,24.919,24.885,24.904,824,0
2017-09-27,20:00:00,24.904,24.923,24.885,24.885,6504,0
2017-09-27,21:00:00,24.885,24.942,24.885,24.942,514,0
2017-09-27,22:00:00,24.885,24.943,24.885,24.885,3154,0
2017-09-28,16:00:00,24.845,24.855,24.845,24.855,802,0
2017-09-28,17:00:00,24.913,24.913,24.885,24.885,618,0
2017-09-28,19:00:00,24.885,24.913,24.885,24.913,824,0
2017-09-28,20:00:00,24.938,24.938,24.885,24.913,1407,0
2017-09-28,21:00:00,24.913,24.913,24.885,24.885,1192,0
2017-09-28,22:00:00,24.885,24.943,24.885,24.943,1993,0
2017-09-29,16:00:00,24.865,24.913,24.865,24.913,591,0
2017-09-29,17:00:00,24.913,24.913,24.913,24.913,102,0
2017-09-29,18:00:00,24.943,24.943,24.943,24.943,102,0
2017-09-29,19:00:00,24.937,24.937,24.865,24.865,5277,0
2017-09-29,20:00:00,24.865,24.923,24.865,24.915,5905,0
2017-09-29,21:00:00,24.913,24.913,24.913,24.913,141,0
2017-09-29,22:00:00,24.933,24.972,24.883,24.972,11950,0
2017-10-02,16:00:00,24.894,24.897,24.894,24.897,584,0
2017-10-02,17:00:00,24.913,24.929,24.885,24.885,621,0
2017-10-02,18:00:00,24.894,24.933,24.894,24.933,231,0
2017-10-02,21:00:00,24.908,24.908,24.885,24.885,2265,0
2017-10-02,22:00:00,24.865,24.865,24.865,24.865,1270,0
2017-10-03,16:00:00,24.855,24.875,24.855,24.875,1593,0
2017-10-03,18:00:00,24.875,24.875,24.875,24.875,102,0
2017-10-03,19:00:00,24.884,24.884,24.884,24.884,206,0
2017-10-03,20:00:00,24.885,24.885,24.885,24.885,1094,0
2017-10-03,22:00:00,24.875,24.875,24.875,24.875,356,0
2017-10-04,16:00:00,24.845,24.845,24.845,24.845,282,0
2017-10-04,17:00:00,24.855,24.884,24.855,24.884,2770,0
2017-10-04,18:00:00,24.866,24.866,24.866,24.866,584,0
2017-10-04,21:00:00,24.889,24.889,24.889,24.889,200,0
2017-10-04,22:00:00,24.885,24.894,24.875,24.885,6088,0
2017-10-05,16:00:00,24.875,24.875,24.875,24.875,437,0
2017-10-05,17:00:00,24.875,24.875,24.875,24.875,286,0
2017-10-05,20:00:00,24.875,24.875,24.875,24.875,102,0
2017-10-05,21:00:00,24.875,24.875,24.875,24.875,489,0
2017-10-05,22:00:00,24.875,24.875,24.875,24.875,966,0
2017-10-06,16:00:00,24.836,24.875,24.836,24.855,5793,0
2017-10-06,17:00:00,24.855,24.855,24.855,24.855,1030,0
2017-10-06,18:00:00,24.822,24.822,24.797,24.817,1673,0
2017-10-06,20:00:00,24.768,24.768,24.719,24.719,1557,0
2017-10-06,21:00:00,24.719,24.739,24.719,24.739,8410,0
2017-10-06,22:00:00,24.749,24.807,24.739,24.745,12465,0
2017-10-09,18:00:00,24.719,24.719,24.719,24.719,357,0
2017-10-09,19:00:00,24.728,24.739,24.724,24.739,1743,0
2017-10-09,20:00:00,24.758,24.758,24.758,24.758,798,0
2017-10-09,21:00:00,24.709,24.768,24.709,24.709,1544,0
2017-10-09,22:00:00,24.709,24.709,24.709,24.709,2139,0
2017-10-10,16:00:00,24.729,24.768,24.729,24.768,618,0
2017-10-10,17:00:00,24.739,24.739,24.719,24.739,1132,0
2017-10-10,18:00:00,24.773,24.776,24.719,24.729,1438,0
2017-10-10,20:00:00,24.742,24.777,24.742,24.777,1922,0
2017-10-10,21:00:00,24.768,24.768,24.768,24.768,514,0
2017-10-10,22:00:00,24.768,24.768,24.739,24.739,1842,0
2017-10-11,16:00:00,24.729,24.729,24.729,24.729,339,0
2017-10-11,17:00:00,24.754,24.754,24.754,24.754,206,0
2017-10-11,18:00:00,24.739,24.739,24.739,24.739,102,0
2017-10-11,19:00:00,24.768,24.807,24.754,24.807,865,0
2017-10-11,20:00:00,24.772,24.785,24.749,24.749,2088,0
2017-10-11,21:00:00,24.749,24.749,24.749,24.749,102,0
2017-10-11,22:00:00,24.749,24.807,24.749,24.807,2159,0
2017-10-12,16:00:00,24.797,24.797,24.797,24.797,327,0
2017-10-12,17:00:00,24.768,24.768,24.768,24.768,102,0
2017-10-12,18:00:00,24.807,24.807,24.807,24.807,1236,0
2017-10-12,19:00:00,24.826,24.845,24.826,24.844,2349,0
2017-10-12,21:00:00,24.826,24.845,24.826,24.845,840,0
2017-10-12,22:00:00,24.836,24.836,24.817,24.826,778,0
2017-10-13,16:00:00,24.826,24.885,24.826,24.885,1049,0
2017-10-13,17:00:00,24.845,24.845,24.845,24.845,2233,0
2017-10-13,18:00:00,24.86,24.86,24.826,24.843,947,0
2017-10-13,19:00:00,24.826,24.845,24.826,24.845,1216,0
2017-10-13,20:00:00,24.822,24.822,24.817,24.817,350,0
2017-10-13,21:00:00,24.817,24.817,24.817,24.817,206,0
2017-10-13,22:00:00,24.817,24.845,24.817,24.817,1196,0
2017-10-16,16:00:00,24.817,24.817,24.817,24.817,462,0
2017-10-16,17:00:00,24.828,24.828,24.797,24.797,2345,0
2017-10-16,19:00:00,24.823,24.823,24.787,24.787,1441,0
2017-10-16,20:00:00,24.797,24.797,24.797,24.797,308,0
2017-10-16,21:00:00,24.824,24.836,24.797,24.819,1030,0
2017-10-16,22:00:00,24.807,24.825,24.807,24.807,1083,0
2017-10-17,16:00:00,24.787,24.797,24.787,24.797,446,0
2017-10-17,17:00:00,24.817,24.826,24.817,24.826,1030,0
2017-10-17,18:00:00,24.815,24.833,24.815,24.817,1394,0
2017-10-17,19:00:00,24.817,24.817,24.817,24.817,552,0
2017-10-17,20:00:00,24.82,24.826,24.817,24.82,2644,0
2017-10-17,21:00:00,24.817,24.817,24.817,24.817,809,0
2017-10-17,22:00:00,24.817,24.826,24.817,24.826,1968,0
2017-10-18,16:00:00,24.777,24.807,24.777,24.807,1524,0
2017-10-18,17:00:00,24.807,24.807,24.787,24.807,2340,0
2017-10-18,18:00:00,24.817,24.826,24.806,24.806,3186,0
2017-10-18,19:00:00,24.807,24.807,24.807,24.807,102,0
2017-10-18,20:00:00,24.817,24.817,24.799,24.799,308,0
2017-10-18,21:00:00,24.807,24.817,24.807,24.817,318,0
2017-10-18,22:00:00,24.807,24.817,24.807,24.817,1182,0
2017-10-19,16:00:00,24.836,24.836,24.836,24.836,397,0
2017-10-19,17:00:00,24.768,24.817,24.768,24.817,270,0
2017-10-19,18:00:00,24.817,24.817,24.797,24.797,206,0
2017-10-19,19:00:00,24.845,24.865,24.845,24.865,967,0
2017-10-19,21:00:00,24.885,24.885,24.826,24.826,639,0
2017-10-19,22:00:00,24.826,24.826,24.826,24.826,206,0
2017-10-20,16:00:00,24.797,24.817,24.797,24.817,3365,0
2017-10-20,17:00:00,24.817,24.826,24.817,24.817,412,0
2017-10-20,18:00:00,24.826,24.836,24.826,24.836,1208,0
2017-10-20,19:00:00,24.854,24.854,24.831,24.833,2111,0
2017-10-20,21:00:00,24.885,24.913,24.878,24.878,4418,0
2017-10-20,22:00:00,24.913,24.972,24.886,24.972,19856,0
2017-10-23,16:00:00,24.875,24.913,24.875,24.913,405,0
2017-10-23,17:00:00,24.902,24.902,24.902,24.902,206,0
2017-10-23,18:00:00,24.892,24.892,24.892,24.892,107,0
2017-10-23,19:00:00,24.943,24.96,24.943,24.96,383,0
2017-10-23,20:00:00,24.972,24.972,24.955,24.972,1143,0
2017-10-23,21:00:00,24.972,25.021,24.972,25.021,2130,0
2017-10-23,22:00:00,24.953,25.021,24.953,25.021,2268,0
2017-10-24,16:00:00,25.021,25.021,25.021,25.021,2380,0
2017-10-24,17:00:00,24.934,24.987,24.933,24.943,953,0
2017-10-24,18:00:00,24.998,24.998,24.998,24.998,412,0
2017-10-24,21:00:00,25.02,25.021,24.962,24.962,2141,0
2017-10-24,22:00:00,25.003,25.021,24.976,25.021,1184,0
2017-10-25,16:00:00,25.011,25.011,24.943,24.943,5889,0
2017-10-25,17:00:00,24.933,24.933,24.89,24.89,1793,0
2017-10-25,19:00:00,24.891,24.913,24.891,24.913,2042,0
2017-10-25,20:00:00,24.894,24.894,24.894,24.894,111,0
2017-10-25,21:00:00,24.913,24.913,24.913,24.913,308,0
2017-10-25,22:00:00,24.913,25.001,24.912,24.943,1426,0
2017-10-26,16:00:00,24.972,25.002,24.972,24.992,856,0
2017-10-26,17:00:00,25.012,25.022,24.936,25.012,2947,0
2017-10-26,18:00:00,25.012,25.022,25.012,25.022,913,0
2017-10-26,19:00:00,25.022,25.022,25.022,25.022,913,0
2017-10-26,20:00:00,25.022,25.022,25.002,25.022,2943,0
2017-10-26,21:00:00,25.022,25.051,25.002,25.051,6200,0
2017-10-26,22:00:00,25.061,25.061,25.022,25.061,4802,0
2017-10-27,16:00:00,24.972,24.972,24.972,24.972,532,0
2017-10-27,18:00:00,25.012,25.051,25.002,25.051,1340,0
2017-10-27,19:00:00,25.051,25.051,25.012,25.049,2119,0
2017-10-27,20:00:00,25.061,25.061,25.061,25.061,1218,0
2017-10-27,21:00:00,25.051,25.061,25.044,25.061,754,0
2017-10-27,22:00:00,25.05,25.061,25.05,25.061,1481,0
2017-10-30,15:00:00,25.002,25.051,24.992,25.002,1296,0
2017-10-30,16:00:00,24.992,25.051,24.992,25.022,2383,0
2017-10-30,17:00:00,25.022,25.051,25.003,25.051,3011,0
2017-10-30,18:00:00,25.007,25.081,25.007,25.065,2776,0
2017-10-30,19:00:00,25.012,25.081,25.002,25.002,1030,0
2017-10-30,20:00:00,25.002,25.081,25.002,25.027,832,0
2017-10-30,21:00:00,25.081,25.081,25.08,25.081,812,0
2017-10-31,15:00:00,25.022,25.046,25.022,25.046,643,0
2017-10-31,16:00:00,25.022,25.031,24.972,25.031,1717,0
2017-10-31,17:00:00,24.982,24.982,24.982,24.982,283,0
2017-10-31,19:00:00,25.028,25.028,25.028,25.028,304,0
2017-10-31,20:00:00,25.031,25.031,24.992,25.031,3017,0
2017-10-31,21:00:00,25.076,25.12,25.061,25.12,3565,0
2017-11-01,15:00:00,24.972,24.972,24.953,24.962,723,0
2017-11-01,16:00:00,25.012,25.031,25.012,25.031,2035,0
2017-11-01,17:00:00,25.032,25.032,25.031,25.031,355,0
2017-11-01,20:00:00,25.042,25.081,25.041,25.041,741,0
2017-11-01,21:00:00,25.068,25.068,25.068,25.068,135,0
2017-11-02,15:00:00,24.972,25.005,24.972,25.005,794,0
2017-11-02,16:00:00,25.012,25.012,25.002,25.002,746,0
2017-11-02,17:00:00,25.002,25.051,25.002,25.015,2029,0
2017-11-02,18:00:00,25.007,25.05,25.002,25.05,922,0
2017-11-02,20:00:00,25.035,25.035,25.032,25.035,1139,0
2017-11-02,21:00:00,25.035,25.051,25.035,25.051,812,0
2017-11-03,15:00:00,24.982,24.992,24.953,24.977,3741,0
2017-11-03,16:00:00,24.992,25.018,24.972,24.982,3044,0
2017-11-03,17:00:00,24.992,25.081,24.982,25.031,4084,0
2017-11-03,18:00:00,24.992,25.031,24.982,24.982,609,0
2017-11-03,19:00:00,24.982,24.987,24.982,24.982,1015,0
2017-11-03,20:00:00,24.992,24.992,24.962,24.982,1059,0
2017-11-03,21:00:00,24.982,25.031,24.962,25.031,1273,0
2017-11-06,16:00:00,24.982,25.029,24.982,24.982,2854,0
2017-11-06,17:00:00,24.982,24.991,24.982,24.982,4262,0
2017-11-06,18:00:00,24.992,24.992,24.982,24.982,5660,0
2017-11-06,19:00:00,24.982,24.992,24.982,24.982,1928,0
2017-11-06,20:00:00,24.982,24.987,24.982,24.987,1421,0
2017-11-06,21:00:00,24.987,24.992,24.982,24.982,856,0
2017-11-06,22:00:00,24.982,24.992,24.982,24.982,1076,0
2017-11-07,16:00:00,24.953,24.962,24.953,24.962,2319,0
2017-11-07,17:00:00,24.959,24.959,24.943,24.953,10577,0
2017-11-07,18:00:00,24.953,24.954,24.953,24.953,2435,0
2017-11-07,19:00:00,24.943,24.982,24.943,24.982,1218,0
2017-11-07,20:00:00,24.962,24.962,24.953,24.953,826,0
2017-11-07,21:00:00,24.953,24.961,24.953,24.953,1649,0
2017-11-07,22:00:00,24.972,24.972,24.953,24.953,1510,0
2017-11-08,16:00:00,24.943,24.953,24.943,24.943,2179,0
2017-11-08,17:00:00,24.953,24.972,24.933,24.943,2232,0
2017-11-08,18:00:00,24.943,24.953,24.933,24.933,2549,0
2017-11-08,19:00:00,24.933,24.972,24.933,24.933,2232,0
2017-11-08,20:00:00,24.933,24.962,24.933,24.953,1928,0
2017-11-08,21:00:00,24.943,24.953,24.943,24.943,554,0
2017-11-08,22:00:00,24.943,24.992,24.943,24.943,1808,0
2017-11-09,16:00:00,24.933,24.933,24.933,24.933,1185,0
2017-11-09,17:00:00,24.933,24.943,24.933,24.943,2401,0
2017-11-09,18:00:00,24.943,24.952,24.943,24.943,3341,0
2017-11-09,19:00:00,24.943,24.943,24.943,24.943,1971,0
2017-11-09,20:00:00,24.943,25.012,24.943,24.945,4188,0
2017-11-09,21:00:00,24.943,24.948,24.943,24.948,349,0
2017-11-09,22:00:00,24.953,24.962,24.943,24.943,6271,0
2017-11-10,16:00:00,24.913,24.913,24.913,24.913,2209,0
2017-11-10,17:00:00,24.913,24.923,24.893,24.923,3045,0
2017-11-10,18:00:00,24.937,24.938,24.923,24.923,3120,0
2017-11-10,20:00:00,24.923,24.923,24.923,24.923,1383,0
2017-11-10,21:00:00,24.923,24.923,24.923,24.923,406,0
2017-11-10,22:00:00,24.923,24.953,24.923,24.923,2729,0
2017-11-13,16:00:00,24.923,24.923,24.923,24.923,420,0
2017-11-13,17:00:00,24.933,24.946,24.903,24.913,3050,0
2017-11-13,18:00:00,24.913,24.933,24.903,24.933,1015,0
2017-11-13,19:00:00,24.903,24.933,24.903,24.923,812,0
2017-11-13,20:00:00,24.923,24.959,24.923,24.933,1409,0
2017-11-13,21:00:00,24.962,24.994,24.943,24.994,946,0
2017-11-13,22:00:00,24.992,24.992,24.933,24.933,1187,0
2017-11-14,16:00:00,24.903,24.948,24.903,24.948,361,0
2017-11-14,17:00:00,24.923,24.972,24.923,24.943,1109,0
2017-11-14,18:00:00,24.923,24.962,24.923,24.948,668,0
2017-11-14,19:00:00,24.972,24.972,24.923,24.972,507,0
2017-11-14,20:00:00,24.948,24.972,24.948,24.972,1421,0
2017-11-14,21:00:00,24.923,24.972,24.923,24.972,1583,0
2017-11-14,22:00:00,24.923,24.953,24.923,24.953,812,0
2017-11-15,16:00:00,24.903,24.972,24.903,24.903,1468,0
2017-11-15,17:00:00,24.923,24.962,24.923,24.923,2943,0
2017-11-15,18:00:00,24.923,25.002,24.923,24.992,907,0
2017-11-15,19:00:00,24.933,24.992,24.933,24.992,962,0
2017-11-15,20:00:00,24.962,25.022,24.943,24.943,2437,0
2017-11-15,21:00:00,25.022,25.022,24.933,25.022,1882,0
2017-11-15,22:00:00,24.991,25.022,24.943,24.943,3271,0
2017-11-16,16:00:00,25.031,25.031,24.943,24.943,3044,0
2017-11-16,17:00:00,25.031,25.061,24.953,25.061,1381,0
2017-11-16,18:00:00,25.071,25.12,24.972,24.972,2600,0
2017-11-16,19:00:00,24.982,25.12,24.972,25.081,1522,0
2017-11-16,20:00:00,24.992,25.11,24.992,25.061,2228,0
2017-11-16,21:00:00,25.061,25.071,25.031,25.071,794,0
2017-11-16,22:00:00,25.081,25.081,24.992,24.992,304,0
2017-11-17,16:00:00,24.982,25.12,24.982,25.105,4191,0
2017-11-17,17:00:00,25.12,25.12,25.12,25.12,3108,0
2017-11-17,18:00:00,25.12,25.12,25.12,25.12,406,0
2017-11-17,19:00:00,25.12,25.12,25.12,25.12,2265,0
2017-11-17,20:00:00,25.13,25.15,25.13,25.15,1451,0
2017-11-17,21:00:00,25.15,25.16,25.12,25.16,507,0
2017-11-17,22:00:00,25.16,25.16,25.16,25.16,1080,0
2017-11-20,16:00:00,25.012,25.012,25.012,25.012,363,0
2017-11-20,17:00:00,25.16,25.16,25.16,25.16,2540,0
2017-11-20,18:00:00,25.155,25.189,25.155,25.189,3532,0
2017-11-20,19:00:00,25.189,25.219,25.179,25.219,5322,0
2017-11-20,20:00:00,25.209,25.209,25.209,25.209,690,0
2017-11-20,21:00:00,25.209,25.209,25.199,25.199,3001,0
2017-11-20,22:00:00,25.209,25.209,25.17,25.188,3634,0
2017-11-21,16:00:00,25.1,25.1,25.1,25.1,327,0
2017-11-21,17:00:00,25.118,25.199,25.109,25.199,2182,0
2017-11-21,18:00:00,25.199,25.199,25.194,25.199,609,0
2017-11-21,19:00:00,25.199,25.199,25.132,25.199,710,0
2017-11-21,20:00:00,25.199,25.199,25.11,25.199,1040,0
2017-11-21,21:00:00,25.199,25.199,25.124,25.199,3440,0
2017-11-21,22:00:00,25.199,25.199,25.169,25.169,2334,0
2017-11-22,16:00:00,25.081,25.081,25.081,25.081,504,0
2017-11-22,17:00:00,25.108,25.108,25.081,25.081,467,0
2017-11-22,18:00:00,25.162,25.162,25.086,25.12,913,0
2017-11-22,19:00:00,25.083,25.12,25.083,25.12,913,0
2017-11-22,20:00:00,25.12,25.191,25.12,25.127,1732,0
2017-11-22,22:00:00,25.199,25.199,25.199,25.199,1440,0
2017-11-24,16:00:00,25.199,25.199,25.199,25.199,398,0
2017-11-24,17:00:00,25.199,25.199,25.199,25.199,101,0
2017-11-24,18:00:00,25.199,25.199,25.168,25.168,959,0
2017-11-24,19:00:00,25.219,25.219,25.219,25.219,203,0
2017-11-27,16:00:00,25.219,25.219,25.16,25.16,1129,0
2017-11-27,17:00:00,25.199,25.199,25.16,25.16,3044,0
2017-11-27,18:00:00,25.16,25.16,25.16,25.16,304,0
2017-11-27,19:00:00,25.179,25.199,25.179,25.199,304,0
2017-11-27,20:00:00,25.199,25.219,25.189,25.219,1319,0
2017-11-27,21:00:00,25.199,25.199,25.189,25.199,609,0
2017-11-27,22:00:00,25.189,25.219,25.169,25.169,7285,0
2017-11-28,16:00:00,25.12,25.12,25.12,25.12,533,0
2017-11-28,17:00:00,25.147,25.147,25.147,25.147,203,0
2017-11-28,18:00:00,25.15,25.219,25.15,25.17,13895,0
2017-11-28,21:00:00,25.199,25.199,25.189,25.189,1756,0
2017-11-28,22:00:00,25.189,25.219,25.189,25.219,1274,0
2017-11-29,16:00:00,25.051,25.13,25.051,25.13,682,0
2017-11-29,17:00:00,25.201,25.201,25.201,25.201,1015,0
2017-11-29,18:00:00,25.207,25.219,25.207,25.219,2852,0
2017-11-29,19:00:00,25.113,25.218,25.113,25.218,939,0
2017-11-29,20:00:00,25.219,25.219,25.194,25.212,3998,0
2017-11-29,21:00:00,25.219,25.219,25.15,25.15,1763,0
2017-11-29,22:00:00,25.176,25.199,25.176,25.199,1319,0
2017-11-30,16:00:00,25.061,25.061,25.061,25.061,980,0
2017-11-30,17:00:00,25.219,25.219,25.179,25.182,4551,0
2017-11-30,18:00:00,25.219,25.219,25.179,25.199,3754,0
2017-11-30,19:00:00,25.199,25.219,25.199,25.209,1226,0
2017-11-30,21:00:00,25.209,25.209,25.199,25.199,477,0
2017-11-30,22:00:00,25.189,25.219,25.179,25.179,10331,0
2017-12-01,16:00:00,25.071,25.071,25.071,25.071,565,0
2017-12-01,17:00:00,25.188,25.188,25.188,25.188,396,0
2017-12-01,18:00:00,25.169,25.189,25.169,25.189,1522,0
2017-12-01,19:00:00,25.189,25.198,25.187,25.198,1660,0
2017-12-01,22:00:00,25.199,25.2,25.179,25.19,4447,0
2017-12-04,16:00:00,25.12,25.12,25.12,25.12,1632,0
2017-12-04,17:00:00,25.189,25.189,25.179,25.189,507,0
2017-12-04,18:00:00,25.189,25.189,25.179,25.179,406,0
2017-12-04,19:00:00,25.189,25.199,25.179,25.199,1385,0
2017-12-04,20:00:00,25.206,25.206,25.189,25.199,948,0
2017-12-04,21:00:00,25.169,25.199,25.165,25.199,2485,0
2017-12-04,22:00:00,25.179,25.219,25.179,25.189,1385,0
2017-12-05,16:00:00,25.13,25.18,25.13,25.18,421,0
2017-12-05,17:00:00,25.199,25.199,25.199,25.199,523,0
2017-12-05,18:00:00,25.191,25.199,25.191,25.199,507,0
2017-12-05,19:00:00,25.21,25.21,25.21,25.21,507,0
2017-12-05,20:00:00,25.199,25.204,25.199,25.204,406,0
2017-12-05,21:00:00,25.199,25.204,25.199,25.199,304,0
2017-12-05,22:00:00,25.199,25.204,25.199,25.204,304,0
2017-12-06,16:00:00,25.13,25.13,25.13,25.13,153,0
2017-12-06,17:00:00,25.169,25.17,25.169,25.17,894,0
2017-12-06,18:00:00,25.199,25.219,25.199,25.199,507,0
2017-12-06,20:00:00,25.199,25.199,25.199,25.199,101,0
2017-12-06,22:00:00,25.201,25.219,25.201,25.219,2443,0
2017-12-07,16:00:00,25.15,25.209,25.13,25.16,995,0
2017-12-07,17:00:00,25.15,25.219,25.15,25.15,4599,0
2017-12-07,18:00:00,25.15,25.219,25.15,25.15,4190,0
2017-12-07,19:00:00,25.15,25.183,25.14,25.14,1065,0
2017-12-07,20:00:00,25.14,25.162,25.14,25.162,492,0
2017-12-07,21:00:00,25.15,25.15,25.14,25.14,959,0
2017-12-07,22:00:00,25.169,25.209,25.14,25.14,2398,0
2017-12-08,16:00:00,25.1,25.13,25.1,25.13,477,0
2017-12-08,17:00:00,25.13,25.131,25.13,25.131,560,0
2017-12-08,19:00:00,25.164,25.164,25.164,25.164,406,0
2017-12-08,21:00:00,25.199,25.199,25.185,25.185,507,0
2017-12-08,22:00:00,25.199,25.199,25.199,25.199,101,0
2017-12-11,16:00:00,25.11,25.11,25.11,25.11,102,0
2017-12-11,17:00:00,25.176,25.176,25.14,25.14,285,0
2017-12-11,18:00:00,25.192,25.203,25.14,25.203,7043,0
2017-12-11,21:00:00,25.199,25.199,25.199,25.199,267,0
2017-12-11,22:00:00,25.183,25.183,25.18,25.18,950,0
2017-12-12,16:00:00,25.15,25.15,25.15,25.15,270,0
2017-12-12,17:00:00,25.14,25.14,25.14,25.14,304,0
2017-12-12,18:00:00,25.18,25.18,25.16,25.16,1162,0
2017-12-12,19:00:00,25.081,25.15,25.081,25.15,210184,0
2017-12-12,20:00:00,25.15,25.19,25.081,25.19,335594,0
2017-12-12,22:00:00,25.189,25.189,25.189,25.189,101,0
2017-12-13,16:00:00,25.1,25.11,25.081,25.081,334299,0
2017-12-13,17:00:00,25.15,25.161,25.1,25.11,1530,0
2017-12-13,18:00:00,25.143,25.143,25.1,25.11,1522,0
2017-12-13,19:00:00,25.131,25.131,25.114,25.114,525,0
2017-12-13,20:00:00,25.116,25.13,25.091,25.124,9628,0
2017-12-13,21:00:00,25.13,25.13,25.13,25.13,132,0
2017-12-13,22:00:00,25.13,25.189,25.091,25.189,4658,0
2017-12-14,16:00:00,25.091,25.091,25.091,25.091,3726,0
2017-12-14,17:00:00,25.091,25.091,25.081,25.09,3644,0
2017-12-14,19:00:00,25.081,25.179,25.081,25.179,284139,0
2017-12-14,20:00:00,25.081,25.209,25.081,25.131,10820,0
2017-12-14,21:00:00,25.179,25.219,25.16,25.219,10666,0
2017-12-14,22:00:00,25.219,25.288,25.189,25.288,11524,0
2017-12-15,16:00:00,25.16,25.258,25.16,25.219,5870,0
2017-12-15,17:00:00,25.219,25.288,25.219,25.219,2684,0
2017-12-15,18:00:00,25.169,25.288,25.16,25.224,7949,0
2017-12-15,20:00:00,25.239,25.239,25.224,25.224,355,0
2017-12-15,22:00:00,25.288,25.288,25.16,25.16,9948,0
2017-12-18,16:00:00,25.13,25.347,25.13,25.199,635,0
2017-12-18,17:00:00,25.194,25.219,25.194,25.219,609,0
2017-12-18,18:00:00,25.209,25.232,25.169,25.219,3277,0
2017-12-18,19:00:00,25.219,25.219,25.186,25.204,1492,0
2017-12-18,20:00:00,25.219,25.219,25.219,25.219,304,0
2017-12-18,21:00:00,25.219,25.229,25.219,25.229,1410,0
2017-12-18,22:00:00,25.248,25.258,25.224,25.248,4744,0
2017-12-19,16:00:00,25.169,25.248,25.169,25.209,3105,0
2017-12-19,17:00:00,25.248,25.248,25.213,25.244,913,0
2017-12-19,18:00:00,25.218,25.218,25.218,25.218,507,0
2017-12-19,19:00:00,25.19,25.209,25.19,25.209,832,0
2017-12-19,20:00:00,25.194,25.209,25.194,25.209,507,0
2017-12-19,21:00:00,25.188,25.209,25.17,25.171,3450,0
2017-12-19,22:00:00,25.209,25.258,25.209,25.258,3913,0
2017-12-20,16:00:00,25.179,25.258,25.179,25.258,1864,0
2017-12-20,17:00:00,25.258,25.258,25.2,25.258,3247,0
2017-12-20,18:00:00,25.258,25.288,25.248,25.288,363,0
2017-12-20,19:00:00,25.331,25.331,25.278,25.283,4384,0
2017-12-20,21:00:00,25.357,25.357,25.278,25.304,2808,0
2017-12-20,22:00:00,25.278,25.278,25.13,25.13,6101,0
2017-12-21,16:00:00,25.169,25.317,25.169,25.317,745,0
2017-12-21,17:00:00,25.219,25.236,25.219,25.236,286,0
2017-12-21,18:00:00,25.281,25.298,25.219,25.298,1372,0
2017-12-21,19:00:00,25.208,25.297,25.208,25.219,9688,0
2017-12-21,20:00:00,25.287,25.287,25.251,25.251,1262,0
2017-12-21,21:00:00,25.243,25.278,25.219,25.278,3159,0
2017-12-21,22:00:00,25.26,25.26,25.209,25.209,3536,0
2017-12-22,16:00:00,25.248,25.268,25.221,25.221,430,0
2017-12-22,17:00:00,25.248,25.258,25.248,25.258,299,0
2017-12-22,19:00:00,25.237,25.247,25.237,25.247,737,0
2017-12-22,20:00:00,25.229,25.243,25.189,25.189,5277,0
2017-12-22,21:00:00,25.218,25.218,25.218,25.218,203,0
2017-12-22,22:00:00,25.201,25.201,25.201,25.201,228,0
2017-12-26,16:00:00,25.15,25.307,25.15,25.189,2655,0
2017-12-26,17:00:00,25.199,25.199,25.15,25.15,304,0
2017-12-26,18:00:00,25.15,25.15,25.15,25.15,203,0
2017-12-26,19:00:00,25.15,25.179,25.15,25.179,2638,0
2017-12-26,20:00:00,25.15,25.179,25.15,25.179,1827,0
2017-12-26,21:00:00,25.167,25.179,25.13,25.13,1441,0
2017-12-26,22:00:00,25.13,25.179,25.11,25.11,4039,0
2017-12-27,16:00:00,25.11,25.16,25.11,25.16,551,0
2017-12-27,18:00:00,25.145,25.159,25.13,25.149,1116,0
2017-12-27,19:00:00,25.149,25.16,25.13,25.16,662,0
2017-12-27,20:00:00,25.13,25.145,25.13,25.13,609,0
2017-12-27,21:00:00,25.13,25.13,25.13,25.13,203,0
2017-12-27,22:00:00,25.13,25.13,25.13,25.13,1642,0
2017-12-28,16:00:00,25.11,25.11,25.11,25.11,815,0
2017-12-28,17:00:00,25.13,25.13,25.13,25.13,812,0
2017-12-28,18:00:00,25.14,25.14,25.13,25.137,4574,0
2017-12-28,19:00:00,25.135,25.14,25.13,25.14,1465,0
2017-12-28,20:00:00,25.16,25.16,25.16,25.16,203,0
2017-12-28,21:00:00,25.16,25.16,25.131,25.131,637,0
2017-12-28,22:00:00,25.16,25.183,25.13,25.15,2026,0
2017-12-29,16:00:00,25.12,25.15,25.12,25.15,1237,0
2017-12-29,17:00:00,25.11,25.15,25.11,25.14,5770,0
2017-12-29,18:00:00,25.16,25.193,25.14,25.14,1602,0
2017-12-29,19:00:00,25.177,25.179,25.14,25.14,3285,0
2017-12-29,20:00:00,25.14,25.164,25.14,25.14,7702,0
2017-12-29,21:00:00,25.14,25.16,25.14,25.14,6854,0
2017-12-29,22:00:00,25.14,25.219,25.041,25.219,20355,0
2018-01-02,16:00:00,25.14,25.14,25.14,25.14,349,0
2018-01-02,17:00:00,25.13,25.13,25.124,25.124,1644,0
2018-01-02,18:00:00,25.12,25.12,25.051,25.051,830,0
2018-01-02,19:00:00,25.051,25.056,25.051,25.056,1060,0
2018-01-02,20:00:00,25.002,25.002,24.982,24.982,4682,0
2018-01-02,21:00:00,24.982,24.982,24.903,24.903,1886,0
2018-01-02,22:00:00,24.943,24.953,24.933,24.953,7031,0
2018-01-03,16:00:00,24.943,25.051,24.943,24.953,1080,0
2018-01-03,17:00:00,24.982,25.061,24.972,24.982,5026,0
2018-01-03,18:00:00,24.972,25.008,24.953,24.972,331104,0
2018-01-03,19:00:00,24.972,25.022,24.972,24.982,26281,0
2018-01-03,20:00:00,24.982,25.022,24.982,25.002,110002,0
2018-01-03,21:00:00,25.002,25.011,25.002,25.002,2134,0
2018-01-03,22:00:00,25.002,25.021,24.953,25.012,208762,0
2018-01-04,16:00:00,24.953,24.982,24.953,24.972,3576,0
2018-01-04,17:00:00,24.972,24.982,24.972,24.972,4630,0
2018-01-04,18:00:00,24.972,25.022,24.972,25.002,5926,0
2018-01-04,19:00:00,24.982,25.031,24.982,25.022,2510,0
2018-01-04,20:00:00,25.022,25.022,25.012,25.012,1522,0
2018-01-04,21:00:00,25.012,25.015,25.012,25.012,4124,0
2018-01-04,22:00:00,25.012,25.012,25.012,25.012,8075,0
2018-01-05,16:00:00,25.002,25.07,25.002,25.07,860,0
2018-01-05,18:00:00,25.022,25.031,25.022,25.031,1188,0
2018-01-05,19:00:00,25.022,25.022,25.022,25.022,338,0
2018-01-05,20:00:00,25.05,25.05,25.046,25.046,2638,0
2018-01-05,21:00:00,25.071,25.081,25.071,25.081,3077,0
2018-01-05,22:00:00,25.071,25.1,25.071,25.071,2449,0
2018-01-08,16:00:00,25.031,25.031,25.031,25.031,553,0
2018-01-08,17:00:00,25.041,25.041,25.041,25.041,101,0
2018-01-08,18:00:00,25.041,25.081,25.041,25.081,4874,0
2018-01-08,19:00:00,25.05,25.1,25.041,25.1,2260,0
2018-01-08,20:00:00,25.081,25.1,25.081,25.1,1154,0
2018-01-08,21:00:00,25.129,25.129,25.052,25.052,2052,0
2018-01-08,22:00:00,25.091,25.091,25.051,25.051,1979,0
2018-01-09,16:00:00,25.081,25.14,25.081,25.081,601,0
2018-01-09,17:00:00,25.081,25.1,25.036,25.052,609,0
2018-01-09,18:00:00,25.1,25.15,25.052,25.15,1827,0
2018-01-09,19:00:00,25.1,25.1,25.1,25.1,203,0
2018-01-09,20:00:00,25.15,25.15,25.15,25.15,101,0
2018-01-09,21:00:00,25.15,25.15,25.105,25.134,1121,0
2018-01-09,22:00:00,25.16,25.169,25.16,25.169,1600,0
2018-01-10,16:00:00,25.091,25.091,25.091,25.091,247,0
2018-01-10,17:00:00,25.14,25.141,25.14,25.14,925,0
2018-01-10,18:00:00,25.14,25.162,25.12,25.162,2027,0
2018-01-10,19:00:00,25.14,25.169,25.091,25.116,2538,0
2018-01-10,20:00:00,25.169,25.169,25.169,25.169,101,0
2018-01-10,21:00:00,25.142,25.169,25.142,25.169,203,0
2018-01-10,22:00:00,25.169,25.169,25.122,25.122,1074,0
2018-01-11,16:00:00,25.14,25.14,25.14,25.14,606,0
2018-01-11,17:00:00,25.169,25.169,25.16,25.16,203,0
2018-01-11,18:00:00,25.16,25.16,25.16,25.16,1015,0
2018-01-11,19:00:00,25.169,25.179,25.169,25.179,5678,0
2018-01-11,20:00:00,25.179,25.179,25.179,25.179,609,0
2018-01-11,21:00:00,25.176,25.179,25.169,25.179,1116,0
2018-01-11,22:00:00,25.179,25.219,25.17,25.219,4148,0
2018-01-12,16:00:00,25.189,25.219,25.189,25.219,1020,0
2018-01-12,17:00:00,25.208,25.208,25.169,25.172,1514,0
2018-01-12,18:00:00,25.179,25.179,25.179,25.179,101,0
2018-01-12,19:00:00,25.169,25.219,25.169,25.219,1384,0
2018-01-12,20:00:00,25.219,25.219,25.219,25.219,101,0
2018-01-12,21:00:00,25.219,25.219,25.209,25.209,1246,0
2018-01-12,22:00:00,25.219,25.219,25.209,25.209,422,0
2018-01-16,16:00:00,25.071,25.096,25.061,25.061,4049,0
2018-01-16,17:00:00,25.101,25.101,25.091,25.091,1116,0
2018-01-16,18:00:00,25.081,25.12,25.081,25.12,1127,0
2018-01-16,19:00:00,25.1,25.1,25.1,25.1,101,0
2018-01-16,20:00:00,25.096,25.103,25.096,25.1,537,0
2018-01-16,21:00:00,25.081,25.12,25.081,25.081,2445,0
2018-01-16,22:00:00,25.12,25.12,25.076,25.081,1660,0
2018-01-17,16:00:00,25.041,25.051,25.041,25.041,3087,0
2018-01-17,17:00:00,25.041,25.11,25.041,25.11,2393,0
2018-01-17,18:00:00,25.11,25.15,25.11,25.15,2292,0
2018-01-17,19:00:00,25.15,25.15,25.15,25.15,101,0
2018-01-17,20:00:00,25.137,25.15,25.1,25.1,913,0
2018-01-17,21:00:00,25.13,25.13,25.13,25.13,1015,0
2018-01-17,22:00:00,25.13,25.13,25.041,25.041,896,0
2018-01-18,16:00:00,25.022,25.022,25.012,25.012,1057,0
2018-01-18,17:00:00,25.012,25.012,24.943,24.953,3699,0
2018-01-18,18:00:00,24.953,25.022,24.953,25.022,3034,0
2018-01-18,20:00:00,25.031,25.031,25.002,25.022,1386,0
2018-01-18,21:00:00,25.11,25.11,25.012,25.012,2357,0
2018-01-18,22:00:00,25.041,25.041,25.012,25.022,1829,0
2018-01-19,16:00:00,24.972,24.972,24.972,24.972,3642,0
2018-01-19,17:00:00,24.972,24.976,24.972,24.976,406,0
2018-01-19,18:00:00,25.009,25.009,24.972,24.972,1668,0
2018-01-19,19:00:00,24.972,25.012,24.972,25.012,5581,0
2018-01-19,20:00:00,25.012,25.031,25.012,25.031,2355,0
2018-01-19,21:00:00,25.031,25.038,25.028,25.038,1127,0
2018-01-19,22:00:00,25.051,25.071,24.962,24.962,11187,0
2018-01-22,16:00:00,24.992,25.071,24.992,25.027,4521,0
2018-01-22,17:00:00,25.014,25.06,25.014,25.031,2948,0
2018-01-22,18:00:00,25.061,25.071,25.061,25.071,2034,0
2018-01-22,19:00:00,25.022,25.031,24.992,24.992,5170,0
2018-01-22,20:00:00,25.031,25.047,25.031,25.045,956,0
2018-01-22,21:00:00,25.032,25.032,25.031,25.031,304,0
2018-01-22,22:00:00,25.041,25.041,25.041,25.041,101,0
2018-01-23,16:00:00,24.972,25.012,24.972,25.012,5112,0
2018-01-23,17:00:00,25.022,25.031,25.022,25.031,996,0
2018-01-23,18:00:00,25.031,25.031,25.031,25.031,609,0
2018-01-23,19:00:00,25.05,25.051,25.031,25.051,1015,0
2018-01-23,21:00:00,25.045,25.046,25.045,25.046,473,0
2018-01-23,22:00:00,25.041,25.051,25.041,25.046,1173,0
2018-01-24,16:00:00,24.992,25.041,24.982,25.002,4258,0
2018-01-24,17:00:00,25.022,25.022,25.002,25.022,2029,0
2018-01-24,18:00:00,25.022,25.041,25.022,25.025,1731,0
2018-01-24,19:00:00,25.041,25.071,25.041,25.071,2232,0
2018-01-24,20:00:00,25.071,25.1,25.071,25.1,3105,0
2018-01-24,21:00:00,25.1,25.11,25.1,25.11,2752,0
2018-01-24,22:00:00,25.11,25.15,25.11,25.15,1522,0
2018-01-25,16:00:00,25.051,25.051,25.041,25.041,2680,0
2018-01-25,17:00:00,25.041,25.11,25.041,25.091,777,0
2018-01-25,18:00:00,25.092,25.11,25.092,25.11,1076,0
2018-01-25,21:00:00,25.06,25.061,25.06,25.061,1224,0
2018-01-25,22:00:00,25.061,25.13,25.061,25.13,4260,0
2018-01-26,16:00:00,25.07,25.1112,25.06,25.06,2198,0
2018-01-26,17:00:00,25.06,25.122,25.06,25.08,3252,0
2018-01-26,18:00:00,25.09,25.15,25.08,25.15,909,0
2018-01-26,19:00:00,25.14,25.14,25.09,25.09,200,0
2018-01-26,20:00:00,25.1096,25.11,25.1,25.11,4595,0
2018-01-26,21:00:00,25.1,25.2,25.1,25.2,32018,0
2018-01-26,22:00:00,25.26,25.26,25.111,25.12,1219,0
2018-01-29,16:00:00,25.11,25.11,25.11,25.11,1091,0
2018-01-29,17:00:00,25.11,25.11,25,25.06,5207,0
2018-01-29,18:00:00,25.08,25.22,25.08,25.22,2903,0
2018-01-29,19:00:00,25.1501,25.25,25.15,25.24,6436,0
2018-01-29,20:00:00,25.24,25.2567,25.24,25.25,5522,0
2018-01-29,21:00:00,25.26,25.31,25.1801,25.1916,14799,0
2018-01-29,22:00:00,25.245,25.245,25.15,25.2,10095,0
2018-01-30,16:00:00,25.15,25.15,24.98,25.08,2817,0
2018-01-30,17:00:00,25.0493,25.0798,25.0098,25.0798,5378,0
2018-01-30,18:00:00,25.0008,25.0469,25,25.0033,7591,0
2018-01-30,19:00:00,24.98,25,24.95,25,8757,0
2018-01-30,20:00:00,25.02,25.31,25.02,25.29,2450,0
2018-01-30,21:00:00,25.17,25.17,25.07,25.07,918,0
2018-01-30,22:00:00,25.02,25.07,25.02,25.07,3526,0
2018-01-31,16:00:00,25.05,25.1011,25.05,25.1011,2015,0
2018-01-31,17:00:00,25.0797,25.13,25.0797,25.12,900,0
2018-01-31,18:00:00,25.12,25.25,25.07,25.07,2362,0
2018-01-31,19:00:00,25.21,25.21,25.07,25.1025,4807,0
2018-01-31,20:00:00,25.0948,25.0948,25.0701,25.0701,1350,0
2018-01-31,21:00:00,25.07,25.0999,25.07,25.0999,305,0
2018-01-31,22:00:00,25.1,25.12,25.1,25.12,684,0
2018-02-01,16:00:00,25.1,25.1001,25.1,25.1001,1443,0
2018-02-01,17:00:00,25.1555,25.1555,25.15,25.15,1597,0
2018-02-01,18:00:00,25.16,25.25,25.15,25.2,4694,0
2018-02-01,19:00:00,25.15,25.17,25.15,25.17,600,0
2018-02-01,20:00:00,25.15,25.17,25.1,25.13,5195,0
2018-02-01,21:00:00,25.1201,25.13,25.12,25.13,1600,0
2018-02-01,22:00:00,25.125,25.13,25.1,25.13,6485,0
2018-02-02,16:00:00,25.1,25.1,25.02,25.0911,4757,0
2018-02-02,18:00:00,25.1476,25.1476,25.1476,25.1476,425,0
2018-02-02,19:00:00,25.0563,25.0563,25.04,25.04,660,0
2018-02-02,20:00:00,25.04,25.07,25.03,25.07,3594,0
2018-02-02,21:00:00,25.15,25.15,25.04,25.0548,4581,0
2018-02-02,22:00:00,25.07,25.145,25.05,25.07,4835,0
2018-02-05,16:00:00,25.05,25.1303,25.05,25.1303,1735,0
2018-02-05,17:00:00,25.08,25.1699,25.08,25.1699,1466,0
2018-02-05,18:00:00,25.1403,25.1403,25.1137,25.1137,1051,0
2018-02-05,19:00:00,25.1,25.1199,25.08,25.1199,3543,0
2018-02-05,20:00:00,25.1,25.11,25.08,25.09,4636,0
2018-02-05,21:00:00,25.08,25.11,25.08,25.08,2033,0
2018-02-05,22:00:00,25.095,25.11,25.08,25.08,6186,0
2018-02-06,16:00:00,25.134,25.134,25.09,25.09,437,0
2018-02-06,17:00:00,25.1,25.104,25.09,25.104,2893,0
2018-02-06,18:00:00,25.1,25.1,25.09,25.09,2403,0
2018-02-06,19:00:00,25.09,25.1,25.09,25.1,2353,0
2018-02-06,20:00:00,25.1,25.105,25.09,25.105,7942,0
2018-02-06,21:00:00,25.09,25.11,25.09,25.09,5595,0
2018-02-06,22:00:00,25.09,25.14,25.03,25.14,544698,0
2018-02-07,16:00:00,25.14,25.14,25.105,25.14,1120,0
2018-02-07,17:00:00,25.18,25.205,25.16,25.16,2097,0
2018-02-07,18:00:00,25.24,25.24,25.24,25.24,200,0
2018-02-07,19:00:00,25.21,25.21,25.17,25.1946,3095,0
2018-02-07,20:00:00,25.17,25.2035,25.17,25.17,3571,0
2018-02-07,21:00:00,25.1946,25.1946,25.17,25.17,5377,0
2018-02-07,22:00:00,25.17,25.17,25.17,25.17,3752,0
2018-02-08,16:00:00,25.08,25.1002,25.08,25.1,857,0
2018-02-08,17:00:00,25.08,25.0801,25.08,25.08,1943,0
2018-02-08,18:00:00,25.08,25.1,25.08,25.1,4000,0
2018-02-08,19:00:00,25.091,25.091,25.091,25.091,1170,0
2018-02-08,20:00:00,25.09,25.1,25.084,25.1,2975,0
2018-02-08,21:00:00,25.1,25.123,25.1,25.123,8807,0
2018-02-08,22:00:00,25.11,25.11,24.99,25.0026,10481,0
2018-02-09,16:00:00,25.05,25.05,25,25.0001,12253,0
2018-02-09,17:00:00,25.02,25.02,24.95,24.95,10104,0
2018-02-09,18:00:00,24.91,24.93,24.89,24.91,9916,0
2018-02-09,19:00:00,24.92,24.95,24.91,24.9299,1968,0
2018-02-09,20:00:00,24.915,24.915,24.83,24.86,2402,0
2018-02-09,21:00:00,24.8938,25.1,24.8938,25.02,1606,0
2018-02-09,22:00:00,25.02,25.13,24.93,25.11,5599,0
2018-02-12,16:00:00,25.09,25.09,25.09,25.09,273,0
2018-02-12,17:00:00,25.0953,25.0953,25.068,25.068,732,0
2018-02-12,19:00:00,25.03,25.03,25.02,25.02,1900,0
2018-02-12,20:00:00,25.0959,25.18,25.0959,25.18,3856,0
2018-02-12,21:00:00,25.11,25.15,25.1,25.1,5300,0
2018-02-12,22:00:00,25.09,25.1,25.01,25.01,1810,0
2018-02-13,16:00:00,25.02,25.08,25.02,25.08,340,0
2018-02-13,17:00:00,25.01,25.15,25.01,25.15,2864,0
2018-02-13,18:00:00,25.17,25.17,25.17,25.17,100,0
2018-02-13,19:00:00,25.17,25.17,25.0711,25.0711,247,0
2018-02-13,20:00:00,25.03,25.14,25.01,25.03,4836,0
2018-02-13,21:00:00,25.03,25.05,25.01,25.0101,182633,0
2018-02-13,22:00:00,25.03,25.054,25.0129,25.02,107574,0
2018-02-14,16:00:00,25.02,25.02,24.9996,24.9996,2338,0
2018-02-14,17:00:00,25.02,25.02,25,25,520,0
2018-02-14,18:00:00,25.02,25.02,24.985,24.985,1475,0
2018-02-14,19:00:00,25,25.01,24.9623,24.98,1934,0
2018-02-14,20:00:00,24.97,25.02,24.965,25.005,3636,0
2018-02-14,21:00:00,25.005,25.02,25,25.01,2658,0
2018-02-14,22:00:00,25.01,25.01,25,25.005,4268,0
2018-02-15,16:00:00,25,25.03,25,25.013,2626,0
2018-02-15,17:00:00,25.08,25.08,25,25,1581,0
2018-02-15,18:00:00,25.02,25.02,24.99,25.02,3632,0
2018-02-15,19:00:00,25.02,25.02,25,25,2800,0
2018-02-15,20:00:00,25.02,25.02,25,25,700,0
2018-02-15,21:00:00,25,25.0279,25,25,4985,0
2018-02-15,22:00:00,25,25.03,25,25.02,3746,0
2018-02-16,16:00:00,25.02,25.06,25.02,25.0525,1498,0
2018-02-16,17:00:00,25.046,25.06,25.04,25.06,2500,0
2018-02-16,18:00:00,25.05,25.1127,25.04,25.1127,2273,0
2018-02-16,19:00:00,25.1095,25.1095,25.1,25.1,550,0
2018-02-16,20:00:00,25.1,25.1027,25.08,25.1,4134,0
2018-02-16,21:00:00,25.1,25.116,25.09,25.1,3758,0
2018-02-16,22:00:00,25.1,25.11,25.02,25.02,5821,0
2018-02-20,16:00:00,25.01,25.055,25.01,25.055,2020,0
2018-02-20,17:00:00,25.05,25.1173,25.05,25.08,1346,0
2018-02-20,18:00:00,25.0883,25.0883,25.0883,25.0883,470,0
2018-02-20,19:00:00,25.15,25.15,25.0949,25.0949,346,0
2018-02-20,20:00:00,25.0769,25.08,25.0768,25.08,1263,0
2018-02-20,21:00:00,25.14,25.14,25.09,25.1338,3500,0
2018-02-20,22:00:00,25.09,25.15,25.09,25.13,1858,0
2018-02-21,16:00:00,25.09,25.15,25.09,25.15,2788,0
2018-02-21,17:00:00,25.15,25.15,25.08,25.15,6194,0
2018-02-21,18:00:00,25.15,25.15,25.15,25.15,1800,0
2018-02-21,19:00:00,25.12,25.17,25.12,25.17,2100,0
2018-02-21,20:00:00,25.17,25.1857,25.15,25.15,972,0
2018-02-21,21:00:00,25.17,25.19,25.1398,25.1398,23064,0
2018-02-21,22:00:00,25.12,25.16,25.12,25.16,4281,0
2018-02-22,16:00:00,25.13,25.13,25.12,25.12,238,0
2018-02-22,17:00:00,25.2,25.2399,25.2,25.2178,800,0
2018-02-22,18:00:00,25.23,25.23,25.17,25.2,2600,0
2018-02-22,19:00:00,25.22,25.23,25.17,25.23,900,0
2018-02-22,20:00:00,25.195,25.2188,25.17,25.185,1400,0
2018-02-22,21:00:00,25.1791,25.2,25.1501,25.175,2950,0
2018-02-22,22:00:00,25.17,25.17,25.15,25.17,1592,0
2018-02-23,16:00:00,25.24,25.24,25.22,25.23,713,0
2018-02-23,17:00:00,25.2025,25.24,25.2025,25.23,2685,0
2018-02-23,18:00:00,25.17,25.195,25.168,25.168,18167,0
2018-02-23,19:00:00,25.17,25.17,25.16,25.16,2275,0
2018-02-23,20:00:00,25.2,25.21,25.19,25.19,400,0
2018-02-23,21:00:00,25.2256,25.2256,25.21,25.21,500,0
2018-02-23,22:00:00,25.19,25.24,25.17,25.24,5706,0
2018-02-26,16:00:00,25.1906,25.1906,25.1906,25.1906,400,0
2018-02-26,17:00:00,25.19,25.19,25.15,25.19,3500,0
2018-02-26,18:00:00,25.19,25.2,25.15,25.15,2600,0
2018-02-26,19:00:00,25.1668,25.1994,25.1416,25.19,4934,0
2018-02-26,20:00:00,25.15,25.18,25.15,25.163,3027,0
2018-02-26,21:00:00,25.1664,25.19,25.1546,25.16,3460,0
2018-02-26,22:00:00,25.16,25.19,25.16,25.18,1524,0
2018-02-27,16:00:00,25.16,25.22,25.16,25.22,314,0
2018-02-27,17:00:00,25.22,25.24,25.19,25.221,1544,0
2018-02-27,18:00:00,25.2,25.2,25.18,25.18,930,0
2018-02-27,19:00:00,25.19,25.19,25.16,25.16,200,0
2018-02-27,20:00:00,25.1844,25.1844,25.16,25.16,550,0
2018-02-27,21:00:00,25.1874,25.24,25.16,25.24,6709,0
2018-02-27,22:00:00,25.19,25.24,25.16,25.16,6858,0
2018-02-28,16:00:00,25.16,25.23,25.16,25.23,200,0
2018-02-28,17:00:00,25.24,25.24,25.16,25.16,1100,0
2018-02-28,18:00:00,25.18,25.19,25.18,25.18,1700,0
2018-02-28,19:00:00,25.1848,25.1848,25.1848,25.1848,600,0
2018-02-28,20:00:00,25.17,25.18,25.17,25.17,1199,0
2018-02-28,21:00:00,25.17,25.2166,25.17,25.17,1485,0
2018-02-28,22:00:00,25.17,25.215,25.17,25.17,3910,0
2018-03-01,17:00:00,25.2321,25.27,25.1701,25.27,1000,0
2018-03-01,18:00:00,25.28,25.28,25.28,25.28,100,0
2018-03-01,19:00:00,25.28,25.28,25.22,25.24,26224,0
2018-03-01,20:00:00,25.2542,25.265,25.24,25.265,1119,0
2018-03-01,21:00:00,25.2679,25.2679,25.245,25.2465,2157,0
2018-03-01,22:00:00,25.24,25.25,25.24,25.25,517,0
2018-03-02,17:00:00,25.2,25.2,25.2,25.2,100,0
2018-03-02,18:00:00,25.2,25.2,25.11,25.14,500,0
2018-03-02,19:00:00,25.12,25.12,25.12,25.12,543,0
2018-03-02,20:00:00,25.21,25.21,25.1438,25.15,1058,0
2018-03-02,21:00:00,25.1514,25.1927,25.12,25.12,4589,0
2018-03-02,22:00:00,25.175,25.175,25.16,25.16,320,0
2018-03-05,16:00:00,25.27,25.27,25.22,25.22,900,0
2018-03-05,17:00:00,25.22,25.22,25.22,25.22,1900,0
2018-03-05,18:00:00,25.22,25.23,25.18,25.22,3501,0
2018-03-05,19:00:00,25.22,25.2241,25.22,25.22,2300,0
2018-03-05,20:00:00,25.22,25.285,25.15,25.22,34721,0
2018-03-05,21:00:00,25.22,25.25,25.17,25.24,3025,0
2018-03-05,22:00:00,25.25,25.3,25.18,25.3,3126,0
2018-03-06,16:00:00,25.26,25.26,25.17,25.17,432,0
2018-03-06,17:00:00,25.26,25.26,25.26,25.26,700,0
2018-03-06,18:00:00,25.2066,25.32,25.2066,25.32,615,0
2018-03-06,20:00:00,25.24,25.24,25.24,25.24,520,0
2018-03-06,21:00:00,25.24,25.3159,25.24,25.24,1697,0
2018-03-06,22:00:00,25.2769,25.2984,25.17,25.17,1908,0
2018-03-07,16:00:00,25.18,25.18,25.18,25.18,225,0
2018-03-07,17:00:00,25.25,25.25,25.2,25.25,9350,0
2018-03-07,18:00:00,25.2,25.25,25.2,25.2303,1430,0
2018-03-07,19:00:00,25.24,25.27,25.24,25.26,1500,0
2018-03-07,21:00:00,25.2583,25.27,25.22,25.27,4475,0
2018-03-07,22:00:00,25.27,25.27,25.21,25.22,2554,0
2018-03-08,16:00:00,25.22,25.22,25.22,25.22,169,0
2018-03-08,17:00:00,25.274,25.274,25.22,25.2274,1485,0
2018-03-08,19:00:00,25.22,25.259,25.22,25.259,2070,0
2018-03-08,20:00:00,25.2775,25.2775,25.259,25.2602,1857,0
2018-03-08,21:00:00,25.269,25.28,25.22,25.2596,2640,0
2018-03-08,22:00:00,25.2799,25.3,25.2206,25.3,4194,0
2018-03-09,16:00:00,25.3,25.3,25.3,25.3,200,0
2018-03-09,17:00:00,25.2696,25.2696,25.2696,25.2696,500,0
2018-03-09,19:00:00,25.2669,25.29,25.245,25.2683,2200,0
2018-03-09,20:00:00,25.2619,25.29,25.2343,25.2343,1758,0
2018-03-09,21:00:00,25.23,25.23,25.2201,25.2201,2100,0
2018-03-09,22:00:00,25.2559,25.2559,25.2201,25.2201,562,0
2018-03-12,15:00:00,25.24,25.24,25.23,25.23,1400,0
2018-03-12,16:00:00,25.22,25.22,25.22,25.22,350,0
2018-03-12,17:00:00,25.22,25.25,25.22,25.25,2560,0
2018-03-12,18:00:00,25.243,25.243,25.22,25.22,1300,0
2018-03-12,19:00:00,25.25,25.25,25.23,25.238,600,0
2018-03-12,20:00:00,25.2405,25.25,25.22,25.2216,1291,0
2018-03-12,21:00:00,25.25,25.25,25.22,25.22,768,0
2018-03-13,15:00:00,25.23,25.23,25.23,25.23,146,0
2018-03-13,16:00:00,25.22,25.22,25.22,25.22,615,0
2018-03-13,18:00:00,25.25,25.25,25.25,25.25,1300,0
2018-03-13,19:00:00,25.2637,25.29,25.2637,25.29,900,0
2018-03-13,20:00:00,25.29,25.2942,25.29,25.2942,923,0
2018-03-13,21:00:00,25.26,25.31,25.26,25.28,1637,0
2018-03-14,15:00:00,25.24,25.24,25.24,25.24,211,0
2018-03-14,17:00:00,25.275,25.3,25.239,25.3,2675,0
2018-03-14,18:00:00,25.267,25.29,25.267,25.29,700,0
2018-03-14,19:00:00,25.265,25.31,25.23,25.31,15260,0
2018-03-14,20:00:00,25.29,25.29,25.29,25.29,100,0
2018-03-14,21:00:00,25.31,25.31,25.2872,25.2872,625,0
2018-03-15,15:00:00,25.31,25.31,25.26,25.31,1295,0
2018-03-15,17:00:00,25.3055,25.3197,25.29,25.31,2630,0
2018-03-15,18:00:00,25.3152,25.3152,25.3152,25.3152,400,0
2018-03-15,19:00:00,25.33,25.33,25.33,25.33,300,0
2018-03-15,20:00:00,25.33,25.34,25.315,25.3317,2620,0
2018-03-15,21:00:00,25.34,25.34,25.34,25.34,700,0
2018-03-16,17:00:00,25.34,25.34,25.34,25.34,2259,0
2018-03-16,18:00:00,25.3073,25.3073,25.3073,25.3073,106,0
2018-03-16,19:00:00,25.33,25.34,25.3111,25.3111,400,0
2018-03-16,20:00:00,25.305,25.34,25.277,25.34,2000,0
2018-03-16,21:00:00,25.34,25.34,25.34,25.34,126,0
2018-03-19,15:00:00,25.25,25.29,25.24,25.24,1274,0
2018-03-19,16:00:00,25.24,25.26,25.24,25.24,533,0
2018-03-19,17:00:00,25.24,25.3,25.24,25.24,1600,0
2018-03-19,18:00:00,25.24,25.292,25.24,25.292,6156,0
2018-03-19,19:00:00,25.25,25.289,25.25,25.26,1200,0
2018-03-19,20:00:00,25.3008,25.3008,25.25,25.26,1822,0
2018-03-19,21:00:00,25.27,25.3016,25.27,25.27,1200,0
2018-03-20,15:00:00,25.25,25.33,25.25,25.31,802,0
2018-03-20,17:00:00,25.2628,25.29,25.2628,25.29,664,0
2018-03-20,18:00:00,25.2608,25.32,25.2608,25.32,1126,0
2018-03-20,19:00:00,25.2972,25.2972,25.2902,25.2902,247,0
2018-03-20,20:00:00,25.296,25.3,25.2601,25.29,1463,0
2018-03-20,21:00:00,25.26,25.31,25.26,25.31,400,0
2018-03-21,16:00:00,25.26,25.37,25.25,25.37,18700,0
2018-03-21,17:00:00,25.338,25.338,25.338,25.338,400,0
2018-03-21,19:00:00,25.34,25.34,25.3293,25.33,1100,0
2018-03-21,20:00:00,25.36,25.36,25.35,25.359,800,0
2018-03-21,21:00:00,25.36,25.36,25.36,25.36,351,0
2018-03-22,15:00:00,25.3,25.3,25.2901,25.2901,990,0
2018-03-22,16:00:00,25.3,25.3277,25.26,25.26,10330,0
2018-03-22,17:00:00,25.2897,25.3199,25.27,25.27,1311,0
2018-03-22,18:00:00,25.2952,25.348,25.27,25.348,900,0
2018-03-22,20:00:00,25.2943,25.2943,25.27,25.27,405,0
2018-03-22,21:00:00,25.27,25.3295,25.27,25.31,1675,0
2018-03-23,16:00:00,25.32,25.32,25.31,25.31,200,0
2018-03-23,17:00:00,25.3,25.3,25.3,25.3,100,0
2018-03-23,18:00:00,25.27,25.3004,25.27,25.3004,1100,0
2018-03-23,19:00:00,25.31,25.31,25.26,25.3,2261,0
2018-03-23,20:00:00,25.3,25.32,25.2632,25.269,1400,0
2018-03-23,21:00:00,25.2897,25.2897,25.26,25.26,1151,0
2018-03-26,16:00:00,25.26,25.26,25.26,25.26,1107,0
2018-03-26,17:00:00,25.26,25.26,25.25,25.25,2664,0
2018-03-26,18:00:00,25.24,25.28,25.24,25.24,1500,0
2018-03-26,19:00:00,25.24,25.28,25.23,25.24,1600,0
2018-03-26,20:00:00,25.24,25.31,25.23,25.2301,4995,0
2018-03-26,21:00:00,25.2301,25.31,25.2301,25.2401,3615,0
2018-03-26,22:00:00,25.2401,25.2684,25.23,25.23,3455,0
2018-03-27,16:00:00,25.24,25.24,25.24,25.24,200,0
2018-03-27,17:00:00,25.27,25.31,25.23,25.31,400,0
2018-03-27,18:00:00,25.2477,25.2477,25.2477,25.2477,1000,0
2018-03-27,19:00:00,25.249,25.31,25.249,25.31,400,0
2018-03-27,20:00:00,25.292,25.292,25.26,25.26,700,0
2018-03-27,21:00:00,25.2695,25.2695,25.269,25.269,968,0
2018-03-27,22:00:00,25.25,25.27,25.25,25.27,1937,0
2018-03-28,16:00:00,25.26,25.31,25.26,25.31,482,0
2018-03-28,17:00:00,25.26,25.31,25.22,25.31,3700,0
2018-03-28,20:00:00,25.2736,25.2736,25.2736,25.2736,298,0
2018-03-28,21:00:00,25.2671,25.2766,25.2671,25.2766,712,0
2018-03-28,22:00:00,25.23,25.31,25.23,25.23,3600,0
2018-03-29,16:00:00,25.23,25.27,25.23,25.27,434,0
2018-03-29,17:00:00,25.28,25.31,25.28,25.31,600,0
2018-03-29,18:00:00,25.31,25.32,25.31,25.32,500,0
2018-03-29,19:00:00,25.33,25.33,25.33,25.33,429,0
2018-03-29,20:00:00,25.33,25.35,25.33,25.3416,2272,0
2018-03-29,21:00:00,25.29,25.35,25.29,25.35,794,0
2018-03-29,22:00:00,25.35,25.37,25.29,25.29,4357,0
