Date,Time,Open,High,Low,Close,Volume,OpenInt
2017-09-05,16:00:00,62.717,63.81,62.072,62.717,1924,0
2017-09-05,17:00:00,62.717,62.866,62.369,62.618,5161,0
2017-09-05,18:00:00,62.519,62.667,62.221,62.32,2417,0
2017-09-05,19:00:00,62.221,62.221,61.798,61.973,3929,0
2017-09-05,20:00:00,61.873,61.873,61.277,61.475,8583,0
2017-09-05,21:00:00,61.575,61.675,61.277,61.327,5936,0
2017-09-05,22:00:00,61.377,61.377,61.079,61.177,22431,0
2017-09-06,16:00:00,61.377,62.453,60.879,61.227,4210,0
2017-09-06,17:00:00,61.159,61.525,60.731,61.177,8972,0
2017-09-06,18:00:00,61.129,61.177,60.929,61.029,1913,0
2017-09-06,19:00:00,61.029,61.029,60.631,60.776,3680,0
2017-09-06,20:00:00,60.781,61.029,60.483,60.681,10080,0
2017-09-06,21:00:00,60.681,60.879,60.533,60.721,5794,0
2017-09-06,22:00:00,60.731,60.879,60.582,60.731,24590,0
2017-09-07,16:00:00,60.979,61.029,59.937,60.284,1158,0
2017-09-07,17:00:00,60.333,60.731,59.937,60.235,6724,0
2017-09-07,18:00:00,60.185,60.433,59.539,60.026,12404,0
2017-09-07,19:00:00,59.986,60.235,59.59,59.887,4641,0
2017-09-07,20:00:00,59.787,60.185,59.787,60.135,2541,0
2017-09-07,21:00:00,60.185,60.185,59.738,60.035,4848,0
2017-09-07,22:00:00,59.837,60.035,59.589,59.986,16590,0
2017-09-08,16:00:00,59.887,60.731,59.738,59.986,4590,0
2017-09-08,17:00:00,59.937,60.085,59.639,59.787,3913,0
2017-09-08,18:00:00,60.035,60.16,59.986,59.986,5688,0
2017-09-08,19:00:00,59.887,60.11,59.757,60.035,2819,0
2017-09-08,20:00:00,59.986,60.085,59.797,59.797,9365,0
2017-09-08,21:00:00,59.837,60.135,59.837,59.986,3732,0
2017-09-08,22:00:00,60.045,60.235,59.937,60.085,28516,0
2017-09-11,16:00:00,60.185,60.831,59.688,60.135,4188,0
2017-09-11,17:00:00,60.483,60.731,60.284,60.582,3983,0
2017-09-11,18:00:00,60.533,60.533,60.085,60.483,2751,0
2017-09-11,19:00:00,60.433,60.433,60.235,60.433,1208,0
2017-09-11,20:00:00,60.333,60.631,60.333,60.533,4513,0
2017-09-11,21:00:00,60.631,60.631,60.483,60.582,5081,0
2017-09-11,22:00:00,60.631,60.929,60.533,60.929,14233,0
2017-09-12,16:00:00,60.979,61.65,60.533,61.391,2993,0
2017-09-12,17:00:00,61.227,61.277,60.904,60.979,3400,0
2017-09-12,18:00:00,60.979,61.177,60.831,61.177,2202,0
2017-09-12,19:00:00,61.026,61.177,61.026,61.079,1410,0
2017-09-12,20:00:00,61.029,61.277,60.831,60.929,3289,0
2017-09-12,21:00:00,60.979,61.129,60.681,60.929,7792,0
2017-09-12,22:00:00,61.004,61.079,60.831,61.079,17579,0
2017-09-13,16:00:00,61.079,61.277,60.433,60.503,3222,0
2017-09-13,17:00:00,60.433,60.483,60.185,60.284,4579,0
2017-09-13,18:00:00,60.185,60.333,59.887,59.887,6316,0
2017-09-13,19:00:00,59.937,60.135,59.738,59.986,5637,0
2017-09-13,20:00:00,59.986,60.185,59.887,60.135,4130,0
2017-09-13,21:00:00,60.035,60.284,59.937,60.085,5681,0
2017-09-13,22:00:00,60.135,60.631,60.085,60.582,35809,0
2017-09-14,16:00:00,60.284,60.284,59.589,59.837,11036,0
2017-09-14,17:00:00,59.837,60.533,59.837,60.383,2215,0
2017-09-14,18:00:00,60.433,60.929,60.433,60.781,5287,0
2017-09-14,19:00:00,60.756,60.929,60.681,60.681,3123,0
2017-09-14,20:00:00,60.533,60.879,60.533,60.879,2992,0
2017-09-14,21:00:00,60.817,60.879,60.483,60.631,4822,0
2017-09-14,22:00:00,60.533,60.681,60.333,60.631,15826,0
2017-09-15,16:00:00,60.731,60.731,59.589,60.433,29934,0
2017-09-15,17:00:00,60.433,60.433,59.986,59.986,2962,0
2017-09-15,18:00:00,59.986,60.582,59.986,60.582,6639,0
2017-09-15,19:00:00,60.483,60.681,60.383,60.508,2316,0
2017-09-15,20:00:00,60.433,60.631,60.383,60.483,4672,0
2017-09-15,21:00:00,60.483,60.631,60.483,60.582,5135,0
2017-09-15,22:00:00,60.631,60.731,60.582,60.731,50143,0
2017-09-18,16:00:00,60.831,61.029,60.831,60.879,638,0
2017-09-18,17:00:00,60.929,61.252,60.879,61.177,5844,0
2017-09-18,18:00:00,61.177,61.277,60.932,60.979,7473,0
2017-09-18,19:00:00,61.029,61.177,61.029,61.129,3321,0
2017-09-18,20:00:00,61.104,61.129,60.631,60.781,11108,0
2017-09-18,21:00:00,60.781,60.781,60.333,60.483,5225,0
2017-09-18,22:00:00,60.533,60.631,59.539,59.937,44580,0
2017-09-19,16:00:00,60.135,60.979,59.688,60.185,5995,0
2017-09-19,17:00:00,60.383,60.383,59.986,60.135,2134,0
2017-09-19,18:00:00,60.085,60.235,59.986,60.035,2014,0
2017-09-19,19:00:00,60.135,60.284,60.035,60.035,2819,0
2017-09-19,20:00:00,60.035,60.383,60.035,60.135,3793,0
2017-09-19,21:00:00,60.135,60.185,60.085,60.085,2169,0
2017-09-19,22:00:00,60.085,60.185,59.887,60.085,22015,0
2017-09-20,16:00:00,60.284,60.533,60.284,60.333,1046,0
2017-09-20,17:00:00,60.433,60.781,60.383,60.781,2114,0
2017-09-20,18:00:00,60.781,60.781,60.235,60.249,3751,0
2017-09-20,19:00:00,60.483,60.483,60.433,60.433,1913,0
2017-09-20,20:00:00,60.533,60.533,60.235,60.433,4631,0
2017-09-20,21:00:00,60.433,60.483,59.986,60.483,5007,0
2017-09-20,22:00:00,60.533,60.533,60.284,60.284,17527,0
2017-09-21,16:00:00,60.333,60.681,59.986,60.185,1225,0
2017-09-21,17:00:00,60.333,60.333,59.986,60.135,2215,0
2017-09-21,18:00:00,59.986,60.284,59.887,60.284,5035,0
2017-09-21,19:00:00,60.383,60.433,60.235,60.383,6159,0
2017-09-21,20:00:00,60.433,60.681,60.333,60.681,8135,0
2017-09-21,21:00:00,60.681,60.831,60.631,60.738,2215,0
2017-09-21,22:00:00,60.831,61.177,60.681,61.129,25829,0
2017-09-22,16:00:00,61.079,61.725,61.079,61.177,1714,0
2017-09-22,17:00:00,61.177,61.575,61.029,61.456,4323,0
2017-09-22,18:00:00,61.525,61.625,61.177,61.24,3598,0
2017-09-22,19:00:00,61.277,61.427,61.227,61.327,4229,0
2017-09-22,20:00:00,61.327,61.377,61.177,61.377,5048,0
2017-09-22,21:00:00,61.427,61.427,61.129,61.227,5167,0
2017-09-22,22:00:00,61.277,61.525,61.227,61.525,18272,0
2017-09-25,16:00:00,61.427,61.923,61.302,61.823,6734,0
2017-09-25,17:00:00,61.675,61.873,61.327,61.327,6902,0
2017-09-25,18:00:00,61.475,61.625,61.377,61.377,1752,0
2017-09-25,19:00:00,61.427,61.575,61.129,61.475,4392,0
2017-09-25,20:00:00,61.525,61.575,61.475,61.525,1424,0
2017-09-25,21:00:00,61.625,61.823,61.585,61.625,2588,0
2017-09-25,22:00:00,61.773,61.823,61.427,61.725,36903,0
2017-09-26,16:00:00,61.973,62.369,61.923,62.146,3616,0
2017-09-26,17:00:00,62.221,62.221,61.575,61.675,15255,0
2017-09-26,18:00:00,61.749,62.121,61.749,62.047,7586,0
2017-09-26,19:00:00,62.121,62.271,61.823,61.923,3021,0
2017-09-26,20:00:00,61.973,62.071,61.923,62.022,4132,0
2017-09-26,21:00:00,61.943,62.022,61.575,61.575,5382,0
2017-09-26,22:00:00,61.625,61.773,61.327,61.427,14903,0
2017-09-27,16:00:00,61.675,61.823,61.475,61.725,11916,0
2017-09-27,17:00:00,61.675,61.798,61.525,61.773,9748,0
2017-09-27,18:00:00,61.675,61.973,61.675,61.823,6041,0
2017-09-27,19:00:00,61.823,62.469,61.823,62.469,4206,0
2017-09-27,20:00:00,62.519,63.313,62.519,63.313,24800,0
2017-09-27,21:00:00,63.413,63.413,62.569,63.065,6559,0
2017-09-27,22:00:00,63.164,63.263,62.618,62.717,22623,0
2017-09-28,16:00:00,63.611,63.611,62.32,62.32,17468,0
2017-09-28,17:00:00,62.271,63.015,61.873,62.965,5665,0
2017-09-28,18:00:00,63.065,63.561,63.065,63.462,5989,0
2017-09-28,19:00:00,63.611,64.008,63.413,63.413,7557,0
2017-09-28,20:00:00,63.413,63.611,63.364,63.512,2947,0
2017-09-28,21:00:00,63.561,63.76,63.512,63.647,5219,0
2017-09-28,22:00:00,63.71,63.959,63.561,63.909,25847,0
2017-09-29,16:00:00,64.058,64.53,63.909,63.934,5522,0
2017-09-29,17:00:00,64.008,64.108,63.512,63.71,5835,0
2017-09-29,18:00:00,63.661,63.661,63.164,63.214,3330,0
2017-09-29,19:00:00,63.164,63.512,63.115,63.512,4245,0
2017-09-29,20:00:00,63.462,63.76,63.313,63.361,7633,0
2017-09-29,21:00:00,63.388,63.71,63.338,63.462,7209,0
2017-09-29,22:00:00,63.512,63.512,63.015,63.115,31214,0
2017-10-02,16:00:00,62.817,63.164,62.717,62.817,3443,0
2017-10-02,17:00:00,62.767,63.115,62.667,62.717,4177,0
2017-10-02,18:00:00,62.817,63.363,62.817,63.115,7182,0
2017-10-02,19:00:00,63.115,63.462,63.115,63.462,3222,0
2017-10-02,20:00:00,63.462,63.661,63.338,63.661,5561,0
2017-10-02,21:00:00,63.611,63.661,63.462,63.661,5219,0
2017-10-02,22:00:00,63.661,63.76,63.512,63.71,18527,0
2017-10-03,16:00:00,63.661,64.306,63.263,63.661,3602,0
2017-10-03,17:00:00,63.561,63.859,63.462,63.81,4431,0
2017-10-03,18:00:00,63.81,63.859,63.76,63.81,4329,0
2017-10-03,19:00:00,63.661,63.909,63.661,63.909,7069,0
2017-10-03,20:00:00,63.859,63.909,63.611,63.81,7716,0
2017-10-03,21:00:00,63.81,63.909,63.76,63.909,5840,0
2017-10-03,22:00:00,63.909,64.008,63.859,63.959,21790,0
2017-10-04,16:00:00,64.008,65.101,63.611,64.505,2673,0
2017-10-04,17:00:00,64.505,64.704,64.207,64.505,2316,0
2017-10-04,18:00:00,64.455,64.654,64.306,64.554,4967,0
2017-10-04,19:00:00,64.554,64.604,64.455,64.455,4129,0
2017-10-04,20:00:00,64.554,64.654,64.157,64.331,6610,0
2017-10-04,21:00:00,64.406,64.704,64.396,64.554,5778,0
2017-10-04,22:00:00,64.53,64.852,64.53,64.704,15659,0
2017-10-05,16:00:00,64.753,65.002,64.506,64.803,2447,0
2017-10-05,17:00:00,65.101,65.101,64.753,64.952,1390,0
2017-10-05,18:00:00,65.15,65.2,64.773,65.2,3684,0
2017-10-05,19:00:00,65.101,65.15,64.753,64.852,3579,0
2017-10-05,20:00:00,64.852,65.002,64.704,64.852,3021,0
2017-10-05,21:00:00,64.902,65.002,64.852,64.952,2548,0
2017-10-05,22:00:00,64.952,65.001,64.753,64.803,11921,0
2017-10-06,16:00:00,64.704,64.704,64.108,64.554,1070,0
2017-10-06,17:00:00,64.604,64.89,64.505,64.654,2167,0
2017-10-06,18:00:00,64.654,64.654,64.306,64.306,4985,0
2017-10-06,19:00:00,64.306,64.505,64.306,64.406,2630,0
2017-10-06,20:00:00,64.406,64.406,64.207,64.351,4741,0
2017-10-06,21:00:00,64.258,64.356,64.157,64.257,7753,0
2017-10-06,22:00:00,64.257,64.356,64.058,64.306,32438,0
2017-10-09,17:00:00,64.952,64.952,64.952,64.952,202,0
2017-10-09,18:00:00,64.852,65.002,64.753,64.952,1914,0
2017-10-09,19:00:00,65.051,65.051,64.763,64.788,907,0
2017-10-09,20:00:00,64.753,64.852,64.604,64.852,4632,0
2017-10-09,21:00:00,64.803,65.051,64.753,65.051,1708,0
2017-10-09,22:00:00,64.952,65.349,64.952,65.3,14144,0
2017-10-10,16:00:00,65.498,66.044,65.123,66.044,1868,0
2017-10-10,17:00:00,65.896,65.896,65.25,65.647,5493,0
2017-10-10,18:00:00,65.548,65.846,65.349,65.548,4573,0
2017-10-10,19:00:00,65.647,65.746,65.294,65.294,7599,0
2017-10-10,20:00:00,65.349,65.349,65.101,65.101,2316,0
2017-10-10,21:00:00,65.101,65.349,65.101,65.15,6105,0
2017-10-10,22:00:00,65.25,65.349,65.15,65.25,17500,0
2017-10-11,16:00:00,65.051,65.448,65.051,65.3,5087,0
2017-10-11,17:00:00,65.2,65.399,65.15,65.225,6293,0
2017-10-11,18:00:00,65.349,65.349,65.2,65.25,3323,0
2017-10-11,19:00:00,65.2,65.349,65.2,65.25,1812,0
2017-10-11,20:00:00,65.3,65.349,65.2,65.3,2316,0
2017-10-11,21:00:00,65.3,65.3,65.101,65.25,4107,0
2017-10-11,22:00:00,65.15,65.349,65.15,65.25,21836,0
2017-10-12,16:00:00,65.15,65.349,65.002,65.15,955,0
2017-10-12,17:00:00,65.3,65.349,65.3,65.349,3365,0
2017-10-12,18:00:00,65.25,65.349,65.15,65.25,3604,0
2017-10-12,19:00:00,65.15,65.3,65.102,65.2,1712,0
2017-10-12,20:00:00,65.225,65.3,65.101,65.2,6935,0
2017-10-12,21:00:00,65.25,65.349,65.175,65.25,8074,0
2017-10-12,22:00:00,65.3,65.349,65.15,65.25,22157,0
2017-10-13,16:00:00,65.349,65.349,65.349,65.349,390,0
2017-10-13,17:00:00,65.29,65.896,65.29,65.816,3823,0
2017-10-13,18:00:00,65.796,65.955,65.598,65.598,2923,0
2017-10-13,19:00:00,65.598,65.598,65.25,65.3,1923,0
2017-10-13,20:00:00,65.3,65.399,65.3,65.353,1215,0
2017-10-13,21:00:00,65.25,65.399,65.25,65.3,3691,0
2017-10-13,22:00:00,65.3,65.548,65.2,65.25,35156,0
2017-10-16,16:00:00,65.349,65.846,65.349,65.647,4313,0
2017-10-16,17:00:00,65.896,65.994,65.399,65.399,5237,0
2017-10-16,18:00:00,65.399,65.994,65.3,65.994,8338,0
2017-10-16,19:00:00,65.896,65.945,65.598,65.796,6405,0
2017-10-16,20:00:00,65.846,65.945,65.448,65.647,18124,0
2017-10-16,21:00:00,65.746,65.846,65.598,65.696,2284,0
2017-10-16,22:00:00,65.647,65.796,65.598,65.696,30848,0
2017-10-17,16:00:00,65.647,66.194,65.498,65.746,1821,0
2017-10-17,17:00:00,65.746,66.194,65.647,66.194,7524,0
2017-10-17,18:00:00,66.243,66.79,66.194,66.342,6835,0
2017-10-17,19:00:00,66.392,66.492,66.342,66.492,1332,0
2017-10-17,20:00:00,66.492,66.79,66.342,66.491,17091,0
2017-10-17,21:00:00,66.492,66.69,66.442,66.69,2014,0
2017-10-17,22:00:00,66.69,66.75,66.243,66.54,13975,0
2017-10-18,16:00:00,66.74,66.74,66.492,66.59,1507,0
2017-10-18,17:00:00,66.54,66.838,66.54,66.838,3021,0
2017-10-18,18:00:00,66.888,66.888,66.492,66.79,4795,0
2017-10-18,19:00:00,66.69,66.74,66.442,66.59,4773,0
2017-10-18,20:00:00,66.59,66.59,66.442,66.492,2827,0
2017-10-18,21:00:00,66.492,66.69,66.442,66.54,9223,0
2017-10-18,22:00:00,66.54,66.863,66.442,66.54,21367,0
2017-10-19,16:00:00,66.243,66.243,66.243,66.243,406,0
2017-10-19,17:00:00,66.144,66.292,65.746,66.292,2517,0
2017-10-19,18:00:00,66.342,66.492,66.094,66.144,3379,0
2017-10-19,19:00:00,66.094,66.442,66.094,66.144,2618,0
2017-10-19,20:00:00,66.094,66.492,66.044,66.292,2014,0
2017-10-19,21:00:00,66.461,66.54,66.243,66.54,2954,0
2017-10-19,22:00:00,66.54,66.59,66.392,66.492,12915,0
2017-10-20,16:00:00,65.729,66.044,65.729,65.994,604,0
2017-10-20,17:00:00,66.79,66.838,66.342,66.492,3592,0
2017-10-20,18:00:00,66.442,66.442,66.243,66.243,2307,0
2017-10-20,19:00:00,66.243,66.243,65.994,66.194,1021,0
2017-10-20,20:00:00,66.045,66.342,65.945,66.243,5035,0
2017-10-20,21:00:00,66.144,66.342,65.994,66.194,2728,0
2017-10-20,22:00:00,66.292,66.54,66.292,66.54,20583,0
2017-10-23,16:00:00,66.64,66.69,66.492,66.492,2167,0
2017-10-23,17:00:00,66.392,66.442,65.994,66.194,3399,0
2017-10-23,18:00:00,66.144,66.243,65.994,66.094,1916,0
2017-10-23,19:00:00,66.143,66.342,66.094,66.342,1577,0
2017-10-23,20:00:00,66.375,66.375,65.945,66.094,1641,0
2017-10-23,21:00:00,66.234,66.342,66.094,66.194,1316,0
2017-10-23,22:00:00,66.243,66.243,65.945,66.044,9422,0
2017-10-24,16:00:00,66.292,66.54,65.2,66.292,1653,0
2017-10-24,17:00:00,66.54,66.54,66.094,66.194,3076,0
2017-10-24,18:00:00,66.292,66.292,65.846,65.994,1913,0
2017-10-24,19:00:00,65.945,66.044,65.796,66.044,4261,0
2017-10-24,20:00:00,65.994,66.044,65.776,65.896,5309,0
2017-10-24,21:00:00,65.818,66.219,65.818,66.219,3071,0
2017-10-24,22:00:00,66.144,66.194,65.896,65.945,9203,0
2017-10-25,16:00:00,66.094,66.094,65.598,66.044,2196,0
2017-10-25,17:00:00,66.194,66.267,65.796,66.194,7074,0
2017-10-25,18:00:00,66.119,66.342,65.921,66.194,4368,0
2017-10-25,19:00:00,66.144,66.292,66.144,66.243,3502,0
2017-10-25,20:00:00,66.219,66.69,66.219,66.54,3071,0
2017-10-25,21:00:00,66.54,66.54,66.441,66.442,1088,0
2017-10-25,22:00:00,66.54,66.59,66.342,66.54,15192,0
2017-10-26,16:00:00,66.988,66.988,66.59,66.59,1461,0
2017-10-26,17:00:00,66.735,67.038,66.492,66.64,7685,0
2017-10-26,18:00:00,66.64,66.64,66.342,66.342,1410,0
2017-10-26,19:00:00,66.342,66.492,66.144,66.292,2846,0
2017-10-26,20:00:00,66.392,66.54,66.392,66.54,2374,0
2017-10-26,21:00:00,66.54,66.69,66.342,66.342,3146,0
2017-10-26,22:00:00,66.342,66.69,66.317,66.69,26999,0
2017-10-27,16:00:00,66.64,66.64,66.342,66.492,918,0
2017-10-27,17:00:00,66.69,66.838,66.442,66.64,3892,0
2017-10-27,18:00:00,66.492,67.038,66.442,66.69,5739,0
2017-10-27,19:00:00,66.838,67.038,66.838,66.888,2341,0
2017-10-27,20:00:00,66.863,66.938,66.69,66.79,2912,0
2017-10-27,21:00:00,66.74,66.888,66.59,66.59,3527,0
2017-10-27,22:00:00,66.392,66.74,66.392,66.74,13627,0
2017-10-30,15:00:00,66.492,66.54,66.094,66.194,2192,0
2017-10-30,16:00:00,66.243,66.393,65.896,65.945,5337,0
2017-10-30,17:00:00,66.044,66.044,65.548,65.696,3008,0
2017-10-30,18:00:00,65.647,65.647,65.448,65.593,3034,0
2017-10-30,19:00:00,65.448,65.598,65.2,65.344,5260,0
2017-10-30,20:00:00,65.349,65.399,65.25,65.3,6155,0
2017-10-30,21:00:00,65.3,65.796,65.25,65.796,17448,0
2017-10-31,15:00:00,65.796,66.342,65.796,66.099,1178,0
2017-10-31,16:00:00,66.29,66.29,66.044,66.094,3440,0
2017-10-31,17:00:00,66.094,66.094,66.044,66.094,3669,0
2017-10-31,18:00:00,66.094,66.094,66.044,66.044,1325,0
2017-10-31,19:00:00,66.094,66.094,66.069,66.094,5283,0
2017-10-31,20:00:00,66.094,66.292,66.044,66.292,6660,0
2017-10-31,21:00:00,66.292,66.317,65.945,66.044,49976,0
2017-11-01,15:00:00,66.492,66.492,66.157,66.342,3368,0
2017-11-01,16:00:00,66.442,66.492,66.342,66.342,4185,0
2017-11-01,17:00:00,66.243,66.292,65.498,65.498,4510,0
2017-11-01,18:00:00,65.498,65.994,65.399,65.846,7216,0
2017-11-01,19:00:00,65.746,65.846,65.399,65.846,4957,0
2017-11-01,20:00:00,65.846,66.243,65.846,66.243,6123,0
2017-11-01,21:00:00,66.144,66.442,66.144,66.442,15132,0
2017-11-02,15:00:00,66.094,66.144,65.548,65.846,1347,0
2017-11-02,16:00:00,65.598,65.598,64.554,65.494,61376,0
2017-11-02,17:00:00,65.399,65.945,65.175,65.746,27408,0
2017-11-02,18:00:00,65.696,66.492,65.696,66.243,4833,0
2017-11-02,19:00:00,66.392,66.43,65.896,66.342,5776,0
2017-11-02,20:00:00,66.094,66.492,65.945,66.169,8318,0
2017-11-02,21:00:00,66.194,66.392,65.994,66.243,37402,0
2017-11-03,15:00:00,60.085,60.333,58.596,58.745,169610,0
2017-11-03,16:00:00,58.65,59.043,57.28,57.329,107728,0
2017-11-03,17:00:00,57.329,57.404,54.822,56.46,67046,0
2017-11-03,18:00:00,56.41,57.652,55.716,56.758,46589,0
2017-11-03,19:00:00,56.659,56.659,55.318,55.368,33426,0
2017-11-03,20:00:00,55.268,55.616,54.375,54.375,77101,0
2017-11-03,21:00:00,54.375,54.623,50.75,52.289,191519,0
2017-11-06,16:00:00,52.538,53.63,52.389,52.984,75034,0
2017-11-06,17:00:00,52.935,53.978,52.836,53.58,48316,0
2017-11-06,18:00:00,53.531,53.978,53.481,53.63,30674,0
2017-11-06,19:00:00,53.58,53.58,52.935,53.134,27800,0
2017-11-06,20:00:00,53.183,53.357,53.084,53.233,23914,0
2017-11-06,21:00:00,53.233,53.282,52.736,52.935,20165,0
2017-11-06,22:00:00,52.935,53.282,52.836,53.233,58602,0
2017-11-07,16:00:00,53.332,53.853,53.332,53.705,24579,0
2017-11-07,17:00:00,53.729,53.878,53.282,53.828,44794,0
2017-11-07,18:00:00,53.868,54.424,53.828,53.828,123631,0
2017-11-07,19:00:00,53.978,54.375,53.928,54.325,22463,0
2017-11-07,20:00:00,54.375,54.872,54.375,54.574,20813,0
2017-11-07,21:00:00,54.524,54.672,53.978,54.027,25881,0
2017-11-07,22:00:00,54.027,54.574,53.978,54.077,86414,0
2017-11-08,16:00:00,53.928,54.126,53.68,54.126,5447,0
2017-11-08,17:00:00,54.126,54.574,54.126,54.424,23563,0
2017-11-08,18:00:00,54.474,54.574,54.126,54.524,7318,0
2017-11-08,19:00:00,54.375,54.772,54.375,54.524,12044,0
2017-11-08,20:00:00,54.672,54.822,54.462,54.574,9992,0
2017-11-08,21:00:00,54.648,54.672,52.389,52.786,49654,0
2017-11-08,22:00:00,52.786,53.233,51.922,52.736,89853,0
2017-11-09,16:00:00,52.339,53.034,52.339,53.034,5538,0
2017-11-09,17:00:00,52.984,53.432,52.984,53.134,20235,0
2017-11-09,18:00:00,53.134,53.282,52.736,53.183,8468,0
2017-11-09,19:00:00,53.233,53.779,53.084,53.68,23438,0
2017-11-09,20:00:00,53.606,54.151,53.606,53.828,26828,0
2017-11-09,21:00:00,53.828,53.978,53.382,53.531,11828,0
2017-11-09,22:00:00,53.382,54.027,53.332,53.928,84477,0
2017-11-10,16:00:00,54.126,55.12,54.126,54.474,2715,0
2017-11-10,17:00:00,54.574,54.822,54.424,54.474,5326,0
2017-11-10,18:00:00,54.424,54.672,54.077,54.129,6692,0
2017-11-10,19:00:00,54.226,54.375,54.126,54.126,2751,0
2017-11-10,20:00:00,54.176,54.276,53.878,54.276,2990,0
2017-11-10,21:00:00,54.276,54.424,54.126,54.276,4081,0
2017-11-10,22:00:00,54.276,54.474,54.077,54.126,61014,0
2017-11-13,16:00:00,54.126,54.126,53.531,53.655,6186,0
2017-11-13,17:00:00,53.655,53.68,52.736,52.836,11727,0
2017-11-13,18:00:00,52.885,53.382,52.885,53.282,6385,0
2017-11-13,19:00:00,53.382,53.481,53.233,53.382,5888,0
2017-11-13,20:00:00,53.481,53.481,53.134,53.282,7626,0
2017-11-13,21:00:00,53.332,53.333,53.134,53.282,8269,0
2017-11-13,22:00:00,53.183,53.63,53.183,53.58,22374,0
2017-11-14,16:00:00,53.361,53.66,52.963,53.311,3548,0
2017-11-14,17:00:00,53.361,53.361,52.763,53.012,19492,0
2017-11-14,18:00:00,52.963,53.062,52.813,53.062,7344,0
2017-11-14,19:00:00,53.112,53.112,52.813,52.963,3751,0
2017-11-14,20:00:00,52.963,53.012,52.811,52.863,8027,0
2017-11-14,21:00:00,52.938,53.012,52.664,52.813,13842,0
2017-11-14,22:00:00,52.913,52.963,52.713,52.863,19931,0
2017-11-15,16:00:00,52.464,52.514,52.265,52.414,4009,0
2017-11-15,17:00:00,52.315,52.315,52.066,52.066,10375,0
2017-11-15,18:00:00,52.092,52.315,51.916,52.215,3011,0
2017-11-15,19:00:00,52.215,52.315,52.066,52.315,12586,0
2017-11-15,20:00:00,52.215,52.315,52.016,52.215,21038,0
2017-11-15,21:00:00,52.116,52.614,52.116,52.366,46896,0
2017-11-15,22:00:00,52.365,52.614,52.265,52.414,43083,0
2017-11-16,16:00:00,52.514,53.062,51.767,52.803,6548,0
2017-11-16,17:00:00,52.913,53.261,52.664,53.107,22444,0
2017-11-16,18:00:00,52.963,52.963,52.514,52.688,15309,0
2017-11-16,19:00:00,52.664,52.688,52.527,52.564,8154,0
2017-11-16,20:00:00,52.614,52.664,52.464,52.464,10560,0
2017-11-16,21:00:00,52.464,52.539,52.265,52.439,8518,0
2017-11-16,22:00:00,52.414,52.863,52.265,52.664,32508,0
2017-11-17,16:00:00,52.215,52.365,51.418,51.617,16059,0
2017-11-17,17:00:00,51.767,51.817,50.621,51.019,28368,0
2017-11-17,18:00:00,50.97,51.524,50.87,51.269,21023,0
2017-11-17,19:00:00,51.269,51.468,51.119,51.318,29549,0
2017-11-17,20:00:00,51.318,51.368,51.219,51.318,18489,0
2017-11-17,21:00:00,51.318,51.368,51.119,51.219,26682,0
2017-11-17,22:00:00,51.219,51.368,51.019,51.069,73692,0
2017-11-20,16:00:00,51.119,51.418,50.97,51.019,14326,0
2017-11-20,17:00:00,51.169,51.468,50.97,51.318,40079,0
2017-11-20,18:00:00,51.343,51.418,51.269,51.318,25790,0
2017-11-20,19:00:00,51.318,51.468,51.219,51.468,28667,0
2017-11-20,20:00:00,51.418,51.717,51.368,51.617,35367,0
2017-11-20,21:00:00,51.617,52.464,51.518,52.414,13543,0
2017-11-20,22:00:00,52.514,53.162,52.514,53.112,35982,0
2017-11-21,16:00:00,53.511,54.009,53.311,54.009,4795,0
2017-11-21,17:00:00,53.883,54.607,53.81,54.034,34759,0
2017-11-21,18:00:00,54.034,54.059,53.56,53.859,16381,0
2017-11-21,19:00:00,53.71,54.059,53.71,53.859,18092,0
2017-11-21,20:00:00,53.859,53.859,53.112,53.112,18144,0
2017-11-21,21:00:00,53.162,53.261,52.708,52.763,12769,0
2017-11-21,22:00:00,52.838,53.062,52.564,52.763,47106,0
2017-11-22,16:00:00,52.763,52.863,52.614,52.664,5320,0
2017-11-22,17:00:00,52.813,52.813,52.615,52.615,13440,0
2017-11-22,18:00:00,52.763,52.813,52.514,52.664,7940,0
2017-11-22,19:00:00,52.564,52.664,52.414,52.589,5347,0
2017-11-22,20:00:00,52.564,52.614,52.464,52.564,9037,0
2017-11-22,21:00:00,52.564,52.564,52.414,52.514,14769,0
2017-11-22,22:00:00,52.464,52.514,52.315,52.464,31016,0
2017-11-24,16:00:00,52.514,53.162,52.19,52.564,5329,0
2017-11-24,17:00:00,52.514,52.813,52.464,52.514,8681,0
2017-11-24,18:00:00,52.514,52.564,52.315,52.365,6602,0
2017-11-24,19:00:00,52.414,52.564,52.215,52.315,15580,0
2017-11-24,20:00:00,52.215,52.315,52.215,52.315,3126,0
2017-11-27,16:00:00,52.514,53.361,52.34,52.414,3583,0
2017-11-27,17:00:00,52.365,52.365,52.165,52.265,10775,0
2017-11-27,18:00:00,52.315,52.365,52.165,52.265,8715,0
2017-11-27,19:00:00,52.19,52.315,52.116,52.215,6482,0
2017-11-27,20:00:00,52.265,52.265,51.767,52.14,10578,0
2017-11-27,21:00:00,52.116,52.215,51.966,51.966,15105,0
2017-11-27,22:00:00,52.016,52.066,51.866,52.016,26117,0
2017-11-28,16:00:00,51.966,52.414,51.717,52.315,6406,0
2017-11-28,17:00:00,52.265,52.614,52.165,52.464,5204,0
2017-11-28,18:00:00,52.539,52.763,52.414,52.713,4731,0
2017-11-28,19:00:00,52.763,52.813,52.489,52.489,4800,0
2017-11-28,20:00:00,52.464,52.664,52.116,52.215,7004,0
2017-11-28,21:00:00,52.215,52.863,52.165,52.713,11016,0
2017-11-28,22:00:00,52.813,52.863,52.614,52.863,27685,0
2017-11-29,16:00:00,52.763,53.162,52.713,53.062,3239,0
2017-11-29,17:00:00,53.012,53.311,52.987,53.311,4769,0
2017-11-29,18:00:00,53.311,53.66,53.261,53.411,8342,0
2017-11-29,19:00:00,53.411,53.81,53.311,53.311,11592,0
2017-11-29,20:00:00,53.299,53.336,52.813,52.863,7222,0
2017-11-29,21:00:00,52.963,53.112,52.863,52.963,18806,0
2017-11-29,22:00:00,53.012,53.012,52.713,52.913,29378,0
2017-11-30,16:00:00,53.212,53.71,52.474,53.062,3507,0
2017-11-30,17:00:00,52.963,53.56,52.963,53.261,6022,0
2017-11-30,18:00:00,53.311,53.411,52.963,53.112,4965,0
2017-11-30,19:00:00,53.162,53.212,52.913,52.913,4870,0
2017-11-30,20:00:00,53.062,53.062,52.614,53.062,8224,0
2017-11-30,21:00:00,53.062,53.311,53.062,53.261,5742,0
2017-11-30,22:00:00,53.162,53.361,53.062,53.162,39036,0
2017-12-01,16:00:00,53.411,53.411,52.963,53.212,3417,0
2017-12-01,17:00:00,53.012,53.162,52.614,52.813,19026,0
2017-12-01,18:00:00,52.763,52.838,51.717,51.767,10080,0
2017-12-01,19:00:00,51.767,52.813,51.717,52.564,10805,0
2017-12-01,20:00:00,52.813,52.963,52.621,52.913,9369,0
2017-12-01,21:00:00,52.888,53.062,52.813,53.062,10311,0
2017-12-01,22:00:00,53.201,53.261,52.863,53.012,34967,0
2017-12-04,16:00:00,53.411,53.511,52.863,53.162,6026,0
2017-12-04,17:00:00,53.311,53.311,52.564,52.763,5902,0
2017-12-04,18:00:00,52.713,52.913,52.614,52.614,3926,0
2017-12-04,19:00:00,52.763,52.763,52.365,52.514,3011,0
2017-12-04,20:00:00,52.564,52.564,52.315,52.539,2576,0
2017-12-04,21:00:00,52.564,52.564,52.215,52.365,5146,0
2017-12-04,22:00:00,52.265,52.29,51.767,52.016,36750,0
2017-12-05,16:00:00,52.116,52.913,51.866,52.763,6670,0
2017-12-05,17:00:00,52.913,52.913,52.265,52.414,5840,0
2017-12-05,18:00:00,52.414,52.564,52.315,52.464,3557,0
2017-12-05,19:00:00,52.365,52.414,52.116,52.414,14894,0
2017-12-05,20:00:00,52.34,52.414,52.116,52.315,14259,0
2017-12-05,21:00:00,52.365,52.414,52.129,52.265,18689,0
2017-12-05,22:00:00,52.265,52.464,52.116,52.414,48675,0
2017-12-06,16:00:00,52.464,52.752,52.165,52.215,3770,0
2017-12-06,17:00:00,51.966,52.564,51.966,52.564,10029,0
2017-12-06,18:00:00,52.514,52.614,52.315,52.315,8957,0
2017-12-06,19:00:00,52.315,52.464,52.165,52.365,5319,0
2017-12-06,20:00:00,52.315,52.713,52.315,52.614,6061,0
2017-12-06,21:00:00,52.664,52.713,52.414,52.614,4643,0
2017-12-06,22:00:00,52.564,52.763,52.514,52.713,20663,0
2017-12-07,16:00:00,53.012,53.61,53.012,53.61,4880,0
2017-12-07,17:00:00,53.61,54.059,53.261,53.909,13627,0
2017-12-07,18:00:00,53.859,54.059,53.71,53.859,3474,0
2017-12-07,19:00:00,53.859,53.859,53.585,53.71,2115,0
2017-12-07,20:00:00,53.561,53.561,53.162,53.311,3682,0
2017-12-07,21:00:00,53.351,53.461,53.259,53.461,3638,0
2017-12-07,22:00:00,53.411,53.511,53.261,53.411,24860,0
2017-12-08,16:00:00,53.66,53.859,53.511,53.71,9615,0
2017-12-08,17:00:00,53.81,53.984,53.61,53.66,2820,0
2017-12-08,18:00:00,53.66,53.66,53.56,53.61,1819,0
2017-12-08,19:00:00,53.61,53.71,53.61,53.66,2797,0
2017-12-08,20:00:00,53.71,53.76,53.66,53.735,4524,0
2017-12-08,21:00:00,53.71,53.76,53.461,53.466,5928,0
2017-12-08,22:00:00,53.56,53.56,53.162,53.411,20325,0
2017-12-11,16:00:00,53.61,54.009,53.345,53.56,1858,0
2017-12-11,17:00:00,53.411,53.61,53.212,53.61,5905,0
2017-12-11,18:00:00,53.511,53.534,53.411,53.411,1093,0
2017-12-11,19:00:00,53.56,53.56,53.411,53.461,3696,0
2017-12-11,20:00:00,53.461,53.461,53.212,53.281,3522,0
2017-12-11,21:00:00,53.311,53.311,53.087,53.112,6441,0
2017-12-11,22:00:00,53.112,53.112,52.913,53.062,46146,0
2017-12-12,16:00:00,52.913,53.112,52.664,52.664,2659,0
2017-12-12,17:00:00,52.813,53.311,52.813,53.261,4516,0
2017-12-12,18:00:00,53.212,53.212,52.863,52.863,3441,0
2017-12-12,19:00:00,52.863,53.062,52.713,53.006,10022,0
2017-12-12,20:00:00,52.963,53.112,52.813,52.813,3786,0
2017-12-12,21:00:00,52.913,53.062,52.863,52.938,3412,0
2017-12-12,22:00:00,52.863,52.863,52.315,52.414,28102,0
2017-12-13,16:00:00,52.215,52.863,52.215,52.558,6230,0
2017-12-13,17:00:00,52.614,52.682,52.165,52.165,10912,0
2017-12-13,18:00:00,52.016,52.265,52.016,52.265,6529,0
2017-12-13,19:00:00,52.215,52.215,51.717,51.866,7685,0
2017-12-13,20:00:00,51.767,51.866,51.617,51.617,8740,0
2017-12-13,21:00:00,51.586,51.667,51.518,51.642,9606,0
2017-12-13,22:00:00,51.567,51.667,51.318,51.518,37805,0
2017-12-14,16:00:00,51.418,51.767,51.223,51.667,8386,0
2017-12-14,17:00:00,51.368,51.717,51.368,51.642,11094,0
2017-12-14,18:00:00,51.642,51.667,51.219,51.318,5588,0
2017-12-14,19:00:00,51.418,51.418,51.157,51.157,5984,0
2017-12-14,20:00:00,51.169,51.318,50.471,50.571,7640,0
2017-12-14,21:00:00,50.571,50.727,49.724,50.322,16765,0
2017-12-14,22:00:00,50.272,50.72,49.824,50.571,41801,0
2017-12-15,16:00:00,50.023,50.023,48.429,48.528,56348,0
2017-12-15,17:00:00,48.379,48.678,46.087,46.336,60953,0
2017-12-15,18:00:00,46.336,46.585,45.389,45.738,131743,0
2017-12-15,19:00:00,45.589,46.535,45.589,46.336,140488,0
2017-12-15,20:00:00,46.436,47.132,46.187,46.834,91530,0
2017-12-15,21:00:00,46.784,46.934,46.535,46.685,57895,0
2017-12-15,22:00:00,46.585,46.784,45.838,46.336,256122,0
2017-12-18,16:00:00,46.735,47.283,46.71,47.133,31719,0
2017-12-18,17:00:00,47.133,48.005,46.884,47.881,57600,0
2017-12-18,18:00:00,47.881,48.179,47.732,48.08,20072,0
2017-12-18,19:00:00,48.08,48.279,47.731,48.03,20010,0
2017-12-18,20:00:00,47.98,48.229,47.881,48.229,11161,0
2017-12-18,21:00:00,48.229,48.429,47.881,47.93,18296,0
2017-12-18,22:00:00,47.93,47.98,47.582,47.681,40638,0
2017-12-19,16:00:00,47.681,47.814,47.083,47.133,8199,0
2017-12-19,17:00:00,47.083,47.432,46.859,47.432,25316,0
2017-12-19,18:00:00,47.482,47.482,46.784,47.158,32456,0
2017-12-19,19:00:00,47.034,47.083,46.386,46.685,23443,0
2017-12-19,20:00:00,46.685,46.884,46.485,46.585,15182,0
2017-12-19,21:00:00,46.585,46.735,46.336,46.436,29850,0
2017-12-19,22:00:00,46.436,46.635,46.311,46.336,81217,0
2017-12-20,16:00:00,46.585,46.884,46.386,46.66,7861,0
2017-12-20,17:00:00,46.784,46.934,46.535,46.784,10956,0
2017-12-20,18:00:00,46.735,47.133,46.735,46.934,13105,0
2017-12-20,19:00:00,46.977,47.332,46.834,47.332,11736,0
2017-12-20,20:00:00,47.332,47.532,47.083,47.532,12343,0
2017-12-20,21:00:00,47.532,47.681,47.448,47.582,11212,0
2017-12-20,22:00:00,47.532,47.731,47.482,47.482,24147,0
2017-12-21,16:00:00,47.582,47.631,47.382,47.382,2961,0
2017-12-21,17:00:00,47.382,47.532,47.083,47.183,17207,0
2017-12-21,18:00:00,47.183,47.283,46.884,46.884,13218,0
2017-12-21,19:00:00,46.884,46.934,46.66,46.685,12915,0
2017-12-21,20:00:00,46.685,46.784,46.436,46.436,21941,0
2017-12-21,21:00:00,46.535,46.585,46.386,46.386,12167,0
2017-12-21,22:00:00,46.336,46.485,46.137,46.137,55157,0
2017-12-22,16:00:00,47.731,49.898,47.432,48.628,37069,0
2017-12-22,17:00:00,48.578,48.777,48.179,48.628,30516,0
2017-12-22,18:00:00,48.578,48.678,48.179,48.429,17739,0
2017-12-22,19:00:00,48.379,48.478,48.179,48.179,11488,0
2017-12-22,20:00:00,48.179,48.429,48.13,48.379,14770,0
2017-12-22,21:00:00,48.429,48.429,48.08,48.429,21405,0
2017-12-22,22:00:00,48.379,48.578,48.204,48.429,52145,0
2017-12-26,16:00:00,48.429,48.628,47.881,48.279,8471,0
2017-12-26,17:00:00,48.528,48.678,48.229,48.478,7780,0
2017-12-26,18:00:00,48.528,48.678,48.478,48.678,4228,0
2017-12-26,19:00:00,48.653,48.678,48.478,48.578,4162,0
2017-12-26,20:00:00,48.578,48.777,48.478,48.678,8381,0
2017-12-26,21:00:00,48.678,48.877,48.578,48.827,14807,0
2017-12-26,22:00:00,48.728,48.827,48.478,48.628,43246,0
2017-12-27,16:00:00,48.827,49.226,48.728,49.002,16000,0
2017-12-27,17:00:00,49.051,49.051,48.528,48.578,8074,0
2017-12-27,18:00:00,48.578,48.678,48.453,48.628,4822,0
2017-12-27,19:00:00,48.578,48.628,48.03,48.329,14119,0
2017-12-27,20:00:00,48.279,48.279,47.881,47.93,4219,0
2017-12-27,21:00:00,47.881,48.179,47.432,48.179,15235,0
2017-12-27,22:00:00,48.13,48.179,47.831,47.881,28535,0
2017-12-28,16:00:00,47.881,47.881,47.482,47.507,4892,0
2017-12-28,17:00:00,47.532,48.08,47.482,47.881,7727,0
2017-12-28,18:00:00,47.98,48.528,47.905,48.478,5095,0
2017-12-28,19:00:00,48.478,48.578,48.279,48.279,4644,0
2017-12-28,20:00:00,48.329,48.429,48.179,48.279,4156,0
2017-12-28,21:00:00,48.279,48.329,47.93,48.13,6322,0
2017-12-28,22:00:00,48.08,48.304,47.881,48.279,35381,0
2017-12-29,16:00:00,48.478,48.578,47.881,47.98,1235,0
2017-12-29,17:00:00,47.885,48.176,47.781,48.03,5788,0
2017-12-29,18:00:00,48.179,48.329,47.98,48.329,2963,0
2017-12-29,19:00:00,48.329,48.379,48.179,48.254,4486,0
2017-12-29,20:00:00,48.279,48.827,48.179,48.777,13448,0
2017-12-29,21:00:00,48.777,48.777,48.628,48.678,14987,0
2017-12-29,22:00:00,48.478,48.578,48.229,48.329,26769,0
2018-01-02,16:00:00,48.379,48.379,47.322,47.731,7188,0
2018-01-02,17:00:00,47.731,48.528,47.731,48.279,8091,0
2018-01-02,18:00:00,48.304,48.329,47.681,48.329,7768,0
2018-01-02,19:00:00,48.379,48.578,48.13,48.578,15844,0
2018-01-02,20:00:00,48.578,48.678,48.279,48.329,5316,0
2018-01-02,21:00:00,48.429,48.528,48.229,48.478,13530,0
2018-01-02,22:00:00,48.404,48.578,48.179,48.229,38789,0
2018-01-03,16:00:00,48.08,48.429,48.08,48.429,3636,0
2018-01-03,17:00:00,48.429,48.877,48.279,48.429,27385,0
2018-01-03,18:00:00,48.329,48.379,48.08,48.279,12744,0
2018-01-03,19:00:00,48.179,48.279,47.831,48.082,7021,0
2018-01-03,20:00:00,48.073,48.179,47.905,48.08,10947,0
2018-01-03,21:00:00,48.03,48.083,47.831,47.905,9718,0
2018-01-03,22:00:00,47.831,48.03,47.582,47.831,36085,0
2018-01-04,16:00:00,47.93,47.93,47.357,47.357,6259,0
2018-01-04,17:00:00,47.357,47.392,47.133,47.283,11258,0
2018-01-04,18:00:00,47.273,47.382,46.984,46.984,7021,0
2018-01-04,19:00:00,47.133,47.183,46.884,46.984,13921,0
2018-01-04,20:00:00,46.934,47.034,46.884,47.009,14558,0
2018-01-04,21:00:00,47.083,47.382,46.984,47.133,16046,0
2018-01-04,22:00:00,47.133,47.332,47.083,47.133,41529,0
2018-01-05,16:00:00,47.283,47.308,47.034,47.183,1354,0
2018-01-05,17:00:00,47.283,47.382,47.283,47.382,2897,0
2018-01-05,18:00:00,47.283,47.631,47.183,47.332,16142,0
2018-01-05,19:00:00,47.183,47.326,46.884,46.984,4120,0
2018-01-05,20:00:00,47.065,47.332,46.884,47.233,4421,0
2018-01-05,21:00:00,47.233,47.332,47.083,47.208,8108,0
2018-01-05,22:00:00,47.183,47.183,46.934,46.934,36881,0
2018-01-08,16:00:00,46.834,47.083,46.585,47.034,9762,0
2018-01-08,17:00:00,47.083,47.108,46.735,47.058,28535,0
2018-01-08,18:00:00,47.009,47.283,46.984,47.009,15320,0
2018-01-08,19:00:00,47.009,47.283,47.009,47.233,13467,0
2018-01-08,20:00:00,47.233,47.532,47.233,47.482,11140,0
2018-01-08,21:00:00,47.482,47.999,47.457,47.781,24884,0
2018-01-08,22:00:00,47.781,47.93,47.432,47.532,71621,0
2018-01-09,16:00:00,47.631,47.881,47.283,47.631,5188,0
2018-01-09,17:00:00,47.582,47.98,47.482,47.93,17958,0
2018-01-09,18:00:00,47.98,48.678,47.93,48.18,28130,0
2018-01-09,19:00:00,48.13,48.179,47.93,48.03,14430,0
2018-01-09,20:00:00,47.93,48.453,47.881,48.354,13133,0
2018-01-09,21:00:00,48.329,48.329,47.931,48.03,20652,0
2018-01-09,22:00:00,48.03,48.229,47.831,48.13,91244,0
2018-01-10,16:00:00,48.13,48.179,47.532,47.93,4158,0
2018-01-10,17:00:00,48.03,48.13,47.582,47.831,14159,0
2018-01-10,18:00:00,47.831,47.831,47.631,47.781,5620,0
2018-01-10,19:00:00,47.731,47.93,47.731,47.93,7460,0
2018-01-10,20:00:00,47.93,48.08,47.881,47.98,28719,0
2018-01-10,21:00:00,47.98,48.03,47.831,47.93,81310,0
2018-01-10,22:00:00,47.93,47.93,47.532,47.781,114534,0
2018-01-11,16:00:00,47.881,48.728,47.881,47.98,1308,0
2018-01-11,17:00:00,48.03,48.728,48.03,48.728,5003,0
2018-01-11,18:00:00,48.777,48.927,48.678,48.852,11848,0
2018-01-11,19:00:00,48.827,48.877,48.563,48.628,9029,0
2018-01-11,20:00:00,48.628,48.728,48.578,48.628,7356,0
2018-01-11,21:00:00,48.628,49.276,48.578,49.275,15375,0
2018-01-11,22:00:00,49.375,49.425,48.827,48.877,32114,0
2018-01-12,16:00:00,48.528,49.076,48.379,48.827,5641,0
2018-01-12,17:00:00,48.728,48.827,48.539,48.777,6586,0
2018-01-12,18:00:00,48.827,48.927,48.678,48.728,4051,0
2018-01-12,19:00:00,48.628,48.678,48.503,48.528,3111,0
2018-01-12,20:00:00,48.5,48.578,48.404,48.478,2177,0
2018-01-12,21:00:00,48.429,48.578,48.179,48.578,8057,0
2018-01-12,22:00:00,48.578,48.927,48.329,48.827,31726,0
2018-01-16,16:00:00,49.276,49.824,49.251,49.392,4077,0
2018-01-16,17:00:00,49.475,49.475,49.076,49.276,5700,0
2018-01-16,18:00:00,49.3,49.554,49.176,49.425,14301,0
2018-01-16,19:00:00,49.327,49.574,49.176,49.574,11949,0
2018-01-16,20:00:00,49.575,49.624,49.276,49.375,18360,0
2018-01-16,21:00:00,49.325,49.525,49.226,49.375,11981,0
2018-01-16,22:00:00,49.425,49.575,49.276,49.325,33631,0
2018-01-17,16:00:00,49.325,49.624,49.136,49.136,3940,0
2018-01-17,17:00:00,49.171,49.425,49.026,49.276,10467,0
2018-01-17,18:00:00,49.276,49.424,48.977,49.226,15834,0
2018-01-17,19:00:00,49.176,49.575,49.126,49.575,4800,0
2018-01-17,20:00:00,49.575,49.624,49.226,49.325,7989,0
2018-01-17,21:00:00,49.375,49.624,49.375,49.525,21060,0
2018-01-17,22:00:00,49.575,49.575,49.325,49.375,26104,0
2018-01-18,16:00:00,49.226,49.575,48.977,49.3,7123,0
2018-01-18,17:00:00,49.3,49.525,49.051,49.076,8842,0
2018-01-18,18:00:00,49.076,49.325,49.026,49.3,44057,0
2018-01-18,19:00:00,49.276,49.325,48.977,49.076,8731,0
2018-01-18,20:00:00,49.126,49.425,49.051,49.325,9684,0
2018-01-18,21:00:00,49.356,49.674,49.276,49.674,9681,0
2018-01-18,22:00:00,49.674,49.674,49.276,49.375,44209,0
2018-01-19,16:00:00,49.226,49.525,49.201,49.325,7518,0
2018-01-19,17:00:00,49.325,49.475,49.002,49.176,20545,0
2018-01-19,18:00:00,49.176,49.375,49.176,49.325,27477,0
2018-01-19,19:00:00,49.375,49.624,49.226,49.624,51648,0
2018-01-19,20:00:00,49.475,49.575,49.375,49.475,5081,0
2018-01-19,21:00:00,49.525,49.674,49.425,49.525,11349,0
2018-01-19,22:00:00,49.525,49.525,49.176,49.475,69846,0
2018-01-22,16:00:00,49.475,50.272,49.276,49.3,3660,0
2018-01-22,17:00:00,49.325,49.475,49.176,49.251,6228,0
2018-01-22,18:00:00,49.251,49.276,48.977,49.051,6753,0
2018-01-22,19:00:00,49.076,49.425,49.076,49.32,15087,0
2018-01-22,20:00:00,49.325,49.375,49.201,49.278,6720,0
2018-01-22,21:00:00,49.226,49.325,49.126,49.276,4417,0
2018-01-22,22:00:00,49.176,49.325,49.176,49.276,19323,0
2018-01-23,16:00:00,49.226,49.375,49.126,49.375,4842,0
2018-01-23,17:00:00,49.176,49.325,49.076,49.176,5178,0
2018-01-23,18:00:00,49.226,49.325,49.076,49.325,5667,0
2018-01-23,19:00:00,49.325,49.375,49.313,49.375,10121,0
2018-01-23,20:00:00,49.35,49.475,49.325,49.475,12935,0
2018-01-23,21:00:00,49.475,49.57,49.321,49.57,13499,0
2018-01-23,22:00:00,49.5,49.923,49.425,49.824,23563,0
2018-01-24,16:00:00,49.774,50.72,49.674,49.674,9923,0
2018-01-24,17:00:00,49.699,49.973,49.575,49.873,9397,0
2018-01-24,18:00:00,49.873,49.923,49.325,49.325,15467,0
2018-01-24,19:00:00,49.276,49.624,49.276,49.575,6232,0
2018-01-24,20:00:00,49.525,49.824,49.475,49.624,3312,0
2018-01-24,21:00:00,49.624,49.674,49.525,49.624,6663,0
2018-01-24,22:00:00,49.575,49.724,49.475,49.475,27417,0
2018-01-25,16:00:00,49.475,50.147,49.076,49.375,4043,0
2018-01-25,17:00:00,49.325,49.724,49.325,49.425,29436,0
2018-01-25,18:00:00,49.525,49.575,49.276,49.375,17197,0
2018-01-25,19:00:00,49.425,49.425,49.136,49.325,11595,0
2018-01-25,20:00:00,49.325,49.375,49.026,49.101,11661,0
2018-01-25,21:00:00,49.026,49.176,48.827,48.927,14592,0
2018-01-25,22:00:00,48.927,49.375,48.877,49.375,85258,0
2018-01-26,16:00:00,49.375,49.774,48.827,48.987,1903,0
2018-01-26,17:00:00,49.126,49.219,48.628,48.628,18151,0
2018-01-26,18:00:00,48.603,48.927,48.528,48.876,15214,0
2018-01-26,19:00:00,48.877,48.977,48.777,48.777,7825,0
2018-01-26,20:00:00,48.777,48.927,48.737,48.877,7614,0
2018-01-26,21:00:00,48.927,48.927,48.777,48.777,9726,0
2018-01-26,22:00:00,48.787,48.877,48.678,48.777,42144,0
2018-01-29,16:00:00,48.777,49.002,48.389,48.389,9551,0
2018-01-29,17:00:00,48.379,49.026,48.379,48.827,21055,0
2018-01-29,18:00:00,48.827,48.877,48.08,48.217,23376,0
2018-01-29,19:00:00,48.279,48.902,48.229,48.827,16954,0
2018-01-29,20:00:00,48.827,48.927,48.478,48.478,10887,0
2018-01-29,21:00:00,48.578,49.176,48.578,49.176,12764,0
2018-01-29,22:00:00,49.176,49.226,48.827,48.977,21672,0
2018-01-30,16:00:00,48.877,49.076,48.628,48.827,5740,0
2018-01-30,17:00:00,48.977,49.151,48.827,49.126,13965,0
2018-01-30,18:00:00,49.126,49.126,48.877,48.977,11970,0
2018-01-30,19:00:00,48.877,49.076,48.877,49.026,4767,0
2018-01-30,20:00:00,48.977,49.026,48.678,48.827,15614,0
2018-01-30,21:00:00,48.827,48.877,48.678,48.728,10369,0
2018-01-30,22:00:00,48.777,49.126,48.628,49.076,37680,0
2018-01-31,16:00:00,49.325,49.325,48.927,48.927,4602,0
2018-01-31,17:00:00,48.902,49.176,48.728,48.927,13751,0
2018-01-31,18:00:00,48.927,49.026,48.827,48.927,11624,0
2018-01-31,19:00:00,48.927,49.226,48.927,49.076,5005,0
2018-01-31,20:00:00,49.076,49.276,49.076,49.226,7299,0
2018-01-31,21:00:00,49.176,49.247,48.927,49.126,10312,0
2018-01-31,22:00:00,49.126,49.226,49.026,49.176,28481,0
2018-02-01,16:00:00,49.076,49.076,48.777,48.827,1828,0
2018-02-01,17:00:00,48.728,48.827,48.279,48.379,6246,0
2018-02-01,18:00:00,48.379,48.827,48.329,48.728,16237,0
2018-02-01,19:00:00,48.678,48.827,48.528,48.777,8494,0
2018-02-01,20:00:00,48.728,49.026,48.728,49.026,12088,0
2018-02-01,21:00:00,48.877,48.927,48.678,48.777,13724,0
2018-02-01,22:00:00,48.827,49.276,48.728,49.126,68314,0
2018-02-02,16:00:00,49.026,49.026,48.528,48.728,2995,0
2018-02-02,17:00:00,48.628,48.678,48.453,48.528,20074,0
2018-02-02,18:00:00,48.478,48.628,48.478,48.628,19684,0
2018-02-02,19:00:00,48.578,48.777,48.528,48.578,17275,0
2018-02-02,20:00:00,48.578,48.728,48.578,48.628,13201,0
2018-02-02,21:00:00,48.628,48.678,48.528,48.578,21520,0
2018-02-02,22:00:00,48.578,48.777,48.279,48.578,57510,0
2018-02-05,16:00:00,48.179,48.578,47.881,47.93,4811,0
2018-02-05,17:00:00,47.93,47.93,47.083,47.357,13553,0
2018-02-05,18:00:00,47.382,47.631,47.332,47.432,12206,0
2018-02-05,19:00:00,47.332,47.382,47.133,47.283,9668,0
2018-02-05,20:00:00,47.233,47.233,46.286,46.884,46334,0
2018-02-05,21:00:00,46.834,46.884,46.236,46.436,19707,0
2018-02-05,22:00:00,46.336,46.884,45.838,46.336,70478,0
2018-02-06,16:00:00,45.638,46.286,45.041,46.187,9556,0
2018-02-06,17:00:00,46.236,46.685,46.187,46.535,12326,0
2018-02-06,18:00:00,46.286,46.436,45.838,45.987,11284,0
2018-02-06,19:00:00,45.987,46.386,45.937,46.386,6278,0
2018-02-06,20:00:00,46.236,46.236,45.738,45.838,6856,0
2018-02-06,21:00:00,45.838,46.735,45.838,46.685,14674,0
2018-02-06,22:00:00,46.685,47.083,46.585,46.834,39159,0
2018-02-07,16:00:00,46.735,47.327,46.436,46.635,6863,0
2018-02-07,17:00:00,46.635,47.133,46.485,46.984,10598,0
2018-02-07,18:00:00,46.984,47.083,46.585,46.685,6572,0
2018-02-07,19:00:00,46.735,46.934,46.735,46.834,6294,0
2018-02-07,20:00:00,46.834,46.884,46.685,46.735,5926,0
2018-02-07,21:00:00,46.735,47.034,46.685,46.834,6881,0
2018-02-07,22:00:00,46.735,46.834,46.137,46.436,66109,0
2018-02-08,16:00:00,46.436,46.485,45.534,46.087,2865,0
2018-02-08,17:00:00,46.087,46.485,45.987,46.286,5284,0
2018-02-08,18:00:00,46.187,46.635,46.187,46.336,6724,0
2018-02-08,19:00:00,46.386,46.535,46.062,46.236,5208,0
2018-02-08,20:00:00,46.236,46.585,45.788,45.788,13882,0
2018-02-08,21:00:00,45.688,45.738,45.389,45.688,16112,0
2018-02-08,22:00:00,45.738,45.987,45.24,45.34,29827,0
2018-02-09,16:00:00,45.838,46.037,45.24,45.788,4286,0
2018-02-09,17:00:00,45.788,45.788,45.041,45.489,4999,0
2018-02-09,18:00:00,45.439,45.589,45.14,45.14,14978,0
2018-02-09,19:00:00,45.24,45.389,44.592,45.24,14852,0
2018-02-09,20:00:00,45.14,45.34,44.692,45.24,13745,0
2018-02-09,21:00:00,45.24,45.539,45.041,45.315,30440,0
2018-02-09,22:00:00,45.29,45.937,45.14,45.539,44391,0
2018-02-12,16:00:00,45.688,46.286,44.144,44.742,17924,0
2018-02-12,17:00:00,44.542,44.717,43.695,44.592,17797,0
2018-02-12,18:00:00,44.443,44.891,44.343,44.891,8533,0
2018-02-12,19:00:00,44.742,45.738,44.742,45.738,17029,0
2018-02-12,20:00:00,45.589,45.788,45.389,45.788,4559,0
2018-02-12,21:00:00,45.713,46.236,45.713,46.087,17612,0
2018-02-12,22:00:00,46.137,46.286,45.838,46.087,58394,0
2018-02-13,16:00:00,45.788,45.788,45.14,45.24,7679,0
2018-02-13,17:00:00,45.215,45.738,45.19,45.389,16118,0
2018-02-13,18:00:00,45.24,45.29,44.941,45.041,6435,0
2018-02-13,19:00:00,45.041,45.041,44.841,44.941,6608,0
2018-02-13,20:00:00,44.991,45.09,44.891,44.941,8778,0
2018-02-13,21:00:00,44.841,45.389,44.841,45.24,13498,0
2018-02-13,22:00:00,45.19,45.539,45.14,45.24,45246,0
2018-02-14,16:00:00,44.891,45.539,44.692,45.539,7634,0
2018-02-14,17:00:00,45.439,46.037,45.439,45.638,16285,0
2018-02-14,18:00:00,45.589,46.286,45.439,46.037,16257,0
2018-02-14,19:00:00,46.087,46.336,46.087,46.286,11384,0
2018-02-14,20:00:00,46.236,46.685,46.236,46.635,9085,0
2018-02-14,21:00:00,46.635,46.884,46.585,46.635,8557,0
2018-02-14,22:00:00,46.635,47.382,46.635,47.233,51139,0
2018-02-15,16:00:00,48.578,48.578,47.382,48.279,13323,0
2018-02-15,17:00:00,48.229,48.653,47.781,47.881,12907,0
2018-02-15,18:00:00,47.856,48.777,47.856,48.678,20344,0
2018-02-15,19:00:00,48.578,49.126,48.503,48.827,10772,0
2018-02-15,20:00:00,48.87,49.475,48.87,49.425,20857,0
2018-02-15,21:00:00,49.325,49.525,49.126,49.475,20002,0
2018-02-15,22:00:00,49.475,49.624,49.325,49.375,60498,0
2018-02-16,16:00:00,49.126,49.973,49.076,49.824,7629,0
2018-02-16,17:00:00,49.774,50.172,49.774,49.973,6927,0
2018-02-16,18:00:00,49.973,49.973,49.575,49.824,8543,0
2018-02-16,19:00:00,49.824,49.923,49.575,49.824,9106,0
2018-02-16,20:00:00,49.674,49.724,49.425,49.55,5986,0
2018-02-16,21:00:00,49.624,49.774,49.475,49.724,9018,0
2018-02-16,22:00:00,49.774,49.824,49.575,49.724,36048,0
2018-02-20,16:00:00,50.422,50.72,50.222,50.571,19587,0
2018-02-20,17:00:00,50.571,50.72,50.422,50.422,17042,0
2018-02-20,18:00:00,50.422,50.571,50.322,50.521,12370,0
2018-02-20,19:00:00,50.521,50.521,50.372,50.422,15926,0
2018-02-20,20:00:00,50.372,50.571,50.372,50.422,14048,0
2018-02-20,21:00:00,50.521,50.571,50.272,50.272,18824,0
2018-02-20,22:00:00,50.247,50.422,50.222,50.372,70698,0
2018-02-21,16:00:00,50.272,50.671,50.123,50.571,7221,0
2018-02-21,17:00:00,50.571,50.82,50.471,50.72,12187,0
2018-02-21,18:00:00,50.72,50.97,50.671,50.696,11576,0
2018-02-21,19:00:00,50.621,50.696,50.422,50.621,7280,0
2018-02-21,20:00:00,50.77,51.069,50.621,50.87,8928,0
2018-02-21,21:00:00,50.92,51.191,50.82,50.87,15548,0
2018-02-21,22:00:00,50.87,50.87,50.123,50.322,80703,0
2018-02-22,16:00:00,50.671,51.119,50.521,50.671,2982,0
2018-02-22,17:00:00,50.82,51.119,50.671,50.795,6931,0
2018-02-22,18:00:00,50.72,50.97,50.571,50.571,5856,0
2018-02-22,19:00:00,50.571,50.696,50.272,50.272,6905,0
2018-02-22,20:00:00,50.322,50.471,50.222,50.322,9935,0
2018-02-22,21:00:00,50.37,50.422,50.222,50.322,6810,0
2018-02-22,22:00:00,50.272,50.422,50.222,50.272,34783,0
2018-02-23,16:00:00,52.863,55.703,52.116,54.507,48660,0
2018-02-23,17:00:00,54.657,54.657,52.066,52.265,28185,0
2018-02-23,18:00:00,52.365,53.212,52.125,53.087,18272,0
2018-02-23,19:00:00,53.212,53.859,53.137,53.242,15200,0
2018-02-23,20:00:00,53.411,53.81,52.913,53.81,15378,0
2018-02-23,21:00:00,53.859,54.756,53.61,54.657,20787,0
2018-02-23,22:00:00,54.656,55.254,54.009,54.657,72011,0
2018-02-26,16:00:00,54.308,54.308,53.71,53.71,17529,0
2018-02-26,17:00:00,53.909,54.158,53.66,54.108,11567,0
2018-02-26,18:00:00,54.208,54.358,53.909,54.358,12261,0
2018-02-26,19:00:00,54.457,54.557,54.358,54.507,17944,0
2018-02-26,20:00:00,54.482,54.557,54.457,54.532,8653,0
2018-02-26,21:00:00,54.532,55.18,54.507,55.005,13255,0
2018-02-26,22:00:00,55.03,55.205,54.931,55.005,42625,0
2018-02-27,16:00:00,54.955,55.753,54.955,55.304,6087,0
2018-02-27,17:00:00,55.229,55.329,54.308,54.607,16977,0
2018-02-27,18:00:00,54.756,54.955,54.651,54.657,8701,0
2018-02-27,19:00:00,54.457,54.756,54.308,54.756,15919,0
2018-02-27,20:00:00,54.806,55.055,54.756,55.005,12050,0
2018-02-27,21:00:00,55.055,55.304,55.005,55.254,12353,0
2018-02-27,22:00:00,55.304,55.653,55.194,55.354,51087,0
2018-02-28,16:00:00,55.553,55.802,54.358,54.507,6626,0
2018-02-28,17:00:00,54.507,54.657,54.407,54.507,12747,0
2018-02-28,18:00:00,54.532,54.806,54.457,54.632,8224,0
2018-02-28,19:00:00,54.657,55.454,54.657,55.254,13624,0
2018-02-28,20:00:00,55.205,55.254,55.055,55.254,8850,0
2018-02-28,21:00:00,55.304,55.603,55.105,55.205,35229,0
2018-02-28,22:00:00,55.205,55.504,55.105,55.105,79787,0
2018-03-01,16:00:00,54.955,55.454,54.955,55.354,7744,0
2018-03-01,17:00:00,55.504,55.778,55.205,55.404,11731,0
2018-03-01,18:00:00,55.354,55.802,55.304,55.703,7807,0
2018-03-01,19:00:00,55.703,55.703,55.205,55.354,12260,0
2018-03-01,20:00:00,55.304,55.504,55.18,55.205,26311,0
2018-03-01,21:00:00,55.155,55.354,54.756,54.856,26381,0
2018-03-01,22:00:00,54.906,55.553,54.906,55.404,59992,0
2018-03-02,16:00:00,55.304,55.304,54.893,55.254,1606,0
2018-03-02,17:00:00,55.254,56.002,55.254,55.703,14777,0
2018-03-02,18:00:00,55.802,56.699,55.653,56.5,12392,0
2018-03-02,19:00:00,56.45,56.948,56.4,56.874,8913,0
2018-03-02,20:00:00,56.799,57.098,56.55,57.098,14303,0
2018-03-02,21:00:00,57.098,57.198,56.6,56.6,12098,0
2018-03-02,22:00:00,56.5,56.5,56.151,56.251,29650,0
2018-03-05,16:00:00,55.902,56.699,55.902,56.201,2320,0
2018-03-05,17:00:00,56.351,56.55,56.201,56.55,5391,0
2018-03-05,18:00:00,56.55,56.55,56.351,56.375,6058,0
2018-03-05,19:00:00,56.301,56.45,55.902,56.101,6554,0
2018-03-05,20:00:00,56.151,56.45,56.101,56.4,8099,0
2018-03-05,21:00:00,56.45,56.704,56.45,56.674,8006,0
2018-03-05,22:00:00,56.799,56.849,56.4,56.5,44623,0
2018-03-06,16:00:00,56.75,56.8,56.2,56.8,7322,0
2018-03-06,17:00:00,56.897,56.897,56.1,56.225,9603,0
2018-03-06,18:00:00,56.3,56.7,56.3,56.6,9015,0
2018-03-06,19:00:00,56.65,56.65,56.5,56.55,12515,0
2018-03-06,20:00:00,56.65,56.7,56.35,56.5,9497,0
2018-03-06,21:00:00,56.55,56.7,56.5,56.6,6995,0
2018-03-06,22:00:00,56.55,56.6,56.3,56.5,41009,0
2018-03-07,16:00:00,56.3,57,56.0629,56.45,4807,0
2018-03-07,17:00:00,56.35,56.65,56.35,56.37,5807,0
2018-03-07,18:00:00,56.35,56.65,56.2,56.5,15032,0
2018-03-07,19:00:00,56.45,56.725,56.3,56.55,9700,0
2018-03-07,20:00:00,56.55,56.55,56.3,56.3963,7695,0
2018-03-07,21:00:00,56.4,56.85,56.35,56.7,10182,0
2018-03-07,22:00:00,56.725,56.8,56.55,56.55,48745,0
2018-03-08,16:00:00,56.75,56.75,56.25,56.35,8694,0
2018-03-08,17:00:00,56.35,56.45,56.175,56.325,21583,0
2018-03-08,18:00:00,56.35,56.9,56.275,56.9,48743,0
2018-03-08,19:00:00,56.9,57.6,56.85,57.1,27534,0
2018-03-08,20:00:00,56.925,57.15,56.45,56.6426,89095,0
2018-03-08,21:00:00,56.6,56.9,56.15,56.775,31227,0
2018-03-08,22:00:00,56.7,56.75,56.35,56.6,38967,0
2018-03-09,16:00:00,56.8,57.2,56.35,57.1,7634,0
2018-03-09,17:00:00,56.95,57.05,56.7,56.8,6996,0
2018-03-09,18:00:00,56.9058,57.25,56.75,57.25,5200,0
2018-03-09,19:00:00,57.3,57.3,57.05,57.25,7091,0
2018-03-09,20:00:00,57.2,57.3,57.1,57.1,7650,0
2018-03-09,21:00:00,57.2,57.55,57.1323,57.4,13768,0
2018-03-09,22:00:00,57.35,58.15,57.35,58,37732,0
2018-03-12,15:00:00,58.15,58.85,58.15,58.4999,7441,0
2018-03-12,16:00:00,58.455,59.2,58.455,59.2,13504,0
2018-03-12,17:00:00,59.15,59.35,59.05,59.25,9310,0
2018-03-12,18:00:00,59.45,59.8,59.35,59.65,8212,0
2018-03-12,19:00:00,59.65,59.95,59.65,59.9,7262,0
2018-03-12,20:00:00,59.8535,59.95,59.6,59.85,13988,0
2018-03-12,21:00:00,59.75,59.9,59.5,59.6,26522,0
2018-03-13,15:00:00,59.75,59.95,59.7,59.7,2054,0
2018-03-13,16:00:00,59.6622,60.85,59.6622,60.75,13909,0
2018-03-13,17:00:00,60.6,60.6,60.275,60.5,8472,0
2018-03-13,18:00:00,60.45,60.525,60.1,60.1,9034,0
2018-03-13,19:00:00,60.1,60.35,60,60.1,6032,0
2018-03-13,20:00:00,60.1,60.15,59.9,60.075,11258,0
2018-03-13,21:00:00,60.075,60.25,59.9,60.2,37936,0
2018-03-14,15:00:00,60.5,60.55,60.1,60.25,2302,0
2018-03-14,16:00:00,60.1625,60.225,59.91,60.15,9111,0
2018-03-14,17:00:00,60,60.25,60,60.05,7610,0
2018-03-14,18:00:00,60.15,60.2,60,60.19,7278,0
2018-03-14,19:00:00,60.2,60.75,60.1,60.75,10572,0
2018-03-14,20:00:00,60.8,60.85,60.4,60.6,12149,0
2018-03-14,21:00:00,60.65,60.85,60.125,60.15,39045,0
2018-03-15,15:00:00,60.6,61.2719,60.2,60.4,2659,0
2018-03-15,16:00:00,60.3,60.55,59.95,60.475,5057,0
2018-03-15,17:00:00,60.6,60.65,60.35,60.5,7652,0
2018-03-15,18:00:00,60.55,60.7,60.4,60.5,6220,0
2018-03-15,19:00:00,60.5,60.95,60.45,60.65,5025,0
2018-03-15,20:00:00,60.65,60.65,60.3,60.3,11787,0
2018-03-15,21:00:00,60.3,60.45,60.05,60.2,35607,0
2018-03-16,15:00:00,60.15,60.2252,59.7,60.125,25418,0
2018-03-16,16:00:00,60.15,60.7,60.05,60.35,6734,0
2018-03-16,17:00:00,60.35,60.85,60.35,60.75,7428,0
2018-03-16,18:00:00,60.8,60.9,60.7,60.825,6308,0
2018-03-16,19:00:00,60.85,60.9,60.6,60.8,9444,0
2018-03-16,20:00:00,60.85,61.1,60.85,60.9,5806,0
2018-03-16,21:00:00,60.95,61.05,60.65,60.9,74087,0
2018-03-19,15:00:00,60.8,60.8742,60.55,60.8742,2799,0
2018-03-19,16:00:00,60.75,60.75,59.85,60.02,9192,0
2018-03-19,17:00:00,60.1,60.2,59.825,59.825,4700,0
2018-03-19,18:00:00,59.8,59.975,59.75,59.85,3090,0
2018-03-19,19:00:00,59.8,59.9,59.5,59.55,15293,0
2018-03-19,20:00:00,59.65,59.75,59.2,59.45,10134,0
2018-03-19,21:00:00,59.475,59.95,59.475,59.8,24030,0
2018-03-20,15:00:00,59.75,60,59.425,59.45,3207,0
2018-03-20,16:00:00,59.5,59.7117,59.2,59.3,7595,0
2018-03-20,17:00:00,59.25,59.6,59.2,59.45,9020,0
2018-03-20,18:00:00,59.35,59.6,59.2,59.3,6977,0
2018-03-20,19:00:00,59.3,59.55,59.25,59.45,14768,0
2018-03-20,20:00:00,59.4,60.25,59.35,60.2,12966,0
2018-03-20,21:00:00,60.1,60.1,59.5,59.65,42530,0
2018-03-21,15:00:00,59.85,60.15,59.5,60.15,1429,0
2018-03-21,16:00:00,60.05,60.2,59.9,59.95,8358,0
2018-03-21,17:00:00,59.95,60.25,59.85,60.25,9052,0
2018-03-21,18:00:00,60.225,60.25,59.85,59.925,3214,0
2018-03-21,19:00:00,59.9,60,59.7,59.7,10063,0
2018-03-21,20:00:00,59.75,59.8,59.15,59.275,12659,0
2018-03-21,21:00:00,59.3,59.45,59.15,59.2,41338,0
2018-03-22,15:00:00,58.8,59.3,58.4,58.9,7411,0
2018-03-22,16:00:00,59,59.1,58.7,58.9,4018,0
2018-03-22,17:00:00,58.9,58.9,58.4,58.7,12524,0
2018-03-22,18:00:00,58.65,59.1,58.6,58.95,5402,0
2018-03-22,19:00:00,59.05,59.3,58.6981,59.299,12469,0
2018-03-22,20:00:00,59.275,59.275,58.75,58.8,15805,0
2018-03-22,21:00:00,58.7,58.85,58.3,58.4,46802,0
2018-03-23,15:00:00,58.45,58.65,58.15,58.3,2486,0
2018-03-23,16:00:00,58.3,58.45,57.7,58.15,9173,0
2018-03-23,17:00:00,58.1567,58.25,57.35,57.35,5133,0
2018-03-23,18:00:00,57.5,57.8,57.4,57.55,6041,0
2018-03-23,19:00:00,57.55,57.7,57.5,57.695,5009,0
2018-03-23,20:00:00,57.7,57.7,57.1,57.15,6248,0
2018-03-23,21:00:00,57.1,57.25,56.95,56.95,42210,0
2018-03-26,16:00:00,57.65,57.65,57.3,57.5,2607,0
2018-03-26,17:00:00,57.5,57.95,57.45,57.95,6920,0
2018-03-26,18:00:00,57.95,58.375,57.95,58.35,5938,0
2018-03-26,19:00:00,58.3,58.3,57.8,57.8,6331,0
2018-03-26,20:00:00,57.8,58.15,57.65,58.15,6100,0
2018-03-26,21:00:00,58.199,58.8,58.199,58.375,9628,0
2018-03-26,22:00:00,58.45,58.9,58.4343,58.8,32969,0
2018-03-27,16:00:00,59,59,58.35,58.5,3348,0
2018-03-27,17:00:00,58.45,59.1,58.2,58.85,12717,0
2018-03-27,18:00:00,58.95,59.45,58.6,59.3,26467,0
2018-03-27,19:00:00,59.35,59.65,59.15,59.5,23569,0
2018-03-27,20:00:00,59.4,60,59.2,59.45,7900,0
2018-03-27,21:00:00,59.4,59.6,59.3,59.45,7015,0
2018-03-27,22:00:00,59.275,59.5,58.7,58.9,49763,0
2018-03-28,16:00:00,59.2,60,59.1,59.55,4433,0
2018-03-28,17:00:00,59.6,59.95,59.425,59.9,9292,0
2018-03-28,18:00:00,59.85,59.925,59.45,59.8,10452,0
2018-03-28,19:00:00,59.85,60.4,59.85,60,5397,0
2018-03-28,20:00:00,60.15,60.5,60.1,60.25,5055,0
2018-03-28,21:00:00,60.3,60.45,60.15,60.2,4619,0
2018-03-28,22:00:00,60.2,60.2,59.8,60.15,21441,0
2018-03-29,16:00:00,60.4,60.7,60.4,60.7,923,0
2018-03-29,17:00:00,60.65,60.7,60.1,60.25,5686,0
2018-03-29,18:00:00,60.5,61.2,60.05,61.15,24814,0
2018-03-29,19:00:00,61,61.25,60.85,61.05,5750,0
2018-03-29,20:00:00,60.95,60.95,60.8,60.85,2675,0
2018-03-29,21:00:00,60.9,60.9,60.4,60.4,4130,0
2018-03-29,22:00:00,60.45,60.8,60.4,60.45,58214,0
