Date,Time,Open,High,Low,Close,Volume,OpenInt
2017-09-05,16:00:00,162.91,163.8,162.79,163.51,36067,0
2017-09-05,17:00:00,163.48,163.73,162.99,163.17,172616,0
2017-09-05,18:00:00,163.24,163.31,162.88,163.26,41460,0
2017-09-05,19:00:00,163.22,163.23,162.06,162.13,103023,0
2017-09-05,20:00:00,162.12,162.27,161.62,162.07,33785,0
2017-09-05,21:00:00,162.12,162.58,162.02,162.2,45196,0
2017-09-05,22:00:00,162.2,162.33,161.77,161.98,198208,0
2017-09-06,16:00:00,162.83,163.36,162.48,162.53,28506,0
2017-09-06,17:00:00,162.61,162.76,161.96,162.13,33719,0
2017-09-06,18:00:00,162.15,162.22,161.76,161.77,14389,0
2017-09-06,19:00:00,161.84,161.93,161.49,161.65,14650,0
2017-09-06,20:00:00,161.66,161.7,161.2,161.23,36663,0
2017-09-06,21:00:00,161.22,161.68,161.2,161.21,58757,0
2017-09-06,22:00:00,161.22,161.35,160.73,160.89,321268,0
2017-09-07,16:00:00,161.38,161.38,160.01,160.07,92781,0
2017-09-07,17:00:00,160.27,161.32,159.8,161.25,55259,0
2017-09-07,18:00:00,161.25,161.25,160.35,160.7,60173,0
2017-09-07,19:00:00,160.77,161.11,160.27,161.11,67210,0
2017-09-07,20:00:00,161.09,161.1,160.56,160.82,40796,0
2017-09-07,21:00:00,160.81,161.24,160.79,160.94,52499,0
2017-09-07,22:00:00,161.01,161.32,160.93,161.13,369643,0
2017-09-08,16:00:00,160.76,161.15,160.28,160.91,19373,0
2017-09-08,17:00:00,161.03,162.02,160.93,161.83,86382,0
2017-09-08,18:00:00,161.87,162.32,161.7,162.29,43585,0
2017-09-08,19:00:00,162.27,162.57,162.08,162.32,36857,0
2017-09-08,20:00:00,162.5,162.91,162.36,162.91,32500,0
2017-09-08,21:00:00,162.92,163.23,162.86,163.12,37437,0
2017-09-08,22:00:00,163.12,163.17,162.28,162.57,147742,0
2017-09-11,16:00:00,163.55,165.28,163.03,164.6,38553,0
2017-09-11,17:00:00,164.62,165.32,164.38,164.94,59907,0
2017-09-11,18:00:00,164.94,166.27,164.89,166.09,92121,0
2017-09-11,19:00:00,166.01,166.19,165.61,166.1,56630,0
2017-09-11,20:00:00,166.09,167.04,166.09,166.77,101433,0
2017-09-11,21:00:00,166.77,167.84,166.57,167.52,124941,0
2017-09-11,22:00:00,167.52,167.86,166.9,167.36,374284,0
2017-09-12,16:00:00,168.26,168.91,167.79,167.79,54864,0
2017-09-12,17:00:00,167.9,168.03,167.14,167.77,50328,0
2017-09-12,18:00:00,167.75,167.75,167.22,167.42,35842,0
2017-09-12,19:00:00,167.35,167.68,167.2,167.63,25312,0
2017-09-12,20:00:00,167.67,167.7,167.24,167.41,29667,0
2017-09-12,21:00:00,167.39,167.74,167.27,167.51,32286,0
2017-09-12,22:00:00,167.51,167.83,167.36,167.63,255784,0
2017-09-13,16:00:00,167.51,167.73,166.73,167.38,19234,0
2017-09-13,17:00:00,167.42,168.24,167.22,168.21,33713,0
2017-09-13,18:00:00,168.19,168.27,167.94,167.98,40875,0
2017-09-13,19:00:00,168,168.59,167.96,168.55,35594,0
2017-09-13,20:00:00,168.55,168.95,168.23,168.41,35933,0
2017-09-13,21:00:00,168.39,168.77,168.39,168.5,29820,0
2017-09-13,22:00:00,168.54,168.61,168.22,168.4,150120,0
2017-09-14,16:00:00,167.77,168.75,166.96,168.08,29245,0
2017-09-14,17:00:00,168.15,169.44,168.03,168.84,92006,0
2017-09-14,18:00:00,168.84,169.59,168.79,169.46,57535,0
2017-09-14,19:00:00,169.5,169.98,169.38,169.73,30270,0
2017-09-14,20:00:00,169.67,169.82,169.56,169.74,34045,0
2017-09-14,21:00:00,169.7,170.53,169.66,170.44,61848,0
2017-09-14,22:00:00,170.43,170.73,170.37,170.64,257294,0
2017-09-15,16:00:00,170.11,170.83,170.11,170.54,183338,0
2017-09-15,17:00:00,170.6,171.85,170.5,171.72,83694,0
2017-09-15,18:00:00,171.67,172.65,171.37,172.65,91042,0
2017-09-15,19:00:00,172.6,172.6,171.46,171.67,85599,0
2017-09-15,20:00:00,171.68,172.11,171.45,172.11,35430,0
2017-09-15,21:00:00,172.13,172.49,171.98,172.16,49553,0
2017-09-15,22:00:00,172.16,172.28,171.85,172.2,282948,0
2017-09-18,16:00:00,172.42,172.42,171.61,171.61,41236,0
2017-09-18,17:00:00,171.65,173.28,171.65,172.99,44940,0
2017-09-18,18:00:00,173.05,173.67,173.01,173.39,36799,0
2017-09-18,19:00:00,173.41,173.55,173.25,173.36,29589,0
2017-09-18,20:00:00,173.33,173.46,173.05,173.45,40739,0
2017-09-18,21:00:00,173.41,173.78,173.35,173.54,97107,0
2017-09-18,22:00:00,173.57,173.72,173.41,173.62,143604,0
2017-09-19,16:00:00,173.85,174.75,173.64,174.52,38965,0
2017-09-19,17:00:00,174.42,175.04,174.2,174.74,59715,0
2017-09-19,18:00:00,174.66,174.9,174.31,174.84,57708,0
2017-09-19,19:00:00,174.86,175.44,174.76,175.43,44726,0
2017-09-19,20:00:00,175.42,175.59,175.16,175.39,44518,0
2017-09-19,21:00:00,175.42,175.78,175.4,175.58,60816,0
2017-09-19,22:00:00,175.63,175.73,175.33,175.58,172235,0
2017-09-20,16:00:00,175.96,176.55,175.01,175.54,33111,0
2017-09-20,17:00:00,175.77,176.14,174.77,175.83,110857,0
2017-09-20,18:00:00,175.92,176.05,175.52,175.7,54197,0
2017-09-20,19:00:00,175.67,176.05,175.67,175.9,27820,0
2017-09-20,20:00:00,175.89,175.89,175.16,175.58,47667,0
2017-09-20,21:00:00,175.54,175.96,175.29,175.64,79620,0
2017-09-20,22:00:00,175.67,176.2,175.58,176.02,174506,0
2017-09-21,16:00:00,176.15,176.32,175.45,175.62,28056,0
2017-09-21,17:00:00,175.69,176.39,175.69,176.11,33919,0
2017-09-21,18:00:00,176.13,176.41,175.97,175.97,21569,0
2017-09-21,19:00:00,175.94,176.2,175.7,175.72,20247,0
2017-09-21,20:00:00,175.72,175.99,175.66,175.91,29025,0
2017-09-21,21:00:00,175.95,175.98,175.77,175.91,26441,0
2017-09-21,22:00:00,175.92,176.05,175.74,175.77,127956,0
2017-09-22,16:00:00,175.77,176.16,175.47,175.67,16675,0
2017-09-22,17:00:00,175.57,175.9,175.38,175.83,30867,0
2017-09-22,18:00:00,175.84,176.13,175.1,175.11,59888,0
2017-09-22,19:00:00,175.11,176.01,175.1,175.89,52193,0
2017-09-22,20:00:00,175.93,175.96,175.47,175.47,20916,0
2017-09-22,21:00:00,175.48,175.89,175.42,175.85,40852,0
2017-09-22,22:00:00,175.89,176.16,175.82,175.99,165791,0
2017-09-25,16:00:00,175.93,176.34,175.34,175.45,29397,0
2017-09-25,17:00:00,175.45,176.1,175.22,175.37,34071,0
2017-09-25,18:00:00,175.3,175.67,174.96,175.45,25128,0
2017-09-25,19:00:00,175.43,175.58,175.04,175.58,29390,0
2017-09-25,20:00:00,175.51,175.86,175.47,175.7,21336,0
2017-09-25,21:00:00,175.73,176.28,175.71,175.99,28710,0
2017-09-25,22:00:00,175.94,176.36,175.91,176.11,98843,0
2017-09-26,16:00:00,176.19,176.78,175.87,176.77,25808,0
2017-09-26,17:00:00,177.06,177.25,176.57,177.13,65273,0
2017-09-26,18:00:00,177.1,177.1,176.41,176.67,42096,0
2017-09-26,19:00:00,176.69,176.72,175.87,176.11,47398,0
2017-09-26,20:00:00,176.1,176.35,175.94,176.23,37856,0
2017-09-26,21:00:00,176.29,176.29,175.31,175.76,56429,0
2017-09-26,22:00:00,175.76,175.79,175.22,175.43,166820,0
2017-09-27,16:00:00,176.31,176.91,175.42,175.42,33552,0
2017-09-27,17:00:00,175.48,175.85,174.89,174.89,47031,0
2017-09-27,18:00:00,174.89,175.6,174.89,175.35,29115,0
2017-09-27,19:00:00,175.32,175.75,175.26,175.75,31461,0
2017-09-27,20:00:00,175.8,176.17,175.67,175.84,57218,0
2017-09-27,21:00:00,175.88,176.44,175.78,176.16,62605,0
2017-09-27,22:00:00,176.2,176.36,175.64,175.77,153237,0
2017-09-28,16:00:00,175.51,176.03,174.31,174.33,27308,0
2017-09-28,17:00:00,174.31,175.21,173.96,175.09,46947,0
2017-09-28,18:00:00,175.08,175.47,175.05,175.29,29575,0
2017-09-28,19:00:00,175.26,175.45,175.19,175.4,17416,0
2017-09-28,20:00:00,175.4,175.71,175.34,175.68,45017,0
2017-09-28,21:00:00,175.68,175.76,175.36,175.76,48117,0
2017-09-28,22:00:00,175.72,175.86,175.41,175.71,144798,0
2017-09-29,16:00:00,175.65,177.38,175.31,177.25,51842,0
2017-09-29,17:00:00,177.25,177.93,176.68,177.62,73474,0
2017-09-29,18:00:00,177.47,177.47,176.73,176.73,48248,0
2017-09-29,19:00:00,176.78,177.03,176.44,176.47,29578,0
2017-09-29,20:00:00,176.44,176.63,176.29,176.53,34283,0
2017-09-29,21:00:00,176.5,176.6,176.26,176.52,32631,0
2017-09-29,22:00:00,176.51,176.73,176.43,176.64,202075,0
2017-10-02,16:00:00,177.23,177.43,176.44,177.24,31750,0
2017-10-02,17:00:00,177.36,177.92,177.18,177.3,62152,0
2017-10-02,18:00:00,177.31,177.89,177.31,177.65,39792,0
2017-10-02,19:00:00,177.65,178.49,177.34,178.45,67040,0
2017-10-02,20:00:00,178.49,178.85,178.37,178.84,53645,0
2017-10-02,21:00:00,178.84,179.16,178.48,178.83,89417,0
2017-10-02,22:00:00,178.83,179.13,178.44,179.11,197697,0
2017-10-03,16:00:00,179.08,179.3,178.29,179.06,43044,0
2017-10-03,17:00:00,178.97,179.13,178.32,178.48,53087,0
2017-10-03,18:00:00,178.53,178.8,178.31,178.64,46728,0
2017-10-03,19:00:00,178.71,178.77,178.25,178.73,29276,0
2017-10-03,20:00:00,178.76,179.04,178.6,178.87,31025,0
2017-10-03,21:00:00,178.86,179.29,178.74,179.14,39678,0
2017-10-03,22:00:00,179.15,179.39,178.87,179.21,203886,0
2017-10-04,16:00:00,179.33,179.96,179.12,179.9,21110,0
2017-10-04,17:00:00,180,180.39,179.82,180.16,32798,0
2017-10-04,18:00:00,180.1,180.79,180.1,180.73,35113,0
2017-10-04,19:00:00,180.65,180.65,180.03,180.13,22936,0
2017-10-04,20:00:00,180.04,180.66,179.91,180.66,44746,0
2017-10-04,21:00:00,180.6,181,180.52,180.99,37964,0
2017-10-04,22:00:00,181.01,181.09,180.49,180.75,245275,0
2017-10-05,16:00:00,180.53,180.61,178.97,180.15,42961,0
2017-10-05,17:00:00,180.37,180.62,179.74,180.4,34253,0
2017-10-05,18:00:00,180.45,181.06,180.39,180.95,19653,0
2017-10-05,19:00:00,180.89,181.36,180.89,181.07,17714,0
2017-10-05,20:00:00,180.96,181.2,180.81,181.12,14511,0
2017-10-05,21:00:00,181.11,181.3,180.89,181.13,24487,0
2017-10-05,22:00:00,181.21,181.24,180.55,180.91,190362,0
2017-10-06,16:00:00,180.76,181.44,180.64,181.38,44359,0
2017-10-06,17:00:00,181.31,181.86,180.9,180.9,33765,0
2017-10-06,18:00:00,180.97,181.12,180.58,180.6,40932,0
2017-10-06,19:00:00,180.6,180.9,180.56,180.81,15508,0
2017-10-06,20:00:00,180.77,180.9,180.54,180.68,18354,0
2017-10-06,21:00:00,180.69,180.9,180.56,180.82,45402,0
2017-10-06,22:00:00,180.83,181.09,180.46,180.71,183664,0
2017-10-09,17:00:00,181.67,182.16,181.62,182.07,17234,0
2017-10-09,18:00:00,181.99,182.27,181.99,182.22,12934,0
2017-10-09,19:00:00,182.19,182.19,181.57,181.8,25380,0
2017-10-09,20:00:00,181.77,181.97,181.72,181.87,13250,0
2017-10-09,21:00:00,181.91,181.93,181.43,181.43,13998,0
2017-10-09,22:00:00,181.49,181.75,181.28,181.66,130335,0
2017-10-10,16:00:00,182.52,182.52,181.6,181.77,13957,0
2017-10-10,17:00:00,181.87,182.1,180.89,180.99,31325,0
2017-10-10,18:00:00,181.08,181.67,180.97,181.62,29071,0
2017-10-10,19:00:00,181.6,181.6,181.2,181.45,42930,0
2017-10-10,20:00:00,181.52,181.75,181.24,181.27,14626,0
2017-10-10,21:00:00,181.32,181.5,181.1,181.24,28179,0
2017-10-10,22:00:00,181.26,181.37,180.91,181.13,100936,0
2017-10-11,16:00:00,181.33,181.76,180.93,181.13,33255,0
2017-10-11,17:00:00,181.08,181.93,181.01,181.47,52355,0
2017-10-11,18:00:00,181.41,181.84,181.33,181.36,22256,0
2017-10-11,19:00:00,181.37,181.84,181.37,181.81,16072,0
2017-10-11,20:00:00,181.81,181.96,181.68,181.8,14069,0
2017-10-11,21:00:00,181.81,182.08,181.78,181.92,17181,0
2017-10-11,22:00:00,181.92,182.16,181.86,182.14,139679,0
2017-10-12,16:00:00,181.65,182.74,181.57,182.74,21930,0
2017-10-12,17:00:00,182.75,183.33,182.5,183.33,60021,0
2017-10-12,18:00:00,183.33,183.66,183.15,183.59,22703,0
2017-10-12,19:00:00,183.55,183.62,183.2,183.5,16186,0
2017-10-12,20:00:00,183.44,183.62,183.06,183.18,20991,0
2017-10-12,21:00:00,183.19,183.55,183.15,183.31,20748,0
2017-10-12,22:00:00,183.31,183.48,182.5,182.88,187204,0
2017-10-13,16:00:00,183.04,184.18,182.69,184.03,105720,0
2017-10-13,17:00:00,183.93,184.73,183.73,184.35,36304,0
2017-10-13,18:00:00,184.31,184.58,184.23,184.47,43792,0
2017-10-13,19:00:00,184.52,184.52,184.26,184.44,24769,0
2017-10-13,20:00:00,184.41,184.78,184.38,184.58,30204,0
2017-10-13,21:00:00,184.53,184.85,184.49,184.72,29086,0
2017-10-13,22:00:00,184.68,184.73,184.07,184.25,139292,0
2017-10-16,16:00:00,185.48,185.64,184.5,184.98,20584,0
2017-10-16,17:00:00,184.98,185.04,184.3,184.42,33101,0
2017-10-16,18:00:00,184.38,184.77,184.34,184.38,23815,0
2017-10-16,19:00:00,184.39,184.63,184.28,184.53,21307,0
2017-10-16,20:00:00,184.5,184.83,184.5,184.69,16898,0
2017-10-16,21:00:00,184.68,184.68,184.42,184.54,20723,0
2017-10-16,22:00:00,184.53,184.83,184.53,184.77,175497,0
2017-10-17,16:00:00,184.76,185.54,184.55,185.45,16475,0
2017-10-17,17:00:00,185.42,185.63,184.49,184.58,26119,0
2017-10-17,18:00:00,184.57,185.22,184.5,185.08,36445,0
2017-10-17,19:00:00,185.13,185.6,185.06,185.24,27114,0
2017-10-17,20:00:00,185.18,185.32,184.84,184.86,38662,0
2017-10-17,21:00:00,184.97,185.19,184.66,184.72,30127,0
2017-10-17,22:00:00,184.7,184.72,184.34,184.64,169855,0
2017-10-18,16:00:00,184.27,184.92,183.96,184.03,66954,0
2017-10-18,17:00:00,184.09,184.2,183.64,184.17,65132,0
2017-10-18,18:00:00,184.16,184.16,182.94,182.94,66877,0
2017-10-18,19:00:00,182.94,183.38,182.94,183.26,71056,0
2017-10-18,20:00:00,183.26,183.72,183.23,183.51,52958,0
2017-10-18,21:00:00,183.46,183.92,183.38,183.75,46448,0
2017-10-18,22:00:00,183.78,184.17,183.31,183.35,175412,0
2017-10-19,16:00:00,182.98,183.81,182.56,183.57,30293,0
2017-10-19,17:00:00,183.65,183.75,183.02,183.67,56774,0
2017-10-19,18:00:00,183.76,183.93,183.54,183.79,33565,0
2017-10-19,19:00:00,183.7,184.53,183.56,184.47,37369,0
2017-10-19,20:00:00,184.47,184.82,184.39,184.63,31752,0
2017-10-19,21:00:00,184.61,184.96,184.5,184.72,43172,0
2017-10-19,22:00:00,184.68,185.05,184.56,184.8,159605,0
2017-10-20,16:00:00,185.36,186.23,185.17,186.18,47606,0
2017-10-20,17:00:00,185.87,186.51,185.68,185.79,56478,0
2017-10-20,18:00:00,185.86,185.95,185.65,185.66,32160,0
2017-10-20,19:00:00,185.69,186.08,185.62,186.08,25943,0
2017-10-20,20:00:00,186.15,186.58,186.07,186.31,30120,0
2017-10-20,21:00:00,186.33,186.79,186.29,186.49,51007,0
2017-10-20,22:00:00,186.47,186.95,186.4,186.85,294913,0
2017-10-23,16:00:00,187.04,187.29,185.52,185.54,41212,0
2017-10-23,17:00:00,185.72,186.8,185.65,186.44,28349,0
2017-10-23,18:00:00,186.5,186.94,186.41,186.8,27180,0
2017-10-23,19:00:00,186.85,186.87,186.61,186.76,13731,0
2017-10-23,20:00:00,186.74,186.74,186.32,186.39,21954,0
2017-10-23,21:00:00,186.43,186.52,186.24,186.46,20199,0
2017-10-23,22:00:00,186.42,186.42,185.81,186.02,135608,0
2017-10-24,16:00:00,187.24,188.17,186.3,187.23,31628,0
2017-10-24,17:00:00,187.02,187.86,186.73,187.73,35544,0
2017-10-24,18:00:00,187.64,187.8,187.21,187.7,39924,0
2017-10-24,19:00:00,187.81,188.24,187.73,188.07,33102,0
2017-10-24,20:00:00,188.1,188.11,187.65,187.94,33476,0
2017-10-24,21:00:00,187.9,188.17,187.72,187.92,53024,0
2017-10-24,22:00:00,187.91,187.99,186.88,187.02,204151,0
2017-10-25,16:00:00,186.6,187.33,185.85,186.05,19828,0
2017-10-25,17:00:00,186.14,186.25,185.5,185.89,74090,0
2017-10-25,18:00:00,185.85,186.04,185.42,185.73,55321,0
2017-10-25,19:00:00,185.77,185.77,184.64,184.96,30222,0
2017-10-25,20:00:00,185,185.68,184.66,185.38,88164,0
2017-10-25,21:00:00,185.43,186.01,185.23,185.55,48172,0
2017-10-25,22:00:00,185.49,185.69,184.8,185.43,198066,0
2017-10-26,16:00:00,186.47,186.81,185.51,186.38,40553,0
2017-10-26,17:00:00,186.52,186.52,185.71,185.84,73859,0
2017-10-26,18:00:00,185.88,186.93,185.83,186.07,28391,0
2017-10-26,19:00:00,186.07,186.52,185.97,186.38,23271,0
2017-10-26,20:00:00,186.47,186.67,186.05,186.51,34978,0
2017-10-26,21:00:00,186.53,186.74,186.29,186.54,32613,0
2017-10-26,22:00:00,186.52,186.73,185.98,186.38,173517,0
2017-10-27,16:00:00,186.26,186.86,185.37,186.04,28081,0
2017-10-27,17:00:00,186.05,186.18,185.39,186.09,45773,0
2017-10-27,18:00:00,186.06,186.06,185.25,185.83,43938,0
2017-10-27,19:00:00,185.81,186.94,185.71,186.88,43499,0
2017-10-27,20:00:00,186.94,187.01,186.56,186.69,27912,0
2017-10-27,21:00:00,186.72,187.26,186.72,186.97,25338,0
2017-10-27,22:00:00,186.94,187.14,186.66,187.12,101022,0
2017-10-30,15:00:00,186.65,187,185.74,185.74,15630,0
2017-10-30,16:00:00,185.81,186.81,185.81,186.55,25495,0
2017-10-30,17:00:00,186.46,186.69,185.23,185.36,35722,0
2017-10-30,18:00:00,185.32,185.33,184.44,184.93,75229,0
2017-10-30,19:00:00,185.02,185.48,184.96,185.13,25812,0
2017-10-30,20:00:00,185.1,185.57,184.88,185.38,32165,0
2017-10-30,21:00:00,185.41,185.55,184.93,185.36,117955,0
2017-10-31,15:00:00,208.81,208.87,202.39,204.42,589584,0
2017-10-31,16:00:00,200.23,201.13,194.78,195.49,518795,0
2017-10-31,17:00:00,195.67,200.46,193.61,200.07,494515,0
2017-10-31,18:00:00,200.28,202.09,199.3,200.53,427608,0
2017-10-31,19:00:00,200.56,201.69,200.22,200.93,136519,0
2017-10-31,20:00:00,201.03,201.16,199.29,199.98,245107,0
2017-10-31,21:00:00,199.96,200.02,198.62,199.06,474296,0
2017-11-01,15:00:00,200.52,201.06,197.49,197.74,169643,0
2017-11-01,16:00:00,197.67,197.81,194.48,195.7,285688,0
2017-11-01,17:00:00,195.81,196.35,195.45,195.77,92117,0
2017-11-01,18:00:00,195.78,195.9,194.84,195.11,150302,0
2017-11-01,19:00:00,195.13,195.99,194.44,195.99,90361,0
2017-11-01,20:00:00,195.96,195.98,194.96,195.55,115813,0
2017-11-01,21:00:00,195.47,195.51,193.27,193.45,410315,0
2017-11-02,15:00:00,194.15,195.52,193.82,195.24,66632,0
2017-11-02,16:00:00,195.26,196.37,194.7,196.37,72246,0
2017-11-02,17:00:00,196.35,197,195.27,196.45,55255,0
2017-11-02,18:00:00,196.59,197.32,196.4,197.06,47670,0
2017-11-02,19:00:00,197.01,198.31,197.01,197.86,54929,0
2017-11-02,20:00:00,197.74,198.29,197.65,197.71,57029,0
2017-11-02,21:00:00,197.7,197.98,197.35,197.47,238699,0
2017-11-03,15:00:00,197.76,197.86,196.81,197.41,37928,0
2017-11-03,16:00:00,197.41,197.55,196.01,196.06,69593,0
2017-11-03,17:00:00,195.97,197.13,195.92,196.82,63217,0
2017-11-03,18:00:00,196.91,197,196.47,196.68,47011,0
2017-11-03,19:00:00,196.69,197.34,196.69,197.02,42549,0
2017-11-03,20:00:00,197.01,197.16,196.56,196.82,66664,0
2017-11-03,21:00:00,196.76,197,196.33,196.64,269521,0
2017-11-06,16:00:00,195.93,196.23,194.71,195.9,42261,0
2017-11-06,17:00:00,195.82,196.19,195.48,195.9,114594,0
2017-11-06,18:00:00,195.87,196.07,195.38,195.55,75208,0
2017-11-06,19:00:00,195.52,195.62,195.29,195.32,42529,0
2017-11-06,20:00:00,195.35,195.39,194.83,195.19,46008,0
2017-11-06,21:00:00,195.18,195.22,195,195.1,71818,0
2017-11-06,22:00:00,195.1,195.34,194.71,195.1,488608,0
2017-11-07,16:00:00,195.32,196.52,194.76,195.59,121222,0
2017-11-07,17:00:00,195.65,196.22,195.63,195.87,69469,0
2017-11-07,18:00:00,195.93,196.69,195.93,196.34,120641,0
2017-11-07,19:00:00,196.35,196.76,196.26,196.46,41892,0
2017-11-07,20:00:00,196.43,196.78,196.43,196.72,43587,0
2017-11-07,21:00:00,196.69,196.83,196.26,196.36,64730,0
2017-11-07,22:00:00,196.38,199.3,196.35,199.07,446415,0
2017-11-08,16:00:00,191.01,197.64,190.31,193.1,235863,0
2017-11-08,17:00:00,193.1,195.04,192.35,194.5,220311,0
2017-11-08,18:00:00,194.46,194.49,192.89,193.97,108506,0
2017-11-08,19:00:00,194.05,194.18,193.29,193.42,60025,0
2017-11-08,20:00:00,193.39,193.61,191.7,192.36,168522,0
2017-11-08,21:00:00,192.36,193.07,192.23,192.73,88378,0
2017-11-08,22:00:00,192.75,193.04,191.84,192.08,250959,0
2017-11-09,16:00:00,190.99,190.99,188.34,188.66,75882,0
2017-11-09,17:00:00,188.76,191.28,188.74,191.05,105032,0
2017-11-09,18:00:00,190.81,191.44,188.74,189.2,69469,0
2017-11-09,19:00:00,189.23,189.41,187.85,188.44,75548,0
2017-11-09,20:00:00,188.46,189.33,188.08,189.06,76838,0
2017-11-09,21:00:00,189,189.68,187.84,188.18,84259,0
2017-11-09,22:00:00,188.28,188.44,187.69,188.14,267290,0
2017-11-10,16:00:00,188.91,188.91,187.48,188.8,19036,0
2017-11-10,17:00:00,188.69,190.89,188.67,190.32,63528,0
2017-11-10,18:00:00,190.42,191.24,190.16,190.8,42473,0
2017-11-10,19:00:00,190.81,191.18,190.69,190.74,41816,0
2017-11-10,20:00:00,190.83,191.07,190.6,191.06,37949,0
2017-11-10,21:00:00,190.99,191.91,190.99,191.86,44845,0
2017-11-10,22:00:00,191.85,192.15,191.43,191.76,173308,0
2017-11-13,16:00:00,190.87,190.89,189.61,189.93,77962,0
2017-11-13,17:00:00,190.15,190.6,189.28,190.24,59123,0
2017-11-13,18:00:00,190.23,191.8,190.02,191.8,55754,0
2017-11-13,19:00:00,191.81,192.2,191.74,192.04,29463,0
2017-11-13,20:00:00,192.06,192.2,191.83,191.91,32866,0
2017-11-13,21:00:00,191.95,192.28,191.59,191.92,76276,0
2017-11-13,22:00:00,191.94,192.1,191.33,191.69,180826,0
2017-11-14,16:00:00,190.97,191.39,190.09,190.15,48050,0
2017-11-14,17:00:00,189.91,191.53,189.88,190.93,58270,0
2017-11-14,18:00:00,190.84,191.11,190.5,190.7,54617,0
2017-11-14,19:00:00,190.68,191.58,190.54,190.97,37803,0
2017-11-14,20:00:00,191,191.25,190.77,191.18,30187,0
2017-11-14,21:00:00,191.12,191.44,190.75,191.22,55029,0
2017-11-14,22:00:00,191.22,191.22,190.61,190.73,185421,0
2017-11-15,16:00:00,189.62,189.62,188.03,188.95,54833,0
2017-11-15,17:00:00,188.99,189.3,188.08,188.57,44235,0
2017-11-15,18:00:00,188.6,188.6,187.83,188.51,38580,0
2017-11-15,19:00:00,188.32,188.34,187.61,187.83,36127,0
2017-11-15,20:00:00,187.83,187.86,186.96,186.96,62805,0
2017-11-15,21:00:00,186.98,187.73,186.82,187.49,71369,0
2017-11-15,22:00:00,187.42,188.04,187.33,187.89,238307,0
2017-11-16,16:00:00,199.22,201.09,194.93,198.12,552182,0
2017-11-16,17:00:00,197.96,198.11,194.93,196.52,339026,0
2017-11-16,18:00:00,196.59,197.38,195.77,196.87,109896,0
2017-11-16,19:00:00,196.88,197.12,195.65,195.68,88556,0
2017-11-16,20:00:00,195.68,195.95,194.63,194.86,90662,0
2017-11-16,21:00:00,194.93,195.78,192.78,192.79,160578,0
2017-11-16,22:00:00,192.93,193.69,192.24,192.75,507690,0
2017-11-17,16:00:00,192.18,195.71,192.18,195.64,123003,0
2017-11-17,17:00:00,195.64,196.12,193.69,194.26,188599,0
2017-11-17,18:00:00,194.31,194.34,193.25,193.58,136881,0
2017-11-17,19:00:00,193.61,194.02,193.03,193.62,59840,0
2017-11-17,20:00:00,193.66,193.86,193.07,193.07,45650,0
2017-11-17,21:00:00,192.97,195.04,192.83,194.83,133339,0
2017-11-17,22:00:00,194.73,194.76,193.5,193.5,346803,0
2017-11-20,16:00:00,193.14,194.86,192.21,193.51,92178,0
2017-11-20,17:00:00,193.92,194.35,192.56,194.15,123316,0
2017-11-20,18:00:00,193.87,194.93,192.66,193.79,132263,0
2017-11-20,19:00:00,193.9,194.27,193.41,193.86,23427,0
2017-11-20,20:00:00,193.78,194.11,193.47,193.77,31099,0
2017-11-20,21:00:00,193.71,193.73,192.94,193.39,48461,0
2017-11-20,22:00:00,193.38,193.51,193.13,193.37,160714,0
2017-11-21,16:00:00,193.89,194.14,192.24,192.79,80317,0
2017-11-21,17:00:00,192.7,193.47,191.75,192.9,113608,0
2017-11-21,18:00:00,192.77,192.9,192.01,192.29,92386,0
2017-11-21,19:00:00,192.25,192.41,191.07,192.3,82312,0
2017-11-21,20:00:00,192.26,192.35,191.76,191.76,49726,0
2017-11-21,21:00:00,191.76,192.02,191.19,191.79,84155,0
2017-11-21,22:00:00,191.81,192.77,191.69,192.17,278506,0
2017-11-22,16:00:00,189.59,191.1,188.04,190.14,199141,0
2017-11-22,17:00:00,190.09,191.59,190.01,190.75,120078,0
2017-11-22,18:00:00,190.84,190.84,188.81,189.32,74264,0
2017-11-22,19:00:00,189.24,189.91,189.04,189.78,74004,0
2017-11-22,20:00:00,189.78,189.78,189.18,189.43,59369,0
2017-11-22,21:00:00,189.44,190.35,189.21,190.15,61357,0
2017-11-22,22:00:00,190.15,190.25,189.81,190.17,291502,0
2017-11-24,16:00:00,190.95,190.98,189.25,190.13,56557,0
2017-11-24,17:00:00,190.15,191.06,189.63,190.76,58295,0
2017-11-24,18:00:00,190.83,190.97,190.14,190.42,26345,0
2017-11-24,19:00:00,190.43,190.76,190.12,190.65,60715,0
2017-11-24,20:00:00,190.64,190.64,190.43,190.63,16762,0
2017-11-27,16:00:00,191.16,191.77,190.76,191.68,46298,0
2017-11-27,17:00:00,191.53,191.73,190.32,190.59,81013,0
2017-11-27,18:00:00,190.49,190.89,189.87,190.27,68657,0
2017-11-27,19:00:00,190.3,190.49,189.8,190.13,46128,0
2017-11-27,20:00:00,190.16,190.49,189.94,190.42,50999,0
2017-11-27,21:00:00,190.42,190.59,190.02,190.13,49054,0
2017-11-27,22:00:00,190.15,190.68,189.96,190.19,178120,0
2017-11-28,16:00:00,188.1,191.12,187.83,190.74,178845,0
2017-11-28,17:00:00,190.74,193.12,190.38,192.5,243066,0
2017-11-28,18:00:00,192.52,194.5,192.27,194.4,176728,0
2017-11-28,19:00:00,194.38,195.12,194.05,194.05,141686,0
2017-11-28,20:00:00,194.11,194.96,194.07,194.22,126214,0
2017-11-28,21:00:00,194.16,195.1,194.05,195.1,137602,0
2017-11-28,22:00:00,195.04,197.14,194.96,196.26,517601,0
2017-11-29,16:00:00,196.13,196.29,193.46,193.46,80472,0
2017-11-29,17:00:00,193.81,194.39,191.23,191.38,120783,0
2017-11-29,18:00:00,191.36,191.73,189.98,190.37,105738,0
2017-11-29,19:00:00,190.37,190.77,189.78,189.95,62325,0
2017-11-29,20:00:00,189.95,190.91,189.35,190.91,70946,0
2017-11-29,21:00:00,190.92,191.03,188.26,188.38,119003,0
2017-11-29,22:00:00,188.46,189.38,187.99,189.29,343982,0
2017-11-30,16:00:00,190.3,191.48,190.1,190.86,44222,0
2017-11-30,17:00:00,190.85,191.16,190.3,191.09,113444,0
2017-11-30,18:00:00,191.17,191.44,189.88,190.98,83007,0
2017-11-30,19:00:00,191.02,193.46,191.02,192.61,64546,0
2017-11-30,20:00:00,192.76,193.46,191.56,192.2,128961,0
2017-11-30,21:00:00,192.2,192.25,191.17,191.76,87726,0
2017-11-30,22:00:00,191.75,192.41,191.46,192.23,463983,0
2017-12-01,16:00:00,192.09,194.51,191.65,191.93,46795,0
2017-12-01,17:00:00,191.69,191.93,190.34,191.32,101862,0
2017-12-01,18:00:00,191.16,191.28,187.77,190.06,96213,0
2017-12-01,19:00:00,190.03,191.11,189.36,190.48,46081,0
2017-12-01,20:00:00,190.55,190.8,189.89,190.26,40437,0
2017-12-01,21:00:00,190.34,190.82,189.95,189.97,52416,0
2017-12-01,22:00:00,189.98,190.45,189.61,189.62,279146,0
2017-12-04,16:00:00,191.94,194.93,191.9,194.06,124638,0
2017-12-04,17:00:00,193.76,194.39,192.54,193.08,242862,0
2017-12-04,18:00:00,193.1,193.83,191.42,192.16,116519,0
2017-12-04,19:00:00,192.24,192.37,190.17,191.12,76204,0
2017-12-04,20:00:00,191.2,192.69,190.49,190.5,91173,0
2017-12-04,21:00:00,190.62,190.94,189.85,190.38,74235,0
2017-12-04,22:00:00,190.44,190.44,189.42,189.94,342634,0
2017-12-05,16:00:00,190.01,191.11,189.47,189.92,106566,0
2017-12-05,17:00:00,190.09,191.44,189.05,191.43,189250,0
2017-12-05,18:00:00,191.24,191.71,189.05,189.44,88905,0
2017-12-05,19:00:00,189.38,189.56,188.54,188.54,46875,0
2017-12-05,20:00:00,188.49,188.97,188.29,188.32,58323,0
2017-12-05,21:00:00,188.31,188.73,187.87,188.19,81960,0
2017-12-05,22:00:00,188.16,188.36,186.7,186.85,323568,0
2017-12-06,16:00:00,187.01,190.03,186.37,189.37,86034,0
2017-12-06,17:00:00,189.6,190.86,189.52,190.24,120845,0
2017-12-06,18:00:00,190.24,190.24,189.09,189.33,94637,0
2017-12-06,19:00:00,189.4,190.1,189.14,189.75,59586,0
2017-12-06,20:00:00,189.65,190.1,189.43,189.69,60200,0
2017-12-06,21:00:00,189.74,189.99,189.56,189.74,127690,0
2017-12-06,22:00:00,189.74,190.12,189.48,189.75,350444,0
2017-12-07,16:00:00,190.12,192.88,188.98,192.3,79760,0
2017-12-07,17:00:00,192.34,192.39,191.61,191.88,83879,0
2017-12-07,18:00:00,191.87,192.66,191.54,192.12,70490,0
2017-12-07,19:00:00,192.11,192.62,191.87,192.09,36226,0
2017-12-07,20:00:00,192.19,192.39,191.55,191.6,30022,0
2017-12-07,21:00:00,191.71,192.02,191.09,191.47,51042,0
2017-12-07,22:00:00,191.39,192.03,191.18,191.41,197226,0
2017-12-08,16:00:00,192.1,192.28,191.1,191.69,45706,0
2017-12-08,17:00:00,192.02,192.26,191.15,192.23,45464,0
2017-12-08,18:00:00,192.42,192.9,191.9,192.14,39353,0
2017-12-08,19:00:00,192.11,192.6,191.54,192.33,38481,0
2017-12-08,20:00:00,192.31,193.49,192.27,192.37,64706,0
2017-12-08,21:00:00,192.32,192.67,191.7,192.03,59001,0
2017-12-08,22:00:00,192.03,192.51,191.81,192.01,169639,0
2017-12-11,16:00:00,191.65,193.53,189.52,192.56,38213,0
2017-12-11,17:00:00,192.44,192.74,191.75,192.04,46455,0
2017-12-11,18:00:00,192.06,192.74,191.29,191.29,56159,0
2017-12-11,19:00:00,191.32,191.86,191.18,191.45,27061,0
2017-12-11,20:00:00,191.42,191.57,190.97,190.97,25439,0
2017-12-11,21:00:00,191.03,191.27,190.42,190.63,29683,0
2017-12-11,22:00:00,190.66,190.86,190.28,190.62,172282,0
2017-12-12,16:00:00,190.75,191.7,190.5,191.7,39143,0
2017-12-12,17:00:00,191.75,191.95,190.06,191.44,55971,0
2017-12-12,18:00:00,191.47,191.8,190.68,191.16,31907,0
2017-12-12,19:00:00,191.16,191.75,191.15,191.3,24612,0
2017-12-12,20:00:00,191.36,191.71,191.08,191.11,26338,0
2017-12-12,21:00:00,191.05,191.39,190.65,191.02,27819,0
2017-12-12,22:00:00,190.93,191.09,189.87,189.91,157950,0
2017-12-13,16:00:00,190.41,190.8,190.13,190.33,31896,0
2017-12-13,17:00:00,190.39,191.72,190.33,191.01,55981,0
2017-12-13,18:00:00,191.13,192.15,190.46,192.04,39186,0
2017-12-13,19:00:00,192.02,192.12,190.9,191.13,50756,0
2017-12-13,20:00:00,191.05,191.44,190.32,191.4,44710,0
2017-12-13,21:00:00,191.46,192.31,191.33,191.52,76074,0
2017-12-13,22:00:00,191.61,191.8,190.52,190.61,193169,0
2017-12-14,16:00:00,191.34,192.86,190.84,192.38,29720,0
2017-12-14,17:00:00,192.56,192.95,191.2,191.87,63113,0
2017-12-14,18:00:00,191.86,192.4,191.4,191.65,40891,0
2017-12-14,19:00:00,191.63,191.95,190.18,190.44,35139,0
2017-12-14,20:00:00,190.33,190.84,190.04,190.11,37283,0
2017-12-14,21:00:00,190.22,190.61,189.39,189.63,48753,0
2017-12-14,22:00:00,189.55,189.86,188.51,188.61,195003,0
2017-12-15,16:00:00,190.21,191.04,190,190.84,153022,0
2017-12-15,17:00:00,190.85,190.98,189.71,189.79,77893,0
2017-12-15,18:00:00,189.95,191.09,189.74,190.47,80385,0
2017-12-15,19:00:00,190.51,190.99,190.33,190.77,38309,0
2017-12-15,20:00:00,190.96,191.15,190.55,190.84,41185,0
2017-12-15,21:00:00,190.92,191.15,190.49,191.12,51387,0
2017-12-15,22:00:00,191.14,191.29,189.8,190.09,393691,0
2017-12-18,16:00:00,192.46,193.62,191.86,193.53,58374,0
2017-12-18,17:00:00,193.43,193.43,192.16,192.25,55528,0
2017-12-18,18:00:00,192.19,192.48,191.61,192.35,62212,0
2017-12-18,19:00:00,192.38,192.94,192.21,192.31,30975,0
2017-12-18,20:00:00,192.3,192.48,191.93,192.47,50736,0
2017-12-18,21:00:00,192.48,192.97,192.21,192.83,50247,0
2017-12-18,22:00:00,192.91,192.92,191.7,191.98,168702,0
2017-12-19,16:00:00,192.24,193.47,192,192,52651,0
2017-12-19,17:00:00,192.05,192.21,190.98,191.02,109459,0
2017-12-19,18:00:00,191.06,192.5,191.01,192.05,54232,0
2017-12-19,19:00:00,192,192.46,191.95,192.38,66729,0
2017-12-19,20:00:00,192.44,193.54,192.42,193.46,140151,0
2017-12-19,21:00:00,193.47,193.52,192.54,192.71,43062,0
2017-12-19,22:00:00,192.67,193.55,192.47,192.98,158610,0
2017-12-20,16:00:00,194.53,194.72,193.45,194.01,47139,0
2017-12-20,17:00:00,193.92,194.01,192.49,192.9,49301,0
2017-12-20,18:00:00,192.93,193.64,192.84,192.93,51848,0
2017-12-20,19:00:00,192.97,193.12,192.6,192.87,42295,0
2017-12-20,20:00:00,192.87,193.53,192.75,193.11,38926,0
2017-12-20,21:00:00,193.06,193.14,192.61,193,37812,0
2017-12-20,22:00:00,192.9,193.25,191.94,192.22,178954,0
2017-12-21,16:00:00,193.26,193.78,192.16,192.36,40865,0
2017-12-21,17:00:00,192.57,192.69,191.68,192.31,39302,0
2017-12-21,18:00:00,192.36,193.16,192.28,192.96,33984,0
2017-12-21,19:00:00,192.96,193.38,192.58,193.38,18659,0
2017-12-21,20:00:00,193.31,193.75,192.98,193.55,49356,0
2017-12-21,21:00:00,193.6,193.94,193.54,193.82,37362,0
2017-12-21,22:00:00,193.85,194.03,193.19,193.28,140898,0
2017-12-22,16:00:00,192.81,193.58,192.28,192.64,46376,0
2017-12-22,17:00:00,192.57,193.12,192.13,192.3,42234,0
2017-12-22,18:00:00,192.31,193.28,192.14,192.47,29596,0
2017-12-22,19:00:00,192.45,193,192.43,192.66,27103,0
2017-12-22,20:00:00,192.69,193.23,192.32,193.1,34087,0
2017-12-22,21:00:00,193.09,193.72,193.09,193.53,32329,0
2017-12-22,22:00:00,193.57,193.81,193.37,193.71,140512,0
2017-12-26,16:00:00,193.71,194.65,193.4,194.35,28940,0
2017-12-26,17:00:00,194.34,194.73,193.42,193.56,29103,0
2017-12-26,18:00:00,193.49,194.15,193.49,193.67,20175,0
2017-12-26,19:00:00,193.62,194.26,193.62,193.99,22664,0
2017-12-26,20:00:00,194.05,194.24,193.75,193.75,20451,0
2017-12-26,21:00:00,193.87,194.26,193.64,193.93,24444,0
2017-12-26,22:00:00,193.86,194.08,193.46,193.67,81729,0
2017-12-27,16:00:00,194.14,194.81,193.78,194.39,32225,0
2017-12-27,17:00:00,194.33,195.33,193.94,195.33,48332,0
2017-12-27,18:00:00,195.35,195.76,195.17,195.3,33692,0
2017-12-27,19:00:00,195.25,195.67,194.98,195.08,23051,0
2017-12-27,20:00:00,195.07,195.22,194.69,195.15,26018,0
2017-12-27,21:00:00,195.02,195.3,194.87,195.03,29700,0
2017-12-27,22:00:00,195,195.25,194.77,195.12,108582,0
2017-12-28,16:00:00,195.87,195.91,194.82,195.37,36533,0
2017-12-28,17:00:00,195.38,196.3,195.27,196.26,52628,0
2017-12-28,18:00:00,196.23,196.84,196.02,196.71,48128,0
2017-12-28,19:00:00,196.67,196.78,196.46,196.75,44706,0
2017-12-28,20:00:00,196.71,196.77,196,196.36,59414,0
2017-12-28,21:00:00,196.43,196.8,196.23,196.23,50248,0
2017-12-28,22:00:00,196.15,196.74,196.15,196.66,130373,0
2017-12-29,16:00:00,197.22,197.68,196.11,196.46,35475,0
2017-12-29,17:00:00,196.36,197.13,196.11,196.81,35247,0
2017-12-29,18:00:00,196.95,197.68,196.81,197.35,35820,0
2017-12-29,19:00:00,197.36,197.47,197.01,197.03,23104,0
2017-12-29,20:00:00,197.03,197.51,196.96,197,26714,0
2017-12-29,21:00:00,196.99,197.48,196.55,196.88,36059,0
2017-12-29,22:00:00,196.75,197.28,195.45,195.48,209494,0
2018-01-02,16:00:00,196.93,197.62,195.59,195.99,46066,0
2018-01-02,17:00:00,196.12,196.41,194.71,194.97,46826,0
2018-01-02,18:00:00,194.97,195.31,194.36,195.27,54697,0
2018-01-02,19:00:00,195.36,196.13,194.95,195.3,55671,0
2018-01-02,20:00:00,195.43,196.08,195.25,195.97,28234,0
2018-01-02,21:00:00,196,196.31,195.83,196.24,32198,0
2018-01-02,22:00:00,196.2,196.79,195.76,196.79,181157,0
2018-01-03,16:00:00,196.17,197.05,196.17,197.05,56074,0
2018-01-03,17:00:00,196.96,198.23,196.88,198.13,161261,0
2018-01-03,18:00:00,198.14,198.38,197.06,198.08,110943,0
2018-01-03,19:00:00,198.08,198.92,198.08,198.79,50732,0
2018-01-03,20:00:00,198.84,198.86,198.25,198.47,27987,0
2018-01-03,21:00:00,198.47,199.82,198.47,199.79,51518,0
2018-01-03,22:00:00,199.71,199.83,199.2,199.66,215412,0
2018-01-04,16:00:00,200.74,202.19,200.41,201.5,23504,0
2018-01-04,17:00:00,201.41,201.44,199.89,200.09,87603,0
2018-01-04,18:00:00,200.11,200.3,198.35,199.03,52190,0
2018-01-04,19:00:00,199.03,199.16,198.46,198.81,126150,0
2018-01-04,20:00:00,198.79,198.99,198.42,198.75,19771,0
2018-01-04,21:00:00,198.71,199.16,198.44,199.05,65794,0
2018-01-04,22:00:00,199.05,199.07,198.4,198.78,199927,0
2018-01-05,16:00:00,199.62,199.62,198.39,198.95,26277,0
2018-01-05,17:00:00,198.96,199.03,197.88,198.66,53149,0
2018-01-05,18:00:00,198.73,199.17,198.56,198.9,46445,0
2018-01-05,19:00:00,198.87,199.16,198.72,198.89,30427,0
2018-01-05,20:00:00,198.91,198.97,198.76,198.92,21791,0
2018-01-05,21:00:00,198.92,199.17,198.66,198.7,65839,0
2018-01-05,22:00:00,198.69,199.12,198.52,199.09,247472,0
2018-01-08,16:00:00,199.09,199.65,198.16,199.65,32414,0
2018-01-08,17:00:00,199.4,201.06,199.32,200.95,71795,0
2018-01-08,18:00:00,200.91,201.49,200.72,200.97,54987,0
2018-01-08,19:00:00,200.97,201.45,200.83,201.12,55387,0
2018-01-08,20:00:00,201.12,201.45,200.69,200.81,48965,0
2018-01-08,21:00:00,200.83,201.02,200.43,201.02,48621,0
2018-01-08,22:00:00,201.02,201.2,200.65,201.12,244335,0
2018-01-09,16:00:00,201.79,202.07,200.92,200.92,17736,0
2018-01-09,17:00:00,201.07,201.46,200.64,200.84,31003,0
2018-01-09,18:00:00,200.91,201.91,200.79,201.78,47892,0
2018-01-09,19:00:00,201.71,202.51,201.57,202.3,25631,0
2018-01-09,20:00:00,202.35,202.81,202.29,202.76,37089,0
2018-01-09,21:00:00,202.79,202.92,202.66,202.82,43105,0
2018-01-09,22:00:00,202.82,202.82,201.76,201.85,167857,0
2018-01-10,16:00:00,201.84,201.84,200.11,201.79,32384,0
2018-01-10,17:00:00,201.79,201.88,200.13,200.61,52028,0
2018-01-10,18:00:00,200.61,201.91,200.53,201.82,44709,0
2018-01-10,19:00:00,201.78,202.44,201.68,202.09,30691,0
2018-01-10,20:00:00,202.05,202.58,202.03,202.47,26644,0
2018-01-10,21:00:00,202.42,202.46,201.49,201.51,49082,0
2018-01-10,22:00:00,201.51,201.7,200.81,201.24,176174,0
2018-01-11,16:00:00,201.91,202.72,201.87,202.48,19809,0
2018-01-11,17:00:00,202.55,203.7,202.55,203.7,39693,0
2018-01-11,18:00:00,203.81,204.33,203.66,204.3,45433,0
2018-01-11,19:00:00,204.27,204.49,204.18,204.38,39630,0
2018-01-11,20:00:00,204.39,204.54,204.29,204.49,39516,0
2018-01-11,21:00:00,204.49,204.79,204.43,204.5,58574,0
2018-01-11,22:00:00,204.54,205.23,204.53,205.23,126195,0
2018-01-12,16:00:00,205.27,205.77,204.8,205.48,58492,0
2018-01-12,17:00:00,205.58,207.01,205.49,206.73,38023,0
2018-01-12,18:00:00,206.71,207.26,206.63,206.86,42996,0
2018-01-12,19:00:00,206.86,207.29,206.71,207.28,39598,0
2018-01-12,20:00:00,207.33,207.36,206.71,206.86,64727,0
2018-01-12,21:00:00,206.85,207.08,206.34,206.51,78255,0
2018-01-12,22:00:00,206.42,207.15,206.2,207,181698,0
2018-01-16,16:00:00,207.18,208.45,207.1,207.71,70172,0
2018-01-16,17:00:00,207.75,207.81,205.85,205.85,60600,0
2018-01-16,18:00:00,205.87,206.16,205.15,205.47,113442,0
2018-01-16,19:00:00,205.45,205.59,204.59,205.16,86230,0
2018-01-16,20:00:00,205.12,205.31,204.7,204.74,40234,0
2018-01-16,21:00:00,204.74,204.78,202.22,203.09,55806,0
2018-01-16,22:00:00,202.97,204.41,202.97,204.11,152389,0
2018-01-17,16:00:00,205.48,205.48,204.74,204.93,42379,0
2018-01-17,17:00:00,204.84,205.53,204.41,205.32,53754,0
2018-01-17,18:00:00,205.24,206.54,205.24,206.36,39987,0
2018-01-17,19:00:00,206.31,206.95,206.17,206.43,80953,0
2018-01-17,20:00:00,206.4,206.57,206.11,206.18,31863,0
2018-01-17,21:00:00,206.22,206.42,206.15,206.4,45841,0
2018-01-17,22:00:00,206.4,206.56,205.07,205.65,322812,0
2018-01-18,16:00:00,206.19,206.82,205.71,206.07,45484,0
2018-01-18,17:00:00,205.97,206.29,205.35,205.42,92172,0
2018-01-18,18:00:00,205.47,205.59,203.8,204.02,48528,0
2018-01-18,19:00:00,204.09,204.47,203.36,203.95,75453,0
2018-01-18,20:00:00,204.05,204.34,203.85,204.34,29377,0
2018-01-18,21:00:00,204.35,205.09,204.3,204.51,57923,0
2018-01-18,22:00:00,204.51,204.73,203.73,204.14,189055,0
2018-01-19,16:00:00,204.28,206.21,204.28,204.46,85135,0
2018-01-19,17:00:00,204.43,204.7,203.63,203.81,85107,0
2018-01-19,18:00:00,203.87,204.2,203.41,203.61,76498,0
2018-01-19,19:00:00,203.65,203.95,203.22,203.49,56458,0
2018-01-19,20:00:00,203.49,203.66,202.77,202.83,55580,0
2018-01-19,21:00:00,202.84,203.38,202.82,202.93,67438,0
2018-01-19,22:00:00,202.92,203.22,202.46,202.61,305839,0
2018-01-22,16:00:00,203.1,203.5,202.18,202.45,54109,0
2018-01-22,17:00:00,202.35,202.5,201.52,201.52,123140,0
2018-01-22,18:00:00,201.52,202.41,201.36,202.36,97413,0
2018-01-22,19:00:00,202.47,203.19,202.35,202.64,57873,0
2018-01-22,20:00:00,202.63,202.89,202.37,202.51,47622,0
2018-01-22,21:00:00,202.51,202.6,202.2,202.47,50968,0
2018-01-22,22:00:00,202.47,203.03,202.24,203.03,291264,0
2018-01-23,16:00:00,203.1,204.78,202.5,204.45,46703,0
2018-01-23,17:00:00,204.46,204.59,202.28,204.3,123761,0
2018-01-23,18:00:00,204.31,206.59,204.21,205.08,120784,0
2018-01-23,19:00:00,205.06,205.84,204.92,205.39,77575,0
2018-01-23,20:00:00,205.39,205.39,204.93,205.2,57247,0
2018-01-23,21:00:00,205.21,205.25,204.34,205.02,85138,0
2018-01-23,22:00:00,205.04,205.1,203.6,203.78,275859,0
2018-01-24,16:00:00,205.94,205.94,198.46,200.94,155011,0
2018-01-24,17:00:00,200.72,202.45,199.98,200.31,201037,0
2018-01-24,18:00:00,200.37,201.05,199.93,200.11,120922,0
2018-01-24,19:00:00,200,200.18,198.41,199.2,118396,0
2018-01-24,20:00:00,199.2,199.57,197.89,198.38,111862,0
2018-01-24,21:00:00,198.47,200.13,198.39,200.1,117207,0
2018-01-24,22:00:00,200.06,200.36,199.18,199.58,345848,0
2018-01-25,16:00:00,200.21,201.42,197.26,197.68,75940,0
2018-01-25,17:00:00,197.68,198.65,197.33,198.58,110557,0
2018-01-25,18:00:00,198.58,199.96,198.24,199.92,113622,0
2018-01-25,19:00:00,199.92,199.98,198.87,199.4,74498,0
2018-01-25,20:00:00,199.39,199.47,198.18,198.38,57794,0
2018-01-25,21:00:00,198.3,198.43,197.22,197.35,75751,0
2018-01-25,22:00:00,197.37,198.97,197.13,198.83,291577,0
2018-01-26,16:00:00,198.86,199.53,198.74,199.45,86608,0
2018-01-26,17:00:00,199.53,200.34,199.34,200.12,74939,0
2018-01-26,18:00:00,200.15,201.65,199.98,201.57,76445,0
2018-01-26,19:00:00,201.54,202.29,201.5,202.04,75219,0
2018-01-26,20:00:00,202.09,202.34,201.84,201.84,33520,0
2018-01-26,21:00:00,201.88,202.21,201.87,201.92,49194,0
2018-01-26,22:00:00,201.9,202.11,201.58,202.11,188296,0
2018-01-29,16:00:00,201.17,203.06,200.96,202.22,54416,0
2018-01-29,17:00:00,202.32,202.7,199.77,199.97,110904,0
2018-01-29,18:00:00,199.95,200.22,199.23,199.35,77003,0
2018-01-29,19:00:00,199.19,199.34,198.37,199.22,68085,0
2018-01-29,20:00:00,199.12,199.52,198.93,199.13,26081,0
2018-01-29,21:00:00,199.2,199.48,198.87,199.23,36058,0
2018-01-29,22:00:00,199.23,199.36,198.62,198.9,132909,0
2018-01-30,16:00:00,197.78,198.27,197.13,197.6,28246,0
2018-01-30,17:00:00,197.6,198.76,196.74,198.48,58596,0
2018-01-30,18:00:00,198.55,198.74,197.93,198.26,47328,0
2018-01-30,19:00:00,198.29,198.64,198.14,198.45,40642,0
2018-01-30,20:00:00,198.44,199.59,198.29,199.22,45819,0
2018-01-30,21:00:00,199.22,200.04,198.66,198.87,64641,0
2018-01-30,22:00:00,198.79,199.84,198.65,198.9,154760,0
2018-01-31,16:00:00,200.03,200.12,197.23,197.23,43425,0
2018-01-31,17:00:00,197.22,197.99,196,196.47,87547,0
2018-01-31,18:00:00,196.5,197.16,196.07,196.1,60874,0
2018-01-31,19:00:00,196.1,196.34,195.92,195.97,49836,0
2018-01-31,20:00:00,195.96,196.53,195.61,196.12,40646,0
2018-01-31,21:00:00,196.13,196.47,195.51,196.47,90770,0
2018-01-31,22:00:00,196.43,197.28,195.81,196.42,278610,0
2018-02-01,16:00:00,196.24,197.29,195.6,197.02,47460,0
2018-02-01,17:00:00,197.15,198.4,196.54,198.33,91678,0
2018-02-01,18:00:00,198.42,200.65,198.34,200.55,80421,0
2018-02-01,19:00:00,200.58,200.92,199.86,199.95,93503,0
2018-02-01,20:00:00,199.93,199.93,198.25,198.38,64381,0
2018-02-01,21:00:00,198.49,199.81,198.07,199.7,83555,0
2018-02-01,22:00:00,199.69,199.76,197.39,198.31,305846,0
2018-02-02,16:00:00,196.7,196.7,195.21,196.03,44579,0
2018-02-02,17:00:00,196.03,196.68,194.84,196.09,156165,0
2018-02-02,18:00:00,195.81,196.08,192.98,192.98,121948,0
2018-02-02,19:00:00,193.03,193.88,192.16,193.51,80318,0
2018-02-02,20:00:00,193.54,193.79,192.84,193.57,158543,0
2018-02-02,21:00:00,193.43,193.99,192.81,193.44,109085,0
2018-02-02,22:00:00,193.42,194.43,193.09,193.16,201305,0
2018-02-05,16:00:00,191.76,193.16,191.49,192.33,45919,0
2018-02-05,17:00:00,192.33,193.62,191.93,193.02,79319,0
2018-02-05,18:00:00,193.18,193.18,191.53,192.05,98637,0
2018-02-05,19:00:00,192.06,192.15,191.04,191.04,85457,0
2018-02-05,20:00:00,190.98,190.99,188.66,190.79,109947,0
2018-02-05,21:00:00,190.93,191.08,187.55,187.78,135571,0
2018-02-05,22:00:00,187.67,188.4,183.74,183.74,429804,0
2018-02-06,16:00:00,177.49,187.02,175.92,186.04,193091,0
2018-02-06,17:00:00,186.04,188.07,184.46,185.62,254659,0
2018-02-06,18:00:00,185.65,186.5,184.39,184.79,184796,0
2018-02-06,19:00:00,184.99,187.05,184.68,185.78,80813,0
2018-02-06,20:00:00,185.88,187.1,184.51,184.67,98210,0
2018-02-06,21:00:00,184.77,187.15,182.79,186.95,153084,0
2018-02-06,22:00:00,187.3,189.15,186.29,187.74,307616,0
2018-02-07,16:00:00,187.16,189.96,186.41,189.58,58841,0
2018-02-07,17:00:00,189.52,190.18,187.89,190.08,98487,0
2018-02-07,18:00:00,190,190.5,189.13,189.9,49037,0
2018-02-07,19:00:00,190.02,190.36,188.98,189.13,71725,0
2018-02-07,20:00:00,189.28,189.61,187.7,189.15,73662,0
2018-02-07,21:00:00,189.12,189.78,187.68,188.96,75183,0
2018-02-07,22:00:00,189.02,190.78,187.85,187.94,311419,0
2018-02-08,16:00:00,187.57,187.98,184.78,186.34,46498,0
2018-02-08,17:00:00,186.37,186.37,183.51,184.04,92841,0
2018-02-08,18:00:00,183.99,184.57,182.21,184.02,146013,0
2018-02-08,19:00:00,183.85,184.03,181.97,182.79,90361,0
2018-02-08,20:00:00,182.81,184.25,182.2,184.24,68095,0
2018-02-08,21:00:00,184.03,184.21,182.06,182.43,93075,0
2018-02-08,22:00:00,182.6,183.27,177.77,177.94,383006,0
2018-02-09,16:00:00,180.38,181.41,179.4,180.2,114214,0
2018-02-09,17:00:00,180.36,181.46,177.75,179.24,221817,0
2018-02-09,18:00:00,179.22,180.74,178.92,179,101730,0
2018-02-09,19:00:00,179.08,179.28,177.06,179.19,92083,0
2018-02-09,20:00:00,178.97,181.05,177.18,180.41,161368,0
2018-02-09,21:00:00,180.37,183.31,180.28,180.8,164763,0
2018-02-09,22:00:00,180.65,184.05,179.33,182.23,220752,0
2018-02-12,16:00:00,185.28,185.53,183.64,183.75,54718,0
2018-02-12,17:00:00,183.85,184.72,182.84,184.54,82860,0
2018-02-12,18:00:00,184.52,186.01,183.88,185.97,62053,0
2018-02-12,19:00:00,185.91,186.16,185.28,185.6,46841,0
2018-02-12,20:00:00,185.65,186.82,185.28,186.55,57285,0
2018-02-12,21:00:00,186.63,187.19,185.9,186.12,71954,0
2018-02-12,22:00:00,186.12,187.25,185.05,185.48,221611,0
2018-02-13,16:00:00,183.17,184.6,181.98,182.28,120369,0
2018-02-13,17:00:00,182.36,183.64,181.44,182.53,153627,0
2018-02-13,18:00:00,182.42,182.5,181.24,182.39,123915,0
2018-02-13,19:00:00,182.21,182.3,181.22,181.46,77470,0
2018-02-13,20:00:00,181.46,182.75,181.23,182.66,74957,0
2018-02-13,21:00:00,182.64,183.26,182.6,183.2,92285,0
2018-02-13,22:00:00,183.18,184.02,182.76,183.62,269093,0
2018-02-14,16:00:00,182.63,185.35,182.63,184.69,53654,0
2018-02-14,17:00:00,184.69,185.97,183.87,185.01,127375,0
2018-02-14,18:00:00,185.02,185.56,184.38,184.82,55402,0
2018-02-14,19:00:00,184.84,185.63,184.71,185.39,52888,0
2018-02-14,20:00:00,185.4,186.94,185.4,186.69,88570,0
2018-02-14,21:00:00,186.71,187.14,185.81,186.18,59871,0
2018-02-14,22:00:00,186.31,186.91,186.04,186.26,195691,0
2018-02-15,16:00:00,187.86,188.05,186.52,186.77,53956,0
2018-02-15,17:00:00,186.94,187.72,185.98,185.98,116129,0
2018-02-15,18:00:00,185.68,186.7,184.79,184.86,97323,0
2018-02-15,19:00:00,184.87,185.87,184.55,185.87,81399,0
2018-02-15,20:00:00,185.97,186.48,185.7,186.4,53171,0
2018-02-15,21:00:00,186.38,186.79,186.08,186.77,110231,0
2018-02-15,22:00:00,186.86,187.04,186.2,186.75,286030,0
2018-02-16,16:00:00,186.25,188,186.25,186.89,47411,0
2018-02-16,17:00:00,186.7918,187.23,185.99,186.7648,82980,0
2018-02-16,18:00:00,186.75,187.4425,186.69,187.22,58556,0
2018-02-16,19:00:00,187.27,188.6,186.46,186.98,43642,0
2018-02-16,20:00:00,187.12,187.64,185.98,186.46,59631,0
2018-02-16,21:00:00,186.27,186.74,185.4545,186.065,96324,0
2018-02-16,22:00:00,186.065,186.62,185.56,185.56,276682,0
2018-02-20,16:00:00,184.01,186.11,184.01,184.94,34395,0
2018-02-20,17:00:00,184.89,185.1,183.05,183.33,112025,0
2018-02-20,18:00:00,183.39,185.09,183.29,184.9,48796,0
2018-02-20,19:00:00,185.15,185.305,184.67,185.195,31675,0
2018-02-20,20:00:00,185.115,185.7,184.8681,185.54,34638,0
2018-02-20,21:00:00,185.57,185.61,184.52,184.695,31918,0
2018-02-20,22:00:00,184.7,185.06,183.78,184.67,210565,0
2018-02-21,16:00:00,184.58,186.26,184.58,185.5024,34185,0
2018-02-21,17:00:00,185.53,187.5198,185.41,187.41,84241,0
2018-02-21,18:00:00,187.52,187.67,186.68,186.83,51165,0
2018-02-21,19:00:00,186.87,187.06,186.45,186.6,34292,0
2018-02-21,20:00:00,186.45,186.6,185.73,186.36,43337,0
2018-02-21,21:00:00,186.37,187.39,185.99,186.55,46645,0
2018-02-21,22:00:00,186.27,186.28,183.81,183.95,187881,0
2018-02-22,16:00:00,184.71,186.085,183.715,183.92,47131,0
2018-02-22,17:00:00,184.16,186.2,184.045,185.97,61697,0
2018-02-22,18:00:00,185.82,187.57,185.6893,187.09,84000,0
2018-02-22,19:00:00,187.24,187.46,186.17,186.389,61492,0
2018-02-22,20:00:00,186.39,186.56,185.37,185.54,62133,0
2018-02-22,21:00:00,185.8353,186.33,185.2,185.26,40561,0
2018-02-22,22:00:00,185.26,185.61,184.77,185.29,150681,0
2018-02-23,16:00:00,186.7,186.7,184.25,184.93,52746,0
2018-02-23,17:00:00,184.875,185,184.25,184.45,43185,0
2018-02-23,18:00:00,184.52,184.9,183.92,184.38,42592,0
2018-02-23,19:00:00,184.45,184.5,183.39,183.42,38390,0
2018-02-23,20:00:00,183.5114,184.06,183.29,183.745,54249,0
2018-02-23,21:00:00,183.79,184.14,183.46,184.04,50183,0
2018-02-23,22:00:00,184.06,185.51,184,185.47,179279,0
2018-02-26,16:00:00,186.39,186.78,185.48,186.0002,53116,0
2018-02-26,17:00:00,185.92,186.15,185.28,185.81,71711,0
2018-02-26,18:00:00,185.78,186.76,185.66,186.3,90824,0
2018-02-26,19:00:00,186.3347,187.94,186.3,187.94,47406,0
2018-02-26,20:00:00,187.94,188.25,187.67,188.21,55016,0
2018-02-26,21:00:00,188.16,188.185,187.594,188.15,50795,0
2018-02-26,22:00:00,188.12,188.695,187.96,188.37,320330,0
2018-02-27,16:00:00,188.32,188.77,187.64,188.32,46645,0
2018-02-27,17:00:00,188.13,188.77,186.15,186.93,66973,0
2018-02-27,18:00:00,186.77,188.22,186.51,186.575,110509,0
2018-02-27,19:00:00,186.58,187.975,186.53,187.875,44835,0
2018-02-27,20:00:00,187.97,187.97,186.73,186.79,41352,0
2018-02-27,21:00:00,186.88,187.01,186.19,186.49,56061,0
2018-02-27,22:00:00,186.4,186.62,184.52,184.6,214015,0
2018-02-28,16:00:00,185.82,185.82,184.14,184.79,93061,0
2018-02-28,17:00:00,184.705,185.575,183.49,183.71,117236,0
2018-02-28,18:00:00,183.76,184.0064,182.6,183.34,100679,0
2018-02-28,19:00:00,183.44,184.5,183.39,184.05,51440,0
2018-02-28,20:00:00,183.97,184.711,183.7225,184.66,35211,0
2018-02-28,21:00:00,184.695,185.11,183.23,183.24,52446,0
2018-02-28,22:00:00,183.38,183.38,180.74,180.8,279778,0
2018-03-01,16:00:00,180.55,180.91,178.72,179.17,65320,0
2018-03-01,17:00:00,179.19,181.46,178.87,179.8,89056,0
2018-03-01,18:00:00,179.97,180.78,179.44,179.895,68620,0
2018-03-01,19:00:00,179.83,179.93,178.32,178.57,81526,0
2018-03-01,20:00:00,178.46,178.52,176.081,176.18,149799,0
2018-03-01,21:00:00,176.24,176.58,175.33,176.2,118297,0
2018-03-01,22:00:00,176.245,177.8,175.82,176.17,386622,0
2018-03-02,16:00:00,175.26,176.065,172.715,173.28,98866,0
2018-03-02,17:00:00,173.415,175.29,172.99,174.54,142021,0
2018-03-02,18:00:00,174.42,176.23,174.27,176.23,108789,0
2018-03-02,19:00:00,176.195,178.35,176.09,177.86,152985,0
2018-03-02,20:00:00,177.86,177.91,176.76,177.53,76203,0
2018-03-02,21:00:00,177.62,178.52,177.41,178.07,86924,0
2018-03-02,22:00:00,178.01,179.21,177.4845,178.62,271438,0
2018-03-05,16:00:00,177.29,178.32,176.79,177.51,34767,0
2018-03-05,17:00:00,177.52,179.5,176.915,179.2,79872,0
2018-03-05,18:00:00,179.37,180.33,179,179.79,108088,0
2018-03-05,19:00:00,179.8188,180.7,179.66,180.07,43741,0
2018-03-05,20:00:00,180.1,180.709,179.8,180.03,26750,0
2018-03-05,21:00:00,180.165,180.6607,179.49,180.387,70991,0
2018-03-05,22:00:00,180.34,181.44,180.27,181.11,241005,0
2018-03-06,16:00:00,182.46,183.445,181.52,181.68,54790,0
2018-03-06,17:00:00,181.7,182.12,180.83,180.91,81844,0
2018-03-06,18:00:00,180.92,181.32,180.11,181.075,66220,0
2018-03-06,19:00:00,180.99,181.75,180.75,181.75,55028,0
2018-03-06,20:00:00,181.71,182.06,181.41,181.555,61578,0
2018-03-06,21:00:00,181.555,181.66,180.76,181.43,47473,0
2018-03-06,22:00:00,181.31,181.6,180.97,181.5,191176,0
2018-03-07,16:00:00,179.34,181.3,178.371,180.715,37398,0
2018-03-07,17:00:00,180.57,182.25,180.57,181.61,47210,0
2018-03-07,18:00:00,181.44,181.64,180.3,180.44,34553,0
2018-03-07,19:00:00,180.385,180.72,180,180.72,32520,0
2018-03-07,20:00:00,180.59,181.055,179.9868,180.68,34717,0
2018-03-07,21:00:00,180.69,181.68,180.51,181.66,57734,0
2018-03-07,22:00:00,181.75,183.12,181.69,182.1,387685,0
2018-03-08,16:00:00,182.76,183.29,182.18,182.34,31138,0
2018-03-08,17:00:00,182.33,182.55,181.16,181.17,59321,0
2018-03-08,18:00:00,181.26,182.31,181.1117,182.07,64471,0
2018-03-08,19:00:00,181.95,182.78,181.84,182.62,82958,0
2018-03-08,20:00:00,182.62,182.94,182.23,182.59,50685,0
2018-03-08,21:00:00,182.67,183.16,182.18,183.04,59878,0
2018-03-08,22:00:00,183.07,184.25,183.03,183.85,236310,0
2018-03-09,16:00:00,185.21,186.28,184.69,185.715,49605,0
2018-03-09,17:00:00,185.86,188.41,185.86,188.36,83179,0
2018-03-09,18:00:00,188.29,189.12,187.715,188.2099,103770,0
2018-03-09,19:00:00,188.21,188.94,188.21,188.39,44938,0
2018-03-09,20:00:00,188.35,188.91,188.26,188.66,34138,0
2018-03-09,21:00:00,188.78,188.81,188.22,188.67,42596,0
2018-03-09,22:00:00,188.62,189.1899,188.5369,189.13,188280,0
2018-03-12,15:00:00,189,189.3,187.71,187.85,34185,0
2018-03-12,16:00:00,187.93,188.53,187.25,187.47,127653,0
2018-03-12,17:00:00,187.36,187.65,186.63,187.02,71867,0
2018-03-12,18:00:00,187.19,187.54,186.97,187.22,40495,0
2018-03-12,19:00:00,187.215,187.7,187.14,187.4,34931,0
2018-03-12,20:00:00,187.401,187.51,186.58,186.85,54915,0
2018-03-12,21:00:00,186.91,188.46,186.875,187.9,205605,0
2018-03-13,15:00:00,188.59,189.0453,187.53,188.34,26751,0
2018-03-13,16:00:00,188.3754,188.78,187.82,187.86,54013,0
2018-03-13,17:00:00,187.7207,187.7207,186.67,186.98,82020,0
2018-03-13,18:00:00,186.97,186.97,186.035,186.9484,66002,0
2018-03-13,19:00:00,186.88,187.13,185.98,185.98,46145,0
2018-03-13,20:00:00,185.99,186.315,185.01,185.36,67427,0
2018-03-13,21:00:00,185.4,185.54,184.835,185.42,261908,0
2018-03-14,15:00:00,186.77,187.05,184.11,184.195,26998,0
2018-03-14,16:00:00,184.33,184.91,183.871,184.55,55384,0
2018-03-14,17:00:00,184.59,184.76,183.941,184.2,106676,0
2018-03-14,18:00:00,184.22,184.92,183.65,184.46,39310,0
2018-03-14,19:00:00,184.455,185.03,183.96,184.9,38907,0
2018-03-14,20:00:00,184.86,184.89,183.15,183.805,47005,0
2018-03-14,21:00:00,183.78,183.89,183.06,183.41,183346,0
2018-03-15,15:00:00,183.78,184.11,181.931,182.4,34208,0
2018-03-15,16:00:00,182.4,182.76,181.4,182.33,94858,0
2018-03-15,17:00:00,182.335,183.09,182.335,182.96,59338,0
2018-03-15,18:00:00,182.957,183.06,182.18,182.26,53115,0
2018-03-15,19:00:00,182.3,182.395,181.48,181.48,47425,0
2018-03-15,20:00:00,181.46,182.5,181.3159,181.77,75598,0
2018-03-15,21:00:00,181.795,182.01,181.001,181.76,249841,0
2018-03-16,15:00:00,181.74,182.02,181.03,181.955,94531,0
2018-03-16,16:00:00,182.06,183.26,181.9,183.26,47204,0
2018-03-16,17:00:00,183.24,184.38,183.14,184.155,79398,0
2018-03-16,18:00:00,184.11,184.51,183.76,184.41,56326,0
2018-03-16,19:00:00,184.41,184.58,183.57,183.57,40027,0
2018-03-16,20:00:00,183.67,184.21,183.67,184.19,53761,0
2018-03-16,21:00:00,184.13,184.37,183.51,183.98,686495,0
2018-03-19,15:00:00,183.46,183.82,182.21,182.755,39908,0
2018-03-19,16:00:00,182.67,182.8,181.43,181.53,42516,0
2018-03-19,17:00:00,181.47,181.5,180.61,181.32,55727,0
2018-03-19,18:00:00,181.37,181.57,181.1,181.47,35437,0
2018-03-19,19:00:00,181.5388,181.96,180.975,181.6282,51055,0
2018-03-19,20:00:00,181.62,181.83,180.6041,181.3,37801,0
2018-03-19,21:00:00,181.335,182.42,181.02,182.01,118632,0
2018-03-20,15:00:00,182.96,184.59,182.185,184.105,31402,0
2018-03-20,16:00:00,184,184.34,183.54,183.7,37439,0
2018-03-20,17:00:00,183.79,183.94,182.78,183.32,30420,0
2018-03-20,18:00:00,183.26,183.62,182.94,183.06,33229,0
2018-03-20,19:00:00,182.99,183.08,182.37,182.38,27920,0
2018-03-20,20:00:00,182.36,183.11,182.14,182.58,60845,0
2018-03-20,21:00:00,182.68,182.95,182.09,182.26,131828,0
2018-03-21,15:00:00,182.38,183.04,181.1601,182.5,20922,0
2018-03-21,16:00:00,182.39,182.55,181.84,182.09,34200,0
2018-03-21,17:00:00,182.17,183.72,182.07,183.72,31380,0
2018-03-21,18:00:00,183.57,183.79,183.4201,183.73,31986,0
2018-03-21,19:00:00,183.74,183.74,182.73,182.95,26012,0
2018-03-21,20:00:00,183,183.85,181.73,182.175,77180,0
2018-03-21,21:00:00,182.15,183.5,181.37,181.38,170384,0
2018-03-22,15:00:00,179.06,180.51,177.57,179.82,54239,0
2018-03-22,16:00:00,179.79,181.26,179.41,179.63,87984,0
2018-03-22,17:00:00,179.68,179.96,178.32,178.54,46802,0
2018-03-22,18:00:00,178.51,180.08,178.21,179.62,64324,0
2018-03-22,19:00:00,179.38,180.55,179.11,179.86,94650,0
2018-03-22,20:00:00,179.89,180.02,178.405,178.63,38873,0
2018-03-22,21:00:00,178.6,179.05,175.79,175.96,243146,0
2018-03-23,15:00:00,176.4,176.92,173.8,175.63,55806,0
2018-03-23,16:00:00,175.67,176.23,174.835,175.295,82804,0
2018-03-23,17:00:00,175.47,175.82,173.47,173.47,93384,0
2018-03-23,18:00:00,173.38,173.8778,172.31,172.4,138120,0
2018-03-23,19:00:00,172.37,174.43,172.32,174.235,67570,0
2018-03-23,20:00:00,174.34,174.4375,171.55,171.76,84972,0
2018-03-23,21:00:00,171.59,172.14,170.63,171.01,326337,0
2018-03-26,16:00:00,173.76,174.97,173.05,173.39,73578,0
2018-03-26,17:00:00,173.39,174.24,173.28,173.9103,186997,0
2018-03-26,18:00:00,173.88,174.88,172.74,174.48,76170,0
2018-03-26,19:00:00,174.48,175.52,174.1,174.79,109395,0
2018-03-26,20:00:00,174.8,175.82,174.8,175.82,66381,0
2018-03-26,21:00:00,175.85,177.4471,175.85,177.1,79996,0
2018-03-26,22:00:00,177.08,178.14,176.79,177.05,314559,0
2018-03-27,16:00:00,177.25,177.31,175.325,176.28,42221,0
2018-03-27,17:00:00,176.465,176.465,174.3,174.59,120079,0
2018-03-27,18:00:00,174.5,177.015,174.46,176.76,47723,0
2018-03-27,19:00:00,176.93,177.26,175.98,176.51,34054,0
2018-03-27,20:00:00,176.63,176.975,175.17,175.95,30467,0
2018-03-27,21:00:00,175.85,176.0199,174.67,174.67,50534,0
2018-03-27,22:00:00,174.7399,174.78,172.44,173.21,414657,0
2018-03-28,16:00:00,176.22,176.35,174.07,175.62,62161,0
2018-03-28,17:00:00,175.61,176.11,173.83,174.7712,98820,0
2018-03-28,18:00:00,174.87,175.69,173.89,174.68,71961,0
2018-03-28,19:00:00,174.65,176.4,174.65,175.27,79964,0
2018-03-28,20:00:00,175.16,176.09,174.95,175.67,72151,0
2018-03-28,21:00:00,175.69,176.1,174.72,174.72,82304,0
2018-03-28,22:00:00,174.82,175.77,173.8,174.7,251951,0
2018-03-29,16:00:00,175.14,175.99,174.51,175,62505,0
2018-03-29,17:00:00,174.955,176.34,174.63,176.34,62367,0
2018-03-29,18:00:00,176.41,176.93,175.7,176.48,61491,0
2018-03-29,19:00:00,176.41,176.78,175.87,176.59,31291,0
2018-03-29,20:00:00,176.605,177.41,176.13,177.13,33086,0
2018-03-29,21:00:00,176.95,177.41,176.55,177.0299,52950,0
2018-03-29,22:00:00,176.86,177.64,174.92,175.1,305937,0
