Date,Time,Open,High,Low,Close,Volume,OpenInt
2017-09-05,16:00:00,48.75,48.88,48.73,48.87,104113,0
2017-09-05,17:00:00,48.86,48.96,48.76,48.8924,81901,0
2017-09-05,18:00:00,48.8835,48.9,48.75,48.76,92348,0
2017-09-05,19:00:00,48.75,48.75,48.569,48.639,34052,0
2017-09-05,20:00:00,48.62,48.74,48.5525,48.72,122287,0
2017-09-05,21:00:00,48.72,48.79,48.68,48.78,48530,0
2017-09-05,22:00:00,48.7801,48.87,48.7,48.81,252796,0
2017-09-06,16:00:00,49.04,49.11,49,49.11,70196,0
2017-09-06,17:00:00,49.12,49.2899,49.0539,49.2666,164271,0
2017-09-06,18:00:00,49.28,49.4,49.1799,49.37,104269,0
2017-09-06,19:00:00,49.37,49.39,49.3,49.335,34399,0
2017-09-06,20:00:00,49.34,49.42,49.33,49.41,47815,0
2017-09-06,21:00:00,49.405,49.44,49.36,49.36,62332,0
2017-09-06,22:00:00,49.3625,49.46,49.29,49.42,223252,0
2017-09-07,16:00:00,49.54,49.57,49.25,49.28,176033,0
2017-09-07,17:00:00,49.26,49.33,49,49.3,231805,0
2017-09-07,18:00:00,49.32,49.36,49.21,49.26,172410,0
2017-09-07,19:00:00,49.2643,49.321,49.19,49.28,124540,0
2017-09-07,20:00:00,49.32,49.428,49.29,49.37,46529,0
2017-09-07,21:00:00,49.38,49.4229,49.37,49.38,50081,0
2017-09-07,22:00:00,49.38,49.4,49.3,49.32,141667,0
2017-09-08,16:00:00,49.42,49.47,49.37,49.45,41882,0
2017-09-08,17:00:00,49.47,49.58,49.38,49.53,77814,0
2017-09-08,18:00:00,49.52,49.63,49.44,49.54,154030,0
2017-09-08,19:00:00,49.54,49.58,49.48,49.55,52670,0
2017-09-08,20:00:00,49.56,49.57,49.52,49.53,23710,0
2017-09-08,21:00:00,49.51,49.53,49.47,49.49,56298,0
2017-09-08,22:00:00,49.47,49.53,49.37,49.37,95105,0
2017-09-11,16:00:00,48.89,48.98,48.81,48.92,215107,0
2017-09-11,17:00:00,48.92,48.92,48.38,48.605,159628,0
2017-09-11,18:00:00,48.605,48.82,48.53,48.7908,170982,0
2017-09-11,19:00:00,48.793,48.93,48.73,48.92,92530,0
2017-09-11,20:00:00,48.93,48.95,48.8,48.92,144791,0
2017-09-11,21:00:00,48.92,48.94,48.85,48.86,88048,0
2017-09-11,22:00:00,48.86,48.93,48.58,48.74,538628,0
2017-09-12,16:00:00,49.06,49.2,49.03,49.19,79961,0
2017-09-12,17:00:00,49.19,49.195,49.04,49.08,91961,0
2017-09-12,18:00:00,49.07,49.2,49.01,49.13,87024,0
2017-09-12,19:00:00,49.12,49.12,48.889,48.909,134899,0
2017-09-12,20:00:00,48.91,48.98,48.91,48.93,33919,0
2017-09-12,21:00:00,48.93,49.07,48.92,49.01,106213,0
2017-09-12,22:00:00,49.02,49.04,48.83,48.83,289642,0
2017-09-13,16:00:00,48.85,48.99,48.85,48.9488,51657,0
2017-09-13,17:00:00,48.92,48.92,48.7047,48.725,80308,0
2017-09-13,18:00:00,48.73,48.75,48.54,48.59,42074,0
2017-09-13,19:00:00,48.6,48.7,48.5918,48.6,70679,0
2017-09-13,20:00:00,48.6,48.64,48.46,48.505,79675,0
2017-09-13,21:00:00,48.505,48.52,48.44,48.45,100557,0
2017-09-13,22:00:00,48.44,48.51,48.389,48.51,221476,0
2017-09-14,16:00:00,48.5,48.56,48.48,48.56,75792,0
2017-09-14,17:00:00,48.55,48.81,48.55,48.77,112022,0
2017-09-14,18:00:00,48.785,48.86,48.72,48.85,260350,0
2017-09-14,19:00:00,48.85,48.86,48.71,48.73,151188,0
2017-09-14,20:00:00,48.73,48.745,48.6899,48.7424,148971,0
2017-09-14,21:00:00,48.74,48.825,48.7,48.72,76925,0
2017-09-14,22:00:00,48.72,48.81,48.709,48.72,215918,0
2017-09-15,16:00:00,48.83,48.95,48.67,48.84,72808,0
2017-09-15,17:00:00,48.85,48.85,48.71,48.73,54981,0
2017-09-15,18:00:00,48.71,48.76,48.56,48.64,188693,0
2017-09-15,19:00:00,48.6454,48.67,48.58,48.58,69587,0
2017-09-15,20:00:00,48.5701,48.59,48.45,48.45,45363,0
2017-09-15,21:00:00,48.45,48.5098,48.44,48.5098,75433,0
2017-09-15,22:00:00,48.5,48.55,48.4289,48.43,223693,0
2017-09-18,16:00:00,48.71,48.73,48.67,48.72,129461,0
2017-09-18,17:00:00,48.725,48.73,48.6,48.655,121045,0
2017-09-18,18:00:00,48.66,48.735,48.48,48.505,75422,0
2017-09-18,19:00:00,48.51,48.5498,48.47,48.5401,30393,0
2017-09-18,20:00:00,48.54,48.59,48.54,48.57,31832,0
2017-09-18,21:00:00,48.5741,48.6,48.48,48.595,49464,0
2017-09-18,22:00:00,48.59,48.735,48.55,48.64,219939,0
2017-09-19,16:00:00,49.39,49.4,49.2163,49.27,91754,0
2017-09-19,17:00:00,49.28,49.3,49.14,49.1592,108171,0
2017-09-19,18:00:00,49.14,49.17,49.05,49.11,50990,0
2017-09-19,19:00:00,49.12,49.14,49.07,49.075,12737,0
2017-09-19,20:00:00,49.0766,49.2,49.075,49.19,29838,0
2017-09-19,21:00:00,49.19,49.23,49.1515,49.2,51212,0
2017-09-19,22:00:00,49.195,49.22,49.1,49.1,108599,0
2017-09-20,16:00:00,49.35,49.4003,49.34,49.35,140807,0
2017-09-20,17:00:00,49.36,49.4199,49.29,49.32,137411,0
2017-09-20,18:00:00,49.31,49.347,49.21,49.3002,102199,0
2017-09-20,19:00:00,49.3,49.4,49.3,49.38,49725,0
2017-09-20,20:00:00,49.39,49.4,49.3,49.31,40484,0
2017-09-20,21:00:00,49.24,49.32,48.84,49.16,154294,0
2017-09-20,22:00:00,49.15,49.15,48.975,49.08,169335,0
2017-09-21,16:00:00,50.08,50.19,50.02,50.0613,169652,0
2017-09-21,17:00:00,50.053,50.25,50.0402,50.1421,305434,0
2017-09-21,18:00:00,50.17,50.18,49.97,49.98,48791,0
2017-09-21,19:00:00,49.9837,50.1171,49.971,50.07,28426,0
2017-09-21,20:00:00,50.07,50.1,50.05,50.07,24614,0
2017-09-21,21:00:00,50.07,50.08,50.01,50.016,40481,0
2017-09-21,22:00:00,50.0199,50.085,49.94,49.95,128658,0
2017-09-22,16:00:00,50.51,50.65,50.5,50.5805,83932,0
2017-09-22,17:00:00,50.58,50.6153,50.39,50.41,315056,0
2017-09-22,18:00:00,50.42,50.4499,50.2001,50.2643,106291,0
2017-09-22,19:00:00,50.27,50.28,50.15,50.15,29861,0
2017-09-22,20:00:00,50.1647,50.28,50.16,50.28,28193,0
2017-09-22,21:00:00,50.2901,50.34,50.27,50.2799,34042,0
2017-09-22,22:00:00,50.28,50.38,50.265,50.34,120101,0
2017-09-25,16:00:00,49.98,50.13,49.96,50.065,93382,0
2017-09-25,17:00:00,50.065,50.1999,50.02,50.09,38648,0
2017-09-25,18:00:00,50.06,50.19,50,50.09,39882,0
2017-09-25,19:00:00,50.066,50.1067,49.96,50.0735,37457,0
2017-09-25,20:00:00,50.06,50.09,49.95,50.035,45366,0
2017-09-25,21:00:00,50.03,50.03,49.9084,50.01,44935,0
2017-09-25,22:00:00,50.01,50.065,49.95,49.97,101743,0
2017-09-26,16:00:00,49.68,49.7026,49.63,49.63,95070,0
2017-09-26,17:00:00,49.64,49.6711,49.6,49.63,58256,0
2017-09-26,18:00:00,49.62,49.729,49.5001,49.605,54551,0
2017-09-26,19:00:00,49.61,49.695,49.57,49.595,23328,0
2017-09-26,20:00:00,49.59,49.7,49.59,49.69,48725,0
2017-09-26,21:00:00,49.685,49.74,49.61,49.66,60273,0
2017-09-26,22:00:00,49.6534,49.67,49.55,49.55,115609,0
2017-09-27,16:00:00,49.43,49.585,49.41,49.5789,40141,0
2017-09-27,17:00:00,49.58,49.68,49.5138,49.53,111217,0
2017-09-27,18:00:00,49.54,49.68,49.54,49.58,102799,0
2017-09-27,19:00:00,49.57,49.5959,49.501,49.57,50765,0
2017-09-27,20:00:00,49.5635,49.69,49.55,49.67,29874,0
2017-09-27,21:00:00,49.68,49.79,49.6712,49.76,80377,0
2017-09-27,22:00:00,49.77,49.84,49.75,49.79,88012,0
2017-09-28,16:00:00,49.56,49.58,49.4601,49.47,112845,0
2017-09-28,17:00:00,49.46,49.52,49.39,49.39,103637,0
2017-09-28,18:00:00,49.39,49.57,49.3701,49.52,85898,0
2017-09-28,19:00:00,49.515,49.58,49.51,49.55,32945,0
2017-09-28,20:00:00,49.55,49.55,49.5,49.55,49677,0
2017-09-28,21:00:00,49.56,49.58,49.43,49.46,64840,0
2017-09-28,22:00:00,49.45,49.48,49.33,49.4,105856,0
2017-09-29,16:00:00,49.38,49.4,49.28,49.34,43062,0
2017-09-29,17:00:00,49.33,49.38,49.23,49.33,189614,0
2017-09-29,18:00:00,49.34,49.6125,49.27,49.5502,301506,0
2017-09-29,19:00:00,49.56,49.63,49.56,49.6,56388,0
2017-09-29,20:00:00,49.605,49.631,49.6,49.63,45894,0
2017-09-29,21:00:00,49.63,49.76,49.6,49.73,113067,0
2017-09-29,22:00:00,49.7156,49.81,49.7156,49.79,153913,0
2017-10-02,16:00:00,49.77,49.85,49.75,49.83,118013,0
2017-10-02,17:00:00,49.83,49.96,49.7401,49.76,187086,0
2017-10-02,18:00:00,49.765,49.97,49.7001,49.82,124940,0
2017-10-02,19:00:00,49.83,49.86,49.79,49.84,48824,0
2017-10-02,20:00:00,49.845,49.89,49.8,49.865,122244,0
2017-10-02,21:00:00,49.86,49.9006,49.73,49.799,199897,0
2017-10-02,22:00:00,49.79,49.86,49.74,49.77,298638,0
2017-10-03,16:00:00,49.83,49.9278,49.83,49.87,48120,0
2017-10-03,17:00:00,49.8801,49.93,49.65,49.6561,175014,0
2017-10-03,18:00:00,49.65,49.783,49.63,49.7153,81790,0
2017-10-03,19:00:00,49.72,49.815,49.72,49.78,19423,0
2017-10-03,20:00:00,49.7893,49.825,49.77,49.799,55913,0
2017-10-03,21:00:00,49.7973,49.8591,49.78,49.853,76109,0
2017-10-03,22:00:00,49.85,49.89,49.77,49.8,161245,0
2017-10-04,16:00:00,50.01,50.1099,49.95,50.08,57082,0
2017-10-04,17:00:00,50.09,50.1,49.9099,49.93,42853,0
2017-10-04,18:00:00,49.937,50.05,49.93,50.04,107380,0
2017-10-04,19:00:00,50.04,50.11,50.02,50.0997,26835,0
2017-10-04,20:00:00,50.09,50.095,50,50.04,31226,0
2017-10-04,21:00:00,50.05,50.08,49.96,49.96,35926,0
2017-10-04,22:00:00,49.97,50.07,49.935,50.03,52995,0
2017-10-05,16:00:00,49.68,50.5,49.67,50.39,459402,0
2017-10-05,17:00:00,50.4,50.41,50.04,50.12,211168,0
2017-10-05,18:00:00,50.12,50.23,50.07,50.15,92387,0
2017-10-05,19:00:00,50.15,50.2975,50.15,50.26,86575,0
2017-10-05,20:00:00,50.265,50.432,50.26,50.42,172200,0
2017-10-05,21:00:00,50.425,50.56,50.42,50.5493,191459,0
2017-10-05,22:00:00,50.55,50.62,50.5275,50.61,588730,0
2017-10-06,16:00:00,50.37,50.42,50.36,50.4,55073,0
2017-10-06,17:00:00,50.3911,50.49,50.3701,50.41,50994,0
2017-10-06,18:00:00,50.4118,50.64,50.38,50.58,66406,0
2017-10-06,19:00:00,50.57,50.57,50.48,50.5338,23288,0
2017-10-06,20:00:00,50.53,50.53,50.435,50.466,30699,0
2017-10-06,21:00:00,50.4699,50.61,50.4601,50.58,47629,0
2017-10-06,22:00:00,50.5701,50.6,50.525,50.57,65262,0
2017-10-09,17:00:00,50.16,50.31,50.16,50.3,32742,0
2017-10-09,18:00:00,50.3,50.5401,50.3,50.49,83774,0
2017-10-09,19:00:00,50.4807,50.54,50.4163,50.42,28489,0
2017-10-09,20:00:00,50.42,50.49,50.41,50.4846,29475,0
2017-10-09,21:00:00,50.48,50.53,50.455,50.49,35570,0
2017-10-09,22:00:00,50.48,50.48,50.36,50.42,56878,0
2017-10-10,16:00:00,50.2263,50.24,49.92,49.93,48987,0
2017-10-10,17:00:00,49.93,50.23,49.9214,50.22,97647,0
2017-10-10,18:00:00,50.2321,50.24,49.9,49.93,148029,0
2017-10-10,19:00:00,49.91,49.915,49.7701,49.8,211965,0
2017-10-10,20:00:00,49.8,49.96,49.77,49.883,145663,0
2017-10-10,21:00:00,49.885,50,49.88,49.97,65380,0
2017-10-10,22:00:00,49.97,50.1,49.94,50.1,244282,0
2017-10-11,16:00:00,50,50.06,49.95,49.96,139505,0
2017-10-11,17:00:00,49.975,50.01,49.85,49.9,259148,0
2017-10-11,18:00:00,49.895,50,49.8,49.801,632082,0
2017-10-11,19:00:00,49.8,49.9,49.78,49.85,130275,0
2017-10-11,20:00:00,49.845,49.86,49.77,49.8096,188389,0
2017-10-11,21:00:00,49.81,49.85,49.66,49.66,394948,0
2017-10-11,22:00:00,49.665,49.81,49.66,49.73,692720,0
2017-10-12,16:00:00,49.71,49.847,49.71,49.77,48501,0
2017-10-12,17:00:00,49.7402,49.8898,49.68,49.7807,210715,0
2017-10-12,18:00:00,49.78,49.8099,49.705,49.76,128072,0
2017-10-12,19:00:00,49.76,49.81,49.68,49.73,78342,0
2017-10-12,20:00:00,49.735,49.7699,49.68,49.68,79758,0
2017-10-12,21:00:00,49.68,49.78,49.64,49.69,143650,0
2017-10-12,22:00:00,49.69,49.74,49.605,49.74,203815,0
2017-10-13,16:00:00,49.71,49.72,49.55,49.59,77979,0
2017-10-13,17:00:00,49.59,49.63,49.52,49.52,102146,0
2017-10-13,18:00:00,49.53,49.62,49.45,49.48,76329,0
2017-10-13,19:00:00,49.49,49.565,49.49,49.55,32387,0
2017-10-13,20:00:00,49.55,49.5932,49.5183,49.57,31529,0
2017-10-13,21:00:00,49.56,49.57,49.51,49.55,24822,0
2017-10-13,22:00:00,49.555,49.57,49.47,49.49,69400,0
2017-10-16,16:00:00,49.84,49.935,49.84,49.89,59104,0
2017-10-16,17:00:00,49.9122,49.93,49.78,49.8,59886,0
2017-10-16,18:00:00,49.7999,49.91,49.7999,49.8209,42146,0
2017-10-16,19:00:00,49.82,49.83,49.64,49.65,37569,0
2017-10-16,20:00:00,49.6498,49.6498,49.54,49.61,30752,0
2017-10-16,21:00:00,49.63,49.65,49.49,49.4925,55785,0
2017-10-16,22:00:00,49.505,49.69,49.5,49.63,200837,0
2017-10-17,16:00:00,49.4,49.4,49.31,49.32,82725,0
2017-10-17,17:00:00,49.3375,49.41,49.31,49.37,41487,0
2017-10-17,18:00:00,49.38,49.4299,49.21,49.23,57768,0
2017-10-17,19:00:00,49.23,49.323,49.22,49.315,37774,0
2017-10-17,20:00:00,49.315,49.5244,49.3,49.51,32352,0
2017-10-17,21:00:00,49.52,49.615,49.52,49.54,36043,0
2017-10-17,22:00:00,49.535,49.63,49.53,49.59,112152,0
2017-10-18,16:00:00,49.57,49.65,49.56,49.5699,36989,0
2017-10-18,17:00:00,49.55,49.7499,49.55,49.71,26287,0
2017-10-18,18:00:00,49.72,49.7293,49.6028,49.62,29055,0
2017-10-18,19:00:00,49.61,49.72,49.59,49.63,14648,0
2017-10-18,20:00:00,49.64,49.7,49.62,49.65,20893,0
2017-10-18,21:00:00,49.65,49.6737,49.59,49.59,65410,0
2017-10-18,22:00:00,49.6,49.6299,49.48,49.53,242110,0
2017-10-19,16:00:00,49.92,49.92,49.81,49.88,64704,0
2017-10-19,17:00:00,49.88,49.91,49.79,49.86,43960,0
2017-10-19,18:00:00,49.87,49.9066,49.825,49.84,24597,0
2017-10-19,19:00:00,49.8375,49.8375,49.76,49.81,15742,0
2017-10-19,20:00:00,49.82,49.85,49.77,49.805,38290,0
2017-10-19,21:00:00,49.805,49.93,49.8037,49.89,35810,0
2017-10-19,22:00:00,49.92,50.04,49.87,50.02,112206,0
2017-10-20,16:00:00,49.77,49.81,49.54,49.54,64632,0
2017-10-20,17:00:00,49.55,49.6203,49.42,49.4386,31085,0
2017-10-20,18:00:00,49.42,49.52,49.33,49.37,97034,0
2017-10-20,19:00:00,49.3559,49.4098,49.33,49.359,31316,0
2017-10-20,20:00:00,49.3542,49.57,49.35,49.56,60498,0
2017-10-20,21:00:00,49.56,49.585,49.52,49.525,97595,0
2017-10-20,22:00:00,49.53,49.53,49.41,49.51,386255,0
2017-10-23,16:00:00,49.56,49.68,49.51,49.609,260247,0
2017-10-23,17:00:00,49.609,49.66,49.55,49.56,255011,0
2017-10-23,18:00:00,49.55,49.645,49.52,49.64,168768,0
2017-10-23,19:00:00,49.64,49.715,49.6365,49.7,121081,0
2017-10-23,20:00:00,49.7,49.71,49.62,49.63,90627,0
2017-10-23,21:00:00,49.63,49.67,49.55,49.6037,104493,0
2017-10-23,22:00:00,49.605,49.65,49.53,49.62,320236,0
2017-10-24,16:00:00,49.35,49.35,48.78,48.85,123774,0
2017-10-24,17:00:00,48.85,49.0988,48.85,49.05,188881,0
2017-10-24,18:00:00,49.06,49.28,49.044,49.21,154696,0
2017-10-24,19:00:00,49.21,49.27,49.18,49.2061,98753,0
2017-10-24,20:00:00,49.2,49.22,49.08,49.13,106962,0
2017-10-24,21:00:00,49.125,49.15,49.05,49.1,128598,0
2017-10-24,22:00:00,49.105,49.15,48.93,49.01,467422,0
2017-10-25,16:00:00,48.63,48.67,48.48,48.57,375855,0
2017-10-25,17:00:00,48.57,48.57,48.11,48.18,235915,0
2017-10-25,18:00:00,48.18,48.18,47.75,47.79,526385,0
2017-10-25,19:00:00,47.78,47.8405,47.56,47.7,363686,0
2017-10-25,20:00:00,47.699,47.72,47.29,47.365,373572,0
2017-10-25,21:00:00,47.37,47.569,47.23,47.47,323585,0
2017-10-25,22:00:00,47.47,47.68,47.4638,47.67,569497,0
2017-10-26,16:00:00,47.9,47.92,47.69,47.88,422765,0
2017-10-26,17:00:00,47.87,47.92,47.63,47.8357,222090,0
2017-10-26,18:00:00,47.85,47.95,47.805,47.8301,109188,0
2017-10-26,19:00:00,47.84,47.9246,47.82,47.89,100479,0
2017-10-26,20:00:00,47.88,47.88,47.77,47.77,100976,0
2017-10-26,21:00:00,47.7701,47.83,47.5889,47.595,169108,0
2017-10-26,22:00:00,47.595,47.71,47.48,47.54,342808,0
2017-10-27,16:00:00,47.91,47.93,47.8,47.85,220157,0
2017-10-27,17:00:00,47.83,48.01,47.71,47.71,205550,0
2017-10-27,18:00:00,47.69,47.69,47.5,47.5,213617,0
2017-10-27,19:00:00,47.5,47.6,47.5,47.57,58760,0
2017-10-27,20:00:00,47.5601,47.62,47.54,47.6,53243,0
2017-10-27,21:00:00,47.59,47.61,47.4701,47.515,193932,0
2017-10-27,22:00:00,47.51,47.58,47.495,47.53,245923,0
2017-10-30,15:00:00,47.33,47.4205,47.3,47.34,136200,0
2017-10-30,16:00:00,47.34,47.45,47.23,47.45,297243,0
2017-10-30,17:00:00,47.44,47.5,47.37,47.49,115436,0
2017-10-30,18:00:00,47.5,47.5804,47.43,47.47,139114,0
2017-10-30,19:00:00,47.48,47.66,47.48,47.5,97176,0
2017-10-30,20:00:00,47.495,47.5467,47.44,47.47,116446,0
2017-10-30,21:00:00,47.47,47.5,47.42,47.43,126311,0
2017-10-31,15:00:00,47.53,47.57,47.44,47.47,74593,0
2017-10-31,16:00:00,47.46,47.46,47.23,47.23,96822,0
2017-10-31,17:00:00,47.23,47.35,47.14,47.33,152477,0
2017-10-31,18:00:00,47.33,47.35,47.255,47.3175,218183,0
2017-10-31,19:00:00,47.31,47.3165,47.21,47.2476,66094,0
2017-10-31,20:00:00,47.23,47.3,47.189,47.3,79895,0
2017-10-31,21:00:00,47.29,47.33,47.25,47.28,198649,0
2017-11-01,15:00:00,46.98,47.12,46.9,47.09,175123,0
2017-11-01,16:00:00,47.1,47.15,46.82,46.83,186351,0
2017-11-01,17:00:00,46.83,47.04,46.77,46.77,139965,0
2017-11-01,18:00:00,46.78,46.84,46.68,46.8,107953,0
2017-11-01,19:00:00,46.79,46.91,46.7301,46.88,63490,0
2017-11-01,20:00:00,46.87,46.96,46.58,46.58,177576,0
2017-11-01,21:00:00,46.59,46.6,46.37,46.48,520941,0
2017-11-02,15:00:00,45.88,45.99,45.81,45.855,252683,0
2017-11-02,16:00:00,45.85,46.03,45.85,46.03,366611,0
2017-11-02,17:00:00,46.04,46.18,46.02,46.16,263714,0
2017-11-02,18:00:00,46.16,46.39,46.07,46.311,164621,0
2017-11-02,19:00:00,46.31,46.36,46.24,46.27,80765,0
2017-11-02,20:00:00,46.2739,46.29,46.23,46.255,85127,0
2017-11-02,21:00:00,46.255,46.27,46.15,46.22,228632,0
2017-11-03,15:00:00,46.03,46.08,46.01,46.03,58806,0
2017-11-03,16:00:00,46.02,46.04,45.815,45.86,69685,0
2017-11-03,17:00:00,45.86,45.8882,45.77,45.85,99875,0
2017-11-03,18:00:00,45.85,45.895,45.77,45.82,61544,0
2017-11-03,19:00:00,45.84,45.88,45.79,45.7978,52620,0
2017-11-03,20:00:00,45.7998,45.81,45.71,45.7474,143081,0
2017-11-03,21:00:00,45.733,45.8,45.73,45.74,236694,0
2017-11-06,16:00:00,46.12,46.19,46.12,46.14,138439,0
2017-11-06,17:00:00,46.15,46.186,46.07,46.07,132448,0
2017-11-06,18:00:00,46.07,46.18,45.97,46.075,94711,0
2017-11-06,19:00:00,46.075,46.14,46.06,46.1085,40825,0
2017-11-06,20:00:00,46.101,46.17,46.04,46.13,51534,0
2017-11-06,21:00:00,46.12,46.14,46.07,46.09,42563,0
2017-11-06,22:00:00,46.08,46.13,46.045,46.07,84625,0
2017-11-07,16:00:00,45.52,45.64,45.49,45.58,79378,0
2017-11-07,17:00:00,45.63,45.7,45.52,45.53,67178,0
2017-11-07,19:00:00,45.4299,45.57,45.41,45.51,35688,0
2017-11-07,20:00:00,45.5032,45.52,45.46,45.49,21682,0
2017-11-07,21:00:00,45.49,45.519,45.44,45.495,80806,0
2017-11-07,22:00:00,45.4962,45.62,45.49,45.58,96589,0
2017-11-08,16:00:00,45.77,45.8448,45.75,45.81,116790,0
2017-11-08,17:00:00,45.81,45.99,45.8,45.85,85896,0
2017-11-08,18:00:00,45.84,45.905,45.58,45.74,206537,0
2017-11-08,19:00:00,45.735,45.88,45.735,45.88,30671,0
2017-11-08,20:00:00,45.87,45.915,45.84,45.895,38823,0
2017-11-08,21:00:00,45.8999,45.97,45.891,45.97,82357,0
2017-11-08,22:00:00,45.97,46.005,45.83,45.88,142205,0
2017-11-09,16:00:00,45.34,45.38,45.19,45.34,105453,0
2017-11-09,17:00:00,45.35,45.52,45.3,45.37,78374,0
2017-11-09,18:00:00,45.38,45.38,45.1528,45.2,97342,0
2017-11-09,19:00:00,45.195,45.195,45.07,45.15,79768,0
2017-11-09,20:00:00,45.15,45.29,45.13,45.255,79779,0
2017-11-09,21:00:00,45.25,45.32,45.15,45.1599,76934,0
2017-11-09,22:00:00,45.15,45.42,45.14,45.42,217057,0
2017-11-10,16:00:00,45.01,45.04,44.92,44.99,130730,0
2017-11-10,17:00:00,44.99,45,44.91,44.96,117883,0
2017-11-10,18:00:00,44.96,45.12,44.895,45.0637,252656,0
2017-11-10,19:00:00,45.06,45.07,44.965,44.985,74355,0
2017-11-10,20:00:00,44.98,45.04,44.955,45.04,85826,0
2017-11-10,21:00:00,45.05,45.06,45,45.05,189642,0
2017-11-10,22:00:00,45.05,45.099,44.97,45,298208,0
2017-11-13,16:00:00,44.4,44.53,44.36,44.515,106354,0
2017-11-13,17:00:00,44.52,44.64,44.46,44.59,90449,0
2017-11-13,18:00:00,44.58,44.58,44.5048,44.5501,71191,0
2017-11-13,19:00:00,44.555,44.64,44.536,44.54,48000,0
2017-11-13,20:00:00,44.545,44.65,44.52,44.64,49785,0
2017-11-13,21:00:00,44.65,44.7,44.6,44.685,70626,0
2017-11-13,22:00:00,44.685,44.78,44.62,44.64,106225,0
2017-11-14,16:00:00,44.56,44.6,44.49,44.5,44555,0
2017-11-14,17:00:00,44.52,44.63,44.375,44.5,104904,0
2017-11-14,18:00:00,44.51,44.58,44.4,44.54,101978,0
2017-11-14,19:00:00,44.54,44.6,44.4418,44.5,39122,0
2017-11-14,20:00:00,44.49,44.627,44.49,44.5464,44664,0
2017-11-14,21:00:00,44.55,44.64,44.55,44.63,98323,0
2017-11-14,22:00:00,44.63,44.6798,44.61,44.65,99774,0
2017-11-15,16:00:00,44.47,44.62,44.45,44.52,79423,0
2017-11-15,17:00:00,44.52,44.765,44.52,44.73,138925,0
2017-11-15,18:00:00,44.74,44.75,44.54,44.629,154413,0
2017-11-15,19:00:00,44.62,44.69,44.6,44.67,53420,0
2017-11-15,20:00:00,44.66,44.7056,44.61,44.68,50656,0
2017-11-15,21:00:00,44.68,44.71,44.63,44.7,80898,0
2017-11-15,22:00:00,44.7,44.7156,44.62,44.66,172816,0
2017-11-16,16:00:00,44.5,44.63,44.49,44.56,136083,0
2017-11-16,17:00:00,44.56,44.721,44.5,44.6664,229759,0
2017-11-16,18:00:00,44.67,44.75,44.54,44.705,209014,0
2017-11-16,19:00:00,44.705,44.72,44.6,44.68,64328,0
2017-11-16,20:00:00,44.68,44.76,44.6637,44.74,53523,0
2017-11-16,21:00:00,44.7395,44.81,44.68,44.7,90985,0
2017-11-16,22:00:00,44.695,44.75,44.625,44.65,188705,0
2017-11-17,16:00:00,44.56,44.58,44.4,44.52,49089,0
2017-11-17,17:00:00,44.5147,44.72,44.51,44.7,91035,0
2017-11-17,18:00:00,44.7,44.72,44.45,44.51,148019,0
2017-11-17,19:00:00,44.52,44.63,44.51,44.6001,35202,0
2017-11-17,20:00:00,44.61,44.69,44.58,44.6,64421,0
2017-11-17,21:00:00,44.6,44.63,44.57,44.62,46457,0
2017-11-17,22:00:00,44.62,44.63,44.495,44.54,153085,0
2017-11-20,16:00:00,44.62,44.66,44.455,44.51,90187,0
2017-11-20,17:00:00,44.5,44.52,44.38,44.46,70943,0
2017-11-20,18:00:00,44.46,44.52,44.4,44.52,80364,0
2017-11-20,19:00:00,44.52,44.53,44.4349,44.5,34453,0
2017-11-20,20:00:00,44.5,44.54,44.44,44.4701,57519,0
2017-11-20,21:00:00,44.48,44.51,44.461,44.49,57098,0
2017-11-20,22:00:00,44.49,44.49,44.32,44.32,158379,0
2017-11-21,16:00:00,44.44,44.7,44.44,44.69,74005,0
2017-11-21,17:00:00,44.69,44.91,44.58,44.91,106283,0
2017-11-21,18:00:00,44.92,44.99,44.84,44.91,131350,0
2017-11-21,19:00:00,44.9248,44.96,44.91,44.93,62111,0
2017-11-21,20:00:00,44.933,45,44.93,44.97,109587,0
2017-11-21,21:00:00,44.98,44.98,44.88,44.89,66694,0
2017-11-21,22:00:00,44.8899,44.9299,44.78,44.79,223155,0
2017-11-22,16:00:00,45.45,45.61,45.36,45.61,143333,0
2017-11-22,17:00:00,45.62,45.63,45.37,45.43,112355,0
2017-11-22,18:00:00,45.44,45.44,45.16,45.165,82444,0
2017-11-22,19:00:00,45.165,45.24,45.14,45.24,64806,0
2017-11-22,20:00:00,45.23,45.27,45.1225,45.1881,139433,0
2017-11-22,21:00:00,45.199,45.42,45.19,45.35,112761,0
2017-11-22,22:00:00,45.341,45.45,45.3,45.37,196151,0
2017-11-24,16:00:00,45.98,46.02,45.9,45.94,89987,0
2017-11-24,17:00:00,45.93,46.09,45.82,46.07,119606,0
2017-11-24,18:00:00,46.07,46.22,46.07,46.19,108301,0
2017-11-24,19:00:00,46.19,46.25,46.09,46.1,126547,0
2017-11-24,20:00:00,46.1,46.1,46.1,46.1,6334,0
2017-11-27,16:00:00,46.11,46.16,45.98,46.14,84359,0
2017-11-27,17:00:00,46.15,46.19,45.98,46.07,86177,0
2017-11-27,18:00:00,46.07,46.08,45.74,45.8301,133754,0
2017-11-27,19:00:00,45.84,45.86,45.66,45.73,86953,0
2017-11-27,20:00:00,45.73,45.75,45.63,45.65,106562,0
2017-11-27,21:00:00,45.65,45.68,45.6,45.62,152139,0
2017-11-27,22:00:00,45.625,45.66,45.58,45.61,404652,0
2017-11-28,16:00:00,46,46.0602,45.895,45.91,149051,0
2017-11-28,17:00:00,45.91,46.07,45.9,45.93,218208,0
2017-11-28,18:00:00,45.92,45.98,45.8,45.91,229698,0
2017-11-28,19:00:00,45.93,45.954,45.88,45.93,43593,0
2017-11-28,20:00:00,45.9201,45.96,45.88,45.9,56278,0
2017-11-28,21:00:00,45.9,45.9852,45.86,45.965,77140,0
2017-11-28,22:00:00,45.9625,46.01,45.82,45.84,195242,0
2017-11-29,16:00:00,45.84,45.92,45.78,45.86,60990,0
2017-11-29,17:00:00,45.85,45.995,45.74,45.765,126566,0
2017-11-29,18:00:00,45.77,45.87,45.53,45.69,333859,0
2017-11-29,19:00:00,45.7,45.76,45.65,45.68,40699,0
2017-11-29,20:00:00,45.68,45.74,45.68,45.7162,39899,0
2017-11-29,21:00:00,45.7141,45.79,45.7141,45.74,44127,0
2017-11-29,22:00:00,45.74,45.76,45.695,45.7,206912,0
2017-11-30,16:00:00,45.73,45.8,45.64,45.71,60488,0
2017-11-30,17:00:00,45.71,45.78,45.625,45.7,145508,0
2017-11-30,18:00:00,45.7,45.73,45.4793,45.5705,166413,0
2017-11-30,19:00:00,45.59,45.73,45.59,45.6712,44364,0
2017-11-30,20:00:00,45.679,45.73,45.64,45.68,60187,0
2017-11-30,21:00:00,45.69,45.71,45.62,45.64,95199,0
2017-11-30,22:00:00,45.63,45.66,45.53,45.64,165532,0
2017-12-01,16:00:00,44.71,44.85,44.71,44.795,202146,0
2017-12-01,17:00:00,44.79,44.9,44.7742,44.85,112776,0
2017-12-01,18:00:00,44.8581,44.89,44.49,44.74,226976,0
2017-12-01,19:00:00,44.75,44.81,44.53,44.735,147557,0
2017-12-01,20:00:00,44.735,44.76,44.64,44.6817,119200,0
2017-12-01,21:00:00,44.67,44.71,44.55,44.555,143598,0
2017-12-01,22:00:00,44.55,44.66,44.505,44.62,397198,0
2017-12-04,16:00:00,44.35,44.43,44.29,44.31,89870,0
2017-12-04,17:00:00,44.31,44.37,44.23,44.27,179507,0
2017-12-04,18:00:00,44.27,44.52,44.26,44.4202,194977,0
2017-12-04,19:00:00,44.43,44.46,44.41,44.43,93038,0
2017-12-04,20:00:00,44.425,44.48,44.37,44.37,151371,0
2017-12-04,21:00:00,44.37,44.38,44.26,44.27,127136,0
2017-12-04,22:00:00,44.27,44.2799,44.15,44.16,274594,0
2017-12-05,16:00:00,43.62,43.8072,43.57,43.7532,162074,0
2017-12-05,17:00:00,43.76,43.76,43.55,43.635,120329,0
2017-12-05,18:00:00,43.64,43.745,43.6135,43.65,111708,0
2017-12-05,19:00:00,43.6438,43.6438,43.53,43.54,80653,0
2017-12-05,20:00:00,43.53,43.56,43.47,43.49,94970,0
2017-12-05,21:00:00,43.4901,43.5359,43.43,43.4631,96697,0
2017-12-05,22:00:00,43.47,43.54,43.44,43.51,208229,0
2017-12-06,16:00:00,43.22,43.28,43.13,43.24,146602,0
2017-12-06,17:00:00,43.24,43.41,43.2,43.31,98028,0
2017-12-06,18:00:00,43.3,43.34,43.0999,43.32,316303,0
2017-12-06,19:00:00,43.33,43.33,43.15,43.21,65226,0
2017-12-06,20:00:00,43.21,43.24,43.1537,43.1734,59049,0
2017-12-06,21:00:00,43.1741,43.2152,43.14,43.2,107995,0
2017-12-06,22:00:00,43.1801,43.19,43.13,43.17,224072,0
2017-12-07,16:00:00,42.97,43.11,42.93,43.085,131292,0
2017-12-07,17:00:00,43.1,43.25,43.03,43.165,273969,0
2017-12-07,18:00:00,43.16,43.34,43.13,43.331,178536,0
2017-12-07,19:00:00,43.33,43.3793,43.294,43.3527,130358,0
2017-12-07,20:00:00,43.36,43.42,43.31,43.41,65182,0
2017-12-07,21:00:00,43.415,43.42,43.25,43.28,101451,0
2017-12-07,22:00:00,43.284,43.31,43.21,43.29,186517,0
2017-12-08,16:00:00,42.91,43.11,42.86,43.06,114423,0
2017-12-08,17:00:00,43.05,43.06,42.91,42.93,141367,0
2017-12-08,18:00:00,42.94,43.24,42.915,43.2138,152985,0
2017-12-08,19:00:00,43.215,43.22,43.17,43.176,85867,0
2017-12-08,20:00:00,43.17,43.2,43.16,43.1834,94614,0
2017-12-08,21:00:00,43.18,43.28,43.18,43.23,126987,0
2017-12-08,22:00:00,43.2233,43.25,43.2,43.24,133213,0
2017-12-11,16:00:00,43.36,43.5,43.35,43.495,97393,0
2017-12-11,17:00:00,43.495,43.51,43.3,43.34,120554,0
2017-12-11,18:00:00,43.34,43.5699,43.34,43.55,372632,0
2017-12-11,19:00:00,43.5562,43.785,43.55,43.75,237800,0
2017-12-11,20:00:00,43.75,43.785,43.63,43.7,121341,0
2017-12-11,21:00:00,43.7,43.78,43.69,43.75,137249,0
2017-12-11,22:00:00,43.76,43.79,43.67,43.7,270882,0
2017-12-12,16:00:00,43.85,44,43.84,44,84159,0
2017-12-12,17:00:00,44.01,44.05,43.82,43.84,59740,0
2017-12-12,18:00:00,43.85,44.0053,43.835,43.94,221411,0
2017-12-12,19:00:00,43.93,43.99,43.9119,43.9434,27032,0
2017-12-12,20:00:00,43.9466,43.99,43.89,43.9352,93814,0
2017-12-12,21:00:00,43.94,44.03,43.93,44.02,74400,0
2017-12-12,22:00:00,44.01,44.01,43.94,43.96,102739,0
2017-12-13,16:00:00,44.07,44.0726,43.9,43.93,80950,0
2017-12-13,17:00:00,43.93,43.95,43.57,43.86,284762,0
2017-12-13,18:00:00,43.8652,43.98,43.8285,43.9048,136210,0
2017-12-13,19:00:00,43.9,43.9,43.7,43.76,132154,0
2017-12-13,20:00:00,43.76,43.8,43.71,43.79,54738,0
2017-12-13,21:00:00,43.8,44.05,43.79,44.04,104397,0
2017-12-13,22:00:00,44.04,44.055,43.9,43.92,215922,0
2017-12-14,16:00:00,43.95,43.98,43.76,43.82,41389,0
2017-12-14,17:00:00,43.83,43.8336,43.51,43.51,359314,0
2017-12-14,18:00:00,43.515,43.55,43.37,43.37,372068,0
2017-12-14,19:00:00,43.365,43.43,43.31,43.35,84022,0
2017-12-14,20:00:00,43.35,43.35,43.195,43.195,184082,0
2017-12-14,21:00:00,43.19,43.31,43.15,43.18,185571,0
2017-12-14,22:00:00,43.185,43.19,43.01,43.09,705530,0
2017-12-15,16:00:00,43.14,43.19,43.06,43.1,89181,0
2017-12-15,17:00:00,43.1,43.2879,43.05,43.055,133355,0
2017-12-15,18:00:00,43.0521,43.4,43.04,43.12,256557,0
2017-12-15,19:00:00,43.12,43.17,43.07,43.14,165451,0
2017-12-15,20:00:00,43.1431,43.145,43.035,43.04,117277,0
2017-12-15,21:00:00,43.0401,43.13,43.04,43.1,184559,0
2017-12-15,22:00:00,43.11,43.17,43.07,43.17,377153,0
2017-12-18,16:00:00,43.96,44.0153,43.93,43.96,215078,0
2017-12-18,17:00:00,43.96,44.045,43.89,43.89,289433,0
2017-12-18,18:00:00,43.88,43.889,43.67,43.685,334056,0
2017-12-18,19:00:00,43.69,43.69,43.61,43.61,131293,0
2017-12-18,20:00:00,43.6,43.63,43.52,43.55,102620,0
2017-12-18,21:00:00,43.5569,43.57,43.49,43.51,106305,0
2017-12-18,22:00:00,43.51,43.545,43.45,43.49,255321,0
2017-12-19,16:00:00,43.4,43.5201,43.3502,43.41,140060,0
2017-12-19,17:00:00,43.415,43.48,43.2238,43.25,143026,0
2017-12-19,18:00:00,43.26,43.295,43.13,43.15,168341,0
2017-12-19,19:00:00,43.15,43.2,43.14,43.19,81304,0
2017-12-19,20:00:00,43.2,43.26,43.18,43.2,151535,0
2017-12-19,21:00:00,43.205,43.27,43.175,43.24,155788,0
2017-12-19,22:00:00,43.2334,43.24,43.18,43.18,176013,0
2017-12-20,16:00:00,43.44,43.52,43.34,43.48,169477,0
2017-12-20,17:00:00,43.46,43.47,43.21,43.2519,118670,0
2017-12-20,18:00:00,43.26,43.35,43.17,43.2101,177703,0
2017-12-20,19:00:00,43.21,43.24,43.0701,43.1,100069,0
2017-12-20,20:00:00,43.11,43.16,43.07,43.085,71973,0
2017-12-20,21:00:00,43.085,43.09,43.04,43.08,108727,0
2017-12-20,22:00:00,43.08,43.13,43.03,43.03,263318,0
2017-12-21,16:00:00,43.06,43.14,43.03,43.1,95858,0
2017-12-21,17:00:00,43.09,43.3,43.09,43.18,101029,0
2017-12-21,18:00:00,43.17,43.2599,43.11,43.1101,109980,0
2017-12-21,19:00:00,43.11,43.1562,43.089,43.111,69999,0
2017-12-21,20:00:00,43.1194,43.12,43.05,43.05,59243,0
2017-12-21,21:00:00,43.0436,43.07,43.02,43.03,97909,0
2017-12-21,22:00:00,43.04,43.05,42.94,42.95,259253,0
2017-12-22,16:00:00,42.95,43.04,42.93,43.04,85843,0
2017-12-22,17:00:00,43.04,43.04,42.905,42.94,88085,0
2017-12-22,18:00:00,42.94,42.9501,42.81,42.82,114297,0
2017-12-22,19:00:00,42.82,42.91,42.8,42.81,80417,0
2017-12-22,20:00:00,42.82,42.92,42.81,42.87,95058,0
2017-12-22,21:00:00,42.87,42.99,42.87,42.95,79642,0
2017-12-22,22:00:00,42.95,43.04,42.89,42.95,171660,0
2017-12-26,16:00:00,42.89,43.07,42.88,43.0306,40187,0
2017-12-26,17:00:00,43.03,43.13,43,43.11,38858,0
2017-12-26,18:00:00,43.1138,43.14,43,43.04,67814,0
2017-12-26,19:00:00,43.03,43.12,42.96,43.11,60220,0
2017-12-26,20:00:00,43.12,43.155,43.04,43.0953,75902,0
2017-12-26,21:00:00,43.09,43.1,42.96,42.96,108857,0
2017-12-26,22:00:00,42.96,43.05,42.83,42.86,249652,0
2017-12-27,16:00:00,43.03,43.12,43,43.11,104364,0
2017-12-27,17:00:00,43.11,43.24,43.03,43.145,107596,0
2017-12-27,18:00:00,43.145,43.17,43.01,43.04,103500,0
2017-12-27,19:00:00,43.0357,43.0357,42.95,42.985,58158,0
2017-12-27,20:00:00,42.985,43.12,42.985,43.0749,41598,0
2017-12-27,21:00:00,43.08,43.13,43.0661,43.105,80006,0
2017-12-27,22:00:00,43.105,43.11,42.98,43.11,188123,0
2017-12-28,16:00:00,43.19,43.25,43.12,43.18,62564,0
2017-12-28,17:00:00,43.16,43.1736,43.05,43.06,53877,0
2017-12-28,18:00:00,43.07,43.09,42.96,43.025,100536,0
2017-12-28,19:00:00,43.02,43.153,42.96,43.07,106308,0
2017-12-28,20:00:00,43.06,43.09,43.04,43.055,34840,0
2017-12-28,21:00:00,43.0538,43.06,42.97,42.9935,58538,0
2017-12-28,22:00:00,43,43.06,42.97,43.06,121848,0
2017-12-29,16:00:00,43.23,43.23,43.19,43.2101,45203,0
2017-12-29,17:00:00,43.22,43.24,43.1,43.19,70062,0
2017-12-29,18:00:00,43.19,43.2,43.104,43.15,86049,0
2017-12-29,19:00:00,43.1631,43.2,43.14,43.1451,46567,0
2017-12-29,20:00:00,43.15,43.16,43.03,43.0637,73930,0
2017-12-29,21:00:00,43.07,43.1,43.06,43.0801,53336,0
2017-12-29,22:00:00,43.09,43.09,42.99,43,99234,0
2018-01-02,16:00:00,42.97,43.04,42.92,43.03,64984,0
2018-01-02,17:00:00,43.03,43.31,43.03,43.28,87404,0
2018-01-02,18:00:00,43.285,43.34,43.12,43.21,102447,0
2018-01-02,19:00:00,43.2199,43.3,43.21,43.2163,86199,0
2018-01-02,20:00:00,43.2163,43.285,43.19,43.26,69333,0
2018-01-02,21:00:00,43.2562,43.34,43.23,43.28,94918,0
2018-01-02,22:00:00,43.2776,43.39,43.27,43.32,290933,0
2018-01-03,16:00:00,43.44,43.4788,43.26,43.26,104832,0
2018-01-03,17:00:00,43.25,43.42,43.24,43.35,77557,0
2018-01-03,18:00:00,43.34,43.4,43.21,43.2668,381206,0
2018-01-03,19:00:00,43.265,43.34,43.21,43.3,108542,0
2018-01-03,20:00:00,43.3065,43.3103,43.26,43.275,100017,0
2018-01-03,21:00:00,43.28,43.29,43.21,43.26,84859,0
2018-01-03,22:00:00,43.25,43.33,43.2,43.2,169775,0
2018-01-04,16:00:00,44.17,44.27,44.13,44.26,156861,0
2018-01-04,17:00:00,44.2601,44.32,44.095,44.11,154618,0
2018-01-04,18:00:00,44.12,44.13,43.89,43.945,259754,0
2018-01-04,19:00:00,43.9459,44.0062,43.92,43.98,61255,0
2018-01-04,20:00:00,43.974,44.04,43.96,44.01,66123,0
2018-01-04,21:00:00,44.0082,44.02,43.92,43.935,150368,0
2018-01-04,22:00:00,43.93,43.95,43.8701,43.9,192435,0
2018-01-05,16:00:00,44.7,44.8,44.54,44.8,338326,0
2018-01-05,17:00:00,44.8,44.81,44.475,44.56,173927,0
2018-01-05,18:00:00,44.56,44.67,44.5,44.6536,184922,0
2018-01-05,19:00:00,44.6529,44.73,44.61,44.6232,84155,0
2018-01-05,20:00:00,44.62,44.65,44.575,44.58,80044,0
2018-01-05,21:00:00,44.585,44.68,44.583,44.656,170710,0
2018-01-05,22:00:00,44.65,44.78,44.6339,44.67,220916,0
2018-01-08,16:00:00,44.58,44.62,44.48,44.48,122946,0
2018-01-08,17:00:00,44.48,44.48,44.25,44.3756,112495,0
2018-01-08,18:00:00,44.39,44.52,44.39,44.405,118155,0
2018-01-08,19:00:00,44.4049,44.54,44.4,44.53,74269,0
2018-01-08,20:00:00,44.525,44.54,44.45,44.48,81261,0
2018-01-08,21:00:00,44.5,44.53,44.4245,44.5215,124740,0
2018-01-08,22:00:00,44.525,44.6,44.47,44.6,133503,0
2018-01-09,16:00:00,44.37,44.46,44.21,44.22,104626,0
2018-01-09,17:00:00,44.23,44.43,44.23,44.34,96905,0
2018-01-09,18:00:00,44.3447,44.349,44.1,44.13,167909,0
2018-01-09,19:00:00,44.13,44.16,44.06,44.07,145211,0
2018-01-09,20:00:00,44.07,44.12,44.02,44.11,138278,0
2018-01-09,21:00:00,44.11,44.13,44.06,44.1,170336,0
2018-01-09,22:00:00,44.09,44.34,44.07,44.34,682767,0
2018-01-10,16:00:00,43.93,43.96,43.67,43.68,117127,0
2018-01-10,17:00:00,43.69,44.07,43.68,44,129776,0
2018-01-10,18:00:00,44,44,43.83,43.8667,114252,0
2018-01-10,19:00:00,43.87,43.9052,43.8,43.82,39360,0
2018-01-10,20:00:00,43.81,43.85,43.76,43.77,59684,0
2018-01-10,21:00:00,43.77,43.79,43.675,43.71,104633,0
2018-01-10,22:00:00,43.71,43.74,43.68,43.72,355152,0
2018-01-11,16:00:00,43.75,43.92,43.72,43.88,62124,0
2018-01-11,17:00:00,43.88,44.01,43.76,44.01,118789,0
2018-01-11,18:00:00,44.0061,44.07,43.9,43.99,142365,0
2018-01-11,19:00:00,43.9838,44.04,43.96,44.0034,58180,0
2018-01-11,20:00:00,44,44.035,43.98,44.01,62601,0
2018-01-11,21:00:00,44.01,44.025,43.97,44,63981,0
2018-01-11,22:00:00,43.995,44.07,43.9939,44.01,161415,0
2018-01-12,16:00:00,44.43,44.52,44.38,44.49,91400,0
2018-01-12,17:00:00,44.51,44.76,44.4661,44.76,195630,0
2018-01-12,18:00:00,44.75,44.75,44.53,44.677,188456,0
2018-01-12,19:00:00,44.66,44.68,44.62,44.646,29852,0
2018-01-12,20:00:00,44.645,44.74,44.61,44.71,50764,0
2018-01-12,21:00:00,44.71,44.745,44.68,44.725,61889,0
2018-01-12,22:00:00,44.725,44.78,44.66,44.78,121854,0
2018-01-16,16:00:00,44.58,44.785,44.57,44.76,188553,0
2018-01-16,17:00:00,44.76,44.865,44.74,44.78,281118,0
2018-01-16,18:00:00,44.78,45.07,44.71,45.07,555023,0
2018-01-16,19:00:00,45.07,45.11,44.9343,44.9343,145180,0
2018-01-16,20:00:00,44.94,44.9638,44.83,44.85,96520,0
2018-01-16,21:00:00,44.8447,44.97,44.84,44.95,256993,0
2018-01-16,22:00:00,44.95,45.09,44.91,44.91,569098,0
2018-01-17,16:00:00,44.81,44.81,44.62,44.63,96541,0
2018-01-17,17:00:00,44.6552,44.79,44.63,44.73,80006,0
2018-01-17,18:00:00,44.71,44.72,44.52,44.6034,102099,0
2018-01-17,19:00:00,44.61,44.7,44.59,44.7,31897,0
2018-01-17,20:00:00,44.71,44.77,44.67,44.7401,91536,0
2018-01-17,21:00:00,44.75,44.75,44.6501,44.6664,110945,0
2018-01-17,22:00:00,44.6662,44.7,44.59,44.6,139191,0
2018-01-18,16:00:00,44.51,44.53,44.36,44.39,277365,0
2018-01-18,17:00:00,44.4,44.4,44.28,44.32,231105,0
2018-01-18,18:00:00,44.31,44.3703,44.18,44.22,241780,0
2018-01-18,19:00:00,44.21,44.35,44.19,44.305,88989,0
2018-01-18,20:00:00,44.3001,44.38,44.29,44.34,65310,0
2018-01-18,21:00:00,44.34,44.39,44.32,44.375,149896,0
2018-01-18,22:00:00,44.38,44.57,44.35,44.51,455757,0
2018-01-19,16:00:00,44.63,44.74,44.58,44.72,102059,0
2018-01-19,17:00:00,44.75,44.76,44.47,44.48,112544,0
2018-01-19,18:00:00,44.48,44.65,44.44,44.585,303570,0
2018-01-19,19:00:00,44.58,44.62,44.54,44.57,48590,0
2018-01-19,20:00:00,44.57,44.58,44.49,44.525,163969,0
2018-01-19,21:00:00,44.525,44.72,44.51,44.71,303281,0
2018-01-19,22:00:00,44.72,44.75,44.55,44.6,228435,0
2018-01-22,16:00:00,42.84,42.9,42.69,42.74,655424,0
2018-01-22,17:00:00,42.7407,43.16,42.72,43.06,917600,0
2018-01-22,18:00:00,43.07,43.35,43.06,43.21,927292,0
2018-01-22,19:00:00,43.2162,43.245,43.14,43.185,299738,0
2018-01-22,20:00:00,43.185,43.22,43.15,43.16,273503,0
2018-01-22,21:00:00,43.155,43.16,43.08,43.13,393119,0
2018-01-22,22:00:00,43.1201,43.25,43.12,43.2,725175,0
2018-01-23,16:00:00,44.08,44.08,43.67,43.71,308823,0
2018-01-23,17:00:00,43.71,43.91,43.59,43.62,481145,0
2018-01-23,18:00:00,43.63,43.78,43.51,43.59,337865,0
2018-01-23,19:00:00,43.58,43.63,43.48,43.515,228247,0
2018-01-23,20:00:00,43.515,43.66,43.51,43.66,150511,0
2018-01-23,21:00:00,43.655,43.74,43.64,43.72,198132,0
2018-01-23,22:00:00,43.715,43.79,43.69,43.74,257202,0
2018-01-24,16:00:00,44.62,44.84,44.59,44.84,195573,0
2018-01-24,17:00:00,44.84,44.8638,44.6159,44.68,330492,0
2018-01-24,18:00:00,44.68,44.83,44.49,44.5,172433,0
2018-01-24,19:00:00,44.505,44.58,44.46,44.57,138190,0
2018-01-24,20:00:00,44.56,44.82,44.5,44.79,121625,0
2018-01-24,21:00:00,44.7862,44.84,44.7116,44.724,137380,0
2018-01-24,22:00:00,44.72,44.7368,44.55,44.55,322925,0
2018-01-25,16:00:00,45.09,45.15,44.9,44.95,106393,0
2018-01-25,17:00:00,44.97,45.105,44.94,45.04,184504,0
2018-01-25,18:00:00,45.04,45.12,45.01,45.05,172175,0
2018-01-25,19:00:00,45.05,45.11,45.02,45.07,82037,0
2018-01-25,20:00:00,45.07,45.165,45.03,45.14,136382,0
2018-01-25,21:00:00,45.13,45.14,44.86,44.99,277740,0
2018-01-25,22:00:00,45,45.06,44.94,44.99,216139,0
2018-01-26,16:00:00,45.65,45.8638,45.59,45.86,297640,0
2018-01-26,17:00:00,45.8501,45.86,45.67,45.7115,320725,0
2018-01-26,18:00:00,45.71,45.73,45.44,45.49,249024,0
2018-01-26,19:00:00,45.5,45.61,45.48,45.605,105842,0
2018-01-26,20:00:00,45.6023,45.73,45.6,45.72,138982,0
2018-01-26,21:00:00,45.72,45.73,45.58,45.61,227846,0
2018-01-26,22:00:00,45.6141,45.76,45.61,45.76,267936,0
2018-01-29,16:00:00,44.86,44.92,44.77,44.815,258501,0
2018-01-29,17:00:00,44.82,44.8906,44.71,44.78,286222,0
2018-01-29,18:00:00,44.78,45.01,44.765,44.93,223719,0
2018-01-29,19:00:00,44.94,45.25,44.91,45.2101,127099,0
2018-01-29,20:00:00,45.225,45.29,45.17,45.28,132893,0
2018-01-29,21:00:00,45.28,45.35,45.25,45.319,138574,0
2018-01-29,22:00:00,45.3196,45.37,45.23,45.32,195216,0
2018-01-30,16:00:00,45.02,45.1213,44.71,44.71,95183,0
2018-01-30,17:00:00,44.71,44.95,44.685,44.9201,169316,0
2018-01-30,18:00:00,44.94,44.97,44.67,44.68,222837,0
2018-01-30,19:00:00,44.685,44.74,44.666,44.705,77784,0
2018-01-30,20:00:00,44.7,44.72,44.58,44.665,118960,0
2018-01-30,21:00:00,44.67,44.72,44.64,44.66,88109,0
2018-01-30,22:00:00,44.665,44.82,44.6475,44.81,226535,0
2018-01-31,16:00:00,44.62,44.62,44.39,44.419,113445,0
2018-01-31,17:00:00,44.415,44.42,44.11,44.14,206498,0
2018-01-31,18:00:00,44.145,44.2801,44.06,44.14,165241,0
2018-01-31,19:00:00,44.13,44.18,43.98,44,108798,0
2018-01-31,20:00:00,44,44.1,43.99,44.07,61140,0
2018-01-31,21:00:00,44.09,44.17,43.74,43.84,260889,0
2018-01-31,22:00:00,43.84,44.08,43.83,43.93,243828,0
2018-02-01,16:00:00,43.78,43.84,43.7,43.8,112728,0
2018-02-01,17:00:00,43.7936,43.805,43.67,43.76,162238,0
2018-02-01,18:00:00,43.7663,43.98,43.765,43.93,167158,0
2018-02-01,19:00:00,43.9374,44.09,43.93,44.01,77208,0
2018-02-01,20:00:00,44,44.03,43.95,43.9699,205398,0
2018-02-01,21:00:00,43.965,43.965,43.76,43.825,388618,0
2018-02-01,22:00:00,43.82,43.87,43.77,43.8,272617,0
2018-02-02,16:00:00,43.53,43.66,43.46,43.6,193187,0
2018-02-02,17:00:00,43.61,43.61,43.38,43.46,186793,0
2018-02-02,18:00:00,43.45,43.57,43.34,43.36,394406,0
2018-02-02,19:00:00,43.39,43.51,43.385,43.48,106376,0
2018-02-02,20:00:00,43.475,43.655,43.43,43.48,222559,0
2018-02-02,21:00:00,43.485,43.485,43.35,43.35,230208,0
2018-02-02,22:00:00,43.355,43.39,43.2,43.22,266766,0
2018-02-05,16:00:00,42.94,42.95,42.76,42.84,406173,0
2018-02-05,17:00:00,42.83,43.08,42.78,42.97,468640,0
2018-02-05,18:00:00,42.965,43.005,42.61,42.685,258112,0
2018-02-05,19:00:00,42.685,42.715,42.51,42.615,179197,0
2018-02-05,20:00:00,42.62,42.62,42.37,42.6,180512,0
2018-02-05,21:00:00,42.59,42.59,42.09,42.12,162314,0
2018-02-05,22:00:00,42.11,42.135,41.36,41.55,667927,0
2018-02-06,16:00:00,41.65,42.23,41.58,42.13,261717,0
2018-02-06,17:00:00,42.1424,42.36,41.79,41.97,410636,0
2018-02-06,18:00:00,41.96,42.05,41.61,41.93,398806,0
2018-02-06,19:00:00,41.935,42.09,41.83,41.89,243069,0
2018-02-06,20:00:00,41.86,41.89,41.7,41.75,209834,0
2018-02-06,21:00:00,41.74,42.23,41.715,42.23,328840,0
2018-02-06,22:00:00,42.235,42.41,42.06,42.11,573606,0
2018-02-07,16:00:00,40.6,41.08,40.58,40.95,469304,0
2018-02-07,17:00:00,40.95,41.11,40.755,40.82,428956,0
2018-02-07,18:00:00,40.82,41.08,40.68,40.98,643472,0
2018-02-07,19:00:00,40.98,40.9998,40.76,40.76,105246,0
2018-02-07,20:00:00,40.775,40.78,40.54,40.73,184670,0
2018-02-07,21:00:00,40.75,40.75,40.56,40.58,192147,0
2018-02-07,22:00:00,40.5862,40.64,40.37,40.39,809927,0
2018-02-08,16:00:00,40.25,40.41,40.1764,40.28,249391,0
2018-02-08,17:00:00,40.27,40.33,39.93,40.05,249038,0
2018-02-08,18:00:00,40.06,40.16,39.591,39.89,334820,0
2018-02-08,19:00:00,39.87,39.91,39.635,39.72,196375,0
2018-02-08,20:00:00,39.71,40.05,39.64,40,238851,0
2018-02-08,21:00:00,39.99,40.05,39.76,39.77,172416,0
2018-02-08,22:00:00,39.77,39.88,39.5,39.5,303487,0
2018-02-09,16:00:00,39.41,39.48,39.18,39.21,252340,0
2018-02-09,17:00:00,39.22,39.26,38.63,38.82,173516,0
2018-02-09,18:00:00,38.8524,38.89,38.5645,38.629,245061,0
2018-02-09,19:00:00,38.65,38.6501,38.23,38.4534,176570,0
2018-02-09,20:00:00,38.43,38.58,38.14,38.48,261814,0
2018-02-09,21:00:00,38.5,38.97,38.49,38.83,155684,0
2018-02-09,22:00:00,38.8352,39.17,38.64,38.98,1036925,0
2018-02-12,16:00:00,39.54,39.68,39.4687,39.4687,237293,0
2018-02-12,17:00:00,39.47,39.675,39.3923,39.59,318591,0
2018-02-12,18:00:00,39.59,39.601,39.395,39.5356,260045,0
2018-02-12,19:00:00,39.54,39.6139,39.5034,39.55,93625,0
2018-02-12,20:00:00,39.56,39.68,39.5,39.655,100827,0
2018-02-12,21:00:00,39.66,39.7,39.53,39.5418,119950,0
2018-02-12,22:00:00,39.55,39.6,39.4,39.59,332630,0
2018-02-13,16:00:00,39.39,39.41,39.3,39.35,154220,0
2018-02-13,17:00:00,39.35,39.5164,39.34,39.4,274222,0
2018-02-13,18:00:00,39.4,39.475,39.19,39.35,234171,0
2018-02-13,19:00:00,39.35,39.44,39.32,39.325,71831,0
2018-02-13,20:00:00,39.33,39.525,39.33,39.4748,155593,0
2018-02-13,21:00:00,39.48,39.501,39.37,39.44,127164,0
2018-02-13,22:00:00,39.433,39.45,39.38,39.4,272122,0
2018-02-14,16:00:00,39.26,39.5,39.2,39.44,182160,0
2018-02-14,17:00:00,39.45,39.69,39.395,39.62,289765,0
2018-02-14,18:00:00,39.67,39.68,39.54,39.581,252254,0
2018-02-14,19:00:00,39.59,39.73,39.575,39.7,123909,0
2018-02-14,20:00:00,39.705,39.8,39.6707,39.715,361524,0
2018-02-14,21:00:00,39.73,39.79,39.6701,39.7,199305,0
2018-02-14,22:00:00,39.695,39.87,39.695,39.86,384119,0
2018-02-15,16:00:00,39.77,39.855,39.64,39.8,130390,0
2018-02-15,17:00:00,39.795,39.805,39.52,39.52,389305,0
2018-02-15,18:00:00,39.53,39.68,39.51,39.64,116360,0
2018-02-15,19:00:00,39.66,39.6732,39.5601,39.595,83660,0
2018-02-15,20:00:00,39.6,39.72,39.6,39.67,102031,0
2018-02-15,21:00:00,39.6705,39.77,39.6699,39.74,154939,0
2018-02-15,22:00:00,39.75,39.77,39.68,39.72,331001,0
2018-02-16,16:00:00,39.98,40.17,39.98,40.05,104807,0
2018-02-16,17:00:00,40.035,40.2,39.91,40.128,147769,0
2018-02-16,18:00:00,40.13,40.28,40.095,40.17,151658,0
2018-02-16,19:00:00,40.18,40.19,40.11,40.14,118769,0
2018-02-16,20:00:00,40.14,40.15,39.98,40,147201,0
2018-02-16,21:00:00,40,40.02,39.8699,39.98,282249,0
2018-02-16,22:00:00,39.97,40.02,39.91,39.91,411726,0
2018-02-20,16:00:00,39.72,39.86,39.705,39.705,78772,0
2018-02-20,17:00:00,39.71,39.74,39.57,39.65,139154,0
2018-02-20,18:00:00,39.64,39.87,39.64,39.805,95456,0
2018-02-20,19:00:00,39.82,39.8501,39.8,39.84,51936,0
2018-02-20,20:00:00,39.83,39.83,39.63,39.72,68818,0
2018-02-20,21:00:00,39.73,39.75,39.61,39.61,123327,0
2018-02-20,22:00:00,39.61,39.67,39.54,39.55,176072,0
2018-02-21,16:00:00,39.88,39.95,39.82,39.84,172531,0
2018-02-21,17:00:00,39.8338,39.93,39.77,39.8162,140244,0
2018-02-21,18:00:00,39.82,39.83,39.71,39.82,94318,0
2018-02-21,19:00:00,39.81,39.9,39.77,39.88,71588,0
2018-02-21,20:00:00,39.885,39.98,39.87,39.96,88803,0
2018-02-21,21:00:00,39.95,40.16,39.82,39.82,92194,0
2018-02-21,22:00:00,39.82,39.84,39.51,39.51,192985,0
2018-02-22,16:00:00,39.9,39.9862,39.73,39.77,181710,0
2018-02-22,17:00:00,39.7799,39.84,39.67,39.75,123017,0
2018-02-22,18:00:00,39.74,40.08,39.73,39.93,252657,0
2018-02-22,19:00:00,39.94,39.9953,39.87,39.91,51131,0
2018-02-22,20:00:00,39.91,39.9349,39.73,39.78,119251,0
2018-02-22,21:00:00,39.78,39.88,39.7201,39.74,163785,0
2018-02-22,22:00:00,39.74,39.85,39.68,39.85,200962,0
2018-02-23,16:00:00,39.79,39.79,39.73,39.78,49629,0
2018-02-23,17:00:00,39.7815,39.89,39.755,39.88,70835,0
2018-02-23,18:00:00,39.89,40.105,39.89,40.105,157110,0
2018-02-23,19:00:00,40.095,40.15,40.07,40.14,63941,0
2018-02-23,20:00:00,40.13,40.15,40.08,40.14,66962,0
2018-02-23,21:00:00,40.1338,40.16,40.11,40.14,78619,0
2018-02-23,22:00:00,40.14,40.24,40.13,40.13,148267,0
2018-02-26,16:00:00,40.39,40.46,40.34,40.36,57747,0
2018-02-26,17:00:00,40.34,40.36,40.27,40.31,74223,0
2018-02-26,18:00:00,40.3,40.4,40.26,40.28,100382,0
2018-02-26,19:00:00,40.29,40.45,40.28,40.45,58911,0
2018-02-26,20:00:00,40.45,40.47,40.35,40.4,57175,0
2018-02-26,21:00:00,40.4065,40.46,40.38,40.38,93927,0
2018-02-26,22:00:00,40.39,40.49,40.355,40.47,249154,0
2018-02-27,16:00:00,40.34,40.37,40.18,40.18,54544,0
2018-02-27,17:00:00,40.1768,40.32,39.98,40.03,92502,0
2018-02-27,18:00:00,40.02,40.09,39.97,39.99,120204,0
2018-02-27,19:00:00,39.99,40.1,39.93,40.06,79376,0
2018-02-27,20:00:00,40.0539,40.06,39.95,39.9568,64817,0
2018-02-27,21:00:00,39.96,39.98,39.87,39.94,95559,0
2018-02-27,22:00:00,39.9351,39.955,39.82,39.82,197118,0
2018-02-28,16:00:00,39.82,39.82,39.675,39.72,88974,0
2018-02-28,17:00:00,39.73,40.02,39.68,39.7,70288,0
2018-02-28,18:00:00,39.68,39.71,39.54,39.67,61779,0
2018-02-28,19:00:00,39.68,39.7248,39.63,39.65,38663,0
2018-02-28,20:00:00,39.64,39.66,39.551,39.59,64361,0
2018-02-28,21:00:00,39.5968,39.64,39.54,39.5652,194863,0
2018-02-28,22:00:00,39.5634,39.57,39.25,39.25,272536,0
2018-03-01,16:00:00,39.22,39.29,39.11,39.14,61628,0
2018-03-01,17:00:00,39.1,39.54,39.08,39.34,91106,0
2018-03-01,18:00:00,39.34,39.51,39.27,39.42,159652,0
2018-03-01,19:00:00,39.41,39.41,39.17,39.2,92696,0
2018-03-01,20:00:00,39.1856,39.2,38.95,38.98,135267,0
2018-03-01,21:00:00,38.965,39.15,38.84,39.115,140485,0
2018-03-01,22:00:00,39.12,39.35,39.05,39.19,330656,0
2018-03-02,16:00:00,39.2,39.2799,39.13,39.22,107950,0
2018-03-02,17:00:00,39.21,39.33,39.08,39.11,150827,0
2018-03-02,18:00:00,39.08,39.25,38.94,39.25,171230,0
2018-03-02,19:00:00,39.26,39.3351,39.21,39.3,94256,0
2018-03-02,20:00:00,39.29,39.31,39.11,39.16,80365,0
2018-03-02,21:00:00,39.17,39.27,39.17,39.23,100092,0
2018-03-02,22:00:00,39.23,39.31,39.15,39.26,184376,0
2018-03-05,16:00:00,39.4,39.64,39.38,39.63,118952,0
2018-03-05,17:00:00,39.64,39.76,39.525,39.75,81953,0
2018-03-05,18:00:00,39.75,39.8951,39.66,39.89,97997,0
2018-03-05,19:00:00,39.88,39.96,39.81,39.94,43877,0
2018-03-05,20:00:00,39.9301,39.95,39.8539,39.8949,46288,0
2018-03-05,21:00:00,39.8999,39.965,39.8,39.9605,60973,0
2018-03-05,22:00:00,39.9638,40,39.86,39.9,135950,0
2018-03-06,16:00:00,39.73,39.75,39.56,39.587,69189,0
2018-03-06,17:00:00,39.57,39.6462,39.42,39.44,80677,0
2018-03-06,18:00:00,39.44,39.68,39.38,39.435,145932,0
2018-03-06,19:00:00,39.4348,39.53,39.3501,39.53,59483,0
2018-03-06,20:00:00,39.54,39.5673,39.449,39.4599,59665,0
2018-03-06,21:00:00,39.46,39.51,39.43,39.4701,91852,0
2018-03-06,22:00:00,39.47,39.55,39.43,39.5,162711,0
2018-03-07,16:00:00,39.49,39.66,39.43,39.61,162255,0
2018-03-07,17:00:00,39.61,39.8,39.5,39.78,118147,0
2018-03-07,18:00:00,39.785,39.835,39.45,39.45,138159,0
2018-03-07,19:00:00,39.45,39.58,39.4,39.575,54236,0
2018-03-07,20:00:00,39.575,39.6267,39.49,39.6101,39233,0
2018-03-07,21:00:00,39.605,39.74,39.605,39.71,59964,0
2018-03-07,22:00:00,39.71,39.92,39.71,39.9,167527,0
2018-03-08,16:00:00,39.95,40.0199,39.8476,39.9638,68582,0
2018-03-08,17:00:00,39.97,40.19,39.94,40.15,221667,0
2018-03-08,18:00:00,40.15,40.21,39.95,40.06,218133,0
2018-03-08,19:00:00,40.05,40.09,40.02,40.06,86508,0
2018-03-08,20:00:00,40.06,40.06,40,40.035,75366,0
2018-03-08,21:00:00,40.03,40.095,40,40.075,94976,0
2018-03-08,22:00:00,40.0742,40.14,40,40,197713,0
2018-03-09,16:00:00,40.23,40.34,40.2,40.34,205258,0
2018-03-09,17:00:00,40.35,40.505,40.31,40.31,197987,0
2018-03-09,18:00:00,40.31,40.41,40.305,40.39,83921,0
2018-03-09,19:00:00,40.4,40.41,40.25,40.28,131897,0
2018-03-09,20:00:00,40.27,40.3367,40.27,40.33,67913,0
2018-03-09,21:00:00,40.34,40.36,40.29,40.3201,92021,0
2018-03-09,22:00:00,40.32,40.41,40.24,40.39,423975,0
2018-03-12,15:00:00,40.42,40.64,40.4,40.5789,341166,0
2018-03-12,16:00:00,40.57,40.725,40.48,40.64,174850,0
2018-03-12,17:00:00,40.64,40.66,40.51,40.6,219330,0
2018-03-12,18:00:00,40.6,40.6762,40.46,40.5805,203613,0
2018-03-12,19:00:00,40.58,40.6,40.545,40.57,105362,0
2018-03-12,20:00:00,40.565,40.63,40.56,40.595,91798,0
2018-03-12,21:00:00,40.595,40.72,40.5805,40.65,257158,0
2018-03-13,15:00:00,40.6,40.63,40.5201,40.555,121046,0
2018-03-13,16:00:00,40.55,40.69,40.52,40.68,175864,0
2018-03-13,17:00:00,40.68,40.69,40.47,40.52,178457,0
2018-03-13,18:00:00,40.52,40.55,40.4,40.51,152579,0
2018-03-13,19:00:00,40.51,40.52,40.375,40.39,56082,0
2018-03-13,20:00:00,40.4,40.42,40.34,40.3566,82304,0
2018-03-13,21:00:00,40.3501,40.51,40.28,40.4,198325,0
2018-03-14,15:00:00,40.6,40.65,40.55,40.6,42808,0
2018-03-14,16:00:00,40.61,40.66,40.34,40.3453,204089,0
2018-03-14,17:00:00,40.34,40.47,40.27,40.43,152048,0
2018-03-14,18:00:00,40.425,40.505,40.34,40.375,183795,0
2018-03-14,19:00:00,40.38,40.47,40.33,40.44,59343,0
2018-03-14,20:00:00,40.4338,40.4599,40.33,40.44,76843,0
2018-03-14,21:00:00,40.46,40.485,40.38,40.45,144110,0
2018-03-15,15:00:00,40.75,40.78,40.66,40.6735,101079,0
2018-03-15,16:00:00,40.68,40.89,40.64,40.89,113714,0
2018-03-15,17:00:00,40.9,41.04,40.79,40.85,121857,0
2018-03-15,18:00:00,40.85,40.85,40.645,40.6752,213587,0
2018-03-15,19:00:00,40.679,40.71,40.63,40.64,69778,0
2018-03-15,20:00:00,40.645,40.67,40.56,40.58,74491,0
2018-03-15,21:00:00,40.57,40.64,40.53,40.55,269385,0
2018-03-16,15:00:00,40.54,40.57,40.5,40.54,147900,0
2018-03-16,16:00:00,40.55,40.68,40.52,40.58,193929,0
2018-03-16,17:00:00,40.59,40.7,40.585,40.69,115238,0
2018-03-16,18:00:00,40.69,40.7,40.6,40.64,163516,0
2018-03-16,19:00:00,40.67,40.75,40.655,40.725,162833,0
2018-03-16,20:00:00,40.73,40.8,40.72,40.7944,246316,0
2018-03-16,21:00:00,40.79,40.96,40.78,40.96,811110,0
2018-03-19,15:00:00,41.18,41.21,41.1,41.16,76107,0
2018-03-19,16:00:00,41.16,41.19,41.11,41.135,178104,0
2018-03-19,17:00:00,41.135,41.1739,40.87,40.91,160139,0
2018-03-19,18:00:00,40.91,40.92,40.64,40.68,150891,0
2018-03-19,19:00:00,40.67,40.69,40.5738,40.66,70172,0
2018-03-19,20:00:00,40.67,40.71,40.53,40.66,101632,0
2018-03-19,21:00:00,40.65,40.7899,40.58,40.75,143586,0
2018-03-20,15:00:00,40.11,40.23,40.08,40.11,101524,0
2018-03-20,16:00:00,40.11,40.32,40.1,40.32,69379,0
2018-03-20,17:00:00,40.32,40.44,40.29,40.31,93653,0
2018-03-20,18:00:00,40.325,40.4267,40.27,40.31,85717,0
2018-03-20,19:00:00,40.3157,40.4,40.3138,40.36,41441,0
2018-03-20,20:00:00,40.3501,40.44,40.31,40.4,103628,0
2018-03-20,21:00:00,40.41,40.445,40.26,40.28,213349,0
2018-03-21,15:00:00,40.05,40.11,39.92,39.93,90950,0
2018-03-21,16:00:00,39.92,39.94,39.78,39.84,136846,0
2018-03-21,17:00:00,39.85,39.93,39.805,39.88,240757,0
2018-03-21,18:00:00,39.88,39.92,39.805,39.9149,98473,0
2018-03-21,19:00:00,39.91,39.95,39.8,39.91,75183,0
2018-03-21,20:00:00,39.91,40.16,39.77,39.89,175998,0
2018-03-21,21:00:00,39.8943,40.07,39.8943,39.91,189404,0
2018-03-22,15:00:00,39.4,39.61,39.37,39.53,140913,0
2018-03-22,16:00:00,39.54,39.62,39.32,39.4893,326001,0
2018-03-22,17:00:00,39.49,39.605,39.45,39.51,126709,0
2018-03-22,18:00:00,39.51,39.82,39.38,39.75,117512,0
2018-03-22,19:00:00,39.75,39.84,39.65,39.78,66681,0
2018-03-22,20:00:00,39.7752,39.79,39.6699,39.68,65350,0
2018-03-22,21:00:00,39.68,39.73,39.385,39.43,229576,0
2018-03-23,15:00:00,39.57,39.635,39.4,39.47,88726,0
2018-03-23,16:00:00,39.48,39.59,39.31,39.4469,158787,0
2018-03-23,17:00:00,39.44,39.45,39.145,39.17,213262,0
2018-03-23,18:00:00,39.23,39.38,39.19,39.34,79324,0
2018-03-23,19:00:00,39.34,39.51,39.32,39.4932,76708,0
2018-03-23,20:00:00,39.5,39.51,39.34,39.34,210544,0
2018-03-23,21:00:00,39.35,39.58,39.29,39.33,964322,0
2018-03-26,16:00:00,39.82,39.9,39.74,39.74,138648,0
2018-03-26,17:00:00,39.73,39.785,39.33,39.3401,217850,0
2018-03-26,18:00:00,39.34,39.45,39.17,39.3499,258175,0
2018-03-26,19:00:00,39.35,39.51,39.3249,39.45,66392,0
2018-03-26,20:00:00,39.45,39.635,39.45,39.59,91760,0
2018-03-26,21:00:00,39.5801,39.885,39.5801,39.8699,160564,0
2018-03-26,22:00:00,39.8669,40,39.86,39.99,298893,0
2018-03-27,16:00:00,39.88,39.88,39.7162,39.755,123618,0
2018-03-27,17:00:00,39.76,39.825,39.57,39.6,107985,0
2018-03-27,18:00:00,39.57,39.76,39.51,39.71,129915,0
2018-03-27,19:00:00,39.71,39.75,39.62,39.75,138626,0
2018-03-27,20:00:00,39.77,39.8,39.6,39.67,96646,0
2018-03-27,21:00:00,39.66,39.71,39.51,39.51,97383,0
2018-03-27,22:00:00,39.5,39.51,39.19,39.34,303872,0
2018-03-28,16:00:00,39.82,40,39.77,39.98,91140,0
2018-03-28,17:00:00,40,40.0958,39.865,40.07,197427,0
2018-03-28,18:00:00,40.08,40.24,39.97,40.15,264792,0
2018-03-28,19:00:00,40.16,40.28,40.13,40.15,145763,0
2018-03-28,20:00:00,40.14,40.17,40.01,40.105,130329,0
2018-03-28,21:00:00,40.105,40.1199,39.98,40.02,132776,0
2018-03-28,22:00:00,40.01,40.035,39.89,39.96,321999,0
2018-03-29,16:00:00,40.18,40.27,40.0499,40.125,71979,0
2018-03-29,17:00:00,40.125,40.25,40.055,40.21,237533,0
2018-03-29,18:00:00,40.21,40.28,40.1,40.1125,86706,0
2018-03-29,19:00:00,40.12,40.15,40.07,40.14,77743,0
2018-03-29,20:00:00,40.14,40.185,40.1,40.17,84476,0
2018-03-29,21:00:00,40.16,40.25,40.135,40.235,93390,0
2018-03-29,22:00:00,40.225,40.27,40.01,40.08,261911,0
