Date,Time,Open,High,Low,Close,Volume,OpenInt
2017-09-05,16:00:00,28.642,28.671,28.629,28.635,8676,0
2017-09-05,17:00:00,28.64,28.671,28.64,28.671,3113,0
2017-09-05,18:00:00,28.678,28.691,28.671,28.676,101577,0
2017-09-05,19:00:00,28.671,28.691,28.671,28.691,4438,0
2017-09-05,20:00:00,28.691,28.693,28.681,28.693,5529,0
2017-09-05,21:00:00,28.691,28.691,28.691,28.691,3344,0
2017-09-05,22:00:00,28.696,28.706,28.691,28.706,3436,0
2017-09-06,16:00:00,28.686,28.718,28.686,28.718,1507,0
2017-09-06,17:00:00,28.686,28.711,28.662,28.688,86733,0
2017-09-06,18:00:00,28.681,28.7,28.681,28.699,3741,0
2017-09-06,19:00:00,28.688,28.716,28.686,28.686,6077,0
2017-09-06,20:00:00,28.652,28.666,28.645,28.652,11300,0
2017-09-06,21:00:00,28.649,28.657,28.632,28.657,62950,0
2017-09-06,22:00:00,28.632,28.657,28.632,28.632,6739,0
2017-09-07,16:00:00,28.681,28.681,28.67,28.681,3442,0
2017-09-07,17:00:00,28.706,28.727,28.706,28.717,2375,0
2017-09-07,18:00:00,28.736,28.736,28.731,28.736,2337,0
2017-09-07,19:00:00,28.716,28.716,28.706,28.706,1443,0
2017-09-07,20:00:00,28.701,28.711,28.698,28.703,6528,0
2017-09-07,21:00:00,28.7,28.709,28.696,28.706,8519,0
2017-09-07,22:00:00,28.706,28.731,28.706,28.731,1708,0
2017-09-08,16:00:00,28.716,28.725,28.706,28.706,4745,0
2017-09-08,17:00:00,28.711,28.711,28.691,28.71,5068,0
2017-09-08,18:00:00,28.699,28.699,28.699,28.699,2674,0
2017-09-08,19:00:00,28.717,28.725,28.706,28.706,4049,0
2017-09-08,20:00:00,28.708,28.731,28.69,28.711,7806,0
2017-09-08,21:00:00,28.722,28.722,28.703,28.713,4129,0
2017-09-08,22:00:00,28.726,28.731,28.681,28.681,3845,0
2017-09-11,16:00:00,28.632,28.686,28.632,28.652,76202,0
2017-09-11,17:00:00,28.652,28.652,28.652,28.652,305,0
2017-09-11,18:00:00,28.642,28.642,28.637,28.637,2028,0
2017-09-11,19:00:00,28.639,28.639,28.639,28.639,1405,0
2017-09-11,20:00:00,28.632,28.632,28.622,28.632,5821,0
2017-09-11,21:00:00,28.602,28.637,28.602,28.626,4558,0
2017-09-11,22:00:00,28.634,28.634,28.612,28.612,2426,0
2017-09-12,16:00:00,28.602,28.602,28.57,28.57,2512,0
2017-09-12,17:00:00,28.575,28.592,28.575,28.577,11127,0
2017-09-12,19:00:00,28.577,28.587,28.577,28.577,2808,0
2017-09-12,20:00:00,28.575,28.575,28.562,28.562,1209,0
2017-09-12,21:00:00,28.572,28.595,28.571,28.578,94177,0
2017-09-12,22:00:00,28.579,28.584,28.579,28.584,764,0
2017-09-13,16:00:00,28.587,28.587,28.587,28.587,1331,0
2017-09-13,17:00:00,28.579,28.582,28.547,28.572,45087,0
2017-09-13,18:00:00,28.572,28.577,28.57,28.572,4184,0
2017-09-13,19:00:00,28.572,28.577,28.569,28.572,12573,0
2017-09-13,20:00:00,28.567,28.582,28.562,28.575,8777,0
2017-09-13,21:00:00,28.577,28.577,28.562,28.562,3883,0
2017-09-13,22:00:00,28.567,28.567,28.542,28.542,7461,0
2017-09-14,16:00:00,28.508,28.552,28.508,28.552,5557,0
2017-09-14,17:00:00,28.545,28.545,28.542,28.542,2217,0
2017-09-14,18:00:00,28.537,28.552,28.537,28.552,4899,0
2017-09-14,19:00:00,28.552,28.562,28.552,28.557,5358,0
2017-09-14,20:00:00,28.547,28.547,28.547,28.547,1355,0
2017-09-14,21:00:00,28.55,28.557,28.537,28.557,9592,0
2017-09-14,22:00:00,28.552,28.567,28.537,28.562,14064,0
2017-09-15,16:00:00,28.552,28.567,28.552,28.559,1052,0
2017-09-15,17:00:00,28.567,28.577,28.547,28.547,6012,0
2017-09-15,18:00:00,28.554,28.554,28.554,28.554,281,0
2017-09-15,19:00:00,28.562,28.567,28.562,28.562,5779,0
2017-09-15,20:00:00,28.562,28.567,28.558,28.558,15147,0
2017-09-15,21:00:00,28.562,28.562,28.557,28.557,1566,0
2017-09-15,22:00:00,28.562,28.562,28.557,28.56,6130,0
2017-09-18,16:00:00,28.537,28.547,28.537,28.542,1706,0
2017-09-18,17:00:00,28.537,28.557,28.52,28.537,17027,0
2017-09-18,18:00:00,28.537,28.537,28.529,28.537,8219,0
2017-09-18,19:00:00,28.533,28.542,28.533,28.537,4131,0
2017-09-18,20:00:00,28.537,28.542,28.533,28.533,7740,0
2017-09-18,21:00:00,28.528,28.542,28.523,28.542,10301,0
2017-09-18,22:00:00,28.539,28.542,28.518,28.523,3300,0
2017-09-19,16:00:00,28.542,28.542,28.528,28.533,21315,0
2017-09-19,17:00:00,28.537,28.547,28.535,28.537,25530,0
2017-09-19,18:00:00,28.537,28.537,28.513,28.513,11266,0
2017-09-19,19:00:00,28.53,28.53,28.528,28.528,812,0
2017-09-19,20:00:00,28.528,28.53,28.523,28.528,10187,0
2017-09-19,21:00:00,28.528,28.533,28.528,28.533,5090,0
2017-09-19,22:00:00,28.527,28.542,28.523,28.528,4300,0
2017-09-20,16:00:00,28.547,28.547,28.508,28.508,2778,0
2017-09-20,17:00:00,28.533,28.552,28.533,28.547,5314,0
2017-09-20,19:00:00,28.537,28.537,28.528,28.528,1381,0
2017-09-20,20:00:00,28.526,28.552,28.518,28.536,9105,0
2017-09-20,21:00:00,28.488,28.488,28.466,28.466,3267,0
2017-09-20,22:00:00,28.481,28.498,28.481,28.498,4161,0
2017-09-21,16:00:00,28.518,28.518,28.503,28.508,2622,0
2017-09-21,17:00:00,28.513,28.523,28.513,28.523,1325,0
2017-09-21,18:00:00,28.523,28.523,28.518,28.518,4683,0
2017-09-21,19:00:00,28.518,28.522,28.518,28.518,2788,0
2017-09-21,20:00:00,28.498,28.513,28.495,28.508,12523,0
2017-09-21,21:00:00,28.508,28.508,28.488,28.493,1197,0
2017-09-21,22:00:00,28.503,28.508,28.483,28.488,11125,0
2017-09-22,16:00:00,28.537,28.542,28.537,28.542,4077,0
2017-09-22,17:00:00,28.523,28.533,28.523,28.533,2436,0
2017-09-22,18:00:00,28.518,28.523,28.507,28.518,25159,0
2017-09-22,19:00:00,28.508,28.518,28.508,28.514,862,0
2017-09-22,20:00:00,28.508,28.523,28.508,28.522,4314,0
2017-09-22,21:00:00,28.508,28.528,28.508,28.519,8938,0
2017-09-22,22:00:00,28.518,28.523,28.508,28.523,4853,0
2017-09-25,16:00:00,28.533,28.537,28.533,28.533,4520,0
2017-09-25,17:00:00,28.552,28.557,28.552,28.557,405,0
2017-09-25,18:00:00,28.577,28.577,28.567,28.574,3187,0
2017-09-25,19:00:00,28.572,28.572,28.572,28.572,1012,0
2017-09-25,20:00:00,28.562,28.582,28.562,28.575,7708,0
2017-09-25,21:00:00,28.562,28.582,28.562,28.579,1997,0
2017-09-25,22:00:00,28.579,28.586,28.548,28.582,8054,0
2017-09-26,16:00:00,28.572,28.572,28.557,28.557,541,0
2017-09-26,17:00:00,28.562,28.565,28.56,28.562,26911,0
2017-09-26,18:00:00,28.557,28.562,28.551,28.557,1862,0
2017-09-26,19:00:00,28.562,28.568,28.562,28.568,3759,0
2017-09-26,20:00:00,28.557,28.578,28.557,28.576,8660,0
2017-09-26,21:00:00,28.58,28.58,28.572,28.579,1686,0
2017-09-26,22:00:00,28.577,28.579,28.572,28.572,4598,0
2017-09-27,16:00:00,28.498,28.498,28.478,28.478,3710,0
2017-09-27,17:00:00,28.483,28.498,28.483,28.493,2127,0
2017-09-27,18:00:00,28.493,28.493,28.488,28.488,2919,0
2017-09-27,19:00:00,28.482,28.488,28.478,28.478,3749,0
2017-09-27,20:00:00,28.483,28.488,28.473,28.473,7607,0
2017-09-27,21:00:00,28.473,28.478,28.468,28.473,4763,0
2017-09-27,22:00:00,28.478,28.478,28.473,28.478,3696,0
2017-09-28,16:00:00,28.463,28.463,28.448,28.458,8622,0
2017-09-28,17:00:00,28.463,28.468,28.453,28.453,261716,0
2017-09-28,18:00:00,28.448,28.458,28.448,28.457,2175,0
2017-09-28,19:00:00,28.458,28.473,28.458,28.473,1465,0
2017-09-28,20:00:00,28.488,28.488,28.468,28.476,12810,0
2017-09-28,21:00:00,28.483,28.488,28.478,28.488,4613,0
2017-09-28,22:00:00,28.483,28.488,28.471,28.473,7247,0
2017-09-29,16:00:00,28.498,28.508,28.478,28.478,2053,0
2017-09-29,17:00:00,28.463,28.478,28.461,28.478,25844,0
2017-09-29,18:00:00,28.488,28.488,28.478,28.483,3733,0
2017-09-29,19:00:00,28.478,28.493,28.468,28.473,13036,0
2017-09-29,20:00:00,28.483,28.493,28.468,28.479,17231,0
2017-09-29,21:00:00,28.473,28.493,28.473,28.483,6677,0
2017-09-29,22:00:00,28.468,28.473,28.458,28.468,177598,0
2017-10-02,16:00:00,28.498,28.498,28.498,28.498,4182,0
2017-10-02,17:00:00,28.478,28.493,28.467,28.493,3213,0
2017-10-02,18:00:00,28.491,28.493,28.488,28.488,1010,0
2017-10-02,19:00:00,28.488,28.498,28.483,28.483,2518,0
2017-10-02,20:00:00,28.482,28.483,28.482,28.483,449,0
2017-10-02,21:00:00,28.483,28.496,28.483,28.496,10598,0
2017-10-02,22:00:00,28.491,28.491,28.473,28.483,6467,0
2017-10-03,16:00:00,28.488,28.503,28.488,28.503,24791,0
2017-10-03,17:00:00,28.503,28.523,28.5,28.516,5428,0
2017-10-03,18:00:00,28.508,28.523,28.508,28.516,5064,0
2017-10-03,20:00:00,28.503,28.518,28.503,28.518,5521,0
2017-10-03,21:00:00,28.518,28.518,28.508,28.518,5751,0
2017-10-03,22:00:00,28.522,28.526,28.513,28.513,2828,0
2017-10-04,16:00:00,28.518,28.523,28.503,28.503,5723,0
2017-10-04,17:00:00,28.503,28.513,28.487,28.492,4296,0
2017-10-04,18:00:00,28.497,28.508,28.492,28.493,2578,0
2017-10-04,19:00:00,28.495,28.528,28.495,28.511,8457,0
2017-10-04,20:00:00,28.508,28.513,28.503,28.506,12280,0
2017-10-04,21:00:00,28.51,28.517,28.508,28.515,3069,0
2017-10-04,22:00:00,28.516,28.537,28.508,28.537,7746,0
2017-10-05,16:00:00,28.513,28.513,28.488,28.488,7048,0
2017-10-05,17:00:00,28.488,28.493,28.463,28.468,7655,0
2017-10-05,18:00:00,28.47,28.473,28.47,28.473,1696,0
2017-10-05,19:00:00,28.468,28.468,28.465,28.468,2085,0
2017-10-05,20:00:00,28.468,28.484,28.463,28.478,8036,0
2017-10-05,21:00:00,28.476,28.478,28.476,28.478,1008,0
2017-10-05,22:00:00,28.478,28.483,28.473,28.473,7944,0
2017-10-06,16:00:00,28.414,28.424,28.389,28.389,2646,0
2017-10-06,17:00:00,28.409,28.444,28.409,28.444,6471,0
2017-10-06,18:00:00,28.453,28.473,28.452,28.468,12643,0
2017-10-06,19:00:00,28.463,28.493,28.458,28.473,186993,0
2017-10-06,20:00:00,28.481,28.483,28.458,28.458,45163,0
2017-10-06,21:00:00,28.482,28.482,28.463,28.463,8301,0
2017-10-06,22:00:00,28.453,28.461,28.453,28.453,38042,0
2017-10-09,16:00:00,28.468,28.468,28.444,28.444,1281,0
2017-10-09,17:00:00,28.46,28.46,28.448,28.456,3269,0
2017-10-09,18:00:00,28.468,28.478,28.458,28.478,6675,0
2017-10-09,19:00:00,28.473,28.473,28.473,28.473,297,0
2017-10-09,20:00:00,28.466,28.483,28.463,28.468,3374,0
2017-10-09,21:00:00,28.461,28.471,28.453,28.466,2680,0
2017-10-09,22:00:00,28.458,28.468,28.444,28.444,810,0
2017-10-10,16:00:00,28.483,28.483,28.478,28.481,6058,0
2017-10-10,17:00:00,28.513,28.518,28.503,28.503,206778,0
2017-10-10,18:00:00,28.518,28.518,28.508,28.508,505,0
2017-10-10,19:00:00,28.503,28.511,28.493,28.505,4398,0
2017-10-10,20:00:00,28.506,28.508,28.493,28.5,2925,0
2017-10-10,21:00:00,28.496,28.511,28.493,28.503,65680,0
2017-10-10,22:00:00,28.498,28.513,28.463,28.463,63533,0
2017-10-11,16:00:00,28.518,28.518,28.513,28.518,2353,0
2017-10-11,17:00:00,28.503,28.511,28.498,28.498,4771,0
2017-10-11,18:00:00,28.503,28.503,28.483,28.498,2760,0
2017-10-11,19:00:00,28.498,28.508,28.483,28.498,2730,0
2017-10-11,20:00:00,28.483,28.503,28.483,28.487,4510,0
2017-10-11,21:00:00,28.498,28.503,28.495,28.495,1235,0
2017-10-11,22:00:00,28.473,28.498,28.473,28.488,2317,0
2017-10-12,16:00:00,28.503,28.508,28.503,28.505,25717,0
2017-10-12,17:00:00,28.503,28.503,28.493,28.498,15275,0
2017-10-12,18:00:00,28.496,28.498,28.496,28.498,1638,0
2017-10-12,19:00:00,28.496,28.498,28.486,28.49,1792,0
2017-10-12,20:00:00,28.483,28.508,28.476,28.508,2045,0
2017-10-12,21:00:00,28.508,28.518,28.505,28.511,7641,0
2017-10-12,22:00:00,28.514,28.514,28.503,28.503,2101,0
2017-10-13,16:00:00,28.567,28.567,28.562,28.562,2267,0
2017-10-13,17:00:00,28.552,28.552,28.544,28.552,1906,0
2017-10-13,18:00:00,28.567,28.569,28.565,28.569,3348,0
2017-10-13,19:00:00,28.572,28.577,28.572,28.577,8556,0
2017-10-13,20:00:00,28.577,28.592,28.567,28.592,37279,0
2017-10-13,21:00:00,28.585,28.587,28.582,28.582,3334,0
2017-10-13,22:00:00,28.582,28.582,28.582,28.582,3035,0
2017-10-16,16:00:00,28.537,28.577,28.537,28.547,845,0
2017-10-16,17:00:00,28.547,28.567,28.537,28.557,2148,0
2017-10-16,18:00:00,28.577,28.577,28.547,28.557,3042,0
2017-10-16,19:00:00,28.577,28.587,28.557,28.567,580,0
2017-10-16,20:00:00,28.577,28.577,28.557,28.557,1807,0
2017-10-16,21:00:00,28.557,28.567,28.547,28.567,3334,0
2017-10-16,22:00:00,28.557,28.577,28.547,28.577,11754,0
2017-10-17,16:00:00,28.547,28.597,28.518,28.547,7174,0
2017-10-17,17:00:00,28.557,28.577,28.539,28.577,5391,0
2017-10-17,18:00:00,28.568,28.577,28.547,28.567,6274,0
2017-10-17,19:00:00,28.567,28.577,28.547,28.547,17140,0
2017-10-17,20:00:00,28.577,28.577,28.547,28.564,3183,0
2017-10-17,21:00:00,28.557,28.577,28.547,28.566,5996,0
2017-10-17,22:00:00,28.567,28.577,28.557,28.567,7976,0
2017-10-18,16:00:00,28.498,28.537,28.494,28.513,8867,0
2017-10-18,17:00:00,28.493,28.528,28.478,28.528,16841,0
2017-10-18,18:00:00,28.524,28.528,28.498,28.508,7441,0
2017-10-18,19:00:00,28.518,28.528,28.498,28.513,24648,0
2017-10-18,20:00:00,28.514,28.528,28.498,28.528,6073,0
2017-10-18,21:00:00,28.519,28.528,28.508,28.528,17051,0
2017-10-18,22:00:00,28.528,28.528,28.498,28.528,14251,0
2017-10-19,16:00:00,28.528,28.567,28.508,28.563,20746,0
2017-10-19,17:00:00,28.567,28.577,28.547,28.557,10100,0
2017-10-19,18:00:00,28.556,28.577,28.544,28.544,8845,0
2017-10-19,19:00:00,28.557,28.557,28.518,28.537,10988,0
2017-10-19,20:00:00,28.537,28.547,28.518,28.533,39800,0
2017-10-19,21:00:00,28.539,28.54,28.508,28.537,10454,0
2017-10-19,22:00:00,28.524,28.547,28.498,28.508,33424,0
2017-10-20,16:00:00,28.478,28.482,28.458,28.478,23486,0
2017-10-20,17:00:00,28.478,28.486,28.468,28.47,2510,0
2017-10-20,18:00:00,28.481,28.488,28.458,28.468,53773,0
2017-10-20,19:00:00,28.473,28.488,28.451,28.478,17188,0
2017-10-20,20:00:00,28.468,28.478,28.458,28.468,17392,0
2017-10-20,21:00:00,28.478,28.488,28.468,28.486,30762,0
2017-10-20,22:00:00,28.483,28.488,28.478,28.478,31641,0
2017-10-23,16:00:00,28.498,28.506,28.483,28.506,5569,0
2017-10-23,17:00:00,28.498,28.518,28.488,28.518,19796,0
2017-10-23,18:00:00,28.518,28.518,28.488,28.508,4128,0
2017-10-23,19:00:00,28.503,28.503,28.419,28.473,87399,0
2017-10-23,20:00:00,28.448,28.498,28.419,28.419,51622,0
2017-10-23,21:00:00,28.439,28.518,28.419,28.511,254635,0
2017-10-23,22:00:00,28.498,28.528,28.439,28.439,80265,0
2017-10-24,16:00:00,28.458,28.478,28.454,28.465,13130,0
2017-10-24,17:00:00,28.463,28.478,28.463,28.468,20781,0
2017-10-24,18:00:00,28.468,28.477,28.439,28.458,21998,0
2017-10-24,19:00:00,28.458,28.466,28.454,28.458,17175,0
2017-10-24,20:00:00,28.458,28.478,28.439,28.458,65630,0
2017-10-24,21:00:00,28.458,28.468,28.458,28.458,6185,0
2017-10-24,22:00:00,28.468,28.468,28.439,28.458,53677,0
2017-10-25,16:00:00,28.399,28.419,28.398,28.409,16055,0
2017-10-25,17:00:00,28.379,28.419,28.359,28.389,40792,0
2017-10-25,18:00:00,28.389,28.409,28.379,28.409,89262,0
2017-10-25,19:00:00,28.401,28.419,28.399,28.409,44432,0
2017-10-25,20:00:00,28.409,28.419,28.409,28.419,57062,0
2017-10-25,21:00:00,28.414,28.424,28.379,28.419,146438,0
2017-10-25,22:00:00,28.414,28.429,28.409,28.419,60004,0
2017-10-26,16:00:00,28.458,28.458,28.409,28.419,21502,0
2017-10-26,17:00:00,28.399,28.418,28.399,28.399,39426,0
2017-10-26,18:00:00,28.405,28.439,28.399,28.429,50337,0
2017-10-26,19:00:00,28.429,28.439,28.419,28.429,40781,0
2017-10-26,20:00:00,28.437,28.437,28.374,28.409,41146,0
2017-10-26,21:00:00,28.399,28.409,28.398,28.399,141235,0
2017-10-26,22:00:00,28.409,28.409,28.379,28.399,77950,0
2017-10-27,16:00:00,28.379,28.419,28.379,28.409,5622,0
2017-10-27,17:00:00,28.399,28.439,28.399,28.439,35114,0
2017-10-27,18:00:00,28.434,28.448,28.419,28.439,35942,0
2017-10-27,19:00:00,28.439,28.446,28.409,28.409,41924,0
2017-10-27,20:00:00,28.437,28.439,28.409,28.434,14064,0
2017-10-27,21:00:00,28.433,28.439,28.409,28.431,66102,0
2017-10-27,22:00:00,28.429,28.448,28.429,28.448,144329,0
2017-10-30,15:00:00,28.488,28.496,28.459,28.478,13122,0
2017-10-30,16:00:00,28.478,28.488,28.473,28.488,596,0
2017-10-30,17:00:00,28.489,28.518,28.468,28.502,21610,0
2017-10-30,18:00:00,28.488,28.516,28.488,28.498,21984,0
2017-10-30,19:00:00,28.488,28.508,28.488,28.506,20557,0
2017-10-30,20:00:00,28.499,28.518,28.488,28.495,56783,0
2017-10-30,21:00:00,28.498,28.528,28.488,28.521,69309,0
2017-10-31,15:00:00,28.528,28.528,28.498,28.52,9848,0
2017-10-31,16:00:00,28.508,28.518,28.508,28.518,8276,0
2017-10-31,17:00:00,28.518,28.528,28.508,28.508,5062,0
2017-10-31,18:00:00,28.518,28.518,28.498,28.518,17538,0
2017-10-31,19:00:00,28.498,28.518,28.488,28.488,64102,0
2017-10-31,20:00:00,28.493,28.518,28.488,28.488,216398,0
2017-10-31,21:00:00,28.511,28.518,28.488,28.488,47750,0
2017-11-01,15:00:00,28.513,28.513,28.483,28.513,14275,0
2017-11-01,16:00:00,28.513,28.542,28.501,28.533,22194,0
2017-11-01,17:00:00,28.528,28.536,28.513,28.536,23539,0
2017-11-01,18:00:00,28.533,28.54,28.513,28.533,13504,0
2017-11-01,19:00:00,28.532,28.552,28.523,28.542,49729,0
2017-11-01,20:00:00,28.55,28.552,28.503,28.512,39451,0
2017-11-01,21:00:00,28.513,28.523,28.503,28.503,26824,0
2017-11-02,15:00:00,28.542,28.542,28.524,28.533,14302,0
2017-11-02,16:00:00,28.533,28.562,28.533,28.537,28813,0
2017-11-02,17:00:00,28.537,28.552,28.533,28.552,50056,0
2017-11-02,18:00:00,28.552,28.552,28.523,28.542,67941,0
2017-11-02,19:00:00,28.542,28.552,28.503,28.552,113428,0
2017-11-02,20:00:00,28.552,28.552,28.533,28.542,68041,0
2017-11-02,21:00:00,28.542,28.562,28.513,28.552,33859,0
2017-11-03,15:00:00,28.542,28.562,28.542,28.552,3097,0
2017-11-03,16:00:00,28.552,28.571,28.542,28.542,42541,0
2017-11-03,17:00:00,28.546,28.569,28.537,28.552,12585,0
2017-11-03,18:00:00,28.56,28.57,28.543,28.561,17206,0
2017-11-03,19:00:00,28.557,28.572,28.549,28.562,17882,0
2017-11-03,20:00:00,28.562,28.572,28.552,28.566,24389,0
2017-11-03,21:00:00,28.561,28.582,28.554,28.562,43586,0
2017-11-06,16:00:00,28.592,28.596,28.572,28.596,19170,0
2017-11-06,17:00:00,28.592,28.599,28.572,28.582,22998,0
2017-11-06,18:00:00,28.582,28.602,28.582,28.592,15060,0
2017-11-06,19:00:00,28.592,28.602,28.582,28.592,23732,0
2017-11-06,20:00:00,28.589,28.612,28.582,28.602,23381,0
2017-11-06,21:00:00,28.602,28.612,28.592,28.602,26661,0
2017-11-06,22:00:00,28.602,28.612,28.582,28.602,102793,0
2017-11-07,16:00:00,28.602,28.602,28.562,28.562,15090,0
2017-11-07,17:00:00,28.587,28.602,28.572,28.602,20151,0
2017-11-07,19:00:00,28.592,28.602,28.572,28.602,188812,0
2017-11-07,20:00:00,28.601,28.602,28.582,28.592,16046,0
2017-11-07,21:00:00,28.601,28.622,28.588,28.602,60792,0
2017-11-07,22:00:00,28.597,28.612,28.589,28.602,79936,0
2017-11-08,16:00:00,28.602,28.612,28.592,28.593,16723,0
2017-11-08,17:00:00,28.596,28.602,28.582,28.582,14782,0
2017-11-08,18:00:00,28.592,28.602,28.582,28.597,49937,0
2017-11-08,19:00:00,28.597,28.602,28.552,28.571,116172,0
2017-11-08,20:00:00,28.58,28.582,28.552,28.582,40575,0
2017-11-08,21:00:00,28.582,28.602,28.572,28.595,171847,0
2017-11-08,22:00:00,28.596,28.597,28.572,28.572,62215,0
2017-11-09,16:00:00,28.552,28.552,28.533,28.552,12802,0
2017-11-09,17:00:00,28.557,28.557,28.533,28.542,135372,0
2017-11-09,18:00:00,28.542,28.562,28.533,28.562,28604,0
2017-11-09,19:00:00,28.562,28.582,28.552,28.572,36032,0
2017-11-09,20:00:00,28.572,28.582,28.542,28.542,46643,0
2017-11-09,21:00:00,28.562,28.572,28.542,28.562,83755,0
2017-11-09,22:00:00,28.557,28.572,28.542,28.572,109519,0
2017-11-10,16:00:00,28.503,28.523,28.473,28.523,18896,0
2017-11-10,17:00:00,28.478,28.483,28.463,28.473,23182,0
2017-11-10,18:00:00,28.503,28.532,28.463,28.473,27133,0
2017-11-10,19:00:00,28.463,28.483,28.463,28.483,18774,0
2017-11-10,20:00:00,28.49,28.493,28.463,28.483,31313,0
2017-11-10,21:00:00,28.477,28.49,28.463,28.481,27687,0
2017-11-10,22:00:00,28.473,28.493,28.463,28.463,116919,0
2017-11-13,16:00:00,28.473,28.473,28.453,28.463,37348,0
2017-11-13,17:00:00,28.463,28.473,28.443,28.453,34657,0
2017-11-13,18:00:00,28.453,28.463,28.443,28.458,29092,0
2017-11-13,19:00:00,28.453,28.463,28.453,28.453,19063,0
2017-11-13,20:00:00,28.458,28.461,28.443,28.45,24252,0
2017-11-13,21:00:00,28.453,28.468,28.443,28.448,26940,0
2017-11-13,22:00:00,28.443,28.453,28.443,28.453,59284,0
2017-11-14,16:00:00,28.453,28.473,28.437,28.462,16345,0
2017-11-14,17:00:00,28.458,28.481,28.458,28.473,12903,0
2017-11-14,18:00:00,28.463,28.483,28.46,28.473,84003,0
2017-11-14,19:00:00,28.471,28.476,28.453,28.453,53053,0
2017-11-14,20:00:00,28.472,28.483,28.453,28.468,47126,0
2017-11-14,21:00:00,28.47,28.475,28.453,28.473,44294,0
2017-11-14,22:00:00,28.473,28.483,28.459,28.473,80933,0
2017-11-15,16:00:00,28.523,28.523,28.507,28.523,16564,0
2017-11-15,17:00:00,28.493,28.513,28.483,28.493,29150,0
2017-11-15,18:00:00,28.493,28.503,28.473,28.502,31473,0
2017-11-15,19:00:00,28.503,28.533,28.493,28.503,36872,0
2017-11-15,20:00:00,28.503,28.531,28.503,28.513,17038,0
2017-11-15,21:00:00,28.514,28.531,28.513,28.513,31857,0
2017-11-15,22:00:00,28.513,28.552,28.513,28.542,87125,0
2017-11-16,16:00:00,28.513,28.523,28.494,28.523,17625,0
2017-11-16,17:00:00,28.523,28.529,28.513,28.523,20100,0
2017-11-16,18:00:00,28.525,28.531,28.513,28.522,23239,0
2017-11-16,19:00:00,28.523,28.531,28.513,28.518,42388,0
2017-11-16,20:00:00,28.513,28.533,28.503,28.526,16259,0
2017-11-16,21:00:00,28.513,28.53,28.506,28.523,31527,0
2017-11-16,22:00:00,28.522,28.53,28.493,28.503,71683,0
2017-11-17,16:00:00,28.493,28.533,28.493,28.515,246272,0
2017-11-17,17:00:00,28.525,28.526,28.502,28.51,37288,0
2017-11-17,18:00:00,28.513,28.533,28.503,28.533,24744,0
2017-11-17,19:00:00,28.534,28.534,28.523,28.533,15094,0
2017-11-17,20:00:00,28.536,28.542,28.523,28.523,40566,0
2017-11-17,21:00:00,28.523,28.533,28.503,28.514,54136,0
2017-11-17,22:00:00,28.513,28.533,28.503,28.533,27891,0
2017-11-20,16:00:00,28.513,28.523,28.503,28.523,14876,0
2017-11-20,17:00:00,28.523,28.531,28.503,28.503,24447,0
2017-11-20,18:00:00,28.502,28.523,28.502,28.513,159236,0
2017-11-20,19:00:00,28.506,28.513,28.493,28.508,102295,0
2017-11-20,20:00:00,28.503,28.513,28.503,28.503,34119,0
2017-11-20,21:00:00,28.508,28.516,28.502,28.503,45505,0
2017-11-20,22:00:00,28.512,28.523,28.503,28.523,106196,0
2017-11-21,16:00:00,28.513,28.533,28.513,28.523,24961,0
2017-11-21,17:00:00,28.533,28.542,28.513,28.513,41736,0
2017-11-21,18:00:00,28.513,28.53,28.505,28.526,28425,0
2017-11-21,19:00:00,28.522,28.533,28.493,28.499,53760,0
2017-11-21,20:00:00,28.493,28.523,28.493,28.503,136200,0
2017-11-21,21:00:00,28.508,28.523,28.493,28.518,87506,0
2017-11-21,22:00:00,28.515,28.533,28.503,28.503,178641,0
2017-11-22,16:00:00,28.552,28.552,28.542,28.552,4465,0
2017-11-22,17:00:00,28.552,28.582,28.534,28.552,263344,0
2017-11-22,18:00:00,28.542,28.572,28.542,28.562,15555,0
2017-11-22,19:00:00,28.562,28.572,28.557,28.562,42657,0
2017-11-22,20:00:00,28.562,28.572,28.552,28.572,77359,0
2017-11-22,21:00:00,28.572,28.602,28.562,28.582,58610,0
2017-11-22,22:00:00,28.582,28.592,28.572,28.592,135172,0
2017-11-24,16:00:00,28.592,28.592,28.552,28.562,10902,0
2017-11-24,17:00:00,28.562,28.582,28.562,28.572,16159,0
2017-11-24,18:00:00,28.573,28.577,28.562,28.577,6286,0
2017-11-24,19:00:00,28.572,28.582,28.572,28.572,42394,0
2017-11-24,20:00:00,28.592,28.592,28.592,28.592,105,0
2017-11-24,22:00:00,28.592,28.592,28.592,28.592,0,0
2017-11-27,16:00:00,28.592,28.592,28.572,28.577,13927,0
2017-11-27,17:00:00,28.577,28.582,28.552,28.569,34053,0
2017-11-27,18:00:00,28.572,28.592,28.562,28.582,31488,0
2017-11-27,19:00:00,28.582,28.589,28.568,28.582,50823,0
2017-11-27,20:00:00,28.582,28.592,28.562,28.592,19911,0
2017-11-27,21:00:00,28.582,28.592,28.58,28.582,121471,0
2017-11-27,22:00:00,28.582,28.592,28.572,28.572,94202,0
2017-11-28,16:00:00,28.602,28.602,28.572,28.572,7682,0
2017-11-28,17:00:00,28.587,28.608,28.582,28.592,29723,0
2017-11-28,18:00:00,28.592,28.612,28.592,28.602,56760,0
2017-11-28,19:00:00,28.602,28.615,28.592,28.602,38367,0
2017-11-28,20:00:00,28.605,28.605,28.563,28.572,42219,0
2017-11-28,21:00:00,28.582,28.592,28.562,28.572,101963,0
2017-11-28,22:00:00,28.582,28.592,28.562,28.582,192519,0
2017-11-29,16:00:00,28.542,28.552,28.523,28.523,9424,0
2017-11-29,17:00:00,28.522,28.542,28.503,28.522,25485,0
2017-11-29,18:00:00,28.513,28.542,28.503,28.523,29798,0
2017-11-29,19:00:00,28.523,28.54,28.523,28.523,51044,0
2017-11-29,20:00:00,28.523,28.542,28.503,28.523,43148,0
2017-11-29,21:00:00,28.528,28.542,28.503,28.513,397400,0
2017-11-29,22:00:00,28.513,28.542,28.509,28.533,116487,0
2017-11-30,16:00:00,28.513,28.523,28.503,28.513,23401,0
2017-11-30,17:00:00,28.517,28.531,28.512,28.521,29019,0
2017-11-30,18:00:00,28.519,28.519,28.503,28.508,83380,0
2017-11-30,19:00:00,28.508,28.508,28.473,28.483,39883,0
2017-11-30,20:00:00,28.477,28.479,28.463,28.473,28337,0
2017-11-30,21:00:00,28.467,28.482,28.463,28.482,85758,0
2017-11-30,22:00:00,28.478,28.501,28.473,28.493,104179,0
2017-12-01,16:00:00,28.487,28.535,28.485,28.535,41432,0
2017-12-01,17:00:00,28.522,28.537,28.467,28.507,33771,0
2017-12-01,18:00:00,28.517,28.597,28.517,28.557,44333,0
2017-12-01,19:00:00,28.545,28.575,28.527,28.547,28537,0
2017-12-01,20:00:00,28.552,28.567,28.532,28.542,45473,0
2017-12-01,21:00:00,28.534,28.567,28.534,28.567,295774,0
2017-12-01,22:00:00,28.557,28.567,28.537,28.537,300657,0
2017-12-04,16:00:00,28.537,28.547,28.517,28.537,28154,0
2017-12-04,17:00:00,28.537,28.567,28.537,28.557,51702,0
2017-12-04,18:00:00,28.563,28.563,28.537,28.542,46930,0
2017-12-04,19:00:00,28.542,28.567,28.539,28.557,65407,0
2017-12-04,20:00:00,28.557,28.567,28.547,28.562,99942,0
2017-12-04,21:00:00,28.562,28.57,28.537,28.552,95469,0
2017-12-04,22:00:00,28.552,28.567,28.547,28.567,115413,0
2017-12-05,16:00:00,28.547,28.557,28.537,28.547,21574,0
2017-12-05,17:00:00,28.537,28.577,28.537,28.547,58150,0
2017-12-05,18:00:00,28.527,28.557,28.527,28.547,31876,0
2017-12-05,19:00:00,28.557,28.577,28.547,28.567,1474681,0
2017-12-05,20:00:00,28.557,28.565,28.537,28.557,54077,0
2017-12-05,21:00:00,28.556,28.577,28.541,28.562,217675,0
2017-12-05,22:00:00,28.567,28.577,28.557,28.577,150134,0
2017-12-06,16:00:00,28.647,28.647,28.607,28.627,36250,0
2017-12-06,17:00:00,28.637,28.651,28.617,28.636,18448,0
2017-12-06,18:00:00,28.643,28.655,28.607,28.617,60638,0
2017-12-06,19:00:00,28.617,28.637,28.607,28.617,83856,0
2017-12-06,20:00:00,28.622,28.647,28.617,28.627,126723,0
2017-12-06,21:00:00,28.627,28.627,28.607,28.612,181901,0
2017-12-06,22:00:00,28.612,28.632,28.607,28.617,99759,0
2017-12-07,16:00:00,28.627,28.647,28.587,28.641,9521,0
2017-12-07,17:00:00,28.646,28.646,28.612,28.627,19920,0
2017-12-07,18:00:00,28.627,28.647,28.619,28.631,24609,0
2017-12-07,19:00:00,28.637,28.647,28.617,28.627,60302,0
2017-12-07,20:00:00,28.626,28.628,28.597,28.607,77194,0
2017-12-07,21:00:00,28.607,28.607,28.577,28.577,51050,0
2017-12-07,22:00:00,28.577,28.617,28.577,28.587,97793,0
2017-12-08,16:00:00,28.597,28.597,28.577,28.587,15937,0
2017-12-08,17:00:00,28.577,28.597,28.547,28.582,81444,0
2017-12-08,18:00:00,28.582,28.591,28.567,28.577,234722,0
2017-12-08,19:00:00,28.571,28.577,28.567,28.576,28474,0
2017-12-08,20:00:00,28.572,28.572,28.552,28.552,40239,0
2017-12-08,21:00:00,28.557,28.567,28.547,28.552,71403,0
2017-12-08,22:00:00,28.555,28.567,28.549,28.567,79212,0
2017-12-11,16:00:00,28.587,28.617,28.577,28.577,18371,0
2017-12-11,17:00:00,28.587,28.597,28.557,28.587,31539,0
2017-12-11,18:00:00,28.587,28.597,28.567,28.587,33000,0
2017-12-11,19:00:00,28.587,28.596,28.557,28.577,18724,0
2017-12-11,20:00:00,28.567,28.577,28.552,28.552,32880,0
2017-12-11,21:00:00,28.552,28.566,28.537,28.557,55324,0
2017-12-11,22:00:00,28.557,28.567,28.537,28.537,187889,0
2017-12-12,16:00:00,28.557,28.557,28.507,28.533,30834,0
2017-12-12,17:00:00,28.532,28.545,28.508,28.537,54431,0
2017-12-12,18:00:00,28.525,28.527,28.517,28.522,17928,0
2017-12-12,19:00:00,28.527,28.527,28.517,28.522,32132,0
2017-12-12,20:00:00,28.527,28.537,28.507,28.527,36110,0
2017-12-12,21:00:00,28.537,28.537,28.517,28.527,32445,0
2017-12-12,22:00:00,28.526,28.537,28.524,28.537,114027,0
2017-12-13,16:00:00,28.587,28.587,28.547,28.572,11603,0
2017-12-13,17:00:00,28.557,28.572,28.547,28.557,28887,0
2017-12-13,18:00:00,28.567,28.577,28.547,28.557,23328,0
2017-12-13,19:00:00,28.567,28.57,28.557,28.561,59846,0
2017-12-13,20:00:00,28.567,28.607,28.557,28.607,114691,0
2017-12-13,21:00:00,28.592,28.607,28.577,28.599,297306,0
2017-12-13,22:00:00,28.607,28.617,28.607,28.617,316154,0
2017-12-14,16:00:00,28.627,28.627,28.586,28.607,25068,0
2017-12-14,17:00:00,28.607,28.607,28.587,28.597,32099,0
2017-12-14,18:00:00,28.607,28.627,28.597,28.617,58842,0
2017-12-14,19:00:00,28.617,28.627,28.607,28.622,33680,0
2017-12-14,20:00:00,28.617,28.627,28.587,28.617,72805,0
2017-12-14,21:00:00,28.617,28.637,28.607,28.621,48873,0
2017-12-14,22:00:00,28.627,28.637,28.617,28.637,67438,0
2017-12-15,16:00:00,28.627,28.627,28.607,28.627,7015,0
2017-12-15,17:00:00,28.617,28.617,28.607,28.612,47935,0
2017-12-15,18:00:00,28.617,28.617,28.607,28.613,31251,0
2017-12-15,19:00:00,28.612,28.627,28.612,28.617,17556,0
2017-12-15,20:00:00,28.627,28.637,28.617,28.627,43567,0
2017-12-15,21:00:00,28.627,28.647,28.626,28.637,44734,0
2017-12-15,22:00:00,28.643,28.647,28.637,28.642,57302,0
2017-12-18,16:00:00,28.647,28.647,28.622,28.627,43413,0
2017-12-18,17:00:00,28.627,28.637,28.627,28.634,15103,0
2017-12-18,18:00:00,28.632,28.647,28.627,28.627,118002,0
2017-12-18,19:00:00,28.627,28.637,28.627,28.627,32517,0
2017-12-18,20:00:00,28.627,28.637,28.617,28.617,140431,0
2017-12-18,21:00:00,28.617,28.62,28.587,28.616,90729,0
2017-12-18,22:00:00,28.612,28.617,28.607,28.612,140329,0
2017-12-19,16:00:00,28.561,28.561,28.551,28.561,6388,0
2017-12-19,17:00:00,28.56,28.571,28.521,28.531,104432,0
2017-12-19,18:00:00,28.531,28.551,28.511,28.526,47362,0
2017-12-19,19:00:00,28.531,28.536,28.511,28.511,55927,0
2017-12-19,20:00:00,28.501,28.531,28.461,28.491,100535,0
2017-12-19,21:00:00,28.511,28.537,28.501,28.521,130890,0
2017-12-19,22:00:00,28.531,28.541,28.511,28.531,136013,0
2017-12-20,16:00:00,28.481,28.481,28.431,28.471,23398,0
2017-12-20,17:00:00,28.451,28.471,28.441,28.471,54649,0
2017-12-20,18:00:00,28.461,28.471,28.451,28.464,9609,0
2017-12-20,19:00:00,28.461,28.481,28.461,28.461,28893,0
2017-12-20,20:00:00,28.461,28.471,28.451,28.458,16821,0
2017-12-20,21:00:00,28.456,28.476,28.451,28.461,248645,0
2017-12-20,22:00:00,28.461,28.471,28.441,28.471,273228,0
2017-12-21,16:00:00,28.471,28.471,28.431,28.435,16024,0
2017-12-21,17:00:00,28.441,28.461,28.431,28.451,22732,0
2017-12-21,18:00:00,28.454,28.471,28.441,28.451,60108,0
2017-12-21,19:00:00,28.461,28.471,28.441,28.451,425436,0
2017-12-21,20:00:00,28.45,28.461,28.441,28.455,64079,0
2017-12-21,21:00:00,28.456,28.481,28.451,28.461,40938,0
2017-12-21,22:00:00,28.481,28.481,28.431,28.471,100327,0
2017-12-22,16:00:00,28.511,28.511,28.461,28.466,58615,0
2017-12-22,17:00:00,28.481,28.501,28.471,28.476,27891,0
2017-12-22,18:00:00,28.478,28.501,28.471,28.481,56284,0
2017-12-22,19:00:00,28.471,28.491,28.471,28.481,34389,0
2017-12-22,20:00:00,28.481,28.491,28.471,28.481,22058,0
2017-12-22,21:00:00,28.481,28.491,28.471,28.481,38271,0
2017-12-22,22:00:00,28.486,28.491,28.451,28.471,104449,0
2017-12-26,16:00:00,28.501,28.505,28.486,28.496,9106,0
2017-12-26,17:00:00,28.491,28.511,28.481,28.501,8294,0
2017-12-26,18:00:00,28.501,28.521,28.501,28.501,18551,0
2017-12-26,19:00:00,28.511,28.531,28.501,28.501,46838,0
2017-12-26,20:00:00,28.511,28.521,28.501,28.506,30110,0
2017-12-26,21:00:00,28.506,28.531,28.504,28.516,116533,0
2017-12-26,22:00:00,28.516,28.531,28.501,28.531,138323,0
2017-12-27,16:00:00,28.561,28.571,28.521,28.531,173444,0
2017-12-27,17:00:00,28.528,28.55,28.521,28.543,43070,0
2017-12-27,18:00:00,28.541,28.57,28.541,28.57,46036,0
2017-12-27,19:00:00,28.561,28.571,28.551,28.561,42638,0
2017-12-27,20:00:00,28.567,28.581,28.561,28.571,50047,0
2017-12-27,21:00:00,28.571,28.601,28.571,28.586,185616,0
2017-12-27,22:00:00,28.586,28.601,28.581,28.596,147602,0
2017-12-28,16:00:00,28.601,28.601,28.581,28.591,33923,0
2017-12-28,17:00:00,28.601,28.607,28.581,28.591,28153,0
2017-12-28,18:00:00,28.587,28.601,28.581,28.601,77379,0
2017-12-28,19:00:00,28.591,28.601,28.581,28.586,92341,0
2017-12-28,20:00:00,28.585,28.591,28.574,28.574,39270,0
2017-12-28,21:00:00,28.581,28.591,28.576,28.586,37720,0
2017-12-28,22:00:00,28.586,28.601,28.581,28.591,118247,0
2017-12-29,16:00:00,28.601,28.617,28.601,28.601,14645,0
2017-12-29,17:00:00,28.611,28.621,28.591,28.613,35259,0
2017-12-29,18:00:00,28.601,28.621,28.601,28.601,578516,0
2017-12-29,19:00:00,28.611,28.631,28.601,28.629,266276,0
2017-12-29,20:00:00,28.621,28.631,28.611,28.626,69552,0
2017-12-29,21:00:00,28.631,28.631,28.611,28.616,65531,0
2017-12-29,22:00:00,28.616,28.631,28.611,28.611,146182,0
2018-01-02,16:00:00,28.611,28.611,28.571,28.581,14049,0
2018-01-02,17:00:00,28.571,28.571,28.551,28.561,92573,0
2018-01-02,18:00:00,28.566,28.57,28.539,28.546,31057,0
2018-01-02,19:00:00,28.551,28.554,28.541,28.546,54202,0
2018-01-02,20:00:00,28.546,28.561,28.541,28.548,148988,0
2018-01-02,21:00:00,28.546,28.571,28.545,28.561,195690,0
2018-01-02,22:00:00,28.561,28.571,28.551,28.566,1655448,0
2018-01-03,16:00:00,28.581,28.591,28.561,28.571,16891,0
2018-01-03,17:00:00,28.575,28.575,28.551,28.57,82491,0
2018-01-03,18:00:00,28.551,28.581,28.551,28.571,65825,0
2018-01-03,19:00:00,28.576,28.581,28.561,28.576,144391,0
2018-01-03,20:00:00,28.571,28.581,28.561,28.576,66790,0
2018-01-03,21:00:00,28.581,28.59,28.551,28.561,115461,0
2018-01-03,22:00:00,28.561,28.571,28.551,28.551,94507,0
2018-01-04,16:00:00,28.551,28.551,28.521,28.526,17181,0
2018-01-04,17:00:00,28.526,28.531,28.511,28.526,48675,0
2018-01-04,18:00:00,28.528,28.531,28.521,28.53,40542,0
2018-01-04,19:00:00,28.531,28.561,28.526,28.551,86711,0
2018-01-04,20:00:00,28.561,28.561,28.536,28.558,52298,0
2018-01-04,21:00:00,28.556,28.568,28.541,28.566,205957,0
2018-01-04,22:00:00,28.564,28.571,28.541,28.551,906282,0
2018-01-05,16:00:00,28.571,28.58,28.551,28.554,155649,0
2018-01-05,17:00:00,28.556,28.561,28.521,28.526,79832,0
2018-01-05,18:00:00,28.526,28.541,28.521,28.528,51552,0
2018-01-05,19:00:00,28.53,28.541,28.521,28.531,122383,0
2018-01-05,20:00:00,28.531,28.541,28.521,28.526,82940,0
2018-01-05,21:00:00,28.524,28.541,28.511,28.531,219836,0
2018-01-05,22:00:00,28.521,28.541,28.511,28.531,307616,0
2018-01-08,16:00:00,28.571,28.571,28.551,28.556,19919,0
2018-01-08,17:00:00,28.556,28.556,28.521,28.536,27135,0
2018-01-08,18:00:00,28.538,28.541,28.531,28.536,6336,0
2018-01-08,19:00:00,28.531,28.541,28.511,28.516,208880,0
2018-01-08,20:00:00,28.516,28.531,28.511,28.525,66208,0
2018-01-08,21:00:00,28.521,28.531,28.521,28.525,75662,0
2018-01-08,22:00:00,28.526,28.541,28.521,28.541,169683,0
2018-01-09,16:00:00,28.521,28.521,28.491,28.501,50617,0
2018-01-09,17:00:00,28.501,28.501,28.481,28.485,34191,0
2018-01-09,18:00:00,28.488,28.491,28.461,28.465,211572,0
2018-01-09,19:00:00,28.461,28.471,28.451,28.451,75543,0
2018-01-09,20:00:00,28.454,28.471,28.451,28.458,393888,0
2018-01-09,21:00:00,28.456,28.481,28.456,28.466,552076,0
2018-01-09,22:00:00,28.464,28.471,28.441,28.451,467706,0
2018-01-10,16:00:00,28.421,28.421,28.391,28.396,154585,0
2018-01-10,17:00:00,28.396,28.411,28.391,28.397,268907,0
2018-01-10,18:00:00,28.401,28.401,28.391,28.396,278501,0
2018-01-10,19:00:00,28.396,28.401,28.381,28.401,370197,0
2018-01-10,20:00:00,28.391,28.431,28.391,28.425,394704,0
2018-01-10,21:00:00,28.426,28.441,28.411,28.441,1777312,0
2018-01-10,22:00:00,28.431,28.451,28.426,28.441,1191777,0
2018-01-11,16:00:00,28.461,28.461,28.411,28.421,39273,0
2018-01-11,17:00:00,28.431,28.441,28.421,28.426,97733,0
2018-01-11,18:00:00,28.428,28.435,28.411,28.431,47701,0
2018-01-11,19:00:00,28.431,28.446,28.431,28.441,94856,0
2018-01-11,20:00:00,28.45,28.467,28.438,28.456,429246,0
2018-01-11,21:00:00,28.456,28.476,28.451,28.471,216156,0
2018-01-11,22:00:00,28.476,28.481,28.451,28.471,293003,0
2018-01-12,16:00:00,28.461,28.461,28.421,28.431,55744,0
2018-01-12,17:00:00,28.431,28.451,28.421,28.451,35494,0
2018-01-12,18:00:00,28.451,28.461,28.451,28.461,40145,0
2018-01-12,19:00:00,28.451,28.461,28.421,28.421,174170,0
2018-01-12,20:00:00,28.431,28.461,28.421,28.448,290990,0
2018-01-12,21:00:00,28.445,28.471,28.445,28.467,273132,0
2018-01-12,22:00:00,28.464,28.481,28.451,28.471,232845,0
2018-01-16,16:00:00,28.471,28.511,28.471,28.491,305061,0
2018-01-16,17:00:00,28.496,28.496,28.481,28.485,64469,0
2018-01-16,18:00:00,28.491,28.491,28.461,28.464,527728,0
2018-01-16,19:00:00,28.466,28.491,28.461,28.471,2207144,0
2018-01-16,20:00:00,28.466,28.481,28.461,28.476,204843,0
2018-01-16,21:00:00,28.476,28.491,28.471,28.474,250376,0
2018-01-16,22:00:00,28.476,28.491,28.461,28.491,620865,0
2018-01-17,16:00:00,28.481,28.481,28.461,28.475,28428,0
2018-01-17,17:00:00,28.471,28.481,28.461,28.471,106159,0
2018-01-17,18:00:00,28.476,28.481,28.441,28.451,57846,0
2018-01-17,19:00:00,28.451,28.471,28.451,28.461,122998,0
2018-01-17,20:00:00,28.451,28.471,28.451,28.466,393069,0
2018-01-17,21:00:00,28.471,28.471,28.431,28.436,133148,0
2018-01-17,22:00:00,28.436,28.461,28.431,28.451,376074,0
2018-01-18,16:00:00,28.401,28.401,28.371,28.391,62836,0
2018-01-18,17:00:00,28.391,28.411,28.371,28.376,162775,0
2018-01-18,18:00:00,28.378,28.421,28.378,28.401,697954,0
2018-01-18,19:00:00,28.397,28.411,28.391,28.411,1573304,0
2018-01-18,20:00:00,28.406,28.411,28.401,28.408,227277,0
2018-01-18,21:00:00,28.401,28.411,28.381,28.384,152168,0
2018-01-18,22:00:00,28.386,28.391,28.361,28.381,1161613,0
2018-01-19,16:00:00,28.391,28.391,28.332,28.332,160911,0
2018-01-19,17:00:00,28.332,28.361,28.332,28.344,152629,0
2018-01-19,18:00:00,28.342,28.361,28.342,28.342,730770,0
2018-01-19,19:00:00,28.342,28.361,28.342,28.342,256280,0
2018-01-19,20:00:00,28.342,28.361,28.342,28.346,1127402,0
2018-01-19,21:00:00,28.344,28.361,28.337,28.344,516064,0
2018-01-19,22:00:00,28.346,28.351,28.312,28.322,1332905,0
2018-01-22,16:00:00,28.351,28.351,28.322,28.327,72163,0
2018-01-22,17:00:00,28.326,28.351,28.322,28.351,93746,0
2018-01-22,18:00:00,28.348,28.356,28.332,28.335,61505,0
2018-01-22,19:00:00,28.332,28.336,28.322,28.322,32174,0
2018-01-22,20:00:00,28.331,28.332,28.302,28.307,68452,0
2018-01-22,21:00:00,28.307,28.312,28.292,28.292,79800,0
2018-01-22,22:00:00,28.297,28.312,28.292,28.312,188152,0
2018-01-23,16:00:00,28.342,28.342,28.322,28.332,52553,0
2018-01-23,17:00:00,28.342,28.351,28.332,28.342,106580,0
2018-01-23,18:00:00,28.342,28.348,28.332,28.332,79481,0
2018-01-23,19:00:00,28.332,28.342,28.322,28.322,27245,0
2018-01-23,20:00:00,28.322,28.332,28.312,28.332,80963,0
2018-01-23,21:00:00,28.332,28.342,28.332,28.342,154462,0
2018-01-23,22:00:00,28.342,28.351,28.332,28.351,169955,0
2018-01-24,16:00:00,28.322,28.322,28.301,28.306,28516,0
2018-01-24,17:00:00,28.307,28.308,28.296,28.298,10831,0
2018-01-24,18:00:00,28.302,28.31,28.292,28.302,42909,0
2018-01-24,19:00:00,28.3,28.32,28.292,28.315,33512,0
2018-01-24,20:00:00,28.317,28.322,28.302,28.322,95996,0
2018-01-24,21:00:00,28.322,28.322,28.307,28.312,77969,0
2018-01-24,22:00:00,28.308,28.322,28.292,28.322,200619,0
2018-01-25,16:00:00,28.312,28.312,28.282,28.282,17835,0
2018-01-25,17:00:00,28.292,28.312,28.287,28.311,46710,0
2018-01-25,18:00:00,28.306,28.332,28.305,28.332,27308,0
2018-01-25,19:00:00,28.326,28.332,28.322,28.327,61784,0
2018-01-25,20:00:00,28.322,28.351,28.322,28.342,48905,0
2018-01-25,21:00:00,28.341,28.351,28.336,28.351,36139,0
2018-01-25,22:00:00,28.348,28.371,28.342,28.361,355023,0
2018-01-26,16:00:00,28.351,28.351,28.331,28.331,23652,0
2018-01-26,17:00:00,28.331,28.332,28.317,28.332,35775,0
2018-01-26,18:00:00,28.328,28.328,28.308,28.309,55027,0
2018-01-26,19:00:00,28.311,28.322,28.302,28.322,56003,0
2018-01-26,20:00:00,28.312,28.332,28.312,28.326,15979,0
2018-01-26,21:00:00,28.327,28.332,28.312,28.317,91184,0
2018-01-26,22:00:00,28.317,28.342,28.312,28.322,164752,0
2018-01-29,16:00:00,28.292,28.292,28.272,28.276,14240,0
2018-01-29,17:00:00,28.278,28.281,28.262,28.272,28656,0
2018-01-29,18:00:00,28.268,28.272,28.262,28.267,35941,0
2018-01-29,19:00:00,28.272,28.272,28.265,28.272,30719,0
2018-01-29,20:00:00,28.267,28.292,28.262,28.286,205181,0
2018-01-29,21:00:00,28.287,28.292,28.282,28.287,239005,0
2018-01-29,22:00:00,28.282,28.302,28.282,28.302,107563,0
2018-01-30,16:00:00,28.292,28.302,28.242,28.243,74358,0
2018-01-30,17:00:00,28.262,28.282,28.249,28.267,43431,0
2018-01-30,18:00:00,28.262,28.272,28.252,28.257,37271,0
2018-01-30,19:00:00,28.262,28.272,28.252,28.267,86396,0
2018-01-30,20:00:00,28.267,28.272,28.237,28.237,61688,0
2018-01-30,21:00:00,28.242,28.252,28.232,28.252,49687,0
2018-01-30,22:00:00,28.252,28.262,28.232,28.232,188191,0
2018-01-31,16:00:00,28.262,28.277,28.252,28.252,44796,0
2018-01-31,17:00:00,28.257,28.26,28.223,28.232,25115,0
2018-01-31,18:00:00,28.232,28.252,28.223,28.232,83060,0
2018-01-31,19:00:00,28.228,28.242,28.223,28.232,61443,0
2018-01-31,20:00:00,28.232,28.252,28.203,28.234,152237,0
2018-01-31,21:00:00,28.242,28.252,28.213,28.247,91852,0
2018-01-31,22:00:00,28.247,28.272,28.232,28.262,107823,0
2018-02-01,16:00:00,28.235,28.265,28.235,28.26,22911,0
2018-02-01,17:00:00,28.255,28.265,28.245,28.245,35000,0
2018-02-01,18:00:00,28.245,28.255,28.23,28.23,46449,0
2018-02-01,19:00:00,28.226,28.245,28.226,28.235,21311,0
2018-02-01,20:00:00,28.23,28.235,28.206,28.206,41810,0
2018-02-01,21:00:00,28.211,28.216,28.196,28.211,55910,0
2018-02-01,22:00:00,28.211,28.216,28.166,28.171,77145,0
2018-02-02,16:00:00,28.136,28.136,28.091,28.091,69538,0
2018-02-02,17:00:00,28.091,28.106,28.079,28.102,34322,0
2018-02-02,18:00:00,28.106,28.106,28.066,28.086,359574,0
2018-02-02,19:00:00,28.091,28.136,28.086,28.132,105331,0
2018-02-02,20:00:00,28.131,28.131,28.098,28.101,53046,0
2018-02-02,21:00:00,28.101,28.104,28.086,28.091,46348,0
2018-02-02,22:00:00,28.091,28.106,28.086,28.106,225389,0
2018-02-05,16:00:00,28.066,28.086,28.066,28.076,22710,0
2018-02-05,17:00:00,28.066,28.076,28.056,28.061,21065,0
2018-02-05,18:00:00,28.066,28.076,28.056,28.071,21112,0
2018-02-05,19:00:00,28.066,28.086,28.066,28.076,41324,0
2018-02-05,20:00:00,28.081,28.106,28.076,28.101,48083,0
2018-02-05,21:00:00,28.101,28.126,28.096,28.115,130413,0
2018-02-05,22:00:00,28.116,28.216,28.106,28.206,216201,0
2018-02-06,16:00:00,28.186,28.186,28.136,28.151,39171,0
2018-02-06,17:00:00,28.156,28.186,28.146,28.159,41482,0
2018-02-06,18:00:00,28.156,28.176,28.153,28.163,43908,0
2018-02-06,19:00:00,28.166,28.176,28.156,28.161,48386,0
2018-02-06,20:00:00,28.161,28.166,28.146,28.15,98275,0
2018-02-06,21:00:00,28.151,28.169,28.151,28.156,81644,0
2018-02-06,22:00:00,28.156,28.166,28.126,28.126,116791,0
2018-02-07,16:00:00,28.136,28.156,28.136,28.136,32273,0
2018-02-07,17:00:00,28.139,28.146,28.136,28.141,20863,0
2018-02-07,18:00:00,28.136,28.141,28.116,28.121,70094,0
2018-02-07,19:00:00,28.121,28.136,28.106,28.114,84011,0
2018-02-07,20:00:00,28.104,28.106,28.066,28.086,29686,0
2018-02-07,21:00:00,28.086,28.102,28.076,28.086,101565,0
2018-02-07,22:00:00,28.086,28.089,28.066,28.086,99876,0
2018-02-08,16:00:00,28.026,28.036,28.016,28.016,22297,0
2018-02-08,17:00:00,28.018,28.026,28.016,28.026,46746,0
2018-02-08,18:00:00,28.026,28.056,28.016,28.041,33480,0
2018-02-08,19:00:00,28.041,28.086,28.036,28.086,59598,0
2018-02-08,20:00:00,28.076,28.086,28.016,28.026,55677,0
2018-02-08,21:00:00,28.023,28.036,28.016,28.016,57575,0
2018-02-08,22:00:00,28.021,28.036,28.016,28.026,91962,0
2018-02-09,16:00:00,28.006,28.036,27.976,27.986,421417,0
2018-02-09,17:00:00,27.986,28.016,27.966,27.995,75314,0
2018-02-09,18:00:00,27.996,28.006,27.979,27.996,84951,0
2018-02-09,19:00:00,27.996,28.036,27.986,27.986,146476,0
2018-02-09,20:00:00,27.986,28.035,27.986,27.996,81844,0
2018-02-09,21:00:00,27.996,28.006,27.966,27.987,252092,0
2018-02-09,22:00:00,27.993,28.026,27.966,27.966,106796,0
2018-02-12,16:00:00,27.956,28.026,27.956,27.986,11393,0
2018-02-12,17:00:00,27.996,28.025,27.986,28.001,89036,0
2018-02-12,18:00:00,27.996,28.001,27.986,27.987,50501,0
2018-02-12,19:00:00,27.991,27.996,27.976,27.981,40782,0
2018-02-12,20:00:00,27.986,27.986,27.976,27.981,25035,0
2018-02-12,21:00:00,27.979,27.986,27.976,27.986,25750,0
2018-02-12,22:00:00,27.986,28.006,27.976,27.996,62506,0
2018-02-13,16:00:00,27.996,27.996,27.976,27.976,20034,0
2018-02-13,17:00:00,27.976,27.976,27.966,27.973,32573,0
2018-02-13,18:00:00,27.976,27.976,27.966,27.971,63826,0
2018-02-13,19:00:00,27.966,27.976,27.966,27.971,37401,0
2018-02-13,20:00:00,27.97,27.986,27.966,27.985,49269,0
2018-02-13,21:00:00,27.986,27.996,27.966,27.986,71091,0
2018-02-13,22:00:00,27.981,28.006,27.976,28.006,68024,0
2018-02-14,16:00:00,27.966,27.986,27.906,27.926,37016,0
2018-02-14,17:00:00,27.926,27.946,27.926,27.946,23390,0
2018-02-14,18:00:00,27.946,27.956,27.916,27.921,20885,0
2018-02-14,19:00:00,27.916,27.936,27.91,27.931,26856,0
2018-02-14,20:00:00,27.926,27.936,27.921,27.921,29668,0
2018-02-14,21:00:00,27.921,27.926,27.916,27.916,26804,0
2018-02-14,22:00:00,27.921,27.926,27.906,27.916,201265,0
2018-02-15,16:00:00,27.926,27.926,27.896,27.916,22680,0
2018-02-15,17:00:00,27.926,27.946,27.916,27.941,19435,0
2018-02-15,18:00:00,27.936,27.946,27.933,27.941,44321,0
2018-02-15,19:00:00,27.941,27.946,27.916,27.931,146309,0
2018-02-15,20:00:00,27.931,27.936,27.911,27.921,30663,0
2018-02-15,21:00:00,27.926,27.956,27.926,27.931,256593,0
2018-02-15,22:00:00,27.931,27.941,27.916,27.936,221164,0
2018-02-16,16:00:00,27.966,28.006,27.936,27.966,70619,0
2018-02-16,17:00:00,27.976,27.976,27.946,27.961,89128,0
2018-02-16,18:00:00,27.96,27.986,27.946,27.966,170798,0
2018-02-16,19:00:00,27.956,27.966,27.936,27.966,70944,0
2018-02-16,20:00:00,27.966,27.966,27.946,27.946,40896,0
2018-02-16,21:00:00,27.946,27.976,27.936,27.965,82353,0
2018-02-16,22:00:00,27.956,27.966,27.946,27.966,100497,0
2018-02-20,16:00:00,27.986,27.986,27.926,27.956,9838,0
2018-02-20,17:00:00,27.956,27.974,27.946,27.951,50229,0
2018-02-20,18:00:00,27.951,27.956,27.936,27.936,82355,0
2018-02-20,19:00:00,27.941,27.946,27.917,27.941,103163,0
2018-02-20,20:00:00,27.936,27.946,27.926,27.936,24547,0
2018-02-20,21:00:00,27.926,27.956,27.926,27.953,45858,0
2018-02-20,22:00:00,27.951,27.956,27.916,27.956,59398,0
2018-02-21,16:00:00,27.966,27.986,27.926,27.936,50018,0
2018-02-21,17:00:00,27.946,27.946,27.916,27.926,72338,0
2018-02-21,18:00:00,27.923,27.946,27.916,27.931,1115402,0
2018-02-21,19:00:00,27.926,27.936,27.926,27.933,21417,0
2018-02-21,20:00:00,27.936,27.966,27.93,27.941,34732,0
2018-02-21,21:00:00,27.936,27.956,27.901,27.901,142232,0
2018-02-21,22:00:00,27.901,27.906,27.866,27.886,1590378,0
2018-02-22,16:00:00,27.926,27.946,27.896,27.903,10966,0
2018-02-22,17:00:00,27.896,27.936,27.893,27.923,31939,0
2018-02-22,18:00:00,27.921,27.921,27.906,27.916,21233,0
2018-02-22,19:00:00,27.915,27.916,27.906,27.916,62053,0
2018-02-22,20:00:00,27.916,27.916,27.906,27.906,83409,0
2018-02-22,21:00:00,27.911,27.911,27.876,27.895,104216,0
2018-02-22,22:00:00,27.886,27.906,27.886,27.906,795528,0
2018-02-23,16:00:00,27.966,27.966,27.916,27.931,11138,0
2018-02-23,17:00:00,27.936,27.966,27.936,27.956,71345,0
2018-02-23,18:00:00,27.961,27.965,27.956,27.961,27374,0
2018-02-23,19:00:00,27.961,27.966,27.956,27.963,62115,0
2018-02-23,20:00:00,27.961,27.966,27.956,27.96,33185,0
2018-02-23,21:00:00,27.961,27.966,27.956,27.961,49073,0
2018-02-23,22:00:00,27.964,27.975,27.936,27.966,263335,0
2018-02-26,16:00:00,28.026,28.026,27.996,28.016,29522,0
2018-02-26,17:00:00,28.009,28.026,28.001,28.011,24624,0
2018-02-26,18:00:00,28.013,28.024,27.996,28.006,54630,0
2018-02-26,19:00:00,28.015,28.016,27.996,28.001,41627,0
2018-02-26,20:00:00,28.003,28.006,27.986,27.991,24161,0
2018-02-26,21:00:00,27.991,27.996,27.986,27.991,26475,0
2018-02-26,22:00:00,27.989,28.006,27.986,28.006,90888,0
2018-02-27,16:00:00,28.026,28.026,27.986,27.986,32256,0
2018-02-27,17:00:00,27.991,27.996,27.936,27.941,68900,0
2018-02-27,18:00:00,27.941,27.941,27.916,27.926,54570,0
2018-02-27,19:00:00,27.931,27.935,27.896,27.916,168125,0
2018-02-27,20:00:00,27.911,27.926,27.906,27.906,94731,0
2018-02-27,21:00:00,27.911,27.936,27.91,27.931,49280,0
2018-02-27,22:00:00,27.927,27.936,27.916,27.936,26901,0
2018-02-28,16:00:00,27.966,27.973,27.946,27.966,15438,0
2018-02-28,17:00:00,27.966,27.97,27.946,27.949,26104,0
2018-02-28,18:00:00,27.951,27.951,27.926,27.941,33427,0
2018-02-28,19:00:00,27.941,27.946,27.926,27.941,51393,0
2018-02-28,20:00:00,27.936,27.956,27.926,27.936,32886,0
2018-02-28,21:00:00,27.941,27.966,27.936,27.946,45404,0
2018-02-28,22:00:00,27.946,27.966,27.936,27.966,51367,0
2018-03-01,16:00:00,28.02,28.02,27.975,28.02,20287,0
2018-03-01,17:00:00,28.02,28.02,27.96,27.98,7133,0
2018-03-01,18:00:00,27.98,28.01,27.97,28,24628,0
2018-03-01,19:00:00,28,28,27.97,27.97,47199,0
2018-03-01,20:00:00,27.969,28.008,27.96,27.9948,84799,0
2018-03-01,21:00:00,27.9932,28.02,27.9932,28.01,49568,0
2018-03-01,22:00:00,28.015,28.03,27.99,28.01,346964,0
2018-03-02,16:00:00,28,28.01,27.99,28.0094,20294,0
2018-03-02,17:00:00,28.005,28.01,27.98,27.98,10149,0
2018-03-02,18:00:00,27.9801,27.9867,27.94,27.9548,97929,0
2018-03-02,19:00:00,27.955,27.98,27.95,27.9749,20319,0
2018-03-02,20:00:00,27.9752,27.98,27.97,27.97,64779,0
2018-03-02,21:00:00,27.97,27.99,27.97,27.98,106308,0
2018-03-02,22:00:00,27.98,27.99,27.96,27.97,74066,0
2018-03-05,16:00:00,28.01,28.01,27.96,27.98,9439,0
2018-03-05,17:00:00,28.01,28.0102,28,28,12195,0
2018-03-05,18:00:00,27.995,27.995,27.96,27.96,25050,0
2018-03-05,19:00:00,27.9648,27.967,27.955,27.955,12227,0
2018-03-05,20:00:00,27.9549,27.9567,27.93,27.9448,114892,0
2018-03-05,21:00:00,27.95,27.95,27.94,27.95,41238,0
2018-03-05,22:00:00,27.959,27.97,27.9516,27.96,105121,0
2018-03-06,16:00:00,27.95,27.99,27.95,27.99,13195,0
2018-03-06,17:00:00,27.988,27.99,27.9641,27.9894,45295,0
2018-03-06,18:00:00,27.99,27.9999,27.9833,27.99,50466,0
2018-03-06,19:00:00,27.98,27.99,27.97,27.97,50332,0
2018-03-06,20:00:00,27.96,27.98,27.96,27.9767,20649,0
2018-03-06,21:00:00,27.97,27.99,27.96,27.9848,167305,0
2018-03-06,22:00:00,27.9852,27.99,27.96,27.97,161605,0
2018-03-07,16:00:00,27.98,28,27.95,27.9598,21822,0
2018-03-07,17:00:00,27.96,27.97,27.95,27.969,12630,0
2018-03-07,18:00:00,27.969,27.9799,27.951,27.97,32738,0
2018-03-07,19:00:00,27.98,28,27.965,27.995,183636,0
2018-03-07,20:00:00,27.995,28,27.96,27.96,56228,0
2018-03-07,21:00:00,27.96,27.98,27.95,27.97,136040,0
2018-03-07,22:00:00,27.96,27.97,27.95,27.97,90683,0
2018-03-08,16:00:00,27.98,28,27.96,28,45166,0
2018-03-08,17:00:00,28,28.0088,27.99,28,11203,0
2018-03-08,18:00:00,28.0048,28.01,28,28,21294,0
2018-03-08,19:00:00,28,28.0167,27.99,28,48126,0
2018-03-08,20:00:00,28.01,28.01,27.99,27.99,48736,0
2018-03-08,21:00:00,27.9967,28,27.98,27.98,236373,0
2018-03-08,22:00:00,27.9852,27.99,27.9733,27.99,88043,0
2018-03-09,16:00:00,27.96,27.97,27.95,27.97,25795,0
2018-03-09,17:00:00,27.97,27.97,27.9511,27.96,50938,0
2018-03-09,18:00:00,27.96,27.97,27.95,27.97,56148,0
2018-03-09,19:00:00,27.97,27.98,27.9623,27.98,37825,0
2018-03-09,20:00:00,27.98,27.98,27.97,27.974,42519,0
2018-03-09,21:00:00,27.98,27.98,27.9614,27.965,288183,0
2018-03-09,22:00:00,27.9652,27.97,27.95,27.96,108258,0
2018-03-12,15:00:00,27.98,27.98,27.964,27.9648,15779,0
2018-03-12,16:00:00,27.97,27.97,27.96,27.9648,16495,0
2018-03-12,17:00:00,27.96,27.98,27.9548,27.9648,26626,0
2018-03-12,18:00:00,27.97,27.97,27.96,27.9652,24392,0
2018-03-12,19:00:00,27.97,27.9726,27.96,27.9601,32466,0
2018-03-12,20:00:00,27.966,27.9775,27.96,27.97,55921,0
2018-03-12,21:00:00,27.972,27.99,27.96,27.98,126875,0
2018-03-13,15:00:00,28.01,28.01,27.99,28,34214,0
2018-03-13,16:00:00,28.0012,28.01,27.97,27.995,90871,0
2018-03-13,17:00:00,27.995,28,27.98,27.99,191157,0
2018-03-13,18:00:00,27.9948,28.01,27.9948,28.005,40383,0
2018-03-13,19:00:00,28.005,28.01,27.98,28.01,35336,0
2018-03-13,20:00:00,28.01,28.01,27.97,27.9956,219806,0
2018-03-13,21:00:00,28,28.01,27.99,28,66399,0
2018-03-14,15:00:00,27.99,28.02,27.98,28.01,22431,0
2018-03-14,16:00:00,28.009,28.0261,28,28.0261,32889,0
2018-03-14,17:00:00,28.025,28.05,28.02,28.0479,38213,0
2018-03-14,18:00:00,28.045,28.055,28.04,28.045,11758,0
2018-03-14,19:00:00,28.0444,28.0501,28.04,28.0499,38750,0
2018-03-14,20:00:00,28.045,28.05,28.04,28.045,28862,0
2018-03-14,21:00:00,28.045,28.05,28.03,28.03,133062,0
2018-03-15,15:00:00,28.05,28.05,28.03,28.0398,12291,0
2018-03-15,16:00:00,28.0305,28.06,28.03,28.055,32344,0
2018-03-15,17:00:00,28.055,28.055,28.0355,28.05,53052,0
2018-03-15,18:00:00,28.05,28.05,28.03,28.035,38379,0
2018-03-15,19:00:00,28.035,28.05,28.03,28.045,38738,0
2018-03-15,20:00:00,28.045,28.05,28.04,28.045,32539,0
2018-03-15,21:00:00,28.045,28.06,28.04,28.05,57422,0
2018-03-16,15:00:00,28.04,28.04,28.0147,28.02,35008,0
2018-03-16,16:00:00,28.0201,28.03,28.01,28.02,25583,0
2018-03-16,17:00:00,28.0142,28.04,28.01,28.03,153089,0
2018-03-16,18:00:00,28.03,28.03,28.02,28.025,17388,0
2018-03-16,19:00:00,28.025,28.03,28.02,28.0277,31283,0
2018-03-16,20:00:00,28.025,28.03,28.02,28.0272,22414,0
2018-03-16,21:00:00,28.0236,28.03,28.02,28.03,51989,0
2018-03-19,15:00:00,28.03,28.03,27.97,27.999,43742,0
2018-03-19,16:00:00,28,28.02,27.97,28.0199,43690,0
2018-03-19,17:00:00,28.015,28.02,27.99,28.02,47033,0
2018-03-19,18:00:00,28.0148,28.04,28.01,28.03,203891,0
2018-03-19,19:00:00,28.0325,28.04,28.025,28.036,29031,0
2018-03-19,20:00:00,28.035,28.04,28.0057,28.015,89423,0
2018-03-19,21:00:00,28.0149,28.03,28.01,28.01,71328,0
2018-03-20,15:00:00,27.98,27.99,27.97,27.985,13658,0
2018-03-20,16:00:00,27.99,27.99,27.9703,27.98,39276,0
2018-03-20,17:00:00,27.98,27.98,27.97,27.9752,87157,0
2018-03-20,18:00:00,27.98,27.99,27.97,27.9865,38264,0
2018-03-20,19:00:00,27.985,27.99,27.98,27.99,28340,0
2018-03-20,20:00:00,27.985,27.99,27.98,27.985,19873,0
2018-03-20,21:00:00,27.9848,27.99,27.97,27.975,84924,0
2018-03-21,15:00:00,27.95,27.96,27.93,27.95,16850,0
2018-03-21,16:00:00,27.95,27.95,27.93,27.9448,25541,0
2018-03-21,17:00:00,27.945,27.95,27.93,27.94,35750,0
2018-03-21,18:00:00,27.94,27.95,27.93,27.94,65040,0
2018-03-21,19:00:00,27.9452,27.96,27.94,27.96,45429,0
2018-03-21,20:00:00,27.97,27.97,27.91,27.9301,53988,0
2018-03-21,21:00:00,27.94,27.9688,27.94,27.94,46958,0
2018-03-22,15:00:00,28.01,28.03,28.0052,28.02,24441,0
2018-03-22,16:00:00,28.02,28.03,28.0094,28.0232,42813,0
2018-03-22,17:00:00,28.0266,28.049,28.02,28.0298,22008,0
2018-03-22,18:00:00,28.04,28.04,28,28.005,47090,0
2018-03-22,19:00:00,28.0049,28.0052,27.98,27.9848,63516,0
2018-03-22,20:00:00,27.985,27.99,27.98,27.9848,20801,0
2018-03-22,21:00:00,27.9985,28.0052,27.985,28,157137,0
2018-03-23,15:00:00,28,28.01,27.9825,28.0048,35868,0
2018-03-23,16:00:00,28.01,28.01,28,28,2312,0
2018-03-23,17:00:00,28.0028,28.03,28.0028,28.02,26156,0
2018-03-23,18:00:00,28.02,28.03,28.01,28.025,7927,0
2018-03-23,19:00:00,28.02,28.02,27.9953,28.005,28461,0
2018-03-23,20:00:00,28,28.02,28,28.02,32010,0
2018-03-23,21:00:00,28.0164,28.04,28,28,185901,0
2018-03-26,16:00:00,28.01,28.03,28,28.01,11994,0
2018-03-26,17:00:00,28.01,28.04,28.0048,28.0234,38371,0
2018-03-26,18:00:00,28.025,28.04,28.0237,28.03,7513,0
2018-03-26,19:00:00,28.0348,28.0366,28,28.015,171619,0
2018-03-26,20:00:00,28.015,28.03,28.01,28.02,23529,0
2018-03-26,21:00:00,28.02,28.0247,28.01,28.0101,44925,0
2018-03-26,22:00:00,28.0128,28.0166,28,28,95595,0
2018-03-27,16:00:00,27.99,28.04,27.99,28.0252,38552,0
2018-03-27,17:00:00,28.0224,28.04,28.0224,28.035,29699,0
2018-03-27,18:00:00,28.0334,28.049,28.03,28.036,38658,0
2018-03-27,19:00:00,28.04,28.059,28.0301,28.046,18968,0
2018-03-27,20:00:00,28.0468,28.06,28.0435,28.05,26934,0
2018-03-27,21:00:00,28.0551,28.06,28.05,28.0566,45179,0
2018-03-27,22:00:00,28.06,28.0732,28.04,28.05,146620,0
2018-03-28,16:00:00,28.09,28.11,28.08,28.11,10066,0
2018-03-28,17:00:00,28.11,28.12,28.1,28.1199,25706,0
2018-03-28,18:00:00,28.12,28.12,28.11,28.118,57400,0
2018-03-28,19:00:00,28.119,28.12,28.09,28.0998,99998,0
2018-03-28,20:00:00,28.1074,28.11,28.0818,28.099,24349,0
2018-03-28,21:00:00,28.0924,28.1,28.0747,28.1,32402,0
2018-03-28,22:00:00,28.097,28.11,28.08,28.08,57773,0
2018-03-29,16:00:00,28.08,28.13,28.08,28.12,9303,0
2018-03-29,17:00:00,28.13,28.139,28.12,28.1207,275163,0
2018-03-29,18:00:00,28.125,28.13,28.12,28.12,17686,0
2018-03-29,19:00:00,28.12,28.16,28.12,28.14,39671,0
2018-03-29,20:00:00,28.14,28.16,28.14,28.145,34572,0
2018-03-29,21:00:00,28.14,28.19,28.14,28.1501,50730,0
2018-03-29,22:00:00,28.16,28.16,28.14,28.16,72526,0
