Date,Time,Open,High,Low,Close,Volume,OpenInt
2017-09-05,16:00:00,154.43,155.38,153.88,154.57,95437,0
2017-09-05,17:00:00,154.57,155.03,153.56,154.04,147675,0
2017-09-05,18:00:00,153.99,154.53,153.78,153.95,82314,0
2017-09-05,19:00:00,153.93,153.93,152.82,152.86,157907,0
2017-09-05,20:00:00,152.81,152.82,152.28,152.74,103483,0
2017-09-05,21:00:00,152.74,153.33,152.62,153.07,120407,0
2017-09-05,22:00:00,153.12,153.34,152.87,153.14,375816,0
2017-09-06,16:00:00,153.81,154.69,153.36,154.68,40358,0
2017-09-06,17:00:00,154.67,156.06,154.64,155.52,148796,0
2017-09-06,18:00:00,155.58,155.58,154.4,154.63,92851,0
2017-09-06,19:00:00,154.61,154.92,154.25,154.59,76455,0
2017-09-06,20:00:00,154.55,155.16,154.51,154.68,73629,0
2017-09-06,21:00:00,154.69,154.82,154.29,154.57,80922,0
2017-09-06,22:00:00,154.58,154.95,154.12,154.95,631986,0
2017-09-07,16:00:00,155.06,155.33,154.45,155.08,54219,0
2017-09-07,17:00:00,155.19,156,155,155.37,229447,0
2017-09-07,18:00:00,155.34,156.43,155.34,156.36,133922,0
2017-09-07,19:00:00,156.34,156.97,156.02,156.96,103553,0
2017-09-07,20:00:00,156.92,157.12,156.73,156.93,72302,0
2017-09-07,21:00:00,156.96,157.79,156.96,157.79,138813,0
2017-09-07,22:00:00,157.77,157.77,156.76,156.97,449122,0
2017-09-08,16:00:00,156.68,157.03,156.07,156.52,51518,0
2017-09-08,17:00:00,156.56,156.92,156.11,156.4,69695,0
2017-09-08,18:00:00,156.44,156.84,156.34,156.36,58713,0
2017-09-08,19:00:00,156.33,156.43,155.92,155.99,22658,0
2017-09-08,20:00:00,156.08,156.3,155.9,156.06,39725,0
2017-09-08,21:00:00,155.99,156.71,155.92,156.42,28984,0
2017-09-08,22:00:00,156.38,156.41,155.72,155.76,348516,0
2017-09-11,16:00:00,156.35,157.47,156.23,156.69,52860,0
2017-09-11,17:00:00,156.72,156.9,156.09,156.16,67150,0
2017-09-11,18:00:00,156.17,156.81,155.74,156.49,64237,0
2017-09-11,19:00:00,156.4,156.72,156.35,156.61,33559,0
2017-09-11,20:00:00,156.61,156.66,156.22,156.34,31750,0
2017-09-11,21:00:00,156.3,156.35,156.04,156.08,38395,0
2017-09-11,22:00:00,156.04,156.5,155.68,156.5,264426,0
2017-09-12,16:00:00,156.58,157.92,155.56,157.03,72130,0
2017-09-12,17:00:00,156.98,157.6,156.06,156.06,145610,0
2017-09-12,18:00:00,156.05,156.25,155.46,155.92,77504,0
2017-09-12,19:00:00,155.9,156.12,155.64,155.69,76113,0
2017-09-12,20:00:00,155.71,155.73,154.68,154.81,93635,0
2017-09-12,21:00:00,154.74,154.83,154.03,154.08,166684,0
2017-09-12,22:00:00,154.04,154.07,153.26,153.79,435861,0
2017-09-13,16:00:00,154.08,155.45,153.94,155.15,131771,0
2017-09-13,17:00:00,155.21,155.8,155.15,155.65,126326,0
2017-09-13,18:00:00,155.67,156.08,155.62,155.71,136807,0
2017-09-13,19:00:00,155.72,156.27,155.65,155.9,148919,0
2017-09-13,20:00:00,155.93,156.31,155.68,155.7,118374,0
2017-09-13,21:00:00,155.7,155.81,155.49,155.77,178195,0
2017-09-13,22:00:00,155.73,156.61,155.68,156.61,473132,0
2017-09-14,16:00:00,156.64,157.12,156.36,157.12,114033,0
2017-09-14,17:00:00,157.14,157.66,157.07,157.49,219823,0
2017-09-14,18:00:00,157.5,158.08,157.47,157.93,118251,0
2017-09-14,19:00:00,157.93,158.09,157.69,157.87,102442,0
2017-09-14,20:00:00,157.85,158.85,157.74,158.57,130923,0
2017-09-14,21:00:00,158.57,159.4,158.42,158.99,140765,0
2017-09-14,22:00:00,158.97,159.96,158.77,159.85,696675,0
2017-09-15,16:00:00,160.57,161.07,159.41,160.33,580046,0
2017-09-15,17:00:00,160.33,160.56,159.32,159.93,256310,0
2017-09-15,18:00:00,159.89,160.39,159.77,159.9,105160,0
2017-09-15,19:00:00,159.91,161.26,159.82,160.79,116749,0
2017-09-15,20:00:00,160.8,160.97,160.19,160.33,92789,0
2017-09-15,21:00:00,160.36,160.44,159.85,160.11,121953,0
2017-09-15,22:00:00,160.19,161.07,160.01,160.84,1081825,0
2017-09-18,16:00:00,160.57,160.81,159.91,160.17,105412,0
2017-09-18,17:00:00,160.23,160.52,158.81,159.01,134526,0
2017-09-18,18:00:00,159,159,158.25,158.72,130374,0
2017-09-18,19:00:00,158.75,159.19,157.89,158.08,168150,0
2017-09-18,20:00:00,158.15,158.59,157.72,157.81,102604,0
2017-09-18,21:00:00,157.9,157.91,157.48,157.63,109818,0
2017-09-18,22:00:00,157.62,157.9,157.33,157.67,721573,0
2017-09-19,16:00:00,157.38,157.58,155.27,155.31,122606,0
2017-09-19,17:00:00,155.25,156.35,155.02,155.99,204462,0
2017-09-19,18:00:00,155.99,156.07,155.81,155.95,189263,0
2017-09-19,19:00:00,155.96,156.38,155.91,156,73440,0
2017-09-19,20:00:00,156.01,156.32,155.91,156.31,128027,0
2017-09-19,21:00:00,156.26,156.33,156,156.24,127197,0
2017-09-19,22:00:00,156.2,156.36,155.78,155.93,583432,0
2017-09-20,16:00:00,156.08,156.31,155.6,156.12,155438,0
2017-09-20,17:00:00,156.09,156.59,156.09,156.59,296822,0
2017-09-20,18:00:00,156.61,156.81,156.1,156.35,96839,0
2017-09-20,19:00:00,156.34,156.57,156.14,156.21,37934,0
2017-09-20,20:00:00,156.21,156.36,156.1,156.1,74324,0
2017-09-20,21:00:00,156.16,156.3,155.29,156.01,384936,0
2017-09-20,22:00:00,155.97,156.18,155.79,156.09,375266,0
2017-09-21,16:00:00,155.96,156.95,155.38,156.86,48550,0
2017-09-21,17:00:00,156.76,157.26,156.53,156.73,111530,0
2017-09-21,18:00:00,156.7,156.87,156.48,156.67,150066,0
2017-09-21,19:00:00,156.71,156.77,156.37,156.57,82614,0
2017-09-21,20:00:00,156.5,156.6,155.57,156.04,144316,0
2017-09-21,21:00:00,156.02,156.24,155.56,156.11,81958,0
2017-09-21,22:00:00,156.09,156.23,155.78,155.78,373327,0
2017-09-22,16:00:00,155.63,156.38,155.3,155.71,57849,0
2017-09-22,17:00:00,155.68,155.97,155.47,155.66,180103,0
2017-09-22,18:00:00,155.63,155.73,155.22,155.22,51804,0
2017-09-22,19:00:00,155.22,155.29,154.71,154.71,66784,0
2017-09-22,20:00:00,154.77,155.47,154.77,155.15,35094,0
2017-09-22,21:00:00,155.12,155.16,154.75,155.07,55414,0
2017-09-22,22:00:00,155.06,155.33,154.85,155.03,246357,0
2017-09-25,16:00:00,155.24,157.08,155.2,156.62,53841,0
2017-09-25,17:00:00,156.62,158.24,156.57,157.19,108260,0
2017-09-25,18:00:00,157.17,157.31,156.58,156.96,103297,0
2017-09-25,19:00:00,156.99,157.35,156.89,156.98,54901,0
2017-09-25,20:00:00,156.96,157.16,156.68,156.89,55844,0
2017-09-25,21:00:00,156.88,157.08,156.69,156.76,83793,0
2017-09-25,22:00:00,156.74,156.8,156.37,156.66,251762,0
2017-09-26,16:00:00,157.33,159.77,156.93,159.28,206152,0
2017-09-26,17:00:00,159.27,159.76,158.25,159.27,188112,0
2017-09-26,18:00:00,159.28,160.27,159.14,160.17,157733,0
2017-09-26,19:00:00,160.11,160.17,159.36,159.61,122465,0
2017-09-26,20:00:00,159.61,159.8,158.9,159.76,90226,0
2017-09-26,21:00:00,159.8,160.14,159.38,159.67,161288,0
2017-09-26,22:00:00,159.64,160.07,159.58,159.62,503118,0
2017-09-27,16:00:00,159.22,159.8,156.37,157.67,123417,0
2017-09-27,17:00:00,157.79,157.95,156.19,157.42,219331,0
2017-09-27,18:00:00,157.37,157.43,155.98,156.32,158424,0
2017-09-27,19:00:00,156.33,156.71,156.06,156.34,64778,0
2017-09-27,20:00:00,156.28,156.42,155.87,156.21,102435,0
2017-09-27,21:00:00,156.23,156.44,156.03,156.2,159009,0
2017-09-27,22:00:00,156.22,156.42,156.11,156.29,447401,0
2017-09-28,16:00:00,156.65,158.06,156.11,157.11,99058,0
2017-09-28,17:00:00,156.94,157.1,155.85,156.29,84124,0
2017-09-28,18:00:00,156.21,156.68,155.63,156.68,118176,0
2017-09-28,19:00:00,156.76,157.28,156.47,157.12,126263,0
2017-09-28,20:00:00,157.07,157.29,156.82,157.04,56083,0
2017-09-28,21:00:00,157.08,157.35,156.84,157.16,64432,0
2017-09-28,22:00:00,157.15,157.89,157.04,157.74,390640,0
2017-09-29,16:00:00,156.94,158.14,156.73,157.7,86833,0
2017-09-29,17:00:00,157.73,157.96,156.34,157.12,110774,0
2017-09-29,18:00:00,157.11,157.16,156.32,156.51,56192,0
2017-09-29,19:00:00,156.53,156.62,156.11,156.16,87245,0
2017-09-29,20:00:00,156.19,156.73,156.01,156.47,75710,0
2017-09-29,21:00:00,156.46,157,156.4,156.74,97377,0
2017-09-29,22:00:00,156.73,157.25,156.67,157.17,706544,0
2017-10-02,16:00:00,157.34,157.54,156.04,156.17,93209,0
2017-10-02,17:00:00,156.19,157.15,156.03,156.25,143359,0
2017-10-02,18:00:00,156.26,156.49,155.7,156.2,128591,0
2017-10-02,19:00:00,156.14,156.62,155.99,156.05,63409,0
2017-10-02,20:00:00,156.03,156.51,155.89,156.37,86922,0
2017-10-02,21:00:00,156.42,156.54,156.1,156.19,82780,0
2017-10-02,22:00:00,156.17,156.58,155.75,155.89,472783,0
2017-10-03,16:00:00,155.75,155.82,154.15,154.85,106187,0
2017-10-03,17:00:00,154.85,156.53,154.69,156.18,187091,0
2017-10-03,18:00:00,156.18,156.38,155.74,156.11,68294,0
2017-10-03,19:00:00,156.12,156.44,155.96,156.18,100731,0
2017-10-03,20:00:00,156.23,156.23,155.2,155.61,53873,0
2017-10-03,21:00:00,155.6,155.66,155.29,155.43,124719,0
2017-10-03,22:00:00,155.43,155.54,155.18,155.25,342469,0
2017-10-04,16:00:00,154.64,155.19,154.37,154.78,182833,0
2017-10-04,17:00:00,154.76,155.76,154.75,155.51,213338,0
2017-10-04,18:00:00,155.5,156.38,155.18,156.28,302679,0
2017-10-04,19:00:00,156.3,156.42,155.88,155.99,115675,0
2017-10-04,20:00:00,155.93,156.09,155.64,155.87,103128,0
2017-10-04,21:00:00,155.87,155.96,155.77,155.9,100465,0
2017-10-04,22:00:00,155.92,156.08,155.74,156.04,419979,0
2017-10-05,16:00:00,156.59,157.28,156.1,157.15,103612,0
2017-10-05,17:00:00,157.17,158.23,157.02,158.16,244291,0
2017-10-05,18:00:00,158.14,158.53,157.99,158.52,97168,0
2017-10-05,19:00:00,158.53,158.7,157.86,158.09,153714,0
2017-10-05,20:00:00,158.08,158.27,157.57,157.8,77645,0
2017-10-05,21:00:00,157.73,157.81,157,157.23,124084,0
2017-10-05,22:00:00,157.23,157.63,157.23,157.42,364063,0
2017-10-06,16:00:00,156.46,156.46,154.99,155.83,86644,0
2017-10-06,17:00:00,155.72,156.73,155.54,156.64,136066,0
2017-10-06,18:00:00,156.62,157.05,156.61,157,134230,0
2017-10-06,19:00:00,157.01,157.28,156.45,156.46,98768,0
2017-10-06,20:00:00,156.51,156.82,156.48,156.62,89261,0
2017-10-06,21:00:00,156.61,156.89,156.51,156.58,150239,0
2017-10-06,22:00:00,156.63,156.7,156.26,156.42,301379,0
2017-10-09,17:00:00,156.72,157.19,156.62,156.92,38991,0
2017-10-09,18:00:00,156.94,157.42,156.92,157.09,45406,0
2017-10-09,19:00:00,157.02,157.35,156.97,157.16,51069,0
2017-10-09,20:00:00,157.24,157.37,156.98,157.26,45109,0
2017-10-09,21:00:00,157.28,157.36,156.97,157.02,45796,0
2017-10-09,22:00:00,157.03,157.03,156.69,156.93,162714,0
2017-10-10,16:00:00,157.71,159.76,157.27,159.21,136053,0
2017-10-10,17:00:00,159.21,159.26,158.09,158.63,145492,0
2017-10-10,18:00:00,158.62,159.17,158.45,159.08,110629,0
2017-10-10,19:00:00,159.13,159.17,158.49,158.63,52730,0
2017-10-10,20:00:00,158.66,158.67,157.97,158.04,85725,0
2017-10-10,21:00:00,158.06,158.5,157.81,158.4,80892,0
2017-10-10,22:00:00,158.42,159.08,158.42,159.03,309609,0
2017-10-11,16:00:00,159.27,160.49,158.75,160.49,84609,0
2017-10-11,17:00:00,160.41,160.84,160.01,160.48,194337,0
2017-10-11,18:00:00,160.5,160.61,159.94,160.28,138109,0
2017-10-11,19:00:00,160.35,160.7,160.2,160.7,114724,0
2017-10-11,20:00:00,160.65,161.1,160.6,160.66,114643,0
2017-10-11,21:00:00,160.68,161.01,160.61,160.85,108381,0
2017-10-11,22:00:00,160.87,161.18,160.52,161.15,465139,0
2017-10-12,16:00:00,160.64,161.09,158.82,159.56,207455,0
2017-10-12,17:00:00,159.58,161.37,159.13,160.87,240960,0
2017-10-12,18:00:00,160.85,161.97,160.82,161.08,129159,0
2017-10-12,19:00:00,161.08,161.33,160.69,160.78,107128,0
2017-10-12,20:00:00,160.73,160.92,160.51,160.63,98613,0
2017-10-12,21:00:00,160.63,160.85,160.28,160.72,104266,0
2017-10-12,22:00:00,160.75,160.76,160.36,160.62,333200,0
2017-10-13,16:00:00,161.47,161.5,160.48,160.89,43763,0
2017-10-13,17:00:00,160.86,163.69,160.47,163.36,194686,0
2017-10-13,18:00:00,163.52,163.83,162.71,163.02,208426,0
2017-10-13,19:00:00,162.98,163.03,161.66,161.67,133130,0
2017-10-13,20:00:00,161.74,162.48,161.6,162.06,87183,0
2017-10-13,21:00:00,162.11,162.77,162.04,162.7,103067,0
2017-10-13,22:00:00,162.68,162.69,162.17,162.35,402812,0
2017-10-16,16:00:00,162.48,163.29,161.2,161.75,116821,0
2017-10-16,17:00:00,161.6,162.45,161.37,161.75,122046,0
2017-10-16,18:00:00,161.7,161.7,161.09,161.41,72769,0
2017-10-16,19:00:00,161.48,161.92,161.3,161.35,63110,0
2017-10-16,20:00:00,161.43,161.93,161.17,161.4,71028,0
2017-10-16,21:00:00,161.52,161.72,161.42,161.53,59039,0
2017-10-16,22:00:00,161.47,161.62,161.11,161.39,358774,0
2017-10-17,16:00:00,161.26,161.69,160.89,161.2,61067,0
2017-10-17,17:00:00,161.23,162.6,161.23,162.46,134435,0
2017-10-17,18:00:00,162.49,163.75,162.34,163.37,165280,0
2017-10-17,19:00:00,163.34,163.73,163.15,163.2,87828,0
2017-10-17,20:00:00,163.21,163.4,162.85,163.3,74681,0
2017-10-17,21:00:00,163.34,163.46,162.98,163.24,103553,0
2017-10-17,22:00:00,163.24,163.47,163.1,163.12,536937,0
2017-10-18,16:00:00,162.75,163.61,161.87,162.13,71158,0
2017-10-18,17:00:00,162.07,162.56,161.71,161.89,100146,0
2017-10-18,18:00:00,161.89,162.15,161.73,161.83,84565,0
2017-10-18,19:00:00,161.87,161.87,161.1,161.2,55249,0
2017-10-18,20:00:00,161.16,161.25,160.79,161.2,85535,0
2017-10-18,21:00:00,161.17,161.55,161.17,161.25,75848,0
2017-10-18,22:00:00,161.25,161.25,160.26,160.57,414528,0
2017-10-19,16:00:00,160.83,162.39,160.27,160.37,66145,0
2017-10-19,17:00:00,160.36,161.74,160.25,161.68,145287,0
2017-10-19,18:00:00,161.72,162.08,161.24,161.64,150178,0
2017-10-19,19:00:00,161.64,162.11,161.45,162,87624,0
2017-10-19,20:00:00,162.01,162.2,161.85,162.1,85794,0
2017-10-19,21:00:00,162.05,162.51,161.81,161.85,88160,0
2017-10-19,22:00:00,161.85,161.86,161.24,161.58,401069,0
2017-10-20,16:00:00,161.63,161.85,159.2,159.27,140502,0
2017-10-20,17:00:00,159.39,160.58,159.37,160.23,114794,0
2017-10-20,18:00:00,160.25,161.52,160,160.71,179520,0
2017-10-20,19:00:00,160.68,160.91,160.32,160.89,71446,0
2017-10-20,20:00:00,160.87,160.93,160.45,160.64,47306,0
2017-10-20,21:00:00,160.59,160.77,160.13,160.44,101987,0
2017-10-20,22:00:00,160.35,160.8,160.26,160.8,450689,0
2017-10-23,16:00:00,161.3,162.23,160.31,161.85,90307,0
2017-10-23,17:00:00,161.94,162.19,160.5,160.82,76665,0
2017-10-23,18:00:00,160.82,161.27,160.78,161.24,93997,0
2017-10-23,19:00:00,161.2,161.51,160.91,161.38,69501,0
2017-10-23,20:00:00,161.36,161.7,161.02,161.45,85542,0
2017-10-23,21:00:00,161.47,161.58,161.12,161.25,84111,0
2017-10-23,22:00:00,161.31,161.55,160.98,161.5,307751,0
2017-10-24,16:00:00,161.35,161.62,160.69,161.39,100617,0
2017-10-24,17:00:00,161.29,161.79,160.71,160.88,198886,0
2017-10-24,18:00:00,160.88,161.36,160.21,160.42,182310,0
2017-10-24,19:00:00,160.38,160.65,159.65,160.08,127995,0
2017-10-24,20:00:00,160.07,160.38,159.94,160.28,107469,0
2017-10-24,21:00:00,160.24,160.57,160.11,160.15,111206,0
2017-10-24,22:00:00,160.19,160.45,159.93,159.97,448480,0
2017-10-25,16:00:00,159.18,159.83,157.92,159.01,87423,0
2017-10-25,17:00:00,159.02,159.11,157.24,157.63,146393,0
2017-10-25,18:00:00,157.67,159.37,157.58,159.16,137720,0
2017-10-25,19:00:00,159.2,159.22,158.4,158.49,75993,0
2017-10-25,20:00:00,158.51,159.49,158.42,159.49,85540,0
2017-10-25,21:00:00,159.44,159.66,159.12,159.54,78551,0
2017-10-25,22:00:00,159.5,159.98,159.33,159.78,349006,0
2017-10-26,16:00:00,160.28,160.9,159.03,159.66,96779,0
2017-10-26,17:00:00,159.77,159.89,157.79,157.99,206958,0
2017-10-26,18:00:00,158.01,159,157.86,158.56,231238,0
2017-10-26,19:00:00,158.63,158.84,158.13,158.47,119006,0
2017-10-26,20:00:00,158.48,159.22,158.48,159.22,146320,0
2017-10-26,21:00:00,159.22,160.25,159.22,159.33,181396,0
2017-10-26,22:00:00,159.3,160.33,159.22,159.86,599868,0
2017-10-27,16:00:00,157.41,158.14,150.05,153.92,801868,0
2017-10-27,17:00:00,153.98,156.53,153.76,155.94,541154,0
2017-10-27,18:00:00,155.96,156.22,153.92,155.17,275107,0
2017-10-27,19:00:00,155.25,155.54,153.92,153.92,146117,0
2017-10-27,20:00:00,154.06,154.26,152.77,153.16,280035,0
2017-10-27,21:00:00,153.05,153.69,152.39,153.38,373166,0
2017-10-27,22:00:00,153.38,153.46,152.81,152.92,722576,0
2017-10-30,15:00:00,152.92,154.18,152.81,152.81,107165,0
2017-10-30,16:00:00,152.85,153.44,152.42,152.9,213926,0
2017-10-30,17:00:00,152.94,154.03,152.93,153.93,108159,0
2017-10-30,18:00:00,153.92,153.92,153.38,153.41,92335,0
2017-10-30,19:00:00,153.4,154.36,153.4,154.12,128043,0
2017-10-30,20:00:00,154.11,154.5,153.85,153.89,96427,0
2017-10-30,21:00:00,153.85,154.19,153.44,153.98,345502,0
2017-10-31,15:00:00,153.66,153.85,151.8,152.57,107301,0
2017-10-31,16:00:00,152.82,152.84,150.45,151.4,473611,0
2017-10-31,17:00:00,151.44,152,151.17,151.63,159318,0
2017-10-31,18:00:00,151.66,151.76,150.98,151.12,204372,0
2017-10-31,19:00:00,151.13,151.63,150.77,151.03,167387,0
2017-10-31,20:00:00,151.04,151.38,150.38,151.36,228019,0
2017-10-31,21:00:00,151.37,151.75,151.11,151.63,630242,0
2017-11-01,15:00:00,152.27,153.34,151.59,152.78,129500,0
2017-11-01,16:00:00,152.78,153.6,152.64,153.47,211385,0
2017-11-01,17:00:00,153.53,153.6,152.64,153.14,145718,0
2017-11-01,18:00:00,153.14,153.97,152.9,152.92,140994,0
2017-11-01,19:00:00,152.93,153.38,152.6,153.3,104398,0
2017-11-01,20:00:00,153.37,153.77,153.08,153.34,124255,0
2017-11-01,21:00:00,153.31,153.44,153.07,153.35,387139,0
2017-11-02,15:00:00,153.24,154.65,153,153.86,76781,0
2017-11-02,16:00:00,153.65,154.59,153.42,153.83,212748,0
2017-11-02,17:00:00,153.88,156.45,153.66,155.25,274634,0
2017-11-02,18:00:00,155.28,155.7,154.66,154.82,149478,0
2017-11-02,19:00:00,154.82,155.87,154.75,155.48,107075,0
2017-11-02,20:00:00,155.52,155.68,154.93,155.11,111938,0
2017-11-02,21:00:00,155.15,155.64,154.59,155.56,461918,0
2017-11-03,15:00:00,152.65,153.96,151.34,153.09,310531,0
2017-11-03,16:00:00,153.06,153.26,151.42,151.9,290109,0
2017-11-03,17:00:00,151.89,152.12,151.45,151.81,202681,0
2017-11-03,18:00:00,151.92,152.78,151.26,151.36,206488,0
2017-11-03,19:00:00,151.41,151.62,151.02,151.33,165461,0
2017-11-03,20:00:00,151.34,151.99,151.04,151.55,192077,0
2017-11-03,21:00:00,151.53,151.62,151.09,151.3,499246,0
2017-11-06,16:00:00,151.28,151.68,150.82,151.31,193604,0
2017-11-06,17:00:00,151.3,151.49,150.31,150.88,319810,0
2017-11-06,18:00:00,150.79,151.34,150.5,150.87,219468,0
2017-11-06,19:00:00,150.89,151.02,150.08,150.48,148026,0
2017-11-06,20:00:00,150.46,151.03,150.37,150.48,119509,0
2017-11-06,21:00:00,150.43,151.26,150.15,151.19,484847,0
2017-11-06,22:00:00,151.2,151.7,150.93,151.29,500980,0
2017-11-07,16:00:00,151.54,155.11,151.19,154.62,246429,0
2017-11-07,17:00:00,154.62,155.17,152.46,153.16,210241,0
2017-11-07,19:00:00,154.14,155.35,154.09,154.57,151029,0
2017-11-07,20:00:00,154.58,154.66,153.46,153.59,131519,0
2017-11-07,21:00:00,153.55,154,153.38,153.82,124767,0
2017-11-07,22:00:00,153.87,156.56,153.81,155.26,962165,0
2017-11-08,16:00:00,155.3,156.32,154.75,155.28,227578,0
2017-11-08,17:00:00,155.32,155.39,152.13,152.44,404007,0
2017-11-08,18:00:00,152.45,153.4,151.98,152.5,197798,0
2017-11-08,19:00:00,152.45,153.23,152.24,152.89,101350,0
2017-11-08,20:00:00,152.85,153.66,152.85,153.14,114369,0
2017-11-08,21:00:00,153.16,153.62,152.81,153.57,205417,0
2017-11-08,22:00:00,153.55,153.77,152.82,153.29,506035,0
2017-11-09,16:00:00,152.78,154.88,152.77,154.3,112678,0
2017-11-09,17:00:00,154.45,154.96,153.44,154.02,165333,0
2017-11-09,18:00:00,154.01,155.41,153.91,155.21,117595,0
2017-11-09,19:00:00,155.18,156.18,154.44,156.11,210467,0
2017-11-09,20:00:00,156.08,159.61,155.88,158.58,847190,0
2017-11-09,21:00:00,158.62,158.76,157.53,157.76,233849,0
2017-11-09,22:00:00,157.75,158.47,157.33,157.42,548954,0
2017-11-10,16:00:00,159.26,160.17,157.77,159.9,377903,0
2017-11-10,17:00:00,160,160.58,159.27,159.91,382402,0
2017-11-10,18:00:00,159.95,160.01,159.38,159.77,196984,0
2017-11-10,19:00:00,159.77,160.49,159.7,159.94,297536,0
2017-11-10,20:00:00,159.99,160.11,159.37,159.89,341773,0
2017-11-10,21:00:00,159.88,159.91,159.39,159.77,224560,0
2017-11-10,22:00:00,159.82,160.15,159.72,159.85,761770,0
2017-11-13,16:00:00,160.39,161.88,159.05,159.49,296743,0
2017-11-13,17:00:00,159.56,159.72,156.81,157.14,376544,0
2017-11-13,18:00:00,157.25,158.21,156.78,157.87,233028,0
2017-11-13,19:00:00,157.99,158.04,157.28,157.42,161357,0
2017-11-13,20:00:00,157.46,158.04,157.23,157.56,388005,0
2017-11-13,21:00:00,157.53,157.53,156.3,156.53,280787,0
2017-11-13,22:00:00,156.44,156.86,156.29,156.49,830383,0
2017-11-14,16:00:00,156.78,157.87,156.47,157.1,210879,0
2017-11-14,17:00:00,157.1,157.97,156.92,157.59,284999,0
2017-11-14,18:00:00,157.6,157.65,157.07,157.12,165414,0
2017-11-14,19:00:00,157.13,157.23,156.54,156.63,151662,0
2017-11-14,20:00:00,156.59,157.12,156.04,156.68,228982,0
2017-11-14,21:00:00,156.68,157.13,156.48,156.58,151409,0
2017-11-14,22:00:00,156.57,156.92,156.25,156.69,545191,0
2017-11-15,16:00:00,156.04,157.41,156.04,156.81,225289,0
2017-11-15,17:00:00,156.86,157.88,156.83,157.36,138581,0
2017-11-15,18:00:00,157.4,157.75,156.97,157.51,149039,0
2017-11-15,19:00:00,157.49,158.44,157.42,158.31,86622,0
2017-11-15,20:00:00,158.29,158.29,157.47,157.53,76863,0
2017-11-15,21:00:00,157.51,157.53,156.98,157.47,161696,0
2017-11-15,22:00:00,157.36,157.52,157.08,157.4,529724,0
2017-11-16,16:00:00,156.89,157.65,155.82,156.54,108006,0
2017-11-16,17:00:00,156.54,157.52,156.35,157.12,165032,0
2017-11-16,18:00:00,157.24,157.25,156.32,157.04,127569,0
2017-11-16,19:00:00,157.05,157.85,156.95,157.71,109439,0
2017-11-16,20:00:00,157.72,158.15,157.45,157.92,104186,0
2017-11-16,21:00:00,157.92,158.37,157.73,157.95,98351,0
2017-11-16,22:00:00,157.95,158.1,157.66,157.88,494192,0
2017-11-17,16:00:00,158.5,161.61,158.5,161.57,346797,0
2017-11-17,17:00:00,161.51,162.13,159.83,159.97,406304,0
2017-11-17,18:00:00,159.9,160.65,159.64,159.9,99069,0
2017-11-17,19:00:00,159.96,160.05,159.55,159.73,98166,0
2017-11-17,20:00:00,159.66,159.95,159.64,159.73,73216,0
2017-11-17,21:00:00,159.78,159.88,159.49,159.8,151182,0
2017-11-17,22:00:00,159.79,159.98,159.49,159.94,478596,0
2017-11-20,16:00:00,159.38,159.69,157.21,157.64,96264,0
2017-11-20,17:00:00,157.64,158.17,156.95,157.26,122663,0
2017-11-20,18:00:00,157.37,158.25,157.22,157.35,179125,0
2017-11-20,19:00:00,157.42,157.53,157.02,157.29,112620,0
2017-11-20,20:00:00,157.32,157.73,157.25,157.61,70308,0
2017-11-20,21:00:00,157.64,157.65,157.35,157.53,77678,0
2017-11-20,22:00:00,157.49,157.67,157,157.03,540226,0
2017-11-21,16:00:00,157,157.23,155.44,156.77,160956,0
2017-11-21,17:00:00,156.62,156.87,156.04,156.21,97189,0
2017-11-21,18:00:00,156.1,156.98,156.1,156.7,125572,0
2017-11-21,19:00:00,156.68,156.87,156.26,156.3,85756,0
2017-11-21,20:00:00,156.36,156.66,156.1,156.15,88565,0
2017-11-21,21:00:00,156.11,156.76,156.04,156.74,160300,0
2017-11-21,22:00:00,156.74,157.41,156.55,157.17,426787,0
2017-11-22,16:00:00,156.93,157.85,156.93,157.85,102014,0
2017-11-22,17:00:00,157.8,158.06,156.32,156.42,141776,0
2017-11-22,18:00:00,156.37,157.15,156.27,156.7,87731,0
2017-11-22,19:00:00,156.71,157.01,156.37,156.89,61122,0
2017-11-22,20:00:00,156.89,157.27,156.8,157.23,95010,0
2017-11-22,21:00:00,157.24,157.54,156.73,156.76,89133,0
2017-11-22,22:00:00,156.76,156.86,156.28,156.36,364514,0
2017-11-24,16:00:00,157.13,157.9,155.71,155.73,100601,0
2017-11-24,17:00:00,155.56,156.26,155.53,156.1,107829,0
2017-11-24,18:00:00,156.1,156.43,155.94,156.19,95548,0
2017-11-24,19:00:00,156.2,156.46,155.96,156.07,136903,0
2017-11-24,20:00:00,156.05,156.05,156.04,156.04,46619,0
2017-11-27,16:00:00,156.04,156.29,154.32,154.55,115644,0
2017-11-27,17:00:00,154.54,154.57,153.42,153.99,168545,0
2017-11-27,18:00:00,153.98,154.49,153.86,154.08,127624,0
2017-11-27,19:00:00,154.09,154.46,153.77,154.33,50286,0
2017-11-27,20:00:00,154.34,154.59,154.33,154.45,58720,0
2017-11-27,21:00:00,154.49,154.68,154.39,154.68,71399,0
2017-11-27,22:00:00,154.63,154.73,154.28,154.45,455359,0
2017-11-28,16:00:00,154.24,154.63,153.08,153.08,160375,0
2017-11-28,17:00:00,153.08,153.66,152.84,153.05,314216,0
2017-11-28,18:00:00,153.02,153.34,152.61,153,250164,0
2017-11-28,19:00:00,152.99,153.28,152.78,153.15,175575,0
2017-11-28,20:00:00,153.17,154.09,153.09,154.05,171665,0
2017-11-28,21:00:00,154.02,154.43,153.82,154.09,183847,0
2017-11-28,22:00:00,154.08,154.2,153.46,154.18,603660,0
2017-11-29,16:00:00,154.11,154.8,153.58,154.63,73354,0
2017-11-29,17:00:00,154.62,155.72,154.4,155.14,263877,0
2017-11-29,18:00:00,155.22,156.57,155.09,156.3,151246,0
2017-11-29,19:00:00,156.32,157.57,156.18,157.43,229505,0
2017-11-29,20:00:00,157.44,157.99,157.03,157.49,175575,0
2017-11-29,21:00:00,157.48,157.83,157.35,157.55,140094,0
2017-11-29,22:00:00,157.62,157.79,156.39,156.76,833026,0
2017-11-30,16:00:00,157.37,158.62,156.88,157.37,113726,0
2017-11-30,17:00:00,157.24,158.92,157.24,158.91,230132,0
2017-11-30,18:00:00,158.91,160.3,158.82,160.15,298540,0
2017-11-30,19:00:00,160.13,160.18,158.83,159.26,243406,0
2017-11-30,20:00:00,159.18,159.34,158.69,158.76,163186,0
2017-11-30,21:00:00,158.77,159.5,158.75,159.39,142747,0
2017-11-30,22:00:00,159.36,159.75,158.79,159.74,977779,0
2017-12-01,16:00:00,160.18,160.65,159.32,160.2,111152,0
2017-12-01,17:00:00,160.35,160.46,159.38,160.17,160294,0
2017-12-01,18:00:00,160.24,160.77,158.97,160.03,222933,0
2017-12-01,19:00:00,160.18,160.43,159.36,159.63,181800,0
2017-12-01,20:00:00,159.59,160.51,159.5,160.2,97891,0
2017-12-01,21:00:00,160.14,160.63,160.11,160.49,124696,0
2017-12-01,22:00:00,160.48,160.49,160.04,160.33,442001,0
2017-12-04,16:00:00,161.17,161.83,160.27,160.76,283323,0
2017-12-04,17:00:00,160.61,162.16,160.35,161.56,462300,0
2017-12-04,18:00:00,161.66,161.87,161.01,161.27,144977,0
2017-12-04,19:00:00,161.24,161.53,161,161.29,118083,0
2017-12-04,20:00:00,161.27,161.45,161.23,161.28,120161,0
2017-12-04,21:00:00,161.31,161.68,161.23,161.51,171330,0
2017-12-04,22:00:00,161.47,162.08,161.33,161.63,757204,0
2017-12-05,16:00:00,162.2,162.2,160.54,161.14,101403,0
2017-12-05,17:00:00,160.97,161.45,160.77,160.77,306657,0
2017-12-05,18:00:00,160.81,161.62,160.62,161.06,159216,0
2017-12-05,19:00:00,161.12,161.32,160.59,161.07,128246,0
2017-12-05,20:00:00,161.03,161.33,160.24,160.48,133594,0
2017-12-05,21:00:00,160.42,160.68,160.05,160.66,110533,0
2017-12-05,22:00:00,160.6,160.87,160.07,160.73,627777,0
2017-12-06,16:00:00,160.83,161.89,160.53,161.5,85973,0
2017-12-06,17:00:00,161.51,161.51,160,160.84,108868,0
2017-12-06,18:00:00,160.81,160.81,160.09,160.2,124244,0
2017-12-06,19:00:00,160.18,160.39,159.8,159.91,126437,0
2017-12-06,20:00:00,159.96,160.81,159.77,160.79,103411,0
2017-12-06,21:00:00,160.79,160.86,160.44,160.48,81525,0
2017-12-06,22:00:00,160.47,160.96,160.39,160.74,365401,0
2017-12-07,16:00:00,160.05,160.97,159.69,160.77,113811,0
2017-12-07,17:00:00,160.83,161.08,160.47,160.6,79834,0
2017-12-07,18:00:00,160.56,161.1,160.47,160.91,124339,0
2017-12-07,19:00:00,160.89,161.07,160.42,160.49,177386,0
2017-12-07,20:00:00,160.46,160.56,159.78,159.85,81056,0
2017-12-07,21:00:00,159.92,160.21,159.75,159.94,75046,0
2017-12-07,22:00:00,159.94,160.26,159.68,160.05,290837,0
2017-12-08,16:00:00,159.85,160.72,158.74,159.47,158840,0
2017-12-08,17:00:00,159.45,159.69,158.74,159.33,252409,0
2017-12-08,18:00:00,159.35,160.47,159.35,160.05,125682,0
2017-12-08,19:00:00,160.1,160.15,159.62,159.62,70880,0
2017-12-08,20:00:00,159.65,159.99,159.41,159.57,95265,0
2017-12-08,21:00:00,159.57,159.81,159.52,159.68,71910,0
2017-12-08,22:00:00,159.67,160.24,159.55,160.23,374794,0
2017-12-11,16:00:00,160.28,161.3,159.88,161,86386,0
2017-12-11,17:00:00,161.01,161.24,160.49,161.16,107010,0
2017-12-11,18:00:00,161.16,161.18,160.16,160.35,70438,0
2017-12-11,19:00:00,160.35,160.58,160.17,160.22,119468,0
2017-12-11,20:00:00,160.27,160.36,159.65,159.69,87104,0
2017-12-11,21:00:00,159.65,160.16,159.65,160.06,78202,0
2017-12-11,22:00:00,160.06,160.51,160.01,160.24,362028,0
2017-12-12,16:00:00,163.94,164.56,161.44,162.13,621080,0
2017-12-12,17:00:00,162.13,163.44,161.89,163.39,275373,0
2017-12-12,18:00:00,163.38,163.39,162.57,162.87,220643,0
2017-12-12,19:00:00,162.86,163.01,162.66,162.95,272729,0
2017-12-12,20:00:00,162.95,163.94,162.84,163.88,230400,0
2017-12-12,21:00:00,163.87,165.22,163.87,164.88,698317,0
2017-12-12,22:00:00,164.87,165.1,163.99,164.28,1305240,0
2017-12-13,16:00:00,164.7,166.25,164.11,164.11,152032,0
2017-12-13,17:00:00,164.23,164.85,163.81,164.08,136983,0
2017-12-13,18:00:00,164,164.4,163.74,163.97,163192,0
2017-12-13,19:00:00,163.9,164.13,163.15,163.24,152563,0
2017-12-13,20:00:00,163.34,163.82,163.25,163.37,129097,0
2017-12-13,21:00:00,163.44,164.47,163.43,164.39,113653,0
2017-12-13,22:00:00,164.36,164.45,163.63,163.77,378279,0
2017-12-14,16:00:00,163.94,165.02,163.23,164.69,93661,0
2017-12-14,17:00:00,164.79,165.69,164.6,165.29,138044,0
2017-12-14,18:00:00,165.3,165.41,164.49,164.55,186998,0
2017-12-14,19:00:00,164.62,164.8,164.32,164.5,90033,0
2017-12-14,20:00:00,164.5,164.8,164.02,164.12,91757,0
2017-12-14,21:00:00,164.08,164.08,163.34,163.66,133380,0
2017-12-14,22:00:00,163.61,163.81,163.4,163.57,323202,0
2017-12-15,16:00:00,164.33,165.36,164.17,164.58,491813,0
2017-12-15,17:00:00,164.59,165.71,164.55,165.22,192001,0
2017-12-15,18:00:00,165.24,166.86,165.23,166.47,245768,0
2017-12-15,19:00:00,166.47,166.86,166.47,166.78,111632,0
2017-12-15,20:00:00,166.78,167.01,165.97,166.04,186722,0
2017-12-15,21:00:00,166.02,166.28,165.64,165.72,184122,0
2017-12-15,22:00:00,165.74,166.05,165.45,165.72,931821,0
2017-12-18,16:00:00,166.06,167.82,165.81,167.72,201245,0
2017-12-18,17:00:00,167.72,168.8,167.54,168.21,228021,0
2017-12-18,18:00:00,168.26,168.73,167.4,167.46,170199,0
2017-12-18,19:00:00,167.48,167.61,167.2,167.51,77442,0
2017-12-18,20:00:00,167.58,167.94,167.43,167.68,111068,0
2017-12-18,21:00:00,167.62,167.85,167.45,167.64,108441,0
2017-12-18,22:00:00,167.63,167.88,167.51,167.71,468594,0
2017-12-19,16:00:00,167.74,167.96,167.4,167.77,115778,0
2017-12-19,17:00:00,167.68,168.35,167.4,167.67,81285,0
2017-12-19,18:00:00,167.6,167.83,166.41,166.49,136580,0
2017-12-19,19:00:00,166.47,166.77,165.54,165.61,172069,0
2017-12-19,20:00:00,165.56,166.18,165.47,166.06,66151,0
2017-12-19,21:00:00,166.11,166.21,165.29,165.31,152440,0
2017-12-19,22:00:00,165.32,166.42,165.18,166.33,536226,0
2017-12-20,16:00:00,166.23,166.77,165.57,166.34,54887,0
2017-12-20,17:00:00,166.42,166.9,164.67,164.92,116484,0
2017-12-20,18:00:00,164.91,165.3,164.33,164.56,154865,0
2017-12-20,19:00:00,164.58,164.72,164.35,164.51,72335,0
2017-12-20,20:00:00,164.49,164.49,163.46,163.54,97302,0
2017-12-20,21:00:00,163.57,163.62,162.78,162.78,166313,0
2017-12-20,22:00:00,162.81,162.9,161.86,161.94,667306,0
2017-12-21,16:00:00,162.44,162.74,161.76,162.18,53678,0
2017-12-21,17:00:00,161.93,162.7,161.78,162.38,70469,0
2017-12-21,18:00:00,162.41,162.54,162.08,162.09,62181,0
2017-12-21,19:00:00,162.09,162.56,161.9,162.55,100189,0
2017-12-21,20:00:00,162.57,162.62,161.87,161.96,75119,0
2017-12-21,21:00:00,161.93,162.3,161.89,162.2,107784,0
2017-12-21,22:00:00,162.2,162.87,162.13,162.65,364474,0
2017-12-22,16:00:00,162.44,162.83,161.96,162.8,57921,0
2017-12-22,17:00:00,162.76,164.78,162.75,164.48,754416,0
2017-12-22,18:00:00,164.49,165.08,164.08,164.29,125382,0
2017-12-22,19:00:00,164.22,164.97,164.13,164.88,124008,0
2017-12-22,20:00:00,164.84,165.72,164.47,165.42,109424,0
2017-12-22,21:00:00,165.46,165.64,164.88,165.04,144960,0
2017-12-22,22:00:00,165.05,165.2,164.67,164.99,333697,0
2017-12-26,16:00:00,165.17,166.75,164.59,166.52,62772,0
2017-12-26,17:00:00,166.51,167.78,165.99,167.18,122156,0
2017-12-26,18:00:00,167.16,167.88,167.13,167.54,113908,0
2017-12-26,19:00:00,167.56,167.56,167.03,167.12,55838,0
2017-12-26,20:00:00,167.16,167.23,166.77,166.91,118518,0
2017-12-26,21:00:00,166.92,167.44,166.83,167.04,101888,0
2017-12-26,22:00:00,167.04,167.33,166.96,167.25,310469,0
2017-12-27,16:00:00,167.71,168.32,167.03,167.9,92728,0
2017-12-27,17:00:00,167.85,169.12,167.44,168.92,175603,0
2017-12-27,18:00:00,168.87,169.02,168.65,168.88,155941,0
2017-12-27,19:00:00,168.91,169.06,168.02,168.31,145798,0
2017-12-27,20:00:00,168.37,168.67,168.08,168.43,93274,0
2017-12-27,21:00:00,168.42,168.68,168.28,168.68,80732,0
2017-12-27,22:00:00,168.65,168.71,168.31,168.65,470589,0
2017-12-28,16:00:00,168.72,168.74,167.81,168.02,45508,0
2017-12-28,17:00:00,168.14,169.11,168.14,168.96,83068,0
2017-12-28,18:00:00,169.01,169.12,168.56,168.91,65909,0
2017-12-28,19:00:00,168.94,169.3,168.49,168.73,81738,0
2017-12-28,20:00:00,168.68,168.94,168.53,168.81,46018,0
2017-12-28,21:00:00,168.81,169.12,168.56,168.93,46664,0
2017-12-28,22:00:00,168.98,169.22,168.88,169.02,331601,0
2017-12-29,16:00:00,169.19,169.34,168.24,169.34,50149,0
2017-12-29,17:00:00,169.37,169.61,169.07,169.47,83788,0
2017-12-29,18:00:00,169.48,169.62,169.12,169.23,65871,0
2017-12-29,19:00:00,169.25,169.99,169.25,169.74,73037,0
2017-12-29,20:00:00,169.71,170.1,169.59,169.7,85141,0
2017-12-29,21:00:00,169.74,170.18,169.65,170.18,102117,0
2017-12-29,22:00:00,170.21,170.21,169.59,169.6,501797,0
2018-01-02,16:00:00,170.2,170.34,168.22,168.89,56663,0
2018-01-02,17:00:00,168.87,170.05,168.8,169.97,130258,0
2018-01-02,18:00:00,169.92,170.31,169.63,170.23,148076,0
2018-01-02,19:00:00,170.26,170.43,169.81,170.09,102216,0
2018-01-02,20:00:00,170.09,170.51,170.07,170.5,141444,0
2018-01-02,21:00:00,170.5,170.87,170.44,170.62,127010,0
2018-01-02,22:00:00,170.61,170.7,170.08,170.28,409845,0
2018-01-03,16:00:00,169.96,170.46,168.66,168.78,106692,0
2018-01-03,17:00:00,168.79,168.97,167.74,167.99,155896,0
2018-01-03,18:00:00,168.03,168.84,167.95,168.78,132953,0
2018-01-03,19:00:00,168.8,168.96,168.4,168.84,77727,0
2018-01-03,20:00:00,168.81,169.27,168.75,169.08,96256,0
2018-01-03,21:00:00,169.01,169.43,168.86,169.41,147279,0
2018-01-03,22:00:00,169.34,169.8,169.12,169.49,482691,0
2018-01-04,16:00:00,169.36,169.36,166.71,166.96,157073,0
2018-01-04,17:00:00,167.01,167.34,166.06,166.76,256440,0
2018-01-04,18:00:00,166.78,167.03,166.24,166.35,129950,0
2018-01-04,19:00:00,166.28,167.11,166.21,166.88,204431,0
2018-01-04,20:00:00,166.9,167.11,166.73,166.83,102922,0
2018-01-04,21:00:00,166.85,166.87,166.05,166.08,136588,0
2018-01-04,22:00:00,166.1,166.1,164.47,164.53,795047,0
2018-01-05,16:00:00,164.97,165.59,164.3,164.73,74248,0
2018-01-05,17:00:00,164.75,165.59,164.7,165.34,173815,0
2018-01-05,18:00:00,165.35,166.8,165.26,165.86,247729,0
2018-01-05,19:00:00,165.86,165.9,165.13,165.58,194450,0
2018-01-05,20:00:00,165.59,165.8,165.49,165.67,124772,0
2018-01-05,21:00:00,165.7,166.25,165.59,165.84,181468,0
2018-01-05,22:00:00,165.89,166.28,165.82,166.06,724650,0
2018-01-08,16:00:00,166.86,168.05,166.25,167.98,234586,0
2018-01-08,17:00:00,167.93,167.93,166.52,166.97,197666,0
2018-01-08,18:00:00,167.02,167.3,166.84,167.07,108895,0
2018-01-08,19:00:00,167.08,167.15,166.52,166.87,115862,0
2018-01-08,20:00:00,166.87,167.16,166.82,166.96,106647,0
2018-01-08,21:00:00,166.91,167.28,166.91,167.27,151904,0
2018-01-08,22:00:00,167.22,167.36,166.9,167.15,505366,0
2018-01-09,16:00:00,166.81,167.3,165.18,165.5,79882,0
2018-01-09,17:00:00,165.32,165.94,164.86,164.98,198957,0
2018-01-09,18:00:00,165.03,165.35,164.82,165.17,141094,0
2018-01-09,19:00:00,165.15,165.19,164.56,164.64,121643,0
2018-01-09,20:00:00,164.62,164.7,164.26,164.43,157108,0
2018-01-09,21:00:00,164.43,164.47,163.22,163.31,168938,0
2018-01-09,22:00:00,163.32,163.74,163.08,163.47,556619,0
2018-01-10,16:00:00,162.63,162.96,160.75,160.85,130944,0
2018-01-10,17:00:00,160.91,162.31,160.89,161.8,131235,0
2018-01-10,18:00:00,161.8,161.9,160.94,161.26,101045,0
2018-01-10,19:00:00,161.27,161.91,161.1,161.74,83217,0
2018-01-10,20:00:00,161.73,162.44,161.73,162.26,91160,0
2018-01-10,21:00:00,162.28,162.47,161.92,162.39,78236,0
2018-01-10,22:00:00,162.41,163.07,162.26,162.93,452839,0
2018-01-11,16:00:00,163.19,163.43,162.67,162.77,96876,0
2018-01-11,17:00:00,162.75,162.96,162.02,162.89,97055,0
2018-01-11,18:00:00,162.9,162.9,162.3,162.66,118706,0
2018-01-11,19:00:00,162.67,162.89,162.45,162.64,111616,0
2018-01-11,20:00:00,162.6,162.95,162.54,162.93,94517,0
2018-01-11,21:00:00,162.94,163.22,162.78,162.81,147212,0
2018-01-11,22:00:00,162.83,163.09,162.68,162.78,460968,0
2018-01-12,16:00:00,162.96,163.43,162.32,163.31,38529,0
2018-01-12,17:00:00,163.32,163.91,163.22,163.55,112597,0
2018-01-12,18:00:00,163.55,163.58,162.96,163.15,127850,0
2018-01-12,19:00:00,163.22,163.63,163.11,163.4,157406,0
2018-01-12,20:00:00,163.4,163.59,163.28,163.39,146177,0
2018-01-12,21:00:00,163.38,163.79,163.38,163.73,83931,0
2018-01-12,22:00:00,163.72,163.84,163.38,163.45,352215,0
2018-01-16,16:00:00,163.86,166.01,163.5,165.76,112790,0
2018-01-16,17:00:00,165.61,165.93,164.65,164.79,103626,0
2018-01-16,18:00:00,164.75,164.78,163.91,164.08,105555,0
2018-01-16,19:00:00,164.1,164.33,163.83,163.85,147018,0
2018-01-16,20:00:00,163.83,164.47,163.83,164.05,97432,0
2018-01-16,21:00:00,164.05,164.14,163.44,163.61,96620,0
2018-01-16,22:00:00,163.65,163.89,162.85,162.99,430848,0
2018-01-17,16:00:00,163.66,164.89,162.57,163.84,94534,0
2018-01-17,17:00:00,163.83,165.44,163.54,164.87,165244,0
2018-01-17,18:00:00,164.84,165.15,163.99,164.26,252646,0
2018-01-17,19:00:00,164.19,164.94,164.13,164.84,215206,0
2018-01-17,20:00:00,164.83,165.6,164.79,165.33,93696,0
2018-01-17,21:00:00,165.37,165.84,165.26,165.63,108495,0
2018-01-17,22:00:00,165.61,165.87,164.88,165.32,461693,0
2018-01-18,16:00:00,164.95,165.55,163.19,163.73,81317,0
2018-01-18,17:00:00,163.84,163.92,163.01,163.31,177768,0
2018-01-18,18:00:00,163.36,163.44,162.08,162.74,155880,0
2018-01-18,19:00:00,162.71,163,162.4,162.64,131151,0
2018-01-18,20:00:00,162.67,162.72,162.23,162.31,137348,0
2018-01-18,21:00:00,162.29,163.01,162.24,162.87,162985,0
2018-01-18,22:00:00,162.97,162.97,161.71,162.21,619686,0
2018-01-19,16:00:00,162.86,163.04,161.08,161.61,279968,0
2018-01-19,17:00:00,161.41,162.29,161,162.01,107051,0
2018-01-19,18:00:00,162.03,163.11,161.98,162.88,92079,0
2018-01-19,19:00:00,162.92,163.23,162.08,162.29,91793,0
2018-01-19,20:00:00,162.33,162.38,161.75,162.26,78776,0
2018-01-19,21:00:00,162.26,162.57,162.12,162.46,104025,0
2018-01-19,22:00:00,162.48,162.74,162.07,162.2,794029,0
2018-01-22,16:00:00,162.24,163.36,162.03,162.23,96619,0
2018-01-22,17:00:00,162.23,163.47,162.18,163.2,238749,0
2018-01-22,18:00:00,163.19,163.23,162.72,163.05,150772,0
2018-01-22,19:00:00,163,164.15,162.9,163.94,110794,0
2018-01-22,20:00:00,163.94,164.76,163.92,164.66,108276,0
2018-01-22,21:00:00,164.71,164.73,163.96,163.99,157730,0
2018-01-22,22:00:00,163.99,164.41,163.9,164.03,592077,0
2018-01-23,16:00:00,164.85,165.91,164.29,165.8,237640,0
2018-01-23,17:00:00,165.8,167.17,165.62,166.31,410354,0
2018-01-23,18:00:00,166.31,166.31,164.49,164.5,199202,0
2018-01-23,19:00:00,164.5,164.55,163.58,163.61,164411,0
2018-01-23,20:00:00,163.65,164.38,163.53,164.23,577816,0
2018-01-23,21:00:00,164.23,164.35,163.86,164.26,163346,0
2018-01-23,22:00:00,164.31,164.44,164.01,164.26,483228,0
2018-01-24,16:00:00,164.58,165.08,163.75,163.84,131490,0
2018-01-24,17:00:00,163.85,164.14,162.92,162.94,147871,0
2018-01-24,18:00:00,162.96,163.44,162.72,163.13,297257,0
2018-01-24,19:00:00,163.16,163.34,163.02,163.12,107650,0
2018-01-24,20:00:00,163.16,163.8,163.11,163.18,145294,0
2018-01-24,21:00:00,163.19,163.79,163.12,163.61,130238,0
2018-01-24,22:00:00,163.57,164.45,163.28,164.03,483445,0
2018-01-25,16:00:00,163.52,164.16,161.96,161.98,93189,0
2018-01-25,17:00:00,161.84,162.27,161.1,161.55,114269,0
2018-01-25,18:00:00,161.6,161.64,160.58,160.63,101303,0
2018-01-25,19:00:00,160.67,161.4,160.66,161.15,99920,0
2018-01-25,20:00:00,161.14,161.41,161.08,161.24,69937,0
2018-01-25,21:00:00,161.25,162.08,161.06,162.03,138824,0
2018-01-25,22:00:00,162.09,162.34,161.85,162.16,480808,0
2018-01-26,16:00:00,162.8,163.3,162.32,163.14,53724,0
2018-01-26,17:00:00,163.2,163.21,161.15,161.49,96178,0
2018-01-26,18:00:00,161.45,161.99,160.99,161.81,137386,0
2018-01-26,19:00:00,161.84,162.05,161.6,161.99,90529,0
2018-01-26,20:00:00,161.96,162.29,161.6,161.63,115341,0
2018-01-26,21:00:00,161.63,161.79,161.3,161.43,131824,0
2018-01-26,22:00:00,161.45,161.71,161.41,161.67,570670,0
2018-01-29,16:00:00,161.4,161.55,160.49,160.9,148745,0
2018-01-29,17:00:00,160.91,160.91,159.82,160.29,122274,0
2018-01-29,18:00:00,160.3,160.89,160.18,160.53,89464,0
2018-01-29,19:00:00,160.61,160.75,160.46,160.58,105528,0
2018-01-29,20:00:00,160.61,160.82,160.29,160.77,165628,0
2018-01-29,21:00:00,160.77,161.72,160.69,161.64,127143,0
2018-01-29,22:00:00,161.65,161.75,160.43,160.89,653265,0
2018-01-30,16:00:00,160.79,161.44,159.83,159.84,83475,0
2018-01-30,17:00:00,159.85,160.25,159.58,159.85,147495,0
2018-01-30,18:00:00,159.85,159.88,159.25,159.55,138339,0
2018-01-30,19:00:00,159.59,160.11,159.35,159.97,257765,0
2018-01-30,20:00:00,159.99,159.99,159.37,159.87,154504,0
2018-01-30,21:00:00,159.88,160.38,159.63,160.02,241343,0
2018-01-30,22:00:00,159.99,160.89,159.94,160.59,782598,0
2018-01-31,16:00:00,157.98,159.64,156.59,158.48,422858,0
2018-01-31,17:00:00,158.42,161.17,158.42,158.99,384812,0
2018-01-31,18:00:00,159,159.4,158.01,159,238383,0
2018-01-31,19:00:00,158.93,160.57,158.82,160.57,166616,0
2018-01-31,20:00:00,160.57,160.99,159.87,159.96,139635,0
2018-01-31,21:00:00,159.92,160.74,158.96,159.13,205490,0
2018-01-31,22:00:00,159.17,161.63,158.93,161.34,951901,0
2018-02-01,16:00:00,161.58,162.78,160.4,160.74,134174,0
2018-02-01,17:00:00,160.84,161.1,158.62,158.79,185596,0
2018-02-01,18:00:00,158.77,159.47,157.8,159.06,260896,0
2018-02-01,19:00:00,159.05,159.12,158.56,158.56,339398,0
2018-02-01,20:00:00,158.58,158.73,158.34,158.46,304970,0
2018-02-01,21:00:00,158.47,158.92,158.08,158.11,267449,0
2018-02-01,22:00:00,158.11,158.13,157.32,157.66,849214,0
2018-02-02,16:00:00,157.21,157.21,154.96,156.48,365679,0
2018-02-02,17:00:00,156.53,158.01,156.33,156.84,181116,0
2018-02-02,18:00:00,156.84,157.12,156.13,156.58,142960,0
2018-02-02,19:00:00,156.57,156.79,155.88,156.13,236363,0
2018-02-02,20:00:00,156.13,156.13,155.01,155.06,242338,0
2018-02-02,21:00:00,155.04,155.17,154.13,154.21,307805,0
2018-02-02,22:00:00,154.17,154.57,153.76,154.57,1150483,0
2018-02-05,16:00:00,153.74,156.86,153.57,156.24,143621,0
2018-02-05,17:00:00,156.16,156.59,154.93,156.58,202624,0
2018-02-05,18:00:00,156.58,157.2,156.35,156.55,199789,0
2018-02-05,19:00:00,156.48,156.52,155.62,155.81,73127,0
2018-02-05,20:00:00,155.83,155.83,154.31,154.52,117796,0
2018-02-05,21:00:00,154.55,154.88,153.14,153.32,363458,0
2018-02-05,22:00:00,153.34,154.99,152.44,153.19,1009188,0
2018-02-06,16:00:00,152.24,153.43,150.6,152.47,329293,0
2018-02-06,17:00:00,152.55,153.73,150.36,151.76,405934,0
2018-02-06,18:00:00,151.56,152.23,150.82,151.96,364541,0
2018-02-06,19:00:00,152.02,153.45,151.99,152.23,233115,0
2018-02-06,20:00:00,152.2,152.2,150.68,150.73,221540,0
2018-02-06,21:00:00,150.73,152.94,150.24,152.75,290419,0
2018-02-06,22:00:00,152.8,154.15,152.28,154.04,740890,0
2018-02-07,16:00:00,153.85,155.93,153.14,154.93,140736,0
2018-02-07,17:00:00,154.68,155.52,153.85,155.23,247576,0
2018-02-07,18:00:00,155.3,155.56,154.32,154.83,173778,0
2018-02-07,19:00:00,154.78,155.05,153.85,154.14,127731,0
2018-02-07,20:00:00,154.22,154.44,153.23,153.94,146888,0
2018-02-07,21:00:00,153.91,154.24,153.47,153.96,142149,0
2018-02-07,22:00:00,154,154.45,152.84,152.93,577585,0
2018-02-08,16:00:00,152.47,153.7,151.81,153.07,125024,0
2018-02-08,17:00:00,153.09,153.9,152.51,153.67,137411,0
2018-02-08,18:00:00,153.65,154.92,153.37,154.46,246759,0
2018-02-08,19:00:00,154.48,154.69,153.32,153.81,216721,0
2018-02-08,20:00:00,153.78,153.81,152.63,152.95,196546,0
2018-02-08,21:00:00,152.93,153.18,151.8,151.97,218372,0
2018-02-08,22:00:00,151.99,152.56,150.25,150.29,1055282,0
2018-02-09,16:00:00,150.99,152.73,149.39,152.48,210928,0
2018-02-09,17:00:00,152.47,153.02,150.45,151.48,325007,0
2018-02-09,18:00:00,151.4,152.44,151.36,152.03,220507,0
2018-02-09,19:00:00,151.95,152.83,151.48,152.79,219614,0
2018-02-09,20:00:00,152.79,152.79,151.19,152.17,202724,0
2018-02-09,21:00:00,152.17,154.88,152.07,153.4,373108,0
2018-02-09,22:00:00,153.39,156.5,152.73,155.25,991465,0
2018-02-12,16:00:00,155.37,155.88,151.37,151.5,217525,0
2018-02-12,17:00:00,151.62,152.53,150.47,152.08,281357,0
2018-02-12,18:00:00,152.05,152.12,150.76,151.89,232520,0
2018-02-12,19:00:00,151.96,153.98,151.78,153.81,183863,0
2018-02-12,20:00:00,153.82,154.17,153.24,153.78,115010,0
2018-02-12,21:00:00,153.86,154.6,153.7,153.96,143072,0
2018-02-12,22:00:00,153.96,155.35,153.91,154.85,662576,0
2018-02-13,16:00:00,154.56,156.05,154.2,155.14,125023,0
2018-02-13,17:00:00,155.14,155.14,153.5,154.9,141734,0
2018-02-13,18:00:00,154.93,154.93,153.9,153.9,112770,0
2018-02-13,19:00:00,153.97,154.84,153.76,154.67,105564,0
2018-02-13,20:00:00,154.64,155.24,154.56,155.16,85306,0
2018-02-13,21:00:00,155.16,155.5777,154.76,155.53,93327,0
2018-02-13,22:00:00,155.46,156.1,155.28,155.49,480902,0
2018-02-14,16:00:00,154.66,154.66,151.31,152.01,195621,0
2018-02-14,17:00:00,152.27,153.88,151.89,153.45,222391,0
2018-02-14,18:00:00,153.4,153.58,152.52,152.59,129896,0
2018-02-14,19:00:00,152.58,153.92,152.45,153.84,132127,0
2018-02-14,20:00:00,153.8287,155.03,153.79,154.58,154157,0
2018-02-14,21:00:00,154.56,154.68,153.88,154.2872,109973,0
2018-02-14,22:00:00,154.31,154.52,153.48,154.09,697634,0
2018-02-15,16:00:00,154.57,156.6674,154.52,155.4,121627,0
2018-02-15,17:00:00,155.5,155.75,154.67,154.87,158373,0
2018-02-15,18:00:00,154.81,155.42,153.86,155.05,139539,0
2018-02-15,19:00:00,155.1,155.635,154.89,155.01,105301,0
2018-02-15,20:00:00,155.09,155.63,154.91,155.63,147934,0
2018-02-15,21:00:00,155.6,156.56,155.46,156.41,126400,0
2018-02-15,22:00:00,156.44,156.66,155.7,156.15,492671,0
2018-02-16,16:00:00,156.01,157.54,155.81,155.91,162772,0
2018-02-16,17:00:00,155.82,156.86,155.49,156.805,165069,0
2018-02-16,18:00:00,156.75,157.25,156.43,156.64,115851,0
2018-02-16,19:00:00,156.66,156.92,155.87,156.11,85062,0
2018-02-16,20:00:00,156.12,156.18,155.49,155.99,118480,0
2018-02-16,21:00:00,155.98,156.7,155.58,156.69,138911,0
2018-02-16,22:00:00,156.64,157.15,156.06,156.09,743894,0
2018-02-20,16:00:00,156,157.4,155.85,156.33,79787,0
2018-02-20,17:00:00,156.34,156.57,155.8,156.54,152830,0
2018-02-20,18:00:00,156.59,157.35,156.49,156.8101,146829,0
2018-02-20,19:00:00,156.84,157.22,156.77,156.91,103667,0
2018-02-20,20:00:00,156.9,156.9048,156.29,156.51,85943,0
2018-02-20,21:00:00,156.475,156.585,155.97,155.98,111949,0
2018-02-20,22:00:00,155.9838,156.06,155.53,155.59,494567,0
2018-02-21,16:00:00,155,155.69,154.605,155.06,76547,0
2018-02-21,17:00:00,155.01,155.26,154.25,154.92,98211,0
2018-02-21,18:00:00,154.95,155.06,154.41,154.615,104302,0
2018-02-21,19:00:00,154.66,154.75,153.94,154.14,66465,0
2018-02-21,20:00:00,154.13,154.27,153.6,153.8,87675,0
2018-02-21,21:00:00,153.79,154.36,152.51,152.51,156526,0
2018-02-21,22:00:00,152.54,152.5821,151.28,151.3,690513,0
2018-02-22,16:00:00,152.04,154.58,152.04,154.34,176292,0
2018-02-22,17:00:00,154.49,155.09,154.26,154.9801,157616,0
2018-02-22,18:00:00,155,155.35,154.75,155.2301,143735,0
2018-02-22,19:00:00,155.2558,155.59,155.02,155.51,119695,0
2018-02-22,20:00:00,155.545,155.96,154.79,155.05,141558,0
2018-02-22,21:00:00,155,155.22,154,154.1,86972,0
2018-02-22,22:00:00,154.11,154.465,153.58,154.03,451253,0
2018-02-23,16:00:00,154.44,155.18,154.24,154.915,42714,0
2018-02-23,17:00:00,155.01,155.18,154.02,154.1059,54424,0
2018-02-23,18:00:00,154.16,155.415,153.88,155.35,103205,0
2018-02-23,19:00:00,155.38,155.9,155.34,155.885,83468,0
2018-02-23,20:00:00,155.94,156.3504,155.88,156.3504,74600,0
2018-02-23,21:00:00,156.36,156.39,155.77,156.11,69741,0
2018-02-23,22:00:00,156.14,156.66,155.89,156.66,382503,0
2018-02-26,16:00:00,157.15,157.52,156.5,156.95,124580,0
2018-02-26,17:00:00,157.05,158.03,156.76,157.27,118168,0
2018-02-26,18:00:00,157.275,157.73,156.99,157.67,98641,0
2018-02-26,19:00:00,157.615,158,157.3,157.67,57002,0
2018-02-26,20:00:00,157.68,157.815,157.23,157.54,73436,0
2018-02-26,21:00:00,157.53,158.24,157.2225,158.19,102587,0
2018-02-26,22:00:00,158.1997,159.15,158.17,159.07,571978,0
2018-02-27,16:00:00,160.11,161.08,159.23,159.74,164443,0
2018-02-27,17:00:00,159.685,159.72,155.66,155.79,179812,0
2018-02-27,18:00:00,155.79,155.9537,154.82,154.9,200672,0
2018-02-27,19:00:00,154.85,156.16,154.85,156.16,151909,0
2018-02-27,20:00:00,156.16,156.18,155.05,155.05,82755,0
2018-02-27,21:00:00,155.05,155.125,154.37,154.695,151842,0
2018-02-27,22:00:00,154.68,154.97,153.93,153.93,486833,0
2018-02-28,16:00:00,154.68,155.82,154.21,154.855,91027,0
2018-02-28,17:00:00,154.87,155.15,153.68,153.84,140766,0
2018-02-28,18:00:00,153.83,155.37,153.83,155.07,177786,0
2018-02-28,19:00:00,155.07,155.47,154.41,154.53,131944,0
2018-02-28,20:00:00,154.49,155.25,154.45,155.1875,83824,0
2018-02-28,21:00:00,155.17,155.55,154.091,154.18,106560,0
2018-02-28,22:00:00,154.18,154.37,153.38,153.51,817156,0
2018-03-01,16:00:00,153.3,154.94,152.8901,154.855,129282,0
2018-03-01,17:00:00,154.77,156.885,154.595,155.72,153873,0
2018-03-01,18:00:00,155.83,156.57,155.46,156.2,114910,0
2018-03-01,19:00:00,156.275,156.275,155.4,155.69,84461,0
2018-03-01,20:00:00,155.69,155.69,154.51,154.79,111802,0
2018-03-01,21:00:00,154.84,155.21,154.03,154.35,123017,0
2018-03-01,22:00:00,154.4,155.62,154.4,154.94,390591,0
2018-03-02,16:00:00,155,155.51,153.12,154.19,227463,0
2018-03-02,17:00:00,154.2,154.97,153.98,154.65,184016,0
2018-03-02,18:00:00,154.68,155.19,153.74,155.19,139297,0
2018-03-02,19:00:00,155.16,155.3,154.76,154.89,82405,0
2018-03-02,20:00:00,154.89,154.95,154.51,154.59,122081,0
2018-03-02,21:00:00,154.59,155.31,154.5,154.83,130177,0
2018-03-02,22:00:00,154.78,155.74,154.5934,155.52,364306,0
2018-03-05,16:00:00,154.37,157.21,154.37,156.95,77989,0
2018-03-05,17:00:00,156.88,157.635,156.68,157.62,104261,0
2018-03-05,18:00:00,157.59,158.23,157.55,157.825,95991,0
2018-03-05,19:00:00,157.79,158.61,157.69,158.485,85206,0
2018-03-05,20:00:00,158.45,158.67,157.22,157.31,125389,0
2018-03-05,21:00:00,157.32,158.19,156.665,157.89,169421,0
2018-03-05,22:00:00,157.89,157.94,156.86,157.46,540224,0
2018-03-06,16:00:00,156.75,157.56,156.03,157.56,131218,0
2018-03-06,17:00:00,157.62,157.7,156.411,157.45,191990,0
2018-03-06,18:00:00,157.33,158.14,157.32,157.76,86913,0
2018-03-06,19:00:00,157.75,158.12,157.44,157.7045,65203,0
2018-03-06,20:00:00,157.75,157.91,157.43,157.625,82269,0
2018-03-06,21:00:00,157.65,157.77,157.03,157.505,114488,0
2018-03-06,22:00:00,157.48,158.18,157.22,157.63,456730,0
2018-03-07,16:00:00,156.68,158.49,156.585,156.76,83148,0
2018-03-07,17:00:00,156.93,157.47,156.045,156.37,91412,0
2018-03-07,18:00:00,156.24,156.61,156,156.31,105493,0
2018-03-07,19:00:00,156.3,156.41,155.82,156.06,139938,0
2018-03-07,20:00:00,156.04,156.29,155.53,155.59,70147,0
2018-03-07,21:00:00,155.6,156.25,155.26,155.83,103791,0
2018-03-07,22:00:00,155.81,156.02,155.505,155.92,495186,0
2018-03-08,16:00:00,156.18,156.67,155.17,155.93,98902,0
2018-03-08,17:00:00,156.15,156.98,155.8,156.69,119992,0
2018-03-08,18:00:00,156.8,156.82,156.13,156.59,77327,0
2018-03-08,19:00:00,156.5561,156.98,156.51,156.7,93328,0
2018-03-08,20:00:00,156.7325,157.05,156.59,156.59,60516,0
2018-03-08,21:00:00,156.63,156.67,156.31,156.5,76723,0
2018-03-08,22:00:00,156.52,156.535,155.94,156.28,325366,0
2018-03-09,16:00:00,156.14,156.79,154.67,155.32,79188,0
2018-03-09,17:00:00,155.42,155.97,154.63,154.8,108408,0
2018-03-09,18:00:00,154.785,154.96,154.15,154.595,117949,0
2018-03-09,19:00:00,154.6,155.11,154.35,154.35,98304,0
2018-03-09,20:00:00,154.395,155.045,154.35,155.045,97325,0
2018-03-09,21:00:00,155.03,155.445,154.98,155.445,106634,0
2018-03-09,22:00:00,155.43,156.61,155.27,156.57,469276,0
2018-03-12,15:00:00,156.72,157.8,156.19,157.015,140206,0
2018-03-12,16:00:00,157.04,157.5,156.24,157.25,220316,0
2018-03-12,17:00:00,157.26,157.39,156.385,156.44,147854,0
2018-03-12,18:00:00,156.42,156.75,156.11,156.74,105021,0
2018-03-12,19:00:00,156.76,157.41,156.695,157.1,92294,0
2018-03-12,20:00:00,157.13,157.41,156.445,156.5387,137332,0
2018-03-12,21:00:00,156.5,156.99,156.4,156.74,539080,0
2018-03-13,15:00:00,157.13,159.27,156.035,158.53,109209,0
2018-03-13,16:00:00,158.575,158.575,157.09,158.1631,176022,0
2018-03-13,17:00:00,158.11,158.985,157.94,158.8,129672,0
2018-03-13,18:00:00,158.83,158.88,157.99,158.14,81873,0
2018-03-13,19:00:00,158.17,158.25,157.45,157.62,88100,0
2018-03-13,20:00:00,157.63,157.8499,157.32,157.65,130472,0
2018-03-13,21:00:00,157.5901,157.78,157.11,157.47,386040,0
2018-03-14,15:00:00,158.26,158.97,157.36,157.78,146214,0
2018-03-14,16:00:00,157.775,158.175,157.02,157.52,199769,0
2018-03-14,17:00:00,157.49,158.61,157.38,158.09,298406,0
2018-03-14,18:00:00,158.13,158.96,158.04,158.585,212744,0
2018-03-14,19:00:00,158.55,159.29,158.33,159.285,222904,0
2018-03-14,20:00:00,159.3,159.32,158.1,158.8,206893,0
2018-03-14,21:00:00,158.785,158.92,158.3,158.49,673580,0
2018-03-15,15:00:00,158.52,159.165,157.25,157.3402,145738,0
2018-03-15,16:00:00,157.26,157.61,156.56,157.3,294736,0
2018-03-15,17:00:00,157.3,157.33,156.76,156.88,215381,0
2018-03-15,18:00:00,156.905,157.5,156.87,156.94,104047,0
2018-03-15,19:00:00,156.96,157.55,156.82,156.82,89547,0
2018-03-15,20:00:00,156.86,156.92,155.91,156.2,146755,0
2018-03-15,21:00:00,156.18,156.74,155.79,156.6,427471,0
2018-03-16,15:00:00,156.5,158.05,156.37,156.62,286982,0
2018-03-16,16:00:00,156.605,157.27,156.05,156.08,162658,0
2018-03-16,17:00:00,156.11,157.72,156.07,157.56,102479,0
2018-03-16,18:00:00,157.48,157.91,157.12,157.69,82351,0
2018-03-16,19:00:00,157.72,157.78,157,157.49,47026,0
2018-03-16,20:00:00,157.5,157.7,157.29,157.545,75539,0
2018-03-16,21:00:00,157.51,157.69,157.12,157.13,919577,0
2018-03-19,15:00:00,157.31,157.31,155.48,155.87,77219,0
2018-03-19,16:00:00,155.75,156.475,155.31,156.385,103255,0
2018-03-19,17:00:00,156.43,156.45,155.705,156.16,111716,0
2018-03-19,18:00:00,156.13,156.22,155.25,155.43,79831,0
2018-03-19,19:00:00,155.48,155.5,154.97,155.31,62286,0
2018-03-19,20:00:00,155.31,155.33,154.38,154.39,124564,0
2018-03-19,21:00:00,154.45,155.54,154.15,155.43,392175,0
2018-03-20,15:00:00,155.69,156.8,154.6,155.09,84275,0
2018-03-20,16:00:00,155.07,155.73,154.86,155.39,92992,0
2018-03-20,17:00:00,155.345,155.65,154.39,154.65,115449,0
2018-03-20,18:00:00,154.61,154.73,154.3,154.69,48245,0
2018-03-20,19:00:00,154.71,155.005,154.45,154.58,74828,0
2018-03-20,20:00:00,154.52,154.57,154.29,154.5,89644,0
2018-03-20,21:00:00,154.55,154.7,154.19,154.58,498696,0
2018-03-21,15:00:00,154.86,155.49,153.85,154.13,72528,0
2018-03-21,16:00:00,154.095,154.53,153.6303,154.35,130842,0
2018-03-21,17:00:00,154.36,154.73,153.94,154.33,122252,0
2018-03-21,18:00:00,154.25,154.49,154.07,154.255,38944,0
2018-03-21,19:00:00,154.29,154.9642,154.22,154.67,46201,0
2018-03-21,20:00:00,154.77,155.65,153.32,153.95,174311,0
2018-03-21,21:00:00,153.98,154.75,153.89,154.34,301895,0
2018-03-22,15:00:00,153.94,155,153.695,153.86,122967,0
2018-03-22,16:00:00,153.87,154.19,153.2,153.72,262825,0
2018-03-22,17:00:00,153.74,155.01,153.31,154.9,191414,0
2018-03-22,18:00:00,154.87,155.21,153.93,153.97,125818,0
2018-03-22,19:00:00,153.95,154.29,153.67,154.28,139723,0
2018-03-22,20:00:00,154.21,154.31,153.7,154.0508,120408,0
2018-03-22,21:00:00,154.07,154.43,152.41,152.53,481648,0
2018-03-23,15:00:00,152.8,154.44,152.545,153.47,116863,0
2018-03-23,16:00:00,153.62,154.51,153.35,154.31,173050,0
2018-03-23,17:00:00,154.37,154.63,154.06,154.17,145241,0
2018-03-23,18:00:00,154.2,154.36,153.7201,153.84,96857,0
2018-03-23,19:00:00,153.74,154.06,153.29,153.83,82081,0
2018-03-23,20:00:00,153.83,154,153.1149,153.18,187616,0
2018-03-23,21:00:00,153.18,153.19,151.38,151.73,580137,0
2018-03-26,16:00:00,152.79,153.35,151.78,152.91,98788,0
2018-03-26,17:00:00,152.95,153.03,151.82,152.3,153909,0
2018-03-26,18:00:00,152.33,153,151.77,152.31,102963,0
2018-03-26,19:00:00,152.28,152.33,151.79,152.02,62143,0
2018-03-26,20:00:00,152.03,152.47,151.83,152.39,72302,0
2018-03-26,21:00:00,152.39,152.99,152.3,152.51,108114,0
2018-03-26,22:00:00,152.48,153.54,152.38,153.32,507710,0
2018-03-27,16:00:00,151.51,151.51,147.28,148.045,561540,0
2018-03-27,17:00:00,148,149.19,147.54,148.97,773571,0
2018-03-27,18:00:00,149,150.34,148.95,150.19,245064,0
2018-03-27,19:00:00,150.175,151,149.58,150.56,189350,0
2018-03-27,20:00:00,150.59,151.24,150.41,150.86,150769,0
2018-03-27,21:00:00,150.84,151.81,150.84,151.49,198523,0
2018-03-27,22:00:00,151.42,151.5,149.93,150.46,596168,0
2018-03-28,16:00:00,151.24,153.14,151.2,153.07,98662,0
2018-03-28,17:00:00,153.14,155.85,152.87,155.64,291862,0
2018-03-28,18:00:00,155.68,155.81,154.56,155.1002,341434,0
2018-03-28,19:00:00,155.16,155.86,154.86,155.57,156136,0
2018-03-28,20:00:00,155.59,155.63,154.655,155.32,231503,0
2018-03-28,21:00:00,155.38,155.65,154.8,154.97,136237,0
2018-03-28,22:00:00,154.96,156.12,154.51,155.91,664821,0
2018-03-29,16:00:00,156.35,157.29,155.4301,155.5301,117149,0
2018-03-29,17:00:00,155.64,155.72,154.71,155,132588,0
2018-03-29,18:00:00,155.04,156.02,154.99,156.01,124518,0
2018-03-29,19:00:00,156,156.015,155.55,155.89,75588,0
2018-03-29,20:00:00,155.9,155.98,154.71,154.71,110167,0
2018-03-29,21:00:00,154.69,155.15,154.08,154.35,177563,0
2018-03-29,22:00:00,154.31,154.65,153.3,154.35,643765,0
