Date,Time,Open,High,Low,Close,Volume,OpenInt
2017-07-03,16:00:00,24.78,24.78,24.7,24.7,1337,0
2017-07-03,18:00:00,24.6999,24.6999,24.6999,24.6999,500,0
2017-07-05,16:00:00,24.65,24.65,24.6,24.6379,2890,0
2017-07-05,18:00:00,24.64,24.65,24.635,24.635,1050,0
2017-07-05,19:00:00,24.65,24.65,24.65,24.65,174,0
2017-07-05,20:00:00,24.65,24.65,24.6477,24.65,4150,0
2017-07-05,21:00:00,24.65,24.69,24.65,24.69,2674,0
2017-07-05,22:00:00,24.65,24.7,24.6328,24.7,11685,0
2017-07-06,17:00:00,24.63,24.65,24.63,24.65,1500,0
2017-07-06,19:00:00,24.65,24.65,24.65,24.65,700,0
2017-07-06,20:00:00,24.64,24.64,24.62,24.62,1332,0
2017-07-06,21:00:00,24.62,24.62,24.62,24.62,250,0
2017-07-06,22:00:00,24.62,24.62,24.6,24.6,29219,0
2017-07-07,16:00:00,24.52,24.52,24.52,24.52,100,0
2017-07-07,19:00:00,24.64,24.65,24.64,24.65,667,0
2017-07-07,20:00:00,24.65,24.7,24.65,24.7,3075,0
2017-07-07,21:00:00,24.64,24.64,24.5828,24.62,1200,0
2017-07-07,22:00:00,24.61,24.63,24.55,24.59,1742,0
2017-07-10,16:00:00,24.59,24.59,24.59,24.59,100,0
2017-07-10,17:00:00,24.79,24.88,24.79,24.88,416,0
2017-07-10,18:00:00,24.81,24.81,24.8,24.8,2180,0
2017-07-10,20:00:00,24.7,24.7,24.63,24.689,1374,0
2017-07-10,21:00:00,24.68,24.68,24.63,24.67,3216,0
2017-07-10,22:00:00,24.6261,24.68,24.6261,24.65,2202,0
2017-07-11,16:00:00,24.65,24.65,24.6499,24.6499,1347,0
2017-07-11,17:00:00,24.64,24.8706,24.64,24.8706,2480,0
2017-07-11,18:00:00,24.8438,24.8438,24.8438,24.8438,1000,0
2017-07-11,19:00:00,24.74,24.74,24.58,24.581,6150,0
2017-07-11,21:00:00,24.65,24.65,24.63,24.65,995,0
2017-07-11,22:00:00,24.65,24.65,24.6492,24.65,2514,0
2017-07-12,16:00:00,24.6,24.6,24.6,24.6,3200,0
2017-07-12,17:00:00,24.64,24.645,24.62,24.645,1000,0
2017-07-12,18:00:00,24.64,24.64,24.57,24.6399,4836,0
2017-07-12,19:00:00,24.6,24.6,24.6,24.6,100,0
2017-07-12,22:00:00,24.571,24.65,24.571,24.59,4592,0
2017-07-13,16:00:00,24.56,24.57,24.56,24.57,600,0
2017-07-13,17:00:00,24.61,24.61,24.61,24.61,399,0
2017-07-13,18:00:00,24.6,24.6,24.6,24.6,1640,0
2017-07-13,19:00:00,24.64,24.65,24.64,24.64,3182,0
2017-07-13,21:00:00,24.65,24.65,24.65,24.65,3372,0
2017-07-13,22:00:00,24.65,24.65,24.64,24.65,1484,0
2017-07-14,16:00:00,24.65,24.65,24.5962,24.5962,3944,0
2017-07-14,17:00:00,24.65,24.65,24.581,24.65,6326,0
2017-07-14,18:00:00,24.72,24.74,24.72,24.74,500,0
2017-07-14,19:00:00,24.72,24.86,24.72,24.8286,1749,0
2017-07-14,20:00:00,24.8699,24.8699,24.8679,24.8679,3000,0
2017-07-14,21:00:00,24.68,24.68,24.65,24.65,1416,0
2017-07-14,22:00:00,24.63,24.65,24.63,24.65,574,0
2017-07-17,18:00:00,24.6332,24.65,24.6332,24.6395,3865,0
2017-07-17,19:00:00,24.5901,24.65,24.5901,24.65,2636,0
2017-07-17,21:00:00,24.65,24.65,24.65,24.65,1000,0
2017-07-17,22:00:00,24.65,24.8699,24.61,24.61,12218,0
2017-07-18,16:00:00,24.58,24.7,24.58,24.7,1613,0
2017-07-18,17:00:00,24.6899,24.6899,24.6899,24.6899,200,0
2017-07-18,18:00:00,24.62,24.6397,24.6128,24.6397,1875,0
2017-07-18,19:00:00,24.67,24.67,24.59,24.59,500,0
2017-07-18,22:00:00,24.6376,24.7,24.6376,24.7,7337,0
2017-07-19,16:00:00,24.65,24.88,24.6499,24.88,6170,0
2017-07-19,17:00:00,24.75,24.81,24.74,24.8,1518,0
2017-07-19,18:00:00,24.8799,24.8799,24.8662,24.8662,442,0
2017-07-19,20:00:00,24.82,24.85,24.82,24.84,777,0
2017-07-19,21:00:00,24.83,24.83,24.65,24.7,8690,0
2017-07-19,22:00:00,24.7,24.8,24.65,24.78,26388,0
2017-07-20,16:00:00,24.67,24.68,24.67,24.68,200,0
2017-07-20,18:00:00,24.73,24.74,24.72,24.72,1000,0
2017-07-20,19:00:00,24.72,24.75,24.72,24.75,720,0
2017-07-20,21:00:00,24.75,24.75,24.72,24.7332,1500,0
2017-07-20,22:00:00,24.723,24.75,24.723,24.75,700,0
2017-07-21,16:00:00,24.86,24.86,24.7914,24.7914,2070,0
2017-07-21,17:00:00,24.75,24.8,24.75,24.7875,2700,0
2017-07-21,18:00:00,24.8,24.8,24.795,24.8,974,0
2017-07-21,19:00:00,24.8,24.8,24.79,24.79,2434,0
2017-07-21,20:00:00,24.8,24.8,24.8,24.8,100,0
2017-07-21,21:00:00,24.7912,24.7912,24.7912,24.7912,2000,0
2017-07-21,22:00:00,24.8,24.8,24.791,24.8,3264,0
2017-07-24,18:00:00,24.8,24.84,24.8,24.84,1300,0
2017-07-24,19:00:00,24.9148,24.9148,24.85,24.85,1850,0
2017-07-24,20:00:00,24.9,24.9,24.9,24.9,500,0
2017-07-24,21:00:00,24.8715,24.8999,24.8715,24.8999,1050,0
2017-07-24,22:00:00,24.85,24.94,24.85,24.94,4544,0
2017-07-25,16:00:00,24.92,24.92,24.871,24.871,752,0
2017-07-25,17:00:00,24.89,24.89,24.89,24.89,400,0
2017-07-25,19:00:00,24.879,24.9,24.879,24.8839,6716,0
2017-07-25,20:00:00,24.871,24.871,24.871,24.871,150,0
2017-07-25,21:00:00,24.9,24.9,24.891,24.891,1550,0
2017-07-26,16:00:00,24.85,24.85,24.85,24.85,612,0
2017-07-26,17:00:00,24.92,24.93,24.87,24.87,673,0
2017-07-26,21:00:00,24.89,24.89,24.85,24.85,3826,0
2017-07-26,22:00:00,24.929,24.929,24.85,24.8926,2296,0
2017-07-27,16:00:00,24.92,24.94,24.9092,24.94,6400,0
2017-07-27,18:00:00,24.94,24.99,24.9,24.9221,8599,0
2017-07-27,20:00:00,24.86,24.9029,24.86,24.87,2100,0
2017-07-27,21:00:00,24.8601,24.9,24.8601,24.9,502,0
2017-07-27,22:00:00,24.9199,24.9356,24.9,24.9356,1329,0
2017-07-28,16:00:00,24.99,24.99,24.99,24.99,100,0
2017-07-28,17:00:00,24.9499,24.9499,24.9499,24.9499,1000,0
2017-07-28,19:00:00,24.921,24.921,24.921,24.921,900,0
2017-07-28,20:00:00,24.926,24.926,24.926,24.926,300,0
2017-07-28,22:00:00,24.93,24.94,24.93,24.94,796,0
2017-07-31,17:00:00,24.9767,24.99,24.9517,24.99,4610,0
2017-07-31,21:00:00,24.96,24.9899,24.96,24.9899,500,0
2017-07-31,22:00:00,24.97,24.99,24.9678,24.99,2805,0
2017-08-01,16:00:00,24.99,24.99,24.99,24.99,1000,0
2017-08-01,17:00:00,24.9567,24.9567,24.9,24.9,4253,0
2017-08-01,18:00:00,24.9114,24.979,24.9114,24.979,1100,0
2017-08-01,19:00:00,24.95,24.9501,24.95,24.95,900,0
2017-08-01,20:00:00,24.95,24.95,24.86,24.86,7486,0
2017-08-01,21:00:00,24.8766,24.8766,24.8766,24.8766,100,0
2017-08-01,22:00:00,24.86,24.9,24.85,24.9,986,0
2017-08-02,16:00:00,24.94,24.94,24.94,24.94,635,0
2017-08-02,18:00:00,24.93,24.9301,24.93,24.9301,930,0
2017-08-02,19:00:00,24.94,24.95,24.94,24.9499,700,0
2017-08-02,20:00:00,24.95,24.95,24.95,24.95,1297,0
2017-08-02,21:00:00,24.94,24.94,24.85,24.85,3332,0
2017-08-02,22:00:00,24.86,24.86,24.86,24.86,100,0
2017-08-03,18:00:00,24.8763,24.8763,24.86,24.8692,583,0
2017-08-03,19:00:00,24.86,24.86,24.86,24.86,700,0
2017-08-03,20:00:00,24.8601,24.9,24.8601,24.897,1194,0
2017-08-03,22:00:00,24.9399,24.94,24.9399,24.94,761,0
2017-08-04,16:00:00,24.95,24.95,24.9499,24.9499,998,0
2017-08-04,17:00:00,24.949,24.949,24.94,24.94,1087,0
2017-08-04,21:00:00,24.939,24.94,24.861,24.861,1800,0
2017-08-07,16:00:00,24.88,24.88,24.88,24.88,200,0
2017-08-07,17:00:00,24.88,24.88,24.88,24.88,100,0
2017-08-07,19:00:00,24.91,24.9116,24.895,24.9116,3520,0
2017-08-07,21:00:00,24.8801,24.8801,24.8801,24.8801,1000,0
2017-08-07,22:00:00,24.9016,24.9383,24.9016,24.93,1720,0
2017-08-08,17:00:00,24.87,24.908,24.87,24.88,4700,0
2017-08-08,19:00:00,24.87,24.8999,24.87,24.8999,1312,0
2017-08-08,20:00:00,24.8889,24.8889,24.8889,24.8889,1041,0
2017-08-08,21:00:00,24.899,24.94,24.899,24.9399,4184,0
2017-08-08,22:00:00,24.94,24.94,24.9399,24.9399,307,0
2017-08-09,16:00:00,24.94,24.94,24.94,24.94,214,0
2017-08-09,17:00:00,24.9249,24.9249,24.9249,24.9249,300,0
2017-08-09,19:00:00,24.95,24.95,24.9002,24.95,900,0
2017-08-09,20:00:00,24.915,24.915,24.8658,24.8658,2618,0
2017-08-09,21:00:00,24.86,24.865,24.85,24.865,2499,0
2017-08-09,22:00:00,24.85,24.85,24.85,24.85,1214,0
2017-08-10,17:00:00,24.86,24.86,24.75,24.75,3210,0
2017-08-10,22:00:00,24.7101,24.7101,24.7101,24.7101,1500,0
2017-08-11,17:00:00,24.67,24.719,24.67,24.719,1538,0
2017-08-11,18:00:00,24.701,24.701,24.701,24.701,297,0
2017-08-11,19:00:00,24.68,24.8166,24.6772,24.8166,5470,0
2017-08-11,21:00:00,24.7687,24.8,24.7586,24.7586,2175,0
2017-08-11,22:00:00,24.7,24.7,24.68,24.68,2248,0
2017-08-14,18:00:00,24.8061,24.8061,24.8061,24.8061,1000,0
2017-08-14,22:00:00,24.84,24.84,24.84,24.84,100,0
2017-08-15,16:00:00,24.99,24.99,24.975,24.975,3100,0
2017-08-15,17:00:00,24.91,24.97,24.86,24.97,400,0
2017-08-15,18:00:00,24.97,24.97,24.97,24.97,200,0
2017-08-15,19:00:00,24.8605,24.95,24.8605,24.95,783,0
2017-08-15,20:00:00,24.96,24.96,24.95,24.95,700,0
2017-08-15,21:00:00,24.95,24.99,24.95,24.99,1900,0
2017-08-15,22:00:00,24.99,24.99,24.91,24.99,3883,0
2017-08-16,17:00:00,24.9337,24.9337,24.9337,24.9337,400,0
2017-08-16,18:00:00,24.9427,24.95,24.9116,24.95,7837,0
2017-08-16,19:00:00,24.9871,25,24.9871,25,2000,0
2017-08-16,20:00:00,24.94,24.94,24.94,24.94,1000,0
2017-08-16,21:00:00,24.9782,24.9782,24.9782,24.9782,450,0
2017-08-16,22:00:00,25,25,24.9701,25,2203,0
2017-08-17,16:00:00,24.9899,24.9899,24.9899,24.9899,600,0
2017-08-17,17:00:00,24.99,25,24.99,25,200,0
2017-08-17,18:00:00,24.99,24.99,24.99,24.99,434,0
2017-08-17,19:00:00,24.99,24.99,24.95,24.95,1832,0
2017-08-17,20:00:00,24.96,25,24.95,24.96,3232,0
2017-08-17,21:00:00,24.88,25,24.87,25,1940,0
2017-08-17,22:00:00,24.925,25,24.925,24.99,5793,0
2017-08-18,16:00:00,24.97,24.97,24.86,24.86,2000,0
2017-08-18,17:00:00,24.9681,24.9682,24.9681,24.9682,3600,0
2017-08-18,18:00:00,24.9466,24.95,24.91,24.91,840,0
2017-08-18,19:00:00,24.904,24.904,24.904,24.904,320,0
2017-08-21,18:00:00,24.961,24.961,24.961,24.961,500,0
2017-08-21,19:00:00,24.88,24.9795,24.88,24.9795,4322,0
2017-08-21,20:00:00,24.98,24.99,24.97,24.97,500,0
2017-08-21,21:00:00,24.95,24.95,24.9474,24.9474,650,0
2017-08-21,22:00:00,24.9628,24.99,24.9395,24.98,3568,0
2017-08-22,16:00:00,25,25,25,25,713,0
2017-08-22,17:00:00,24.96,24.96,24.9223,24.95,935,0
2017-08-22,18:00:00,24.97,25,24.97,25,888,0
2017-08-22,20:00:00,24.931,25,24.931,24.9801,2734,0
2017-08-22,21:00:00,24.9701,24.9701,24.9701,24.9701,450,0
2017-08-22,22:00:00,24.9862,25,24.9862,25,5860,0
2017-08-23,16:00:00,25,25,25,25,375,0
2017-08-23,17:00:00,24.99,24.99,24.9872,24.9872,725,0
2017-08-23,18:00:00,24.961,24.9815,24.961,24.9815,1200,0
2017-08-23,19:00:00,24.98,24.98,24.97,24.97,238,0
2017-08-23,20:00:00,24.97,24.97,24.97,24.97,1500,0
2017-08-23,21:00:00,24.9701,24.9701,24.95,24.95,2029,0
2017-08-23,22:00:00,24.9899,24.99,24.94,24.9621,2756,0
2017-08-24,16:00:00,24.99,24.99,24.871,24.935,2004,0
2017-08-24,17:00:00,24.979,24.979,24.979,24.979,800,0
2017-08-24,18:00:00,24.945,24.959,24.9218,24.959,1650,0
2017-08-24,19:00:00,24.9666,24.9666,24.95,24.95,465,0
2017-08-24,20:00:00,24.95,24.95,24.95,24.95,400,0
2017-08-24,21:00:00,24.92,24.989,24.92,24.94,1900,0
2017-08-24,22:00:00,24.95,24.98,24.92,24.92,1447,0
2017-08-25,16:00:00,24.87,24.87,24.87,24.87,1523,0
2017-08-25,17:00:00,24.9197,24.9197,24.9197,24.9197,350,0
2017-08-25,19:00:00,24.96,24.96,24.96,24.96,100,0
2017-08-25,20:00:00,24.98,24.98,24.98,24.98,100,0
2017-08-25,21:00:00,24.99,24.99,24.99,24.99,100,0
2017-08-25,22:00:00,24.9633,24.983,24.9579,24.9579,949,0
2017-08-28,16:00:00,24.9392,24.99,24.9392,24.99,600,0
2017-08-28,17:00:00,24.9877,24.99,24.9877,24.99,400,0
2017-08-28,18:00:00,24.99,25,24.99,25,900,0
2017-08-28,19:00:00,24.99,25,24.99,25,200,0
2017-08-28,20:00:00,24.98,24.98,24.88,24.97,3194,0
2017-08-28,21:00:00,24.98,25,24.98,25,400,0
2017-08-28,22:00:00,24.9,24.9,24.9,24.9,100,0
2017-08-29,16:00:00,25,25,25,25,100,0
2017-08-29,17:00:00,24.99,24.99,24.99,24.99,100,0
2017-08-29,18:00:00,24.8762,24.8762,24.8762,24.8762,675,0
2017-08-29,19:00:00,24.9338,25,24.9338,24.98,5532,0
2017-08-29,20:00:00,24.96,24.96,24.96,24.96,378,0
2017-08-29,22:00:00,24.9471,24.9471,24.9471,24.9471,400,0
2017-08-30,17:00:00,24.8599,24.8599,24.8107,24.8107,941,0
2017-08-30,18:00:00,24.85,24.8764,24.85,24.86,1000,0
2017-08-30,19:00:00,24.86,24.86,24.85,24.86,1925,0
2017-08-30,20:00:00,24.92,24.93,24.86,24.93,1904,0
2017-08-30,21:00:00,25,25,24.99,24.99,200,0
2017-08-30,22:00:00,25,25,24.966,25,2400,0
2017-08-31,17:00:00,24.989,24.989,24.989,24.989,400,0
2017-08-31,18:00:00,24.9775,24.9775,24.9775,24.9775,1000,0
2017-08-31,20:00:00,24.9501,24.9501,24.95,24.95,2879,0
2017-08-31,22:00:00,24.98,24.9816,24.93,24.93,1820,0
2017-09-01,16:00:00,24.937,24.975,24.937,24.975,285,0
2017-09-01,17:00:00,24.99,25,24.99,25,315,0
2017-09-01,18:00:00,24.99,25,24.99,25,200,0
2017-09-01,19:00:00,24.98,25,24.98,25,300,0
2017-09-01,20:00:00,24.9825,24.99,24.9825,24.99,700,0
2017-09-01,21:00:00,24.98,24.99,24.98,24.99,425,0
2017-09-01,22:00:00,24.979,24.98,24.96,24.9603,1300,0
2017-09-05,17:00:00,24.9612,24.9612,24.93,24.93,375,0
2017-09-05,18:00:00,25,25,24.95,24.95,1626,0
2017-09-05,19:00:00,24.9333,24.9333,24.9333,24.9333,1850,0
2017-09-05,20:00:00,24.93,24.93,24.93,24.93,552,0
2017-09-05,22:00:00,24.99,25,24.9505,25,2300,0
2017-09-06,16:00:00,24.91,25.01,24.91,25,4480,0
2017-09-06,17:00:00,24.9306,24.9306,24.9306,24.9306,800,0
2017-09-06,18:00:00,24.9016,24.9016,24.9016,24.9016,100,0
2017-09-06,19:00:00,24.939,25,24.92,25,22229,0
2017-09-06,20:00:00,24.91,24.9202,24.91,24.9202,600,0
2017-09-06,21:00:00,24.92,24.92,24.92,24.92,100,0
2017-09-06,22:00:00,24.9286,24.99,24.9286,24.99,1100,0
2017-09-07,16:00:00,25,25,25,25,198,0
2017-09-07,17:00:00,24.9644,24.979,24.9644,24.979,800,0
2017-09-07,18:00:00,24.96,25,24.95,24.965,3031,0
2017-09-07,22:00:00,24.9566,25,24.9566,25,1446,0
2017-09-08,17:00:00,24.96,24.96,24.96,24.96,125,0
2017-09-08,20:00:00,24.9498,24.9498,24.9498,24.9498,202,0
2017-09-08,22:00:00,24.9525,24.99,24.9525,24.99,4252,0
2017-09-11,16:00:00,24.95,24.95,24.95,24.95,100,0
2017-09-11,17:00:00,24.98,24.98,24.98,24.98,100,0
2017-09-11,18:00:00,24.9899,24.99,24.9899,24.9899,2991,0
2017-09-11,19:00:00,24.9819,24.9819,24.9819,24.9819,500,0
2017-09-11,20:00:00,24.99,24.99,24.9875,24.9875,1311,0
2017-09-11,21:00:00,24.99,24.99,24.98,24.98,2140,0
2017-09-11,22:00:00,24.99,24.99,24.99,24.99,100,0
2017-09-12,16:00:00,24.94,24.9529,24.94,24.9529,204,0
2017-09-12,17:00:00,24.9068,24.936,24.9068,24.936,1500,0
2017-09-12,18:00:00,24.916,24.916,24.916,24.916,1400,0
2017-09-12,20:00:00,24.9584,24.9584,24.9584,24.9584,2500,0
2017-09-12,21:00:00,24.97,24.97,24.97,24.97,300,0
2017-09-12,22:00:00,24.97,24.98,24.97,24.97,524,0
2017-09-13,16:00:00,24.99,24.99,24.99,24.99,112,0
2017-09-13,17:00:00,24.93,24.93,24.93,24.93,100,0
2017-09-13,18:00:00,24.97,24.97,24.97,24.97,100,0
2017-09-13,19:00:00,24.98,24.98,24.98,24.98,100,0
2017-09-13,20:00:00,24.99,24.99,24.98,24.98,600,0
2017-09-13,21:00:00,25,25,25,25,100,0
2017-09-14,16:00:00,24.99,24.99,24.99,24.99,200,0
2017-09-14,17:00:00,24.95,24.99,24.95,24.99,900,0
2017-09-14,18:00:00,24.99,24.99,24.97,24.97,1100,0
2017-09-14,20:00:00,24.9522,24.99,24.95,24.96,1200,0
2017-09-14,21:00:00,24.99,24.99,24.987,24.99,3200,0
2017-09-14,22:00:00,24.95,24.95,24.9,24.9,1102,0
2017-09-15,16:00:00,24.99,24.99,24.95,24.95,301,0
2017-09-15,17:00:00,24.9183,24.9183,24.9183,24.9183,805,0
2017-09-15,18:00:00,24.87,24.87,24.87,24.87,400,0
2017-09-15,20:00:00,24.9066,24.9066,24.9066,24.9066,385,0
2017-09-15,21:00:00,24.95,24.95,24.88,24.88,300,0
2017-09-18,16:00:00,24.99,24.99,24.99,24.99,635,0
2017-09-18,17:00:00,24.97,24.98,24.91,24.91,1500,0
2017-09-18,18:00:00,24.91,24.9261,24.91,24.9261,700,0
2017-09-18,20:00:00,24.9327,24.9354,24.91,24.9354,550,0
2017-09-18,22:00:00,24.97,24.99,24.97,24.99,8187,0
2017-09-19,17:00:00,24.9501,24.9885,24.9501,24.9885,1200,0
2017-09-19,18:00:00,24.9815,24.9815,24.9815,24.9815,700,0
2017-09-19,19:00:00,24.95,24.99,24.91,24.93,1441,0
2017-09-19,21:00:00,24.94,24.94,24.94,24.94,156,0
2017-09-19,22:00:00,24.9895,24.99,24.87,24.99,6978,0
2017-09-20,18:00:00,24.971,24.971,24.971,24.971,500,0
2017-09-20,19:00:00,24.963,24.98,24.93,24.9329,4206,0
2017-09-20,20:00:00,24.98,24.99,24.9622,24.9622,4560,0
2017-09-20,21:00:00,24.9999,24.9999,24.9999,24.9999,450,0
2017-09-20,22:00:00,25,25,24.94,24.94,3420,0
2017-09-21,19:00:00,25,25,24.9956,25,4336,0
2017-09-21,21:00:00,24.9587,24.9587,24.9587,24.9587,100,0
2017-09-21,22:00:00,24.9875,25,24.96,24.99,5030,0
2017-09-22,16:00:00,25,25,25,25,406,0
2017-09-22,17:00:00,24.98,25,24.956,24.956,800,0
2017-09-22,19:00:00,25.01,25.1014,25.01,25.011,14000,0
2017-09-22,20:00:00,25.0611,25.8285,25.02,25.8174,1871,0
2017-09-22,21:00:00,25.12,25.12,25.12,25.12,800,0
2017-09-22,22:00:00,25.4596,25.4596,25.34,25.34,406,0
2017-09-25,16:00:00,25.33,25.33,25.33,25.33,228,0
2017-09-25,17:00:00,25.28,25.28,25.02,25.02,1000,0
2017-09-25,18:00:00,25.1,25.1,25.09,25.09,300,0
2017-09-25,19:00:00,25.08,25.09,25.052,25.082,1348,0
2017-09-25,20:00:00,25.041,25.0515,25.04,25.0446,2769,0
2017-09-25,21:00:00,25.04,25.04,24.91,25,6340,0
2017-09-26,17:00:00,25.06,25.06,25.06,25.06,100,0
2017-09-26,18:00:00,25.09,25.09,25.0011,25.0011,800,0
2017-09-26,21:00:00,25.03,25.138,25.03,25.138,1400,0
2017-09-26,22:00:00,25.0469,25.0675,25.0469,25.0675,635,0
2017-09-27,16:00:00,25.12,25.12,25.12,25.12,133,0
2017-09-27,18:00:00,25.1,25.1,25.1,25.1,601,0
2017-09-27,22:00:00,24.9338,25.26,24.93,25.26,2610,0
2017-09-28,17:00:00,25.09,25.09,25.09,25.09,100,0
2017-09-28,20:00:00,25.1386,25.1386,25,25,4621,0
2017-09-28,21:00:00,24.9599,24.9599,24.9599,24.9599,314,0
2017-09-28,22:00:00,25,25.0799,25,25.0799,2950,0
2017-09-29,17:00:00,24.9601,25.0521,24.9601,25.0521,460,0
2017-09-29,18:00:00,25.0121,25.0121,25.0121,25.0121,100,0
2017-09-29,19:00:00,25.02,25.02,25.02,25.02,1500,0
2017-09-29,20:00:00,24.97,24.97,24.97,24.97,999,0
2017-09-29,21:00:00,24.96,24.96,24.956,24.956,1125,0
2017-09-29,22:00:00,24.956,24.98,24.91,24.98,4372,0
2017-10-02,16:00:00,25,25,25,25,1000,0
2017-10-02,21:00:00,24.89,24.89,24.825,24.84,2280,0
2017-10-02,22:00:00,24.85,24.85,24.81,24.81,912,0
2017-10-03,17:00:00,24.9535,24.9535,24.9535,24.9535,200,0
2017-10-03,18:00:00,24.88,24.88,24.88,24.88,735,0
2017-10-03,19:00:00,24.8,24.8,24.8,24.8,378,0
2017-10-03,20:00:00,24.81,24.87,24.81,24.8654,2466,0
2017-10-03,22:00:00,24.938,24.938,24.85,24.85,1790,0
2017-10-04,18:00:00,24.8548,24.8548,24.85,24.85,675,0
2017-10-04,19:00:00,24.8388,24.8388,24.8269,24.8269,800,0
2017-10-04,20:00:00,24.8101,24.8101,24.8101,24.8101,240,0
2017-10-04,21:00:00,24.849,24.849,24.849,24.849,200,0
2017-10-04,22:00:00,24.8101,24.8399,24.81,24.81,2249,0
2017-10-05,16:00:00,24.99,24.99,24.82,24.82,5011,0
2017-10-05,17:00:00,24.85,24.85,24.85,24.85,800,0
2017-10-05,18:00:00,24.8223,24.8223,24.8223,24.8223,600,0
2017-10-05,19:00:00,24.86,24.9,24.8587,24.9,2358,0
2017-10-05,20:00:00,24.88,24.88,24.88,24.88,400,0
2017-10-05,21:00:00,24.9,24.9,24.8387,24.874,1938,0
2017-10-05,22:00:00,24.83,24.83,24.81,24.81,1013,0
2017-10-06,16:00:00,24.8,24.8,24.75,24.75,325,0
2017-10-06,17:00:00,24.75,24.75,24.69,24.69,2025,0
2017-10-06,18:00:00,24.69,24.7,24.69,24.6987,1144,0
2017-10-06,19:00:00,24.6807,24.6807,24.65,24.65,1120,0
2017-10-06,20:00:00,24.63,24.8324,24.6033,24.8324,2570,0
2017-10-06,21:00:00,24.89,24.9,24.6709,24.9,1200,0
2017-10-06,22:00:00,24.9204,24.9204,24.75,24.75,513,0
2017-10-09,17:00:00,24.82,24.85,24.727,24.7569,1331,0
2017-10-09,18:00:00,24.79,24.8,24.79,24.79,320,0
2017-10-09,19:00:00,24.78,24.9671,24.78,24.9671,400,0
2017-10-09,20:00:00,24.98,24.98,24.98,24.98,340,0
2017-10-09,21:00:00,24.7016,24.7016,24.7016,24.7016,1000,0
2017-10-09,22:00:00,24.64,24.64,24.64,24.64,332,0
2017-10-10,17:00:00,24.9104,24.9104,24.8954,24.8954,500,0
2017-10-10,18:00:00,25,25,25,25,100,0
2017-10-10,19:00:00,24.99,24.99,24.92,24.92,200,0
2017-10-10,20:00:00,25.0674,25.0674,24.8324,24.8324,1000,0
2017-10-10,22:00:00,25.04,25.07,25.01,25.07,718,0
2017-10-11,16:00:00,25.0666,25.0666,25.0666,25.0666,997,0
2017-10-11,19:00:00,24.9597,24.9597,24.9597,24.9597,291,0
2017-10-11,20:00:00,24.9597,24.9597,24.9597,24.9597,321,0
2017-10-11,21:00:00,25.0678,25.0678,25.0007,25.0007,678,0
2017-10-11,22:00:00,25.05,25.07,25.05,25.07,900,0
2017-10-12,22:00:00,25,25,25,25,181,0
2017-10-13,16:00:00,25,25,24.99,24.99,1114,0
2017-10-13,17:00:00,25.04,25.05,25.0149,25.015,1782,0
2017-10-13,18:00:00,25,25,25,25,200,0
2017-10-13,19:00:00,25.0485,25.05,25,25,5979,0
2017-10-13,22:00:00,25,25,24.9001,24.99,1334,0
2017-10-16,16:00:00,25,25,24.96,24.96,225,0
2017-10-16,17:00:00,24.95,24.9636,24.95,24.95,2015,0
2017-10-16,18:00:00,24.9416,24.95,24.93,24.95,2199,0
2017-10-16,19:00:00,24.94,24.99,24.94,24.9733,1600,0
2017-10-16,21:00:00,25,25,25,25,200,0
2017-10-16,22:00:00,25,25.02,24.99,24.99,3500,0
2017-10-17,16:00:00,24.96,24.96,24.9,24.9,1339,0
2017-10-17,17:00:00,24.9222,24.9222,24.9222,24.9222,1026,0
2017-10-17,18:00:00,24.91,24.91,24.78,24.78,1000,0
2017-10-17,19:00:00,24.8504,24.8504,24.8504,24.8504,100,0
2017-10-17,20:00:00,24.835,24.85,24.76,24.81,1546,0
2017-10-17,21:00:00,24.81,24.9287,24.76,24.8,2500,0
2017-10-17,22:00:00,24.77,24.81,24.75,24.76,1451,0
2017-10-18,16:00:00,24.8,24.8,24.8,24.8,500,0
2017-10-18,17:00:00,24.75,24.75,24.75,24.75,500,0
2017-10-18,18:00:00,24.768,24.768,24.768,24.768,174,0
2017-10-18,19:00:00,24.7537,24.7537,24.72,24.72,1900,0
2017-10-18,20:00:00,24.72,24.7314,24.7,24.7314,523,0
2017-10-18,21:00:00,24.7,24.7993,24.7,24.7993,1491,0
2017-10-18,22:00:00,24.8,24.971,24.8,24.971,1948,0
2017-10-19,17:00:00,24.85,24.85,24.85,24.85,2300,0
2017-10-19,18:00:00,24.8,24.85,24.8,24.85,2893,0
2017-10-19,21:00:00,24.85,24.85,24.85,24.85,1257,0
2017-10-19,22:00:00,24.84,24.85,24.82,24.82,700,0
2017-10-20,16:00:00,24.8,24.8,24.7425,24.7425,898,0
2017-10-20,20:00:00,24.766,24.766,24.766,24.766,100,0
2017-10-20,21:00:00,24.8,24.8,24.78,24.78,304,0
2017-10-20,22:00:00,24.75,24.8,24.75,24.8,808,0
2017-10-23,18:00:00,24.8399,24.8399,24.8399,24.8399,600,0
2017-10-23,19:00:00,24.73,24.73,24.73,24.73,400,0
2017-10-23,20:00:00,24.78,24.7833,24.74,24.7485,1190,0
2017-10-23,21:00:00,24.7758,24.84,24.7758,24.84,889,0
2017-10-23,22:00:00,24.8401,24.8401,24.84,24.84,600,0
2017-10-24,16:00:00,24.76,24.7902,24.76,24.7902,250,0
2017-10-24,18:00:00,24.8499,24.8499,24.8,24.8027,1450,0
2017-10-24,19:00:00,24.8005,24.8499,24.8005,24.8499,1825,0
2017-10-24,20:00:00,24.83,24.83,24.8,24.8,1050,0
2017-10-24,22:00:00,24.75,24.75,24.75,24.75,16800,0
2017-10-25,16:00:00,24.83,24.83,24.6,24.6397,2101,0
2017-10-25,19:00:00,24.734,24.734,24.734,24.734,305,0
2017-10-25,22:00:00,24.59,24.6496,24.02,24.45,3675,0
2017-10-26,17:00:00,24.731,24.731,24.731,24.731,204,0
2017-10-26,20:00:00,24.5,24.62,24.5,24.62,300,0
2017-10-26,21:00:00,24.68,24.68,24.48,24.56,885,0
2017-10-26,22:00:00,24.61,24.69,24.46,24.46,500,0
2017-10-27,16:00:00,24.7,24.7,24.36,24.36,1367,0
2017-10-27,17:00:00,24.6,24.6,24.6,24.6,100,0
2017-10-27,20:00:00,24.594,24.594,24.594,24.594,1500,0
2017-10-30,15:00:00,24.6,24.6,24.6,24.6,200,0
2017-10-30,16:00:00,24.6,24.6,24.37,24.38,1500,0
2017-10-30,17:00:00,24.37,24.5916,24.37,24.46,1638,0
2017-10-30,18:00:00,24.45,24.759,24.36,24.39,5260,0
2017-10-30,19:00:00,24.41,24.41,24.37,24.37,3754,0
2017-10-30,20:00:00,24.37,24.37,24.05,24.05,8264,0
2017-10-30,21:00:00,24.05,24.22,23.92,24.05,21616,0
2017-10-31,15:00:00,24.169,24.17,24.13,24.13,2050,0
2017-10-31,16:00:00,24.07,24.2116,24.07,24.161,4166,0
2017-10-31,17:00:00,24.16,24.29,24.16,24.2899,3226,0
2017-10-31,18:00:00,24.248,24.29,24.2072,24.2072,2690,0
2017-10-31,19:00:00,24.27,24.29,24.27,24.2899,1106,0
2017-10-31,20:00:00,24.2,24.4,24.2,24.39,2479,0
2017-10-31,21:00:00,24.36,24.4,24.21,24.21,16049,0
2017-11-01,15:00:00,24.46,24.46,24.46,24.46,1000,0
2017-11-01,16:00:00,24.36,24.47,24.36,24.4,1000,0
2017-11-01,17:00:00,24.45,24.478,24.321,24.321,1278,0
2017-11-01,20:00:00,24.4,24.424,24.3947,24.424,600,0
2017-11-01,21:00:00,24.3913,24.42,24.3913,24.42,486,0
2017-11-02,15:00:00,24.5,24.5,24.41,24.41,300,0
2017-11-02,17:00:00,24.33,24.35,24.2828,24.2828,1700,0
2017-11-02,18:00:00,24.38,24.4,24.35,24.35,2500,0
2017-11-02,19:00:00,24.3691,24.3691,24.3691,24.3691,166,0
2017-11-02,20:00:00,24.4,24.4,24.3,24.3,1400,0
2017-11-02,21:00:00,24.5647,24.5647,24.301,24.35,3374,0
2017-11-03,15:00:00,24.36,24.38,24.36,24.37,1476,0
2017-11-03,16:00:00,24.39,24.39,24.26,24.26,4900,0
2017-11-03,18:00:00,24.3,24.3,24.2567,24.26,1250,0
2017-11-03,19:00:00,24.35,24.35,24.35,24.35,100,0
2017-11-03,20:00:00,24.3001,24.395,24.3001,24.39,2881,0
2017-11-03,21:00:00,24.4,24.62,24.39,24.6024,2387,0
2017-11-06,16:00:00,24.41,24.43,24.41,24.43,400,0
2017-11-06,17:00:00,24.49,24.69,24.49,24.66,500,0
2017-11-06,18:00:00,24.52,24.52,24.4,24.4,1614,0
2017-11-06,19:00:00,24.41,24.41,24.4,24.4,600,0
2017-11-06,20:00:00,24.4,24.4,24.36,24.4,2575,0
2017-11-06,21:00:00,24.4,24.43,24.3912,24.42,1916,0
2017-11-06,22:00:00,24.4039,24.4272,24.35,24.35,600,0
2017-11-07,16:00:00,24.35,24.47,24.35,24.47,1132,0
2017-11-07,17:00:00,24.59,24.59,24.59,24.59,100,0
2017-11-07,19:00:00,24.7,24.7,24.7,24.7,100,0
2017-11-07,20:00:00,24.6111,24.6111,24.6111,24.6111,100,0
2017-11-07,22:00:00,24.5,24.5,24.45,24.47,1063,0
2017-11-08,16:00:00,24.58,24.58,24.58,24.58,122,0
2017-11-08,17:00:00,24.69,24.69,24.55,24.55,556,0
2017-11-08,22:00:00,24.7355,24.7355,24.51,24.51,1400,0
2017-11-09,16:00:00,24.7,24.7,24.63,24.63,1622,0
2017-11-09,19:00:00,24.57,24.63,24.56,24.63,1300,0
2017-11-09,20:00:00,24.5001,24.5001,24.5001,24.5001,1000,0
2017-11-09,22:00:00,24.5,24.5,24.5,24.5,437,0
2017-11-10,18:00:00,24.55,24.56,24.55,24.55,1333,0
2017-11-10,19:00:00,24.55,24.55,24.45,24.45,1404,0
2017-11-10,20:00:00,24.55,24.55,24.55,24.55,500,0
2017-11-10,22:00:00,24.472,24.6899,24.472,24.6899,526,0
2017-11-13,16:00:00,24.65,24.65,24.62,24.63,900,0
2017-11-13,17:00:00,24.4689,24.4689,24.4689,24.4689,210,0
2017-11-13,18:00:00,24.554,24.554,24.4101,24.539,570,0
2017-11-13,19:00:00,24.4913,24.5425,24.4913,24.4919,555,0
2017-11-13,20:00:00,24.4243,24.4285,24.4243,24.4285,390,0
2017-11-13,21:00:00,24.501,24.501,24.501,24.501,300,0
2017-11-13,22:00:00,24.52,24.52,24.43,24.432,4277,0
2017-11-14,16:00:00,24.41,24.41,24.41,24.41,400,0
2017-11-14,17:00:00,24.4445,24.4445,24.4445,24.4445,400,0
2017-11-14,18:00:00,24.435,24.46,24.4296,24.449,2474,0
2017-11-14,19:00:00,24.49,24.5,24.46,24.46,4588,0
2017-11-14,20:00:00,24.4601,24.47,24.4601,24.47,1100,0
2017-11-14,21:00:00,24.5326,24.5326,24.5326,24.5326,150,0
2017-11-15,16:00:00,24.641,24.641,24.641,24.641,407,0
2017-11-15,17:00:00,24.516,24.516,24.516,24.516,220,0
2017-11-15,18:00:00,24.6,24.62,24.541,24.61,2446,0
2017-11-15,20:00:00,24.5276,24.5276,24.5276,24.5276,475,0
2017-11-15,22:00:00,24.6,24.6,24.545,24.545,630,0
2017-11-16,17:00:00,24.5924,24.5924,24.5924,24.5924,122,0
2017-11-16,19:00:00,24.6818,24.6818,24.66,24.66,231,0
2017-11-17,17:00:00,24.7299,24.7299,24.7299,24.7299,400,0
2017-11-17,18:00:00,24.6092,24.73,24.6092,24.709,2564,0
2017-11-17,19:00:00,24.7,24.71,24.7,24.7,550,0
2017-11-17,21:00:00,24.73,24.79,24.712,24.712,4037,0
2017-11-17,22:00:00,24.79,24.79,24.79,24.79,126,0
2017-11-20,16:00:00,24.91,24.91,24.91,24.91,700,0
2017-11-20,17:00:00,24.94,24.94,24.9,24.9,2250,0
2017-11-20,18:00:00,24.9,24.9,24.7815,24.7815,3777,0
2017-11-20,19:00:00,24.67,24.67,24.67,24.67,100,0
2017-11-20,21:00:00,24.75,24.75,24.75,24.75,255,0
2017-11-20,22:00:00,24.76,24.78,24.76,24.7601,1626,0
2017-11-21,16:00:00,24.94,24.95,24.8288,24.8644,4270,0
2017-11-21,17:00:00,24.93,24.93,24.93,24.93,400,0
2017-11-21,18:00:00,24.93,24.9367,24.86,24.9,2053,0
2017-11-21,20:00:00,24.8501,24.8855,24.8501,24.8855,2350,0
2017-11-21,22:00:00,24.8658,24.8916,24.76,24.76,4152,0
2017-11-22,17:00:00,24.9294,24.9294,24.9294,24.9294,500,0
2017-11-22,18:00:00,24.8199,24.8199,24.8199,24.8199,232,0
2017-11-22,19:00:00,24.9,24.97,24.9,24.95,2066,0
2017-11-22,22:00:00,24.95,24.95,24.95,24.95,540,0
2017-11-24,16:00:00,24.97,24.97,24.97,24.97,100,0
2017-11-24,17:00:00,24.98,24.987,24.98,24.987,1500,0
2017-11-24,19:00:00,24.95,24.99,24.9126,24.98,534,0
2017-11-27,18:00:00,24.9272,24.95,24.86,24.94,6586,0
2017-11-27,19:00:00,24.89,24.89,24.84,24.84,1617,0
2017-11-27,21:00:00,24.84,24.84,24.84,24.84,300,0
2017-11-27,22:00:00,24.7904,24.93,24.76,24.76,4400,0
2017-11-28,16:00:00,24.8464,24.8464,24.8464,24.8464,400,0
2017-11-28,17:00:00,24.76,24.76,24.76,24.76,100,0
2017-11-28,18:00:00,24.76,24.8,24.75,24.76,1135,0
2017-11-28,19:00:00,24.8099,24.8099,24.7,24.7,2040,0
2017-11-28,20:00:00,24.736,24.736,24.7,24.7,940,0
2017-11-28,21:00:00,24.7242,24.7703,24.7,24.7,1178,0
2017-11-28,22:00:00,24.66,24.83,24.66,24.66,1122,0
2017-11-29,16:00:00,24.57,24.57,24.41,24.45,865,0
2017-11-29,17:00:00,24.42,24.42,24.29,24.29,3500,0
2017-11-29,18:00:00,24.29,24.399,24.2,24.2,3150,0
2017-11-29,19:00:00,24.2,24.25,24.14,24.19,2100,0
2017-11-29,20:00:00,24.18,24.3135,24.17,24.19,7827,0
2017-11-29,21:00:00,24.21,24.23,24.19,24.22,1900,0
2017-11-29,22:00:00,24.22,24.26,24.17,24.19,5844,0
2017-11-30,16:00:00,24.28,24.4708,24.28,24.4708,1006,0
2017-11-30,17:00:00,24.4751,24.52,24.33,24.45,2602,0
2017-11-30,18:00:00,24.34,24.37,24.32,24.32,1021,0
2017-11-30,19:00:00,24.32,24.38,24.21,24.21,3300,0
2017-11-30,20:00:00,24.2,24.38,24.2,24.38,5603,0
2017-11-30,21:00:00,24.35,24.54,24.3,24.36,8300,0
2017-11-30,22:00:00,24.36,24.36,24.2,24.27,13034,0
2017-12-01,19:00:00,24.3,24.5399,24.29,24.31,3575,0
2017-12-01,21:00:00,24.52,24.52,24.52,24.52,200,0
2017-12-01,22:00:00,24.52,24.65,24.5198,24.65,1601,0
2017-12-04,16:00:00,24.65,24.65,24.4955,24.4955,900,0
2017-12-04,17:00:00,24.4411,24.4411,24.4411,24.4411,200,0
2017-12-04,18:00:00,24.4433,24.4433,24.4433,24.4433,200,0
2017-12-04,19:00:00,24.4058,24.4058,24.4058,24.4058,455,0
2017-12-04,21:00:00,24.4205,24.5767,24.4205,24.5767,678,0
2017-12-04,22:00:00,24.65,24.8,24.6499,24.8,8087,0
2017-12-05,16:00:00,24.75,24.75,24.75,24.75,1000,0
2017-12-05,17:00:00,24.65,24.75,24.65,24.75,700,0
2017-12-05,18:00:00,24.75,24.75,24.75,24.75,600,0
2017-12-05,19:00:00,24.75,24.75,24.75,24.75,1000,0
2017-12-05,20:00:00,24.8,24.8,24.78,24.8,500,0
2017-12-05,21:00:00,24.8,24.88,24.7508,24.88,1700,0
2017-12-05,22:00:00,24.87,24.87,24.76,24.7875,3207,0
2017-12-06,16:00:00,24.59,24.59,24.59,24.59,1456,0
2017-12-06,17:00:00,24.7,24.73,24.6326,24.6326,818,0
2017-12-06,18:00:00,24.62,24.62,24.61,24.61,218,0
2017-12-06,19:00:00,24.61,24.61,24.61,24.61,600,0
2017-12-06,20:00:00,24.6287,24.759,24.615,24.759,2100,0
2017-12-06,21:00:00,24.6,24.6,24.6,24.6,158,0
2017-12-06,22:00:00,24.75,24.75,24.75,24.75,878,0
2017-12-07,16:00:00,24.8096,24.8096,24.8096,24.8096,984,0
2017-12-07,17:00:00,24.7511,24.7511,24.7511,24.7511,1500,0
2017-12-07,19:00:00,24.7918,24.827,24.7918,24.827,1230,0
2017-12-07,21:00:00,24.7967,24.84,24.7967,24.84,2959,0
2017-12-07,22:00:00,24.85,24.85,24.85,24.85,1460,0
2017-12-08,16:00:00,24.841,24.841,24.841,24.841,383,0
2017-12-08,18:00:00,24.84,24.84,24.84,24.84,1000,0
2017-12-08,19:00:00,24.88,24.88,24.88,24.88,2000,0
2017-12-08,21:00:00,24.8788,24.8788,24.8371,24.8371,1200,0
2017-12-08,22:00:00,24.78,24.78,24.78,24.78,598,0
2017-12-11,16:00:00,24.87,24.87,24.87,24.87,400,0
2017-12-11,18:00:00,24.81,24.81,24.75,24.7939,1665,0
2017-12-11,20:00:00,24.869,24.8699,24.815,24.8699,1700,0
2017-12-11,21:00:00,24.85,24.86,24.85,24.86,1700,0
2017-12-11,22:00:00,24.85,24.85,24.76,24.76,1780,0
2017-12-12,17:00:00,24.86,24.87,24.81,24.81,2000,0
2017-12-12,18:00:00,24.87,24.87,24.8298,24.8298,3120,0
2017-12-12,19:00:00,24.75,24.75,24.75,24.75,2600,0
2017-12-12,20:00:00,24.7,24.7,24.6,24.7,1500,0
2017-12-12,21:00:00,24.66,24.66,24.6001,24.6396,1275,0
2017-12-12,22:00:00,24.645,24.86,24.6,24.61,5672,0
2017-12-13,16:00:00,24.7141,24.7141,24.7141,24.7141,300,0
2017-12-13,17:00:00,24.731,24.731,24.731,24.731,300,0
2017-12-13,18:00:00,24.87,24.87,24.85,24.85,1000,0
2017-12-13,19:00:00,24.7819,24.8054,24.7819,24.8054,1800,0
2017-12-13,20:00:00,24.75,24.95,24.711,24.8,9434,0
2017-12-13,21:00:00,24.8,24.8,24.7,24.7553,3500,0
2017-12-13,22:00:00,24.754,24.754,24.754,24.754,125,0
2017-12-14,16:00:00,24.89,24.89,24.8899,24.8899,300,0
2017-12-14,17:00:00,24.7195,24.7195,24.7195,24.7195,400,0
2017-12-14,18:00:00,24.71,24.71,24.47,24.48,4618,0
2017-12-14,20:00:00,24.55,24.7481,24.55,24.7481,1100,0
2017-12-14,21:00:00,24.8269,24.8899,24.56,24.8899,3064,0
2017-12-14,22:00:00,24.72,24.88,24.72,24.88,2004,0
2017-12-15,16:00:00,24.89,24.89,24.89,24.89,1189,0
2017-12-15,17:00:00,24.65,24.72,24.65,24.72,400,0
2017-12-15,20:00:00,24.87,24.88,24.8208,24.88,500,0
2017-12-15,21:00:00,24.7455,24.88,24.56,24.8652,1800,0
2017-12-15,22:00:00,24.8408,24.89,24.63,24.74,1989,0
2017-12-18,16:00:00,24.92,24.92,24.7206,24.88,668,0
2017-12-18,17:00:00,24.88,24.89,24.82,24.87,2415,0
2017-12-18,18:00:00,24.87,24.87,24.6201,24.74,3282,0
2017-12-18,19:00:00,24.74,24.74,24.7201,24.74,2268,0
2017-12-18,20:00:00,24.7214,24.7214,24.7214,24.7214,1000,0
2017-12-18,21:00:00,24.85,24.86,24.74,24.8255,2700,0
2017-12-18,22:00:00,24.84,24.85,24.78,24.79,2292,0
2017-12-19,17:00:00,24.7454,24.7454,24.7454,24.7454,510,0
2017-12-19,18:00:00,24.6593,24.72,24.6593,24.72,465,0
2017-12-19,19:00:00,24.81,24.81,24.6859,24.6859,1292,0
2017-12-19,20:00:00,24.72,24.72,24.72,24.72,200,0
2017-12-19,21:00:00,24.72,24.72,24.72,24.72,550,0
2017-12-19,22:00:00,24.69,24.729,24.69,24.729,600,0
2017-12-20,17:00:00,24.799,24.8,24.68,24.68,1092,0
2017-12-20,18:00:00,24.6001,24.6221,24.6001,24.6221,1000,0
2017-12-20,19:00:00,24.669,24.67,24.669,24.67,1400,0
2017-12-20,20:00:00,24.7398,24.7398,24.7398,24.7398,256,0
2017-12-20,21:00:00,24.67,24.67,24.67,24.67,200,0
2017-12-20,22:00:00,24.67,24.67,24.56,24.56,1070,0
2017-12-21,17:00:00,24.6877,24.6877,24.6024,24.6024,886,0
2017-12-21,18:00:00,24.8111,24.8111,24.8111,24.8111,100,0
2017-12-21,19:00:00,24.6024,24.624,24.6024,24.624,1700,0
2017-12-21,20:00:00,24.7811,24.7811,24.7811,24.7811,600,0
2017-12-21,21:00:00,24.82,24.84,24.65,24.65,3890,0
2017-12-21,22:00:00,24.84,24.85,24.726,24.85,2730,0
2017-12-22,17:00:00,24.8499,24.8499,24.8499,24.8499,800,0
2017-12-22,22:00:00,24.719,24.719,24.719,24.719,208,0
2017-12-26,17:00:00,24.6484,24.75,24.61,24.67,1971,0
2017-12-26,19:00:00,24.6956,24.6956,24.6956,24.6956,300,0
2017-12-26,20:00:00,24.77,24.779,24.6947,24.6947,756,0
2017-12-26,21:00:00,24.6117,24.6117,24.6117,24.6117,1000,0
2017-12-26,22:00:00,24.71,24.82,24.611,24.62,3529,0
2017-12-27,17:00:00,24.8,24.81,24.79,24.79,904,0
2017-12-27,18:00:00,24.74,24.78,24.61,24.714,1403,0
2017-12-27,19:00:00,24.61,24.86,24.61,24.71,2540,0
2017-12-27,20:00:00,24.85,24.85,24.7759,24.85,300,0
2017-12-27,21:00:00,24.82,24.82,24.77,24.77,200,0
2017-12-27,22:00:00,24.71,24.82,24.71,24.82,700,0
2017-12-28,20:00:00,24.8206,24.8206,24.75,24.75,501,0
2017-12-28,21:00:00,24.7638,24.8,24.7638,24.8,336,0
2017-12-28,22:00:00,24.72,24.73,24.72,24.72,500,0
2017-12-29,16:00:00,24.66,24.66,24.66,24.66,100,0
2017-12-29,17:00:00,24.65,24.69,24.65,24.69,1400,0
2017-12-29,18:00:00,24.51,24.56,24.51,24.51,1000,0
2017-12-29,21:00:00,24.5543,24.5543,24.5543,24.5543,200,0
2017-12-29,22:00:00,24.51,24.59,24.49,24.59,2566,0
2018-01-02,16:00:00,24.54,24.54,24.54,24.54,2980,0
2018-01-02,17:00:00,24.56,24.56,24.56,24.56,300,0
2018-01-02,18:00:00,24.56,24.64,24.25,24.5785,5598,0
2018-01-02,20:00:00,24.47,24.47,24.47,24.47,100,0
2018-01-02,21:00:00,24.53,24.53,24.52,24.53,1200,0
2018-01-02,22:00:00,24.58,24.58,24.4947,24.55,2847,0
2018-01-03,16:00:00,24.58,24.58,24.58,24.58,2199,0
2018-01-03,17:00:00,24.65,24.73,24.6198,24.62,1915,0
2018-01-03,18:00:00,24.59,24.6548,24.58,24.6548,593,0
2018-01-03,19:00:00,24.6097,24.6097,24.6097,24.6097,1000,0
2018-01-03,20:00:00,24.73,24.73,24.5931,24.73,800,0
2018-01-03,21:00:00,24.63,24.63,24.5838,24.5838,1300,0
2018-01-03,22:00:00,24.59,24.59,24.59,24.59,500,0
2018-01-04,16:00:00,24.72,24.72,24.72,24.72,1150,0
2018-01-04,17:00:00,24.67,24.69,24.67,24.69,761,0
2018-01-04,18:00:00,24.69,24.69,24.69,24.69,4373,0
2018-01-04,19:00:00,24.69,24.69,24.69,24.69,300,0
2018-01-04,20:00:00,24.69,24.69,24.69,24.69,302,0
2018-01-04,21:00:00,24.69,24.69,24.69,24.69,200,0
2018-01-04,22:00:00,24.685,24.685,24.67,24.67,2061,0
2018-01-05,17:00:00,24.68,24.74,24.68,24.68,1004,0
2018-01-05,18:00:00,24.65,24.65,24.65,24.65,100,0
2018-01-05,19:00:00,24.65,24.7,24.65,24.7,1085,0
2018-01-05,20:00:00,24.7,24.7165,24.54,24.7165,2792,0
2018-01-05,21:00:00,24.7094,24.73,24.7094,24.73,292,0
2018-01-05,22:00:00,24.73,24.7399,24.7,24.73,1241,0
2018-01-08,17:00:00,24.64,24.73,24.64,24.73,200,0
2018-01-08,18:00:00,24.65,24.65,24.65,24.65,200,0
2018-01-08,19:00:00,24.75,24.75,24.75,24.75,600,0
2018-01-08,20:00:00,24.7499,24.75,24.66,24.66,2256,0
2018-01-08,21:00:00,24.66,24.75,24.66,24.6855,600,0
2018-01-08,22:00:00,24.75,24.75,24.714,24.74,816,0
2018-01-09,17:00:00,24.8143,24.8143,24.8143,24.8143,497,0
2018-01-09,18:00:00,24.8101,24.8101,24.8101,24.8101,100,0
2018-01-09,19:00:00,24.81,24.86,24.81,24.86,225,0
2018-01-09,20:00:00,24.8,24.8,24.8,24.8,426,0
2018-01-09,21:00:00,24.7814,24.7814,24.7814,24.7814,1000,0
2018-01-09,22:00:00,24.8,24.8,24.7495,24.7771,1439,0
2018-01-10,16:00:00,24.75,24.75,24.75,24.75,200,0
2018-01-10,17:00:00,24.75,24.75,24.75,24.75,200,0
2018-01-10,18:00:00,24.671,24.671,24.671,24.671,411,0
2018-01-10,19:00:00,24.711,24.711,24.69,24.6922,2735,0
2018-01-10,20:00:00,24.69,24.7163,24.69,24.7163,250,0
2018-01-10,22:00:00,24.72,24.72,24.72,24.72,239,0
2018-01-11,17:00:00,24.83,24.85,24.8,24.85,1998,0
2018-01-11,18:00:00,24.8,24.8,24.8,24.8,500,0
2018-01-11,19:00:00,24.79,24.79,24.79,24.79,100,0
2018-01-11,21:00:00,24.74,24.74,24.7,24.74,2685,0
2018-01-11,22:00:00,24.7,24.7,24.7,24.7,200,0
2018-01-12,16:00:00,24.75,24.75,24.75,24.75,573,0
2018-01-12,17:00:00,24.75,24.75,24.74,24.75,916,0
2018-01-12,18:00:00,24.701,24.7235,24.7,24.71,2150,0
2018-01-12,19:00:00,24.75,24.75,24.7459,24.7459,1273,0
2018-01-12,20:00:00,24.75,24.75,24.7417,24.7417,1100,0
2018-01-12,22:00:00,24.75,24.75,24.75,24.75,240,0
2018-01-16,16:00:00,24.8,24.8,24.7351,24.7351,1524,0
2018-01-16,17:00:00,24.79,24.8,24.7466,24.8,747,0
2018-01-16,18:00:00,24.8,24.8,24.79,24.79,200,0
2018-01-16,19:00:00,24.767,24.8,24.767,24.78,1400,0
2018-01-16,20:00:00,24.75,24.75,24.719,24.719,1021,0
2018-01-16,21:00:00,24.7362,24.7484,24.7,24.7,3034,0
2018-01-16,22:00:00,24.7023,24.7023,24.52,24.67,4102,0
2018-01-17,16:00:00,24.6,24.6,24.6,24.6,200,0
2018-01-17,18:00:00,24.65,24.6557,24.6362,24.6362,5517,0
2018-01-17,19:00:00,24.6401,24.65,24.64,24.65,900,0
2018-01-17,20:00:00,24.63,24.63,24.52,24.52,1539,0
2018-01-17,22:00:00,24.46,24.5,24.46,24.46,1355,0
2018-01-18,16:00:00,24.45,24.45,24.45,24.45,600,0
2018-01-18,17:00:00,24.48,24.48,24.37,24.37,600,0
2018-01-18,18:00:00,24.3919,24.3919,24.0895,24.3333,3293,0
2018-01-18,20:00:00,24.35,24.35,24.35,24.35,300,0
2018-01-18,22:00:00,24.44,24.45,24.44,24.45,374,0
2018-01-19,16:00:00,24.5,24.5,24.5,24.5,268,0
2018-01-19,17:00:00,24.45,24.46,24.45,24.46,355,0
2018-01-19,18:00:00,24.4326,24.4326,24.4326,24.4326,3500,0
2018-01-19,19:00:00,24.29,24.4,24.29,24.4,200,0
2018-01-19,20:00:00,24.4,24.4,24.29,24.3,845,0
2018-01-19,21:00:00,24.3,24.3,24.2998,24.3,7749,0
2018-01-19,22:00:00,24.31,24.61,24.15,24.15,21433,0
2018-01-22,16:00:00,24.22,24.22,24.22,24.22,113,0
2018-01-22,17:00:00,24.45,24.45,24.45,24.45,200,0
2018-01-22,18:00:00,24.45,24.45,24.38,24.38,400,0
2018-01-22,19:00:00,24.47,24.48,24.4601,24.48,537,0
2018-01-22,21:00:00,24.39,24.39,24.37,24.37,300,0
2018-01-22,22:00:00,24.37,24.37,24.28,24.28,362,0
2018-01-23,18:00:00,24.3916,24.3916,24.35,24.35,562,0
2018-01-23,19:00:00,24.38,24.4498,24.36,24.37,3728,0
2018-01-23,20:00:00,24.37,24.3701,24.36,24.36,2866,0
2018-01-23,21:00:00,24.28,24.3516,24.28,24.3516,300,0
2018-01-23,22:00:00,24.34,24.3603,24.2875,24.3,3025,0
2018-01-24,16:00:00,24.4,24.4,24.374,24.374,3030,0
2018-01-24,17:00:00,24.2883,24.2883,24.2883,24.2883,1000,0
2018-01-24,18:00:00,24.303,24.303,24.303,24.303,100,0
2018-01-24,19:00:00,24.4,24.4,24.2992,24.2992,940,0
2018-01-24,20:00:00,24.33,24.379,24.3184,24.33,2142,0
2018-01-24,21:00:00,24.325,24.36,24.29,24.29,1500,0
2018-01-24,22:00:00,24.29,24.3152,24.29,24.3152,624,0
2018-01-25,16:00:00,24.45,24.45,24.404,24.404,2673,0
2018-01-25,17:00:00,24.38,24.39,24.38,24.39,615,0
2018-01-25,19:00:00,24.3124,24.325,24.28,24.28,2435,0
2018-01-25,20:00:00,24.28,24.28,24.28,24.28,200,0
2018-01-25,21:00:00,24.285,24.41,24.285,24.3,6924,0
2018-01-25,22:00:00,24.2773,24.32,24.27,24.32,660,0
2018-01-26,16:00:00,24.38,24.38,24.32,24.32,1835,0
2018-01-26,19:00:00,24.33,24.33,24.33,24.33,424,0
2018-01-26,20:00:00,24.3655,24.3655,24.32,24.32,1049,0
2018-01-26,21:00:00,24.3,24.3,24.01,24.01,2859,0
2018-01-26,22:00:00,24.1216,24.149,24.1,24.149,2230,0
2018-01-29,16:00:00,24.18,24.18,24.18,24.18,100,0
2018-01-29,17:00:00,24.0101,24.0121,23.6576,23.889,3708,0
2018-01-29,18:00:00,23.86,23.86,23.69,23.69,900,0
2018-01-29,19:00:00,23.719,23.75,23.7151,23.75,2499,0
2018-01-29,20:00:00,23.75,23.82,23.75,23.7501,2200,0
2018-01-29,21:00:00,23.8,23.8697,23.8,23.83,1965,0
2018-01-29,22:00:00,23.83,23.97,23.83,23.97,3621,0
2018-01-30,16:00:00,23.74,23.7522,23.71,23.71,800,0
2018-01-30,17:00:00,23.673,23.68,23.66,23.68,1485,0
2018-01-30,18:00:00,23.7074,23.7421,23.6901,23.6901,4515,0
2018-01-30,19:00:00,23.7303,23.7561,23.71,23.7561,2065,0
2018-01-30,20:00:00,23.6834,23.6834,23.6834,23.6834,200,0
2018-01-30,21:00:00,23.7999,23.7999,23.78,23.78,1002,0
2018-01-30,22:00:00,23.7547,23.799,23.7547,23.799,490,0
2018-01-31,16:00:00,24.006,24.006,24.006,24.006,300,0
2018-01-31,17:00:00,23.85,23.92,23.85,23.92,1500,0
2018-01-31,18:00:00,23.93,24.01,23.93,24.01,914,0
2018-01-31,19:00:00,23.95,24.5,23.95,24.1145,8412,0
2018-01-31,20:00:00,24.1,24.1,24.1,24.1,100,0
2018-01-31,21:00:00,24.05,24.45,24.05,24.14,3764,0
2018-01-31,22:00:00,24.3884,24.44,24.3884,24.44,2060,0
2018-02-01,17:00:00,24.32,24.32,24.32,24.32,127,0
2018-02-01,18:00:00,24.231,24.31,24.211,24.31,1500,0
2018-02-01,19:00:00,24.2,24.2,24.2,24.2,100,0
2018-02-01,20:00:00,24.3016,24.3016,24.24,24.24,500,0
2018-02-01,21:00:00,24.24,24.275,24.1,24.13,5212,0
2018-02-01,22:00:00,24.15,24.17,24.15,24.16,1721,0
2018-02-02,16:00:00,24.05,24.05,23.75,23.75,785,0
2018-02-02,17:00:00,23.73,23.82,23.6501,23.6922,1091,0
2018-02-02,18:00:00,23.75,24,23.75,23.8678,8773,0
2018-02-02,19:00:00,23.8201,23.8201,23.8201,23.8201,333,0
2018-02-02,21:00:00,23.89,23.9,23.66,23.771,2350,0
2018-02-02,22:00:00,23.7825,23.83,23.6999,23.81,8093,0
2018-02-05,17:00:00,23.7474,23.9125,23.7474,23.87,2461,0
2018-02-05,18:00:00,23.7833,23.7833,23.7833,23.7833,300,0
2018-02-05,19:00:00,23.807,23.82,23.7901,23.8,1273,0
2018-02-05,20:00:00,23.8,23.8,23.8,23.8,100,0
2018-02-05,21:00:00,23.79,23.79,23.75,23.77,1285,0
2018-02-05,22:00:00,23.7,23.7,23.66,23.6675,1379,0
2018-02-06,16:00:00,23.59,23.59,23.59,23.59,100,0
2018-02-06,17:00:00,24.2,24.235,24.152,24.235,1050,0
2018-02-06,18:00:00,23.97,23.97,23.7027,23.92,3570,0
2018-02-06,19:00:00,23.88,23.88,23.88,23.88,192,0
2018-02-06,20:00:00,23.7721,23.7721,23.7721,23.7721,550,0
2018-02-06,21:00:00,23.838,23.838,23.746,23.746,500,0
2018-02-06,22:00:00,23.7614,23.7614,23.7614,23.7614,176,0
2018-02-07,17:00:00,24.2399,24.2399,24.23,24.23,925,0
2018-02-07,18:00:00,24.21,24.25,24.1347,24.1379,2026,0
2018-02-07,19:00:00,24.1297,24.41,24.02,24.25,4169,0
2018-02-07,20:00:00,24.4099,24.4099,24.0306,24.0306,1615,0
2018-02-07,21:00:00,24.2057,24.3169,24.2057,24.2179,300,0
2018-02-07,22:00:00,24.0369,24.11,23.8577,23.8577,3881,0
2018-02-08,18:00:00,24.01,24.02,23.9552,23.9552,2300,0
2018-02-08,19:00:00,23.94,23.996,23.94,23.996,333,0
2018-02-08,20:00:00,23.99,24,23.94,24,3700,0
2018-02-08,22:00:00,24.0199,24.0199,23.83,23.83,3471,0
2018-02-09,16:00:00,23.8899,23.8899,23.8899,23.8899,400,0
2018-02-09,17:00:00,23.8672,23.8672,23.65,23.65,824,0
2018-02-09,18:00:00,23.65,23.65,23.59,23.59,400,0
2018-02-09,19:00:00,23.51,23.51,23.45,23.45,1253,0
2018-02-09,20:00:00,23.3701,23.3701,23.3701,23.3701,333,0
2018-02-09,21:00:00,23.87,23.9,23.82,23.82,1322,0
2018-02-09,22:00:00,23.78,23.78,23.53,23.78,854,0
2018-02-12,16:00:00,23.8912,23.8912,23.8912,23.8912,168,0
2018-02-12,17:00:00,23.85,23.89,23.85,23.89,1350,0
2018-02-12,18:00:00,23.85,23.85,23.85,23.85,100,0
2018-02-12,19:00:00,23.86,24.02,23.86,23.867,1266,0
2018-02-12,20:00:00,23.989,23.989,23.989,23.989,100,0
2018-02-12,21:00:00,23.9699,23.9699,23.8701,23.8701,1600,0
2018-02-12,22:00:00,23.94,23.95,23.94,23.94,998,0
2018-02-13,17:00:00,23.9816,23.9816,23.9816,23.9816,375,0
2018-02-13,18:00:00,23.97,23.97,23.97,23.97,100,0
2018-02-13,19:00:00,23.96,23.96,23.96,23.96,100,0
2018-02-13,20:00:00,23.9802,23.9903,23.961,23.9807,1110,0
2018-02-13,22:00:00,24.0001,24.16,23.96,24.16,12398,0
2018-02-14,16:00:00,24.2,24.31,24.19,24.3099,1100,0
2018-02-14,17:00:00,24.09,24.09,24.09,24.09,100,0
2018-02-14,18:00:00,24.19,24.19,24.19,24.19,600,0
2018-02-14,19:00:00,24.06,24.168,24.06,24.168,1706,0
2018-02-14,20:00:00,24.2,24.25,24.2,24.25,351,0
2018-02-14,21:00:00,24.24,24.24,24.22,24.24,1100,0
2018-02-14,22:00:00,24.11,24.12,24.05,24.05,509,0
2018-02-15,16:00:00,24,24,24,24,100,0
2018-02-15,17:00:00,24.0781,24.0781,24.0781,24.0781,700,0
2018-02-15,19:00:00,24.01,24.0101,23.98,23.98,1001,0
2018-02-15,20:00:00,23.92,23.92,23.91,23.91,500,0
2018-02-15,22:00:00,24.02,24.03,24.02,24.03,200,0
2018-02-16,18:00:00,23.97,24,23.93,24,1694,0
2018-02-16,20:00:00,23.9424,23.9424,23.9424,23.9424,200,0
2018-02-16,21:00:00,23.9618,23.97,23.96,23.97,712,0
2018-02-16,22:00:00,24,24.02,23.9675,24.02,1600,0
2018-02-20,17:00:00,24.29,24.29,24.0872,24.09,2700,0
2018-02-20,19:00:00,24.09,24.09,24,24.09,1300,0
2018-02-20,20:00:00,24.19,24.19,24.19,24.19,147,0
2018-02-20,21:00:00,24.2239,24.28,24.19,24.2,2836,0
2018-02-20,22:00:00,24.13,24.15,24.055,24.15,6703,0
2018-02-21,16:00:00,24.24,24.24,24.12,24.125,4011,0
2018-02-21,17:00:00,24.14,24.14,24.03,24.07,3084,0
2018-02-21,18:00:00,24.07,24.09,24.04,24.09,2400,0
2018-02-21,19:00:00,24.07,24.07,24,24,200,0
2018-02-21,20:00:00,24.05,24.06,24.03,24.05,7300,0
2018-02-21,21:00:00,24.089,24.2629,24.0601,24.25,2274,0
2018-02-21,22:00:00,24.2575,24.2575,24.16,24.2,1506,0
2018-02-22,17:00:00,24.25,24.25,24.25,24.25,100,0
2018-02-22,18:00:00,24.1733,24.1733,24.17,24.17,1200,0
2018-02-22,19:00:00,24.1618,24.1618,24.15,24.15,900,0
2018-02-22,20:00:00,24.15,24.15,24.15,24.15,400,0
2018-02-22,21:00:00,24.15,24.15,24.12,24.14,2638,0
2018-02-22,22:00:00,24.16,24.16,24,24.1346,7206,0
2018-02-23,16:00:00,24.08,24.08,24.08,24.08,100,0
2018-02-23,20:00:00,24.13,24.13,24.13,24.13,200,0
2018-02-23,21:00:00,24.1138,24.13,24.11,24.13,7948,0
2018-02-23,22:00:00,24.13,24.2272,24,24.16,7475,0
2018-02-26,16:00:00,24.1,24.1,23.99,24.01,2600,0
2018-02-26,17:00:00,24.05,24.07,24.05,24.07,400,0
2018-02-26,18:00:00,24.07,24.087,24.04,24.087,1771,0
2018-02-26,19:00:00,24.1519,24.1519,24.1519,24.1519,750,0
2018-02-26,20:00:00,24.0968,24.11,24.07,24.07,2640,0
2018-02-26,21:00:00,24.0764,24.0764,24.07,24.07,800,0
2018-02-26,22:00:00,24.0682,24.2,24,24.2,2800,0
2018-02-27,16:00:00,23.92,23.92,23.92,23.92,395,0
2018-02-27,17:00:00,24.03,24.03,24.02,24.02,1200,0
2018-02-27,18:00:00,24,24,24,24,1200,0
2018-02-27,19:00:00,24.29,24.29,23.95,24.095,2204,0
2018-02-27,20:00:00,24.1064,24.1064,24.05,24.05,306,0
2018-02-27,21:00:00,24.05,24.13,23.981,24.1111,4243,0
2018-02-27,22:00:00,24.07,24.12,24.07,24.12,2356,0
2018-02-28,17:00:00,24.0311,24.12,24.0311,24.12,864,0
2018-02-28,18:00:00,24.15,24.2,24.15,24.15,300,0
2018-02-28,21:00:00,24.107,24.107,24.08,24.08,721,0
2018-02-28,22:00:00,24,24.37,24,24.37,5863,0
2018-03-01,16:00:00,24.05,24.05,24.05,24.05,100,0
2018-03-01,17:00:00,24.12,24.12,24.0705,24.0705,525,0
2018-03-01,18:00:00,24.08,24.08,24.08,24.08,1000,0
2018-03-01,19:00:00,24.0895,24.0895,24.087,24.087,2243,0
2018-03-01,21:00:00,24.07,24.07,24.05,24.053,1524,0
2018-03-01,22:00:00,24.06,24.12,24,24.05,3999,0
2018-03-02,16:00:00,23.996,23.996,23.996,23.996,200,0
2018-03-02,17:00:00,23.96,23.96,23.95,23.95,200,0
2018-03-02,18:00:00,23.9692,24.05,23.9692,24.05,1000,0
2018-03-02,19:00:00,24.06,24.0981,24.05,24.0981,900,0
2018-03-02,20:00:00,24.06,24.2809,24.05,24.05,1700,0
2018-03-02,22:00:00,24.1308,24.16,24.1308,24.16,1000,0
2018-03-05,16:00:00,24.17,24.17,24.17,24.17,400,0
2018-03-05,19:00:00,23.97,24.12,23.97,24.12,1100,0
2018-03-05,20:00:00,24.12,24.15,24.1,24.149,8180,0
2018-03-05,21:00:00,24.2,24.21,24.04,24.13,1502,0
2018-03-05,22:00:00,24.15,24.38,24,24.34,19902,0
2018-03-06,16:00:00,24.32,24.32,24.3,24.3,300,0
2018-03-06,18:00:00,24.2318,24.2318,24.21,24.21,500,0
2018-03-06,19:00:00,24.21,24.21,24.21,24.21,100,0
2018-03-06,20:00:00,24.21,24.21,24.21,24.21,100,0
2018-03-06,21:00:00,24.1401,24.18,24,24.18,8491,0
2018-03-06,22:00:00,24.1637,24.1637,24.13,24.15,4600,0
2018-03-07,20:00:00,24.17,24.17,24.17,24.17,200,0
2018-03-07,21:00:00,24.2485,24.2485,24.2,24.24,1963,0
2018-03-07,22:00:00,24.24,24.24,24.24,24.24,511,0
2018-03-08,16:00:00,24.18,24.18,24.18,24.18,200,0
2018-03-08,17:00:00,24.25,24.3188,24.25,24.3188,919,0
2018-03-08,18:00:00,24.3,24.3229,24.2418,24.3229,3257,0
2018-03-08,19:00:00,24.2394,24.2394,24.2394,24.2394,1500,0
2018-03-08,22:00:00,24.2932,24.33,24.26,24.2751,3253,0
2018-03-09,17:00:00,24.31,24.3175,24.28,24.3175,3708,0
2018-03-09,21:00:00,24.2024,24.2024,24.2024,24.2024,500,0
2018-03-09,22:00:00,24.2379,24.32,24.2379,24.32,552,0
2018-03-12,16:00:00,24.1946,24.1946,24.1946,24.1946,335,0
2018-03-12,19:00:00,24.1936,24.1936,24.15,24.15,9909,0
2018-03-13,15:00:00,24.05,24.05,24.05,24.05,400,0
2018-03-13,17:00:00,24.2555,24.2555,24.2555,24.2555,205,0
2018-03-13,20:00:00,24.2221,24.2221,24.2221,24.2221,980,0
2018-03-13,21:00:00,24.2663,24.2663,24.2663,24.2663,250,0
2018-03-14,15:00:00,24.13,24.13,24.13,24.13,663,0
2018-03-14,16:00:00,24.18,24.203,24.15,24.15,1000,0
2018-03-14,17:00:00,24.27,24.27,24.27,24.27,600,0
2018-03-14,20:00:00,24.2316,24.2316,24.2316,24.2316,178,0
2018-03-14,21:00:00,24.1301,24.2104,24.1301,24.2104,1041,0
2018-03-15,15:00:00,24.27,24.27,24.27,24.27,255,0
2018-03-15,16:00:00,24.15,24.1529,24.15,24.1529,300,0
2018-03-15,17:00:00,24.18,24.2,24.15,24.15,2124,0
2018-03-15,18:00:00,24.16,24.17,24.16,24.16,600,0
2018-03-15,19:00:00,24.1792,24.1792,24.1792,24.1792,203,0
2018-03-15,20:00:00,24.1545,24.1545,24.1545,24.1545,258,0
2018-03-15,21:00:00,24.14,24.14,24.14,24.14,100,0
2018-03-16,15:00:00,24.27,24.27,24.27,24.27,194,0
2018-03-16,16:00:00,24.292,24.6,24.26,24.6,12531,0
2018-03-16,17:00:00,24.4001,24.4001,24.4001,24.4001,100,0
2018-03-16,20:00:00,24.38,24.38,24.38,24.38,100,0
2018-03-16,21:00:00,24.47,24.47,24.4,24.47,1895,0
2018-03-19,16:00:00,24.3966,24.46,24.12,24.12,43206,0
2018-03-19,17:00:00,24.12,24.16,23.97,24.03,11064,0
2018-03-19,18:00:00,24.03,24.06,24.03,24.05,700,0
2018-03-19,19:00:00,24.1138,24.1138,24.05,24.06,2538,0
2018-03-19,21:00:00,24.1,24.12,24.09,24.09,683,0
2018-03-20,16:00:00,24.09,24.1,24.08,24.08,600,0
2018-03-20,17:00:00,24.1389,24.1389,24.1389,24.1389,1065,0
2018-03-20,19:00:00,24.08,24.1584,24.08,24.1584,783,0
2018-03-20,20:00:00,24.15,24.15,24.13,24.13,300,0
2018-03-20,21:00:00,24.0768,24.0768,24.0768,24.0768,300,0
2018-03-21,16:00:00,24.03,24.0545,24.01,24.0545,2000,0
2018-03-21,17:00:00,24.0799,24.0799,24.01,24.0211,1096,0
2018-03-21,18:00:00,23.9664,24.021,23.9664,23.9695,1900,0
2018-03-21,19:00:00,24.0199,24.0199,23.98,23.98,500,0
2018-03-21,20:00:00,24.04,24.04,23.93,23.9802,743,0
2018-03-21,21:00:00,23.9538,24,23.9534,23.98,7207,0
2018-03-22,16:00:00,24.1109,24.1109,24.1109,24.1109,455,0
2018-03-22,17:00:00,24.02,24.042,23.965,24.042,3608,0
2018-03-22,18:00:00,24.05,24.05,24.05,24.05,200,0
2018-03-22,19:00:00,24.1,24.1,24.1,24.1,650,0
2018-03-22,20:00:00,24.007,24.007,24.007,24.007,500,0
2018-03-22,21:00:00,24.08,24.08,24.03,24.05,1800,0
2018-03-23,19:00:00,24.0502,24.0502,24.05,24.05,1720,0
2018-03-23,20:00:00,24.05,24.05,24.05,24.05,900,0
2018-03-23,21:00:00,23.9731,24.0202,23.9731,24.0202,1200,0
2018-03-26,16:00:00,24.1,24.11,23.99,23.99,750,0
2018-03-26,17:00:00,24.097,24.1048,24.097,24.1048,500,0
2018-03-26,18:00:00,24.029,24.029,23.9901,23.9901,500,0
2018-03-26,22:00:00,24.0045,24.06,24,24,1227,0
2018-03-27,17:00:00,24.01,24.01,24,24,610,0
2018-03-27,18:00:00,24.05,24.07,24,24.0699,1000,0
2018-03-27,19:00:00,24.0409,24.07,24.0262,24.05,2776,0
2018-03-27,20:00:00,24.1,24.1,24.0698,24.0698,425,0
2018-03-27,21:00:00,24.0307,24.1,24.0307,24.0999,1600,0
2018-03-27,22:00:00,24,24.07,24,24.07,1200,0
2018-03-28,16:00:00,24.11,24.11,24.11,24.11,100,0
2018-03-28,17:00:00,24.1508,24.1508,24.1508,24.1508,360,0
2018-03-28,19:00:00,24.1986,24.1986,24.1986,24.1986,200,0
2018-03-28,20:00:00,24.19,24.19,24.19,24.19,100,0
2018-03-28,21:00:00,24.19,24.2,24.19,24.2,200,0
2018-03-28,22:00:00,24.1914,24.317,24.1914,24.2399,2150,0
2018-03-29,17:00:00,24.21,24.3,24.2,24.3,800,0
2018-03-29,18:00:00,24.2001,24.2001,24.2001,24.2001,207,0
2018-03-29,20:00:00,24.3,24.305,24.26,24.2881,1914,0
2018-03-29,21:00:00,24.2815,24.2815,24.2485,24.2485,1900,0
