Date,Time,Open,High,Low,Close,Volume,OpenInt
2017-02-21,16:00:00,24.856,24.856,24.856,24.856,101,0
2017-02-21,17:00:00,24.995,24.995,24.995,24.995,101,0
2017-02-21,21:00:00,25.023,25.023,24.98,24.98,608,0
2017-02-21,22:00:00,25.072,25.072,25.072,25.072,101,0
2017-02-22,17:00:00,25.16,25.16,25.16,25.16,159,0
2017-02-22,20:00:00,25.19,25.19,25.181,25.181,1522,0
2017-02-23,17:00:00,25.067,25.067,25.067,25.067,101,0
2017-02-23,20:00:00,25.032,25.032,25.032,25.032,202,0
2017-02-23,21:00:00,25.072,25.072,25.072,25.072,915,0
2017-02-23,22:00:00,25.045,25.091,25.045,25.072,407,0
2017-02-27,18:00:00,25.195,25.195,25.195,25.195,202,0
2017-02-27,22:00:00,25.235,25.235,25.235,25.235,305,0
2017-02-28,18:00:00,25.21,25.21,25.21,25.21,202,0
2017-02-28,22:00:00,25.081,25.081,25.072,25.072,355,0
2017-03-01,22:00:00,25.552,25.552,25.552,25.552,280,0
2017-03-02,18:00:00,25.295,25.295,25.295,25.295,137,0
2017-03-03,20:00:00,25.052,25.052,25.004,25.004,407,0
2017-03-06,19:00:00,24.995,24.995,24.978,24.994,2303,0
2017-03-06,20:00:00,25.013,25.013,25.013,25.013,2001,0
2017-03-06,21:00:00,24.994,24.994,24.994,24.994,2001,0
2017-03-06,22:00:00,24.995,24.995,24.957,24.957,3998,0
2017-03-07,17:00:00,24.965,24.965,24.965,24.965,101,0
2017-03-07,18:00:00,24.915,24.917,24.915,24.917,2332,0
2017-03-07,20:00:00,24.91,24.91,24.905,24.905,305,0
2017-03-07,22:00:00,24.925,24.925,24.925,24.925,144,0
2017-03-08,17:00:00,24.766,24.766,24.766,24.766,101,0
2017-03-08,20:00:00,24.668,24.668,24.668,24.668,101,0
2017-03-09,16:00:00,24.737,24.737,24.737,24.737,101,0
2017-03-10,16:00:00,24.459,24.459,24.459,24.459,101,0
2017-03-13,21:00:00,24.658,24.658,24.648,24.648,1723,0
2017-03-14,15:00:00,24.717,24.717,24.717,24.717,219,0
2017-03-14,19:00:00,24.478,24.478,24.478,24.478,101,0
2017-03-14,21:00:00,24.446,24.461,24.446,24.461,1575,0
2017-03-15,15:00:00,24.737,24.737,24.683,24.683,202,0
2017-03-15,19:00:00,24.658,24.658,24.658,24.658,101,0
2017-03-16,19:00:00,24.806,24.825,24.806,24.825,202,0
2017-03-16,20:00:00,24.826,24.826,24.826,24.826,397,0
2017-03-17,20:00:00,25.006,25.006,24.979,24.979,608,0
2017-03-20,15:00:00,24.955,24.955,24.955,24.955,178,0
2017-03-20,16:00:00,24.935,24.935,24.935,24.935,2029,0
2017-03-20,21:00:00,24.841,24.841,24.841,24.841,109,0
2017-03-21,16:00:00,24.836,24.836,24.756,24.756,1522,0
2017-03-22,21:00:00,24.558,24.558,24.558,24.558,709,0
2017-03-23,17:00:00,24.648,24.658,24.648,24.658,20277,0
2017-03-23,20:00:00,24.658,24.658,24.648,24.648,202,0
2017-03-24,18:00:00,24.678,24.678,24.678,24.678,750,0
2017-03-24,19:00:00,24.638,24.648,24.576,24.594,7002,0
2017-03-28,18:00:00,24.53,24.53,24.53,24.53,8112,0
2017-03-28,21:00:00,24.693,24.693,24.693,24.693,202,0
2017-03-29,17:00:00,24.708,24.766,24.708,24.766,202,0
2017-03-29,18:00:00,24.756,24.756,24.756,24.756,101,0
2017-03-29,19:00:00,24.806,24.806,24.806,24.806,101,0
2017-03-29,20:00:00,24.816,24.816,24.816,24.816,408,0
2017-03-30,16:00:00,24.756,24.756,24.756,24.756,101,0
2017-03-30,17:00:00,24.846,24.846,24.846,24.846,101,0
2017-03-30,19:00:00,24.846,24.846,24.846,24.846,101,0
2017-03-30,22:00:00,24.852,24.852,24.852,24.852,207,0
2017-03-31,17:00:00,24.943,24.943,24.943,24.943,507,0
2017-03-31,22:00:00,25.111,25.141,25.111,25.141,1115,0
2017-04-03,17:00:00,24.965,24.965,24.965,24.965,305,0
2017-04-06,22:00:00,24.876,24.876,24.876,24.876,1001,0
2017-04-07,17:00:00,25.062,25.062,25.062,25.062,101,0
2017-04-07,21:00:00,25.052,25.052,25.052,25.052,106,0
2017-04-07,22:00:00,24.981,24.981,24.981,24.981,407,0
2017-04-10,19:00:00,24.841,24.841,24.841,24.841,101,0
2017-04-11,20:00:00,25.131,25.131,25.131,25.131,588,0
2017-04-12,17:00:00,24.862,24.905,24.852,24.852,709,0
2017-04-13,18:00:00,24.895,24.895,24.836,24.836,1470,0
2017-04-13,19:00:00,24.725,24.725,24.725,24.725,202,0
2017-04-13,22:00:00,24.648,24.648,24.648,24.648,202,0
2017-04-17,18:00:00,24.789,24.789,24.789,24.789,507,0
2017-04-18,16:00:00,25.004,25.004,24.91,24.935,1045,0
2017-04-19,17:00:00,24.985,24.985,24.966,24.966,709,0
2017-04-20,16:00:00,26.166,26.166,25.062,25.062,385,0
2017-04-20,17:00:00,24.975,24.975,24.975,24.975,101,0
2017-04-20,18:00:00,24.975,25.042,24.975,25.042,202,0
2017-04-20,19:00:00,25.052,25.076,25.052,25.076,608,0
2017-04-20,20:00:00,25.111,25.111,25.111,25.111,268,0
2017-04-20,21:00:00,25.091,25.091,25.091,25.091,101,0
2017-04-21,16:00:00,25.23,25.23,25.141,25.171,3390,0
2017-04-21,17:00:00,25.158,25.158,25.158,25.158,507,0
2017-04-24,18:00:00,25.478,25.478,25.459,25.478,709,0
2017-04-24,22:00:00,25.536,25.536,25.498,25.505,1522,0
2017-04-26,22:00:00,25.911,25.911,25.911,25.911,111,0
2017-04-27,16:00:00,25.831,25.831,25.831,25.831,202,0
2017-04-28,17:00:00,25.821,25.821,25.821,25.821,101,0
2017-04-28,19:00:00,25.488,25.488,25.488,25.488,101,0
2017-04-28,20:00:00,25.438,25.438,25.438,25.438,101,0
2017-05-01,17:00:00,25.255,25.255,25.22,25.22,305,0
2017-05-01,20:00:00,25.274,25.274,25.274,25.274,273,0
2017-05-02,22:00:00,25.21,25.21,25.21,25.21,202,0
2017-05-03,20:00:00,25.037,25.037,25.037,25.037,810,0
2017-05-03,21:00:00,25.106,25.106,25.086,25.086,507,0
2017-05-09,16:00:00,24.846,25.091,24.846,25.091,273,0
2017-05-09,21:00:00,25.034,25.091,24.995,24.995,6369,0
2017-05-09,22:00:00,25.07,25.079,25.058,25.058,2366,0
2017-05-11,17:00:00,24.826,24.826,24.777,24.816,1977,0
2017-05-12,17:00:00,24.905,24.905,24.905,24.905,101,0
2017-05-15,19:00:00,25.018,25.062,25.018,25.062,202,0
2017-05-15,22:00:00,25.062,25.062,25.062,25.062,101,0
2017-05-16,17:00:00,25.013,25.013,25.013,25.013,101,0
2017-05-16,20:00:00,25.081,25.081,25.081,25.081,101,0
2017-05-16,21:00:00,25.072,25.081,25.032,25.032,904,0
2017-05-17,17:00:00,24.826,24.826,24.826,24.826,101,0
2017-05-17,22:00:00,24.796,24.796,24.796,24.796,101,0
2017-05-18,16:00:00,24.688,24.688,24.658,24.658,810,0
2017-05-18,17:00:00,24.568,24.568,24.568,24.568,101,0
2017-05-23,16:00:00,24.965,24.965,24.965,24.965,289,0
2017-05-23,21:00:00,25.004,25.004,25.004,25.004,810,0
2017-05-24,22:00:00,25.141,25.141,25.141,25.141,608,0
2017-05-25,17:00:00,25.121,25.121,25.121,25.121,101,0
2017-05-25,20:00:00,25.081,25.081,25.081,25.081,116,0
2017-05-26,17:00:00,24.975,24.975,24.975,24.975,1115,0
2017-05-30,16:00:00,25.448,25.448,25.448,25.448,101,0
2017-05-31,16:00:00,25.131,25.131,25.131,25.131,140,0
2017-05-31,17:00:00,25.004,25.004,25.004,25.004,140,0
2017-05-31,18:00:00,25.037,25.056,25.037,25.056,954,0
2017-06-01,21:00:00,25.398,25.398,25.398,25.398,507,0
2017-06-02,17:00:00,25.595,25.595,25.595,25.595,101,0
2017-06-02,22:00:00,25.654,25.654,25.654,25.654,101,0
2017-06-07,17:00:00,25.368,25.368,25.368,25.368,101,0
2017-06-07,18:00:00,25.294,25.294,25.294,25.294,101,0
2017-06-07,19:00:00,25.26,25.26,25.26,25.26,101,0
2017-06-08,22:00:00,25.526,25.526,25.526,25.526,101,0
2017-06-09,19:00:00,25.708,25.708,25.708,25.708,101,0
2017-06-12,16:00:00,25.743,25.743,25.743,25.743,101,0
2017-06-12,18:00:00,25.91,25.91,25.91,25.91,810,0
2017-06-20,16:00:00,25.891,25.891,25.891,25.891,101,0
2017-06-20,22:00:00,25.682,25.682,25.682,25.682,101,0
2017-06-23,22:00:00,25.594,25.633,25.594,25.613,5959,0
2017-06-26,22:00:00,25.722,25.722,25.722,25.722,201,0
2017-06-27,16:00:00,25.971,25.971,25.971,25.971,101,0
2017-06-28,19:00:00,25.678,25.678,25.678,25.678,304,0
2017-06-30,21:00:00,25.831,25.831,25.831,25.831,697,0
2017-07-03,20:00:00,25.831,25.831,25.831,25.831,0,0
2017-07-05,19:00:00,25.672,25.672,25.63,25.63,373,0
2017-07-07,17:00:00,25.564,25.564,25.564,25.564,192,0
2017-07-10,20:00:00,25.777,25.777,25.777,25.777,101,0
2017-07-11,19:00:00,25.692,25.692,25.692,25.692,252,0
2017-07-12,19:00:00,25.941,25.941,25.941,25.941,101,0
2017-07-17,22:00:00,26.197,26.197,26.197,26.197,201,0
2017-07-20,16:00:00,26.545,26.545,26.545,26.545,807,0
2017-07-24,17:00:00,26.77,26.77,26.77,26.77,384,0
2017-07-24,18:00:00,26.429,26.429,26.429,26.429,201,0
2017-07-24,22:00:00,26.436,26.436,26.436,26.436,101,0
2017-07-25,17:00:00,26.575,26.575,26.575,26.575,505,0
2017-07-25,22:00:00,26.495,26.495,26.495,26.495,606,0
2017-07-26,16:00:00,26.525,26.525,26.525,26.525,505,0
2017-07-27,18:00:00,26.326,26.326,26.326,26.326,101,0
2017-07-27,21:00:00,26.267,26.267,26.187,26.187,201,0
2017-07-27,22:00:00,26.217,26.217,26.217,26.217,857,0
2017-08-01,22:00:00,26.465,26.465,26.465,26.465,101,0
2017-08-02,16:00:00,26.356,26.356,26.356,26.356,114,0
2017-08-03,20:00:00,25.99,25.99,25.99,25.99,7272,0
2017-08-03,22:00:00,26.129,26.129,26.129,26.129,201,0
2017-08-09,17:00:00,26.148,26.148,26.119,26.119,4039,0
2017-08-09,22:00:00,26.076,26.076,26.076,26.076,126,0
2017-08-14,17:00:00,25.742,25.742,25.742,25.742,158,0
2017-08-15,16:00:00,26,26,26,26,101,0
2017-08-18,16:00:00,25.396,25.396,25.396,25.396,101,0
2017-08-18,19:00:00,25.525,25.525,25.525,25.525,505,0
2017-08-22,21:00:00,25.559,25.559,25.559,25.559,252,0
2017-08-25,18:00:00,25.604,25.604,25.604,25.604,276,0
2017-08-25,22:00:00,25.672,25.672,25.672,25.672,318,0
2017-08-31,16:00:00,25.831,25.831,25.831,25.831,405,0
2017-08-31,21:00:00,25.929,26.003,25.929,26.003,304,0
2017-09-06,22:00:00,26.117,26.117,26.117,26.117,176,0
2017-09-11,16:00:00,26.585,26.585,26.585,26.585,288,0
2017-09-11,20:00:00,26.565,26.565,26.545,26.545,505,0
2017-09-12,20:00:00,26.555,26.555,26.555,26.555,101,0
2017-09-15,20:00:00,26.605,26.605,26.605,26.605,443,0
2017-09-19,17:00:00,26.864,26.911,26.864,26.911,304,0
2017-09-26,20:00:00,27.803,27.803,27.803,27.803,252,0
2017-09-27,16:00:00,27.773,27.773,27.773,27.773,201,0
2017-09-27,21:00:00,27.741,27.741,27.741,27.741,201,0
2017-10-09,20:00:00,28.486,28.486,28.486,28.486,206,0
2017-10-12,16:00:00,28.537,28.537,28.537,28.537,101,0
2017-10-20,17:00:00,28.678,28.678,28.678,28.678,201,0
2017-10-20,21:00:00,28.647,28.647,28.647,28.647,106,0
2017-10-25,17:00:00,28.171,28.171,28.171,28.171,201,0
2017-10-26,17:00:00,28.428,28.428,28.364,28.364,201,0
2017-10-30,15:00:00,28.716,28.716,28.716,28.716,4041,0
2017-10-30,16:00:00,28.319,28.319,28.319,28.319,201,0
2017-10-30,18:00:00,28.19,28.19,28.19,28.19,1008,0
2017-10-31,15:00:00,28.333,28.333,28.333,28.333,101,0
2017-11-01,17:00:00,28.266,28.266,28.266,28.266,101,0
2017-11-07,21:00:00,28.458,28.458,28.458,28.458,174,0
2017-11-08,19:00:00,28.358,28.358,28.358,28.358,119,0
2017-11-13,19:00:00,28.458,28.458,28.458,28.458,167,0
2017-11-15,22:00:00,28.368,28.368,28.368,28.368,1512,0
2017-11-16,21:00:00,28.547,28.547,28.547,28.547,1008,0
2017-11-22,16:00:00,29.152,29.152,29.152,29.152,202,0
2017-11-24,20:00:00,29.152,29.152,29.152,29.152,0,0
2017-11-27,16:00:00,29.341,29.341,29.194,29.194,330,0
2017-11-28,16:00:00,29.371,29.371,29.371,29.371,220,0
2017-11-28,22:00:00,29.381,29.381,29.381,29.381,105,0
2017-11-29,17:00:00,29.589,29.589,29.589,29.589,201,0
2017-11-29,18:00:00,29.627,29.627,29.627,29.627,101,0
2017-11-29,20:00:00,29.589,29.589,29.589,29.589,101,0
2017-11-30,16:00:00,29.777,29.777,29.777,29.777,101,0
2017-12-01,20:00:00,29.589,29.589,29.589,29.589,806,0
2017-12-05,21:00:00,29.459,29.459,29.459,29.459,509,0
2017-12-08,16:00:00,29.549,29.549,29.549,29.549,101,0
2017-12-12,17:00:00,29.262,29.262,29.262,29.262,101,0
2017-12-13,16:00:00,29.152,29.152,29.152,29.152,101,0
2017-12-13,21:00:00,29.351,29.361,29.333,29.333,2121,0
2017-12-15,16:00:00,29.499,29.499,29.499,29.499,110,0
2017-12-18,16:00:00,30.243,30.243,30.243,30.243,338,0
2017-12-19,16:00:00,29.688,29.688,29.559,29.559,231,0
2017-12-19,17:00:00,29.41,29.41,29.41,29.41,174,0
2017-12-19,19:00:00,29.41,29.41,29.41,29.41,303,0
2017-12-19,22:00:00,29.311,29.311,29.311,29.311,303,0
2017-12-22,20:00:00,29.395,29.395,29.395,29.395,101,0
2017-12-22,21:00:00,29.489,29.489,29.489,29.489,681,0
2017-12-26,17:00:00,29.626,29.626,29.626,29.626,101,0
2017-12-26,21:00:00,29.466,29.485,29.466,29.485,429,0
2017-12-27,16:00:00,29.698,29.698,29.698,29.698,102,0
2017-12-27,18:00:00,29.738,29.738,29.738,29.738,1647,0
2017-12-27,20:00:00,29.638,29.638,29.638,29.638,111,0
2017-12-28,16:00:00,29.906,29.906,29.906,29.906,1067,0
2017-12-28,17:00:00,29.696,29.696,29.621,29.621,336,0
2017-12-28,21:00:00,29.682,29.682,29.682,29.682,100,0
2017-12-28,22:00:00,29.696,29.696,29.696,29.696,150,0
2017-12-29,16:00:00,29.756,29.756,29.756,29.756,100,0
2017-12-29,18:00:00,29.822,29.822,29.822,29.822,100,0
2017-12-29,19:00:00,29.866,29.866,29.866,29.866,671,0
2017-12-29,22:00:00,29.756,29.756,29.756,29.756,100,0
2018-01-02,16:00:00,30.095,30.095,30.005,30.005,809,0
2018-01-02,17:00:00,29.836,29.836,29.77,29.836,1122,0
2018-01-02,20:00:00,29.686,29.686,29.676,29.676,746,0
2018-01-02,22:00:00,29.676,29.676,29.646,29.646,1891,0
2018-01-03,16:00:00,29.776,29.776,29.727,29.727,250,0
2018-01-03,19:00:00,29.478,29.478,29.478,29.478,100,0
2018-01-03,21:00:00,29.586,29.606,29.547,29.547,575,0
2018-01-04,18:00:00,29.696,29.746,29.646,29.646,666,0
2018-01-04,20:00:00,29.716,29.716,29.716,29.716,100,0
2018-01-04,21:00:00,29.696,29.696,29.651,29.651,200,0
2018-01-05,16:00:00,29.656,29.656,29.656,29.656,401,0
2018-01-05,17:00:00,29.696,29.696,29.696,29.696,301,0
2018-01-05,22:00:00,29.536,29.666,29.536,29.666,799,0
2018-01-08,16:00:00,30.005,30.005,29.686,29.686,463,0
2018-01-08,22:00:00,29.906,29.916,29.896,29.916,925,0
2018-01-09,16:00:00,30.015,30.105,29.907,29.907,1591,0
2018-01-09,21:00:00,29.866,29.866,29.836,29.836,401,0
2018-01-09,22:00:00,29.826,29.826,29.816,29.816,751,0
2018-01-10,16:00:00,29.696,29.696,29.696,29.696,200,0
2018-01-10,18:00:00,29.566,29.566,29.566,29.566,200,0
2018-01-10,21:00:00,29.486,29.566,29.486,29.566,4222,0
2018-01-10,22:00:00,29.566,29.566,29.536,29.536,1202,0
2018-01-11,16:00:00,29.696,29.696,29.696,29.696,108,0
2018-01-11,22:00:00,29.866,29.876,29.831,29.876,1703,0
2018-01-12,17:00:00,29.915,29.915,29.889,29.889,334,0
2018-01-12,18:00:00,29.946,29.956,29.946,29.956,200,0
2018-01-12,20:00:00,29.849,29.849,29.849,29.849,501,0
2018-01-12,22:00:00,29.85,29.85,29.85,29.85,100,0
2018-01-16,16:00:00,30.095,30.095,29.626,29.626,557,0
2018-01-16,18:00:00,30.085,30.085,30.085,30.085,100,0
2018-01-16,19:00:00,29.995,30.005,29.995,30.005,200,0
2018-01-16,22:00:00,29.877,29.877,29.877,29.877,100,0
2018-01-17,21:00:00,30.075,30.075,30.075,30.075,200,0
2018-01-18,19:00:00,30.055,30.055,30.028,30.044,755,0
2018-01-18,22:00:00,29.946,29.946,29.936,29.936,351,0
2018-01-19,16:00:00,30.405,30.405,30.025,30.025,311,0
2018-01-19,17:00:00,30.105,30.205,30.105,30.17,401,0
2018-01-19,19:00:00,30.215,30.255,30.215,30.255,248,0
2018-01-19,20:00:00,30.225,30.225,30.225,30.225,100,0
2018-01-19,21:00:00,30.285,30.305,30.285,30.305,200,0
2018-01-19,22:00:00,30.295,30.325,30.282,30.325,501,0
2018-01-22,16:00:00,30.784,30.784,30.198,30.198,301,0
2018-01-22,20:00:00,30.215,30.25,30.215,30.25,314,0
2018-01-22,22:00:00,30.218,30.226,30.135,30.215,4082,0
2018-01-23,16:00:00,30.295,30.365,30.215,30.215,401,0
2018-01-23,17:00:00,30.174,30.174,30.174,30.174,100,0
2018-01-23,22:00:00,30.204,30.204,30.204,30.204,100,0
2018-01-24,20:00:00,30.285,30.285,30.285,30.285,100,0
2018-01-24,21:00:00,30.285,30.285,30.285,30.285,1302,0
2018-01-25,16:00:00,30.395,30.395,30.355,30.355,534,0
2018-01-25,17:00:00,30.285,30.285,30.285,30.285,1503,0
2018-01-25,20:00:00,30.405,30.405,30.377,30.377,200,0
2018-01-25,22:00:00,30.355,30.355,30.355,30.355,301,0
2018-01-26,16:00:00,30.425,30.425,30.425,30.425,100,0
2018-01-26,19:00:00,30.335,30.365,30.335,30.365,765,0
2018-01-26,22:00:00,30.435,30.534,30.435,30.534,337,0
2018-01-29,16:00:00,30.564,30.564,30.495,30.495,787,0
2018-01-29,18:00:00,30.345,30.345,30.345,30.345,100,0
2018-01-29,19:00:00,30.325,30.325,30.325,30.325,100,0
2018-01-29,20:00:00,30.325,30.325,30.325,30.325,100,0
2018-01-29,22:00:00,30.265,30.265,30.265,30.265,200,0
2018-01-30,16:00:00,30.325,30.325,30.325,30.325,307,0
2018-01-30,17:00:00,29.965,30.085,29.946,30.085,1553,0
2018-01-31,16:00:00,29.975,29.975,29.975,29.975,125,0
2018-01-31,18:00:00,29.995,29.995,29.995,29.995,199,0
2018-01-31,19:00:00,29.955,29.955,29.946,29.946,852,0
2018-01-31,20:00:00,29.931,29.931,29.931,29.931,100,0
2018-01-31,21:00:00,29.846,29.846,29.786,29.786,852,0
2018-01-31,22:00:00,29.806,29.906,29.806,29.906,1703,0
2018-02-01,17:00:00,30.015,30.015,30.015,30.015,401,0
2018-02-01,18:00:00,30.195,30.195,30.195,30.195,100,0
2018-02-01,20:00:00,30.145,30.145,30.145,30.145,250,0
2018-02-01,21:00:00,30.015,30.015,30.015,30.015,100,0
2018-02-01,22:00:00,30.025,30.025,30.025,30.025,100,0
2018-02-02,20:00:00,29.836,29.836,29.836,29.836,100,0
2018-02-02,21:00:00,29.726,29.726,29.726,29.726,301,0
2018-02-05,16:00:00,29.307,29.492,29.307,29.492,253,0
2018-02-05,20:00:00,29.313,29.313,29.313,29.313,200,0
2018-02-05,21:00:00,29.247,29.247,29.071,29.071,601,0
2018-02-06,16:00:00,28.388,28.388,28.319,28.319,284,0
2018-02-06,17:00:00,28.15,28.151,28.15,28.151,501,0
2018-02-06,18:00:00,28.179,28.179,28.179,28.179,100,0
2018-02-06,19:00:00,28.249,28.249,28.249,28.249,140,0
2018-02-06,21:00:00,28.249,28.249,28.234,28.234,312,0
2018-02-07,16:00:00,28.408,28.408,28.398,28.398,200,0
2018-02-07,20:00:00,28.579,28.579,28.579,28.579,140,0
2018-02-07,22:00:00,28.658,28.658,28.658,28.658,595,0
2018-02-08,16:00:00,28.448,28.448,28.448,28.448,100,0
2018-02-08,18:00:00,28.428,28.428,28.428,28.428,351,0
2018-02-08,19:00:00,28.149,28.149,28.149,28.149,402,0
2018-02-08,20:00:00,28.308,28.348,28.308,28.318,1002,0
2018-02-08,21:00:00,28.268,28.268,28.13,28.193,751,0
2018-02-08,22:00:00,28.218,28.218,27.799,27.799,701,0
2018-02-09,19:00:00,27.6,27.6,27.574,27.574,1302,0
2018-02-09,20:00:00,27.54,27.54,27.54,27.54,100,0
2018-02-12,16:00:00,28.368,28.368,28.368,28.368,232,0
2018-02-12,22:00:00,28.498,28.498,28.498,28.498,601,0
2018-02-13,21:00:00,28.498,28.498,28.498,28.498,124,0
2018-02-13,22:00:00,28.568,28.648,28.568,28.648,338,0
2018-02-16,19:00:00,29.61,29.61,29.61,29.61,301,0
2018-02-20,17:00:00,29.393,29.393,29.393,29.393,339,0
2018-02-20,22:00:00,29.187,29.247,29.187,29.247,739,0
2018-02-21,18:00:00,29.508,29.508,29.508,29.508,146,0
2018-02-22,16:00:00,29.526,29.526,29.526,29.526,207,0
2018-02-22,20:00:00,29.385,29.385,29.385,29.385,100,0
2018-02-22,21:00:00,29.327,29.327,29.278,29.278,2705,0
2018-02-22,22:00:00,29.307,29.307,29.307,29.307,100,0
2018-02-23,19:00:00,29.467,29.467,29.467,29.467,225,0
2018-02-23,22:00:00,29.606,29.606,29.606,29.606,100,0
2018-02-26,22:00:00,29.756,29.756,29.756,29.756,100,0
2018-02-27,19:00:00,29.606,29.606,29.606,29.606,100,0
2018-02-27,22:00:00,29.536,29.536,29.536,29.536,200,0
2018-02-28,19:00:00,29.456,29.456,29.456,29.456,206,0
2018-03-01,19:00:00,28.993,29.007,28.993,29.007,401,0
2018-03-01,20:00:00,28.848,28.848,28.848,28.848,100,0
2018-03-01,22:00:00,28.758,28.758,28.758,28.758,100,0
2018-03-02,16:00:00,28.638,28.638,28.638,28.638,301,0
2018-03-02,19:00:00,28.638,28.638,28.638,28.638,174,0
2018-03-02,22:00:00,28.718,28.718,28.718,28.718,100,0
2018-03-05,16:00:00,28.698,28.698,28.698,28.698,359,0
2018-03-05,22:00:00,28.927,28.927,28.927,28.927,100,0
2018-03-06,16:00:00,29.327,29.327,29.327,29.327,141,0
2018-03-06,17:00:00,28.957,28.957,28.957,28.957,100,0
2018-03-06,18:00:00,28.977,28.977,28.977,28.977,206,0
2018-03-06,21:00:00,29.137,29.137,29.137,29.137,100,0
2018-03-06,22:00:00,29.133,29.157,29.133,29.157,200,0
2018-03-07,22:00:00,29.426,29.426,29.426,29.426,100,0
2018-03-08,16:00:00,29.656,29.656,29.656,29.656,353,0
2018-03-08,21:00:00,29.327,29.327,29.327,29.327,212,0
2018-03-08,22:00:00,29.486,29.486,29.483,29.483,966,0
2018-03-09,22:00:00,29.995,29.995,29.995,29.995,200,0
2018-03-12,16:00:00,30.095,30.095,30.095,30.095,100,0
2018-03-12,18:00:00,30.035,30.035,30.035,30.035,200,0
2018-03-12,20:00:00,29.936,29.936,29.936,29.936,267,0
2018-03-12,21:00:00,29.985,29.985,29.985,29.985,200,0
2018-03-13,16:00:00,30.045,30.045,30.045,30.045,200,0
2018-03-13,20:00:00,29.756,29.756,29.756,29.756,150,0
2018-03-13,21:00:00,29.766,29.766,29.766,29.766,200,0
2018-03-14,16:00:00,29.756,29.756,29.756,29.756,100,0
2018-03-14,17:00:00,29.676,29.676,29.676,29.676,100,0
2018-03-14,21:00:00,29.656,29.656,29.656,29.656,200,0
2018-03-15,15:00:00,29.796,29.796,29.746,29.746,537,0
2018-03-15,16:00:00,29.636,29.636,29.615,29.615,347,0
2018-03-16,15:00:00,29.227,29.227,29.227,29.227,166,0
2018-03-16,16:00:00,29.696,29.696,29.675,29.675,254,0
2018-03-16,17:00:00,29.766,29.766,29.766,29.766,100,0
2018-03-16,19:00:00,29.757,29.757,29.757,29.757,190,0
2018-03-19,18:00:00,29.735,29.735,29.735,29.735,134,0
2018-03-19,19:00:00,29.731,29.731,29.731,29.731,168,0
2018-03-19,21:00:00,29.756,29.756,29.756,29.756,200,0
2018-03-20,15:00:00,30.045,30.045,30.045,30.045,200,0
2018-03-20,16:00:00,29.816,29.816,29.816,29.816,100,0
2018-03-20,18:00:00,29.846,29.846,29.846,29.846,835,0
2018-03-21,15:00:00,29.72,29.72,29.72,29.72,164,0
2018-03-21,21:00:00,29.8,29.8,29.8,29.8,200,0
2018-03-22,17:00:00,29.6,29.6,29.6,29.6,241,0
2018-03-22,21:00:00,29.15,29.15,29.15,29.15,200,0
2018-03-23,15:00:00,29.13,29.13,29.13,29.13,400,0
2018-03-23,18:00:00,28.87,28.87,28.87,28.87,100,0
2018-03-26,16:00:00,29.06,29.06,29.06,29.06,105,0
2018-03-26,22:00:00,28.98,29.09,28.98,29.09,367,0
2018-03-27,16:00:00,29.34,29.34,29.34,29.34,102,0
2018-03-28,18:00:00,28.5399,28.5399,28.5399,28.5399,100,0
2018-03-28,21:00:00,28.6327,28.6327,28.6327,28.6327,104,0
2018-03-29,18:00:00,28.96,28.96,28.96,28.96,100,0
2018-03-29,22:00:00,28.97,28.97,28.97,28.97,200,0
