Date,Time,Open,High,Low,Close,Volume,OpenInt
2017-08-30,16:00:00,19.371,19.39,19.371,19.381,1882,0
2017-08-30,17:00:00,19.353,19.448,19.353,19.448,729,0
2017-08-30,18:00:00,19.429,19.429,19.371,19.4,1976,0
2017-08-30,19:00:00,19.357,19.377,19.333,19.377,2344,0
2017-08-30,20:00:00,19.381,19.403,19.381,19.403,1962,0
2017-08-30,21:00:00,19.438,19.438,19.343,19.343,3013,0
2017-08-30,22:00:00,19.333,19.333,19.302,19.333,1040,0
2017-08-31,16:00:00,19.429,19.429,19.39,19.39,4241,0
2017-08-31,17:00:00,19.386,19.554,19.386,19.448,18244,0
2017-08-31,18:00:00,19.494,19.494,19.411,19.466,3102,0
2017-08-31,19:00:00,19.506,19.507,19.486,19.496,5209,0
2017-08-31,20:00:00,19.486,19.496,19.486,19.496,937,0
2017-08-31,21:00:00,19.496,19.496,19.458,19.458,3704,0
2017-08-31,22:00:00,19.476,19.496,19.476,19.496,938,0
2017-09-01,16:00:00,19.573,19.573,19.448,19.448,2289,0
2017-09-01,17:00:00,19.423,19.679,19.371,19.679,7564,0
2017-09-01,18:00:00,19.679,19.717,19.659,19.698,5115,0
2017-09-01,19:00:00,19.691,19.691,19.66,19.663,886,0
2017-09-01,20:00:00,19.683,19.697,19.596,19.596,3538,0
2017-09-01,21:00:00,19.534,19.613,19.526,19.613,866,0
2017-09-01,22:00:00,19.657,19.657,19.601,19.601,3867,0
2017-09-05,16:00:00,19.822,19.847,19.803,19.847,3911,0
2017-09-05,17:00:00,19.852,19.88,19.764,19.813,2909,0
2017-09-05,18:00:00,19.794,19.794,19.679,19.727,2592,0
2017-09-05,19:00:00,19.689,19.764,19.679,19.737,4138,0
2017-09-05,20:00:00,19.793,19.793,19.643,19.649,4197,0
2017-09-05,21:00:00,19.657,19.657,19.64,19.64,1251,0
2017-09-05,22:00:00,19.652,19.679,19.64,19.64,2127,0
2017-09-06,16:00:00,19.669,19.822,19.669,19.822,854,0
2017-09-06,17:00:00,19.764,19.851,19.679,19.841,2493,0
2017-09-06,18:00:00,19.699,19.852,19.699,19.852,1408,0
2017-09-06,19:00:00,19.82,19.82,19.82,19.82,314,0
2017-09-06,20:00:00,19.698,19.774,19.698,19.728,863,0
2017-09-06,21:00:00,19.82,19.82,19.717,19.717,416,0
2017-09-06,22:00:00,19.803,19.831,19.744,19.744,3901,0
2017-09-07,16:00:00,19.689,19.927,19.689,19.852,1282,0
2017-09-07,17:00:00,19.803,19.836,19.765,19.813,2137,0
2017-09-07,18:00:00,19.86,19.86,19.822,19.86,2395,0
2017-09-07,19:00:00,19.86,19.955,19.803,19.955,861,0
2017-09-07,20:00:00,19.852,19.86,19.794,19.794,1592,0
2017-09-07,21:00:00,19.829,19.898,19.764,19.898,3194,0
2017-09-07,22:00:00,19.889,19.889,19.835,19.835,207,0
2017-09-08,16:00:00,19.917,20.024,19.875,19.875,1409,0
2017-09-08,17:00:00,19.87,19.87,19.86,19.86,207,0
2017-09-08,18:00:00,19.89,19.895,19.822,19.857,2224,0
2017-09-08,19:00:00,19.855,19.861,19.855,19.861,1337,0
2017-09-08,20:00:00,19.822,19.852,19.73,19.73,1465,0
2017-09-08,22:00:00,19.842,19.86,19.842,19.86,1304,0
2017-09-11,16:00:00,19.937,20.07,19.937,20.07,548,0
2017-09-11,17:00:00,19.986,19.986,19.88,19.88,653,0
2017-09-11,18:00:00,19.813,19.957,19.813,19.957,882,0
2017-09-11,19:00:00,19.88,19.921,19.828,19.841,7051,0
2017-09-11,20:00:00,19.844,19.852,19.842,19.842,3723,0
2017-09-11,21:00:00,19.851,19.851,19.813,19.813,2349,0
2017-09-11,22:00:00,19.83,19.83,19.689,19.689,1800,0
2017-09-12,16:00:00,19.707,19.707,19.707,19.707,1579,0
2017-09-12,17:00:00,19.822,19.822,19.727,19.794,819,0
2017-09-12,18:00:00,19.852,19.87,19.852,19.87,836,0
2017-09-12,19:00:00,19.87,19.87,19.764,19.764,653,0
2017-09-12,20:00:00,19.794,19.794,19.794,19.794,836,0
2017-09-12,21:00:00,19.813,19.86,19.803,19.803,2837,0
2017-09-12,22:00:00,19.804,19.813,19.803,19.803,1073,0
2017-09-13,16:00:00,19.803,19.88,19.794,19.88,1424,0
2017-09-13,17:00:00,19.966,19.966,19.86,19.927,626,0
2017-09-13,18:00:00,19.936,19.947,19.794,19.947,2908,0
2017-09-13,19:00:00,19.927,19.929,19.927,19.929,5582,0
2017-09-13,20:00:00,19.927,19.945,19.927,19.937,3576,0
2017-09-13,21:00:00,19.927,19.927,19.927,19.927,107,0
2017-09-13,22:00:00,19.942,19.942,19.774,19.803,4382,0
2017-09-14,16:00:00,19.803,19.932,19.803,19.932,4422,0
2017-09-14,17:00:00,20.021,20.021,19.852,19.927,3904,0
2017-09-14,18:00:00,19.927,19.976,19.852,19.947,2294,0
2017-09-14,19:00:00,19.995,19.995,19.986,19.986,729,0
2017-09-14,20:00:00,20.005,20.005,19.99,19.99,1668,0
2017-09-14,21:00:00,19.995,20.033,19.986,20.033,521,0
2017-09-14,22:00:00,19.986,20.014,19.986,19.995,1355,0
2017-09-15,16:00:00,20.042,20.042,20.042,20.042,1757,0
2017-09-15,17:00:00,20.033,20.037,19.995,20.005,1739,0
2017-09-15,18:00:00,19.993,19.993,19.86,19.87,750,0
2017-09-15,19:00:00,19.889,19.975,19.889,19.917,991,0
2017-09-15,20:00:00,19.966,19.966,19.917,19.927,2606,0
2017-09-15,21:00:00,19.952,19.952,19.87,19.87,2971,0
2017-09-15,22:00:00,19.947,19.947,19.889,19.927,1231,0
2017-09-18,16:00:00,19.927,19.947,19.889,19.889,4322,0
2017-09-18,17:00:00,19.922,19.947,19.898,19.939,2542,0
2017-09-18,18:00:00,19.924,19.924,19.898,19.917,2960,0
2017-09-18,19:00:00,19.915,19.937,19.907,19.927,3755,0
2017-09-18,20:00:00,19.913,19.947,19.907,19.945,1815,0
2017-09-18,21:00:00,19.947,20.024,19.947,20.024,4369,0
2017-09-18,22:00:00,19.986,20.064,19.976,19.995,5269,0
2017-09-19,16:00:00,20.08,20.158,20.024,20.125,5278,0
2017-09-19,17:00:00,20.139,20.349,20.139,20.244,13964,0
2017-09-19,18:00:00,20.273,20.446,20.253,20.339,16582,0
2017-09-19,19:00:00,20.331,20.416,20.243,20.416,9677,0
2017-09-19,20:00:00,20.378,20.589,20.37,20.475,8342,0
2017-09-19,21:00:00,20.532,20.541,20.397,20.456,4418,0
2017-09-19,22:00:00,20.451,20.484,20.378,20.378,6610,0
2017-09-20,16:00:00,20.541,20.541,20.461,20.461,1507,0
2017-09-20,17:00:00,20.436,20.57,20.436,20.475,9999,0
2017-09-20,18:00:00,20.484,20.57,20.484,20.522,7207,0
2017-09-20,19:00:00,20.57,20.57,20.456,20.465,3738,0
2017-09-20,20:00:00,20.456,20.461,20.456,20.456,1668,0
2017-09-20,21:00:00,20.456,20.475,20.293,20.293,3590,0
2017-09-20,22:00:00,20.283,20.283,20.283,20.283,155,0
2017-09-21,16:00:00,20.263,20.523,20.243,20.243,3405,0
2017-09-21,17:00:00,20.243,20.258,20.158,20.167,8406,0
2017-09-21,18:00:00,20.215,20.215,20.061,20.061,1465,0
2017-09-21,19:00:00,20.134,20.134,20.041,20.106,2757,0
2017-09-21,20:00:00,20.164,20.164,20.164,20.164,1492,0
2017-09-21,21:00:00,20.136,20.136,20.136,20.136,992,0
2017-09-21,22:00:00,20.07,20.119,20.07,20.119,739,0
2017-09-22,16:00:00,20.389,20.389,20.389,20.389,2102,0
2017-09-22,17:00:00,20.276,20.276,20.089,20.148,2515,0
2017-09-22,18:00:00,20.099,20.225,20.089,20.185,2784,0
2017-09-22,19:00:00,20.096,20.215,20.096,20.215,4472,0
2017-09-22,20:00:00,20.167,20.167,20.119,20.129,1037,0
2017-09-22,21:00:00,20.164,20.166,20.022,20.032,1497,0
2017-09-22,22:00:00,20.041,20.148,20.032,20.099,2920,0
2017-09-25,16:00:00,20.253,20.329,20.185,20.263,5383,0
2017-09-25,17:00:00,20.339,20.39,20.306,20.339,14763,0
2017-09-25,18:00:00,20.283,20.359,20.167,20.167,3849,0
2017-09-25,19:00:00,20.178,20.335,20.178,20.329,3193,0
2017-09-25,20:00:00,20.379,20.398,20.348,20.348,3569,0
2017-09-25,21:00:00,20.296,20.296,20.263,20.263,865,0
2017-09-25,22:00:00,20.276,20.389,20.275,20.389,2515,0
2017-09-26,16:00:00,20.389,20.389,20.205,20.273,7014,0
2017-09-26,17:00:00,20.263,20.354,20.099,20.099,9250,0
2017-09-26,18:00:00,20.104,20.379,20.069,20.379,16248,0
2017-09-26,19:00:00,20.379,20.379,20.295,20.379,1004,0
2017-09-26,20:00:00,20.381,20.381,20.359,20.359,344,0
2017-09-26,21:00:00,20.364,20.398,20.364,20.378,596,0
2017-09-26,22:00:00,20.379,20.398,20.369,20.398,2919,0
2017-09-27,16:00:00,20.427,20.495,20.293,20.349,5442,0
2017-09-27,17:00:00,20.349,20.349,20.22,20.22,2217,0
2017-09-27,18:00:00,20.322,20.359,20.205,20.359,6817,0
2017-09-27,19:00:00,20.263,20.317,20.205,20.317,2592,0
2017-09-27,20:00:00,20.287,20.294,20.205,20.205,3317,0
2017-09-27,21:00:00,20.273,20.283,20.205,20.282,4355,0
2017-09-27,22:00:00,20.283,20.503,20.253,20.359,11766,0
2017-09-28,16:00:00,20.503,20.503,20.148,20.503,11219,0
2017-09-28,17:00:00,20.495,20.503,20.427,20.476,4937,0
2017-09-28,18:00:00,20.428,20.428,20.428,20.428,359,0
2017-09-28,19:00:00,20.481,20.501,20.427,20.447,2017,0
2017-09-28,20:00:00,20.501,20.533,20.447,20.497,4091,0
2017-09-28,21:00:00,20.549,20.583,20.487,20.543,2323,0
2017-09-28,22:00:00,20.513,20.581,20.492,20.495,5078,0
2017-09-29,16:00:00,20.668,20.668,20.379,20.618,11799,0
2017-09-29,17:00:00,20.551,20.668,20.495,20.63,8108,0
2017-09-29,18:00:00,20.658,20.658,20.533,20.621,1307,0
2017-09-29,19:00:00,20.524,20.6,20.524,20.6,791,0
2017-09-29,20:00:00,20.596,20.621,20.572,20.621,5054,0
2017-09-29,21:00:00,20.63,20.63,20.591,20.591,2696,0
2017-09-29,22:00:00,20.591,20.687,20.543,20.543,4895,0
2017-10-02,16:00:00,20.552,20.687,20.518,20.543,4767,0
2017-10-02,17:00:00,20.547,20.608,20.533,20.591,2502,0
2017-10-02,18:00:00,20.601,20.63,20.543,20.601,1244,0
2017-10-02,19:00:00,20.572,20.595,20.495,20.594,2319,0
2017-10-02,20:00:00,20.556,20.586,20.556,20.586,2120,0
2017-10-02,21:00:00,20.572,20.578,20.572,20.578,571,0
2017-10-02,22:00:00,20.601,20.668,20.601,20.668,430,0
2017-10-03,16:00:00,20.658,20.687,20.572,20.658,3511,0
2017-10-03,17:00:00,20.581,20.611,20.495,20.495,3986,0
2017-10-03,18:00:00,20.495,20.495,20.407,20.407,3422,0
2017-10-03,19:00:00,20.499,20.543,20.417,20.488,4347,0
2017-10-03,20:00:00,20.437,20.572,20.437,20.572,1244,0
2017-10-03,21:00:00,20.447,20.56,20.437,20.521,1906,0
2017-10-03,22:00:00,20.557,20.577,20.457,20.457,3358,0
2017-10-04,16:00:00,20.601,20.687,20.479,20.479,2477,0
2017-10-04,17:00:00,20.437,20.437,20.339,20.339,4197,0
2017-10-04,18:00:00,20.389,20.389,20.339,20.339,3055,0
2017-10-04,19:00:00,20.423,20.423,20.359,20.369,507,0
2017-10-04,20:00:00,20.414,20.414,20.414,20.414,312,0
2017-10-04,21:00:00,20.388,20.388,20.349,20.353,1041,0
2017-10-04,22:00:00,20.35,20.389,20.35,20.359,4457,0
2017-10-05,16:00:00,20.485,20.639,20.485,20.503,4970,0
2017-10-05,17:00:00,20.407,20.566,20.398,20.566,3317,0
2017-10-05,18:00:00,20.427,20.518,20.417,20.457,3909,0
2017-10-05,19:00:00,20.581,20.581,20.458,20.458,357,0
2017-10-05,21:00:00,20.569,20.569,20.457,20.457,1113,0
2017-10-05,22:00:00,20.457,20.485,20.457,20.457,4981,0
2017-10-06,16:00:00,20.369,20.639,20.369,20.407,2833,0
2017-10-06,17:00:00,20.427,20.523,20.417,20.502,3813,0
2017-10-06,18:00:00,20.466,20.466,20.457,20.466,312,0
2017-10-06,19:00:00,20.447,20.466,20.447,20.466,334,0
2017-10-06,20:00:00,20.434,20.434,20.434,20.434,623,0
2017-10-06,21:00:00,20.446,20.446,20.446,20.446,110,0
2017-10-06,22:00:00,20.463,20.463,20.447,20.447,312,0
2017-10-09,18:00:00,20.562,20.639,20.562,20.639,2046,0
2017-10-09,19:00:00,20.621,20.668,20.562,20.591,1389,0
2017-10-09,21:00:00,20.626,20.653,20.626,20.653,1141,0
2017-10-09,22:00:00,20.651,20.677,20.651,20.677,1738,0
2017-10-10,16:00:00,20.687,20.687,20.427,20.677,3317,0
2017-10-10,17:00:00,20.658,20.658,20.519,20.601,1607,0
2017-10-10,18:00:00,20.621,20.621,20.438,20.438,862,0
2017-10-10,19:00:00,20.586,20.586,20.573,20.573,414,0
2017-10-10,20:00:00,20.598,20.621,20.589,20.621,2385,0
2017-10-10,21:00:00,20.621,20.687,20.6,20.616,6084,0
2017-10-10,22:00:00,20.649,20.851,20.649,20.851,1906,0
2017-10-11,16:00:00,20.996,20.996,20.996,20.996,721,0
2017-10-11,17:00:00,20.819,20.967,20.601,20.967,4433,0
2017-10-11,18:00:00,20.919,20.928,20.797,20.928,518,0
2017-10-11,19:00:00,20.919,20.996,20.919,20.996,623,0
2017-10-11,20:00:00,20.996,20.996,20.737,20.851,2415,0
2017-10-11,21:00:00,20.861,20.861,20.861,20.861,544,0
2017-10-11,22:00:00,20.919,20.945,20.91,20.91,1167,0
2017-10-12,16:00:00,20.88,20.88,20.745,20.745,637,0
2017-10-12,17:00:00,20.9,20.9,20.849,20.849,362,0
2017-10-12,18:00:00,20.844,20.91,20.832,20.91,881,0
2017-10-12,19:00:00,20.901,20.958,20.793,20.938,1441,0
2017-10-12,20:00:00,20.91,20.91,20.728,20.728,2810,0
2017-10-12,21:00:00,20.729,20.788,20.687,20.788,2592,0
2017-10-12,22:00:00,20.726,20.726,20.572,20.649,4123,0
2017-10-13,16:00:00,20.813,20.88,20.775,20.775,2341,0
2017-10-13,17:00:00,20.793,20.832,20.735,20.735,1244,0
2017-10-13,18:00:00,20.677,20.755,20.572,20.755,2674,0
2017-10-13,19:00:00,20.663,20.755,20.663,20.755,2843,0
2017-10-13,20:00:00,20.707,20.707,20.658,20.658,1141,0
2017-10-13,21:00:00,20.675,20.687,20.675,20.687,1062,0
2017-10-13,22:00:00,20.658,20.658,20.495,20.495,4603,0
2017-10-16,16:00:00,20.793,20.793,20.745,20.745,1136,0
2017-10-16,17:00:00,20.745,20.775,20.687,20.775,1866,0
2017-10-16,18:00:00,20.716,20.716,20.601,20.658,2639,0
2017-10-16,19:00:00,20.621,20.621,20.495,20.495,2857,0
2017-10-16,20:00:00,20.465,20.465,20.457,20.46,1037,0
2017-10-16,21:00:00,20.459,20.495,20.459,20.488,1137,0
2017-10-16,22:00:00,20.477,20.562,20.477,20.562,4555,0
2017-10-17,16:00:00,20.726,20.765,20.639,20.64,2507,0
2017-10-17,17:00:00,20.621,20.621,20.467,20.527,4699,0
2017-10-17,18:00:00,20.497,20.522,20.387,20.432,2488,0
2017-10-17,20:00:00,20.349,20.359,20.302,20.312,2758,0
2017-10-17,21:00:00,20.394,20.394,20.301,20.301,924,0
2017-10-17,22:00:00,20.308,20.319,20.263,20.285,4278,0
2017-10-18,16:00:00,20.485,20.485,20.379,20.476,2505,0
2017-10-18,17:00:00,20.398,20.398,20.339,20.349,2453,0
2017-10-18,18:00:00,20.339,20.349,20.168,20.168,4172,0
2017-10-18,19:00:00,20.147,20.147,20.147,20.147,128,0
2017-10-18,20:00:00,20.282,20.339,20.177,20.24,3096,0
2017-10-18,22:00:00,20.318,20.318,20.167,20.252,1536,0
2017-10-19,16:00:00,20.322,20.513,20.322,20.331,1841,0
2017-10-19,17:00:00,20.293,20.407,20.293,20.322,1141,0
2017-10-19,18:00:00,20.253,20.513,20.253,20.503,5081,0
2017-10-19,19:00:00,20.513,20.513,20.379,20.379,414,0
2017-10-19,20:00:00,20.369,20.369,20.341,20.341,2138,0
2017-10-19,21:00:00,20.314,20.314,20.314,20.314,417,0
2017-10-19,22:00:00,20.303,20.303,20.303,20.303,1969,0
2017-10-20,16:00:00,20.533,20.533,20.466,20.513,3079,0
2017-10-20,17:00:00,20.533,20.707,20.346,20.407,17833,0
2017-10-20,18:00:00,20.315,20.407,20.315,20.407,857,0
2017-10-20,19:00:00,20.375,20.398,20.336,20.336,1451,0
2017-10-20,20:00:00,20.343,20.363,20.343,20.363,862,0
2017-10-20,21:00:00,20.4,20.4,20.338,20.348,986,0
2017-10-20,22:00:00,20.328,20.389,20.322,20.322,3012,0
2017-10-23,16:00:00,20.486,20.703,20.398,20.514,3563,0
2017-10-23,17:00:00,20.44,20.477,20.214,20.214,11620,0
2017-10-23,18:00:00,20.204,20.213,20.03,20.03,16450,0
2017-10-23,19:00:00,20.034,20.034,20.03,20.03,1305,0
2017-10-23,20:00:00,20.03,20.039,20.03,20.039,1546,0
2017-10-23,21:00:00,20.001,20.023,19.991,20.023,2354,0
2017-10-23,22:00:00,19.991,19.994,19.788,19.798,3157,0
2017-10-24,16:00:00,20.001,20.128,19.991,20.128,3887,0
2017-10-24,17:00:00,20.108,20.108,19.908,20.011,3333,0
2017-10-24,18:00:00,20.011,20.011,19.836,19.982,3400,0
2017-10-24,19:00:00,19.982,19.982,19.894,19.963,1562,0
2017-10-24,20:00:00,19.836,19.836,19.836,19.836,335,0
2017-10-24,21:00:00,19.908,19.913,19.836,19.836,1568,0
2017-10-24,22:00:00,19.943,19.943,19.836,19.885,4856,0
2017-10-25,16:00:00,19.943,20.128,19.903,20.011,4396,0
2017-10-25,17:00:00,19.913,19.923,19.642,19.836,6098,0
2017-10-25,18:00:00,19.732,19.732,19.509,19.585,4824,0
2017-10-25,19:00:00,19.586,19.586,19.39,19.467,9145,0
2017-10-25,20:00:00,19.47,19.47,19.39,19.434,2887,0
2017-10-25,21:00:00,19.434,19.434,19.371,19.429,5396,0
2017-10-25,22:00:00,19.4,19.486,19.196,19.254,6447,0
2017-10-26,16:00:00,19.301,19.486,19.225,19.225,2673,0
2017-10-26,17:00:00,19.476,19.486,19.311,19.486,3553,0
2017-10-26,18:00:00,19.486,19.584,19.311,19.531,1888,0
2017-10-26,19:00:00,19.593,19.593,19.575,19.575,515,0
2017-10-26,20:00:00,19.485,19.485,19.485,19.485,105,0
2017-10-26,22:00:00,19.538,19.623,19.508,19.623,1598,0
2017-10-27,16:00:00,19.7,19.7,19.584,19.593,1323,0
2017-10-27,17:00:00,19.593,19.729,19.593,19.633,6456,0
2017-10-27,18:00:00,19.671,19.737,19.613,19.691,2578,0
2017-10-27,19:00:00,19.633,19.633,19.613,19.613,619,0
2017-10-27,20:00:00,19.716,19.736,19.716,19.72,1771,0
2017-10-27,21:00:00,19.739,19.739,19.669,19.669,475,0
2017-10-27,22:00:00,19.738,19.738,19.691,19.691,412,0
2017-10-30,15:00:00,19.788,19.865,19.73,19.73,927,0
2017-10-30,16:00:00,19.73,19.836,19.691,19.72,2890,0
2017-10-30,17:00:00,19.72,19.72,19.661,19.661,619,0
2017-10-30,18:00:00,19.671,19.748,19.661,19.748,2799,0
2017-10-30,19:00:00,19.661,19.661,19.661,19.661,105,0
2017-10-30,20:00:00,19.661,19.699,19.555,19.555,9017,0
2017-10-30,21:00:00,19.555,19.595,19.361,19.467,16973,0
2017-10-31,15:00:00,19.623,19.748,19.448,19.463,4710,0
2017-10-31,16:00:00,19.526,19.535,19.351,19.41,6897,0
2017-10-31,17:00:00,19.41,19.496,19.41,19.493,1571,0
2017-10-31,18:00:00,19.476,19.496,19.476,19.476,2371,0
2017-10-31,19:00:00,19.476,19.506,19.458,19.458,2215,0
2017-10-31,20:00:00,19.466,19.535,19.466,19.476,2877,0
2017-10-31,21:00:00,19.496,19.545,19.476,19.545,704,0
2017-11-01,15:00:00,19.593,19.72,19.593,19.633,3228,0
2017-11-01,16:00:00,19.675,19.71,19.613,19.651,6406,0
2017-11-01,17:00:00,19.661,19.73,19.661,19.72,3777,0
2017-11-01,18:00:00,19.64,19.798,19.64,19.72,4598,0
2017-11-01,19:00:00,19.71,19.816,19.71,19.816,1260,0
2017-11-01,20:00:00,19.806,19.855,19.748,19.748,4304,0
2017-11-01,21:00:00,19.798,19.798,19.633,19.691,12768,0
2017-11-02,15:00:00,19.691,19.982,19.691,19.801,3653,0
2017-11-02,16:00:00,19.739,19.739,19.42,19.42,2857,0
2017-11-02,17:00:00,19.458,19.467,19.225,19.431,5677,0
2017-11-02,18:00:00,19.429,19.438,19.321,19.321,5313,0
2017-11-02,19:00:00,19.4,19.4,19.311,19.383,1608,0
2017-11-02,20:00:00,19.351,19.351,19.301,19.301,1692,0
2017-11-02,21:00:00,19.306,19.341,19.301,19.341,4418,0
2017-11-03,15:00:00,19.429,19.681,19.264,19.274,5065,0
2017-11-03,16:00:00,19.254,19.331,19.206,19.274,7176,0
2017-11-03,17:00:00,19.215,19.322,19.196,19.322,1237,0
2017-11-03,18:00:00,19.321,19.341,19.254,19.264,3712,0
2017-11-03,19:00:00,19.264,19.448,19.264,19.448,3882,0
2017-11-03,20:00:00,19.419,19.506,19.351,19.418,21106,0
2017-11-03,21:00:00,19.43,19.496,19.4,19.496,4608,0
2017-11-06,16:00:00,19.593,20.02,19.593,19.671,2558,0
2017-11-06,17:00:00,19.633,19.677,19.338,19.554,19162,0
2017-11-06,18:00:00,19.419,19.535,19.419,19.535,721,0
2017-11-06,19:00:00,19.476,19.691,19.476,19.691,16688,0
2017-11-06,20:00:00,19.516,19.671,19.516,19.639,5746,0
2017-11-06,21:00:00,19.559,19.788,19.559,19.565,10365,0
2017-11-06,22:00:00,19.546,19.72,19.546,19.72,3973,0
2017-11-07,16:00:00,19.623,19.865,19.623,19.691,6285,0
2017-11-07,17:00:00,19.671,19.719,19.623,19.651,3766,0
2017-11-07,18:00:00,19.71,19.809,19.7,19.7,4941,0
2017-11-07,19:00:00,19.671,19.761,19.651,19.761,2448,0
2017-11-07,20:00:00,19.593,19.737,19.555,19.623,4030,0
2017-11-07,21:00:00,19.595,19.595,19.559,19.559,927,0
2017-11-07,22:00:00,19.578,19.651,19.565,19.565,3454,0
2017-11-08,16:00:00,19.545,19.73,19.419,19.419,3280,0
2017-11-08,17:00:00,19.419,19.448,19.331,19.343,8266,0
2017-11-08,18:00:00,19.341,19.498,19.341,19.4,13513,0
2017-11-08,19:00:00,19.4,19.47,19.4,19.439,4402,0
2017-11-08,20:00:00,19.516,19.516,19.449,19.449,1347,0
2017-11-08,21:00:00,19.516,19.516,19.51,19.51,1650,0
2017-11-08,22:00:00,19.476,19.613,19.476,19.593,21856,0
2017-11-09,16:00:00,19.496,19.758,19.496,19.735,2768,0
2017-11-09,17:00:00,19.739,19.836,19.527,19.836,16403,0
2017-11-09,18:00:00,19.72,19.72,19.575,19.594,3119,0
2017-11-09,19:00:00,19.593,19.593,19.496,19.496,1249,0
2017-11-09,20:00:00,19.526,19.533,19.486,19.533,515,0
2017-11-09,21:00:00,19.516,19.551,19.49,19.551,2073,0
2017-11-09,22:00:00,19.56,19.56,19.516,19.516,1920,0
2017-11-10,16:00:00,19.439,19.768,19.439,19.768,3364,0
2017-11-10,17:00:00,19.555,19.73,19.549,19.565,5782,0
2017-11-10,18:00:00,19.545,19.565,19.535,19.555,5553,0
2017-11-10,19:00:00,19.535,19.535,19.535,19.535,105,0
2017-11-10,20:00:00,19.541,19.545,19.541,19.545,619,0
2017-11-10,21:00:00,19.555,19.555,19.555,19.555,205,0
2017-11-10,22:00:00,19.555,19.584,19.555,19.584,619,0
2017-11-13,16:00:00,19.613,20.157,19.613,19.857,9890,0
2017-11-13,17:00:00,20.008,20.008,19.555,19.691,12933,0
2017-11-13,18:00:00,19.691,19.691,19.532,19.532,27974,0
2017-11-13,19:00:00,19.623,19.623,19.468,19.505,9845,0
2017-11-13,20:00:00,19.526,19.642,19.496,19.496,7357,0
2017-11-13,21:00:00,19.548,19.613,19.548,19.584,3548,0
2017-11-13,22:00:00,19.529,19.71,19.448,19.71,10622,0
2017-11-14,16:00:00,19.671,19.681,19.508,19.508,2020,0
2017-11-14,17:00:00,19.537,19.554,19.41,19.526,2074,0
2017-11-14,18:00:00,19.516,19.516,19.312,19.312,2820,0
2017-11-14,19:00:00,19.321,19.439,19.321,19.351,7997,0
2017-11-14,20:00:00,19.387,19.393,19.341,19.341,2563,0
2017-11-14,21:00:00,19.321,19.4,19.312,19.312,7303,0
2017-11-14,22:00:00,19.38,19.526,19.321,19.526,2989,0
2017-11-15,16:00:00,19.476,19.476,19.284,19.371,3047,0
2017-11-15,17:00:00,19.293,19.301,19.176,19.176,1619,0
2017-11-15,18:00:00,19.293,19.4,19.235,19.4,2861,0
2017-11-15,19:00:00,19.38,19.467,19.375,19.467,4151,0
2017-11-15,20:00:00,19.486,19.548,19.464,19.548,2672,0
2017-11-15,21:00:00,19.545,19.671,19.526,19.604,12277,0
2017-11-15,22:00:00,19.603,19.623,19.516,19.516,2523,0
2017-11-16,16:00:00,19.555,19.816,19.555,19.593,9129,0
2017-11-16,17:00:00,19.506,19.593,19.496,19.593,2268,0
2017-11-16,18:00:00,19.555,19.613,19.526,19.613,2516,0
2017-11-16,19:00:00,19.613,19.613,19.506,19.516,721,0
2017-11-16,20:00:00,19.516,19.545,19.476,19.486,1443,0
2017-11-16,21:00:00,19.486,19.486,19.341,19.414,13147,0
2017-11-16,22:00:00,19.39,19.429,19.361,19.429,1546,0
2017-11-17,16:00:00,19.419,19.465,19.388,19.449,3157,0
2017-11-17,17:00:00,19.43,19.439,19.43,19.439,310,0
2017-11-17,18:00:00,19.439,19.516,19.274,19.312,10839,0
2017-11-17,19:00:00,19.419,19.439,19.39,19.397,1305,0
2017-11-17,20:00:00,19.4,19.495,19.4,19.486,3289,0
2017-11-17,21:00:00,19.458,19.603,19.4,19.603,11297,0
2017-11-17,22:00:00,19.613,19.7,19.516,19.7,10338,0
2017-11-20,16:00:00,19.535,19.535,19.535,19.535,1185,0
2017-11-20,17:00:00,19.516,19.691,19.458,19.623,3745,0
2017-11-20,18:00:00,19.613,19.778,19.613,19.778,3299,0
2017-11-20,19:00:00,19.661,19.691,19.584,19.608,6379,0
2017-11-20,20:00:00,19.584,19.584,19.526,19.545,3294,0
2017-11-20,21:00:00,19.593,19.593,19.516,19.547,8273,0
2017-11-20,22:00:00,19.545,19.545,19.38,19.496,9062,0
2017-11-21,16:00:00,19.624,19.721,19.33,19.389,1978,0
2017-11-21,17:00:00,19.399,19.496,19.32,19.496,4525,0
2017-11-21,18:00:00,19.633,19.633,19.429,19.458,2044,0
2017-11-21,19:00:00,19.429,19.453,19.399,19.453,2232,0
2017-11-21,20:00:00,19.438,19.438,19.399,19.419,1119,0
2017-11-21,21:00:00,19.399,19.497,19.379,19.444,3061,0
2017-11-21,22:00:00,19.383,19.467,19.37,19.399,7138,0
2017-11-22,16:00:00,19.448,19.467,19.379,19.439,3830,0
2017-11-22,17:00:00,19.439,19.499,19.389,19.399,7374,0
2017-11-22,18:00:00,19.399,19.521,19.399,19.521,8382,0
2017-11-22,19:00:00,19.442,19.476,19.399,19.464,1664,0
2017-11-22,20:00:00,19.409,19.409,19.399,19.399,652,0
2017-11-22,21:00:00,19.399,19.496,19.399,19.489,1543,0
2017-11-22,22:00:00,19.506,19.506,19.409,19.476,1535,0
2017-11-24,16:00:00,19.614,19.614,19.614,19.614,559,0
2017-11-24,17:00:00,19.545,19.74,19.545,19.648,3142,0
2017-11-24,18:00:00,19.662,19.701,19.565,19.565,2190,0
2017-11-24,19:00:00,19.633,19.633,19.487,19.487,358,0
2017-11-27,16:00:00,19.594,19.594,19.496,19.594,3157,0
2017-11-27,17:00:00,19.575,19.575,19.448,19.448,1025,0
2017-11-27,18:00:00,19.453,19.457,19.386,19.386,1675,0
2017-11-27,19:00:00,19.379,19.381,19.37,19.37,1626,0
2017-11-27,20:00:00,19.381,19.419,19.381,19.419,1318,0
2017-11-27,21:00:00,19.389,19.398,19.33,19.33,6111,0
2017-11-27,22:00:00,19.35,19.35,19.233,19.283,2920,0
2017-11-28,16:00:00,19.34,19.448,19.273,19.31,4631,0
2017-11-28,17:00:00,19.3,19.36,19.223,19.36,1357,0
2017-11-28,18:00:00,19.389,19.467,19.35,19.467,4099,0
2017-11-28,19:00:00,19.399,19.399,19.263,19.279,2285,0
2017-11-28,20:00:00,19.283,19.283,19.233,19.241,3059,0
2017-11-28,21:00:00,19.233,19.31,19.215,19.215,2955,0
2017-11-28,22:00:00,19.223,19.31,19.223,19.31,2939,0
2017-11-29,16:00:00,19.379,19.379,19.263,19.379,2662,0
2017-11-29,17:00:00,19.36,19.429,19.225,19.225,3267,0
2017-11-29,18:00:00,19.259,19.263,19.184,19.184,4553,0
2017-11-29,19:00:00,19.174,19.213,19.161,19.164,717,0
2017-11-29,20:00:00,19.127,19.128,19.048,19.057,8981,0
2017-11-29,21:00:00,19.071,19.075,19.069,19.075,820,0
2017-11-29,22:00:00,19.068,19.263,19.068,19.263,4610,0
2017-11-30,16:00:00,19.31,19.642,19.14,19.609,12649,0
2017-11-30,17:00:00,19.43,19.551,19.331,19.331,4310,0
2017-11-30,18:00:00,19.439,19.555,19.439,19.555,6466,0
2017-11-30,19:00:00,19.545,19.555,19.535,19.545,2972,0
2017-11-30,20:00:00,19.535,19.535,19.457,19.457,5684,0
2017-11-30,21:00:00,19.493,19.516,19.455,19.516,5406,0
2017-11-30,22:00:00,19.486,19.506,19.429,19.458,7437,0
2017-12-01,16:00:00,19.526,19.701,19.32,19.613,12910,0
2017-12-01,17:00:00,19.594,19.855,19.575,19.855,19643,0
2017-12-01,18:00:00,19.737,19.737,19.351,19.351,1333,0
2017-12-01,19:00:00,19.731,19.731,19.527,19.527,615,0
2017-12-01,20:00:00,19.74,19.857,19.731,19.789,1951,0
2017-12-01,21:00:00,19.75,19.79,19.701,19.79,974,0
2017-12-01,22:00:00,19.78,19.851,19.741,19.741,3075,0
2017-12-04,16:00:00,19.79,19.79,19.76,19.76,2301,0
2017-12-04,17:00:00,19.711,19.78,19.662,19.78,3339,0
2017-12-04,18:00:00,19.711,19.809,19.711,19.809,6968,0
2017-12-04,19:00:00,19.799,19.809,19.76,19.76,4976,0
2017-12-04,20:00:00,19.704,19.713,19.704,19.713,2101,0
2017-12-04,21:00:00,19.711,19.73,19.672,19.719,3270,0
2017-12-04,22:00:00,19.672,19.721,19.555,19.574,7255,0
2017-12-05,16:00:00,19.682,19.867,19.682,19.722,1985,0
2017-12-05,17:00:00,19.809,19.809,19.273,19.37,11529,0
2017-12-05,18:00:00,19.416,19.467,19.37,19.467,2112,0
2017-12-05,19:00:00,19.458,19.634,19.442,19.634,16535,0
2017-12-05,20:00:00,19.633,19.662,19.535,19.638,8779,0
2017-12-05,21:00:00,19.604,19.606,19.486,19.541,4673,0
2017-12-05,22:00:00,19.545,19.578,19.491,19.575,7473,0
2017-12-06,16:00:00,19.585,19.642,19.32,19.32,10224,0
2017-12-06,17:00:00,19.318,19.439,19.263,19.399,15213,0
2017-12-06,18:00:00,19.404,19.429,19.404,19.412,2716,0
2017-12-06,19:00:00,19.34,19.379,19.34,19.341,2852,0
2017-12-06,20:00:00,19.363,19.363,19.291,19.349,2820,0
2017-12-06,21:00:00,19.338,19.341,19.257,19.257,2737,0
2017-12-06,22:00:00,19.292,19.315,19.233,19.253,3510,0
2017-12-07,16:00:00,19.223,19.399,19.223,19.399,2127,0
2017-12-07,17:00:00,19.355,19.585,19.243,19.304,9340,0
2017-12-07,18:00:00,19.325,19.389,19.325,19.389,988,0
2017-12-07,20:00:00,19.409,19.409,19.32,19.32,2767,0
2017-12-07,21:00:00,19.34,19.544,19.34,19.544,5842,0
2017-12-07,22:00:00,19.496,19.585,19.448,19.448,933,0
2017-12-08,16:00:00,19.594,19.594,19.429,19.429,1674,0
2017-12-08,17:00:00,19.476,19.55,19.389,19.409,7021,0
2017-12-08,18:00:00,19.513,19.513,19.434,19.476,1076,0
2017-12-08,20:00:00,19.506,19.532,19.491,19.526,6636,0
2017-12-08,21:00:00,19.542,19.542,19.542,19.542,717,0
2017-12-08,22:00:00,19.555,19.555,19.506,19.53,4430,0
2017-12-11,16:00:00,19.575,19.575,19.575,19.575,1018,0
2017-12-11,17:00:00,19.594,19.594,19.545,19.575,4171,0
2017-12-11,18:00:00,19.595,19.662,19.595,19.633,1665,0
2017-12-11,19:00:00,19.633,19.74,19.633,19.711,3801,0
2017-12-11,20:00:00,19.769,19.867,19.738,19.738,3355,0
2017-12-11,21:00:00,19.828,19.916,19.818,19.916,1230,0
2017-12-11,22:00:00,19.916,20.004,19.848,19.896,4475,0
2017-12-12,16:00:00,19.896,19.896,19.825,19.825,2034,0
2017-12-12,17:00:00,19.76,19.965,19.76,19.886,1613,0
2017-12-12,18:00:00,19.882,19.946,19.81,19.882,4425,0
2017-12-12,19:00:00,19.834,19.933,19.82,19.933,6082,0
2017-12-12,20:00:00,19.882,19.934,19.828,19.898,1128,0
2017-12-12,21:00:00,19.828,20.062,19.828,20.062,3838,0
2017-12-12,22:00:00,20.062,20.08,19.936,19.985,7554,0
2017-12-13,16:00:00,20.122,20.122,19.926,19.985,3566,0
2017-12-13,17:00:00,20.028,20.033,19.926,19.975,1691,0
2017-12-13,18:00:00,20.052,20.052,19.846,19.846,4383,0
2017-12-13,19:00:00,19.927,19.995,19.887,19.895,846,0
2017-12-13,20:00:00,20.003,20.003,20.003,20.003,512,0
2017-12-13,21:00:00,19.867,20.004,19.867,19.949,4320,0
2017-12-13,22:00:00,19.881,19.984,19.867,19.956,4717,0
2017-12-14,16:00:00,19.956,19.956,19.906,19.906,1475,0
2017-12-14,17:00:00,19.974,20.052,19.849,19.985,6649,0
2017-12-14,18:00:00,19.985,20.151,19.985,20.151,2870,0
2017-12-14,19:00:00,20.151,20.151,20.151,20.151,204,0
2017-12-14,20:00:00,20.074,20.074,20.074,20.074,1105,0
2017-12-14,21:00:00,20.082,20.179,20.042,20.16,2051,0
2017-12-14,22:00:00,20.17,20.344,20.111,20.344,2879,0
2017-12-15,16:00:00,20.297,20.297,20.093,20.198,5487,0
2017-12-15,17:00:00,20.198,20.278,20.176,20.278,2594,0
2017-12-15,18:00:00,20.288,20.307,20.288,20.307,720,0
2017-12-15,19:00:00,20.335,20.354,20.17,20.17,7088,0
2017-12-15,21:00:00,20.238,20.268,20.113,20.131,2416,0
2017-12-15,22:00:00,20.197,20.228,20.197,20.228,563,0
2017-12-18,16:00:00,20.307,20.364,20.248,20.248,2051,0
2017-12-18,17:00:00,20.364,20.364,20.153,20.306,1343,0
2017-12-18,18:00:00,20.132,20.316,20.131,20.151,9992,0
2017-12-18,19:00:00,20.233,20.297,20.152,20.17,2538,0
2017-12-18,20:00:00,20.17,20.17,20.122,20.122,13983,0
2017-12-18,21:00:00,20.15,20.151,20.122,20.122,2870,0
2017-12-18,22:00:00,20.158,20.268,20.158,20.17,2215,0
2017-12-19,16:00:00,20.141,20.141,20.141,20.141,4676,0
2017-12-19,17:00:00,20.151,20.268,20.034,20.034,2995,0
2017-12-19,18:00:00,20.102,20.248,20.102,20.247,1025,0
2017-12-19,19:00:00,20.217,20.217,20.131,20.131,1241,0
2017-12-19,20:00:00,20.136,20.136,20.006,20.048,2698,0
2017-12-19,21:00:00,19.956,20.152,19.927,20.152,1300,0
2017-12-19,22:00:00,19.957,20.228,19.906,19.906,1527,0
2017-12-20,16:00:00,19.906,20.434,19.906,19.926,5707,0
2017-12-20,17:00:00,19.994,20.014,19.828,19.845,7914,0
2017-12-20,18:00:00,19.838,19.946,19.838,19.883,5926,0
2017-12-20,19:00:00,19.877,19.897,19.867,19.878,3661,0
2017-12-20,20:00:00,19.848,19.848,19.848,19.848,204,0
2017-12-20,21:00:00,19.905,19.916,19.878,19.878,3349,0
2017-12-20,22:00:00,19.896,19.936,19.848,19.881,3792,0
2017-12-21,16:00:00,19.799,20.093,19.799,19.961,6121,0
2017-12-21,17:00:00,19.867,20.093,19.867,20.093,917,0
2017-12-21,18:00:00,19.867,19.886,19.867,19.886,203,0
2017-12-21,19:00:00,19.886,20.028,19.877,19.886,2441,0
2017-12-21,20:00:00,19.896,19.896,19.886,19.896,1246,0
2017-12-21,21:00:00,19.886,20.033,19.886,19.886,10596,0
2017-12-21,22:00:00,19.947,19.995,19.886,19.886,1543,0
2017-12-22,16:00:00,20.005,20.123,19.995,20.103,5418,0
2017-12-22,17:00:00,20.103,20.123,19.996,20.083,9708,0
2017-12-22,18:00:00,20.082,20.24,20.082,20.239,7017,0
2017-12-22,19:00:00,20.209,20.23,20.073,20.177,10750,0
2017-12-22,20:00:00,20.22,20.22,20.22,20.22,203,0
2017-12-22,21:00:00,20.241,20.287,20.241,20.25,1970,0
2017-12-22,22:00:00,20.23,20.23,19.986,19.995,13007,0
2017-12-26,16:00:00,20.25,20.25,20.074,20.074,4442,0
2017-12-26,17:00:00,20.191,20.191,19.848,19.906,9465,0
2017-12-26,18:00:00,19.886,19.966,19.84,19.902,18726,0
2017-12-26,19:00:00,19.873,19.916,19.873,19.916,8716,0
2017-12-26,20:00:00,19.916,19.976,19.809,19.876,28339,0
2017-12-26,21:00:00,19.833,19.946,19.799,19.906,21627,0
2017-12-26,22:00:00,19.916,19.916,19.906,19.916,1392,0
2017-12-27,16:00:00,19.906,19.906,19.885,19.896,5434,0
2017-12-27,17:00:00,19.886,19.906,19.867,19.896,10014,0
2017-12-27,18:00:00,19.877,19.877,19.749,19.809,4788,0
2017-12-27,19:00:00,19.818,19.906,19.818,19.877,6634,0
2017-12-27,20:00:00,19.906,19.966,19.896,19.906,13866,0
2017-12-27,21:00:00,19.848,19.861,19.789,19.857,3972,0
2017-12-27,22:00:00,19.877,20.143,19.81,19.995,21538,0
2017-12-28,16:00:00,20.005,20.123,20.005,20.113,2293,0
2017-12-28,17:00:00,20.113,20.113,20.023,20.063,5478,0
2017-12-28,18:00:00,20.061,20.101,20.061,20.097,2891,0
2017-12-28,19:00:00,20.108,20.172,20.094,20.161,4922,0
2017-12-28,20:00:00,20.182,20.22,20.138,20.153,2300,0
2017-12-28,21:00:00,20.152,20.152,20.113,20.118,3417,0
2017-12-28,22:00:00,20.148,20.2,20.148,20.162,1852,0
2017-12-29,16:00:00,20.347,20.446,20.181,20.29,5031,0
2017-12-29,17:00:00,20.293,20.385,20.24,20.287,8424,0
2017-12-29,18:00:00,20.24,20.28,20.182,20.182,3714,0
2017-12-29,19:00:00,20.181,20.214,20.181,20.205,452,0
2017-12-29,20:00:00,20.195,20.22,20.162,20.22,1138,0
2017-12-29,21:00:00,20.23,20.23,20.162,20.182,4529,0
2017-12-29,22:00:00,20.22,20.23,20.178,20.218,6117,0
2018-01-02,16:00:00,20.337,20.437,20.311,20.437,2588,0
2018-01-02,17:00:00,20.57,20.57,20.467,20.545,3290,0
2018-01-02,18:00:00,20.564,20.564,20.407,20.427,10952,0
2018-01-02,19:00:00,20.472,20.514,20.437,20.514,2445,0
2018-01-02,20:00:00,20.447,20.496,20.329,20.387,7104,0
2018-01-02,21:00:00,20.387,20.417,20.367,20.38,1273,0
2018-01-02,22:00:00,20.347,20.417,20.28,20.417,8073,0
2018-01-03,16:00:00,20.496,20.496,20.496,20.496,1408,0
2018-01-03,17:00:00,20.519,20.524,20.467,20.467,1355,0
2018-01-03,18:00:00,20.457,20.457,20.367,20.367,4269,0
2018-01-03,19:00:00,20.363,20.387,20.363,20.387,815,0
2018-01-03,20:00:00,20.524,20.731,20.524,20.685,6581,0
2018-01-03,21:00:00,20.687,20.731,20.525,20.602,7657,0
2018-01-03,22:00:00,20.653,20.726,20.643,20.711,4375,0
2018-01-04,16:00:00,20.771,20.902,20.714,20.714,2663,0
2018-01-04,17:00:00,20.761,20.835,20.711,20.771,2868,0
2018-01-04,18:00:00,20.711,20.723,20.701,20.723,5556,0
2018-01-04,19:00:00,20.712,20.731,20.708,20.731,2037,0
2018-01-04,20:00:00,20.724,20.761,20.724,20.749,1427,0
2018-01-04,21:00:00,20.701,20.723,20.701,20.723,672,0
2018-01-04,22:00:00,20.758,20.761,20.758,20.761,1273,0
2018-01-05,16:00:00,20.848,20.898,20.673,20.673,2317,0
2018-01-05,17:00:00,20.564,20.597,20.477,20.477,4188,0
2018-01-05,18:00:00,20.467,20.467,20.27,20.417,8187,0
2018-01-05,19:00:00,20.397,20.447,20.397,20.422,3690,0
2018-01-05,22:00:00,20.604,20.604,20.427,20.564,12447,0
2018-01-08,16:00:00,20.624,20.711,20.534,20.545,4806,0
2018-01-08,17:00:00,20.496,20.536,20.449,20.449,1528,0
2018-01-08,18:00:00,20.515,20.524,20.437,20.447,5247,0
2018-01-08,19:00:00,20.427,20.584,20.427,20.437,1324,0
2018-01-08,20:00:00,20.448,20.457,20.427,20.457,2465,0
2018-01-08,21:00:00,20.49,20.554,20.467,20.514,9418,0
2018-01-08,22:00:00,20.564,20.574,20.514,20.564,2327,0
2018-01-09,16:00:00,20.662,20.761,20.662,20.761,670,0
2018-01-09,17:00:00,20.8,20.81,20.571,20.571,6409,0
2018-01-09,18:00:00,20.604,20.741,20.579,20.661,4214,0
2018-01-09,19:00:00,20.67,20.681,20.604,20.661,2575,0
2018-01-09,20:00:00,20.624,20.655,20.604,20.604,1725,0
2018-01-09,21:00:00,20.595,20.628,20.496,20.545,4811,0
2018-01-09,22:00:00,20.602,20.643,20.477,20.477,560,0
2018-01-10,16:00:00,20.457,20.457,20.457,20.457,2052,0
2018-01-10,17:00:00,20.662,20.662,20.457,20.544,6568,0
2018-01-10,18:00:00,20.544,20.731,20.528,20.589,15692,0
2018-01-10,19:00:00,20.687,20.758,20.564,20.564,18248,0
2018-01-10,20:00:00,20.584,20.584,20.584,20.584,103,0
2018-01-10,21:00:00,20.584,20.584,20.544,20.544,2038,0
2018-01-10,22:00:00,20.553,20.554,20.529,20.544,1340,0
2018-01-11,16:00:00,20.514,20.614,20.514,20.614,2439,0
2018-01-11,17:00:00,20.624,20.776,20.624,20.741,4381,0
2018-01-11,18:00:00,20.839,20.858,20.741,20.807,11572,0
2018-01-11,19:00:00,20.81,20.898,20.8,20.898,1771,0
2018-01-11,20:00:00,20.898,20.902,20.898,20.898,2188,0
2018-01-11,22:00:00,20.898,20.898,20.78,20.78,611,0
2018-01-12,16:00:00,20.761,20.908,20.761,20.902,4960,0
2018-01-12,17:00:00,20.839,20.957,20.839,20.957,667,0
2018-01-12,18:00:00,20.947,20.947,20.839,20.858,3830,0
2018-01-12,19:00:00,20.858,20.858,20.819,20.819,611,0
2018-01-12,20:00:00,20.752,20.752,20.752,20.752,509,0
2018-01-12,21:00:00,20.837,20.837,20.781,20.781,2184,0
2018-01-12,22:00:00,20.873,20.873,20.873,20.873,509,0
2018-01-16,16:00:00,21.065,21.065,20.957,20.957,2873,0
2018-01-16,17:00:00,21.055,21.114,21.02,21.055,3561,0
2018-01-16,18:00:00,21.055,21.055,21.027,21.055,1810,0
2018-01-16,19:00:00,21.035,21.035,20.878,20.93,7413,0
2018-01-16,20:00:00,20.977,20.977,20.79,20.912,12427,0
2018-01-16,21:00:00,20.829,20.851,20.829,20.839,1017,0
2018-01-16,22:00:00,20.839,20.839,20.624,20.771,1833,0
2018-01-17,16:00:00,20.78,20.78,20.671,20.671,1058,0
2018-01-17,17:00:00,20.624,20.656,20.486,20.592,13680,0
2018-01-17,18:00:00,20.505,20.652,20.505,20.584,5305,0
2018-01-17,19:00:00,20.574,20.625,20.564,20.564,6470,0
2018-01-17,20:00:00,20.574,20.574,20.564,20.564,509,0
2018-01-17,22:00:00,20.617,20.617,20.584,20.609,1172,0
2018-01-18,16:00:00,20.504,20.504,20.397,20.458,15798,0
2018-01-18,17:00:00,20.457,20.496,20.417,20.427,2520,0
2018-01-18,18:00:00,20.447,20.496,20.422,20.427,3545,0
2018-01-18,19:00:00,20.427,20.437,20.427,20.437,459,0
2018-01-18,20:00:00,20.437,20.457,20.436,20.436,1413,0
2018-01-18,21:00:00,20.397,20.437,20.391,20.424,4243,0
2018-01-18,22:00:00,20.407,20.437,20.377,20.417,5232,0
2018-01-19,16:00:00,20.387,20.387,20.123,20.156,12561,0
2018-01-19,17:00:00,20.155,20.347,20.155,20.309,3000,0
2018-01-19,18:00:00,20.201,20.347,20.2,20.265,10043,0
2018-01-19,19:00:00,20.235,20.329,20.231,20.329,2547,0
2018-01-19,21:00:00,20.31,20.357,20.307,20.32,2666,0
2018-01-19,22:00:00,20.357,20.407,20.357,20.387,2804,0
2018-01-22,16:00:00,20.447,20.447,20.447,20.447,496,0
2018-01-22,17:00:00,20.447,20.534,20.427,20.534,6621,0
2018-01-22,18:00:00,20.516,20.544,20.514,20.514,4401,0
2018-01-22,19:00:00,20.514,20.594,20.507,20.524,13985,0
2018-01-22,20:00:00,20.604,20.604,20.549,20.549,2242,0
2018-01-22,21:00:00,20.549,20.584,20.524,20.584,3471,0
2018-01-22,22:00:00,20.586,20.586,20.586,20.586,203,0
2018-01-23,16:00:00,20.772,20.791,20.692,20.692,2578,0
2018-01-23,17:00:00,20.682,20.692,20.534,20.594,3793,0
2018-01-23,18:00:00,20.618,20.618,20.594,20.614,4698,0
2018-01-23,19:00:00,20.624,20.633,20.618,20.633,1410,0
2018-01-23,20:00:00,20.702,20.729,20.664,20.729,1329,0
2018-01-23,21:00:00,20.724,20.772,20.7,20.772,2502,0
2018-01-23,22:00:00,20.771,20.772,20.702,20.762,3596,0
2018-01-24,16:00:00,20.84,20.84,20.801,20.801,1429,0
2018-01-24,17:00:00,20.85,20.929,20.831,20.88,2300,0
2018-01-24,18:00:00,20.88,20.91,20.732,20.83,3242,0
2018-01-24,20:00:00,20.83,20.83,20.713,20.713,1317,0
2018-01-24,21:00:00,20.732,20.777,20.722,20.777,1215,0
2018-01-24,22:00:00,20.77,20.781,20.712,20.781,888,0
2018-01-25,16:00:00,20.82,20.978,20.82,20.978,480,0
2018-01-25,17:00:00,20.756,20.959,20.723,20.774,1418,0
2018-01-25,18:00:00,20.774,20.959,20.762,20.763,5369,0
2018-01-25,19:00:00,20.772,20.869,20.766,20.766,912,0
2018-01-25,20:00:00,20.844,20.844,20.762,20.762,1357,0
2018-01-25,21:00:00,20.772,20.772,20.732,20.752,4916,0
2018-01-25,22:00:00,20.751,20.751,20.712,20.712,2661,0
2018-01-26,16:00:00,20.772,20.781,20.712,20.762,1701,0
2018-01-26,17:00:00,20.762,20.762,20.702,20.702,14619,0
2018-01-26,18:00:00,20.684,20.695,20.653,20.653,5805,0
2018-01-26,19:00:00,20.702,20.772,20.693,20.772,4390,0
2018-01-26,20:00:00,20.712,20.744,20.692,20.692,3594,0
2018-01-26,21:00:00,20.681,20.691,20.681,20.691,635,0
2018-01-26,22:00:00,20.663,20.811,20.663,20.801,4717,0
2018-01-29,16:00:00,20.89,20.89,20.672,20.672,1732,0
2018-01-29,17:00:00,20.692,20.702,20.466,20.466,20065,0
2018-01-29,18:00:00,20.476,20.518,20.426,20.436,14228,0
2018-01-29,19:00:00,20.453,20.456,20.376,20.376,2342,0
2018-01-29,20:00:00,20.406,20.487,20.403,20.485,1757,0
2018-01-29,21:00:00,20.495,20.514,20.396,20.514,2850,0
2018-01-29,22:00:00,20.523,20.523,20.466,20.466,3428,0
2018-01-30,16:00:00,20.416,20.416,19.966,19.977,3208,0
2018-01-30,17:00:00,19.922,20.208,19.922,20.117,6894,0
2018-01-30,18:00:00,20.12,20.227,20.12,20.227,2763,0
2018-01-30,19:00:00,20.188,20.188,20.141,20.148,856,0
2018-01-30,20:00:00,20.188,20.197,20.11,20.166,2583,0
2018-01-30,21:00:00,20.163,20.163,20.09,20.155,2665,0
2018-01-30,22:00:00,20.09,20.218,20.051,20.218,2194,0
2018-01-31,16:00:00,20.179,20.275,20.17,20.228,3088,0
2018-01-31,17:00:00,20.228,20.328,20.208,20.208,10604,0
2018-01-31,18:00:00,20.208,20.227,20.208,20.211,1307,0
2018-01-31,19:00:00,20.191,20.191,20.179,20.188,1368,0
2018-01-31,20:00:00,20.218,20.258,20.208,20.208,2386,0
2018-01-31,21:00:00,20.257,20.257,20.228,20.228,1351,0
2018-01-31,22:00:00,20.216,20.228,20.216,20.228,1977,0
2018-02-01,16:00:00,20.328,20.328,20.11,20.268,4200,0
2018-02-01,17:00:00,20.288,20.328,20.268,20.288,2694,0
2018-02-01,18:00:00,20.288,20.288,20.15,20.228,2026,0
2018-02-01,19:00:00,20.228,20.228,20.228,20.228,102,0
2018-02-01,20:00:00,20.218,20.298,20.218,20.288,5429,0
2018-02-01,21:00:00,20.298,20.308,20.288,20.298,3798,0
2018-02-01,22:00:00,20.308,20.308,20.3,20.308,1917,0
2018-02-02,16:00:00,20.198,20.346,20.031,20.115,2650,0
2018-02-02,17:00:00,20.14,20.179,19.962,20.021,3920,0
2018-02-02,18:00:00,20.012,20.12,19.982,19.982,3808,0
2018-02-02,19:00:00,20.045,20.045,20.045,20.045,102,0
2018-02-02,20:00:00,20.002,20.05,20.002,20.015,2354,0
2018-02-02,21:00:00,20.012,20.021,19.892,19.942,9840,0
2018-02-02,22:00:00,19.942,19.942,18.708,19.34,60783,0
2018-02-05,16:00:00,19.439,19.715,19.373,19.495,3721,0
2018-02-05,17:00:00,19.491,19.626,19.491,19.537,10582,0
2018-02-05,18:00:00,19.616,19.616,19.498,19.498,8813,0
2018-02-05,19:00:00,19.528,19.528,19.39,19.488,2954,0
2018-02-05,20:00:00,19.399,19.403,18.777,18.777,43760,0
2018-02-05,21:00:00,18.915,19.07,18.905,18.905,5346,0
2018-02-05,22:00:00,19.003,19.103,18.609,18.895,7042,0
2018-02-06,16:00:00,18.807,19.093,18.687,19.034,14314,0
2018-02-06,17:00:00,19.093,19.093,18.817,18.966,9571,0
2018-02-06,18:00:00,18.955,19.044,18.909,19.004,2907,0
2018-02-06,19:00:00,19.052,19.162,19.024,19.133,8235,0
2018-02-06,20:00:00,19.053,19.103,18.935,19.006,3780,0
2018-02-06,21:00:00,18.935,19.123,18.925,19.123,5162,0
2018-02-06,22:00:00,19.123,19.478,19.123,19.478,5138,0
2018-02-07,16:00:00,19.37,19.774,19.308,19.601,3009,0
2018-02-07,17:00:00,19.498,19.61,19.486,19.518,5033,0
2018-02-07,18:00:00,19.587,19.587,19.513,19.513,304,0
2018-02-07,19:00:00,19.518,19.528,19.419,19.448,4786,0
2018-02-07,20:00:00,19.429,19.528,19.429,19.46,2963,0
2018-02-07,21:00:00,19.508,19.587,19.508,19.508,3039,0
2018-02-07,22:00:00,19.508,19.508,19.389,19.507,6438,0
2018-02-08,16:00:00,19.3,19.715,19.3,19.715,1827,0
2018-02-08,17:00:00,19.419,19.488,19.261,19.297,1850,0
2018-02-08,18:00:00,19.303,19.31,19.251,19.261,2437,0
2018-02-08,19:00:00,19.27,19.29,19.251,19.251,3290,0
2018-02-08,20:00:00,19.29,19.29,19.252,19.29,405,0
2018-02-08,21:00:00,19.31,19.34,19.261,19.261,1621,0
2018-02-08,22:00:00,19.3,19.31,19.147,19.172,9233,0
2018-02-09,16:00:00,19.221,19.399,19.172,19.202,3530,0
2018-02-09,17:00:00,19.103,19.172,18.955,18.965,4125,0
2018-02-09,18:00:00,18.965,19.095,18.846,18.846,3742,0
2018-02-09,19:00:00,18.817,18.817,18.737,18.737,3301,0
2018-02-09,20:00:00,18.738,18.866,18.688,18.787,6764,0
2018-02-09,21:00:00,18.817,19.034,18.817,18.935,6473,0
2018-02-09,22:00:00,18.837,18.994,18.827,18.905,17510,0
2018-02-12,16:00:00,18.955,19.33,18.955,19.073,8231,0
2018-02-12,17:00:00,19.034,19.093,19.024,19.024,1100,0
2018-02-12,18:00:00,18.994,19.034,18.965,19.034,1769,0
2018-02-12,19:00:00,19.034,19.034,19.014,19.014,506,0
2018-02-12,20:00:00,19.103,19.152,19.103,19.152,1084,0
2018-02-12,22:00:00,19.192,19.211,19.192,19.211,709,0
2018-02-13,16:00:00,19.231,19.231,19.231,19.231,536,0
2018-02-13,17:00:00,19.231,19.231,19.112,19.231,3389,0
2018-02-13,18:00:00,19.281,19.3,19.211,19.3,1619,0
2018-02-13,19:00:00,19.349,19.35,19.34,19.35,418,0
2018-02-13,20:00:00,19.335,19.399,19.335,19.399,1099,0
2018-02-13,21:00:00,19.33,19.33,19.29,19.29,709,0
2018-02-13,22:00:00,19.3,19.35,19.3,19.35,1206,0
2018-02-14,16:00:00,19.251,19.251,19.251,19.251,463,0
2018-02-14,17:00:00,19.3,19.478,19.3,19.448,1581,0
2018-02-14,18:00:00,19.439,19.439,19.31,19.31,7257,0
2018-02-14,19:00:00,19.32,19.343,19.3,19.31,1823,0
2018-02-14,20:00:00,19.369,19.399,19.3,19.36,5994,0
2018-02-14,21:00:00,19.468,19.508,19.409,19.409,1925,0
2018-02-14,22:00:00,19.439,19.488,19.419,19.488,538,0
2018-02-15,16:00:00,19.528,19.528,19.419,19.429,2562,0
2018-02-15,17:00:00,19.439,19.508,19.37,19.37,12419,0
2018-02-15,18:00:00,19.34,19.385,19.34,19.34,709,0
2018-02-15,19:00:00,19.36,19.36,19.35,19.35,3182,0
2018-02-15,20:00:00,19.399,19.468,19.37,19.468,5658,0
2018-02-15,21:00:00,19.468,19.508,19.468,19.498,7984,0
2018-02-15,22:00:00,19.508,19.547,19.468,19.468,9666,0
2018-02-16,16:00:00,19.557,19.557,19.448,19.448,3879,0
2018-02-16,17:00:00,19.379,19.379,19.271,19.31,6969,0
2018-02-16,18:00:00,19.32,19.468,19.31,19.448,5539,0
2018-02-16,19:00:00,19.458,19.468,19.36,19.389,9269,0
2018-02-16,20:00:00,19.389,19.389,19.33,19.35,2825,0
2018-02-16,21:00:00,19.33,19.34,19.271,19.281,1671,0
2018-02-16,22:00:00,19.29,19.35,19.29,19.29,2229,0
2018-02-20,16:00:00,19.37,19.37,19.34,19.34,2455,0
2018-02-20,17:00:00,19.32,19.32,19.241,19.241,7550,0
2018-02-20,18:00:00,19.251,19.281,19.231,19.241,5609,0
2018-02-20,19:00:00,19.271,19.271,19.271,19.271,151,0
2018-02-20,20:00:00,19.231,19.231,19.201,19.201,805,0
2018-02-20,21:00:00,19.171,19.221,19.14,19.151,2599,0
2018-02-20,22:00:00,19.137,19.151,18.913,19.062,41100,0
2018-02-21,16:00:00,19.141,19.141,19.042,19.102,1959,0
2018-02-21,17:00:00,19.092,19.102,19.052,19.066,6211,0
2018-02-21,18:00:00,19.092,19.132,19.092,19.112,3853,0
2018-02-21,19:00:00,19.042,19.062,19.022,19.062,3121,0
2018-02-21,20:00:00,19.072,19.122,19.072,19.122,7651,0
2018-02-21,21:00:00,19.122,19.191,19.072,19.082,4512,0
2018-02-21,22:00:00,19.052,19.072,18.943,18.992,4685,0
2018-02-22,16:00:00,19.122,19.122,19.03,19.042,1401,0
2018-02-22,17:00:00,19.061,19.092,18.953,18.973,9164,0
2018-02-22,18:00:00,18.999,19.103,18.973,19.062,6104,0
2018-02-22,19:00:00,19.042,19.042,18.923,19.042,8788,0
2018-02-22,20:00:00,18.983,18.983,18.883,18.911,6544,0
2018-02-22,21:00:00,18.933,18.933,18.843,18.862,6237,0
2018-02-22,22:00:00,18.834,18.843,18.793,18.814,3285,0
2018-02-23,16:00:00,18.963,18.963,18.893,18.93,2852,0
2018-02-23,17:00:00,18.93,18.953,18.863,18.953,9362,0
2018-02-23,18:00:00,18.963,19.052,18.956,19.052,5034,0
2018-02-23,19:00:00,19.062,19.072,19.047,19.072,4337,0
2018-02-23,20:00:00,19.062,19.092,19.062,19.078,6535,0
2018-02-23,21:00:00,19.085,19.161,19.085,19.141,9556,0
2018-02-23,22:00:00,19.141,19.151,19.141,19.151,5852,0
2018-02-26,16:00:00,19.261,19.261,19.156,19.191,6241,0
2018-02-26,17:00:00,19.171,19.176,19.112,19.161,19415,0
2018-02-26,18:00:00,19.141,19.201,19.141,19.173,5738,0
2018-02-26,19:00:00,19.201,19.221,19.201,19.201,1630,0
2018-02-26,20:00:00,19.221,19.221,19.221,19.221,101,0
2018-02-26,21:00:00,19.221,19.238,19.211,19.213,4731,0
2018-02-26,22:00:00,19.212,19.261,19.212,19.241,2299,0
2018-02-27,16:00:00,19.35,19.35,19.35,19.35,441,0
2018-02-27,17:00:00,19.241,19.241,19.151,19.171,4169,0
2018-02-27,18:00:00,19.171,19.181,19.032,19.111,4592,0
2018-02-27,19:00:00,19.141,19.141,19.082,19.092,4078,0
2018-02-27,20:00:00,19.112,19.122,19.072,19.072,3967,0
2018-02-27,22:00:00,19.07,19.07,19.012,19.042,1935,0
2018-02-28,16:00:00,19.112,19.139,19.042,19.09,1936,0
2018-02-28,17:00:00,19.071,19.071,19.022,19.022,2806,0
2018-02-28,18:00:00,18.953,18.965,18.953,18.965,1148,0
2018-02-28,19:00:00,18.973,18.992,18.963,18.992,926,0
2018-02-28,20:00:00,18.983,18.992,18.953,18.953,2603,0
2018-02-28,21:00:00,18.973,18.973,18.953,18.953,2387,0
2018-02-28,22:00:00,18.943,18.943,18.774,18.893,3733,0
2018-03-01,16:00:00,18.992,18.992,18.754,18.754,3165,0
2018-03-01,17:00:00,18.791,18.824,18.734,18.794,10941,0
2018-03-01,18:00:00,18.754,18.784,18.734,18.784,4039,0
2018-03-01,19:00:00,18.764,18.764,18.714,18.714,3876,0
2018-03-01,20:00:00,18.685,18.696,18.625,18.625,3120,0
2018-03-01,21:00:00,18.585,18.625,18.545,18.605,5259,0
2018-03-01,22:00:00,18.635,18.635,18.585,18.585,1916,0
2018-03-02,16:00:00,18.526,18.565,18.524,18.524,1284,0
2018-03-02,17:00:00,18.506,18.506,18.347,18.347,8344,0
2018-03-02,18:00:00,18.377,18.516,18.377,18.476,4554,0
2018-03-02,19:00:00,18.526,18.575,18.501,18.575,2416,0
2018-03-02,20:00:00,18.575,18.575,18.526,18.535,1812,0
2018-03-02,21:00:00,18.555,18.565,18.555,18.565,302,0
2018-03-02,22:00:00,18.496,18.616,18.496,18.575,1711,0
2018-03-05,16:00:00,18.466,18.615,18.466,18.615,694,0
2018-03-05,17:00:00,18.565,18.605,18.536,18.605,6504,0
2018-03-05,18:00:00,18.575,18.676,18.575,18.665,4136,0
2018-03-05,19:00:00,18.665,18.665,18.575,18.627,2231,0
2018-03-05,20:00:00,18.605,18.714,18.605,18.625,11024,0
2018-03-05,21:00:00,18.625,18.645,18.615,18.625,3430,0
2018-03-05,22:00:00,18.625,18.655,18.625,18.625,15055,0
2018-03-06,16:00:00,18.734,18.794,18.65,18.65,2135,0
2018-03-06,17:00:00,18.694,18.694,18.635,18.637,2478,0
2018-03-06,18:00:00,18.645,18.645,18.645,18.645,201,0
2018-03-06,19:00:00,18.625,18.674,18.625,18.665,4544,0
2018-03-06,20:00:00,18.665,18.665,18.526,18.526,3718,0
2018-03-06,21:00:00,18.625,18.674,18.615,18.674,2288,0
2018-03-06,22:00:00,18.675,18.675,18.675,18.675,503,0
2018-03-07,16:00:00,18.645,18.67,18.645,18.67,1959,0
2018-03-07,17:00:00,18.648,18.764,18.645,18.724,8390,0
2018-03-07,18:00:00,18.635,18.648,18.585,18.6,1041,0
2018-03-07,19:00:00,18.555,18.555,18.535,18.536,632,0
2018-03-07,20:00:00,18.556,18.566,18.556,18.566,654,0
2018-03-07,21:00:00,18.565,18.595,18.555,18.595,1586,0
2018-03-07,22:00:00,18.565,18.585,18.565,18.575,3045,0
2018-03-08,16:00:00,18.575,18.575,18.507,18.507,3029,0
2018-03-08,17:00:00,18.526,18.526,18.526,18.526,1812,0
2018-03-08,18:00:00,18.526,18.555,18.526,18.545,1247,0
2018-03-08,19:00:00,18.526,18.529,18.526,18.526,3343,0
2018-03-08,20:00:00,18.516,18.516,18.476,18.482,1208,0
2018-03-08,21:00:00,18.456,18.466,18.456,18.465,2279,0
2018-03-08,22:00:00,18.486,18.486,18.486,18.486,101,0
2018-03-09,16:00:00,18.536,18.536,18.536,18.536,816,0
2018-03-09,17:00:00,18.665,18.665,18.556,18.556,2884,0
2018-03-09,18:00:00,18.614,18.677,18.614,18.635,1850,0
2018-03-09,19:00:00,18.65,18.65,18.603,18.604,3221,0
2018-03-09,20:00:00,18.648,18.648,18.615,18.615,1913,0
2018-03-09,21:00:00,18.65,18.65,18.625,18.635,3725,0
2018-03-09,22:00:00,18.625,18.645,18.595,18.595,9221,0
2018-03-12,15:00:00,18.595,18.665,18.595,18.665,2812,0
2018-03-12,16:00:00,18.922,18.922,18.641,18.71,5025,0
2018-03-12,17:00:00,18.677,18.714,18.615,18.628,6135,0
2018-03-12,18:00:00,18.615,18.652,18.615,18.652,805,0
2018-03-12,19:00:00,18.675,18.714,18.645,18.714,6780,0
2018-03-12,20:00:00,18.724,18.749,18.724,18.749,4402,0
2018-03-12,21:00:00,18.754,18.764,18.743,18.758,2617,0
2018-03-13,15:00:00,18.754,18.883,18.754,18.832,1652,0
2018-03-13,16:00:00,18.876,18.903,18.829,18.83,4079,0
2018-03-13,18:00:00,18.774,18.794,18.774,18.794,386,0
2018-03-13,19:00:00,18.803,18.824,18.797,18.824,1349,0
2018-03-13,20:00:00,18.824,18.883,18.824,18.883,1833,0
2018-03-13,21:00:00,18.824,18.824,18.754,18.814,3275,0
2018-03-14,15:00:00,18.724,18.804,18.724,18.804,4536,0
2018-03-14,16:00:00,18.774,18.784,18.714,18.714,3405,0
2018-03-14,17:00:00,18.714,18.714,18.645,18.645,6954,0
2018-03-14,18:00:00,18.635,18.713,18.635,18.713,2114,0
2018-03-14,19:00:00,18.675,18.675,18.645,18.645,906,0
2018-03-14,20:00:00,18.714,18.714,18.674,18.685,1485,0
2018-03-14,21:00:00,18.645,18.684,18.496,18.645,20198,0
2018-03-15,15:00:00,18.585,18.605,18.585,18.605,954,0
2018-03-15,16:00:00,18.625,18.625,18.606,18.606,1107,0
2018-03-15,17:00:00,18.625,18.625,17.572,17.632,38565,0
2018-03-15,18:00:00,17.671,18.058,17.632,17.821,34281,0
2018-03-15,19:00:00,17.84,17.949,17.761,17.91,37434,0
2018-03-15,20:00:00,17.891,17.891,17.711,17.88,22542,0
2018-03-15,21:00:00,17.86,18.158,17.84,18.158,37659,0
2018-03-16,15:00:00,18.208,18.208,18.133,18.133,5767,0
2018-03-16,16:00:00,18.158,18.275,18.133,18.247,14527,0
2018-03-16,17:00:00,18.188,18.267,18.181,18.224,12981,0
2018-03-16,18:00:00,18.24,18.24,18.198,18.234,2217,0
2018-03-16,19:00:00,18.267,18.297,18.208,18.297,5571,0
2018-03-16,20:00:00,18.277,18.297,18.257,18.257,1409,0
2018-03-16,21:00:00,18.257,18.307,18.218,18.307,13424,0
2018-03-19,15:00:00,18.168,18.228,17.989,18.039,12722,0
2018-03-19,16:00:00,18.029,18.097,17.969,18.097,8461,0
2018-03-19,17:00:00,17.986,17.989,17.93,17.954,3322,0
2018-03-19,18:00:00,18.009,18.009,17.92,17.92,2668,0
2018-03-19,19:00:00,17.92,17.949,17.791,17.946,6585,0
2018-03-19,20:00:00,17.969,17.969,17.917,17.917,302,0
2018-03-19,21:00:00,17.89,17.909,17.83,17.89,1869,0
2018-03-20,15:00:00,18.019,18.019,17.974,17.974,1208,0
2018-03-20,16:00:00,17.96,17.979,17.92,17.92,3649,0
2018-03-20,17:00:00,17.93,17.949,17.92,17.93,3158,0
2018-03-20,18:00:00,17.88,17.89,17.83,17.89,5314,0
2018-03-20,19:00:00,17.91,17.91,17.83,17.83,1007,0
2018-03-20,20:00:00,17.85,17.91,17.85,17.91,302,0
2018-03-20,21:00:00,17.872,17.9,17.872,17.875,1007,0
2018-03-21,15:00:00,17.9,17.96,17.82,17.93,4585,0
2018-03-21,16:00:00,17.93,17.97,17.86,17.97,3800,0
2018-03-21,17:00:00,17.97,18,17.97,17.99,4049,0
2018-03-21,18:00:00,18.0051,18.07,18.0051,18.04,1100,0
2018-03-21,19:00:00,18.02,18.02,18.02,18.02,100,0
2018-03-21,20:00:00,18.02,18.04,17.967,17.967,7134,0
2018-03-21,21:00:00,18,18.08,17.94,18.04,18607,0
2018-03-22,15:00:00,17.86,17.94,17.86,17.8664,1834,0
2018-03-22,16:00:00,17.8299,17.95,17.8136,17.865,5200,0
2018-03-22,17:00:00,17.844,17.85,17.7638,17.7961,6758,0
2018-03-22,18:00:00,17.8148,17.93,17.8148,17.9,500,0
2018-03-22,19:00:00,17.8938,17.9,17.8664,17.8739,7436,0
2018-03-22,20:00:00,17.8983,17.8983,17.83,17.88,2141,0
2018-03-22,21:00:00,17.845,17.845,17.77,17.8,1431,0
2018-03-23,15:00:00,17.88,17.88,17.79,17.81,4343,0
2018-03-23,16:00:00,17.82,17.82,17.715,17.78,2500,0
2018-03-23,17:00:00,17.77,17.77,17.77,17.77,1056,0
2018-03-23,18:00:00,17.766,17.766,17.7436,17.746,1168,0
2018-03-23,19:00:00,17.73,17.749,17.73,17.732,3061,0
2018-03-23,20:00:00,17.7291,17.7301,17.72,17.72,969,0
2018-03-23,21:00:00,17.7302,17.75,17.6501,17.68,4304,0
2018-03-26,16:00:00,17.8,17.8,17.8,17.8,566,0
2018-03-26,17:00:00,17.74,17.74,17.66,17.68,4292,0
2018-03-26,18:00:00,17.64,17.8499,17.56,17.6032,18377,0
2018-03-26,20:00:00,17.6052,17.6382,17.6052,17.6382,1660,0
2018-03-26,21:00:00,17.64,17.6692,17.5652,17.6692,4267,0
2018-03-26,22:00:00,17.6552,17.7,17.6552,17.7,11015,0
2018-03-27,16:00:00,17.71,17.82,17.71,17.81,2483,0
2018-03-27,17:00:00,17.748,17.82,17.51,17.67,6499,0
2018-03-27,18:00:00,17.6777,17.7618,17.6777,17.7618,4102,0
2018-03-27,19:00:00,17.81,17.88,17.77,17.88,2800,0
2018-03-27,20:00:00,17.854,17.854,17.812,17.812,2850,0
2018-03-27,21:00:00,17.7907,17.839,17.7901,17.8365,2461,0
2018-03-27,22:00:00,17.81,17.8249,17.6136,17.6689,4500,0
2018-03-28,16:00:00,17.74,17.74,17.5601,17.5601,9712,0
2018-03-28,17:00:00,17.66,17.8096,17.66,17.8096,8294,0
2018-03-28,18:00:00,17.75,17.76,17.75,17.76,1075,0
2018-03-28,19:00:00,17.76,17.76,17.76,17.76,240,0
2018-03-28,20:00:00,17.76,17.88,17.76,17.8701,34253,0
2018-03-28,21:00:00,17.87,17.89,17.85,17.86,8247,0
2018-03-28,22:00:00,17.85,17.88,17.842,17.88,4706,0
2018-03-29,16:00:00,17.84,17.8883,17.84,17.8883,916,0
2018-03-29,17:00:00,17.86,17.95,17.86,17.92,6005,0
2018-03-29,18:00:00,17.98,18.01,17.91,17.91,4011,0
2018-03-29,19:00:00,17.9555,17.9555,17.9,17.9,1954,0
2018-03-29,20:00:00,17.9277,17.9277,17.9,17.9,208,0
2018-03-29,21:00:00,17.92,17.96,17.92,17.9437,2714,0
2018-03-29,22:00:00,17.9308,17.9399,17.91,17.91,2520,0
