Date,Time,Open,High,Low,Close,Volume,OpenInt
2017-09-05,16:00:00,29.284,29.483,29.145,29.264,60126,0
2017-09-05,17:00:00,29.254,29.264,29.125,29.195,84277,0
2017-09-05,18:00:00,29.21,29.284,29.165,29.21,53529,0
2017-09-05,19:00:00,29.205,29.205,28.927,29.036,138217,0
2017-09-05,20:00:00,28.996,28.996,28.877,28.956,95549,0
2017-09-05,21:00:00,28.966,29.051,28.927,28.996,61128,0
2017-09-05,22:00:00,28.996,29.066,28.947,28.976,378450,0
2017-09-06,16:00:00,29.125,29.145,28.897,29.006,23220,0
2017-09-06,17:00:00,28.986,29.066,28.748,28.788,107010,0
2017-09-06,18:00:00,28.788,28.808,28.679,28.713,71343,0
2017-09-06,19:00:00,28.708,28.728,28.609,28.708,96359,0
2017-09-06,20:00:00,28.718,28.763,28.708,28.728,84586,0
2017-09-06,21:00:00,28.738,28.753,28.624,28.659,135802,0
2017-09-06,22:00:00,28.659,28.778,28.629,28.679,405320,0
2017-09-07,16:00:00,28.738,28.738,28.291,28.311,79021,0
2017-09-07,17:00:00,28.301,28.43,28.26,28.401,115395,0
2017-09-07,18:00:00,28.401,28.47,28.291,28.311,53843,0
2017-09-07,19:00:00,28.316,28.381,28.291,28.381,59327,0
2017-09-07,20:00:00,28.371,28.411,28.291,28.381,117042,0
2017-09-07,21:00:00,28.381,28.401,28.311,28.321,69274,0
2017-09-07,22:00:00,28.321,28.361,28.291,28.311,299405,0
2017-09-08,16:00:00,28.172,28.311,28.043,28.311,65859,0
2017-09-08,17:00:00,28.331,28.421,28.272,28.411,56426,0
2017-09-08,18:00:00,28.421,28.475,28.371,28.391,42889,0
2017-09-08,19:00:00,28.391,28.51,28.361,28.51,51450,0
2017-09-08,20:00:00,28.51,28.53,28.396,28.44,43252,0
2017-09-08,21:00:00,28.43,28.559,28.43,28.43,46161,0
2017-09-08,22:00:00,28.43,28.53,28.391,28.53,407631,0
2017-09-11,16:00:00,28.708,28.956,28.52,28.798,52932,0
2017-09-11,17:00:00,28.768,28.847,28.609,28.758,38750,0
2017-09-11,18:00:00,28.758,28.867,28.679,28.818,46973,0
2017-09-11,19:00:00,28.828,28.966,28.808,28.917,56695,0
2017-09-11,20:00:00,28.927,28.956,28.883,28.897,44864,0
2017-09-11,21:00:00,28.902,29.016,28.857,29.001,87934,0
2017-09-11,22:00:00,29.001,29.076,28.986,29.036,255340,0
2017-09-12,16:00:00,29.215,29.433,29.155,29.384,38101,0
2017-09-12,17:00:00,29.433,29.433,29.165,29.185,89795,0
2017-09-12,18:00:00,29.185,29.314,29.175,29.264,61539,0
2017-09-12,19:00:00,29.268,29.284,29.215,29.274,43698,0
2017-09-12,20:00:00,29.274,29.294,29.22,29.234,90730,0
2017-09-12,21:00:00,29.244,29.397,29.242,29.397,90819,0
2017-09-12,22:00:00,29.393,29.473,29.379,29.453,389743,0
2017-09-13,16:00:00,29.403,29.403,29.244,29.274,58049,0
2017-09-13,17:00:00,29.264,29.334,29.145,29.284,68137,0
2017-09-13,18:00:00,29.274,29.274,29.11,29.19,124253,0
2017-09-13,19:00:00,29.185,29.289,29.17,29.234,49201,0
2017-09-13,20:00:00,29.224,29.294,29.175,29.21,108618,0
2017-09-13,21:00:00,29.205,29.284,29.185,29.215,108435,0
2017-09-13,22:00:00,29.215,29.274,29.175,29.254,382653,0
2017-09-14,16:00:00,29.205,29.284,29.006,29.186,130473,0
2017-09-14,17:00:00,29.205,29.234,29.106,29.165,56473,0
2017-09-14,18:00:00,29.175,29.254,29.135,29.244,83154,0
2017-09-14,19:00:00,29.234,29.269,29.175,29.195,44788,0
2017-09-14,20:00:00,29.185,29.185,29.086,29.096,110420,0
2017-09-14,21:00:00,29.096,29.125,29.036,29.086,99513,0
2017-09-14,22:00:00,29.081,29.215,29.056,29.135,405560,0
2017-09-15,16:00:00,29.115,29.294,29.076,29.165,139812,0
2017-09-15,17:00:00,29.165,29.185,28.996,29.036,143487,0
2017-09-15,18:00:00,29.016,29.106,28.996,29.086,87914,0
2017-09-15,19:00:00,29.086,29.185,29.066,29.155,53554,0
2017-09-15,20:00:00,29.16,29.284,29.145,29.165,138828,0
2017-09-15,21:00:00,29.165,29.453,29.165,29.379,173364,0
2017-09-15,22:00:00,29.384,29.418,29.314,29.344,446866,0
2017-09-18,16:00:00,29.463,29.652,29.364,29.582,38308,0
2017-09-18,17:00:00,29.602,29.627,29.532,29.532,39553,0
2017-09-18,18:00:00,29.532,29.532,29.443,29.478,39760,0
2017-09-18,19:00:00,29.483,29.502,29.413,29.478,70288,0
2017-09-18,20:00:00,29.467,29.572,29.443,29.532,63314,0
2017-09-18,21:00:00,29.522,29.542,29.384,29.453,89500,0
2017-09-18,22:00:00,29.463,29.473,29.393,29.443,222016,0
2017-09-19,16:00:00,29.443,29.542,29.384,29.522,25615,0
2017-09-19,17:00:00,29.512,29.562,29.403,29.463,45512,0
2017-09-19,18:00:00,29.443,29.502,29.398,29.413,42678,0
2017-09-19,19:00:00,29.408,29.492,29.403,29.478,33544,0
2017-09-19,20:00:00,29.483,29.542,29.483,29.483,31359,0
2017-09-19,21:00:00,29.487,29.527,29.483,29.497,61289,0
2017-09-19,22:00:00,29.493,29.507,29.448,29.473,218856,0
2017-09-20,16:00:00,29.463,29.483,29.284,29.453,38325,0
2017-09-20,17:00:00,29.473,29.632,29.284,29.632,97592,0
2017-09-20,18:00:00,29.662,29.89,29.612,29.875,194730,0
2017-09-20,19:00:00,29.88,30.018,29.87,29.984,202043,0
2017-09-20,20:00:00,29.984,30.168,29.92,30.058,233699,0
2017-09-20,21:00:00,30.033,30.108,29.93,30.078,222108,0
2017-09-20,22:00:00,30.078,30.405,30.048,30.237,925514,0
2017-09-21,16:00:00,30.138,30.138,29.87,29.959,61800,0
2017-09-21,17:00:00,29.959,29.969,29.741,29.83,161594,0
2017-09-21,18:00:00,29.82,30.098,29.711,30.067,153018,0
2017-09-21,19:00:00,30.078,30.128,30.023,30.098,42249,0
2017-09-21,20:00:00,30.088,30.138,30.058,30.098,30180,0
2017-09-21,21:00:00,30.108,30.148,30.048,30.128,27006,0
2017-09-21,22:00:00,30.123,30.158,30.048,30.058,206662,0
2017-09-22,16:00:00,30.009,30.128,29.989,30.128,29182,0
2017-09-22,17:00:00,30.138,30.267,30.118,30.128,44241,0
2017-09-22,18:00:00,30.128,30.188,29.999,30.018,61610,0
2017-09-22,19:00:00,30.018,30.068,30.009,30.024,61919,0
2017-09-22,20:00:00,30.018,30.048,29.969,30.009,97392,0
2017-09-22,21:00:00,30.017,30.078,29.974,30.018,73401,0
2017-09-22,22:00:00,30.018,30.078,29.969,29.979,194063,0
2017-09-25,16:00:00,29.969,30.247,29.88,30.118,39286,0
2017-09-25,17:00:00,30.118,30.138,29.92,29.949,43216,0
2017-09-25,18:00:00,29.91,29.949,29.82,29.86,54840,0
2017-09-25,19:00:00,29.88,29.989,29.83,29.969,41143,0
2017-09-25,20:00:00,29.984,30.067,29.954,30.058,32324,0
2017-09-25,21:00:00,30.053,30.088,30.027,30.039,57219,0
2017-09-25,22:00:00,30.038,30.198,30.028,30.178,451597,0
2017-09-26,16:00:00,30.078,30.257,30.009,30.188,54461,0
2017-09-26,17:00:00,30.198,30.296,30.168,30.218,53611,0
2017-09-26,18:00:00,30.203,30.218,30.088,30.158,107223,0
2017-09-26,19:00:00,30.168,30.296,30.168,30.277,45617,0
2017-09-26,20:00:00,30.277,30.351,30.193,30.262,204005,0
2017-09-26,21:00:00,30.262,30.281,30.028,30.208,235471,0
2017-09-26,22:00:00,30.208,30.316,30.158,30.168,398737,0
2017-09-27,16:00:00,30.296,30.476,30.198,30.376,42570,0
2017-09-27,17:00:00,30.376,30.486,30.218,30.267,73448,0
2017-09-27,18:00:00,30.267,30.356,30.227,30.342,48612,0
2017-09-27,19:00:00,30.336,30.564,30.316,30.554,67460,0
2017-09-27,20:00:00,30.574,30.704,30.574,30.684,50102,0
2017-09-27,21:00:00,30.704,30.724,30.644,30.704,52016,0
2017-09-27,22:00:00,30.714,30.774,30.654,30.674,253333,0
2017-09-28,16:00:00,30.604,30.624,30.386,30.525,33788,0
2017-09-28,17:00:00,30.544,30.674,30.496,30.674,112406,0
2017-09-28,18:00:00,30.684,30.862,30.679,30.788,303599,0
2017-09-28,19:00:00,30.788,31.061,30.644,30.942,539521,0
2017-09-28,20:00:00,30.932,31.09,30.832,30.862,508675,0
2017-09-28,21:00:00,30.857,30.892,30.812,30.872,142527,0
2017-09-28,22:00:00,30.867,30.957,30.862,30.952,292777,0
2017-09-29,16:00:00,31.27,31.498,31.12,31.388,185284,0
2017-09-29,17:00:00,31.398,31.816,31.378,31.787,468494,0
2017-09-29,18:00:00,31.786,31.939,31.656,31.904,347120,0
2017-09-29,19:00:00,31.904,32.059,31.856,31.989,284171,0
2017-09-29,20:00:00,31.984,32.024,31.836,31.836,201475,0
2017-09-29,21:00:00,31.836,31.999,31.826,31.914,140967,0
2017-09-29,22:00:00,31.904,31.919,31.607,31.666,637608,0
2017-10-02,16:00:00,35.191,35.707,34.744,34.982,1416940,0
2017-10-02,17:00:00,34.992,35.509,34.744,34.992,1464998,0
2017-10-02,18:00:00,35.002,35.231,34.923,35.096,792004,0
2017-10-02,19:00:00,35.096,35.211,34.943,35.121,452184,0
2017-10-02,20:00:00,35.141,35.161,35.012,35.141,314719,0
2017-10-02,21:00:00,35.141,35.24,34.714,34.933,721925,0
2017-10-02,22:00:00,34.933,35.111,34.833,35.051,1641272,0
2017-10-03,16:00:00,35.051,35.143,34.684,34.953,258455,0
2017-10-03,17:00:00,34.933,35.379,34.883,35.061,353563,0
2017-10-03,18:00:00,35.062,35.28,34.843,34.933,442262,0
2017-10-03,19:00:00,34.928,35.002,34.744,34.803,269813,0
2017-10-03,20:00:00,34.793,35.002,34.788,34.953,125634,0
2017-10-03,21:00:00,34.953,34.953,34.744,34.818,183702,0
2017-10-03,22:00:00,34.823,34.873,34.774,34.813,848815,0
2017-10-04,16:00:00,35.032,35.567,34.783,34.843,199541,0
2017-10-04,17:00:00,34.833,34.843,34.327,34.555,348650,0
2017-10-04,18:00:00,34.546,34.645,34.377,34.387,194440,0
2017-10-04,19:00:00,34.387,34.416,34.158,34.193,216304,0
2017-10-04,20:00:00,34.188,34.317,34.138,34.247,171538,0
2017-10-04,21:00:00,34.252,34.456,34.247,34.411,406530,0
2017-10-04,22:00:00,34.411,34.595,34.372,34.426,753262,0
2017-10-05,16:00:00,34.496,34.525,34.218,34.327,68085,0
2017-10-05,17:00:00,34.347,34.545,34.138,34.416,127913,0
2017-10-05,18:00:00,34.426,34.585,34.406,34.57,80829,0
2017-10-05,19:00:00,34.565,34.66,34.55,34.635,105281,0
2017-10-05,20:00:00,34.645,34.67,34.565,34.65,86535,0
2017-10-05,21:00:00,34.645,34.685,34.56,34.655,111930,0
2017-10-05,22:00:00,34.655,34.868,34.645,34.803,453546,0
2017-10-06,16:00:00,34.675,34.783,34.525,34.684,40651,0
2017-10-06,17:00:00,34.655,34.863,34.605,34.605,45041,0
2017-10-06,18:00:00,34.605,34.655,34.357,34.486,101289,0
2017-10-06,19:00:00,34.476,34.545,34.387,34.515,65821,0
2017-10-06,20:00:00,34.515,34.724,34.387,34.66,74521,0
2017-10-06,21:00:00,34.66,34.724,34.476,34.509,180895,0
2017-10-06,22:00:00,34.5,34.525,34.406,34.476,366922,0
2017-10-09,17:00:00,34.405,34.476,34.247,34.406,30161,0
2017-10-09,18:00:00,34.416,34.436,34.327,34.426,31106,0
2017-10-09,19:00:00,34.436,34.545,34.367,34.426,92202,0
2017-10-09,20:00:00,34.436,34.476,34.35,34.397,45436,0
2017-10-09,21:00:00,34.401,34.401,34.218,34.218,86187,0
2017-10-09,22:00:00,34.208,34.297,34.138,34.247,368337,0
2017-10-10,16:00:00,34.297,34.496,34.297,34.317,45223,0
2017-10-10,17:00:00,34.308,34.367,34.198,34.238,70266,0
2017-10-10,18:00:00,34.247,34.317,34.204,34.307,67218,0
2017-10-10,19:00:00,34.297,34.357,34.238,34.267,81501,0
2017-10-10,20:00:00,34.267,34.367,34.138,34.282,88088,0
2017-10-10,21:00:00,34.277,34.287,34.158,34.213,91881,0
2017-10-10,22:00:00,34.213,34.397,34.213,34.377,400590,0
2017-10-11,16:00:00,34.416,34.416,34.168,34.257,37667,0
2017-10-11,17:00:00,34.248,34.416,34.228,34.406,86310,0
2017-10-11,18:00:00,34.397,34.406,34.32,34.397,228355,0
2017-10-11,19:00:00,34.397,34.565,34.357,34.404,180697,0
2017-10-11,20:00:00,34.406,34.431,34.193,34.257,75157,0
2017-10-11,21:00:00,34.267,34.337,34.208,34.233,76619,0
2017-10-11,22:00:00,34.228,34.387,34.228,34.377,330067,0
2017-10-12,16:00:00,34.237,34.476,34.227,34.377,63644,0
2017-10-12,17:00:00,34.406,34.596,34.327,34.367,83025,0
2017-10-12,18:00:00,34.377,34.431,34.297,34.307,98887,0
2017-10-12,19:00:00,34.307,34.337,34.147,34.257,81825,0
2017-10-12,20:00:00,34.257,34.257,34.118,34.197,124652,0
2017-10-12,21:00:00,34.197,34.227,34.098,34.108,117800,0
2017-10-12,22:00:00,34.103,34.167,34.018,34.068,378176,0
2017-10-13,16:00:00,34.187,34.237,33.948,34.018,35923,0
2017-10-13,17:00:00,34.038,34.237,34.038,34.137,63557,0
2017-10-13,18:00:00,34.142,34.167,34.063,34.07,55059,0
2017-10-13,19:00:00,34.063,34.083,33.968,33.978,40158,0
2017-10-13,20:00:00,33.978,34.038,33.868,33.928,92704,0
2017-10-13,21:00:00,33.928,33.938,33.858,33.868,100759,0
2017-10-13,22:00:00,33.858,33.928,33.829,33.888,221362,0
2017-10-16,16:00:00,33.978,34.377,33.978,34.357,56355,0
2017-10-16,17:00:00,34.352,34.382,34.108,34.157,55037,0
2017-10-16,18:00:00,34.157,34.217,34.058,34.157,46541,0
2017-10-16,19:00:00,34.157,34.157,34.038,34.068,34501,0
2017-10-16,20:00:00,34.068,34.187,34.048,34.048,56223,0
2017-10-16,21:00:00,34.048,34.122,34.028,34.048,54571,0
2017-10-16,22:00:00,34.038,34.053,33.948,33.978,237822,0
2017-10-17,16:00:00,33.908,33.958,33.599,33.674,64829,0
2017-10-17,17:00:00,33.669,33.794,33.639,33.789,87628,0
2017-10-17,18:00:00,33.799,33.978,33.779,33.938,88190,0
2017-10-17,19:00:00,33.938,33.958,33.903,33.908,96769,0
2017-10-17,20:00:00,33.918,33.918,33.799,33.839,58145,0
2017-10-17,21:00:00,33.819,33.908,33.809,33.839,60166,0
2017-10-17,22:00:00,33.839,33.842,33.749,33.789,231113,0
2017-10-18,16:00:00,33.819,34.028,33.819,33.908,52416,0
2017-10-18,17:00:00,33.868,33.918,33.649,33.704,76055,0
2017-10-18,18:00:00,33.709,33.848,33.679,33.799,64297,0
2017-10-18,19:00:00,33.799,33.898,33.789,33.858,75403,0
2017-10-18,20:00:00,33.858,33.898,33.829,33.848,48883,0
2017-10-18,21:00:00,33.858,33.948,33.799,33.918,245480,0
2017-10-18,22:00:00,33.922,33.938,33.878,33.908,476858,0
2017-10-19,16:00:00,33.669,33.938,33.639,33.799,70999,0
2017-10-19,17:00:00,33.809,33.928,33.689,33.906,99573,0
2017-10-19,18:00:00,33.908,33.958,33.589,33.649,264164,0
2017-10-19,19:00:00,33.644,33.839,33.639,33.789,72024,0
2017-10-19,20:00:00,33.799,33.848,33.719,33.729,71014,0
2017-10-19,21:00:00,33.734,33.873,33.734,33.799,80865,0
2017-10-19,22:00:00,33.804,34.088,33.769,34.078,395784,0
2017-10-20,16:00:00,34.197,34.466,34.157,34.3,69977,0
2017-10-20,17:00:00,34.307,34.536,34.217,34.466,80766,0
2017-10-20,18:00:00,34.476,34.516,34.387,34.426,60590,0
2017-10-20,19:00:00,34.431,34.476,34.377,34.426,49830,0
2017-10-20,20:00:00,34.436,34.476,34.377,34.421,67224,0
2017-10-20,21:00:00,34.416,34.436,34.382,34.426,131717,0
2017-10-20,22:00:00,34.416,34.496,34.397,34.486,265685,0
2017-10-23,16:00:00,34.476,34.476,34.347,34.387,59796,0
2017-10-23,17:00:00,34.387,34.426,34.287,34.416,47743,0
2017-10-23,18:00:00,34.426,34.466,34.367,34.387,38426,0
2017-10-23,19:00:00,34.387,34.436,34.347,34.357,35196,0
2017-10-23,20:00:00,34.357,34.357,34.277,34.307,38791,0
2017-10-23,21:00:00,34.307,34.367,34.277,34.367,60057,0
2017-10-23,22:00:00,34.357,34.377,34.297,34.337,279133,0
2017-10-24,16:00:00,34.476,34.541,34.297,34.337,57864,0
2017-10-24,17:00:00,34.317,34.466,34.267,34.307,163056,0
2017-10-24,18:00:00,34.317,34.377,34.297,34.327,49767,0
2017-10-24,19:00:00,34.327,34.416,34.317,34.337,67897,0
2017-10-24,20:00:00,34.347,34.377,34.287,34.327,94384,0
2017-10-24,21:00:00,34.307,34.327,34.207,34.247,182254,0
2017-10-24,22:00:00,34.247,34.322,34.207,34.247,311788,0
2017-10-25,16:00:00,34.247,34.337,34.118,34.137,26398,0
2017-10-25,17:00:00,34.137,34.167,33.746,33.749,73728,0
2017-10-25,18:00:00,33.749,33.749,33.51,33.629,82525,0
2017-10-25,19:00:00,33.629,33.629,33.081,33.35,224158,0
2017-10-25,20:00:00,33.34,33.759,33.3,33.699,97075,0
2017-10-25,21:00:00,33.699,33.829,33.651,33.709,104526,0
2017-10-25,22:00:00,33.719,33.779,33.51,33.749,739457,0
2017-10-26,16:00:00,31.965,32.623,31.886,32.294,560777,0
2017-10-26,17:00:00,32.304,32.982,32.244,32.304,589891,0
2017-10-26,18:00:00,32.314,32.399,30.979,31.666,936781,0
2017-10-26,19:00:00,31.686,31.975,31.318,31.318,408418,0
2017-10-26,20:00:00,31.308,31.666,30.281,31.442,778853,0
2017-10-26,21:00:00,31.417,31.626,31.198,31.407,639788,0
2017-10-26,22:00:00,31.417,31.597,31.208,31.427,1243505,0
2017-10-27,16:00:00,31.288,31.726,31.258,31.347,142664,0
2017-10-27,17:00:00,31.352,31.407,31.168,31.357,208201,0
2017-10-27,18:00:00,31.357,31.876,31.318,31.876,288684,0
2017-10-27,19:00:00,31.871,31.965,31.696,31.786,219383,0
2017-10-27,20:00:00,31.786,31.786,31.701,31.746,124654,0
2017-10-27,21:00:00,31.746,31.886,31.646,31.881,262055,0
2017-10-27,22:00:00,31.881,31.995,31.856,31.965,648103,0
2017-10-30,15:00:00,31.895,32.135,31.706,31.895,186416,0
2017-10-30,16:00:00,31.886,31.965,31.856,31.905,197228,0
2017-10-30,17:00:00,31.895,31.975,31.447,31.607,272402,0
2017-10-30,18:00:00,31.607,31.676,31.417,31.472,149284,0
2017-10-30,19:00:00,31.472,31.497,31.307,31.367,267046,0
2017-10-30,20:00:00,31.377,31.716,31.308,31.636,209404,0
2017-10-30,21:00:00,31.631,31.726,31.527,31.577,720861,0
2017-10-31,15:00:00,31.985,32.483,31.945,32.085,161212,0
2017-10-31,16:00:00,32.115,32.254,31.945,32.244,189119,0
2017-10-31,17:00:00,32.224,32.523,32.095,32.523,380311,0
2017-10-31,18:00:00,32.523,32.563,32.359,32.414,142071,0
2017-10-31,19:00:00,32.409,32.508,32.384,32.483,128815,0
2017-10-31,20:00:00,32.483,32.483,32.244,32.424,311642,0
2017-10-31,21:00:00,32.424,32.483,32.364,32.404,428155,0
2017-11-01,15:00:00,32.723,32.757,32.424,32.727,56975,0
2017-11-01,16:00:00,32.742,32.742,32.199,32.331,183462,0
2017-11-01,17:00:00,32.334,32.344,32.02,32.11,139183,0
2017-11-01,18:00:00,32.125,32.229,32.095,32.194,81153,0
2017-11-01,19:00:00,32.189,32.274,32.085,32.274,80700,0
2017-11-01,20:00:00,32.284,32.349,32.135,32.184,118744,0
2017-11-01,21:00:00,32.184,32.334,32.174,32.244,618954,0
2017-11-02,15:00:00,32.025,32.224,32.005,32.045,46419,0
2017-11-02,16:00:00,32.045,32.065,31.886,31.965,150959,0
2017-11-02,17:00:00,31.945,32.095,31.935,32.055,105439,0
2017-11-02,18:00:00,32.055,32.184,31.995,32.11,58304,0
2017-11-02,19:00:00,32.105,32.105,31.925,31.93,70059,0
2017-11-02,20:00:00,31.935,31.995,31.886,31.905,86069,0
2017-11-02,21:00:00,31.905,32.095,31.886,31.955,320824,0
2017-11-03,15:00:00,31.895,31.985,31.786,31.975,39960,0
2017-11-03,16:00:00,32.065,32.105,31.876,31.955,48257,0
2017-11-03,17:00:00,31.965,32.055,31.925,32.045,71200,0
2017-11-03,18:00:00,32.035,32.095,32.035,32.045,63250,0
2017-11-03,19:00:00,32.055,32.105,32.045,32.065,50586,0
2017-11-03,20:00:00,32.06,32.075,31.915,32.075,110312,0
2017-11-03,21:00:00,32.066,32.075,31.985,32.015,266036,0
2017-11-06,16:00:00,32.882,32.882,32.125,32.334,128402,0
2017-11-06,17:00:00,32.344,32.513,32.304,32.334,72229,0
2017-11-06,18:00:00,32.334,32.543,32.334,32.493,67852,0
2017-11-06,19:00:00,32.503,32.653,32.404,32.633,90302,0
2017-11-06,20:00:00,32.633,32.633,32.414,32.453,115524,0
2017-11-06,21:00:00,32.473,32.533,32.434,32.444,177183,0
2017-11-06,22:00:00,32.444,32.533,32.334,32.374,703493,0
2017-11-07,16:00:00,32.404,32.483,32.264,32.329,26574,0
2017-11-07,17:00:00,32.324,32.334,32.045,32.065,30791,0
2017-11-07,19:00:00,31.876,31.915,31.786,31.846,54857,0
2017-11-07,20:00:00,31.846,32.085,31.846,32.035,88200,0
2017-11-07,21:00:00,32.03,32.095,31.995,32.035,116130,0
2017-11-07,22:00:00,32.045,32.085,32.005,32.055,304427,0
2017-11-08,16:00:00,32.055,32.055,31.856,31.965,77376,0
2017-11-08,17:00:00,31.985,32.165,31.985,32.165,107639,0
2017-11-08,18:00:00,32.16,32.254,32.145,32.204,75233,0
2017-11-08,19:00:00,32.224,32.414,32.224,32.344,66847,0
2017-11-08,20:00:00,32.344,32.384,32.274,32.274,53746,0
2017-11-08,21:00:00,32.294,32.434,32.264,32.404,111775,0
2017-11-08,22:00:00,32.404,32.453,32.354,32.424,434361,0
2017-11-09,16:00:00,32.065,32.324,32.065,32.314,27428,0
2017-11-09,17:00:00,32.294,32.463,32.155,32.463,50971,0
2017-11-09,18:00:00,32.473,32.503,32.234,32.284,110664,0
2017-11-09,19:00:00,32.284,32.374,32.085,32.264,132754,0
2017-11-09,20:00:00,32.274,32.384,32.184,32.344,67763,0
2017-11-09,21:00:00,32.344,32.364,31.995,32.045,113352,0
2017-11-09,22:00:00,32.015,32.274,32.005,32.194,252319,0
2017-11-10,16:00:00,32.184,32.683,32.184,32.653,71303,0
2017-11-10,17:00:00,32.653,32.713,32.463,32.603,84820,0
2017-11-10,18:00:00,32.586,32.633,32.399,32.434,137999,0
2017-11-10,19:00:00,32.444,32.463,32.254,32.364,71913,0
2017-11-10,20:00:00,32.364,32.414,32.304,32.309,49568,0
2017-11-10,21:00:00,32.324,32.513,32.324,32.503,117212,0
2017-11-10,22:00:00,32.513,32.553,32.463,32.463,409128,0
2017-11-13,16:00:00,32.244,32.538,32.02,32.503,50151,0
2017-11-13,17:00:00,32.513,32.623,32.473,32.558,73033,0
2017-11-13,18:00:00,32.553,32.713,32.483,32.66,91915,0
2017-11-13,19:00:00,32.653,32.732,32.573,32.713,100169,0
2017-11-13,20:00:00,32.703,32.942,32.603,32.892,208341,0
2017-11-13,21:00:00,32.892,32.932,32.842,32.887,276018,0
2017-11-13,22:00:00,32.882,32.902,32.623,32.693,557270,0
2017-11-14,16:00:00,32.693,33.569,32.683,33.45,296811,0
2017-11-14,17:00:00,33.47,33.839,33.211,33.47,342340,0
2017-11-14,18:00:00,33.44,33.44,33.111,33.271,158898,0
2017-11-14,19:00:00,33.271,33.36,33.201,33.251,106399,0
2017-11-14,20:00:00,33.241,33.281,33.002,33.071,84978,0
2017-11-14,21:00:00,33.071,33.181,32.922,33.081,106984,0
2017-11-14,22:00:00,33.081,33.327,32.952,33.031,381687,0
2017-11-15,16:00:00,32.633,32.633,32.194,32.384,112932,0
2017-11-15,17:00:00,32.374,32.812,32.374,32.812,298371,0
2017-11-15,18:00:00,32.802,32.992,32.752,32.837,123954,0
2017-11-15,19:00:00,32.822,32.842,32.683,32.688,198311,0
2017-11-15,20:00:00,32.683,32.852,32.683,32.693,207324,0
2017-11-15,21:00:00,32.693,32.832,32.693,32.782,144140,0
2017-11-15,22:00:00,32.792,32.942,32.668,32.723,607841,0
2017-11-16,16:00:00,32.882,32.942,32.852,32.922,68998,0
2017-11-16,17:00:00,32.922,33.181,32.912,32.982,120429,0
2017-11-16,18:00:00,33.002,33.031,32.817,33.031,209127,0
2017-11-16,19:00:00,33.031,33.201,33.031,33.101,103906,0
2017-11-16,20:00:00,33.091,33.181,33.041,33.111,112329,0
2017-11-16,21:00:00,33.101,33.221,33.071,33.131,244485,0
2017-11-16,22:00:00,33.136,33.36,33.071,33.33,373160,0
2017-11-17,16:00:00,33.121,33.42,32.992,33.32,70236,0
2017-11-17,17:00:00,33.31,33.41,33.181,33.35,88530,0
2017-11-17,18:00:00,33.36,33.47,33.271,33.39,64328,0
2017-11-17,19:00:00,33.39,33.584,33.35,33.584,58673,0
2017-11-17,20:00:00,33.589,33.649,33.5,33.523,60467,0
2017-11-17,21:00:00,33.52,33.609,33.52,33.56,63990,0
2017-11-17,22:00:00,33.555,33.589,33.51,33.51,263766,0
2017-11-20,16:00:00,33.44,33.669,33.44,33.579,31824,0
2017-11-20,17:00:00,33.579,33.599,33.43,33.47,69371,0
2017-11-20,18:00:00,33.48,33.55,33.43,33.44,49038,0
2017-11-20,19:00:00,33.43,33.554,33.43,33.52,50474,0
2017-11-20,20:00:00,33.53,33.609,33.48,33.599,70416,0
2017-11-20,21:00:00,33.599,33.599,33.49,33.52,87052,0
2017-11-20,22:00:00,33.511,33.589,33.495,33.579,244278,0
2017-11-21,16:00:00,33.679,33.868,33.629,33.749,30302,0
2017-11-21,17:00:00,33.729,33.729,33.56,33.649,41514,0
2017-11-21,18:00:00,33.639,33.649,33.579,33.629,37232,0
2017-11-21,19:00:00,33.639,33.659,33.55,33.609,55778,0
2017-11-21,20:00:00,33.619,33.659,33.599,33.639,32326,0
2017-11-21,21:00:00,33.619,33.684,33.589,33.659,80073,0
2017-11-21,22:00:00,33.659,33.689,33.599,33.679,221768,0
2017-11-22,16:00:00,33.769,33.898,33.679,33.679,36550,0
2017-11-22,17:00:00,33.649,33.809,33.629,33.789,21552,0
2017-11-22,18:00:00,33.769,33.978,33.769,33.888,39757,0
2017-11-22,19:00:00,33.878,33.938,33.848,33.908,27258,0
2017-11-22,20:00:00,33.918,33.948,33.839,33.863,46854,0
2017-11-22,21:00:00,33.843,33.968,33.779,33.953,58251,0
2017-11-22,22:00:00,33.958,33.988,33.898,33.918,173096,0
2017-11-24,16:00:00,34.078,34.078,33.903,33.938,17607,0
2017-11-24,17:00:00,33.928,34.028,33.858,33.908,17226,0
2017-11-24,18:00:00,33.928,33.928,33.772,33.799,21720,0
2017-11-24,19:00:00,33.789,33.958,33.789,33.908,114746,0
2017-11-24,20:00:00,33.918,33.918,33.918,33.918,25492,0
2017-11-27,16:00:00,33.809,34.118,33.729,34.118,40868,0
2017-11-27,17:00:00,34.127,34.127,33.995,34.008,32598,0
2017-11-27,18:00:00,34.003,34.008,33.898,33.973,38144,0
2017-11-27,19:00:00,33.968,34.013,33.908,33.998,42216,0
2017-11-27,20:00:00,34.008,34.098,34.003,34.068,39547,0
2017-11-27,21:00:00,34.063,34.108,34.008,34.038,57156,0
2017-11-27,22:00:00,34.038,34.048,33.878,33.888,345307,0
2017-11-28,16:00:00,33.878,34.157,33.878,33.978,44098,0
2017-11-28,17:00:00,33.998,34.197,33.983,34.187,41148,0
2017-11-28,18:00:00,34.197,34.317,34.157,34.297,31030,0
2017-11-28,19:00:00,34.302,34.426,34.287,34.426,37505,0
2017-11-28,20:00:00,34.426,34.506,34.387,34.387,32196,0
2017-11-28,21:00:00,34.387,34.596,34.297,34.556,95542,0
2017-11-28,22:00:00,34.561,34.885,34.546,34.855,386327,0
2017-11-29,16:00:00,34.865,35.224,34.855,35.154,55947,0
2017-11-29,17:00:00,35.184,35.214,35.054,35.154,123777,0
2017-11-29,18:00:00,35.164,35.179,34.952,34.964,84176,0
2017-11-29,19:00:00,34.964,35.044,34.855,35.004,93814,0
2017-11-29,20:00:00,34.994,35.104,34.984,35.014,44386,0
2017-11-29,21:00:00,35.024,35.174,35.018,35.074,83828,0
2017-11-29,22:00:00,35.074,35.204,35.064,35.164,517991,0
2017-11-30,16:00:00,35.313,35.642,35.264,35.383,116550,0
2017-11-30,17:00:00,35.423,35.423,35.273,35.383,137597,0
2017-11-30,18:00:00,35.383,35.622,35.345,35.513,152316,0
2017-11-30,19:00:00,35.522,35.752,35.522,35.717,99754,0
2017-11-30,20:00:00,35.732,35.772,35.602,35.622,143540,0
2017-11-30,21:00:00,35.622,35.722,35.602,35.612,167406,0
2017-11-30,22:00:00,35.602,35.652,35.478,35.522,716942,0
2017-12-01,16:00:00,35.632,35.722,35.353,35.522,109239,0
2017-12-01,17:00:00,35.493,35.692,35.273,35.368,290074,0
2017-12-01,18:00:00,35.368,35.423,34.656,35.214,230569,0
2017-12-01,19:00:00,35.214,35.403,35.114,35.353,105493,0
2017-12-01,20:00:00,35.333,35.413,35.194,35.273,109987,0
2017-12-01,21:00:00,35.273,35.433,35.263,35.413,86087,0
2017-12-01,22:00:00,35.403,35.433,35.263,35.313,460328,0
2017-12-04,16:00:00,35.821,35.931,35.642,35.891,186113,0
2017-12-04,17:00:00,35.876,36.001,35.393,35.602,213297,0
2017-12-04,18:00:00,35.602,35.752,35.313,35.732,161891,0
2017-12-04,19:00:00,35.722,36.071,35.662,35.901,895810,0
2017-12-04,20:00:00,35.926,36.419,35.851,36.34,340964,0
2017-12-04,21:00:00,36.34,36.394,35.891,36.001,247726,0
2017-12-04,22:00:00,35.941,36.105,35.801,35.881,503911,0
2017-12-05,16:00:00,35.871,36.28,35.871,36.031,107354,0
2017-12-05,17:00:00,36.021,36.389,35.921,36.33,170466,0
2017-12-05,18:00:00,36.29,36.394,36.15,36.26,100442,0
2017-12-05,19:00:00,36.26,36.389,36.11,36.24,255597,0
2017-12-05,20:00:00,36.24,36.32,36.14,36.25,87154,0
2017-12-05,21:00:00,36.26,36.359,35.841,35.891,164166,0
2017-12-05,22:00:00,35.891,36.021,35.811,35.941,441812,0
2017-12-06,16:00:00,35.841,35.971,35.622,35.921,33790,0
2017-12-06,17:00:00,35.903,36.031,35.762,35.921,36319,0
2017-12-06,18:00:00,35.941,35.941,35.831,35.911,61615,0
2017-12-06,19:00:00,35.901,35.921,35.752,35.841,39557,0
2017-12-06,20:00:00,35.841,35.891,35.792,35.891,41247,0
2017-12-06,21:00:00,35.881,35.921,35.662,35.662,77632,0
2017-12-06,22:00:00,35.662,35.677,35.314,35.473,384453,0
2017-12-07,16:00:00,35.283,35.782,35.283,35.782,34114,0
2017-12-07,17:00:00,35.772,36.25,35.712,36.22,693769,0
2017-12-07,18:00:00,36.25,36.389,36.051,36.32,120543,0
2017-12-07,19:00:00,36.31,36.33,36.075,36.14,72687,0
2017-12-07,20:00:00,36.15,36.165,35.921,35.991,121635,0
2017-12-07,21:00:00,35.981,35.991,35.792,35.806,193181,0
2017-12-07,22:00:00,35.811,35.961,35.732,35.881,636897,0
2017-12-08,16:00:00,36.17,36.19,35.941,35.961,32270,0
2017-12-08,17:00:00,35.921,36.08,35.792,36.08,51647,0
2017-12-08,18:00:00,36.09,36.16,35.881,35.996,87679,0
2017-12-08,19:00:00,35.986,36.083,35.961,35.991,92656,0
2017-12-08,20:00:00,35.991,36.051,35.971,36.016,98205,0
2017-12-08,21:00:00,36.021,36.026,35.841,35.911,114261,0
2017-12-08,22:00:00,35.911,35.941,35.801,35.821,444571,0
2017-12-11,16:00:00,35.881,35.981,35.752,35.981,42726,0
2017-12-11,17:00:00,35.981,35.991,35.612,35.612,52825,0
2017-12-11,18:00:00,35.602,35.672,35.513,35.612,94297,0
2017-12-11,19:00:00,35.612,35.792,35.592,35.752,100076,0
2017-12-11,20:00:00,35.752,35.886,35.747,35.871,102678,0
2017-12-11,21:00:00,35.871,35.931,35.742,35.811,117928,0
2017-12-11,22:00:00,35.811,35.851,35.652,35.672,1567566,0
2017-12-12,16:00:00,36.878,37.256,36.15,36.628,503899,0
2017-12-12,17:00:00,36.628,36.653,36.11,36.514,1325100,0
2017-12-12,18:00:00,36.529,36.898,36.319,36.808,1695034,0
2017-12-12,19:00:00,36.798,37.216,36.529,37.186,532370,0
2017-12-12,20:00:00,37.186,37.316,36.723,36.768,422932,0
2017-12-12,21:00:00,36.768,37.167,36.768,36.898,322292,0
2017-12-12,22:00:00,36.878,37.047,36.658,36.748,852775,0
2017-12-13,16:00:00,36.907,37.834,36.828,37.525,771397,0
2017-12-13,17:00:00,37.555,37.645,37.167,37.396,378287,0
2017-12-13,18:00:00,37.386,37.984,37.216,37.879,305584,0
2017-12-13,19:00:00,37.864,38.113,37.774,38.033,326710,0
2017-12-13,20:00:00,38.023,38.043,37.725,37.834,190948,0
2017-12-13,21:00:00,37.844,37.904,37.575,37.725,285958,0
2017-12-13,22:00:00,37.725,37.735,37.196,37.226,743437,0
2017-12-14,16:00:00,37.296,37.326,36.888,36.997,108910,0
2017-12-14,17:00:00,36.997,37.072,36.459,36.529,350025,0
2017-12-14,18:00:00,36.527,36.619,36.31,36.601,137412,0
2017-12-14,19:00:00,36.604,36.967,36.549,36.559,129491,0
2017-12-14,20:00:00,36.569,36.619,36.28,36.305,112054,0
2017-12-14,21:00:00,36.29,36.589,36.25,36.369,170029,0
2017-12-14,22:00:00,36.37,36.549,36.315,36.349,412850,0
2017-12-15,16:00:00,36.459,37.137,36.459,37.087,265074,0
2017-12-15,17:00:00,37.167,37.186,36.728,36.768,180316,0
2017-12-15,18:00:00,36.758,37.037,36.678,36.808,170921,0
2017-12-15,19:00:00,36.848,36.878,36.705,36.798,88529,0
2017-12-15,20:00:00,36.788,36.868,36.698,36.813,44716,0
2017-12-15,21:00:00,36.808,36.878,36.718,36.778,97375,0
2017-12-15,22:00:00,36.778,36.823,36.479,36.579,770094,0
2017-12-18,16:00:00,36.997,37.147,36.828,37.117,55082,0
2017-12-18,17:00:00,37.102,37.147,36.928,36.997,144267,0
2017-12-18,18:00:00,37.017,37.017,36.838,36.937,88689,0
2017-12-18,19:00:00,36.947,36.978,36.868,36.907,61435,0
2017-12-18,20:00:00,36.907,36.937,36.868,36.898,55536,0
2017-12-18,21:00:00,36.888,37.107,36.878,37.017,103142,0
2017-12-18,22:00:00,37.017,37.127,36.997,37.057,391366,0
2017-12-19,16:00:00,37.037,37.147,36.748,36.783,95294,0
2017-12-19,17:00:00,36.803,36.818,36.559,36.658,141920,0
2017-12-19,18:00:00,36.658,36.718,36.579,36.678,261556,0
2017-12-19,19:00:00,36.698,36.838,36.589,36.798,148451,0
2017-12-19,20:00:00,36.788,36.868,36.708,36.753,106455,0
2017-12-19,21:00:00,36.753,36.868,36.728,36.795,129718,0
2017-12-19,22:00:00,36.798,36.937,36.748,36.758,404489,0
2017-12-20,16:00:00,37.027,37.027,36.718,36.858,55305,0
2017-12-20,17:00:00,36.907,37.186,36.778,37.037,256672,0
2017-12-20,18:00:00,37.032,37.296,36.977,37.186,181398,0
2017-12-20,19:00:00,37.191,37.226,37.077,37.196,92582,0
2017-12-20,20:00:00,37.196,37.256,37.097,37.117,59256,0
2017-12-20,21:00:00,37.118,37.167,37.037,37.072,103021,0
2017-12-20,22:00:00,37.077,37.177,36.888,36.907,252190,0
2017-12-21,16:00:00,36.997,37.127,36.947,37.007,38335,0
2017-12-21,17:00:00,37.017,37.117,36.907,37.102,42337,0
2017-12-21,18:00:00,37.102,37.316,37.027,37.263,50093,0
2017-12-21,19:00:00,37.256,37.296,37.196,37.266,51504,0
2017-12-21,20:00:00,37.296,37.465,37.296,37.366,53495,0
2017-12-21,21:00:00,37.351,37.475,37.336,37.465,41388,0
2017-12-21,22:00:00,37.465,37.535,37.331,37.336,139419,0
2017-12-22,16:00:00,37.316,37.555,37.246,37.386,40272,0
2017-12-22,17:00:00,37.376,37.376,37.117,37.276,43274,0
2017-12-22,18:00:00,37.286,37.346,37.216,37.296,44470,0
2017-12-22,19:00:00,37.316,37.446,37.316,37.356,48086,0
2017-12-22,20:00:00,37.374,37.406,37.196,37.296,56932,0
2017-12-22,21:00:00,37.296,37.356,37.226,37.306,56473,0
2017-12-22,22:00:00,37.306,37.321,37.107,37.137,184417,0
2017-12-26,16:00:00,37.137,37.705,37.137,37.645,67625,0
2017-12-26,17:00:00,37.625,37.625,37.436,37.495,43906,0
2017-12-26,18:00:00,37.49,37.515,37.396,37.475,51873,0
2017-12-26,19:00:00,37.465,37.475,37.326,37.346,59325,0
2017-12-26,20:00:00,37.356,37.39,37.336,37.366,55715,0
2017-12-26,21:00:00,37.356,37.386,37.316,37.376,96638,0
2017-12-26,22:00:00,37.376,37.406,37.296,37.406,310445,0
2017-12-27,16:00:00,37.475,37.645,37.446,37.485,26836,0
2017-12-27,17:00:00,37.465,37.505,37.311,37.456,40236,0
2017-12-27,18:00:00,37.465,37.695,37.465,37.645,33105,0
2017-12-27,19:00:00,37.665,37.705,37.446,37.53,88688,0
2017-12-27,20:00:00,37.525,37.545,37.42,37.515,53090,0
2017-12-27,21:00:00,37.52,37.54,37.406,37.461,92274,0
2017-12-27,22:00:00,37.461,37.495,37.396,37.416,259158,0
2017-12-28,16:00:00,37.625,37.764,37.555,37.655,44414,0
2017-12-28,17:00:00,37.705,37.754,37.555,37.625,92668,0
2017-12-28,18:00:00,37.655,37.67,37.525,37.595,58635,0
2017-12-28,19:00:00,37.599,37.685,37.495,37.565,76808,0
2017-12-28,20:00:00,37.565,37.635,37.485,37.605,56088,0
2017-12-28,21:00:00,37.625,37.64,37.541,37.635,51703,0
2017-12-28,22:00:00,37.635,37.759,37.625,37.744,196790,0
2017-12-29,16:00:00,37.705,37.854,37.406,37.426,36226,0
2017-12-29,17:00:00,37.485,37.585,37.236,37.456,225557,0
2017-12-29,18:00:00,37.456,37.635,37.416,37.635,115044,0
2017-12-29,19:00:00,37.625,37.635,37.475,37.565,60473,0
2017-12-29,20:00:00,37.575,37.645,37.495,37.515,69108,0
2017-12-29,21:00:00,37.515,37.615,37.51,37.585,110319,0
2017-12-29,22:00:00,37.585,37.675,37.306,37.326,375789,0
2018-01-02,16:00:00,37.436,37.645,37.206,37.416,76656,0
2018-01-02,17:00:00,37.456,37.744,37.436,37.685,74970,0
2018-01-02,18:00:00,37.72,37.725,37.446,37.57,37376,0
2018-01-02,19:00:00,37.575,37.605,37.451,37.505,57256,0
2018-01-02,20:00:00,37.525,37.555,37.356,37.456,66646,0
2018-01-02,21:00:00,37.446,37.485,37.296,37.465,287846,0
2018-01-02,22:00:00,37.465,37.685,37.406,37.605,693594,0
2018-01-03,16:00:00,37.655,37.904,37.655,37.884,60431,0
2018-01-03,17:00:00,37.894,37.944,37.725,37.804,66808,0
2018-01-03,18:00:00,37.794,37.814,37.266,37.333,185490,0
2018-01-03,19:00:00,37.366,37.549,37.356,37.485,79759,0
2018-01-03,20:00:00,37.485,37.525,37.356,37.411,85182,0
2018-01-03,21:00:00,37.406,37.465,37.326,37.346,157469,0
2018-01-03,22:00:00,37.361,37.49,37.356,37.446,431737,0
2018-01-04,16:00:00,37.585,37.705,37.186,37.285,61780,0
2018-01-04,17:00:00,37.281,37.281,36.937,37.037,156343,0
2018-01-04,18:00:00,37.057,37.057,36.868,37.037,74100,0
2018-01-04,19:00:00,37.037,37.216,37.002,37.107,96609,0
2018-01-04,20:00:00,37.117,37.137,37.057,37.097,85997,0
2018-01-04,21:00:00,37.107,37.15,37.062,37.122,139153,0
2018-01-04,22:00:00,37.117,37.117,36.848,36.868,786312,0
2018-01-05,16:00:00,36.469,36.698,36.419,36.469,113116,0
2018-01-05,17:00:00,36.459,36.539,36.33,36.459,90561,0
2018-01-05,18:00:00,36.449,36.469,36.15,36.26,166339,0
2018-01-05,19:00:00,36.27,36.499,36.165,36.235,156508,0
2018-01-05,20:00:00,36.221,36.3,36.071,36.28,161030,0
2018-01-05,21:00:00,36.28,36.28,36.13,36.25,111643,0
2018-01-05,22:00:00,36.27,36.499,36.22,36.459,556899,0
2018-01-08,16:00:00,36.419,36.688,36.23,36.27,60117,0
2018-01-08,17:00:00,36.24,36.379,36.17,36.28,99603,0
2018-01-08,18:00:00,36.29,36.29,36.056,36.25,63361,0
2018-01-08,19:00:00,36.265,36.698,36.25,36.609,81951,0
2018-01-08,20:00:00,36.628,36.658,36.499,36.579,54378,0
2018-01-08,21:00:00,36.579,36.648,36.539,36.648,86766,0
2018-01-08,22:00:00,36.643,36.698,36.509,36.589,304248,0
2018-01-09,16:00:00,36.718,37.017,36.698,36.708,56229,0
2018-01-09,17:00:00,36.728,36.748,36.489,36.549,69495,0
2018-01-09,18:00:00,36.549,36.648,36.529,36.599,46425,0
2018-01-09,19:00:00,36.589,36.718,36.569,36.711,30488,0
2018-01-09,20:00:00,36.718,36.798,36.648,36.728,68121,0
2018-01-09,21:00:00,36.738,36.813,36.668,36.768,71301,0
2018-01-09,22:00:00,36.763,36.788,36.439,36.469,397446,0
2018-01-10,16:00:00,36.539,36.688,36.17,36.529,51614,0
2018-01-10,17:00:00,36.519,36.549,36.33,36.449,50751,0
2018-01-10,18:00:00,36.469,36.539,36.3,36.399,37047,0
2018-01-10,19:00:00,36.399,36.549,36.379,36.549,41481,0
2018-01-10,20:00:00,36.539,36.579,36.499,36.539,32906,0
2018-01-10,21:00:00,36.549,36.569,36.26,36.27,60677,0
2018-01-10,22:00:00,36.25,36.32,36.15,36.21,243384,0
2018-01-11,16:00:00,36.38,36.56,36.3,36.52,105170,0
2018-01-11,17:00:00,36.54,36.66,36.33,36.63,75840,0
2018-01-11,18:00:00,36.6268,36.77,36.59,36.63,96815,0
2018-01-11,19:00:00,36.63,36.8,36.56,36.8,65956,0
2018-01-11,20:00:00,36.79,36.85,36.74,36.78,47213,0
2018-01-11,21:00:00,36.77,36.84,36.7,36.77,89694,0
2018-01-11,22:00:00,36.75,36.86,36.73,36.82,224165,0
2018-01-12,16:00:00,36.96,37.18,36.9,37.08,32344,0
2018-01-12,17:00:00,37.1,37.13,36.94,37.0086,49180,0
2018-01-12,18:00:00,37.03,37.17,36.97,37.16,27241,0
2018-01-12,19:00:00,37.1656,37.22,37.06,37.12,35797,0
2018-01-12,20:00:00,37.11,37.16,37.02,37.1,36505,0
2018-01-12,21:00:00,37.09,37.16,37.03,37.15,51033,0
2018-01-12,22:00:00,37.15,37.23,37.08,37.15,191299,0
2018-01-16,16:00:00,37.37,37.58,37.02,37.2,92310,0
2018-01-16,17:00:00,37.2,37.37,37.1577,37.27,67810,0
2018-01-16,18:00:00,37.26,37.28,36.9901,37.02,69592,0
2018-01-16,19:00:00,37.01,37.107,36.88,36.94,39343,0
2018-01-16,20:00:00,36.94,36.94,36.53,36.61,54721,0
2018-01-16,21:00:00,36.5992,36.5992,35.9523,36.13,183670,0
2018-01-16,22:00:00,36.14,36.28,36.08,36.11,463016,0
2018-01-17,16:00:00,36.23,36.41,36.13,36.305,61388,0
2018-01-17,17:00:00,36.33,36.48,36.2437,36.29,59982,0
2018-01-17,18:00:00,36.29,36.42,36.26,36.29,61127,0
2018-01-17,19:00:00,36.305,36.36,36.25,36.31,41156,0
2018-01-17,20:00:00,36.32,36.34,36.19,36.29,73901,0
2018-01-17,21:00:00,36.29,36.33,36.25,36.255,79258,0
2018-01-17,22:00:00,36.255,36.28,36.03,36.15,507528,0
2018-01-18,16:00:00,35.94,36.15,35.89,36.15,37417,0
2018-01-18,17:00:00,36.15,36.29,36.1,36.16,82212,0
2018-01-18,18:00:00,36.17,36.28,35.98,36.08,58603,0
2018-01-18,19:00:00,36.08,36.1,35.97,36.08,56242,0
2018-01-18,20:00:00,36.08,36.2916,36.06,36.1899,53403,0
2018-01-18,21:00:00,36.18,36.3,36.18,36.25,54405,0
2018-01-18,22:00:00,36.25,36.26,36.05,36.1,162495,0
2018-01-19,16:00:00,36.24,36.41,36.17,36.2,26233,0
2018-01-19,17:00:00,36.15,36.59,36.11,36.55,57365,0
2018-01-19,18:00:00,36.54,36.76,36.5,36.64,66087,0
2018-01-19,19:00:00,36.615,36.7,36.58,36.63,44563,0
2018-01-19,20:00:00,36.6268,36.68,36.59,36.615,54234,0
2018-01-19,21:00:00,36.62,36.75,36.6,36.605,119073,0
2018-01-19,22:00:00,36.61,36.7,36.56,36.66,409421,0
2018-01-22,16:00:00,36.6,36.6,36.15,36.28,84437,0
2018-01-22,17:00:00,36.3,36.4,36.2259,36.26,47146,0
2018-01-22,18:00:00,36.26,36.31,36.17,36.22,92268,0
2018-01-22,19:00:00,36.21,36.43,36.2,36.3,75374,0
2018-01-22,20:00:00,36.3,36.53,36.28,36.49,115001,0
2018-01-22,21:00:00,36.49,36.55,36.33,36.33,47676,0
2018-01-22,22:00:00,36.33,36.54,36.29,36.51,517618,0
2018-01-23,16:00:00,36.53,36.56,36.17,36.26,30954,0
2018-01-23,17:00:00,36.24,36.415,36.06,36.41,55283,0
2018-01-23,18:00:00,36.43,36.43,36.24,36.3,83648,0
2018-01-23,19:00:00,36.3,36.35,36.2,36.32,119185,0
2018-01-23,20:00:00,36.335,36.37,36.15,36.18,84203,0
2018-01-23,21:00:00,36.18,36.18,35.83,35.935,261241,0
2018-01-23,22:00:00,35.935,35.98,35.87,35.92,382666,0
2018-01-24,16:00:00,36.12,36.2,35.86,35.86,47014,0
2018-01-24,17:00:00,35.895,36.1,35.73,36.01,220053,0
2018-01-24,18:00:00,36.01,36.09,35.5,35.5103,137871,0
2018-01-24,19:00:00,35.5455,35.83,35.36,35.5125,129347,0
2018-01-24,20:00:00,35.52,35.75,35.39,35.68,78986,0
2018-01-24,21:00:00,35.6893,35.765,35.54,35.65,94640,0
2018-01-24,22:00:00,35.65,35.66,35.46,35.51,472827,0
2018-01-25,16:00:00,35.76,36.13,35.6407,35.8,100938,0
2018-01-25,17:00:00,35.77,35.9,35.6,35.78,87072,0
2018-01-25,18:00:00,35.75,36.15,35.75,36.14,69282,0
2018-01-25,19:00:00,36.13,36.19,36.09,36.13,123713,0
2018-01-25,20:00:00,36.14,36.15,35.91,36,71354,0
2018-01-25,21:00:00,35.99,36.02,35.65,35.675,74234,0
2018-01-25,22:00:00,35.68,35.91,35.65,35.84,266237,0
2018-01-26,16:00:00,35.91,35.91,35.57,35.79,64853,0
2018-01-26,17:00:00,35.82,36.03,35.69,35.93,115029,0
2018-01-26,18:00:00,35.94,36.16,35.93,36.16,66096,0
2018-01-26,19:00:00,36.13,36.25,36.04,36.23,83339,0
2018-01-26,20:00:00,36.24,36.3,36.155,36.29,95997,0
2018-01-26,21:00:00,36.28,36.4,36.27,36.39,104082,0
2018-01-26,22:00:00,36.38,36.46,36.32,36.42,349947,0
2018-01-29,16:00:00,36.35,36.56,36.13,36.31,83938,0
2018-01-29,17:00:00,36.31,36.31,35.92,36.11,155748,0
2018-01-29,18:00:00,36.1,36.29,36,36.07,113760,0
2018-01-29,19:00:00,36.065,36.13,35.8541,36.05,85189,0
2018-01-29,20:00:00,36.02,36.07,35.95,36.02,78566,0
2018-01-29,21:00:00,36.01,36.1,35.97,35.97,90663,0
2018-01-29,22:00:00,35.98,35.99,35.52,35.53,396519,0
2018-01-30,16:00:00,35.13,35.35,34.65,34.84,76559,0
2018-01-30,17:00:00,34.83,35.07,34.74,34.94,67286,0
2018-01-30,18:00:00,34.94,34.97,34.57,34.58,84408,0
2018-01-30,19:00:00,34.58,34.67,34.54,34.66,95849,0
2018-01-30,20:00:00,34.65,35,34.59,34.97,90168,0
2018-01-30,21:00:00,34.95,35,34.85,34.98,115569,0
2018-01-30,22:00:00,34.97,35.1,34.925,34.96,332500,0
2018-01-31,16:00:00,35.27,35.56,35.15,35.22,30346,0
2018-01-31,17:00:00,35.21,35.27,34.92,35.03,52395,0
2018-01-31,18:00:00,35.05,35.05,34.82,34.83,35097,0
2018-01-31,19:00:00,34.84,34.96,34.76,34.86,38071,0
2018-01-31,20:00:00,34.87,34.93,34.66,34.66,76602,0
2018-01-31,21:00:00,34.64,34.73,34.241,34.37,138832,0
2018-01-31,22:00:00,34.365,34.54,34.29,34.47,499266,0
2018-02-01,16:00:00,34.26,34.49,33.821,34.35,103285,0
2018-02-01,17:00:00,34.39,34.44,34.09,34.28,210384,0
2018-02-01,18:00:00,34.29,34.87,34.26,34.8525,138587,0
2018-02-01,19:00:00,34.8525,34.98,34.58,34.79,142193,0
2018-02-01,20:00:00,34.79,34.86,34.35,34.505,120810,0
2018-02-01,21:00:00,34.49,34.54,34.29,34.44,102337,0
2018-02-01,22:00:00,34.43,34.43,34.21,34.29,948553,0
2018-02-02,16:00:00,33.98,34.1,33.64,33.67,55339,0
2018-02-02,17:00:00,33.65,33.73,33.41,33.62,191526,0
2018-02-02,18:00:00,33.57,33.67,33.39,33.4,96261,0
2018-02-02,19:00:00,33.39,33.6,33.29,33.56,81204,0
2018-02-02,20:00:00,33.56,33.65,33.54,33.58,111484,0
2018-02-02,21:00:00,33.58,33.7,33.58,33.61,155420,0
2018-02-02,22:00:00,33.61,33.79,33.48,33.59,249784,0
2018-02-05,16:00:00,33.21,33.6,33.01,33.44,92293,0
2018-02-05,17:00:00,33.435,33.735,33.3501,33.52,123853,0
2018-02-05,18:00:00,33.525,33.61,33.42,33.53,69600,0
2018-02-05,19:00:00,33.5136,33.515,33.21,33.225,68492,0
2018-02-05,20:00:00,33.2,33.2,32.93,33.15,114905,0
2018-02-05,21:00:00,33.14,33.14,32.68,32.71,225524,0
2018-02-05,22:00:00,32.69,32.9799,32.26,32.26,920683,0
2018-02-06,16:00:00,31.55,32.84,31.25,32.6,106990,0
2018-02-06,17:00:00,32.61,32.94,31.97,32.2,130364,0
2018-02-06,18:00:00,32.18,32.3,32.03,32.18,104425,0
2018-02-06,19:00:00,32.19,32.49,32.17,32.24,58705,0
2018-02-06,20:00:00,32.19,32.27,32.05,32.15,122786,0
2018-02-06,21:00:00,32.15,32.69,32.13,32.68,134210,0
2018-02-06,22:00:00,32.68,33.03,32.56,32.75,474869,0
2018-02-07,16:00:00,32.5,32.73,32.27,32.58,48180,0
2018-02-07,17:00:00,32.58,32.69,32.405,32.65,55393,0
2018-02-07,18:00:00,32.65,32.79,32.51,32.52,107914,0
2018-02-07,19:00:00,32.52,32.62,32.38,32.42,58967,0
2018-02-07,20:00:00,32.45,32.5,32.25,32.34,51617,0
2018-02-07,21:00:00,32.34,32.515,32.18,32.36,165846,0
2018-02-07,22:00:00,32.35,32.68,32.34,32.46,450781,0
2018-02-08,16:00:00,32.42,32.64,32.35,32.51,49834,0
2018-02-08,17:00:00,32.52,32.53,32.16,32.25,62272,0
2018-02-08,18:00:00,32.2599,32.4699,32.13,32.45,129919,0
2018-02-08,19:00:00,32.45,32.47,32.02,32.12,61125,0
2018-02-08,20:00:00,32.14,32.56,32.09,32.56,93796,0
2018-02-08,21:00:00,32.5,32.5,32.11,32.18,104254,0
2018-02-08,22:00:00,32.19,32.37,31.77,31.77,428518,0
2018-02-09,16:00:00,32.02,32.125,31.64,31.86,72992,0
2018-02-09,17:00:00,31.85,31.98,31.355,31.54,83832,0
2018-02-09,18:00:00,31.56,31.67,31.32,31.33,96926,0
2018-02-09,19:00:00,31.34,31.46,31.1,31.46,204717,0
2018-02-09,20:00:00,31.46,31.46,30.96,31.36,117452,0
2018-02-09,21:00:00,31.35,31.93,31.34,31.45,141674,0
2018-02-09,22:00:00,31.43,32.17,31.32,31.9,358202,0
2018-02-12,16:00:00,32.01,32.16,31.86,32,56066,0
2018-02-12,17:00:00,32.01,32.07,31.79,31.81,68291,0
2018-02-12,18:00:00,31.81,32.17,31.705,32.17,74118,0
2018-02-12,19:00:00,32.17,32.3,32.15,32.26,46503,0
2018-02-12,20:00:00,32.26,32.61,32.22,32.59,73600,0
2018-02-12,21:00:00,32.58,32.59,32.4,32.49,160581,0
2018-02-12,22:00:00,32.48,32.58,32.31,32.4,272053,0
2018-02-13,16:00:00,32.26,32.55,32.16,32.1608,26112,0
2018-02-13,17:00:00,32.19,32.79,32.18,32.68,119826,0
2018-02-13,18:00:00,32.66,32.66,32.45,32.6,35981,0
2018-02-13,19:00:00,32.59,32.725,32.51,32.66,73382,0
2018-02-13,20:00:00,32.675,33.03,32.63,32.65,205426,0
2018-02-13,21:00:00,32.645,32.77,32.54,32.76,78944,0
2018-02-13,22:00:00,32.75,32.75,32.61,32.69,246753,0
2018-02-14,16:00:00,32.45,32.83,32.26,32.8,62348,0
2018-02-14,17:00:00,32.87,33.17,32.72,33.02,108453,0
2018-02-14,18:00:00,33.05,33.19,32.91,32.975,70752,0
2018-02-14,19:00:00,32.99,33.16,32.96,33.13,70456,0
2018-02-14,20:00:00,33.11,33.33,33.09,33.29,111380,0
2018-02-14,21:00:00,33.3,33.5,33.24,33.27,221121,0
2018-02-14,22:00:00,33.25,33.54,33.24,33.51,265352,0
2018-02-15,16:00:00,33.82,33.97,33.67,33.78,33663,0
2018-02-15,17:00:00,33.81,33.98,33.62,33.67,96682,0
2018-02-15,18:00:00,33.66,34,33.64,33.91,143624,0
2018-02-15,19:00:00,33.91,33.99,33.82,33.93,62064,0
2018-02-15,20:00:00,33.93,34.22,33.92,33.99,271597,0
2018-02-15,21:00:00,34,34.2924,33.97,34.15,174697,0
2018-02-15,22:00:00,34.17,34.25,33.97,34.06,552998,0
2018-02-16,16:00:00,34.63,35.375,34.5,34.59,573624,0
2018-02-16,17:00:00,34.63,35.07,34.5,34.905,360723,0
2018-02-16,18:00:00,34.89,35.2,34.87,35.01,263550,0
2018-02-16,19:00:00,35.02,35.11,34.9,34.995,111846,0
2018-02-16,20:00:00,35,35.06,34.81,34.91,86162,0
2018-02-16,21:00:00,34.93,35.02,34.7501,34.9,174106,0
2018-02-16,22:00:00,34.92,35.05,34.81,34.84,418004,0
2018-02-20,16:00:00,34.74,35.1,34.26,34.98,66996,0
2018-02-20,17:00:00,34.97,34.97,34.7,34.74,115782,0
2018-02-20,18:00:00,34.755,35.22,34.72,35.12,138549,0
2018-02-20,19:00:00,35.09,35.19,35.04,35.15,98987,0
2018-02-20,20:00:00,35.15,35.18,34.98,35.05,134092,0
2018-02-20,21:00:00,35.04,35.07,34.88,34.91,167790,0
2018-02-20,22:00:00,34.915,34.935,34.64,34.76,380478,0
2018-02-21,16:00:00,34.88,35.32,34.66,35.11,85056,0
2018-02-21,17:00:00,35.135,35.58,35.05,35.49,196277,0
2018-02-21,18:00:00,35.49,35.6,35.24,35.53,167969,0
2018-02-21,19:00:00,35.51,35.69,35.31,35.65,116688,0
2018-02-21,20:00:00,35.68,35.73,35.38,35.55,175513,0
2018-02-21,21:00:00,35.55,35.74,35.54,35.55,277762,0
2018-02-21,22:00:00,35.54,35.61,35.15,35.23,618944,0
2018-02-22,16:00:00,34.1,35.02,33.84,34.0499,334320,0
2018-02-22,17:00:00,34.04,34.49,33.5,34.09,390091,0
2018-02-22,18:00:00,34.12,35.06,34.09,34.83,224159,0
2018-02-22,19:00:00,34.85,35.44,34.76,34.93,324072,0
2018-02-22,20:00:00,34.91,35.25,34.5853,34.78,145597,0
2018-02-22,21:00:00,34.8,34.83,34.5,34.501,152783,0
2018-02-22,22:00:00,34.51,34.6,34.22,34.255,476039,0
2018-02-23,16:00:00,34.15,34.29,33.49,33.86,168875,0
2018-02-23,17:00:00,33.81,33.83,33.2509,33.41,195659,0
2018-02-23,18:00:00,33.4,33.58,33.21,33.3,218779,0
2018-02-23,19:00:00,33.3,33.3,33.06,33.15,163902,0
2018-02-23,20:00:00,33.1499,33.5499,33.14,33.39,140690,0
2018-02-23,21:00:00,33.37,33.38,33.15,33.24,158384,0
2018-02-23,22:00:00,33.26,33.57,33.2,33.57,566685,0
2018-02-26,16:00:00,33.67,33.8,33.4234,33.515,106913,0
2018-02-26,17:00:00,33.5,33.73,33.4,33.545,172387,0
2018-02-26,18:00:00,33.56,33.73,33.545,33.69,138709,0
2018-02-26,19:00:00,33.7,34.06,33.67,34.05,125030,0
2018-02-26,20:00:00,34.05,34.09,33.76,33.765,132831,0
2018-02-26,21:00:00,33.77,33.845,33.52,33.53,234470,0
2018-02-26,22:00:00,33.54,33.62,33.48,33.52,674145,0
2018-02-27,16:00:00,33.4,33.92,33.3401,33.71,63592,0
2018-02-27,17:00:00,33.74,33.88,33.62,33.6485,84520,0
2018-02-27,18:00:00,33.65,33.755,33.47,33.47,68395,0
2018-02-27,19:00:00,33.47,33.67,33.42,33.66,61418,0
2018-02-27,20:00:00,33.67,33.67,33.39,33.4,73872,0
2018-02-27,21:00:00,33.41,33.43,33.23,33.28,127030,0
2018-02-27,22:00:00,33.28,33.3,33.07,33.08,605601,0
2018-02-28,16:00:00,33.16,33.205,32.84,33.04,29051,0
2018-02-28,17:00:00,33.03,33.2,32.93,33,87434,0
2018-02-28,18:00:00,33,33.01,32.62,32.69,140665,0
2018-02-28,19:00:00,32.71,33.07,32.7,33.04,139286,0
2018-02-28,20:00:00,33.04,33.11,32.98,33.07,145527,0
2018-02-28,21:00:00,33.08,33.2,32.89,32.935,170843,0
2018-02-28,22:00:00,32.935,32.98,32.64,32.64,630399,0
2018-03-01,16:00:00,32.77,32.91,32.5274,32.55,53489,0
2018-03-01,17:00:00,32.54,33.13,32.54,32.95,110094,0
2018-03-01,18:00:00,32.97,33.16,32.88,33.1,104847,0
2018-03-01,19:00:00,33.12,33.12,32.92,32.99,100774,0
2018-03-01,20:00:00,32.98,32.98,32.64,32.65,169673,0
2018-03-01,21:00:00,32.65,32.75,32.47,32.705,164974,0
2018-03-01,22:00:00,32.7,33,32.68,32.74,536213,0
2018-03-02,16:00:00,32.36,32.45,32.17,32.23,75656,0
2018-03-02,17:00:00,32.23,32.43,32.16,32.42,117741,0
2018-03-02,18:00:00,32.41,32.78,32.25,32.78,164123,0
2018-03-02,19:00:00,32.76,33.0318,32.74,32.96,117395,0
2018-03-02,20:00:00,32.95,33.25,32.92,33.225,166974,0
2018-03-02,21:00:00,33.23,33.31,33.02,33.14,103935,0
2018-03-02,22:00:00,33.14,33.37,33.08,33.28,334566,0
2018-03-05,16:00:00,33.27,33.76,33.21,33.43,106692,0
2018-03-05,17:00:00,33.44,33.47,33.15,33.28,136314,0
2018-03-05,18:00:00,33.28,33.67,33.27,33.5208,117563,0
2018-03-05,19:00:00,33.525,33.57,33.32,33.45,110760,0
2018-03-05,20:00:00,33.44,33.57,33.41,33.5,96371,0
2018-03-05,21:00:00,33.48,33.51,33.31,33.405,114318,0
2018-03-05,22:00:00,33.41,33.6,33.34,33.54,801667,0
2018-03-06,16:00:00,33.35,33.81,33.35,33.67,92517,0
2018-03-06,17:00:00,33.65,33.71,32.83,33.0801,200058,0
2018-03-06,18:00:00,33.13,33.285,33.01,33.2,202881,0
2018-03-06,19:00:00,33.21,33.365,33.1401,33.36,89403,0
2018-03-06,20:00:00,33.36,33.5,33.21,33.26,77497,0
2018-03-06,21:00:00,33.27,33.29,33.17,33.22,110629,0
2018-03-06,22:00:00,33.22,33.22,33,33.15,520848,0
2018-03-07,16:00:00,32.9,33.11,32.9,32.98,105287,0
2018-03-07,17:00:00,32.98,33.14,32.9,33.05,135160,0
2018-03-07,18:00:00,33.06,33.09,32.81,32.97,190457,0
2018-03-07,19:00:00,32.97,33.07,32.93,33.05,107659,0
2018-03-07,20:00:00,33.02,33.05,32.89,33.02,122074,0
2018-03-07,21:00:00,33.02,33.16,32.94,33.1,136945,0
2018-03-07,22:00:00,33.1,33.265,33.095,33.18,409471,0
2018-03-08,16:00:00,33.25,33.3,33.14,33.2,22163,0
2018-03-08,17:00:00,33.02,33.16,33,33.02,57326,0
2018-03-08,18:00:00,33.01,33.1,32.91,33.02,79986,0
2018-03-08,19:00:00,33.04,33.05,32.94,33.05,84454,0
2018-03-08,20:00:00,33.05,33.09,32.945,33.01,49030,0
2018-03-08,21:00:00,33.005,33.145,32.9,33.12,81252,0
2018-03-08,22:00:00,33.13,33.34,33.13,33.2,446322,0
2018-03-09,16:00:00,33.48,33.71,33.31,33.58,61699,0
2018-03-09,17:00:00,33.54,33.65,33.42,33.5,178782,0
2018-03-09,18:00:00,33.5,33.58,33.47,33.52,172045,0
2018-03-09,19:00:00,33.52,33.55,33.4664,33.49,103594,0
2018-03-09,20:00:00,33.49,33.5695,33.47,33.54,259197,0
2018-03-09,21:00:00,33.55,33.55,33.48,33.51,126619,0
2018-03-09,22:00:00,33.51,33.77,33.455,33.74,832974,0
2018-03-12,15:00:00,33.69,33.9,33.67,33.7,61694,0
2018-03-12,16:00:00,33.71,33.88,33.68,33.74,63722,0
2018-03-12,17:00:00,33.75,33.78,33.59,33.72,72001,0
2018-03-12,18:00:00,33.73,33.77,33.68,33.7,41752,0
2018-03-12,19:00:00,33.69,33.75,33.62,33.725,61114,0
2018-03-12,20:00:00,33.73,33.75,33.51,33.51,64619,0
2018-03-12,21:00:00,33.51,33.6,33.5,33.5,178286,0
2018-03-13,15:00:00,33.76,33.955,33.7,33.74,43791,0
2018-03-13,16:00:00,33.77,33.895,33.58,33.59,44261,0
2018-03-13,17:00:00,33.64,33.64,33.33,33.37,82569,0
2018-03-13,18:00:00,33.375,33.42,33.24,33.375,50100,0
2018-03-13,19:00:00,33.37,33.415,33.27,33.29,50390,0
2018-03-13,20:00:00,33.2809,33.31,33.11,33.15,87854,0
2018-03-13,21:00:00,33.15,33.21,33.07,33.19,661344,0
2018-03-14,15:00:00,33.71,33.71,33.3,33.35,72857,0
2018-03-14,16:00:00,33.33,33.45,33.17,33.2,94816,0
2018-03-14,17:00:00,33.22,33.27,33.04,33.12,78584,0
2018-03-14,18:00:00,33.14,33.21,33.075,33.17,47941,0
2018-03-14,19:00:00,33.17,33.4,33.1,33.35,38459,0
2018-03-14,20:00:00,33.34,33.35,33.12,33.23,62391,0
2018-03-14,21:00:00,33.22,33.23,33.13,33.18,229793,0
2018-03-15,15:00:00,33.2,33.4,33.1,33.18,41101,0
2018-03-15,16:00:00,33.2,33.33,33.02,33.14,43254,0
2018-03-15,17:00:00,33.11,33.16,32.999,33.02,116279,0
2018-03-15,18:00:00,33.02,33.04,32.885,32.9,159520,0
2018-03-15,19:00:00,32.895,32.95,32.865,32.865,133654,0
2018-03-15,20:00:00,32.86,32.86,32.755,32.8,255399,0
2018-03-15,21:00:00,32.81,32.83,32.69,32.72,420315,0
2018-03-16,15:00:00,32.86,32.95,32.72,32.91,257331,0
2018-03-16,16:00:00,32.91,33.13,32.9,33.04,148051,0
2018-03-16,17:00:00,33.02,33.18,32.94,33,111697,0
2018-03-16,18:00:00,33,33.04,32.91,32.99,137641,0
2018-03-16,19:00:00,33,33.09,32.91,33.02,330402,0
2018-03-16,20:00:00,33.02,33.02,32.915,32.945,121122,0
2018-03-16,21:00:00,32.94,33,32.74,32.79,1024820,0
2018-03-19,15:00:00,32.65,32.76,32.55,32.71,54854,0
2018-03-19,16:00:00,32.71,32.71,32.31,32.37,169329,0
2018-03-19,17:00:00,32.37,32.4393,32.36,32.39,172057,0
2018-03-19,18:00:00,32.4,32.5,32.25,32.35,93466,0
2018-03-19,19:00:00,32.345,32.37,32.22,32.34,138188,0
2018-03-19,20:00:00,32.34,32.51,32.34,32.5,163665,0
2018-03-19,21:00:00,32.49,32.82,32.47,32.78,342599,0
2018-03-20,15:00:00,32.89,33.34,32.89,33.23,99138,0
2018-03-20,16:00:00,33.2,33.29,33.15,33.17,60132,0
2018-03-20,17:00:00,33.19,33.25,32.97,33.03,65157,0
2018-03-20,18:00:00,33.025,33.19,32.995,33.07,48692,0
2018-03-20,19:00:00,33.0635,33.09,32.99,32.99,111062,0
2018-03-20,20:00:00,32.98,33.0249,32.83,33.015,253217,0
2018-03-20,21:00:00,33.015,33.05,32.95,33.01,588286,0
2018-03-21,15:00:00,33.04,33.45,33.04,33.25,59743,0
2018-03-21,16:00:00,33.26,33.44,33.21,33.32,80422,0
2018-03-21,17:00:00,33.31,33.5,33.29,33.474,52701,0
2018-03-21,18:00:00,33.45,33.45,33.32,33.34,66210,0
2018-03-21,19:00:00,33.35,33.35,33.13,33.22,60196,0
2018-03-21,20:00:00,33.24,33.37,33.11,33.18,90797,0
2018-03-21,21:00:00,33.18,33.27,32.99,33.01,395939,0
2018-03-22,15:00:00,32.52,32.83,32.3255,32.69,69655,0
2018-03-22,16:00:00,32.67,32.94,32.42,32.465,141767,0
2018-03-22,17:00:00,32.465,32.5,32.22,32.291,181237,0
2018-03-22,18:00:00,32.3,32.57,32.19,32.41,115725,0
2018-03-22,19:00:00,32.4,32.665,32.27,32.65,151303,0
2018-03-22,20:00:00,32.65,32.65,32.37,32.39,113980,0
2018-03-22,21:00:00,32.37,32.475,31.98,32.02,780632,0
2018-03-23,15:00:00,32.1,32.28,31.91,31.91,145575,0
2018-03-23,16:00:00,31.91,32.12,31.85,32.11,130013,0
2018-03-23,17:00:00,32.115,32.25,31.88,31.91,120184,0
2018-03-23,18:00:00,31.91,32.1,31.91,32.03,111187,0
2018-03-23,19:00:00,32.02,32.37,32.02,32.28,88368,0
2018-03-23,20:00:00,32.29,32.35,31.94,31.95,128072,0
2018-03-23,21:00:00,31.96,32.1,31.73,31.73,395422,0
2018-03-26,16:00:00,32.12,32.152,31.93,31.95,69257,0
2018-03-26,17:00:00,31.97,31.97,31.67,31.75,88090,0
2018-03-26,18:00:00,31.7431,31.85,31.605,31.79,135335,0
2018-03-26,19:00:00,31.8,31.85,31.63,31.6601,64109,0
2018-03-26,20:00:00,31.66,31.85,31.66,31.84,65669,0
2018-03-26,21:00:00,31.85,32.08,31.85,31.94,138182,0
2018-03-26,22:00:00,31.945,32.28,31.945,32.28,574499,0
2018-03-27,16:00:00,32.32,32.74,32.2,32.68,65578,0
2018-03-27,17:00:00,32.68,32.76,32.52,32.55,104418,0
2018-03-27,18:00:00,32.55,32.79,32.435,32.71,80508,0
2018-03-27,19:00:00,32.71,32.716,32.5501,32.58,46048,0
2018-03-27,20:00:00,32.61,32.7,32.37,32.46,52599,0
2018-03-27,21:00:00,32.46,32.47,32.27,32.27,75961,0
2018-03-27,22:00:00,32.28,32.2801,31.77,31.99,296709,0
2018-03-28,16:00:00,31.94,32.19,31.77,32.18,67811,0
2018-03-28,17:00:00,32.195,32.29,31.88,31.98,118126,0
2018-03-28,18:00:00,32,32.15,31.94,32.025,144131,0
2018-03-28,19:00:00,32.04,32.24,31.99,32.005,119413,0
2018-03-28,20:00:00,31.99,32.25,31.95,32.18,79092,0
2018-03-28,21:00:00,32.18,32.23,32.04,32.06,99963,0
2018-03-28,22:00:00,32.05,32.33,31.95,32.22,499323,0
2018-03-29,16:00:00,32.46,32.74,32.255,32.54,137413,0
2018-03-29,17:00:00,32.55,32.62,32.29,32.62,172038,0
2018-03-29,18:00:00,32.63,32.75,32.61,32.735,115756,0
2018-03-29,19:00:00,32.75,32.84,32.67,32.755,153109,0
2018-03-29,20:00:00,32.76,32.78,32.56,32.59,185873,0
2018-03-29,21:00:00,32.58,32.62,32.48,32.54,199182,0
2018-03-29,22:00:00,32.54,32.77,32.53,32.63,611597,0
