Date,Time,Open,High,Low,Close,Volume,OpenInt
2017-09-05,16:00:00,67.394,67.512,66.363,66.725,494193,0
2017-09-05,17:00:00,66.74,66.863,66.353,66.499,488634,0
2017-09-05,18:00:00,66.499,66.607,66.235,66.323,432352,0
2017-09-05,19:00:00,66.313,66.411,66.175,66.235,298711,0
2017-09-05,20:00:00,66.215,66.539,66.067,66.539,361402,0
2017-09-05,21:00:00,66.539,66.569,66.225,66.372,371529,0
2017-09-05,22:00:00,66.372,66.795,66.235,66.725,1607241,0
2017-09-06,16:00:00,67.04,67.222,66.529,67.099,307235,0
2017-09-06,17:00:00,67.079,67.571,66.942,67.001,518205,0
2017-09-06,18:00:00,67.006,67.207,67.001,67.139,364028,0
2017-09-06,19:00:00,67.139,67.195,66.961,67.109,240650,0
2017-09-06,20:00:00,67.099,67.139,66.667,66.765,561770,0
2017-09-06,21:00:00,66.765,67.016,66.755,66.815,364903,0
2017-09-06,22:00:00,66.815,67.069,66.795,66.923,1431567,0
2017-09-07,16:00:00,67.139,67.649,66.923,67.06,366134,0
2017-09-07,17:00:00,67.069,67.63,67.001,67.532,367663,0
2017-09-07,18:00:00,67.532,67.659,67.227,67.296,312230,0
2017-09-07,19:00:00,67.315,67.654,67.305,67.619,174792,0
2017-09-07,20:00:00,67.63,67.895,67.6,67.718,319352,0
2017-09-07,21:00:00,67.733,67.895,67.61,67.831,210486,0
2017-09-07,22:00:00,67.817,67.885,67.61,67.659,1394136,0
2017-09-08,16:00:00,67.659,68.268,67.532,68.15,232458,0
2017-09-08,17:00:00,68.16,68.357,67.954,68.16,314325,0
2017-09-08,18:00:00,68.15,68.612,68.072,68.554,367435,0
2017-09-08,19:00:00,68.534,68.672,68.338,68.554,201709,0
2017-09-08,20:00:00,68.554,68.73,68.484,68.73,261086,0
2017-09-08,21:00:00,68.72,69.054,68.464,68.474,617915,0
2017-09-08,22:00:00,68.474,68.544,68.231,68.328,1238923,0
2017-09-11,16:00:00,68.554,68.573,67.826,67.924,346034,0
2017-09-11,17:00:00,67.924,68.003,67.6,67.726,479212,0
2017-09-11,18:00:00,67.728,68.258,67.659,68.18,258931,0
2017-09-11,19:00:00,68.165,68.366,67.974,68.268,251045,0
2017-09-11,20:00:00,68.278,68.597,68.21,68.426,323735,0
2017-09-11,21:00:00,68.436,68.632,68.318,68.544,263766,0
2017-09-11,22:00:00,68.534,68.75,68.456,68.592,977363,0
2017-09-12,16:00:00,68.78,69.32,68.681,69.182,236915,0
2017-09-12,17:00:00,69.192,69.428,68.76,68.799,350394,0
2017-09-12,18:00:00,68.809,69.094,68.602,69.054,273900,0
2017-09-12,19:00:00,69.054,69.177,68.966,69.074,237346,0
2017-09-12,20:00:00,69.074,69.202,69.035,69.064,184644,0
2017-09-12,21:00:00,69.064,69.3,69.035,69.207,212417,0
2017-09-12,22:00:00,69.202,69.246,68.898,68.986,788054,0
2017-09-13,16:00:00,69.32,69.551,69.025,69.31,348798,0
2017-09-13,17:00:00,69.271,69.634,69.074,69.3,648311,0
2017-09-13,18:00:00,69.28,69.781,69.261,69.748,541334,0
2017-09-13,19:00:00,69.781,69.86,69.585,69.713,239590,0
2017-09-13,20:00:00,69.693,69.851,69.585,69.801,294164,0
2017-09-13,21:00:00,69.806,69.865,69.723,69.821,440931,0
2017-09-13,22:00:00,69.826,69.929,69.733,69.762,1235133,0
2017-09-14,16:00:00,69.663,69.82,69.162,69.261,289958,0
2017-09-14,17:00:00,69.261,69.678,68.946,68.966,640172,0
2017-09-14,18:00:00,68.986,68.986,68.436,68.514,557751,0
2017-09-14,19:00:00,68.514,68.858,68.504,68.808,301652,0
2017-09-14,20:00:00,68.799,68.838,68.7,68.76,268382,0
2017-09-14,21:00:00,68.77,68.828,68.63,68.705,290585,0
2017-09-14,22:00:00,68.71,68.75,68.318,68.72,1642017,0
2017-09-15,16:00:00,68.76,69.625,68.76,69.202,705932,0
2017-09-15,17:00:00,69.202,69.546,69.133,69.231,374076,0
2017-09-15,18:00:00,69.222,69.752,69.212,69.683,461823,0
2017-09-15,19:00:00,69.703,69.992,69.668,69.929,348268,0
2017-09-15,20:00:00,69.929,70.263,69.86,70.175,509460,0
2017-09-15,21:00:00,70.175,70.263,70.047,70.175,429700,0
2017-09-15,22:00:00,70.175,70.195,69.743,69.889,3163362,0
2017-09-18,16:00:00,69.988,70.637,69.899,70.391,273104,0
2017-09-18,17:00:00,70.361,70.735,70.322,70.678,384863,0
2017-09-18,18:00:00,70.676,70.872,70.43,70.725,571208,0
2017-09-18,19:00:00,70.725,70.843,70.627,70.779,219914,0
2017-09-18,20:00:00,70.784,70.902,70.735,70.892,201172,0
2017-09-18,21:00:00,70.897,71.069,70.774,71.049,551303,0
2017-09-18,22:00:00,71.049,71.177,70.902,70.941,1203484,0
2017-09-19,16:00:00,70.941,71.314,70.313,71.255,333501,0
2017-09-19,17:00:00,71.236,71.393,70.863,71.295,378893,0
2017-09-19,18:00:00,71.285,71.59,71.226,71.56,396186,0
2017-09-19,19:00:00,71.55,71.836,71.452,71.816,366209,0
2017-09-19,20:00:00,71.806,71.924,71.373,71.482,461098,0
2017-09-19,21:00:00,71.472,71.59,71.344,71.472,480638,0
2017-09-19,22:00:00,71.482,71.638,71.442,71.442,1004891,0
2017-09-20,16:00:00,71.756,72.1,71.246,71.904,352646,0
2017-09-20,17:00:00,71.884,71.909,71.246,71.59,505826,0
2017-09-20,18:00:00,71.619,71.982,71.57,71.781,379040,0
2017-09-20,19:00:00,71.796,71.845,71.678,71.766,187579,0
2017-09-20,20:00:00,71.766,71.854,71.688,71.766,174621,0
2017-09-20,21:00:00,71.766,71.992,71.737,71.914,358238,0
2017-09-20,22:00:00,71.914,71.992,71.816,71.904,931768,0
2017-09-21,16:00:00,71.816,72.14,71.57,71.982,185399,0
2017-09-21,17:00:00,71.962,72.316,71.874,72.268,395810,0
2017-09-21,18:00:00,72.271,72.356,72.16,72.248,277727,0
2017-09-21,19:00:00,72.258,72.562,72.238,72.405,246089,0
2017-09-21,20:00:00,72.415,72.582,72.4,72.464,191662,0
2017-09-21,21:00:00,72.479,72.562,72.297,72.366,242331,0
2017-09-21,22:00:00,72.366,72.395,72.002,72.08,921760,0
2017-09-22,16:00:00,71.972,72.504,71.874,72.316,198302,0
2017-09-22,17:00:00,72.326,72.857,72.316,72.754,338503,0
2017-09-22,18:00:00,72.754,72.877,72.67,72.699,166331,0
2017-09-22,19:00:00,72.7,72.857,72.533,72.602,380717,0
2017-09-22,20:00:00,72.592,72.739,72.506,72.71,183104,0
2017-09-22,21:00:00,72.7,72.906,72.641,72.857,277024,0
2017-09-22,22:00:00,72.867,73.063,72.844,72.995,1301906,0
2017-09-25,16:00:00,73.329,73.584,73.053,73.575,325518,0
2017-09-25,17:00:00,73.584,73.801,73.417,73.545,412537,0
2017-09-25,18:00:00,73.525,73.711,73.26,73.683,294875,0
2017-09-25,19:00:00,73.693,73.869,73.575,73.766,239631,0
2017-09-25,20:00:00,73.761,73.947,73.751,73.839,230473,0
2017-09-25,21:00:00,73.829,73.883,73.594,73.721,259947,0
2017-09-25,22:00:00,73.702,73.889,73.673,73.811,1154629,0
2017-09-26,16:00:00,73.711,74.036,73.505,73.947,314342,0
2017-09-26,17:00:00,73.947,74.419,73.869,74.341,458302,0
2017-09-26,18:00:00,74.331,74.429,74.027,74.135,340531,0
2017-09-26,19:00:00,74.139,74.311,74.065,74.163,177453,0
2017-09-26,20:00:00,74.163,74.183,73.899,73.977,178354,0
2017-09-26,21:00:00,73.977,73.977,73.751,73.771,231016,0
2017-09-26,22:00:00,73.781,73.879,73.603,73.653,879015,0
2017-09-27,16:00:00,73.584,73.909,73.427,73.731,456195,0
2017-09-27,17:00:00,73.751,74.075,73.113,73.309,783707,0
2017-09-27,18:00:00,73.314,73.565,73.191,73.25,471344,0
2017-09-27,19:00:00,73.262,73.535,73.161,73.495,231588,0
2017-09-27,20:00:00,73.505,74.017,73.505,73.967,303424,0
2017-09-27,21:00:00,73.957,74.213,73.859,74.213,442713,0
2017-09-27,22:00:00,74.193,74.557,74.017,74.154,1397351,0
2017-09-28,16:00:00,74.488,74.93,74.233,74.685,413882,0
2017-09-28,17:00:00,74.694,74.862,74.508,74.635,560487,0
2017-09-28,18:00:00,74.65,75.254,74.547,75.009,531232,0
2017-09-28,19:00:00,74.999,75.156,74.763,75.088,654514,0
2017-09-28,20:00:00,75.088,75.392,75.028,75.225,479045,0
2017-09-28,21:00:00,75.225,75.432,75.196,75.324,501077,0
2017-09-28,22:00:00,75.333,75.578,75.264,75.402,2356041,0
2017-09-29,16:00:00,75.422,76.1,75.284,75.799,421587,0
2017-09-29,17:00:00,75.834,76.218,75.756,76.198,381855,0
2017-09-29,18:00:00,76.198,76.416,75.912,75.96,457887,0
2017-09-29,19:00:00,75.987,76.06,75.686,75.756,475169,0
2017-09-29,20:00:00,75.761,75.761,75.451,75.588,353922,0
2017-09-29,21:00:00,75.583,75.716,75.372,75.618,328127,0
2017-09-29,22:00:00,75.608,75.628,75.412,75.588,1325417,0
2017-10-02,16:00:00,75.392,75.776,75.078,75.51,263553,0
2017-10-02,17:00:00,75.55,76.05,75.53,75.668,401008,0
2017-10-02,18:00:00,75.676,75.696,75.225,75.52,368816,0
2017-10-02,19:00:00,75.5,75.782,75.451,75.766,209211,0
2017-10-02,20:00:00,75.776,75.962,75.706,75.874,180821,0
2017-10-02,21:00:00,75.893,75.992,75.785,75.834,299693,0
2017-10-02,22:00:00,75.834,75.834,75.608,75.706,847608,0
2017-10-03,16:00:00,75.54,76.03,75.423,75.598,322154,0
2017-10-03,17:00:00,75.588,75.849,75.47,75.726,462265,0
2017-10-03,18:00:00,75.726,76.001,75.658,75.834,325534,0
2017-10-03,19:00:00,75.834,76.168,75.785,76.1,272677,0
2017-10-03,20:00:00,76.09,76.286,76.07,76.281,222204,0
2017-10-03,21:00:00,76.279,76.306,76.118,76.119,188283,0
2017-10-03,22:00:00,76.119,76.227,76.05,76.218,972175,0
2017-10-04,16:00:00,76.04,76.394,75.598,75.726,251887,0
2017-10-04,17:00:00,75.696,76.119,75.618,76.11,356956,0
2017-10-04,18:00:00,76.148,76.463,76.07,76.345,246846,0
2017-10-04,19:00:00,76.335,76.394,76.129,76.198,204972,0
2017-10-04,20:00:00,76.208,76.266,76.119,76.222,169399,0
2017-10-04,21:00:00,76.227,76.311,76.168,76.227,175065,0
2017-10-04,22:00:00,76.237,76.36,76.218,76.335,604655,0
2017-10-05,16:00:00,76.542,77.269,76.542,77.003,274875,0
2017-10-05,17:00:00,77.003,77.101,76.591,76.866,505802,0
2017-10-05,18:00:00,76.875,77.072,76.767,77.023,264683,0
2017-10-05,19:00:00,77.023,77.023,76.699,76.748,235145,0
2017-10-05,20:00:00,76.748,76.802,75.156,76.188,1041658,0
2017-10-05,21:00:00,76.188,76.208,75.55,75.956,668726,0
2017-10-05,22:00:00,75.962,76.042,75.794,75.922,1206509,0
2017-10-06,16:00:00,75.038,75.56,74.94,75.432,655609,0
2017-10-06,17:00:00,75.426,75.618,75.097,75.455,507841,0
2017-10-06,18:00:00,75.455,75.638,75.284,75.432,437995,0
2017-10-06,19:00:00,75.432,75.619,75.372,75.578,400833,0
2017-10-06,20:00:00,75.584,75.766,75.53,75.726,261947,0
2017-10-06,21:00:00,75.736,75.736,75.55,75.663,293014,0
2017-10-06,22:00:00,75.673,75.884,75.613,75.884,1633952,0
2017-10-09,17:00:00,75.794,75.804,75.52,75.54,141434,0
2017-10-09,18:00:00,75.54,75.727,75.51,75.608,271918,0
2017-10-09,19:00:00,75.618,75.628,75.5,75.55,216039,0
2017-10-09,20:00:00,75.55,75.776,75.55,75.776,222192,0
2017-10-09,21:00:00,75.779,75.874,75.681,75.706,291602,0
2017-10-09,22:00:00,75.706,75.785,75.588,75.785,896479,0
2017-10-10,16:00:00,76.198,76.239,75.893,76.168,245226,0
2017-10-10,17:00:00,76.168,76.256,75.658,75.834,360811,0
2017-10-10,18:00:00,75.824,75.962,75.814,75.912,206142,0
2017-10-10,19:00:00,75.912,75.942,75.706,75.874,200394,0
2017-10-10,20:00:00,75.88,75.932,75.844,75.874,192495,0
2017-10-10,21:00:00,75.884,75.952,75.834,75.912,273800,0
2017-10-10,22:00:00,75.909,76.03,75.781,76.021,793388,0
2017-10-11,16:00:00,76.178,76.237,75.756,75.893,158438,0
2017-10-11,17:00:00,75.879,76.286,75.747,76.247,169678,0
2017-10-11,18:00:00,76.237,76.502,76.129,76.296,266271,0
2017-10-11,19:00:00,76.296,76.468,76.168,76.326,137289,0
2017-10-11,20:00:00,76.33,76.384,76.148,76.158,108660,0
2017-10-11,21:00:00,76.178,76.306,76.158,76.286,113206,0
2017-10-11,22:00:00,76.286,76.561,76.276,76.561,918418,0
2017-10-12,16:00:00,76.05,76.384,76.05,76.198,156330,0
2017-10-12,17:00:00,76.188,76.689,76.188,76.64,227521,0
2017-10-12,18:00:00,76.65,76.689,75.756,76.208,558487,0
2017-10-12,19:00:00,76.218,76.276,76.132,76.227,126047,0
2017-10-12,20:00:00,76.227,76.404,76.198,76.326,134759,0
2017-10-12,21:00:00,76.316,76.492,76.316,76.473,225871,0
2017-10-12,22:00:00,76.473,76.561,76.394,76.551,668227,0
2017-10-13,16:00:00,76.787,76.837,76.316,76.591,148158,0
2017-10-13,17:00:00,76.615,76.837,76.571,76.787,223484,0
2017-10-13,18:00:00,76.787,76.905,76.709,76.763,203197,0
2017-10-13,19:00:00,76.755,76.945,76.728,76.856,140979,0
2017-10-13,20:00:00,76.856,76.91,76.719,76.827,158529,0
2017-10-13,21:00:00,76.833,76.89,76.719,76.763,143825,0
2017-10-13,22:00:00,76.763,76.787,76.551,76.719,879066,0
2017-10-16,16:00:00,76.296,76.443,76.119,76.424,229610,0
2017-10-16,17:00:00,76.434,76.473,75.982,76.021,351975,0
2017-10-16,18:00:00,76.021,76.247,75.962,76.019,238800,0
2017-10-16,19:00:00,76.021,76.12,75.942,75.982,150568,0
2017-10-16,20:00:00,75.972,76.08,75.884,75.972,135060,0
2017-10-16,21:00:00,75.992,76.119,75.903,76.09,202219,0
2017-10-16,22:00:00,76.096,76.148,75.972,76.07,741955,0
2017-10-17,16:00:00,76.237,76.502,75.952,76.281,293364,0
2017-10-17,17:00:00,76.237,76.414,75.922,76.119,276363,0
2017-10-17,18:00:00,76.129,76.345,76.129,76.257,172022,0
2017-10-17,19:00:00,76.266,76.316,76.168,76.222,143501,0
2017-10-17,20:00:00,76.222,76.247,75.972,75.982,130327,0
2017-10-17,21:00:00,75.992,76.139,75.952,76.07,193325,0
2017-10-17,22:00:00,76.08,76.294,76.06,76.266,742943,0
2017-10-18,16:00:00,76.247,76.561,76.198,76.456,149093,0
2017-10-18,17:00:00,76.463,76.492,75.638,76.07,367187,0
2017-10-18,18:00:00,76.09,76.208,75.932,76.198,204652,0
2017-10-18,19:00:00,76.198,76.198,76.06,76.119,139192,0
2017-10-18,20:00:00,76.114,76.335,76.105,76.326,196894,0
2017-10-18,21:00:00,76.326,76.517,76.168,76.234,316577,0
2017-10-18,22:00:00,76.237,76.326,76.188,76.266,721709,0
2017-10-19,16:00:00,75.864,76.188,75.295,75.982,206533,0
2017-10-19,17:00:00,75.992,76.532,75.834,76.522,336950,0
2017-10-19,18:00:00,76.517,76.532,76.276,76.326,172826,0
2017-10-19,19:00:00,76.335,76.394,76.001,76.286,286056,0
2017-10-19,20:00:00,76.286,76.434,76.247,76.326,102267,0
2017-10-19,21:00:00,76.335,76.355,76.257,76.286,169366,0
2017-10-19,22:00:00,76.296,76.326,76.208,76.276,717537,0
2017-10-20,16:00:00,77.072,77.072,76.148,76.218,273784,0
2017-10-20,17:00:00,76.218,76.367,76.129,76.218,371015,0
2017-10-20,18:00:00,76.218,76.345,76.04,76.276,378905,0
2017-10-20,19:00:00,76.274,76.394,76.218,76.227,160781,0
2017-10-20,20:00:00,76.237,76.384,76.218,76.218,226342,0
2017-10-20,21:00:00,76.227,76.502,76.218,76.316,469715,0
2017-10-20,22:00:00,76.326,76.335,76.06,76.188,1711627,0
2017-10-23,16:00:00,76.492,76.492,76.05,76.139,130565,0
2017-10-23,17:00:00,76.139,76.266,76.08,76.208,244576,0
2017-10-23,18:00:00,76.208,76.384,76.139,76.286,971972,0
2017-10-23,19:00:00,76.276,76.355,76.168,76.266,916818,0
2017-10-23,20:00:00,76.266,76.542,76.241,76.35,463970,0
2017-10-23,21:00:00,76.345,76.365,76.168,76.213,331930,0
2017-10-23,22:00:00,76.218,76.218,76.021,76.05,1325589,0
2017-10-24,16:00:00,76.05,76.738,75.804,76.291,407795,0
2017-10-24,17:00:00,76.296,76.404,76.07,76.134,453247,0
2017-10-24,18:00:00,76.119,76.139,75.912,76.011,281115,0
2017-10-24,19:00:00,76.011,76.335,76.001,76.286,175601,0
2017-10-24,20:00:00,76.276,76.409,76.178,76.335,235922,0
2017-10-24,21:00:00,76.326,76.374,76.266,76.355,282018,0
2017-10-24,22:00:00,76.35,76.365,76.218,76.335,759027,0
2017-10-25,16:00:00,76.345,76.512,76.11,76.335,529735,0
2017-10-25,17:00:00,76.335,76.365,75.912,76.188,700670,0
2017-10-25,18:00:00,76.193,76.286,75.804,75.854,524093,0
2017-10-25,19:00:00,75.844,75.874,75.608,75.776,245102,0
2017-10-25,20:00:00,75.785,76.129,75.687,76.07,391614,0
2017-10-25,21:00:00,76.07,76.247,75.962,76.132,414747,0
2017-10-25,22:00:00,76.139,76.424,75.922,76.326,1460991,0
2017-10-26,16:00:00,76.03,76.306,74.694,75.736,641404,0
2017-10-26,17:00:00,75.776,75.952,74.744,74.789,910138,0
2017-10-26,18:00:00,74.763,74.979,74.515,74.714,635087,0
2017-10-26,19:00:00,74.714,75.058,74.694,74.989,384835,0
2017-10-26,20:00:00,74.97,75.274,74.97,75.244,247048,0
2017-10-26,21:00:00,75.24,75.274,74.94,74.999,341799,0
2017-10-26,22:00:00,75.018,75.127,74.763,74.96,1299022,0
2017-10-27,16:00:00,74.802,75.451,74.626,75.028,346391,0
2017-10-27,17:00:00,75.028,75.432,75.028,75.412,541004,0
2017-10-27,18:00:00,75.412,76.035,75.166,75.824,2081925,0
2017-10-27,19:00:00,75.834,75.942,75.716,75.942,308652,0
2017-10-27,20:00:00,75.942,76.04,75.829,75.932,281598,0
2017-10-27,21:00:00,75.942,76.11,75.824,75.874,300536,0
2017-10-27,22:00:00,75.874,76.463,75.874,76.394,1496677,0
2017-10-30,15:00:00,76.365,76.777,76.365,76.581,216132,0
2017-10-30,16:00:00,76.581,77.023,76.581,76.817,358113,0
2017-10-30,17:00:00,76.807,76.974,76.719,76.925,361712,0
2017-10-30,18:00:00,76.915,76.915,76.522,76.675,425694,0
2017-10-30,19:00:00,76.676,77.126,76.65,77.101,455256,0
2017-10-30,20:00:00,77.092,77.131,76.925,77.023,510577,0
2017-10-30,21:00:00,77.018,77.209,76.94,77.033,1443287,0
2017-10-31,15:00:00,76.935,77.34,76.424,76.63,197387,0
2017-10-31,16:00:00,76.591,77.072,76.551,77.023,370439,0
2017-10-31,17:00:00,77.043,77.563,77.043,77.455,239565,0
2017-10-31,18:00:00,77.465,77.515,77.347,77.397,200662,0
2017-10-31,19:00:00,77.417,77.603,77.377,77.593,208565,0
2017-10-31,20:00:00,77.573,77.628,77.347,77.534,361036,0
2017-10-31,21:00:00,77.53,77.755,77.43,77.515,1185432,0
2017-11-01,15:00:00,77.937,79.136,77.691,78.86,481330,0
2017-11-01,16:00:00,78.86,79.445,78.664,79.322,932805,0
2017-11-01,17:00:00,79.312,79.396,78.988,79.057,304347,0
2017-11-01,18:00:00,79.066,79.224,78.968,79.086,258724,0
2017-11-01,19:00:00,79.086,79.199,78.713,78.802,230064,0
2017-11-01,20:00:00,78.808,79.274,78.792,79.156,318681,0
2017-11-01,21:00:00,79.161,79.518,79.161,79.302,1043803,0
2017-11-02,15:00:00,79.332,80.128,79.332,79.971,300962,0
2017-11-02,16:00:00,79.98,80.049,79.706,79.872,368535,0
2017-11-02,17:00:00,79.872,80.629,79.87,80.609,585318,0
2017-11-02,18:00:00,80.609,80.757,80.275,80.28,469367,0
2017-11-02,19:00:00,80.285,80.285,79.872,80,360788,0
2017-11-02,20:00:00,80.01,80.413,79.754,80.074,625103,0
2017-11-02,21:00:00,80.079,80.27,79.932,80.167,1683217,0
2017-11-03,15:00:00,79.784,80.325,79.578,79.917,242443,0
2017-11-03,16:00:00,79.922,80.187,79.892,79.98,310778,0
2017-11-03,17:00:00,79.98,80.049,79.578,79.617,321073,0
2017-11-03,18:00:00,79.612,79.696,79.372,79.588,353685,0
2017-11-03,19:00:00,79.607,79.656,79.49,79.578,247962,0
2017-11-03,20:00:00,79.568,79.656,79.302,79.349,426665,0
2017-11-03,21:00:00,79.347,79.47,79.219,79.47,1077707,0
2017-11-06,16:00:00,79.49,79.656,78.871,79.495,219493,0
2017-11-06,17:00:00,79.499,79.824,79.382,79.764,423410,0
2017-11-06,18:00:00,79.765,80.344,79.735,80.167,263797,0
2017-11-06,19:00:00,80.167,80.197,80.049,80.177,145974,0
2017-11-06,20:00:00,80.157,80.364,80.128,80.197,255440,0
2017-11-06,21:00:00,80.187,80.226,80.069,80.177,188418,0
2017-11-06,22:00:00,80.197,80.285,79.932,80.03,1015337,0
2017-11-07,16:00:00,80.108,80.452,79.892,80.325,213789,0
2017-11-07,17:00:00,80.354,80.433,79.98,80.099,263336,0
2017-11-07,18:00:00,80.118,80.357,79.951,79.951,498275,0
2017-11-07,19:00:00,79.961,80.226,79.902,80.197,237850,0
2017-11-07,20:00:00,80.197,80.305,80.148,80.226,130597,0
2017-11-07,21:00:00,80.236,80.452,80.226,80.305,186499,0
2017-11-07,22:00:00,80.315,80.443,80.226,80.403,986679,0
2017-11-08,16:00:00,80.187,80.241,79.224,79.607,313808,0
2017-11-08,17:00:00,79.558,80.226,79.538,80.123,330159,0
2017-11-08,18:00:00,80.123,80.226,79.932,80.151,220684,0
2017-11-08,19:00:00,80.153,80.226,79.98,80.02,132718,0
2017-11-08,20:00:00,80.02,80.138,79.824,79.853,215446,0
2017-11-08,21:00:00,79.882,80.226,79.774,80.187,182420,0
2017-11-08,22:00:00,80.177,80.265,79.961,80.246,978945,0
2017-11-09,16:00:00,79.588,79.853,78.634,78.733,398006,0
2017-11-09,17:00:00,78.733,79.086,78.634,79.086,432610,0
2017-11-09,18:00:00,79.076,79.136,78.733,78.831,321046,0
2017-11-09,19:00:00,78.831,79.224,78.674,79.156,351511,0
2017-11-09,20:00:00,79.156,79.391,79.028,79.387,317820,0
2017-11-09,21:00:00,79.382,79.843,79.332,79.745,398748,0
2017-11-09,22:00:00,79.745,79.922,79.735,79.863,787294,0
2017-11-10,16:00:00,79.548,79.824,79.391,79.588,221381,0
2017-11-10,17:00:00,79.686,79.725,79.391,79.518,243991,0
2017-11-10,18:00:00,79.518,79.598,79.302,79.372,230149,0
2017-11-10,19:00:00,79.362,79.548,79.362,79.47,159248,0
2017-11-10,20:00:00,79.47,79.716,79.41,79.696,179297,0
2017-11-10,21:00:00,79.716,79.882,79.646,79.863,220683,0
2017-11-10,22:00:00,79.859,80.03,79.784,79.951,810653,0
2017-11-13,16:00:00,79.824,80.079,79.588,80.01,218048,0
2017-11-13,17:00:00,80,80.098,79.528,79.676,419886,0
2017-11-13,18:00:00,79.656,79.784,79.312,79.656,244259,0
2017-11-13,19:00:00,79.666,79.754,79.518,79.706,153280,0
2017-11-13,20:00:00,79.696,79.73,79.558,79.578,171130,0
2017-11-13,21:00:00,79.588,79.607,79.264,79.377,263868,0
2017-11-13,22:00:00,79.372,79.382,79.199,79.264,861027,0
2017-11-14,16:00:00,79.146,79.754,79.086,79.578,400153,0
2017-11-14,17:00:00,79.558,80.138,79.332,80.089,352131,0
2017-11-14,18:00:00,80.079,80.171,79.754,80.049,251859,0
2017-11-14,19:00:00,80.059,80.079,79.833,80.03,157691,0
2017-11-14,20:00:00,80.01,80.138,79.951,80.098,118518,0
2017-11-14,21:00:00,80.118,80.118,79.764,79.784,314242,0
2017-11-14,22:00:00,79.804,79.961,79.725,79.951,1005617,0
2017-11-15,16:00:00,79.48,79.48,79.038,79.146,376468,0
2017-11-15,17:00:00,79.126,79.686,79.126,79.509,510370,0
2017-11-15,18:00:00,79.518,79.872,79.49,79.745,348478,0
2017-11-15,19:00:00,79.754,80.128,79.646,80.02,207188,0
2017-11-15,20:00:00,80.02,80.216,80.01,80.128,207340,0
2017-11-15,21:00:00,80.128,80.226,80.089,80.138,251475,0
2017-11-15,22:00:00,80.138,80.265,80.02,80.059,871132,0
2017-11-16,16:00:00,79.892,80.295,79.794,80.157,294713,0
2017-11-16,17:00:00,80.157,80.491,80.069,80.452,343339,0
2017-11-16,18:00:00,80.472,80.757,80.334,80.727,412609,0
2017-11-16,19:00:00,80.737,80.787,80.462,80.747,357261,0
2017-11-16,20:00:00,80.747,81.091,80.738,80.835,414920,0
2017-11-16,21:00:00,80.825,81.169,80.767,80.796,321513,0
2017-11-16,22:00:00,80.796,80.815,80.551,80.688,1750251,0
2017-11-17,16:00:00,80.423,80.905,80.325,80.679,252341,0
2017-11-17,17:00:00,80.698,80.923,80.551,80.914,324458,0
2017-11-17,18:00:00,80.914,81.131,80.845,81.036,183937,0
2017-11-17,19:00:00,81.041,81.277,80.973,81.258,231043,0
2017-11-17,20:00:00,81.277,81.342,81.159,81.159,163535,0
2017-11-17,21:00:00,81.164,81.287,81.131,81.152,217015,0
2017-11-17,22:00:00,81.149,81.474,81.111,81.435,993229,0
2017-11-20,16:00:00,81.514,81.514,80.781,80.989,336729,0
2017-11-20,17:00:00,81.004,81.177,80.741,81.043,578815,0
2017-11-20,18:00:00,81.043,81.504,80.994,81.316,431793,0
2017-11-20,19:00:00,81.306,81.415,81.256,81.365,197142,0
2017-11-20,20:00:00,81.365,81.507,81.276,81.405,389382,0
2017-11-20,21:00:00,81.395,81.455,81.177,81.212,246252,0
2017-11-20,22:00:00,81.207,81.385,81.073,81.346,600542,0
2017-11-21,16:00:00,81.494,82.312,81.405,82.247,302409,0
2017-11-21,17:00:00,82.242,82.564,82.089,82.396,412891,0
2017-11-21,18:00:00,82.376,82.545,82.218,82.49,332270,0
2017-11-21,19:00:00,82.495,82.664,82.337,82.589,227433,0
2017-11-21,20:00:00,82.584,83.109,82.55,83.004,312504,0
2017-11-21,21:00:00,83,83.09,82.921,83.085,338647,0
2017-11-21,22:00:00,83.08,83.238,83.01,83.04,1197084,0
2017-11-22,16:00:00,83.149,83.149,81.841,82.257,300370,0
2017-11-22,17:00:00,82.262,82.267,81.772,81.93,337285,0
2017-11-22,18:00:00,81.94,81.94,81.623,81.683,344465,0
2017-11-22,19:00:00,81.692,81.99,81.678,81.92,367465,0
2017-11-22,20:00:00,81.92,81.96,81.801,81.816,210075,0
2017-11-22,21:00:00,81.816,81.97,81.752,81.806,349759,0
2017-11-22,22:00:00,81.806,81.806,81.564,81.603,1014090,0
2017-11-24,16:00:00,81.93,82.099,81.702,81.99,164416,0
2017-11-24,17:00:00,82.01,82.029,81.658,81.712,339372,0
2017-11-24,18:00:00,81.712,81.722,81.316,81.499,394758,0
2017-11-24,19:00:00,81.494,81.574,81.395,81.494,411976,0
2017-11-24,20:00:00,81.494,81.504,81.484,81.504,76393,0
2017-11-27,16:00:00,81.474,81.603,81.078,81.147,252660,0
2017-11-27,17:00:00,81.157,81.207,80.85,81.147,295567,0
2017-11-27,18:00:00,81.147,81.266,80.86,81.048,289967,0
2017-11-27,19:00:00,81.058,81.098,80.999,81.004,253924,0
2017-11-27,20:00:00,81.004,81.108,80.959,81.033,180352,0
2017-11-27,21:00:00,81.038,81.098,80.999,81.071,217776,0
2017-11-27,22:00:00,81.068,81.415,80.949,81.375,1183618,0
2017-11-28,16:00:00,81.583,81.752,81.098,81.623,183769,0
2017-11-28,17:00:00,81.608,81.97,81.534,81.757,221089,0
2017-11-28,18:00:00,81.752,81.772,81.593,81.683,180880,0
2017-11-28,19:00:00,81.683,82,81.643,81.98,130024,0
2017-11-28,20:00:00,81.97,82.168,81.93,81.96,234625,0
2017-11-28,21:00:00,81.96,82.426,81.881,82.396,226350,0
2017-11-28,22:00:00,82.396,82.713,82.386,82.485,1458911,0
2017-11-29,16:00:00,82.436,82.822,82.277,82.733,155302,0
2017-11-29,17:00:00,82.753,82.891,81.752,82.31,402400,0
2017-11-29,18:00:00,82.318,82.446,82.188,82.237,259886,0
2017-11-29,19:00:00,82.237,82.366,81.995,82.337,158644,0
2017-11-29,20:00:00,82.356,82.426,82.049,82.337,186099,0
2017-11-29,21:00:00,82.337,82.515,82.257,82.452,196696,0
2017-11-29,22:00:00,82.465,82.624,82.371,82.584,670593,0
2017-11-30,16:00:00,83.07,83.684,82.802,83.357,259583,0
2017-11-30,17:00:00,83.377,83.427,82.604,83.1,372173,0
2017-11-30,18:00:00,83.09,83.565,83.06,83.387,379179,0
2017-11-30,19:00:00,83.387,84.546,83.367,84.348,531107,0
2017-11-30,20:00:00,84.318,85.042,84.269,84.358,502041,0
2017-11-30,21:00:00,84.368,85.081,84.338,84.962,496939,0
2017-11-30,22:00:00,84.953,85.062,84.67,84.844,2128587,0
2017-12-01,16:00:00,84.596,85.002,83.427,83.605,457595,0
2017-12-01,17:00:00,83.595,83.724,83.149,83.704,529711,0
2017-12-01,18:00:00,83.704,83.773,81.772,82.901,672900,0
2017-12-01,19:00:00,82.901,83.298,82.763,83.139,269662,0
2017-12-01,20:00:00,83.119,83.427,83.109,83.377,229935,0
2017-12-01,21:00:00,83.372,83.565,83.189,83.268,177141,0
2017-12-01,22:00:00,83.288,83.456,83.169,83.407,1105609,0
2017-12-04,16:00:00,83.793,84.328,83.555,83.843,228429,0
2017-12-04,17:00:00,83.853,84.209,83.8,83.863,255961,0
2017-12-04,18:00:00,83.853,84.536,83.833,84.517,315652,0
2017-12-04,19:00:00,84.526,84.655,83.952,83.981,194208,0
2017-12-04,20:00:00,83.972,84.09,83.803,83.872,305581,0
2017-12-04,21:00:00,83.863,83.882,83.169,83.298,384307,0
2017-12-04,22:00:00,83.298,83.486,82.743,82.872,1330897,0
2017-12-05,16:00:00,83.149,84.318,83.149,84.308,344739,0
2017-12-05,17:00:00,84.284,85.111,84.269,85.071,677991,0
2017-12-05,18:00:00,85.071,85.428,85.071,85.171,428243,0
2017-12-05,19:00:00,85.19,85.397,85.091,85.397,332457,0
2017-12-05,20:00:00,85.408,85.636,85.309,85.369,275482,0
2017-12-05,21:00:00,85.349,85.418,84.962,85.042,490677,0
2017-12-05,22:00:00,85.032,85.349,84.923,85.002,1247607,0
2017-12-06,16:00:00,84.705,85.19,84.338,84.526,311120,0
2017-12-06,17:00:00,84.487,84.794,83.798,84.19,391372,0
2017-12-06,18:00:00,84.17,84.358,84.071,84.209,174076,0
2017-12-06,19:00:00,84.209,84.437,84.021,84.358,118818,0
2017-12-06,20:00:00,84.358,84.408,84.229,84.279,128621,0
2017-12-06,21:00:00,84.269,84.338,84.13,84.13,147362,0
2017-12-06,22:00:00,84.13,84.279,84.021,84.199,1370653,0
2017-12-07,16:00:00,84.021,84.655,83.882,84.457,141588,0
2017-12-07,17:00:00,84.482,84.596,84.219,84.408,188161,0
2017-12-07,18:00:00,84.408,84.814,84.318,84.764,122966,0
2017-12-07,19:00:00,84.764,84.903,84.635,84.715,198793,0
2017-12-07,20:00:00,84.695,84.824,84.586,84.754,164130,0
2017-12-07,21:00:00,84.749,84.844,84.526,84.635,169158,0
2017-12-07,22:00:00,84.626,84.863,84.507,84.814,877928,0
2017-12-08,16:00:00,85.488,86.072,85.18,85.963,422056,0
2017-12-08,17:00:00,85.963,86.023,85.498,85.904,329942,0
2017-12-08,18:00:00,85.904,86.598,85.815,86.469,404114,0
2017-12-08,19:00:00,86.439,86.766,86.35,86.716,269031,0
2017-12-08,20:00:00,86.707,86.895,86.638,86.796,295113,0
2017-12-08,21:00:00,86.781,86.905,86.667,86.786,311233,0
2017-12-08,22:00:00,86.776,86.934,86.651,86.806,1020491,0
2017-12-11,16:00:00,86.588,87.182,86.3,86.964,179852,0
2017-12-11,17:00:00,87.004,87.316,86.538,87.093,207588,0
2017-12-11,18:00:00,87.073,87.103,86.548,86.598,246050,0
2017-12-11,19:00:00,86.598,86.766,86.558,86.681,166343,0
2017-12-11,20:00:00,86.682,86.736,86.508,86.535,224884,0
2017-12-11,21:00:00,86.538,86.627,86.439,86.439,211326,0
2017-12-11,22:00:00,86.429,86.528,86.082,86.409,1285707,0
2017-12-12,16:00:00,86.607,86.677,86.062,86.38,242648,0
2017-12-12,17:00:00,86.399,86.9,86.38,86.429,222720,0
2017-12-12,18:00:00,86.439,86.508,86.211,86.211,171450,0
2017-12-12,19:00:00,86.201,86.34,86.053,86.33,242840,0
2017-12-12,20:00:00,86.33,86.38,86.013,86.112,322416,0
2017-12-12,21:00:00,86.092,86.32,86.062,86.221,167330,0
2017-12-12,22:00:00,86.211,86.38,86.132,86.152,812773,0
2017-12-13,16:00:00,85.983,86.424,85.815,86.33,205829,0
2017-12-13,17:00:00,86.32,86.578,85.944,86.389,307529,0
2017-12-13,18:00:00,86.36,87.301,86.35,86.766,442696,0
2017-12-13,19:00:00,86.766,86.934,86.667,86.682,191768,0
2017-12-13,20:00:00,86.671,86.954,86.637,86.905,192796,0
2017-12-13,21:00:00,86.895,87.113,86.687,87.043,359204,0
2017-12-13,22:00:00,87.034,87.037,86.558,86.657,1003258,0
2017-12-14,16:00:00,86.756,87.628,86.667,87.499,277943,0
2017-12-14,17:00:00,87.519,87.618,86.934,87.252,394503,0
2017-12-14,18:00:00,87.222,87.42,87.093,87.331,207530,0
2017-12-14,19:00:00,87.331,87.331,86.964,87.043,197036,0
2017-12-14,20:00:00,87.042,87.043,86.726,86.756,195641,0
2017-12-14,21:00:00,86.756,86.994,86.707,86.944,258093,0
2017-12-14,22:00:00,86.934,87.019,86.637,86.687,1442091,0
2017-12-15,16:00:00,86.855,87.242,86.707,87.192,752661,0
2017-12-15,17:00:00,87.192,87.331,86.825,87.083,311778,0
2017-12-15,18:00:00,87.083,87.138,86.835,86.974,394861,0
2017-12-15,19:00:00,86.974,87.083,86.905,86.974,245764,0
2017-12-15,20:00:00,86.964,87.024,86.756,86.944,249074,0
2017-12-15,21:00:00,86.954,87.083,86.895,87.004,386890,0
2017-12-15,22:00:00,87.005,87.598,86.964,87.39,2917262,0
2017-12-18,16:00:00,87.767,88.35,87.767,87.805,231525,0
2017-12-18,17:00:00,87.767,87.935,87.41,87.841,449425,0
2017-12-18,18:00:00,87.846,88.133,87.787,87.955,230727,0
2017-12-18,19:00:00,87.945,88.084,87.648,87.834,175593,0
2017-12-18,20:00:00,87.826,88.104,87.717,87.717,257808,0
2017-12-18,21:00:00,87.757,88.193,87.757,88.124,269673,0
2017-12-18,22:00:00,88.119,88.361,88.084,88.124,1269343,0
2017-12-19,16:00:00,88.133,88.396,87.707,88.034,243903,0
2017-12-19,17:00:00,88.024,88.213,87.361,87.415,400554,0
2017-12-19,18:00:00,87.41,87.598,87.212,87.47,303841,0
2017-12-19,19:00:00,87.489,87.678,87.321,87.47,182359,0
2017-12-19,20:00:00,87.46,87.697,87.357,87.519,177739,0
2017-12-19,21:00:00,87.509,87.648,87.39,87.509,206881,0
2017-12-19,22:00:00,87.489,87.499,87.252,87.271,1002135,0
2017-12-20,16:00:00,87.886,88.54,87.747,88.015,294353,0
2017-12-20,17:00:00,88.015,88.104,87.479,87.587,434710,0
2017-12-20,18:00:00,87.588,88.193,87.559,88.074,232708,0
2017-12-20,19:00:00,88.074,88.213,88.034,88.183,145493,0
2017-12-20,20:00:00,88.189,88.677,88.183,88.677,234442,0
2017-12-20,21:00:00,88.669,88.882,88.644,88.877,313187,0
2017-12-20,22:00:00,88.886,89.66,88.847,89.342,1333623,0
2017-12-21,16:00:00,89.114,89.838,89.025,89.759,256561,0
2017-12-21,17:00:00,89.749,89.754,89.253,89.62,356110,0
2017-12-21,18:00:00,89.6,89.97,89.521,89.798,359504,0
2017-12-21,19:00:00,89.798,89.967,89.66,89.878,245151,0
2017-12-21,20:00:00,89.878,90.175,89.778,90.056,244898,0
2017-12-21,21:00:00,90.056,90.284,90.026,90.205,245286,0
2017-12-21,22:00:00,90.205,90.294,89.828,89.897,794377,0
2017-12-22,16:00:00,90.205,90.67,90.026,90.343,213143,0
2017-12-22,17:00:00,90.294,90.641,89.977,90.087,215789,0
2017-12-22,18:00:00,90.076,90.373,89.977,90.373,170191,0
2017-12-22,19:00:00,90.393,90.641,90.373,90.551,160045,0
2017-12-22,20:00:00,90.571,90.581,90.383,90.472,121680,0
2017-12-22,21:00:00,90.462,90.512,90.353,90.423,136924,0
2017-12-22,22:00:00,90.442,90.452,90.259,90.304,536811,0
2017-12-26,16:00:00,90.423,90.74,90.413,90.551,110178,0
2017-12-26,17:00:00,90.601,90.888,90.552,90.621,114359,0
2017-12-26,18:00:00,90.634,91.166,90.551,91.047,163073,0
2017-12-26,19:00:00,91.037,91.086,90.938,90.997,124499,0
2017-12-26,20:00:00,91.007,91.136,90.987,91.027,119866,0
2017-12-26,21:00:00,91.017,91.086,90.977,91.057,164152,0
2017-12-26,22:00:00,91.072,91.215,90.997,91.027,458868,0
2017-12-27,16:00:00,90.987,91.027,90.74,90.938,153376,0
2017-12-27,17:00:00,91.007,91.344,90.968,91.324,369746,0
2017-12-27,18:00:00,91.334,91.651,91.324,91.423,304009,0
2017-12-27,19:00:00,91.434,91.483,91.24,91.28,86835,0
2017-12-27,20:00:00,91.275,91.483,91.186,91.364,140884,0
2017-12-27,21:00:00,91.376,91.423,91.314,91.344,107375,0
2017-12-27,22:00:00,91.344,91.384,91.166,91.304,919658,0
2017-12-28,16:00:00,91.552,91.74,90.928,91.067,125271,0
2017-12-28,17:00:00,91.096,91.334,90.918,91.176,182863,0
2017-12-28,18:00:00,91.195,91.324,90.958,91.077,288545,0
2017-12-28,19:00:00,91.067,91.146,91.027,91.086,121203,0
2017-12-28,20:00:00,91.096,91.334,91.077,91.245,85374,0
2017-12-28,21:00:00,91.239,91.369,91.225,91.344,140267,0
2017-12-28,22:00:00,91.344,91.592,91.324,91.463,579406,0
2017-12-29,16:00:00,91.849,92.335,91.81,91.83,144009,0
2017-12-29,17:00:00,91.859,91.978,91.612,91.81,142624,0
2017-12-29,18:00:00,91.8,91.899,91.622,91.765,172006,0
2017-12-29,19:00:00,91.75,91.78,91.631,91.771,119583,0
2017-12-29,20:00:00,91.75,91.77,91.503,91.503,151908,0
2017-12-29,21:00:00,91.503,91.542,91.384,91.404,173997,0
2017-12-29,22:00:00,91.404,91.473,91.077,91.077,977756,0
2018-01-02,16:00:00,91.354,91.939,90.878,91.841,210846,0
2018-01-02,17:00:00,91.889,92.097,91.744,91.83,283937,0
2018-01-02,18:00:00,91.836,92.295,91.631,91.978,307053,0
2018-01-02,19:00:00,91.978,92.048,91.79,91.909,214947,0
2018-01-02,20:00:00,91.904,91.968,91.849,91.859,221369,0
2018-01-02,21:00:00,91.869,91.993,91.75,91.954,218086,0
2018-01-02,22:00:00,91.956,92.067,91.859,91.958,1665707,0
2018-01-03,16:00:00,91.74,92.603,91.671,92.345,238760,0
2018-01-03,17:00:00,92.325,92.433,91.909,92.087,324119,0
2018-01-03,18:00:00,92.087,92.305,91.84,91.84,213047,0
2018-01-03,19:00:00,91.84,92.298,91.661,92.216,228389,0
2018-01-03,20:00:00,92.226,92.355,92.107,92.187,262449,0
2018-01-03,21:00:00,92.216,92.583,92.196,92.573,189858,0
2018-01-03,22:00:00,92.563,92.622,92.335,92.444,1060413,0
2018-01-04,16:00:00,92.563,92.642,91.849,92.186,220102,0
2018-01-04,17:00:00,92.186,92.518,92.147,92.305,346566,0
2018-01-04,18:00:00,92.253,92.424,91.8,92.404,350408,0
2018-01-04,19:00:00,92.414,92.583,92.335,92.523,220077,0
2018-01-04,20:00:00,92.503,92.508,92.256,92.414,137507,0
2018-01-04,21:00:00,92.414,92.731,92.404,92.603,234715,0
2018-01-04,22:00:00,92.593,92.771,92.494,92.741,832199,0
2018-01-05,16:00:00,92.751,93.291,92.583,92.999,229757,0
2018-01-05,17:00:00,92.989,93.405,92.791,93.296,518469,0
2018-01-05,18:00:00,93.276,93.276,92.979,93.148,253228,0
2018-01-05,19:00:00,93.138,93.326,93.039,93.162,188236,0
2018-01-05,20:00:00,93.157,93.336,93.113,93.306,185022,0
2018-01-05,21:00:00,93.301,93.445,93.177,93.311,243120,0
2018-01-05,22:00:00,93.306,93.415,93.148,93.177,944181,0
2018-01-08,16:00:00,93.276,93.276,92.553,93.009,214607,0
2018-01-08,17:00:00,93.009,93.118,92.583,92.801,239722,0
2018-01-08,18:00:00,92.771,93.009,92.702,92.801,183176,0
2018-01-08,19:00:00,92.801,92.989,92.781,92.959,136168,0
2018-01-08,20:00:00,92.959,93.445,92.939,93.296,216246,0
2018-01-08,21:00:00,93.286,93.336,93.227,93.276,176065,0
2018-01-08,22:00:00,93.276,93.514,93.237,93.366,845237,0
2018-01-09,16:00:00,93.901,94.099,93.237,93.247,242958,0
2018-01-09,17:00:00,93.277,93.655,93.217,93.643,185318,0
2018-01-09,18:00:00,93.633,94,93.603,93.802,227233,0
2018-01-09,19:00:00,93.821,93.831,93.584,93.722,205326,0
2018-01-09,20:00:00,93.722,93.752,93.603,93.693,206891,0
2018-01-09,21:00:00,93.683,93.683,93.375,93.455,309465,0
2018-01-09,22:00:00,93.455,93.628,93.148,93.247,1587664,0
2018-01-10,16:00:00,92.959,93.643,92.712,93.633,178478,0
2018-01-10,17:00:00,93.613,93.792,93.296,93.415,317906,0
2018-01-10,18:00:00,93.455,93.603,93.366,93.403,212890,0
2018-01-10,19:00:00,93.375,93.504,93.346,93.425,139255,0
2018-01-10,20:00:00,93.435,93.485,93.197,93.455,205157,0
2018-01-10,21:00:00,93.423,93.445,93.237,93.346,228866,0
2018-01-10,22:00:00,93.356,93.445,93.286,93.296,717272,0
2018-01-11,16:00:00,93.732,93.742,92.771,93.108,270335,0
2018-01-11,17:00:00,93.108,93.385,92.761,93.385,325578,0
2018-01-11,18:00:00,93.366,93.395,92.9,92.969,237556,0
2018-01-11,19:00:00,92.949,93.554,92.949,93.475,250615,0
2018-01-11,20:00:00,93.485,93.613,93.445,93.544,151210,0
2018-01-11,21:00:00,93.544,93.653,93.445,93.554,172640,0
2018-01-11,22:00:00,93.552,93.752,93.514,93.693,814542,0
2018-01-12,16:00:00,94.049,94.664,93.851,94.614,152204,0
2018-01-12,17:00:00,94.614,95.05,94.426,95.035,249231,0
2018-01-12,18:00:00,95.04,95.665,95.035,95.665,387802,0
2018-01-12,19:00:00,95.674,95.873,95.511,95.823,250920,0
2018-01-12,20:00:00,95.823,96.061,95.754,95.972,206994,0
2018-01-12,21:00:00,95.982,96.071,95.823,95.962,313181,0
2018-01-12,22:00:00,95.967,96.12,95.764,95.873,945932,0
2018-01-16,16:00:00,95.972,96.38,95.734,96.279,225515,0
2018-01-16,17:00:00,96.259,96.665,96.071,96.084,338718,0
2018-01-16,18:00:00,96.091,96.368,95.952,96.17,261081,0
2018-01-16,19:00:00,96.138,96.16,95.833,96.061,179750,0
2018-01-16,20:00:00,96.041,96.239,95.744,95.823,114223,0
2018-01-16,21:00:00,95.843,95.863,94.793,95.03,274728,0
2018-01-16,22:00:00,95.042,95.496,95.042,95.278,1032606,0
2018-01-17,16:00:00,95.585,96.031,95.417,95.892,213500,0
2018-01-17,17:00:00,95.912,96.249,95.714,96.036,286626,0
2018-01-17,18:00:00,96.051,96.418,95.962,96.391,180664,0
2018-01-17,19:00:00,96.408,96.784,96.363,96.76,195167,0
2018-01-17,20:00:00,96.774,96.873,96.586,96.646,215367,0
2018-01-17,21:00:00,96.631,97.22,96.616,97.042,236273,0
2018-01-17,22:00:00,97.022,97.19,96.596,96.675,995466,0
2018-01-18,16:00:00,96.229,96.348,95.585,95.719,213643,0
2018-01-18,17:00:00,95.734,95.912,95.11,95.179,304493,0
2018-01-18,18:00:00,95.238,96.011,95.219,95.952,214588,0
2018-01-18,19:00:00,95.942,96.041,95.665,95.823,152700,0
2018-01-18,20:00:00,95.823,95.883,95.694,95.843,196730,0
2018-01-18,21:00:00,95.833,95.952,95.684,95.699,173156,0
2018-01-18,22:00:00,95.684,95.724,95.357,95.585,808260,0
2018-01-19,16:00:00,95.892,95.952,95.377,95.636,406582,0
2018-01-19,17:00:00,95.714,96.101,95.486,95.942,237304,0
2018-01-19,18:00:00,95.922,95.992,95.655,95.942,171696,0
2018-01-19,19:00:00,95.952,96.101,95.892,96.101,110653,0
2018-01-19,20:00:00,96.11,96.17,95.952,96.15,143190,0
2018-01-19,21:00:00,96.16,96.408,96.16,96.289,182877,0
2018-01-19,22:00:00,96.279,96.383,96.2,96.378,747457,0
2018-01-22,16:00:00,96.735,97.002,96.546,96.804,167564,0
2018-01-22,17:00:00,96.764,97.726,96.75,97.627,310910,0
2018-01-22,18:00:00,97.627,98.082,97.617,98.03,240846,0
2018-01-22,19:00:00,98.013,98.182,97.904,98.063,160196,0
2018-01-22,20:00:00,98.073,98.193,97.983,98.137,140761,0
2018-01-22,21:00:00,98.152,98.201,97.944,97.944,199833,0
2018-01-22,22:00:00,97.944,98.112,97.785,98.053,825717,0
2018-01-23,16:00:00,98.409,98.409,97.607,97.765,174709,0
2018-01-23,17:00:00,97.726,97.795,97.171,97.716,186157,0
2018-01-23,18:00:00,97.726,97.815,97.488,97.557,148431,0
2018-01-23,19:00:00,97.577,97.736,97.488,97.656,100086,0
2018-01-23,20:00:00,97.666,97.934,97.666,97.874,104152,0
2018-01-23,21:00:00,97.864,97.894,97.597,97.785,156445,0
2018-01-23,22:00:00,97.795,98.003,97.721,97.795,700817,0
2018-01-24,16:00:00,99.024,99.044,97.329,97.646,466434,0
2018-01-24,17:00:00,97.716,98.281,97.666,98.073,313360,0
2018-01-24,18:00:00,98.063,98.112,97.111,97.21,231042,0
2018-01-24,19:00:00,97.181,97.468,96.487,96.665,277702,0
2018-01-24,20:00:00,96.665,97.28,96.101,97.106,244791,0
2018-01-24,21:00:00,97.101,97.23,96.839,96.973,257050,0
2018-01-24,22:00:00,96.963,97.082,96.655,96.774,808401,0
2018-01-25,16:00:00,97.3,97.3,96.444,96.953,176721,0
2018-01-25,17:00:00,96.953,97.062,96.388,96.586,280716,0
2018-01-25,18:00:00,96.586,97.002,96.437,96.888,255549,0
2018-01-25,19:00:00,96.873,96.953,96.418,96.507,194823,0
2018-01-25,20:00:00,96.477,96.611,96.219,96.594,187748,0
2018-01-25,21:00:00,96.594,96.616,96.002,96.229,205743,0
2018-01-25,22:00:00,96.239,96.467,96.17,96.299,695988,0
2018-01-26,16:00:00,96.675,96.943,96.546,96.705,112320,0
2018-01-26,17:00:00,96.695,97.23,96.507,97.012,157535,0
2018-01-26,18:00:00,97.032,97.389,97.012,97.24,216840,0
2018-01-26,19:00:00,97.255,97.637,97.181,97.594,182203,0
2018-01-26,20:00:00,97.607,97.656,97.384,97.468,107158,0
2018-01-26,21:00:00,97.458,97.855,97.458,97.567,233780,0
2018-01-26,22:00:00,97.567,97.795,97.438,97.795,735533,0
2018-01-29,16:00:00,97.736,97.736,96.992,97.012,177154,0
2018-01-29,17:00:00,97.015,97.141,96.408,96.517,301541,0
2018-01-29,18:00:00,96.497,96.517,95.843,95.992,252249,0
2018-01-29,19:00:00,95.992,96.338,95.902,96.279,140308,0
2018-01-29,20:00:00,96.279,96.398,96.17,96.219,174247,0
2018-01-29,21:00:00,96.229,96.343,95.883,96.324,294766,0
2018-01-29,22:00:00,96.309,96.408,95.318,95.516,1039852,0
2018-01-30,16:00:00,94.951,95.149,91.275,94.238,504478,0
2018-01-30,17:00:00,94.218,94.495,93.316,93.98,673302,0
2018-01-30,18:00:00,94.01,94.169,93.712,93.752,364880,0
2018-01-30,19:00:00,93.742,93.99,93.306,93.445,321679,0
2018-01-30,20:00:00,93.445,93.921,93.385,93.832,230856,0
2018-01-30,21:00:00,93.851,93.911,93.316,93.504,405697,0
2018-01-30,22:00:00,93.521,93.707,93.321,93.485,1061941,0
2018-01-31,16:00:00,93.693,94.495,93.603,93.861,213915,0
2018-01-31,17:00:00,93.881,94.495,93.643,94.109,431184,0
2018-01-31,18:00:00,94.129,94.793,94.079,94.584,285814,0
2018-01-31,19:00:00,94.565,94.941,94.337,94.941,356769,0
2018-01-31,20:00:00,94.931,95.1,94.674,95.05,228718,0
2018-01-31,21:00:00,95.05,95.258,94.822,95.139,427349,0
2018-01-31,22:00:00,95.12,95.556,94.902,95.1,2174464,0
2018-02-01,16:00:00,95.546,95.992,93.157,93.197,467137,0
2018-02-01,17:00:00,93.257,93.296,92.226,92.424,1079962,0
2018-02-01,18:00:00,92.474,92.821,91.856,92.586,853007,0
2018-02-01,19:00:00,92.612,93.574,92.433,93.288,342889,0
2018-02-01,20:00:00,93.316,93.544,93.009,93.544,271464,0
2018-02-01,21:00:00,93.534,93.901,93.375,93.896,381334,0
2018-02-01,22:00:00,93.891,93.93,93.247,93.831,970164,0
2018-02-02,16:00:00,93.336,94.981,93.276,93.732,582187,0
2018-02-02,17:00:00,93.722,93.762,93.167,93.45,421642,0
2018-02-02,18:00:00,93.455,93.772,93.128,93.197,406792,0
2018-02-02,19:00:00,93.157,93.514,92.88,92.999,379349,0
2018-02-02,20:00:00,93.009,93.197,92.503,93.138,301724,0
2018-02-02,21:00:00,93.138,93.276,92.186,92.251,389257,0
2018-02-02,22:00:00,92.246,92.533,91.899,92.345,1411605,0
2018-02-05,16:00:00,91.007,91.77,89.6,91.592,420535,0
2018-02-05,17:00:00,91.622,92.786,91.572,92.692,531786,0
2018-02-05,18:00:00,92.721,92.801,91.413,91.513,397550,0
2018-02-05,19:00:00,91.513,91.542,90.779,90.908,421285,0
2018-02-05,20:00:00,90.898,90.898,89.699,90.571,547053,0
2018-02-05,21:00:00,90.621,90.71,88.54,88.55,815818,0
2018-02-05,22:00:00,88.535,89.283,82.148,88.956,2655398,0
2018-02-06,16:00:00,86.776,90.244,85.963,89.878,557916,0
2018-02-06,17:00:00,89.709,90.294,87.896,88.302,754949,0
2018-02-06,18:00:00,88.332,88.837,87.301,88.55,522714,0
2018-02-06,19:00:00,88.55,89.412,88.401,88.659,435017,0
2018-02-06,20:00:00,88.609,88.659,87.41,87.697,517705,0
2018-02-06,21:00:00,87.688,89.015,87.569,88.986,678482,0
2018-02-06,22:00:00,88.956,89.917,88.906,89.64,1460177,0
2018-02-07,16:00:00,89.61,91.433,89.382,91.205,374089,0
2018-02-07,17:00:00,91.205,91.711,90.383,90.898,640143,0
2018-02-07,18:00:00,90.918,91.295,90.026,90.472,339374,0
2018-02-07,19:00:00,90.432,90.611,89.878,89.897,241145,0
2018-02-07,20:00:00,89.937,90.333,89.273,89.769,278843,0
2018-02-07,21:00:00,89.719,90.056,89.154,89.749,365763,0
2018-02-07,22:00:00,89.759,90.135,89.025,89.025,1131816,0
2018-02-08,16:00:00,88.817,89.511,88.49,89.253,210158,0
2018-02-08,17:00:00,89.263,89.342,88.342,88.51,210347,0
2018-02-08,18:00:00,88.53,88.738,87.846,88.153,352285,0
2018-02-08,19:00:00,88.137,88.262,86.865,87.162,316410,0
2018-02-08,20:00:00,87.162,88.213,86.994,87.915,249767,0
2018-02-08,21:00:00,87.866,88.104,87.004,87.162,286298,0
2018-02-08,22:00:00,87.182,87.486,85.973,85.983,1312840,0
2018-02-09,16:00:00,86.835,88.56,86.707,88.094,306217,0
2018-02-09,17:00:00,88.094,88.094,86.072,86.776,508666,0
2018-02-09,18:00:00,86.726,87.043,85.775,85.825,391474,0
2018-02-09,19:00:00,85.783,86.152,84.893,86.013,473655,0
2018-02-09,20:00:00,85.924,85.924,84.487,85.458,326378,0
2018-02-09,21:00:00,85.527,87.361,85.438,86.211,455530,0
2018-02-09,22:00:00,86.191,88.351,85.547,87.42,1542014,0
2018-02-12,16:00:00,88.25,89.69,88.23,88.54,365031,0
2018-02-12,17:00:00,88.56,89.1,88.2,88.89,426503,0
2018-02-12,18:00:00,88.89,88.89,88.13,88.831,240872,0
2018-02-12,19:00:00,88.85,89.28,88.76,88.92,205624,0
2018-02-12,20:00:00,88.93,89.52,88.63,89.52,318774,0
2018-02-12,21:00:00,89.54,89.57,89,89.08,272717,0
2018-02-12,22:00:00,89.1,89.53,88.67,88.84,1491818,0
2018-02-13,16:00:00,88.33,89.35,88.16,89.05,182527,0
2018-02-13,17:00:00,89.2317,89.45,88.86,89.19,204647,0
2018-02-13,18:00:00,89.2,89.47,88.97,89.4501,206442,0
2018-02-13,19:00:00,89.46,89.46,89.13,89.16,151847,0
2018-02-13,20:00:00,89.1552,89.61,89.131,89.4072,140615,0
2018-02-13,21:00:00,89.41,89.77,89.3,89.7,213418,0
2018-02-13,22:00:00,89.719,89.8,89.35,89.51,740611,0
2018-02-14,16:00:00,88.86,90,88.7801,89.81,197614,0
2018-02-14,17:00:00,89.8085,91.51,89.72,91.18,521476,0
2018-02-14,18:00:00,91.205,91.71,91.02,91.45,311842,0
2018-02-14,19:00:00,91.44,91.81,91.28,91.8,237740,0
2018-02-14,20:00:00,91.8,92.75,91.7565,92.67,373561,0
2018-02-14,21:00:00,92.65,93.035,92.44,92.82,420963,0
2018-02-14,22:00:00,92.8597,93.04,92.25,92.63,1916675,0
2018-02-15,16:00:00,93.56,94.22,93.02,93.73,330326,0
2018-02-15,17:00:00,93.74,93.76,91.9,91.9,423224,0
2018-02-15,18:00:00,91.91,92.96,91.581,92.92,309190,0
2018-02-15,19:00:00,92.915,93.03,92.06,92.24,200382,0
2018-02-15,20:00:00,92.26,92.5,92.05,92.28,200428,0
2018-02-15,21:00:00,92.28,92.91,92.22,92.64,210390,0
2018-02-15,22:00:00,92.65,93.01,92.53,93,1387766,0
2018-02-16,16:00:00,93.01,93.62,92.6,92.68,263510,0
2018-02-16,17:00:00,92.69,93.38,92.41,93.14,249423,0
2018-02-16,18:00:00,93.11,94.41,93.11,94.11,268583,0
2018-02-16,19:00:00,94.12,94.22,93.38,93.572,147912,0
2018-02-16,20:00:00,93.57,93.67,93.13,93.32,125333,0
2018-02-16,21:00:00,93.35,93.44,92.93,93.4,166198,0
2018-02-16,22:00:00,93.41,93.89,93.26,93.27,796952,0
2018-02-20,16:00:00,93.11,93.89,92.51,92.71,227871,0
2018-02-20,17:00:00,92.75,93.15,92.4,92.44,221980,0
2018-02-20,18:00:00,92.44,92.6577,92.11,92.31,266388,0
2018-02-20,19:00:00,92.36,92.54,92.21,92.44,132243,0
2018-02-20,20:00:00,92.43,92.53,91.76,92.05,189798,0
2018-02-20,21:00:00,92.07,92.14,91.4,91.44,208302,0
2018-02-20,22:00:00,91.45,91.73,91.05,91.58,1099529,0
2018-02-21,16:00:00,91.5,92.61,91.5,92.2655,130106,0
2018-02-21,17:00:00,92.285,92.75,92.285,92.47,191030,0
2018-02-21,18:00:00,92.5,92.5,91.86,91.86,89187,0
2018-02-21,19:00:00,91.83,92.13,91.81,92.11,117234,0
2018-02-21,20:00:00,92.11,92.14,91.78,91.83,107039,0
2018-02-21,21:00:00,91.81,92.52,91.62,91.87,141554,0
2018-02-21,22:00:00,91.9,91.9,90.81,90.83,732397,0
2018-02-22,16:00:00,90.99,92.37,90.99,92.37,215658,0
2018-02-22,17:00:00,92.41,92.67,91.98,92.27,276427,0
2018-02-22,18:00:00,92.27,93.24,92.27,92.78,309825,0
2018-02-22,19:00:00,92.8,93.07,92.3752,92.55,280573,0
2018-02-22,20:00:00,92.58,92.75,92.26,92.41,171999,0
2018-02-22,21:00:00,92.43,92.87,92.33,92.4802,193492,0
2018-02-22,22:00:00,92.48,92.7199,91.85,92.05,962950,0
2018-02-23,16:00:00,92.68,92.9,92.1866,92.39,137940,0
2018-02-23,17:00:00,92.4348,92.4348,91.66,91.79,211347,0
2018-02-23,18:00:00,91.85,92.4,91.81,92.27,146820,0
2018-02-23,19:00:00,92.3,92.319,91.76,91.76,95244,0
2018-02-23,20:00:00,91.73,92.1,91.72,92.08,145044,0
2018-02-23,21:00:00,92.08,92.51,91.84,92.31,172840,0
2018-02-23,22:00:00,92.31,92.52,92.22,92.46,761958,0
2018-02-26,16:00:00,93.11,93.1999,92.66,93.019,212757,0
2018-02-26,17:00:00,92.93,93.77,92.8198,93.43,240464,0
2018-02-26,18:00:00,93.44,93.65,92.89,93.05,186965,0
2018-02-26,19:00:00,93.08,93.7,93.07,93.64,137671,0
2018-02-26,20:00:00,93.65,93.675,93.375,93.52,186129,0
2018-02-26,21:00:00,93.5,93.565,93.23,93.38,250020,0
2018-02-26,22:00:00,93.39,93.8126,93.28,93.31,976287,0
2018-02-27,16:00:00,93.36,94.37,93.36,94.24,197902,0
2018-02-27,17:00:00,94.25,95.25,93.88,94.03,326266,0
2018-02-27,18:00:00,94.02,94.56,93.84,94.21,206389,0
2018-02-27,19:00:00,94.2048,94.751,93.97,94.74,262638,0
2018-02-27,20:00:00,94.73,94.73,93.69,93.77,375096,0
2018-02-27,21:00:00,93.78,93.835,93.235,93.36,149383,0
2018-02-27,22:00:00,93.35,93.43,92.73,92.77,728403,0
2018-02-28,16:00:00,93,93.28,92.73,93.25,101714,0
2018-02-28,17:00:00,93.2436,93.47,92.31,92.45,179016,0
2018-02-28,18:00:00,92.46,92.68,92.03,92.41,165737,0
2018-02-28,19:00:00,92.4343,92.65,92.1,92.33,104150,0
2018-02-28,20:00:00,92.33,92.35,91.91,92.295,151451,0
2018-02-28,21:00:00,92.3,92.49,91.37,91.5,237592,0
2018-02-28,22:00:00,91.52,91.57,90.4,90.42,1306211,0
2018-03-01,16:00:00,90.53,91.52,90.4701,91.105,111937,0
2018-03-01,17:00:00,91.04,92.36,90.985,91.705,232287,0
2018-03-01,18:00:00,91.67,92.42,91.4,92.24,168021,0
2018-03-01,19:00:00,92.22,92.25,90.95,91.12,279988,0
2018-03-01,20:00:00,91.07,91.07,90.33,90.39,181659,0
2018-03-01,21:00:00,90.3492,90.64,89.79,90.34,299252,0
2018-03-01,22:00:00,90.3,91.19,90.12,90.82,919366,0
2018-03-02,16:00:00,90.06,90.72,89.57,90.39,199728,0
2018-03-02,17:00:00,90.38,90.62,89.86,90.42,363096,0
2018-03-02,18:00:00,90.38,91.33,90.35,91.24,213394,0
2018-03-02,19:00:00,91.17,91.9,91.04,91.82,193934,0
2018-03-02,20:00:00,91.79,91.95,91.32,91.69,274185,0
2018-03-02,21:00:00,91.74,92.37,91.71,92.3,290043,0
2018-03-02,22:00:00,92.29,92.62,91.855,92.2,1271012,0
2018-03-05,16:00:00,91.51,91.63,90.51,90.95,286645,0
2018-03-05,17:00:00,90.98,91.04,90.08,90.84,355897,0
2018-03-05,18:00:00,90.79,91.7,90.4698,91.42,364986,0
2018-03-05,19:00:00,91.4,91.51,91.22,91.45,314046,0
2018-03-05,20:00:00,91.45,91.64,91.27,91.57,260272,0
2018-03-05,21:00:00,91.57,92.18,91.41,92.13,402155,0
2018-03-05,22:00:00,92.125,92.35,91.45,91.56,1427032,0
2018-03-06,16:00:00,91.88,92,91,91.75,218593,0
2018-03-06,17:00:00,91.68,92.605,91.492,92.15,414842,0
2018-03-06,18:00:00,92.18,92.515,91.73,92.35,231476,0
2018-03-06,19:00:00,92.35,92.48,92.06,92.43,190121,0
2018-03-06,20:00:00,92.4734,92.765,92.38,92.525,155798,0
2018-03-06,21:00:00,92.54,92.6299,92.19,92.285,172313,0
2018-03-06,22:00:00,92.28,92.335,91.53,91.72,915634,0
2018-03-07,16:00:00,90.75,92.11,90.695,91.65,169388,0
2018-03-07,17:00:00,91.63,92.85,91.56,92.34,335398,0
2018-03-07,18:00:00,92.35,92.35,91.33,91.5,156574,0
2018-03-07,19:00:00,91.48,91.599,91.17,91.42,176443,0
2018-03-07,20:00:00,91.41,91.63,91.04,91.6199,131623,0
2018-03-07,21:00:00,91.6,91.76,91.51,91.6,113116,0
2018-03-07,22:00:00,91.58,92.14,91.54,92.04,664905,0
2018-03-08,16:00:00,92.1,92.25,91.77,91.82,110052,0
2018-03-08,17:00:00,91.8827,91.89,91.11,91.46,255705,0
2018-03-08,18:00:00,91.43,91.95,91.1,91.68,427475,0
2018-03-08,19:00:00,91.67,92.9498,91.62,92.85,321945,0
2018-03-08,20:00:00,92.84,92.95,92.23,92.33,201786,0
2018-03-08,21:00:00,92.33,93.35,92.28,93.18,356915,0
2018-03-08,22:00:00,93.18,93.46,93.06,93.31,912601,0
2018-03-09,16:00:00,93.93,95.4,93.85,95.14,430309,0
2018-03-09,17:00:00,95.14,95.35,94.67,94.985,458778,0
2018-03-09,18:00:00,94.99,95.18,94.57,94.62,277007,0
2018-03-09,19:00:00,94.65,94.97,94.4,94.49,220414,0
2018-03-09,20:00:00,94.47,94.55,94.11,94.12,157821,0
2018-03-09,21:00:00,94.14,94.32,94.05,94.24,185549,0
2018-03-09,22:00:00,94.24,94.33,94.04,94.32,808580,0
2018-03-12,15:00:00,94.01,94.48,93.7,93.81,175247,0
2018-03-12,16:00:00,93.795,94.225,92.93,92.96,212934,0
2018-03-12,17:00:00,92.98,93.17,92.53,92.9,259086,0
2018-03-12,18:00:00,92.92,93.27,92.84,92.8865,222197,0
2018-03-12,19:00:00,92.871,93.18,92.81,93.02,228190,0
2018-03-12,20:00:00,93.03,93.12,92.63,92.73,244562,0
2018-03-12,21:00:00,92.72,92.97,92.68,92.69,1215650,0
2018-03-13,15:00:00,93.02,94.95,92.8,94.48,549512,0
2018-03-13,16:00:00,94.44,94.83,93.34,93.34,528382,0
2018-03-13,17:00:00,93.38,93.97,93.265,93.95,349135,0
2018-03-13,18:00:00,93.97,94.35,93.61,94.29,269897,0
2018-03-13,19:00:00,94.32,94.5399,93.53,93.555,194333,0
2018-03-13,20:00:00,93.55,93.75,93.42,93.46,215314,0
2018-03-13,21:00:00,93.46,93.62,93.16,93.49,1266561,0
2018-03-14,15:00:00,93.67,93.775,92.81,93.31,235374,0
2018-03-14,16:00:00,93.37,94.1,93.13,93.54,471575,0
2018-03-14,17:00:00,93.55,93.655,92.79,92.83,279808,0
2018-03-14,18:00:00,92.83,93.07,92.62,92.9187,160711,0
2018-03-14,19:00:00,92.92,93.3314,92.73,93.16,179400,0
2018-03-14,20:00:00,93.15,93.24,92.61,92.9187,173505,0
2018-03-14,21:00:00,92.92,92.95,92.49,92.66,778926,0
2018-03-15,15:00:00,93.1,93.39,92.63,92.81,162774,0
2018-03-15,16:00:00,92.83,92.83,91.645,91.93,333941,0
2018-03-15,17:00:00,91.96,92.31,90.52,91.11,412193,0
2018-03-15,18:00:00,91.12,92,91.08,91.9,261599,0
2018-03-15,19:00:00,91.88,92.18,91.69,91.715,165055,0
2018-03-15,20:00:00,91.67,92.13,91.66,92.13,156270,0
2018-03-15,21:00:00,92.14,92.52,92.11,92.33,771213,0
2018-03-16,15:00:00,92.39,93.33,92.39,92.65,429822,0
2018-03-16,16:00:00,92.75,93.22,92.62,93.2,233444,0
2018-03-16,17:00:00,93.17,93.46,92.71,93.05,165050,0
2018-03-16,18:00:00,93.08,93.43,92.9101,93.39,124656,0
2018-03-16,19:00:00,93.39,93.5,93.21,93.3,111338,0
2018-03-16,20:00:00,93.32,93.59,93.2,93.57,117796,0
2018-03-16,21:00:00,93.56,94.04,93.43,93.79,3422033,0
2018-03-19,15:00:00,93.22,93.44,92.19,92.34,223769,0
2018-03-19,16:00:00,92.38,93.07,92.18,92.7,246794,0
2018-03-19,17:00:00,92.69,93.085,92.495,92.83,174999,0
2018-03-19,18:00:00,92.83,92.93,92.4,92.54,118830,0
2018-03-19,19:00:00,92.55,92.74,92.166,92.701,152550,0
2018-03-19,20:00:00,92.74,92.86,92.2,92.4,208815,0
2018-03-19,21:00:00,92.39,93.04,92.19,92.94,795391,0
2018-03-20,15:00:00,93.54,95.04,93.47,94.81,239275,0
2018-03-20,16:00:00,94.8073,95.6,94.72,95.415,472881,0
2018-03-20,17:00:00,95.43,95.86,95.36,95.85,249166,0
2018-03-20,18:00:00,95.86,95.87,94.81,94.99,337132,0
2018-03-20,19:00:00,94.985,95.17,94.45,94.64,264197,0
2018-03-20,20:00:00,94.6431,95.18,94.56,94.83,226124,0
2018-03-20,21:00:00,94.84,95.05,94.36,94.47,1031765,0
2018-03-21,15:00:00,94.71,95.28,94.49,95.25,223527,0
2018-03-21,16:00:00,95.255,96.305,95.11,95.94,319727,0
2018-03-21,17:00:00,95.93,96,95.4871,95.82,218622,0
2018-03-21,18:00:00,95.78,96.39,95.75,96.29,228856,0
2018-03-21,19:00:00,96.295,96.33,95.67,96.045,210576,0
2018-03-21,20:00:00,96.04,96.39,95.53,95.97,287082,0
2018-03-21,21:00:00,95.92,96.41,95.42,95.45,959290,0
2018-03-22,15:00:00,94.39,95.11,94.09,94.21,205903,0
2018-03-22,16:00:00,94.21,94.675,93.92,93.98,283212,0
2018-03-22,17:00:00,93.96,94.17,93.02,93.38,287705,0
2018-03-22,18:00:00,93.37,94.1,93.27,93.97,207317,0
2018-03-22,19:00:00,93.97,94.47,93.71,94.11,163603,0
2018-03-22,20:00:00,94.12,94.27,93.79,93.85,281570,0
2018-03-22,21:00:00,93.83,93.91,92.95,93.04,1371629,0
2018-03-23,15:00:00,93.79,94.14,93.35,93.81,154553,0
2018-03-23,16:00:00,93.81,94.505,93.72,94.2009,279135,0
2018-03-23,17:00:00,94.21,94.32,92.81,92.95,269347,0
2018-03-23,18:00:00,92.97,93.36,92.43,92.46,285035,0
2018-03-23,19:00:00,92.44,93.265,92.4,93.2,201807,0
2018-03-23,20:00:00,93.21,93.3136,91.83,91.83,230532,0
2018-03-23,21:00:00,91.825,91.939,91.11,91.22,1107009,0
2018-03-26,16:00:00,92.38,93.795,92.34,93.67,245338,0
2018-03-26,17:00:00,93.66,93.73,92.99,93.16,424577,0
2018-03-26,18:00:00,93.175,93.54,92.86,93.52,276852,0
2018-03-26,19:00:00,93.54,94.015,93.35,93.74,303248,0
2018-03-26,20:00:00,93.73,93.9,93.49,93.67,172541,0
2018-03-26,21:00:00,93.7,94.05,93.6105,93.75,306480,0
2018-03-26,22:00:00,93.7599,94.47,93.74,94.25,1021359,0
2018-03-27,16:00:00,94.29,94.66,93.56,94.27,244441,0
2018-03-27,17:00:00,94.3,94.36,92.99,93.199,380993,0
2018-03-27,18:00:00,93.14,93.85,92.94,93.8,221655,0
2018-03-27,19:00:00,93.79,93.88,93.6,93.65,325325,0
2018-03-27,20:00:00,93.68,93.88,92.75,93,237718,0
2018-03-27,21:00:00,92.98,93.13,92.4,92.46,560805,0
2018-03-27,22:00:00,92.49,92.54,91.11,92.27,1307707,0
2018-03-28,16:00:00,92.6,92.95,91.33,91.88,219069,0
2018-03-28,17:00:00,91.92,92.41,91.289,91.43,352730,0
2018-03-28,18:00:00,91.48,92.07,91.33,91.53,337441,0
2018-03-28,19:00:00,91.58,92.24,91.35,91.359,201263,0
2018-03-28,20:00:00,91.36,91.64,91.21,91.38,287663,0
2018-03-28,21:00:00,91.385,91.49,90.94,90.96,270077,0
2018-03-28,22:00:00,90.95,90.975,90.22,90.28,1408720,0
2018-03-29,16:00:00,91.22,91.91,91.12,91.46,142256,0
2018-03-29,17:00:00,91.485,92.1,91.39,92.1,192625,0
2018-03-29,18:00:00,92.1,92.3,91.91,92.13,196745,0
2018-03-29,19:00:00,92.14,92.2,91.76,91.795,107086,0
2018-03-29,20:00:00,91.81,92.2,91.62,91.94,119046,0
2018-03-29,21:00:00,91.96,92.6699,91.92,92.54,174966,0
2018-03-29,22:00:00,92.52,92.89,92.43,92.77,2000789,0
