Date,Time,Open,High,Low,Close,Volume,OpenInt
2017-09-05,16:00:00,11.316,11.325,11.287,11.287,18795,0
2017-09-05,17:00:00,11.292,11.306,11.287,11.297,45869,0
2017-09-05,18:00:00,11.292,11.297,11.279,11.287,21069,0
2017-09-05,19:00:00,11.279,11.287,11.279,11.283,26081,0
2017-09-05,20:00:00,11.283,11.306,11.269,11.297,51567,0
2017-09-05,21:00:00,11.297,11.306,11.287,11.287,80883,0
2017-09-05,22:00:00,11.292,11.297,11.269,11.269,56018,0
2017-09-06,16:00:00,11.297,11.297,11.279,11.297,19982,0
2017-09-06,17:00:00,11.297,11.297,11.287,11.297,16357,0
2017-09-06,18:00:00,11.291,11.297,11.287,11.297,18726,0
2017-09-06,19:00:00,11.297,11.297,11.287,11.292,29513,0
2017-09-06,20:00:00,11.287,11.297,11.287,11.287,26413,0
2017-09-06,21:00:00,11.292,11.316,11.287,11.297,56496,0
2017-09-06,22:00:00,11.306,11.326,11.297,11.326,74757,0
2017-09-07,16:00:00,11.326,11.326,11.306,11.326,24925,0
2017-09-07,17:00:00,11.326,11.335,11.306,11.326,64714,0
2017-09-07,18:00:00,11.317,11.335,11.306,11.306,48853,0
2017-09-07,19:00:00,11.306,11.316,11.297,11.306,26085,0
2017-09-07,20:00:00,11.297,11.326,11.297,11.316,34417,0
2017-09-07,21:00:00,11.316,11.326,11.306,11.326,13967,0
2017-09-07,22:00:00,11.324,11.326,11.306,11.316,31054,0
2017-09-08,16:00:00,11.297,11.326,11.292,11.311,43594,0
2017-09-08,17:00:00,11.308,11.316,11.287,11.306,71302,0
2017-09-08,18:00:00,11.306,11.306,11.287,11.297,18211,0
2017-09-08,19:00:00,11.293,11.297,11.279,11.296,26063,0
2017-09-08,20:00:00,11.297,11.297,11.279,11.285,45107,0
2017-09-08,21:00:00,11.297,11.297,11.279,11.287,49719,0
2017-09-08,22:00:00,11.279,11.297,11.259,11.279,69206,0
2017-09-11,16:00:00,11.306,11.345,11.297,11.333,41226,0
2017-09-11,17:00:00,11.345,11.345,11.316,11.325,19256,0
2017-09-11,18:00:00,11.326,11.326,11.316,11.326,10218,0
2017-09-11,19:00:00,11.316,11.326,11.316,11.316,13888,0
2017-09-11,20:00:00,11.326,11.326,11.316,11.321,20907,0
2017-09-11,21:00:00,11.316,11.335,11.316,11.335,24023,0
2017-09-11,22:00:00,11.334,11.335,11.316,11.335,79363,0
2017-09-12,16:00:00,11.354,11.384,11.354,11.364,32258,0
2017-09-12,17:00:00,11.354,11.374,11.354,11.363,34117,0
2017-09-12,18:00:00,11.354,11.364,11.354,11.364,17365,0
2017-09-12,19:00:00,11.354,11.364,11.354,11.359,17775,0
2017-09-12,20:00:00,11.354,11.364,11.354,11.354,16324,0
2017-09-12,21:00:00,11.354,11.364,11.335,11.335,23421,0
2017-09-12,22:00:00,11.337,11.374,11.335,11.354,64087,0
2017-09-13,16:00:00,11.354,11.404,11.354,11.369,28145,0
2017-09-13,17:00:00,11.367,11.374,11.346,11.364,18055,0
2017-09-13,18:00:00,11.371,11.374,11.335,11.338,39702,0
2017-09-13,19:00:00,11.345,11.363,11.335,11.354,23301,0
2017-09-13,20:00:00,11.354,11.364,11.345,11.354,11138,0
2017-09-13,21:00:00,11.354,11.374,11.345,11.374,28300,0
2017-09-13,22:00:00,11.369,11.374,11.335,11.374,18452,0
2017-09-14,16:00:00,11.364,11.374,11.345,11.35,15970,0
2017-09-14,17:00:00,11.354,11.354,11.335,11.346,22840,0
2017-09-14,18:00:00,11.349,11.354,11.335,11.344,38254,0
2017-09-14,19:00:00,11.345,11.354,11.335,11.335,21567,0
2017-09-14,20:00:00,11.335,11.354,11.326,11.349,27817,0
2017-09-14,21:00:00,11.349,11.349,11.335,11.345,12259,0
2017-09-14,22:00:00,11.345,11.354,11.306,11.306,49573,0
2017-09-15,16:00:00,11.335,11.345,11.326,11.335,15798,0
2017-09-15,17:00:00,11.345,11.354,11.328,11.345,23671,0
2017-09-15,18:00:00,11.345,11.354,11.345,11.354,18795,0
2017-09-15,19:00:00,11.349,11.354,11.345,11.354,5510,0
2017-09-15,20:00:00,11.345,11.346,11.335,11.342,14215,0
2017-09-15,21:00:00,11.335,11.345,11.326,11.326,8304,0
2017-09-15,22:00:00,11.326,11.345,11.326,11.345,29517,0
2017-09-18,16:00:00,11.335,11.345,11.327,11.335,42576,0
2017-09-18,17:00:00,11.335,11.345,11.331,11.335,28879,0
2017-09-18,18:00:00,11.331,11.351,11.331,11.335,37229,0
2017-09-18,19:00:00,11.335,11.354,11.331,11.345,45352,0
2017-09-18,20:00:00,11.345,11.354,11.335,11.335,74508,0
2017-09-18,21:00:00,11.335,11.339,11.321,11.326,29979,0
2017-09-18,22:00:00,11.326,11.345,11.316,11.345,46329,0
2017-09-19,16:00:00,11.345,11.349,11.326,11.345,30058,0
2017-09-19,17:00:00,11.335,11.354,11.335,11.349,30160,0
2017-09-19,18:00:00,11.348,11.354,11.345,11.345,36168,0
2017-09-19,19:00:00,11.345,11.354,11.34,11.348,22119,0
2017-09-19,20:00:00,11.345,11.349,11.335,11.345,19627,0
2017-09-19,21:00:00,11.335,11.345,11.335,11.335,15332,0
2017-09-19,22:00:00,11.335,11.354,11.335,11.354,37248,0
2017-09-20,16:00:00,11.335,11.345,11.326,11.345,26287,0
2017-09-20,17:00:00,11.345,11.358,11.34,11.354,37388,0
2017-09-20,18:00:00,11.354,11.361,11.348,11.348,19683,0
2017-09-20,19:00:00,11.354,11.354,11.335,11.345,16099,0
2017-09-20,20:00:00,11.351,11.361,11.34,11.354,37707,0
2017-09-20,21:00:00,11.354,11.364,11.335,11.338,43456,0
2017-09-20,22:00:00,11.338,11.345,11.306,11.316,29593,0
2017-09-21,16:00:00,11.316,11.394,11.313,11.323,23642,0
2017-09-21,17:00:00,11.32,11.326,11.297,11.297,32590,0
2017-09-21,18:00:00,11.297,11.306,11.297,11.299,27040,0
2017-09-21,19:00:00,11.297,11.306,11.287,11.287,14066,0
2017-09-21,20:00:00,11.287,11.306,11.287,11.306,28466,0
2017-09-21,21:00:00,11.306,11.306,11.287,11.301,13076,0
2017-09-21,22:00:00,11.299,11.306,11.287,11.297,28201,0
2017-09-22,16:00:00,11.306,11.316,11.297,11.316,26445,0
2017-09-22,17:00:00,11.316,11.335,11.31,11.335,28070,0
2017-09-22,18:00:00,11.335,11.335,11.326,11.335,13795,0
2017-09-22,19:00:00,11.326,11.364,11.326,11.364,35027,0
2017-09-22,20:00:00,11.359,11.404,11.345,11.404,70369,0
2017-09-22,21:00:00,11.404,11.413,11.404,11.413,23863,0
2017-09-22,22:00:00,11.413,11.453,11.408,11.433,58406,0
2017-09-25,16:00:00,11.433,11.433,11.384,11.408,24453,0
2017-09-25,17:00:00,11.408,11.423,11.384,11.423,20881,0
2017-09-25,18:00:00,11.42,11.423,11.384,11.404,31469,0
2017-09-25,19:00:00,11.408,11.413,11.394,11.404,8663,0
2017-09-25,20:00:00,11.402,11.413,11.394,11.408,17132,0
2017-09-25,21:00:00,11.413,11.413,11.404,11.41,18457,0
2017-09-25,22:00:00,11.404,11.433,11.404,11.423,50285,0
2017-09-26,16:00:00,11.423,11.426,11.413,11.423,33198,0
2017-09-26,17:00:00,11.413,11.423,11.413,11.423,14638,0
2017-09-26,18:00:00,11.418,11.423,11.384,11.404,45900,0
2017-09-26,19:00:00,11.404,11.413,11.404,11.404,9132,0
2017-09-26,20:00:00,11.407,11.423,11.404,11.404,14011,0
2017-09-26,21:00:00,11.406,11.413,11.394,11.404,22268,0
2017-09-26,22:00:00,11.413,11.413,11.394,11.394,20618,0
2017-09-27,16:00:00,11.413,11.433,11.413,11.414,21676,0
2017-09-27,17:00:00,11.413,11.423,11.397,11.397,27034,0
2017-09-27,18:00:00,11.394,11.413,11.394,11.404,22809,0
2017-09-27,19:00:00,11.404,11.408,11.389,11.394,9264,0
2017-09-27,20:00:00,11.394,11.413,11.394,11.404,23189,0
2017-09-27,21:00:00,11.404,11.413,11.394,11.408,22036,0
2017-09-27,22:00:00,11.413,11.413,11.394,11.404,39366,0
2017-09-28,16:00:00,11.394,11.413,11.394,11.413,21315,0
2017-09-28,17:00:00,11.404,11.443,11.404,11.428,41134,0
2017-09-28,18:00:00,11.433,11.453,11.407,11.446,71186,0
2017-09-28,19:00:00,11.448,11.453,11.433,11.443,19761,0
2017-09-28,20:00:00,11.438,11.463,11.438,11.453,15270,0
2017-09-28,21:00:00,11.449,11.453,11.443,11.448,9116,0
2017-09-28,22:00:00,11.449,11.472,11.443,11.472,38394,0
2017-09-29,16:00:00,11.472,11.518,11.472,11.505,34576,0
2017-09-29,17:00:00,11.517,11.528,11.49,11.499,23752,0
2017-09-29,18:00:00,11.499,11.508,11.499,11.508,2373,0
2017-09-29,19:00:00,11.508,11.518,11.508,11.508,11507,0
2017-09-29,20:00:00,11.508,11.518,11.499,11.518,25843,0
2017-09-29,21:00:00,11.509,11.518,11.508,11.514,23320,0
2017-09-29,22:00:00,11.508,11.519,11.508,11.518,25328,0
2017-10-02,16:00:00,11.538,11.563,11.538,11.551,24487,0
2017-10-02,17:00:00,11.543,11.573,11.543,11.558,34301,0
2017-10-02,18:00:00,11.558,11.568,11.548,11.553,19624,0
2017-10-02,19:00:00,11.548,11.558,11.548,11.548,27301,0
2017-10-02,20:00:00,11.558,11.558,11.548,11.558,23696,0
2017-10-02,21:00:00,11.548,11.558,11.548,11.548,22057,0
2017-10-02,22:00:00,11.548,11.568,11.548,11.558,30589,0
2017-10-03,16:00:00,11.558,11.558,11.518,11.518,18930,0
2017-10-03,17:00:00,11.518,11.528,11.499,11.508,18509,0
2017-10-03,18:00:00,11.499,11.528,11.499,11.518,12936,0
2017-10-03,19:00:00,11.528,11.548,11.518,11.548,44925,0
2017-10-03,20:00:00,11.548,11.558,11.538,11.543,32886,0
2017-10-03,21:00:00,11.548,11.548,11.518,11.518,31780,0
2017-10-03,22:00:00,11.528,11.568,11.525,11.558,45279,0
2017-10-04,16:00:00,11.558,11.558,11.499,11.508,23050,0
2017-10-04,17:00:00,11.52,11.548,11.518,11.523,19548,0
2017-10-04,18:00:00,11.518,11.528,11.508,11.528,29824,0
2017-10-04,19:00:00,11.518,11.527,11.518,11.518,12873,0
2017-10-04,20:00:00,11.518,11.528,11.518,11.525,18346,0
2017-10-04,21:00:00,11.518,11.558,11.518,11.518,56258,0
2017-10-04,22:00:00,11.518,11.528,11.518,11.518,37494,0
2017-10-05,16:00:00,11.499,11.528,11.499,11.508,17966,0
2017-10-05,17:00:00,11.508,11.508,11.49,11.508,18004,0
2017-10-05,18:00:00,11.508,11.518,11.508,11.518,24843,0
2017-10-05,19:00:00,11.508,11.528,11.508,11.518,13976,0
2017-10-05,20:00:00,11.518,11.527,11.518,11.518,32545,0
2017-10-05,21:00:00,11.518,11.528,11.518,11.518,45100,0
2017-10-05,22:00:00,11.518,11.528,11.499,11.508,70336,0
2017-10-06,16:00:00,11.508,11.518,11.499,11.508,13521,0
2017-10-06,17:00:00,11.508,11.518,11.49,11.499,58203,0
2017-10-06,18:00:00,11.499,11.517,11.499,11.508,14283,0
2017-10-06,19:00:00,11.508,11.518,11.508,11.513,23111,0
2017-10-06,20:00:00,11.508,11.528,11.508,11.521,20093,0
2017-10-06,21:00:00,11.527,11.528,11.508,11.508,23608,0
2017-10-06,22:00:00,11.508,11.518,11.508,11.508,43720,0
2017-10-09,17:00:00,11.533,11.558,11.533,11.548,5791,0
2017-10-09,18:00:00,11.554,11.578,11.548,11.568,39108,0
2017-10-09,19:00:00,11.568,11.578,11.553,11.568,72793,0
2017-10-09,20:00:00,11.568,11.568,11.548,11.548,36727,0
2017-10-09,21:00:00,11.558,11.558,11.538,11.543,13152,0
2017-10-09,22:00:00,11.539,11.568,11.538,11.538,30635,0
2017-10-10,16:00:00,11.568,11.578,11.558,11.578,10800,0
2017-10-10,17:00:00,11.558,11.588,11.558,11.568,18923,0
2017-10-10,18:00:00,11.578,11.588,11.558,11.558,37320,0
2017-10-10,19:00:00,11.558,11.568,11.538,11.538,29223,0
2017-10-10,20:00:00,11.538,11.558,11.538,11.558,11695,0
2017-10-10,21:00:00,11.553,11.558,11.548,11.548,8652,0
2017-10-10,22:00:00,11.557,11.558,11.538,11.538,25545,0
2017-10-11,16:00:00,11.548,11.568,11.548,11.553,12271,0
2017-10-11,17:00:00,11.553,11.558,11.548,11.548,16805,0
2017-10-11,18:00:00,11.548,11.558,11.548,11.548,13066,0
2017-10-11,19:00:00,11.558,11.558,11.548,11.548,23002,0
2017-10-11,20:00:00,11.558,11.568,11.548,11.55,25217,0
2017-10-11,21:00:00,11.551,11.563,11.538,11.558,33040,0
2017-10-11,22:00:00,11.562,11.568,11.548,11.548,22524,0
2017-10-12,16:00:00,11.548,11.588,11.528,11.568,38898,0
2017-10-12,17:00:00,11.578,11.578,11.558,11.578,13122,0
2017-10-12,18:00:00,11.578,11.588,11.568,11.568,11265,0
2017-10-12,19:00:00,11.558,11.578,11.558,11.578,14008,0
2017-10-12,20:00:00,11.568,11.568,11.556,11.558,10335,0
2017-10-12,21:00:00,11.558,11.578,11.548,11.563,15794,0
2017-10-12,22:00:00,11.558,11.578,11.558,11.578,24234,0
2017-10-13,16:00:00,11.588,11.631,11.578,11.598,12157,0
2017-10-13,17:00:00,11.598,11.617,11.593,11.617,68288,0
2017-10-13,18:00:00,11.617,11.617,11.607,11.607,15816,0
2017-10-13,19:00:00,11.607,11.616,11.598,11.607,18876,0
2017-10-13,20:00:00,11.607,11.607,11.578,11.578,6315,0
2017-10-13,21:00:00,11.578,11.617,11.578,11.617,25751,0
2017-10-13,22:00:00,11.617,11.637,11.61,11.637,42646,0
2017-10-16,16:00:00,11.627,11.627,11.617,11.617,34300,0
2017-10-16,17:00:00,11.617,11.626,11.607,11.617,19616,0
2017-10-16,18:00:00,11.617,11.621,11.578,11.578,36605,0
2017-10-16,19:00:00,11.578,11.598,11.578,11.594,9998,0
2017-10-16,20:00:00,11.588,11.607,11.588,11.603,30910,0
2017-10-16,21:00:00,11.604,11.607,11.588,11.588,17125,0
2017-10-16,22:00:00,11.588,11.607,11.588,11.588,27254,0
2017-10-17,16:00:00,11.578,11.588,11.538,11.578,17445,0
2017-10-17,17:00:00,11.568,11.588,11.568,11.568,16654,0
2017-10-17,18:00:00,11.577,11.587,11.558,11.568,42885,0
2017-10-17,19:00:00,11.568,11.588,11.568,11.568,12657,0
2017-10-17,20:00:00,11.568,11.598,11.568,11.585,22014,0
2017-10-17,21:00:00,11.578,11.596,11.568,11.577,23058,0
2017-10-17,22:00:00,11.568,11.598,11.568,11.598,30013,0
2017-10-18,16:00:00,11.568,11.593,11.538,11.548,31320,0
2017-10-18,17:00:00,11.538,11.548,11.528,11.538,31806,0
2017-10-18,18:00:00,11.528,11.538,11.528,11.532,20683,0
2017-10-18,19:00:00,11.538,11.558,11.528,11.538,25214,0
2017-10-18,20:00:00,11.542,11.558,11.528,11.528,28047,0
2017-10-18,21:00:00,11.528,11.538,11.518,11.528,16091,0
2017-10-18,22:00:00,11.528,11.536,11.508,11.508,37678,0
2017-10-19,16:00:00,11.499,11.558,11.499,11.528,17700,0
2017-10-19,17:00:00,11.538,11.548,11.528,11.548,17939,0
2017-10-19,18:00:00,11.538,11.548,11.538,11.544,15678,0
2017-10-19,19:00:00,11.548,11.548,11.538,11.538,9945,0
2017-10-19,20:00:00,11.538,11.548,11.528,11.538,15322,0
2017-10-19,21:00:00,11.538,11.558,11.53,11.539,29579,0
2017-10-19,22:00:00,11.538,11.568,11.538,11.568,43817,0
2017-10-20,16:00:00,11.588,11.588,11.548,11.548,11183,0
2017-10-20,17:00:00,11.548,11.558,11.548,11.548,29375,0
2017-10-20,18:00:00,11.553,11.558,11.548,11.558,14493,0
2017-10-20,19:00:00,11.548,11.568,11.548,11.565,8444,0
2017-10-20,20:00:00,11.563,11.578,11.548,11.572,4037,0
2017-10-20,21:00:00,11.578,11.578,11.558,11.558,17191,0
2017-10-20,22:00:00,11.563,11.588,11.558,11.588,33987,0
2017-10-23,16:00:00,11.558,11.588,11.558,11.568,20251,0
2017-10-23,17:00:00,11.568,11.588,11.568,11.578,21833,0
2017-10-23,18:00:00,11.578,11.598,11.578,11.588,11399,0
2017-10-23,19:00:00,11.588,11.607,11.588,11.607,11855,0
2017-10-23,20:00:00,11.598,11.607,11.588,11.588,12030,0
2017-10-23,21:00:00,11.593,11.598,11.568,11.568,27379,0
2017-10-23,22:00:00,11.57,11.588,11.568,11.588,24541,0
2017-10-24,16:00:00,11.598,11.617,11.588,11.607,22189,0
2017-10-24,17:00:00,11.617,11.637,11.607,11.612,17935,0
2017-10-24,18:00:00,11.614,11.627,11.607,11.617,13050,0
2017-10-24,19:00:00,11.617,11.617,11.598,11.607,10698,0
2017-10-24,20:00:00,11.598,11.617,11.598,11.617,13583,0
2017-10-24,21:00:00,11.617,11.617,11.598,11.607,18621,0
2017-10-24,22:00:00,11.598,11.607,11.598,11.607,10714,0
2017-10-25,16:00:00,11.607,11.617,11.588,11.595,25648,0
2017-10-25,17:00:00,11.594,11.594,11.548,11.548,41828,0
2017-10-25,18:00:00,11.548,11.558,11.543,11.555,24049,0
2017-10-25,19:00:00,11.553,11.553,11.519,11.534,18162,0
2017-10-25,20:00:00,11.518,11.524,11.481,11.49,36430,0
2017-10-25,21:00:00,11.485,11.508,11.482,11.506,20637,0
2017-10-25,22:00:00,11.505,11.538,11.499,11.538,24557,0
2017-10-26,16:00:00,11.508,11.538,11.508,11.528,19267,0
2017-10-26,17:00:00,11.528,11.538,11.518,11.528,13394,0
2017-10-26,18:00:00,11.528,11.528,11.49,11.518,18894,0
2017-10-26,19:00:00,11.518,11.528,11.509,11.518,4426,0
2017-10-26,20:00:00,11.508,11.518,11.501,11.508,11096,0
2017-10-26,21:00:00,11.518,11.518,11.486,11.493,26472,0
2017-10-26,22:00:00,11.49,11.528,11.472,11.528,66335,0
2017-10-27,16:00:00,11.558,11.558,11.544,11.558,6194,0
2017-10-27,17:00:00,11.558,11.558,11.548,11.558,7107,0
2017-10-27,18:00:00,11.558,11.578,11.558,11.578,21204,0
2017-10-27,19:00:00,11.578,11.578,11.559,11.571,12089,0
2017-10-27,20:00:00,11.568,11.578,11.55,11.558,14712,0
2017-10-27,21:00:00,11.563,11.568,11.541,11.558,15053,0
2017-10-27,22:00:00,11.557,11.558,11.538,11.548,20542,0
2017-10-30,15:00:00,11.545,11.578,11.545,11.578,6257,0
2017-10-30,16:00:00,11.578,11.578,11.558,11.568,17092,0
2017-10-30,17:00:00,11.568,11.578,11.548,11.548,14012,0
2017-10-30,18:00:00,11.548,11.558,11.538,11.548,15183,0
2017-10-30,19:00:00,11.548,11.552,11.538,11.538,25941,0
2017-10-30,20:00:00,11.538,11.548,11.538,11.543,16223,0
2017-10-30,21:00:00,11.538,11.548,11.528,11.538,36334,0
2017-10-31,15:00:00,11.555,11.568,11.538,11.548,6076,0
2017-10-31,16:00:00,11.543,11.558,11.538,11.548,24704,0
2017-10-31,17:00:00,11.544,11.556,11.538,11.553,20399,0
2017-10-31,18:00:00,11.556,11.558,11.548,11.555,9487,0
2017-10-31,19:00:00,11.558,11.568,11.548,11.568,19090,0
2017-10-31,20:00:00,11.573,11.573,11.558,11.565,2912,0
2017-10-31,21:00:00,11.567,11.568,11.538,11.568,60063,0
2017-11-01,15:00:00,11.568,11.578,11.548,11.568,35900,0
2017-11-01,16:00:00,11.563,11.568,11.499,11.499,71430,0
2017-11-01,17:00:00,11.499,11.528,11.499,11.499,40765,0
2017-11-01,18:00:00,11.499,11.518,11.499,11.515,11010,0
2017-11-01,19:00:00,11.508,11.513,11.49,11.49,29230,0
2017-11-01,20:00:00,11.49,11.495,11.437,11.452,147200,0
2017-11-01,21:00:00,11.452,11.462,11.393,11.462,167249,0
2017-11-02,15:00:00,11.403,11.412,11.393,11.393,75086,0
2017-11-02,16:00:00,11.393,11.393,11.363,11.393,64341,0
2017-11-02,17:00:00,11.401,11.403,11.334,11.344,78882,0
2017-11-02,18:00:00,11.344,11.363,11.325,11.344,122474,0
2017-11-02,19:00:00,11.35,11.383,11.315,11.315,51631,0
2017-11-02,20:00:00,11.315,11.315,11.286,11.304,48557,0
2017-11-02,21:00:00,11.305,11.334,11.286,11.315,89727,0
2017-11-03,15:00:00,11.315,11.315,11.267,11.292,20080,0
2017-11-03,16:00:00,11.286,11.295,11.257,11.257,75674,0
2017-11-03,17:00:00,11.257,11.281,11.257,11.267,51298,0
2017-11-03,18:00:00,11.262,11.277,11.257,11.272,46134,0
2017-11-03,19:00:00,11.272,11.286,11.257,11.272,106438,0
2017-11-03,20:00:00,11.267,11.277,11.237,11.237,70479,0
2017-11-03,21:00:00,11.237,11.295,11.227,11.295,121824,0
2017-11-06,16:00:00,11.286,11.315,11.277,11.283,26255,0
2017-11-06,17:00:00,11.286,11.29,11.277,11.286,51682,0
2017-11-06,18:00:00,11.286,11.3,11.277,11.295,51008,0
2017-11-06,19:00:00,11.295,11.303,11.286,11.3,125317,0
2017-11-06,20:00:00,11.3,11.3,11.255,11.272,67650,0
2017-11-06,21:00:00,11.272,11.272,11.24,11.247,38115,0
2017-11-06,22:00:00,11.257,11.305,11.252,11.305,46639,0
2017-11-07,16:00:00,11.315,11.325,11.288,11.295,49097,0
2017-11-07,17:00:00,11.295,11.305,11.286,11.295,35292,0
2017-11-07,18:00:00,11.286,11.286,11.247,11.257,118226,0
2017-11-07,19:00:00,11.247,11.267,11.247,11.267,51587,0
2017-11-07,20:00:00,11.262,11.277,11.247,11.257,85304,0
2017-11-07,21:00:00,11.257,11.262,11.217,11.227,102819,0
2017-11-07,22:00:00,11.227,11.247,11.221,11.237,62190,0
2017-11-08,16:00:00,11.257,11.257,11.227,11.236,34102,0
2017-11-08,17:00:00,11.237,11.247,11.227,11.247,41250,0
2017-11-08,18:00:00,11.247,11.257,11.237,11.237,14204,0
2017-11-08,19:00:00,11.237,11.247,11.237,11.237,31196,0
2017-11-08,20:00:00,11.237,11.247,11.227,11.237,18176,0
2017-11-08,21:00:00,11.237,11.247,11.17,11.17,76167,0
2017-11-08,22:00:00,11.17,11.208,11.17,11.208,60027,0
2017-11-09,16:00:00,11.179,11.189,11.17,11.179,35687,0
2017-11-09,17:00:00,11.184,11.189,11.16,11.181,89639,0
2017-11-09,18:00:00,11.189,11.198,11.189,11.189,45470,0
2017-11-09,19:00:00,11.189,11.189,11.16,11.161,74137,0
2017-11-09,20:00:00,11.165,11.179,11.16,11.17,43613,0
2017-11-09,21:00:00,11.17,11.189,11.163,11.174,29870,0
2017-11-09,22:00:00,11.179,11.179,11.16,11.16,45120,0
2017-11-10,16:00:00,11.14,11.14,11.1,11.12,52269,0
2017-11-10,17:00:00,11.126,11.14,11.12,11.14,51130,0
2017-11-10,18:00:00,11.137,11.14,11.12,11.12,13980,0
2017-11-10,19:00:00,11.13,11.13,11.12,11.13,15926,0
2017-11-10,20:00:00,11.13,11.13,11.115,11.13,12794,0
2017-11-10,21:00:00,11.13,11.14,11.115,11.14,34788,0
2017-11-10,22:00:00,11.137,11.14,11.13,11.14,45160,0
2017-11-13,16:00:00,11.11,11.12,11.1,11.11,47349,0
2017-11-13,17:00:00,11.12,11.14,11.11,11.115,58935,0
2017-11-13,18:00:00,11.11,11.12,11.1,11.1,50705,0
2017-11-13,19:00:00,11.105,11.11,11.091,11.095,68917,0
2017-11-13,20:00:00,11.1,11.11,11.091,11.105,25020,0
2017-11-13,21:00:00,11.105,11.11,11.091,11.091,51554,0
2017-11-13,22:00:00,11.095,11.11,11.091,11.11,76505,0
2017-11-14,16:00:00,11.13,11.153,11.13,11.14,59845,0
2017-11-14,17:00:00,11.131,11.14,11.12,11.123,63138,0
2017-11-14,18:00:00,11.123,11.13,11.12,11.13,43972,0
2017-11-14,19:00:00,11.12,11.15,11.12,11.14,116932,0
2017-11-14,20:00:00,11.13,11.13,11.12,11.13,23022,0
2017-11-14,21:00:00,11.13,11.13,11.11,11.12,60109,0
2017-11-14,22:00:00,11.12,11.12,11.105,11.12,66049,0
2017-11-15,16:00:00,11.1,11.1,11.091,11.091,43700,0
2017-11-15,17:00:00,11.1,11.13,11.091,11.11,37682,0
2017-11-15,18:00:00,11.105,11.11,11.091,11.1,136615,0
2017-11-15,19:00:00,11.095,11.14,11.091,11.133,105849,0
2017-11-15,20:00:00,11.13,11.14,11.105,11.105,61014,0
2017-11-15,21:00:00,11.11,11.13,11.1,11.13,58062,0
2017-11-15,22:00:00,11.123,11.14,11.12,11.14,118792,0
2017-11-16,16:00:00,11.17,11.228,11.17,11.218,129664,0
2017-11-16,17:00:00,11.228,11.268,11.218,11.258,149741,0
2017-11-16,18:00:00,11.258,11.258,11.238,11.248,62760,0
2017-11-16,19:00:00,11.251,11.255,11.228,11.228,33279,0
2017-11-16,20:00:00,11.228,11.238,11.228,11.228,20962,0
2017-11-16,21:00:00,11.238,11.258,11.228,11.238,48243,0
2017-11-16,22:00:00,11.238,11.248,11.228,11.248,71218,0
2017-11-17,16:00:00,11.278,11.316,11.272,11.316,56744,0
2017-11-17,17:00:00,11.306,11.306,11.296,11.306,173105,0
2017-11-17,18:00:00,11.301,11.306,11.296,11.306,19503,0
2017-11-17,19:00:00,11.306,11.306,11.296,11.306,17051,0
2017-11-17,20:00:00,11.306,11.306,11.296,11.3,46334,0
2017-11-17,21:00:00,11.306,11.306,11.287,11.287,29622,0
2017-11-17,22:00:00,11.287,11.296,11.287,11.296,35033,0
2017-11-20,16:00:00,11.296,11.296,11.238,11.238,33426,0
2017-11-20,17:00:00,11.238,11.258,11.238,11.248,29969,0
2017-11-20,18:00:00,11.251,11.251,11.238,11.243,20650,0
2017-11-20,19:00:00,11.243,11.248,11.233,11.248,28510,0
2017-11-20,20:00:00,11.248,11.258,11.248,11.248,9838,0
2017-11-20,21:00:00,11.251,11.258,11.218,11.221,102444,0
2017-11-20,22:00:00,11.218,11.228,11.17,11.179,108651,0
2017-11-21,16:00:00,11.189,11.218,11.189,11.209,55086,0
2017-11-21,17:00:00,11.204,11.218,11.199,11.209,30242,0
2017-11-21,18:00:00,11.218,11.228,11.209,11.209,34023,0
2017-11-21,19:00:00,11.209,11.218,11.209,11.213,52452,0
2017-11-21,20:00:00,11.209,11.228,11.209,11.225,50872,0
2017-11-21,21:00:00,11.218,11.218,11.209,11.209,28519,0
2017-11-21,22:00:00,11.199,11.199,11.188,11.199,39512,0
2017-11-22,16:00:00,11.189,11.228,11.189,11.218,42298,0
2017-11-22,17:00:00,11.218,11.248,11.218,11.228,99413,0
2017-11-22,18:00:00,11.238,11.248,11.228,11.238,26197,0
2017-11-22,19:00:00,11.238,11.238,11.228,11.238,34462,0
2017-11-22,20:00:00,11.233,11.238,11.228,11.228,11595,0
2017-11-22,21:00:00,11.228,11.228,11.209,11.209,34567,0
2017-11-22,22:00:00,11.209,11.228,11.209,11.218,68883,0
2017-11-24,16:00:00,11.238,11.278,11.238,11.278,10370,0
2017-11-24,17:00:00,11.258,11.278,11.255,11.258,37292,0
2017-11-24,18:00:00,11.258,11.258,11.248,11.258,11439,0
2017-11-24,19:00:00,11.268,11.268,11.238,11.248,30499,0
2017-11-24,20:00:00,11.248,11.258,11.248,11.258,4131,0
2017-11-27,16:00:00,11.238,11.278,11.238,11.278,17720,0
2017-11-27,17:00:00,11.268,11.278,11.228,11.228,51003,0
2017-11-27,18:00:00,11.228,11.238,11.218,11.228,36925,0
2017-11-27,19:00:00,11.228,11.238,11.218,11.218,41740,0
2017-11-27,20:00:00,11.228,11.233,11.209,11.209,24987,0
2017-11-27,21:00:00,11.209,11.218,11.199,11.199,20737,0
2017-11-27,22:00:00,11.199,11.209,11.179,11.199,76541,0
2017-11-28,16:00:00,11.199,11.228,11.199,11.218,38415,0
2017-11-28,17:00:00,11.223,11.238,11.209,11.215,18208,0
2017-11-28,18:00:00,11.228,11.238,11.218,11.237,16289,0
2017-11-28,19:00:00,11.228,11.248,11.228,11.239,13087,0
2017-11-28,20:00:00,11.247,11.258,11.238,11.248,18684,0
2017-11-28,21:00:00,11.243,11.248,11.238,11.243,13540,0
2017-11-28,22:00:00,11.243,11.278,11.239,11.278,59393,0
2017-11-29,16:00:00,11.248,11.278,11.248,11.273,33238,0
2017-11-29,17:00:00,11.278,11.278,11.248,11.258,40482,0
2017-11-29,18:00:00,11.258,11.258,11.228,11.248,49604,0
2017-11-29,19:00:00,11.248,11.268,11.228,11.259,25803,0
2017-11-29,20:00:00,11.268,11.268,11.258,11.268,22076,0
2017-11-29,21:00:00,11.268,11.278,11.258,11.278,27546,0
2017-11-29,22:00:00,11.278,11.278,11.248,11.278,69614,0
2017-11-30,16:00:00,11.258,11.296,11.258,11.29,27936,0
2017-11-30,17:00:00,11.291,11.296,11.287,11.291,20910,0
2017-11-30,18:00:00,11.294,11.295,11.278,11.287,22818,0
2017-11-30,19:00:00,11.287,11.296,11.268,11.268,64535,0
2017-11-30,20:00:00,11.273,11.278,11.268,11.278,28607,0
2017-11-30,21:00:00,11.278,11.278,11.268,11.268,42266,0
2017-11-30,22:00:00,11.273,11.287,11.258,11.268,75212,0
2017-12-01,16:00:00,11.278,11.296,11.274,11.287,51243,0
2017-12-01,17:00:00,11.276,11.316,11.276,11.296,27416,0
2017-12-01,18:00:00,11.306,11.316,11.259,11.286,80882,0
2017-12-01,19:00:00,11.287,11.296,11.278,11.291,35828,0
2017-12-01,20:00:00,11.296,11.326,11.287,11.326,27699,0
2017-12-01,21:00:00,11.326,11.352,11.326,11.345,44409,0
2017-12-01,22:00:00,11.345,11.385,11.335,11.385,31532,0
2017-12-04,16:00:00,11.385,11.395,11.365,11.377,35813,0
2017-12-04,17:00:00,11.375,11.385,11.35,11.36,99105,0
2017-12-04,18:00:00,11.355,11.362,11.306,11.321,114262,0
2017-12-04,19:00:00,11.316,11.326,11.287,11.294,90113,0
2017-12-04,20:00:00,11.287,11.296,11.248,11.268,94709,0
2017-12-04,21:00:00,11.277,11.294,11.239,11.278,122128,0
2017-12-04,22:00:00,11.277,11.278,11.228,11.268,146841,0
2017-12-05,16:00:00,11.258,11.287,11.258,11.283,36479,0
2017-12-05,17:00:00,11.281,11.287,11.278,11.278,23685,0
2017-12-05,18:00:00,11.278,11.306,11.278,11.296,33838,0
2017-12-05,19:00:00,11.296,11.306,11.282,11.287,35405,0
2017-12-05,20:00:00,11.287,11.296,11.287,11.296,18581,0
2017-12-05,21:00:00,11.296,11.306,11.287,11.296,34945,0
2017-12-05,22:00:00,11.296,11.316,11.295,11.316,44798,0
2017-12-06,16:00:00,11.316,11.335,11.29,11.331,23848,0
2017-12-06,17:00:00,11.332,11.345,11.317,11.345,20445,0
2017-12-06,18:00:00,11.336,11.355,11.336,11.348,23320,0
2017-12-06,19:00:00,11.345,11.365,11.335,11.365,36838,0
2017-12-06,20:00:00,11.365,11.365,11.355,11.355,21287,0
2017-12-06,21:00:00,11.359,11.375,11.359,11.375,37551,0
2017-12-06,22:00:00,11.375,11.385,11.365,11.385,24115,0
2017-12-07,16:00:00,11.345,11.365,11.335,11.353,26807,0
2017-12-07,17:00:00,11.345,11.355,11.345,11.35,34283,0
2017-12-07,18:00:00,11.345,11.355,11.345,11.345,27636,0
2017-12-07,19:00:00,11.35,11.355,11.345,11.349,17724,0
2017-12-07,20:00:00,11.345,11.355,11.335,11.345,52492,0
2017-12-07,21:00:00,11.348,11.355,11.345,11.347,5531,0
2017-12-07,22:00:00,11.349,11.375,11.345,11.37,31574,0
2017-12-08,16:00:00,11.385,11.414,11.335,11.355,44177,0
2017-12-08,17:00:00,11.355,11.373,11.345,11.355,31465,0
2017-12-08,18:00:00,11.355,11.365,11.345,11.36,26542,0
2017-12-08,19:00:00,11.365,11.365,11.355,11.362,12937,0
2017-12-08,20:00:00,11.36,11.363,11.355,11.361,11250,0
2017-12-08,21:00:00,11.36,11.365,11.35,11.365,19213,0
2017-12-08,22:00:00,11.358,11.375,11.355,11.375,32586,0
2017-12-11,16:00:00,11.385,11.395,11.375,11.375,25531,0
2017-12-11,17:00:00,11.378,11.395,11.375,11.395,44018,0
2017-12-11,18:00:00,11.395,11.405,11.385,11.395,9313,0
2017-12-11,19:00:00,11.395,11.405,11.385,11.405,14000,0
2017-12-11,20:00:00,11.4,11.4,11.385,11.395,18715,0
2017-12-11,21:00:00,11.395,11.405,11.385,11.4,27461,0
2017-12-11,22:00:00,11.397,11.414,11.395,11.414,57579,0
2017-12-12,16:00:00,11.424,11.424,11.405,11.417,22709,0
2017-12-12,17:00:00,11.424,11.434,11.421,11.434,25481,0
2017-12-12,18:00:00,11.43,11.444,11.424,11.434,20984,0
2017-12-12,19:00:00,11.434,11.434,11.424,11.424,35621,0
2017-12-12,20:00:00,11.423,11.454,11.421,11.454,43345,0
2017-12-12,21:00:00,11.454,11.464,11.444,11.454,41429,0
2017-12-12,22:00:00,11.449,11.454,11.442,11.444,41876,0
2017-12-13,16:00:00,11.454,11.454,11.425,11.454,36467,0
2017-12-13,17:00:00,11.449,11.454,11.444,11.449,60508,0
2017-12-13,18:00:00,11.454,11.454,11.444,11.454,76965,0
2017-12-13,19:00:00,11.454,11.474,11.444,11.474,84546,0
2017-12-13,20:00:00,11.474,11.474,11.444,11.454,50771,0
2017-12-13,21:00:00,11.454,11.464,11.444,11.464,41664,0
2017-12-13,22:00:00,11.455,11.483,11.454,11.483,84229,0
2017-12-14,16:00:00,11.454,11.454,11.424,11.424,28709,0
2017-12-14,17:00:00,11.424,11.434,11.414,11.419,19571,0
2017-12-14,18:00:00,11.419,11.429,11.414,11.427,21911,0
2017-12-14,19:00:00,11.429,11.434,11.405,11.419,45787,0
2017-12-14,20:00:00,11.419,11.424,11.405,11.419,28484,0
2017-12-14,21:00:00,11.419,11.424,11.405,11.409,29065,0
2017-12-14,22:00:00,11.405,11.424,11.405,11.424,45740,0
2017-12-15,16:00:00,11.424,11.424,11.402,11.405,26456,0
2017-12-15,17:00:00,11.405,11.41,11.385,11.395,25980,0
2017-12-15,18:00:00,11.385,11.395,11.385,11.39,36169,0
2017-12-15,19:00:00,11.39,11.405,11.385,11.399,34924,0
2017-12-15,20:00:00,11.395,11.405,11.385,11.39,35083,0
2017-12-15,21:00:00,11.395,11.395,11.385,11.39,13604,0
2017-12-15,22:00:00,11.385,11.385,11.345,11.345,58309,0
2017-12-18,16:00:00,11.355,11.385,11.355,11.37,41279,0
2017-12-18,17:00:00,11.365,11.365,11.345,11.355,20889,0
2017-12-18,18:00:00,11.35,11.355,11.335,11.335,27577,0
2017-12-18,19:00:00,11.335,11.342,11.315,11.321,52601,0
2017-12-18,20:00:00,11.325,11.335,11.305,11.315,31301,0
2017-12-18,21:00:00,11.32,11.325,11.305,11.31,24604,0
2017-12-18,22:00:00,11.308,11.315,11.295,11.295,52217,0
2017-12-19,16:00:00,11.325,11.345,11.315,11.332,25181,0
2017-12-19,17:00:00,11.34,11.365,11.34,11.36,49545,0
2017-12-19,18:00:00,11.365,11.368,11.345,11.35,32624,0
2017-12-19,19:00:00,11.345,11.355,11.335,11.335,16454,0
2017-12-19,20:00:00,11.34,11.345,11.335,11.345,20510,0
2017-12-19,21:00:00,11.345,11.345,11.325,11.328,21282,0
2017-12-19,22:00:00,11.325,11.375,11.316,11.37,65132,0
2017-12-20,16:00:00,11.375,11.395,11.365,11.395,44763,0
2017-12-20,17:00:00,11.395,11.414,11.395,11.414,39632,0
2017-12-20,18:00:00,11.414,11.419,11.405,11.419,35496,0
2017-12-20,19:00:00,11.419,11.424,11.414,11.424,27162,0
2017-12-20,20:00:00,11.424,11.444,11.419,11.437,50027,0
2017-12-20,21:00:00,11.444,11.454,11.434,11.449,31902,0
2017-12-20,22:00:00,11.449,11.464,11.444,11.454,44493,0
2017-12-21,16:00:00,11.454,11.459,11.447,11.454,26013,0
2017-12-21,17:00:00,11.447,11.454,11.444,11.444,42612,0
2017-12-21,18:00:00,11.452,11.454,11.444,11.451,25470,0
2017-12-21,19:00:00,11.449,11.454,11.444,11.449,24652,0
2017-12-21,20:00:00,11.444,11.464,11.434,11.434,48059,0
2017-12-21,21:00:00,11.442,11.442,11.405,11.41,34022,0
2017-12-21,22:00:00,11.409,11.474,11.405,11.474,76759,0
2017-12-22,16:00:00,11.464,11.512,11.459,11.512,21576,0
2017-12-22,17:00:00,11.512,11.517,11.492,11.512,59414,0
2017-12-22,18:00:00,11.509,11.522,11.505,11.517,16341,0
2017-12-22,19:00:00,11.522,11.522,11.512,11.515,21992,0
2017-12-22,20:00:00,11.522,11.522,11.512,11.517,19586,0
2017-12-22,21:00:00,11.522,11.522,11.512,11.517,23309,0
2017-12-22,22:00:00,11.522,11.542,11.522,11.522,70133,0
2017-12-26,16:00:00,11.542,11.562,11.523,11.562,47255,0
2017-12-26,17:00:00,11.562,11.592,11.552,11.587,44842,0
2017-12-26,18:00:00,11.587,11.597,11.582,11.587,30572,0
2017-12-26,19:00:00,11.592,11.592,11.582,11.592,28348,0
2017-12-26,20:00:00,11.587,11.602,11.582,11.582,40872,0
2017-12-26,21:00:00,11.582,11.592,11.582,11.592,20826,0
2017-12-26,22:00:00,11.585,11.611,11.582,11.602,136879,0
2017-12-27,16:00:00,11.572,11.592,11.552,11.587,16129,0
2017-12-27,17:00:00,11.592,11.611,11.592,11.603,45246,0
2017-12-27,18:00:00,11.611,11.621,11.602,11.611,47238,0
2017-12-27,19:00:00,11.61,11.621,11.609,11.621,41072,0
2017-12-27,20:00:00,11.621,11.631,11.611,11.621,31926,0
2017-12-27,21:00:00,11.621,11.631,11.611,11.631,22817,0
2017-12-27,22:00:00,11.631,11.641,11.611,11.611,55249,0
2017-12-28,16:00:00,11.592,11.641,11.592,11.641,27313,0
2017-12-28,17:00:00,11.641,11.641,11.606,11.606,33769,0
2017-12-28,18:00:00,11.604,11.611,11.602,11.611,18446,0
2017-12-28,19:00:00,11.611,11.621,11.602,11.621,37550,0
2017-12-28,20:00:00,11.611,11.621,11.592,11.592,32340,0
2017-12-28,21:00:00,11.585,11.602,11.572,11.592,50485,0
2017-12-28,22:00:00,11.592,11.611,11.582,11.602,50557,0
2017-12-29,16:00:00,11.572,11.593,11.572,11.581,40859,0
2017-12-29,17:00:00,11.582,11.616,11.572,11.592,92563,0
2017-12-29,18:00:00,11.597,11.651,11.582,11.651,100320,0
2017-12-29,19:00:00,11.651,11.661,11.611,11.611,62072,0
2017-12-29,20:00:00,11.619,11.621,11.582,11.582,38077,0
2017-12-29,21:00:00,11.582,11.592,11.562,11.562,51973,0
2017-12-29,22:00:00,11.562,11.572,11.532,11.532,68494,0
2018-01-02,16:00:00,11.602,11.602,11.572,11.592,37354,0
2018-01-02,17:00:00,11.592,11.611,11.589,11.592,28331,0
2018-01-02,18:00:00,11.585,11.611,11.582,11.611,24620,0
2018-01-02,19:00:00,11.608,11.616,11.602,11.611,20981,0
2018-01-02,20:00:00,11.606,11.641,11.606,11.631,57389,0
2018-01-02,21:00:00,11.636,11.641,11.623,11.636,37748,0
2018-01-02,22:00:00,11.641,11.729,11.631,11.729,1174030,0
2018-01-03,16:00:00,11.709,11.719,11.68,11.689,56246,0
2018-01-03,17:00:00,11.689,11.689,11.67,11.689,47780,0
2018-01-03,18:00:00,11.689,11.709,11.68,11.709,45329,0
2018-01-03,19:00:00,11.706,11.719,11.699,11.719,61307,0
2018-01-03,20:00:00,11.709,11.719,11.709,11.709,61344,0
2018-01-03,21:00:00,11.714,11.769,11.709,11.769,202225,0
2018-01-03,22:00:00,11.769,11.808,11.684,11.719,910151,0
2018-01-04,16:00:00,11.749,11.749,11.709,11.729,31788,0
2018-01-04,17:00:00,11.729,11.739,11.689,11.69,74544,0
2018-01-04,18:00:00,11.689,11.699,11.675,11.675,38749,0
2018-01-04,19:00:00,11.68,11.729,11.672,11.719,41678,0
2018-01-04,20:00:00,11.729,11.729,11.704,11.719,84771,0
2018-01-04,21:00:00,11.714,11.719,11.67,11.675,77503,0
2018-01-04,22:00:00,11.675,11.719,11.582,11.709,1025890,0
2018-01-05,16:00:00,11.719,11.729,11.699,11.699,40244,0
2018-01-05,17:00:00,11.704,11.709,11.68,11.689,41719,0
2018-01-05,18:00:00,11.68,11.689,11.68,11.68,15477,0
2018-01-05,19:00:00,11.689,11.719,11.67,11.689,57097,0
2018-01-05,20:00:00,11.694,11.699,11.681,11.689,36684,0
2018-01-05,21:00:00,11.699,11.699,11.689,11.699,14552,0
2018-01-05,22:00:00,11.694,11.699,11.68,11.689,38849,0
2018-01-08,16:00:00,11.699,11.719,11.689,11.719,27443,0
2018-01-08,17:00:00,11.719,11.739,11.719,11.729,31203,0
2018-01-08,18:00:00,11.729,11.739,11.719,11.739,15428,0
2018-01-08,19:00:00,11.739,11.749,11.729,11.744,31376,0
2018-01-08,20:00:00,11.749,11.749,11.729,11.739,27045,0
2018-01-08,21:00:00,11.732,11.739,11.719,11.729,38425,0
2018-01-08,22:00:00,11.719,11.729,11.709,11.729,54869,0
2018-01-09,16:00:00,11.699,11.729,11.689,11.699,26768,0
2018-01-09,17:00:00,11.699,11.705,11.689,11.699,8303,0
2018-01-09,18:00:00,11.695,11.699,11.68,11.699,13563,0
2018-01-09,19:00:00,11.699,11.704,11.689,11.699,13215,0
2018-01-09,20:00:00,11.689,11.709,11.689,11.699,29246,0
2018-01-09,21:00:00,11.699,11.709,11.699,11.699,14454,0
2018-01-09,22:00:00,11.699,11.709,11.651,11.689,92560,0
2018-01-10,16:00:00,11.689,11.689,11.641,11.656,29577,0
2018-01-10,17:00:00,11.651,11.666,11.641,11.661,31414,0
2018-01-10,18:00:00,11.651,11.679,11.651,11.67,15370,0
2018-01-10,19:00:00,11.673,11.68,11.651,11.651,21589,0
2018-01-10,20:00:00,11.654,11.661,11.651,11.651,15269,0
2018-01-10,21:00:00,11.654,11.67,11.651,11.67,20335,0
2018-01-10,22:00:00,11.67,11.67,11.611,11.641,88387,0
2018-01-11,16:00:00,11.67,11.688,11.631,11.661,22068,0
2018-01-11,17:00:00,11.68,11.689,11.67,11.68,14729,0
2018-01-11,18:00:00,11.675,11.719,11.67,11.68,28417,0
2018-01-11,19:00:00,11.689,11.709,11.689,11.702,30680,0
2018-01-11,20:00:00,11.704,11.739,11.699,11.729,42356,0
2018-01-11,21:00:00,11.724,11.739,11.719,11.736,58912,0
2018-01-11,22:00:00,11.734,11.739,11.709,11.739,34490,0
2018-01-12,16:00:00,11.749,11.749,11.728,11.749,34967,0
2018-01-12,17:00:00,11.749,11.759,11.739,11.742,35307,0
2018-01-12,18:00:00,11.739,11.759,11.739,11.749,11857,0
2018-01-12,19:00:00,11.739,11.749,11.729,11.739,13991,0
2018-01-12,20:00:00,11.739,11.739,11.729,11.735,9655,0
2018-01-12,21:00:00,11.729,11.739,11.709,11.709,34695,0
2018-01-12,22:00:00,11.709,11.716,11.651,11.661,69561,0
2018-01-16,16:00:00,11.67,11.739,11.67,11.739,27140,0
2018-01-16,17:00:00,11.729,11.779,11.719,11.769,65518,0
2018-01-16,18:00:00,11.779,11.779,11.754,11.759,24005,0
2018-01-16,19:00:00,11.769,11.779,11.759,11.778,52724,0
2018-01-16,20:00:00,11.774,11.778,11.759,11.766,23629,0
2018-01-16,21:00:00,11.759,11.759,11.719,11.734,27967,0
2018-01-16,22:00:00,11.739,11.759,11.729,11.759,40462,0
2018-01-17,16:00:00,11.759,11.769,11.739,11.753,33475,0
2018-01-17,17:00:00,11.745,11.769,11.739,11.749,18706,0
2018-01-17,18:00:00,11.759,11.769,11.749,11.759,18585,0
2018-01-17,19:00:00,11.754,11.779,11.749,11.779,9485,0
2018-01-17,20:00:00,11.773,11.779,11.749,11.754,40550,0
2018-01-17,21:00:00,11.754,11.759,11.749,11.755,14963,0
2018-01-17,22:00:00,11.759,11.769,11.749,11.769,47674,0
2018-01-18,16:00:00,11.779,11.779,11.739,11.779,30620,0
2018-01-18,17:00:00,11.769,11.779,11.749,11.755,26109,0
2018-01-18,18:00:00,11.759,11.759,11.749,11.759,15294,0
2018-01-18,19:00:00,11.749,11.754,11.699,11.706,40999,0
2018-01-18,20:00:00,11.704,11.709,11.675,11.699,30758,0
2018-01-18,21:00:00,11.699,11.699,11.67,11.679,27625,0
2018-01-18,22:00:00,11.67,11.68,11.646,11.651,57383,0
2018-01-19,16:00:00,11.661,11.67,11.641,11.661,32130,0
2018-01-19,17:00:00,11.656,11.67,11.621,11.621,58813,0
2018-01-19,18:00:00,11.631,11.641,11.621,11.628,37815,0
2018-01-19,19:00:00,11.631,11.651,11.626,11.651,32934,0
2018-01-19,20:00:00,11.651,11.651,11.641,11.651,24924,0
2018-01-19,21:00:00,11.651,11.709,11.646,11.704,45618,0
2018-01-19,22:00:00,11.709,11.769,11.702,11.759,81346,0
2018-01-22,16:00:00,11.739,11.759,11.704,11.759,27256,0
2018-01-22,17:00:00,11.759,11.779,11.759,11.769,31709,0
2018-01-22,18:00:00,11.769,11.779,11.759,11.769,13567,0
2018-01-22,19:00:00,11.769,11.779,11.749,11.759,25671,0
2018-01-22,20:00:00,11.749,11.779,11.739,11.779,19501,0
2018-01-22,21:00:00,11.774,11.779,11.749,11.749,22396,0
2018-01-22,22:00:00,11.749,11.779,11.749,11.779,42815,0
2018-01-23,16:00:00,11.789,11.798,11.77,11.789,17592,0
2018-01-23,17:00:00,11.798,11.798,11.779,11.789,14364,0
2018-01-23,18:00:00,11.789,11.789,11.769,11.789,24459,0
2018-01-23,19:00:00,11.779,11.789,11.779,11.779,16096,0
2018-01-23,20:00:00,11.784,11.789,11.769,11.774,20898,0
2018-01-23,21:00:00,11.775,11.779,11.76,11.774,32426,0
2018-01-23,22:00:00,11.774,11.798,11.769,11.789,27057,0
2018-01-24,16:00:00,11.818,11.848,11.807,11.848,25055,0
2018-01-24,17:00:00,11.848,11.848,11.838,11.848,15510,0
2018-01-24,18:00:00,11.848,11.848,11.803,11.808,38962,0
2018-01-24,19:00:00,11.805,11.808,11.798,11.803,14019,0
2018-01-24,20:00:00,11.798,11.808,11.798,11.803,19635,0
2018-01-24,21:00:00,11.798,11.808,11.779,11.786,21329,0
2018-01-24,22:00:00,11.779,11.787,11.769,11.779,39132,0
2018-01-25,16:00:00,11.779,11.808,11.779,11.798,18762,0
2018-01-25,17:00:00,11.794,11.808,11.789,11.798,24392,0
2018-01-25,18:00:00,11.808,11.808,11.798,11.808,11519,0
2018-01-25,19:00:00,11.808,11.838,11.801,11.838,19789,0
2018-01-25,20:00:00,11.838,11.858,11.828,11.858,21218,0
2018-01-25,21:00:00,11.854,11.867,11.849,11.867,27421,0
2018-01-25,22:00:00,11.867,11.877,11.838,11.867,59093,0
2018-01-26,16:00:00,11.858,11.858,11.843,11.858,15834,0
2018-01-26,17:00:00,11.858,11.858,11.848,11.848,19253,0
2018-01-26,18:00:00,11.858,11.858,11.843,11.848,24692,0
2018-01-26,19:00:00,11.848,11.858,11.848,11.858,9273,0
2018-01-26,20:00:00,11.858,11.858,11.848,11.849,18988,0
2018-01-26,21:00:00,11.858,11.858,11.848,11.848,24953,0
2018-01-26,22:00:00,11.858,11.887,11.848,11.887,66713,0
2018-01-29,16:00:00,11.848,11.877,11.828,11.877,39661,0
2018-01-29,17:00:00,11.87,11.877,11.848,11.858,22215,0
2018-01-29,18:00:00,11.853,11.858,11.848,11.848,19203,0
2018-01-29,19:00:00,11.853,11.858,11.808,11.81,33853,0
2018-01-29,20:00:00,11.813,11.838,11.813,11.832,10149,0
2018-01-29,21:00:00,11.828,11.828,11.798,11.828,33671,0
2018-01-29,22:00:00,11.821,11.828,11.798,11.808,21489,0
2018-01-30,16:00:00,11.759,11.789,11.732,11.739,27547,0
2018-01-30,17:00:00,11.731,11.739,11.719,11.723,28258,0
2018-01-30,18:00:00,11.719,11.729,11.719,11.719,33243,0
2018-01-30,19:00:00,11.719,11.724,11.679,11.68,33415,0
2018-01-30,20:00:00,11.679,11.689,11.669,11.669,19331,0
2018-01-30,21:00:00,11.669,11.679,11.66,11.665,62514,0
2018-01-30,22:00:00,11.66,11.699,11.64,11.699,127664,0
2018-01-31,16:00:00,11.689,11.719,11.65,11.689,33403,0
2018-01-31,17:00:00,11.679,11.709,11.669,11.674,48133,0
2018-01-31,18:00:00,11.669,11.686,11.66,11.66,23276,0
2018-01-31,19:00:00,11.66,11.666,11.601,11.601,61146,0
2018-01-31,20:00:00,11.601,11.62,11.601,11.61,44895,0
2018-01-31,21:00:00,11.61,11.62,11.501,11.508,110828,0
2018-01-31,22:00:00,11.506,11.591,11.501,11.551,202056,0
2018-02-01,16:00:00,11.531,11.62,11.531,11.571,40491,0
2018-02-01,17:00:00,11.581,11.591,11.561,11.581,23370,0
2018-02-01,18:00:00,11.586,11.591,11.581,11.581,50334,0
2018-02-01,19:00:00,11.581,11.601,11.571,11.592,50990,0
2018-02-01,20:00:00,11.591,11.601,11.591,11.601,22063,0
2018-02-01,21:00:00,11.591,11.601,11.581,11.581,23141,0
2018-02-01,22:00:00,11.581,11.61,11.581,11.61,56230,0
2018-02-02,16:00:00,11.551,11.561,11.531,11.551,31568,0
2018-02-02,17:00:00,11.551,11.581,11.551,11.551,22154,0
2018-02-02,18:00:00,11.561,11.576,11.551,11.561,27443,0
2018-02-02,19:00:00,11.561,11.566,11.551,11.551,64397,0
2018-02-02,20:00:00,11.558,11.571,11.551,11.561,19854,0
2018-02-02,21:00:00,11.561,11.569,11.541,11.541,84114,0
2018-02-02,22:00:00,11.541,11.571,11.541,11.571,110938,0
2018-02-05,16:00:00,11.571,11.571,11.551,11.564,38403,0
2018-02-05,17:00:00,11.566,11.581,11.561,11.578,22869,0
2018-02-05,18:00:00,11.574,11.581,11.571,11.581,5237,0
2018-02-05,19:00:00,11.576,11.601,11.571,11.581,17426,0
2018-02-05,20:00:00,11.581,11.586,11.571,11.574,21095,0
2018-02-05,21:00:00,11.571,11.576,11.481,11.494,52594,0
2018-02-05,22:00:00,11.496,11.496,11.363,11.432,174647,0
2018-02-06,16:00:00,11.333,11.501,11.333,11.501,61755,0
2018-02-06,17:00:00,11.501,11.511,11.442,11.469,42085,0
2018-02-06,18:00:00,11.471,11.471,11.442,11.455,14051,0
2018-02-06,19:00:00,11.458,11.501,11.454,11.496,36620,0
2018-02-06,20:00:00,11.495,11.501,11.467,11.481,9704,0
2018-02-06,21:00:00,11.481,11.481,11.447,11.481,38645,0
2018-02-06,22:00:00,11.481,11.511,11.481,11.491,35653,0
2018-02-07,16:00:00,11.501,11.541,11.462,11.541,32083,0
2018-02-07,17:00:00,11.541,11.558,11.536,11.558,13515,0
2018-02-07,18:00:00,11.556,11.601,11.541,11.591,35377,0
2018-02-07,19:00:00,11.597,11.61,11.592,11.601,25497,0
2018-02-07,20:00:00,11.606,11.61,11.561,11.571,20341,0
2018-02-07,21:00:00,11.571,11.571,11.561,11.561,5906,0
2018-02-07,22:00:00,11.57,11.571,11.551,11.561,114746,0
2018-02-08,16:00:00,11.581,11.581,11.521,11.551,14468,0
2018-02-08,17:00:00,11.558,11.558,11.493,11.493,21352,0
2018-02-08,18:00:00,11.494,11.501,11.472,11.472,16855,0
2018-02-08,19:00:00,11.472,11.478,11.472,11.472,29125,0
2018-02-08,20:00:00,11.472,11.518,11.452,11.518,36215,0
2018-02-08,21:00:00,11.516,11.516,11.472,11.472,25246,0
2018-02-08,22:00:00,11.472,11.478,11.432,11.462,79703,0
2018-02-09,16:00:00,11.501,11.51,11.49,11.492,27594,0
2018-02-09,17:00:00,11.491,11.498,11.472,11.472,46742,0
2018-02-09,18:00:00,11.472,11.481,11.408,11.422,46885,0
2018-02-09,19:00:00,11.425,11.432,11.412,11.412,63833,0
2018-02-09,20:00:00,11.412,11.417,11.403,11.412,64553,0
2018-02-09,21:00:00,11.412,11.531,11.403,11.531,95426,0
2018-02-09,22:00:00,11.521,11.521,11.393,11.422,63760,0
2018-02-12,16:00:00,11.481,11.481,11.452,11.478,30510,0
2018-02-12,17:00:00,11.472,11.472,11.452,11.467,24259,0
2018-02-12,18:00:00,11.472,11.476,11.462,11.476,225052,0
2018-02-12,19:00:00,11.472,11.521,11.472,11.518,59969,0
2018-02-12,20:00:00,11.52,11.531,11.511,11.531,12170,0
2018-02-12,21:00:00,11.521,11.541,11.521,11.531,11972,0
2018-02-12,22:00:00,11.531,11.591,11.531,11.591,41580,0
2018-02-13,16:00:00,11.581,11.581,11.548,11.561,20183,0
2018-02-13,17:00:00,11.561,11.571,11.551,11.551,21308,0
2018-02-13,18:00:00,11.561,11.561,11.521,11.521,17416,0
2018-02-13,19:00:00,11.511,11.511,11.491,11.494,12169,0
2018-02-13,20:00:00,11.501,11.531,11.491,11.526,7967,0
2018-02-13,21:00:00,11.528,11.541,11.521,11.528,16812,0
2018-02-13,22:00:00,11.529,11.571,11.521,11.571,29475,0
2018-02-14,16:00:00,11.501,11.561,11.501,11.56,27996,0
2018-02-14,17:00:00,11.551,11.571,11.551,11.561,12101,0
2018-02-14,18:00:00,11.551,11.561,11.551,11.551,5071,0
2018-02-14,19:00:00,11.556,11.561,11.551,11.551,13016,0
2018-02-14,20:00:00,11.551,11.561,11.551,11.551,10343,0
2018-02-14,21:00:00,11.551,11.567,11.551,11.561,26154,0
2018-02-14,22:00:00,11.571,11.601,11.571,11.591,28941,0
2018-02-15,16:00:00,11.61,11.61,11.588,11.588,15160,0
2018-02-15,17:00:00,11.582,11.6,11.582,11.591,4101,0
2018-02-15,18:00:00,11.596,11.597,11.591,11.597,10827,0
2018-02-15,19:00:00,11.6,11.609,11.591,11.591,15086,0
2018-02-15,20:00:00,11.591,11.61,11.591,11.591,18302,0
2018-02-15,21:00:00,11.593,11.598,11.591,11.598,8820,0
2018-02-15,22:00:00,11.594,11.61,11.591,11.61,41401,0
2018-02-16,16:00:00,11.62,11.62,11.581,11.591,12003,0
2018-02-16,17:00:00,11.591,11.61,11.581,11.591,17088,0
2018-02-16,18:00:00,11.586,11.607,11.581,11.607,27273,0
2018-02-16,19:00:00,11.601,11.61,11.591,11.591,21768,0
2018-02-16,20:00:00,11.591,11.599,11.561,11.561,17189,0
2018-02-16,21:00:00,11.551,11.561,11.542,11.542,30240,0
2018-02-16,22:00:00,11.551,11.581,11.541,11.571,64317,0
2018-02-20,16:00:00,11.552,11.591,11.552,11.571,6918,0
2018-02-20,17:00:00,11.571,11.581,11.561,11.577,15442,0
2018-02-20,18:00:00,11.581,11.581,11.561,11.571,13905,0
2018-02-20,19:00:00,11.568,11.568,11.551,11.558,12849,0
2018-02-20,20:00:00,11.556,11.561,11.551,11.561,9962,0
2018-02-20,21:00:00,11.553,11.561,11.551,11.551,12026,0
2018-02-20,22:00:00,11.541,11.551,11.541,11.541,31494,0
2018-02-21,16:00:00,11.551,11.581,11.551,11.581,11366,0
2018-02-21,17:00:00,11.581,11.581,11.561,11.566,16424,0
2018-02-21,18:00:00,11.566,11.571,11.561,11.561,18799,0
2018-02-21,19:00:00,11.561,11.581,11.561,11.574,9605,0
2018-02-21,20:00:00,11.574,11.591,11.571,11.591,5271,0
2018-02-21,21:00:00,11.591,11.591,11.581,11.587,9576,0
2018-02-21,22:00:00,11.582,11.582,11.561,11.571,44098,0
2018-02-22,16:00:00,11.561,11.591,11.561,11.581,17595,0
2018-02-22,17:00:00,11.581,11.591,11.581,11.581,32042,0
2018-02-22,18:00:00,11.585,11.591,11.571,11.586,22898,0
2018-02-22,19:00:00,11.581,11.589,11.581,11.584,4414,0
2018-02-22,20:00:00,11.581,11.588,11.581,11.588,1978,0
2018-02-22,21:00:00,11.581,11.591,11.581,11.587,9013,0
2018-02-22,22:00:00,11.589,11.591,11.581,11.581,17355,0
2018-02-23,16:00:00,11.591,11.62,11.591,11.617,14641,0
2018-02-23,17:00:00,11.62,11.63,11.611,11.63,36258,0
2018-02-23,18:00:00,11.63,11.63,11.61,11.62,26965,0
2018-02-23,19:00:00,11.615,11.63,11.61,11.63,18067,0
2018-02-23,20:00:00,11.63,11.63,11.62,11.627,14175,0
2018-02-23,21:00:00,11.62,11.63,11.62,11.62,20134,0
2018-02-23,22:00:00,11.625,11.63,11.61,11.61,26142,0
2018-02-26,16:00:00,11.62,11.62,11.591,11.591,17572,0
2018-02-26,17:00:00,11.591,11.594,11.541,11.541,21999,0
2018-02-26,18:00:00,11.546,11.588,11.541,11.581,75393,0
2018-02-26,19:00:00,11.581,11.6,11.571,11.584,49975,0
2018-02-26,20:00:00,11.587,11.59,11.561,11.566,12403,0
2018-02-26,21:00:00,11.561,11.581,11.561,11.562,38062,0
2018-02-26,22:00:00,11.566,11.571,11.541,11.541,57266,0
2018-02-27,16:00:00,11.541,11.591,11.541,11.581,17840,0
2018-02-27,17:00:00,11.571,11.571,11.521,11.524,29695,0
2018-02-27,18:00:00,11.527,11.531,11.521,11.531,36740,0
2018-02-27,19:00:00,11.526,11.551,11.501,11.541,32479,0
2018-02-27,20:00:00,11.541,11.551,11.521,11.531,30890,0
2018-02-27,21:00:00,11.531,11.541,11.521,11.531,17957,0
2018-02-27,22:00:00,11.531,11.561,11.521,11.541,57508,0
2018-02-28,16:00:00,11.561,11.561,11.541,11.556,22175,0
2018-02-28,17:00:00,11.556,11.581,11.551,11.571,24964,0
2018-02-28,18:00:00,11.571,11.571,11.551,11.561,24147,0
2018-02-28,19:00:00,11.561,11.571,11.556,11.571,13638,0
2018-02-28,20:00:00,11.571,11.581,11.566,11.581,18546,0
2018-02-28,21:00:00,11.581,11.581,11.561,11.564,24414,0
2018-02-28,22:00:00,11.571,11.571,11.531,11.531,114811,0
2018-03-01,16:00:00,11.561,11.561,11.551,11.551,23010,0
2018-03-01,17:00:00,11.556,11.581,11.551,11.566,25366,0
2018-03-01,18:00:00,11.571,11.581,11.571,11.581,14517,0
2018-03-01,19:00:00,11.581,11.591,11.571,11.591,19190,0
2018-03-01,20:00:00,11.591,11.591,11.581,11.591,18467,0
2018-03-01,21:00:00,11.585,11.591,11.571,11.591,37171,0
2018-03-01,22:00:00,11.581,11.63,11.581,11.62,41928,0
2018-03-02,16:00:00,11.581,11.581,11.546,11.546,5756,0
2018-03-02,17:00:00,11.546,11.561,11.526,11.526,43483,0
2018-03-02,18:00:00,11.521,11.551,11.521,11.541,30859,0
2018-03-02,19:00:00,11.541,11.551,11.531,11.541,61873,0
2018-03-02,20:00:00,11.551,11.571,11.541,11.561,35547,0
2018-03-02,21:00:00,11.561,11.571,11.541,11.571,36022,0
2018-03-02,22:00:00,11.571,11.571,11.541,11.551,66282,0
2018-03-05,16:00:00,11.511,11.551,11.511,11.551,41388,0
2018-03-05,17:00:00,11.551,11.551,11.541,11.541,35188,0
2018-03-05,18:00:00,11.541,11.551,11.541,11.551,25003,0
2018-03-05,19:00:00,11.541,11.551,11.541,11.546,15220,0
2018-03-05,20:00:00,11.551,11.551,11.541,11.547,11136,0
2018-03-05,21:00:00,11.551,11.561,11.549,11.551,19524,0
2018-03-05,22:00:00,11.552,11.571,11.551,11.571,49843,0
2018-03-06,16:00:00,11.591,11.591,11.551,11.571,11375,0
2018-03-06,17:00:00,11.571,11.591,11.571,11.581,29913,0
2018-03-06,18:00:00,11.591,11.591,11.581,11.591,5026,0
2018-03-06,19:00:00,11.591,11.601,11.586,11.591,12854,0
2018-03-06,20:00:00,11.591,11.599,11.581,11.591,6612,0
2018-03-06,21:00:00,11.581,11.591,11.581,11.591,15510,0
2018-03-06,22:00:00,11.586,11.601,11.581,11.591,41184,0
2018-03-07,16:00:00,11.541,11.575,11.541,11.571,30517,0
2018-03-07,17:00:00,11.571,11.601,11.571,11.596,31404,0
2018-03-07,18:00:00,11.591,11.591,11.581,11.581,22905,0
2018-03-07,19:00:00,11.59,11.592,11.581,11.592,16511,0
2018-03-07,20:00:00,11.595,11.598,11.591,11.594,5488,0
2018-03-07,21:00:00,11.591,11.601,11.581,11.591,15766,0
2018-03-07,22:00:00,11.596,11.61,11.591,11.591,29312,0
2018-03-08,16:00:00,11.61,11.62,11.597,11.62,16754,0
2018-03-08,17:00:00,11.616,11.63,11.61,11.63,23280,0
2018-03-08,18:00:00,11.63,11.63,11.62,11.622,18122,0
2018-03-08,19:00:00,11.625,11.625,11.605,11.61,32463,0
2018-03-08,20:00:00,11.61,11.62,11.596,11.61,29779,0
2018-03-08,21:00:00,11.601,11.63,11.596,11.62,26353,0
2018-03-08,22:00:00,11.63,11.63,11.601,11.61,31603,0
2018-03-09,16:00:00,11.62,11.65,11.62,11.65,27632,0
2018-03-09,17:00:00,11.65,11.67,11.645,11.663,26844,0
2018-03-09,18:00:00,11.67,11.69,11.65,11.69,53470,0
2018-03-09,19:00:00,11.69,11.69,11.661,11.67,35976,0
2018-03-09,20:00:00,11.67,11.69,11.66,11.684,18947,0
2018-03-09,21:00:00,11.685,11.69,11.68,11.69,8245,0
2018-03-09,22:00:00,11.69,11.69,11.68,11.69,8290,0
2018-03-12,15:00:00,11.69,11.701,11.675,11.695,16196,0
2018-03-12,16:00:00,11.69,11.69,11.68,11.68,9243,0
2018-03-12,17:00:00,11.685,11.69,11.665,11.687,28103,0
2018-03-12,18:00:00,11.69,11.69,11.68,11.68,8932,0
2018-03-12,19:00:00,11.684,11.69,11.68,11.69,11403,0
2018-03-12,20:00:00,11.68,11.69,11.68,11.687,21269,0
2018-03-12,21:00:00,11.68,11.685,11.67,11.68,18012,0
2018-03-13,15:00:00,11.69,11.7,11.673,11.68,20376,0
2018-03-13,16:00:00,11.68,11.69,11.67,11.67,10234,0
2018-03-13,17:00:00,11.67,11.68,11.67,11.67,7231,0
2018-03-13,18:00:00,11.67,11.68,11.67,11.677,5658,0
2018-03-13,19:00:00,11.67,11.7,11.67,11.7,9108,0
2018-03-13,20:00:00,11.693,11.7,11.67,11.67,10891,0
2018-03-13,21:00:00,11.676,11.7,11.67,11.7,38246,0
2018-03-14,15:00:00,11.72,11.72,11.67,11.71,15742,0
2018-03-14,16:00:00,11.71,11.71,11.7,11.705,16448,0
2018-03-14,17:00:00,11.705,11.71,11.69,11.69,73111,0
2018-03-14,18:00:00,11.7,11.72,11.7,11.714,53382,0
2018-03-14,19:00:00,11.71,11.725,11.71,11.7101,27827,0
2018-03-14,20:00:00,11.71,11.715,11.7,11.7,13353,0
2018-03-14,21:00:00,11.7,11.7071,11.67,11.67,23997,0
2018-03-15,15:00:00,11.7,11.7,11.66,11.6728,21579,0
2018-03-15,16:00:00,11.679,11.68,11.67,11.6774,6088,0
2018-03-15,17:00:00,11.6701,11.68,11.67,11.68,16378,0
2018-03-15,18:00:00,11.6773,11.68,11.66,11.6627,21847,0
2018-03-15,19:00:00,11.6638,11.6666,11.65,11.6539,17773,0
2018-03-15,20:00:00,11.65,11.6599,11.65,11.655,7208,0
2018-03-15,21:00:00,11.6599,11.67,11.64,11.65,62817,0
2018-03-16,15:00:00,11.65,11.6628,11.65,11.66,19510,0
2018-03-16,16:00:00,11.66,11.665,11.64,11.65,48705,0
2018-03-16,17:00:00,11.6532,11.66,11.65,11.65,15951,0
2018-03-16,18:00:00,11.65,11.68,11.641,11.66,22512,0
2018-03-16,19:00:00,11.66,11.66,11.64,11.6448,3494,0
2018-03-16,20:00:00,11.65,11.65,11.64,11.6401,21683,0
2018-03-16,21:00:00,11.64,11.67,11.64,11.66,46878,0
2018-03-19,15:00:00,11.65,11.653,11.62,11.6221,13714,0
2018-03-19,16:00:00,11.62,11.6201,11.62,11.62,6416,0
2018-03-19,17:00:00,11.62,11.63,11.61,11.61,29022,0
2018-03-19,18:00:00,11.61,11.62,11.605,11.61,20878,0
2018-03-19,19:00:00,11.61,11.61,11.58,11.597,34858,0
2018-03-19,20:00:00,11.5969,11.6,11.58,11.59,21616,0
2018-03-19,21:00:00,11.59,11.61,11.58,11.59,31608,0
2018-03-20,15:00:00,11.58,11.61,11.58,11.61,14158,0
2018-03-20,16:00:00,11.6122,11.62,11.61,11.61,15994,0
2018-03-20,17:00:00,11.62,11.62,11.61,11.611,13936,0
2018-03-20,18:00:00,11.6199,11.6199,11.6101,11.611,5224,0
2018-03-20,19:00:00,11.6131,11.62,11.6093,11.6171,13847,0
2018-03-20,20:00:00,11.62,11.62,11.6148,11.6199,14094,0
2018-03-20,21:00:00,11.6182,11.64,11.61,11.64,18793,0
2018-03-21,15:00:00,11.62,11.6218,11.61,11.61,16067,0
2018-03-21,16:00:00,11.61,11.62,11.61,11.61,14005,0
2018-03-21,17:00:00,11.61,11.6199,11.6001,11.6054,20839,0
2018-03-21,18:00:00,11.6068,11.6068,11.6,11.6,25145,0
2018-03-21,19:00:00,11.604,11.62,11.6,11.61,14117,0
2018-03-21,20:00:00,11.62,11.62,11.61,11.61,20420,0
2018-03-21,21:00:00,11.6163,11.68,11.61,11.67,141387,0
2018-03-22,15:00:00,11.62,11.64,11.61,11.61,46865,0
2018-03-22,16:00:00,11.6151,11.62,11.6,11.61,24046,0
2018-03-22,17:00:00,11.6118,11.62,11.6,11.61,17924,0
2018-03-22,18:00:00,11.6,11.61,11.6,11.6,14101,0
2018-03-22,19:00:00,11.6,11.61,11.59,11.6,59440,0
2018-03-22,20:00:00,11.605,11.61,11.59,11.6,35523,0
2018-03-22,21:00:00,11.6032,11.61,11.59,11.6,35054,0
2018-03-23,15:00:00,11.61,11.61,11.5855,11.6,17489,0
2018-03-23,16:00:00,11.605,11.605,11.59,11.59,30117,0
2018-03-23,17:00:00,11.5934,11.6,11.59,11.59,13929,0
2018-03-23,18:00:00,11.5932,11.5932,11.58,11.58,4492,0
2018-03-23,19:00:00,11.57,11.59,11.5693,11.58,19396,0
2018-03-23,20:00:00,11.585,11.5899,11.575,11.58,20789,0
2018-03-23,21:00:00,11.58,11.59,11.55,11.58,43239,0
2018-03-26,16:00:00,11.61,11.63,11.5801,11.63,19116,0
2018-03-26,17:00:00,11.63,11.64,11.62,11.64,30128,0
2018-03-26,18:00:00,11.64,11.65,11.62,11.62,39837,0
2018-03-26,19:00:00,11.62,11.63,11.61,11.61,13517,0
2018-03-26,20:00:00,11.6107,11.62,11.6,11.6,22993,0
2018-03-26,21:00:00,11.61,11.62,11.6,11.61,25087,0
2018-03-26,22:00:00,11.61,11.63,11.595,11.63,47962,0
2018-03-27,16:00:00,11.64,11.655,11.61,11.655,16339,0
2018-03-27,17:00:00,11.655,11.66,11.63,11.645,10602,0
2018-03-27,18:00:00,11.64,11.66,11.64,11.66,31057,0
2018-03-27,19:00:00,11.655,11.68,11.655,11.67,20300,0
2018-03-27,20:00:00,11.67,11.68,11.65,11.65,17806,0
2018-03-27,21:00:00,11.65,11.667,11.65,11.66,25687,0
2018-03-27,22:00:00,11.661,11.68,11.66,11.68,44855,0
2018-03-28,16:00:00,11.68,11.73,11.6531,11.67,17611,0
2018-03-28,17:00:00,11.68,11.69,11.67,11.675,5306,0
2018-03-28,18:00:00,11.6799,11.6799,11.655,11.67,16776,0
2018-03-28,19:00:00,11.67,11.68,11.65,11.65,25118,0
2018-03-28,20:00:00,11.6504,11.67,11.65,11.65,13575,0
2018-03-28,21:00:00,11.65,11.6534,11.63,11.6331,21429,0
2018-03-28,22:00:00,11.63,11.64,11.62,11.63,40468,0
2018-03-29,16:00:00,11.66,11.7,11.66,11.69,17285,0
2018-03-29,17:00:00,11.695,11.73,11.6934,11.73,27433,0
2018-03-29,18:00:00,11.73,11.74,11.7249,11.74,17749,0
2018-03-29,19:00:00,11.74,11.74,11.7237,11.73,24531,0
2018-03-29,20:00:00,11.73,11.74,11.73,11.74,14117,0
2018-03-29,21:00:00,11.74,11.74,11.73,11.74,18278,0
2018-03-29,22:00:00,11.745,11.755,11.73,11.73,60528,0
