Date,Time,Open,High,Low,Close,Volume,OpenInt
2017-09-05,16:00:00,77.58,77.85,77.023,77.023,73498,0
2017-09-05,17:00:00,77.023,77.102,76.231,76.314,112279,0
2017-09-05,18:00:00,76.32,76.555,76.226,76.46,60553,0
2017-09-05,19:00:00,76.435,76.46,75.937,76.037,88774,0
2017-09-05,20:00:00,76.037,76.107,75.609,76.082,128232,0
2017-09-05,21:00:00,76.107,76.336,76.097,76.226,88567,0
2017-09-05,22:00:00,76.236,76.385,76.137,76.326,308473,0
2017-09-06,16:00:00,77.172,78.418,76.794,78.378,87886,0
2017-09-06,17:00:00,78.378,78.806,77.979,78.038,100855,0
2017-09-06,18:00:00,78.038,78.128,77.61,77.9,225159,0
2017-09-06,19:00:00,77.93,78.198,77.88,78.178,54154,0
2017-09-06,20:00:00,78.168,78.556,78.168,78.348,94764,0
2017-09-06,21:00:00,78.298,78.636,78.118,78.626,135626,0
2017-09-06,22:00:00,78.616,78.616,77.93,78.008,515591,0
2017-09-07,16:00:00,77.989,77.998,77.073,77.162,274612,0
2017-09-07,17:00:00,77.242,77.282,76.674,76.844,135546,0
2017-09-07,18:00:00,76.844,77.033,76.475,76.585,100535,0
2017-09-07,19:00:00,76.61,77.053,76.485,76.884,109208,0
2017-09-07,20:00:00,76.874,76.953,76.635,76.774,103691,0
2017-09-07,21:00:00,76.814,76.874,76.674,76.834,74025,0
2017-09-07,22:00:00,76.824,76.928,76.625,76.664,261890,0
2017-09-08,16:00:00,76.475,76.764,76.306,76.326,27019,0
2017-09-08,17:00:00,76.365,76.375,75.997,76.097,83999,0
2017-09-08,18:00:00,76.087,76.555,76.087,76.395,74034,0
2017-09-08,19:00:00,76.385,76.495,76.256,76.405,98780,0
2017-09-08,20:00:00,76.385,76.405,75.987,76.147,65067,0
2017-09-08,21:00:00,76.152,76.475,76.152,76.475,49415,0
2017-09-08,22:00:00,76.465,76.585,76.157,76.266,288062,0
2017-09-11,16:00:00,77.142,77.82,76.674,77.451,31370,0
2017-09-11,17:00:00,77.451,77.62,77.003,77.043,109138,0
2017-09-11,18:00:00,77.058,77.481,76.874,77.332,171178,0
2017-09-11,19:00:00,77.402,77.451,77.063,77.334,141236,0
2017-09-11,20:00:00,77.322,77.541,77.262,77.471,82751,0
2017-09-11,21:00:00,77.461,77.555,77.302,77.302,72496,0
2017-09-11,22:00:00,77.292,77.461,76.814,77.132,662456,0
2017-09-12,16:00:00,77.56,78.726,77.232,78.666,63702,0
2017-09-12,17:00:00,78.666,78.945,78.008,78.078,127043,0
2017-09-12,18:00:00,78.148,78.318,77.9,78.238,55932,0
2017-09-12,19:00:00,78.238,78.308,78.128,78.248,30520,0
2017-09-12,20:00:00,78.255,78.846,78.248,78.661,152162,0
2017-09-12,21:00:00,78.686,79.194,78.656,78.995,138841,0
2017-09-12,22:00:00,78.995,79.373,78.91,79.094,428527,0
2017-09-13,16:00:00,79.094,79.324,78.606,78.691,50257,0
2017-09-13,17:00:00,78.736,78.856,78.338,78.408,45926,0
2017-09-13,18:00:00,78.378,78.766,78.298,78.606,81999,0
2017-09-13,19:00:00,78.616,78.766,78.467,78.481,64340,0
2017-09-13,20:00:00,78.496,78.965,78.496,78.876,38127,0
2017-09-13,21:00:00,78.866,78.995,78.706,78.816,80225,0
2017-09-13,22:00:00,78.8,79.144,78.746,78.965,304885,0
2017-09-14,16:00:00,78.935,78.935,78.298,78.836,36457,0
2017-09-14,17:00:00,78.866,79.144,78.566,78.895,83071,0
2017-09-14,18:00:00,78.876,78.935,78.626,78.656,30930,0
2017-09-14,19:00:00,78.686,78.775,78.626,78.666,16539,0
2017-09-14,20:00:00,78.666,78.736,78.526,78.626,32893,0
2017-09-14,21:00:00,78.656,78.955,78.626,78.886,44044,0
2017-09-14,22:00:00,78.866,78.955,78.756,78.826,99391,0
2017-09-15,16:00:00,78.616,78.886,78.358,78.756,20998,0
2017-09-15,17:00:00,78.716,79.179,78.684,79.054,22565,0
2017-09-15,18:00:00,79.054,79.463,79.005,79.264,40803,0
2017-09-15,19:00:00,79.289,79.383,79.084,79.084,18175,0
2017-09-15,20:00:00,79.104,79.363,79.044,79.154,26111,0
2017-09-15,21:00:00,79.124,79.214,78.975,79.204,29779,0
2017-09-15,22:00:00,79.204,79.244,79.009,79.134,172521,0
2017-09-18,16:00:00,79.662,80.509,79.324,79.918,92070,0
2017-09-18,17:00:00,79.851,80.279,79.851,80.12,84754,0
2017-09-18,18:00:00,80.1,80.17,79.931,80.041,35749,0
2017-09-18,19:00:00,80.011,80.08,79.951,79.971,25707,0
2017-09-18,20:00:00,79.971,80.499,79.951,80.489,83535,0
2017-09-18,21:00:00,80.479,80.479,80.011,80.11,34166,0
2017-09-18,22:00:00,80.11,80.529,80.08,80.439,200696,0
2017-09-19,16:00:00,80.757,80.897,80.24,80.697,43244,0
2017-09-19,17:00:00,80.837,81.047,80.598,80.789,47537,0
2017-09-19,18:00:00,80.757,81.165,80.678,80.887,71790,0
2017-09-19,19:00:00,80.907,81.057,80.717,80.947,68536,0
2017-09-19,20:00:00,80.967,81.165,80.967,81.052,73732,0
2017-09-19,21:00:00,81.037,81.126,80.857,81.126,40032,0
2017-09-19,22:00:00,81.102,81.126,80.867,80.967,131295,0
2017-09-20,16:00:00,81.255,81.385,80.947,80.947,20304,0
2017-09-20,17:00:00,80.947,80.947,80.2,80.339,84906,0
2017-09-20,18:00:00,80.369,80.787,80.24,80.678,33483,0
2017-09-20,19:00:00,80.673,80.817,80.608,80.747,35779,0
2017-09-20,20:00:00,80.747,80.937,80.648,80.917,49949,0
2017-09-20,21:00:00,80.907,81.017,80.399,80.877,145830,0
2017-09-20,22:00:00,80.867,81.097,80.837,80.837,367335,0
2017-09-21,16:00:00,80.777,80.777,80.329,80.429,24292,0
2017-09-21,17:00:00,80.509,80.717,80.289,80.319,64557,0
2017-09-21,18:00:00,80.329,80.608,80.329,80.509,50248,0
2017-09-21,19:00:00,80.479,80.519,80.249,80.289,141052,0
2017-09-21,20:00:00,80.319,80.379,80.2,80.339,62552,0
2017-09-21,21:00:00,80.349,80.389,80.011,80.12,65570,0
2017-09-21,22:00:00,80.14,80.499,80.1,80.409,240582,0
2017-09-22,16:00:00,80.589,81.295,80.369,80.817,68457,0
2017-09-22,17:00:00,80.777,80.957,80.549,80.559,40217,0
2017-09-22,18:00:00,80.633,80.747,80.429,80.598,24970,0
2017-09-22,19:00:00,80.559,80.574,80.2,80.316,42916,0
2017-09-22,20:00:00,80.304,80.379,80.19,80.324,33386,0
2017-09-22,21:00:00,80.309,80.369,80.21,80.359,61162,0
2017-09-22,22:00:00,80.369,80.579,80.299,80.459,127667,0
2017-09-25,16:00:00,80.22,80.707,79.901,80.394,55352,0
2017-09-25,17:00:00,80.389,80.638,80.1,80.1,35206,0
2017-09-25,18:00:00,80.124,80.279,79.941,79.971,54566,0
2017-09-25,19:00:00,80.001,80.051,79.682,80.011,115829,0
2017-09-25,20:00:00,80.011,80.08,79.861,79.961,51952,0
2017-09-25,21:00:00,79.951,80.041,79.652,79.921,187645,0
2017-09-25,22:00:00,79.911,80.559,79.911,80.379,310472,0
2017-09-26,16:00:00,81.663,82.033,81.295,81.943,68881,0
2017-09-26,17:00:00,81.913,82.082,81.614,81.848,79048,0
2017-09-26,18:00:00,81.848,82.241,81.783,82.162,66123,0
2017-09-26,19:00:00,82.167,82.361,82.102,82.256,46297,0
2017-09-26,20:00:00,82.261,82.56,82.152,82.55,68760,0
2017-09-26,21:00:00,82.54,82.64,82.451,82.58,60393,0
2017-09-26,22:00:00,82.55,82.605,81.803,81.853,166209,0
2017-09-27,16:00:00,82.471,84.234,82.471,82.719,123913,0
2017-09-27,17:00:00,82.68,82.889,82.142,82.162,90651,0
2017-09-27,18:00:00,82.191,82.221,81.943,82.052,65207,0
2017-09-27,19:00:00,82.033,82.55,81.803,82.55,70612,0
2017-09-27,20:00:00,82.55,83.247,82.431,83.247,63874,0
2017-09-27,21:00:00,83.237,83.416,82.829,82.938,85396,0
2017-09-27,22:00:00,82.938,83.297,82.899,82.958,291096,0
2017-09-28,16:00:00,83.297,83.556,82.63,82.819,27789,0
2017-09-28,17:00:00,82.859,83.028,82.507,82.929,81681,0
2017-09-28,18:00:00,82.909,83.446,82.859,83.396,69363,0
2017-09-28,19:00:00,83.347,83.377,83.143,83.352,37527,0
2017-09-28,20:00:00,83.337,83.377,83.118,83.247,42731,0
2017-09-28,21:00:00,83.247,83.526,83.228,83.317,73312,0
2017-09-28,22:00:00,83.277,83.337,83.081,83.208,153122,0
2017-09-29,16:00:00,83.277,83.646,82.59,82.66,60355,0
2017-09-29,17:00:00,82.7,83.108,82.67,83.038,34476,0
2017-09-29,18:00:00,82.978,83.118,82.719,82.794,39997,0
2017-09-29,19:00:00,82.829,82.839,82.486,82.53,29266,0
2017-09-29,20:00:00,82.481,82.749,82.461,82.56,29823,0
2017-09-29,21:00:00,82.57,82.709,82.411,82.66,40548,0
2017-09-29,22:00:00,82.64,82.948,82.64,82.749,256361,0
2017-10-02,16:00:00,82.6,83.357,82.6,83.317,41234,0
2017-10-02,17:00:00,83.257,83.686,83.098,83.626,28372,0
2017-10-02,18:00:00,83.636,83.815,83.416,83.716,24674,0
2017-10-02,19:00:00,83.686,84.049,83.636,83.944,39671,0
2017-10-02,20:00:00,83.984,84.492,83.974,84.417,45357,0
2017-10-02,21:00:00,84.447,84.482,84.094,84.322,82378,0
2017-10-02,22:00:00,84.292,84.422,84.104,84.422,212312,0
2017-10-03,16:00:00,84.462,84.591,83.854,84.274,113756,0
2017-10-03,17:00:00,84.342,84.83,84.044,84.302,111941,0
2017-10-03,18:00:00,84.254,84.382,83.954,84.239,65108,0
2017-10-03,19:00:00,84.249,84.462,84.184,84.342,34465,0
2017-10-03,20:00:00,84.342,84.712,84.312,84.632,32164,0
2017-10-03,21:00:00,84.657,84.682,84.224,84.372,56102,0
2017-10-03,22:00:00,84.392,84.702,84.382,84.622,112708,0
2017-10-04,16:00:00,85.01,85.01,84.214,84.432,37873,0
2017-10-04,17:00:00,84.372,84.672,84.302,84.672,29583,0
2017-10-04,18:00:00,84.662,84.722,84.302,84.532,26742,0
2017-10-04,19:00:00,84.512,84.512,83.676,83.835,45618,0
2017-10-04,20:00:00,83.795,84.034,83.736,83.854,34288,0
2017-10-04,21:00:00,83.844,83.874,83.466,83.545,103179,0
2017-10-04,22:00:00,83.556,83.686,83.327,83.436,217190,0
2017-10-05,16:00:00,83.904,83.984,83.257,83.676,64627,0
2017-10-05,17:00:00,83.546,84.094,83.228,83.944,67011,0
2017-10-05,18:00:00,83.954,84.292,83.914,84.284,43883,0
2017-10-05,19:00:00,84.292,84.432,84.254,84.322,185228,0
2017-10-05,20:00:00,84.302,84.402,84.174,84.402,31406,0
2017-10-05,21:00:00,84.412,84.662,84.412,84.472,66700,0
2017-10-05,22:00:00,84.452,84.572,84.352,84.572,203994,0
2017-10-06,16:00:00,83.656,83.844,83.058,83.706,35711,0
2017-10-06,17:00:00,83.726,84.292,83.686,83.72,54677,0
2017-10-06,18:00:00,83.726,84.004,83.606,83.651,35942,0
2017-10-06,19:00:00,83.606,83.994,83.516,83.994,68183,0
2017-10-06,20:00:00,84.004,84.014,83.775,83.815,56182,0
2017-10-06,21:00:00,83.815,83.954,83.756,83.894,48227,0
2017-10-06,22:00:00,83.844,84.274,83.825,84.184,259140,0
2017-10-09,17:00:00,84.307,84.592,84.307,84.592,8742,0
2017-10-09,18:00:00,84.542,84.82,84.502,84.532,33844,0
2017-10-09,19:00:00,84.532,84.572,84.154,84.392,22165,0
2017-10-09,20:00:00,84.402,84.672,84.402,84.472,26164,0
2017-10-09,21:00:00,84.482,84.562,84.244,84.352,23194,0
2017-10-09,22:00:00,84.372,84.422,84.194,84.372,131484,0
2017-10-10,16:00:00,85.199,85.199,84.004,84.284,38880,0
2017-10-10,17:00:00,84.274,84.402,83.844,84.114,43648,0
2017-10-10,18:00:00,84.054,84.264,83.944,84.074,70338,0
2017-10-10,19:00:00,84.114,84.362,84.054,84.164,30210,0
2017-10-10,20:00:00,84.134,84.244,84.074,84.144,29170,0
2017-10-10,21:00:00,84.139,84.204,83.924,84.134,42099,0
2017-10-10,22:00:00,84.134,84.184,83.894,83.944,127746,0
2017-10-11,16:00:00,83.964,83.974,83.277,83.317,25197,0
2017-10-11,17:00:00,83.267,83.874,83.237,83.795,35802,0
2017-10-11,18:00:00,83.736,83.785,83.526,83.666,32374,0
2017-10-11,19:00:00,83.716,83.904,83.666,83.879,12235,0
2017-10-11,20:00:00,83.884,84.094,83.864,83.984,21325,0
2017-10-11,21:00:00,84.044,84.124,83.884,83.994,14363,0
2017-10-11,22:00:00,84.014,84.224,83.954,84.154,94052,0
2017-10-12,16:00:00,83.746,83.854,83.277,83.716,18314,0
2017-10-12,17:00:00,83.765,83.914,83.456,83.795,47744,0
2017-10-12,18:00:00,83.835,84.124,83.795,84.124,19062,0
2017-10-12,19:00:00,84.084,84.322,83.994,84.104,19383,0
2017-10-12,20:00:00,84.144,84.412,84.034,84.392,26679,0
2017-10-12,21:00:00,84.412,84.532,84.297,84.407,36823,0
2017-10-12,22:00:00,84.412,84.462,84.044,84.144,111404,0
2017-10-13,16:00:00,85.09,85.505,84.88,85.358,67998,0
2017-10-13,17:00:00,85.289,85.299,84.342,84.452,71022,0
2017-10-13,18:00:00,84.482,84.482,84.074,84.244,84830,0
2017-10-13,19:00:00,84.259,84.422,83.875,84.039,61713,0
2017-10-13,20:00:00,84.054,84.462,83.954,84.307,67899,0
2017-10-13,21:00:00,84.327,84.392,84.244,84.312,38626,0
2017-10-13,22:00:00,84.312,84.492,83.934,84.074,213290,0
2017-10-16,16:00:00,84.652,84.98,84.054,84.154,43160,0
2017-10-16,17:00:00,84.139,84.144,83.656,83.934,94293,0
2017-10-16,18:00:00,83.964,84.119,83.924,84.004,45196,0
2017-10-16,19:00:00,83.964,84.064,83.884,83.969,23817,0
2017-10-16,20:00:00,83.984,84.034,83.775,83.785,52179,0
2017-10-16,21:00:00,83.765,83.974,83.756,83.854,137274,0
2017-10-16,22:00:00,83.825,83.904,83.686,83.894,196657,0
2017-10-17,16:00:00,84.074,84.751,83.656,83.904,72387,0
2017-10-17,17:00:00,83.914,83.964,83.486,83.556,48851,0
2017-10-17,18:00:00,83.616,83.874,83.606,83.835,18912,0
2017-10-17,19:00:00,83.795,83.914,83.736,83.854,16325,0
2017-10-17,20:00:00,83.839,83.854,83.476,83.511,48410,0
2017-10-17,21:00:00,83.546,83.686,83.486,83.606,36432,0
2017-10-17,22:00:00,83.606,83.716,83.277,83.307,144312,0
2017-10-18,16:00:00,83.307,83.693,82.63,83.058,81802,0
2017-10-18,17:00:00,83.178,83.247,82.719,82.759,218636,0
2017-10-18,18:00:00,82.739,82.819,82.291,82.401,53886,0
2017-10-18,19:00:00,82.451,82.65,82.361,82.57,33187,0
2017-10-18,20:00:00,82.59,82.909,82.55,82.789,57702,0
2017-10-18,21:00:00,82.829,83.068,82.59,82.849,71505,0
2017-10-18,22:00:00,82.849,82.909,82.705,82.759,128416,0
2017-10-19,16:00:00,82.411,82.49,81.943,82.49,36604,0
2017-10-19,17:00:00,82.5,83.566,82.421,83.476,118303,0
2017-10-19,18:00:00,83.406,83.566,83.347,83.516,30851,0
2017-10-19,19:00:00,83.526,83.736,83.446,83.486,23959,0
2017-10-19,20:00:00,83.471,83.676,83.347,83.556,32454,0
2017-10-19,21:00:00,83.556,83.646,83.496,83.546,27140,0
2017-10-19,22:00:00,83.546,83.666,83.496,83.656,120433,0
2017-10-20,16:00:00,84.244,84.352,83.486,83.571,44991,0
2017-10-20,17:00:00,83.526,84.074,83.516,83.854,105582,0
2017-10-20,18:00:00,83.854,84.089,83.844,84.089,20512,0
2017-10-20,19:00:00,84.024,84.074,83.686,83.864,37342,0
2017-10-20,20:00:00,83.859,83.904,83.536,83.656,29595,0
2017-10-20,21:00:00,83.636,83.726,83.586,83.656,18076,0
2017-10-20,22:00:00,83.646,83.696,83.367,83.476,111925,0
2017-10-23,16:00:00,83.426,83.626,83.297,83.367,68615,0
2017-10-23,17:00:00,83.387,83.446,82.919,83.203,63860,0
2017-10-23,18:00:00,83.218,83.277,82.998,83.178,55462,0
2017-10-23,19:00:00,83.163,83.521,82.978,83.396,52854,0
2017-10-23,20:00:00,83.406,83.596,83.277,83.367,35760,0
2017-10-23,21:00:00,83.337,83.377,82.889,82.998,59824,0
2017-10-23,22:00:00,82.978,83.108,82.829,82.919,162657,0
2017-10-24,16:00:00,83.556,84.034,83.198,83.904,119277,0
2017-10-24,17:00:00,83.874,84.014,83.616,83.994,435444,0
2017-10-24,18:00:00,83.974,84.95,83.864,84.92,280429,0
2017-10-24,19:00:00,84.95,85.309,84.84,85.1,42304,0
2017-10-24,20:00:00,85.1,85.518,85.07,85.418,42920,0
2017-10-24,21:00:00,85.408,85.926,85.378,85.498,77263,0
2017-10-24,22:00:00,85.518,85.637,85.12,85.249,211675,0
2017-10-25,16:00:00,84.9,85.1,84.422,84.597,59793,0
2017-10-25,17:00:00,84.582,84.702,84.342,84.572,74184,0
2017-10-25,18:00:00,84.612,84.612,83.466,83.676,197568,0
2017-10-25,19:00:00,83.606,83.706,83.118,83.576,97847,0
2017-10-25,20:00:00,83.576,84.194,83.486,84.184,52125,0
2017-10-25,21:00:00,84.194,84.274,83.854,83.904,60247,0
2017-10-25,22:00:00,83.924,84.204,83.864,84.164,169475,0
2017-10-26,16:00:00,84.582,84.582,83.775,84.254,36828,0
2017-10-26,17:00:00,84.214,84.507,84.104,84.372,108517,0
2017-10-26,18:00:00,84.382,84.492,84.009,84.104,70287,0
2017-10-26,19:00:00,84.124,84.771,84.124,84.622,58334,0
2017-10-26,20:00:00,84.642,84.737,84.502,84.647,47319,0
2017-10-26,21:00:00,84.632,84.652,84.234,84.512,70933,0
2017-10-26,22:00:00,84.562,84.662,84.302,84.502,277312,0
2017-10-27,16:00:00,84.432,84.572,83.864,83.864,40052,0
2017-10-27,17:00:00,83.825,83.954,83.267,83.616,63406,0
2017-10-27,18:00:00,83.566,84.104,83.516,83.78,29999,0
2017-10-27,19:00:00,83.825,84.164,83.666,84.054,45933,0
2017-10-27,20:00:00,84.104,84.402,84.084,84.312,26337,0
2017-10-27,21:00:00,84.342,84.382,84.064,84.134,59417,0
2017-10-27,22:00:00,84.094,84.292,84.084,84.224,168957,0
2017-10-30,15:00:00,84.189,85.239,84.024,85.239,19367,0
2017-10-30,16:00:00,85.259,85.468,84.99,85.085,76715,0
2017-10-30,17:00:00,85.11,85.329,84.93,85.259,50372,0
2017-10-30,18:00:00,85.339,85.637,85.229,85.558,33363,0
2017-10-30,19:00:00,85.568,86.863,85.568,85.628,216750,0
2017-10-30,20:00:00,85.628,85.667,84.87,85.17,186801,0
2017-10-30,21:00:00,85.189,85.498,85.125,85.279,257795,0
2017-10-31,15:00:00,85.528,85.568,84.462,84.602,26869,0
2017-10-31,16:00:00,84.801,85.14,84.612,84.732,122214,0
2017-10-31,17:00:00,84.741,85.02,84.452,84.94,147656,0
2017-10-31,18:00:00,84.98,85.09,84.582,84.702,26808,0
2017-10-31,19:00:00,84.722,84.732,84.174,84.712,78890,0
2017-10-31,20:00:00,84.732,85.11,84.657,84.741,76580,0
2017-10-31,21:00:00,84.741,84.845,84.532,84.562,161803,0
2017-11-01,15:00:00,85.548,86.175,85.413,86.125,82024,0
2017-11-01,16:00:00,86.255,86.335,85.349,85.847,58319,0
2017-11-01,17:00:00,85.837,85.976,85.608,85.757,29176,0
2017-11-01,18:00:00,85.797,85.956,85.214,85.299,23832,0
2017-11-01,19:00:00,85.299,85.428,84.939,85.249,44000,0
2017-11-01,20:00:00,85.309,85.886,85.259,85.468,90991,0
2017-11-01,21:00:00,85.448,85.647,85.339,85.578,206069,0
2017-11-02,15:00:00,85.458,85.896,85.458,85.712,12866,0
2017-11-02,16:00:00,85.787,85.787,84.945,84.945,43522,0
2017-11-02,17:00:00,84.92,85.289,84.91,85.06,39817,0
2017-11-02,18:00:00,85.09,85.309,85.03,85.259,29355,0
2017-11-02,19:00:00,85.289,85.408,85.1,85.259,14863,0
2017-11-02,20:00:00,85.239,85.468,85.13,85.13,20540,0
2017-11-02,21:00:00,85.16,85.428,85.1,85.269,280474,0
2017-11-03,15:00:00,85.428,85.428,84.786,85.219,68365,0
2017-11-03,16:00:00,85.318,85.608,84.995,85.16,51177,0
2017-11-03,17:00:00,85.15,85.438,85.03,85.368,178909,0
2017-11-03,18:00:00,85.378,85.468,85.269,85.468,33339,0
2017-11-03,19:00:00,85.488,85.618,85.319,85.388,33329,0
2017-11-03,20:00:00,85.398,85.428,84.9,84.94,148561,0
2017-11-03,21:00:00,84.93,85.717,84.87,85.418,322562,0
2017-11-06,16:00:00,85.548,85.667,84.642,85.01,112854,0
2017-11-06,17:00:00,85.01,85.239,84.542,85.17,92597,0
2017-11-06,18:00:00,85.189,85.588,84.93,85.528,104532,0
2017-11-06,19:00:00,85.518,85.847,85.309,85.598,32803,0
2017-11-06,20:00:00,85.647,85.697,85.339,85.603,45297,0
2017-11-06,21:00:00,85.598,85.618,85.269,85.478,60024,0
2017-11-06,22:00:00,85.453,85.857,85.368,85.667,409172,0
2017-11-07,16:00:00,87.231,90.587,87.231,88.984,204598,0
2017-11-07,17:00:00,88.974,89.512,88.167,88.784,245927,0
2017-11-07,18:00:00,88.745,90.01,88.406,89.81,373461,0
2017-11-07,19:00:00,89.681,90.921,89.641,90.09,310232,0
2017-11-07,20:00:00,90.109,91.045,89.84,90.686,177820,0
2017-11-07,21:00:00,90.621,91.055,90.398,90.986,105228,0
2017-11-07,22:00:00,90.916,91.334,90.587,91.244,361746,0
2017-11-08,16:00:00,91.454,93.365,90.826,92.489,115659,0
2017-11-08,17:00:00,92.489,92.739,92.374,92.549,226508,0
2017-11-08,18:00:00,92.589,92.847,92.37,92.763,135534,0
2017-11-08,19:00:00,92.748,93.355,92.649,93.257,104838,0
2017-11-08,20:00:00,93.257,93.635,92.937,92.937,93177,0
2017-11-08,21:00:00,92.937,93.137,92.659,93.007,225316,0
2017-11-08,22:00:00,93.027,93.695,92.957,93.565,461202,0
2017-11-09,16:00:00,93.147,94.341,92.768,94.262,64167,0
2017-11-09,17:00:00,94.262,95.676,94.262,95.606,313069,0
2017-11-09,18:00:00,95.561,95.751,94.192,94.322,143450,0
2017-11-09,19:00:00,94.371,94.371,92.669,93.027,133639,0
2017-11-09,20:00:00,93.087,93.465,92.937,93.077,66406,0
2017-11-09,21:00:00,93.072,93.285,92.748,92.937,85580,0
2017-11-09,22:00:00,92.877,93.315,92.758,93.017,238743,0
2017-11-10,16:00:00,92.947,94.013,92.609,93.43,49229,0
2017-11-10,17:00:00,93.365,93.784,92.669,92.927,88178,0
2017-11-10,18:00:00,93.007,93.047,92.519,92.828,118181,0
2017-11-10,19:00:00,92.818,92.818,92.051,92.37,52241,0
2017-11-10,20:00:00,92.35,92.499,92.131,92.191,57930,0
2017-11-10,21:00:00,92.186,92.758,92.151,92.549,61644,0
2017-11-10,22:00:00,92.569,92.748,92.469,92.609,226595,0
2017-11-13,16:00:00,91.931,92.862,91.892,92.469,53981,0
2017-11-13,17:00:00,92.489,94.491,92.489,94.078,240935,0
2017-11-13,18:00:00,94.043,94.173,92.967,93.615,150204,0
2017-11-13,19:00:00,93.625,94.133,93.615,93.993,76546,0
2017-11-13,20:00:00,94.018,94.212,93.903,94.033,66486,0
2017-11-13,21:00:00,94.033,94.053,93.813,93.893,64970,0
2017-11-13,22:00:00,93.888,94.043,93.485,93.565,229707,0
2017-11-14,16:00:00,92.649,93.207,91.518,91.931,74020,0
2017-11-14,17:00:00,91.961,92.201,91.026,92.031,126822,0
2017-11-14,18:00:00,92.066,92.699,91.653,92.649,86086,0
2017-11-14,19:00:00,92.679,92.729,92.011,92.086,80486,0
2017-11-14,20:00:00,92.066,92.26,91.971,92.23,185844,0
2017-11-14,21:00:00,92.25,92.449,92.151,92.191,76334,0
2017-11-14,22:00:00,92.22,92.379,91.912,92.37,328890,0
2017-11-15,16:00:00,91.941,92.031,89.562,89.85,115391,0
2017-11-15,17:00:00,89.85,90.796,89.81,90.646,135850,0
2017-11-15,18:00:00,90.686,91.264,90.558,90.916,84581,0
2017-11-15,19:00:00,90.901,91.219,90.625,91.184,109071,0
2017-11-15,20:00:00,91.214,91.294,90.856,90.956,91762,0
2017-11-15,21:00:00,90.906,91.045,90.488,90.726,141159,0
2017-11-15,22:00:00,90.716,91.055,90.129,90.218,361369,0
2017-11-16,16:00:00,90.786,91.424,90.766,91.035,28870,0
2017-11-16,17:00:00,91.115,91.722,91.001,91.513,113418,0
2017-11-16,18:00:00,91.434,92.141,91.434,92.141,116299,0
2017-11-16,19:00:00,92.106,92.579,92.106,92.549,88123,0
2017-11-16,20:00:00,92.549,92.703,92.459,92.659,58108,0
2017-11-16,21:00:00,92.649,92.788,92.409,92.709,117139,0
2017-11-16,22:00:00,92.704,92.788,92.26,92.31,280919,0
2017-11-17,16:00:00,92.469,93.092,92.131,92.389,45309,0
2017-11-17,17:00:00,92.399,92.977,92.071,92.977,95878,0
2017-11-17,18:00:00,93.027,93.595,92.828,93.495,56022,0
2017-11-17,19:00:00,93.515,93.784,93.295,93.445,84786,0
2017-11-17,20:00:00,93.455,93.555,93.077,93.107,66817,0
2017-11-17,21:00:00,93.067,93.137,92.967,93.127,75152,0
2017-11-17,22:00:00,93.137,93.325,93.047,93.127,279148,0
2017-11-20,16:00:00,93.187,93.257,92.917,93.107,62338,0
2017-11-20,17:00:00,93.167,93.535,92.937,93.445,70501,0
2017-11-20,18:00:00,93.545,94.103,93.415,94.098,217761,0
2017-11-20,19:00:00,94.103,94.496,93.963,94.421,62020,0
2017-11-20,20:00:00,94.371,94.69,94.292,94.608,220662,0
2017-11-20,21:00:00,94.64,94.75,93.794,93.883,190242,0
2017-11-20,22:00:00,93.913,94.043,93.725,93.913,128792,0
2017-11-21,16:00:00,94.71,94.899,94.252,94.262,55030,0
2017-11-21,17:00:00,94.322,94.959,94.108,94.501,111735,0
2017-11-21,18:00:00,94.531,94.541,94.138,94.332,45685,0
2017-11-21,19:00:00,94.267,94.371,93.665,93.794,70244,0
2017-11-21,20:00:00,93.804,93.893,93.665,93.744,44785,0
2017-11-21,21:00:00,93.725,94.043,93.715,93.973,67353,0
2017-11-21,22:00:00,93.973,94.153,93.784,94.023,177124,0
2017-11-22,16:00:00,94.103,95.596,94.043,94.521,60762,0
2017-11-22,17:00:00,94.431,94.929,94.262,94.371,96036,0
2017-11-22,18:00:00,94.421,94.546,94.212,94.531,63740,0
2017-11-22,19:00:00,94.511,94.904,94.351,94.72,132745,0
2017-11-22,20:00:00,94.67,95.039,94.481,94.531,61103,0
2017-11-22,21:00:00,94.567,94.65,94.402,94.527,65162,0
2017-11-22,22:00:00,94.551,94.611,94.272,94.401,194500,0
2017-11-24,16:00:00,95.17,95.33,94.361,94.661,37588,0
2017-11-24,17:00:00,94.591,94.721,93.932,94.052,69099,0
2017-11-24,18:00:00,94.122,94.741,94.102,94.252,59292,0
2017-11-24,19:00:00,94.252,94.72,94.252,94.441,94307,0
2017-11-24,20:00:00,94.411,94.411,94.411,94.411,12326,0
2017-11-27,16:00:00,94.361,94.361,92.944,93.264,79234,0
2017-11-27,17:00:00,93.293,93.783,93.014,93.573,65689,0
2017-11-27,18:00:00,93.563,93.793,93.024,93.733,59224,0
2017-11-27,19:00:00,93.753,93.942,93.623,93.862,43146,0
2017-11-27,20:00:00,93.862,94.172,93.862,94.092,32806,0
2017-11-27,21:00:00,94.067,94.154,93.803,93.832,46819,0
2017-11-27,22:00:00,93.803,94.092,93.773,94.012,280664,0
2017-11-28,16:00:00,94.441,94.581,93.623,94.441,71996,0
2017-11-28,17:00:00,94.361,94.621,94.142,94.551,81901,0
2017-11-28,18:00:00,94.531,95.06,94.491,95.02,65099,0
2017-11-28,19:00:00,95.03,95.25,94.96,95.21,46359,0
2017-11-28,20:00:00,95.23,95.409,94.895,94.91,93389,0
2017-11-28,21:00:00,94.861,95,94.591,94.96,80884,0
2017-11-28,22:00:00,94.95,95.18,94.741,95.16,230146,0
2017-11-29,16:00:00,95.31,95.31,94.521,94.96,18145,0
2017-11-29,17:00:00,94.95,95.569,94.761,95.16,70901,0
2017-11-29,18:00:00,95.15,95.31,94.282,94.381,64109,0
2017-11-29,19:00:00,94.366,94.97,94.052,94.865,85151,0
2017-11-29,20:00:00,94.875,95.489,94.691,95.479,78865,0
2017-11-29,21:00:00,95.479,95.889,95.409,95.879,87845,0
2017-11-29,22:00:00,95.809,96.028,95.519,95.909,324863,0
2017-11-30,16:00:00,96.208,96.577,95.884,96.118,57273,0
2017-11-30,17:00:00,96.128,96.705,96.088,96.617,52280,0
2017-11-30,18:00:00,96.612,97.486,96.418,97.196,100005,0
2017-11-30,19:00:00,97.296,97.496,97.027,97.046,159469,0
2017-11-30,20:00:00,97.046,97.336,96.737,97.056,91499,0
2017-11-30,21:00:00,97.086,97.565,96.967,97.505,56163,0
2017-11-30,22:00:00,97.545,97.935,97.456,97.745,385148,0
2017-12-01,16:00:00,98.294,98.294,97.515,97.93,64653,0
2017-12-01,17:00:00,97.975,98.883,97.825,98.643,85052,0
2017-12-01,18:00:00,98.688,98.688,96.837,97.585,304845,0
2017-12-01,19:00:00,97.515,99.212,97.326,99.142,176252,0
2017-12-01,20:00:00,99.023,99.023,98.299,98.494,84205,0
2017-12-01,21:00:00,98.494,98.623,97.266,97.386,169103,0
2017-12-01,22:00:00,97.416,98.484,97.406,98.354,275959,0
2017-12-04,16:00:00,99.52,99.52,98.404,98.843,53900,0
2017-12-04,17:00:00,98.893,99.282,97.565,97.615,141597,0
2017-12-04,18:00:00,97.595,97.965,97.136,97.915,170416,0
2017-12-04,19:00:00,97.88,98.444,97.785,98.179,67911,0
2017-12-04,20:00:00,98.244,98.294,97.695,97.942,32346,0
2017-12-04,21:00:00,97.955,97.955,97.346,97.615,66316,0
2017-12-04,22:00:00,97.615,97.685,96.947,97.006,304556,0
2017-12-05,16:00:00,96.687,98.084,96.248,97.795,77772,0
2017-12-05,17:00:00,97.785,99.152,97.785,99.013,67790,0
2017-12-05,18:00:00,98.983,99.152,98.688,98.783,59956,0
2017-12-05,19:00:00,98.773,99.202,98.693,98.963,64936,0
2017-12-05,20:00:00,98.993,99.142,98.823,98.933,41346,0
2017-12-05,21:00:00,98.903,98.943,98.064,98.134,53547,0
2017-12-05,22:00:00,98.179,98.364,97.925,98.224,227488,0
2017-12-06,16:00:00,97.565,98.593,97.136,98.539,45261,0
2017-12-06,17:00:00,98.573,98.813,97.186,97.855,121376,0
2017-12-06,18:00:00,97.795,98.133,97.635,97.835,48360,0
2017-12-06,19:00:00,97.835,98.044,97.376,97.486,61552,0
2017-12-06,20:00:00,97.515,97.545,96.707,97.106,102568,0
2017-12-06,21:00:00,97.096,97.156,96.687,97.041,67919,0
2017-12-06,22:00:00,97.066,97.595,96.917,97.505,388920,0
2017-12-07,16:00:00,97.925,98.733,97.206,98.658,38236,0
2017-12-07,17:00:00,98.613,98.923,97.955,98.738,57395,0
2017-12-07,18:00:00,98.713,98.833,98.384,98.673,49241,0
2017-12-07,19:00:00,98.67,98.873,98.289,98.733,75662,0
2017-12-07,20:00:00,98.743,99.112,98.643,99.003,54866,0
2017-12-07,21:00:00,98.973,99.252,98.693,99.202,52764,0
2017-12-07,22:00:00,99.252,99.382,98.893,99.182,203545,0
2017-12-08,16:00:00,99.83,100.51,99.172,100.01,45101,0
2017-12-08,17:00:00,99.95,100.06,99.307,99.472,82508,0
2017-12-08,18:00:00,99.452,99.8,99.053,99.342,44545,0
2017-12-08,19:00:00,99.312,99.7,99.192,99.55,39591,0
2017-12-08,20:00:00,99.54,99.87,99.54,99.71,19871,0
2017-12-08,21:00:00,99.66,99.66,99.292,99.342,29817,0
2017-12-08,22:00:00,99.352,99.6,99.272,99.59,160308,0
2017-12-11,16:00:00,100.09,100.8,99.87,100.41,23830,0
2017-12-11,17:00:00,100.49,100.97,100.42,100.79,63132,0
2017-12-11,18:00:00,100.79,101.47,100.68,101.47,78619,0
2017-12-11,19:00:00,101.47,101.47,100.36,100.54,64361,0
2017-12-11,20:00:00,100.54,100.82,100.4,100.53,31552,0
2017-12-11,21:00:00,100.5,100.8,100.18,100.33,51725,0
2017-12-11,22:00:00,100.32,100.48,100.22,100.45,155147,0
2017-12-12,16:00:00,100.66,100.91,100.29,100.65,16987,0
2017-12-12,17:00:00,100.69,101.32,100.58,101.08,40285,0
2017-12-12,18:00:00,101.11,101.35,100.9,101.06,40034,0
2017-12-12,19:00:00,100.98,101.06,100.67,101,25839,0
2017-12-12,20:00:00,100.99,100.99,100.54,100.63,25875,0
2017-12-12,21:00:00,100.57,101.2,100.56,101,32280,0
2017-12-12,22:00:00,100.98,100.98,100.57,100.69,114010,0
2017-12-13,16:00:00,101.03,101.6,100.67,101.33,73814,0
2017-12-13,17:00:00,101.44,101.94,100.97,101.32,296826,0
2017-12-13,18:00:00,101.4,101.54,101.21,101.45,128602,0
2017-12-13,19:00:00,101.42,101.42,100.67,100.95,70034,0
2017-12-13,20:00:00,100.99,101.38,100.84,101.36,37513,0
2017-12-13,21:00:00,101.39,102.02,101.02,101.84,82240,0
2017-12-13,22:00:00,101.68,101.79,101.22,101.32,255761,0
2017-12-14,16:00:00,101.49,101.85,101.26,101.44,143901,0
2017-12-14,17:00:00,101.52,102.39,101.37,101.61,151110,0
2017-12-14,18:00:00,101.62,101.96,101.28,101.78,255231,0
2017-12-14,19:00:00,101.75,101.83,101.46,101.62,41622,0
2017-12-14,20:00:00,101.58,101.74,100.99,100.99,56756,0
2017-12-14,21:00:00,101.05,101.14,100.46,100.62,48140,0
2017-12-14,22:00:00,100.61,100.89,100.55,100.77,162325,0
2017-12-15,16:00:00,101.52,101.54,100.46,101.22,92465,0
2017-12-15,17:00:00,101.24,101.41,100.69,100.8,120339,0
2017-12-15,18:00:00,100.84,100.95,100.68,100.8,70294,0
2017-12-15,19:00:00,100.74,101.1,100.71,100.77,244740,0
2017-12-15,20:00:00,100.77,100.81,100.37,100.69,43101,0
2017-12-15,21:00:00,100.69,101.06,100.65,100.83,146812,0
2017-12-15,22:00:00,100.83,100.89,100.4,100.5,193716,0
2017-12-18,16:00:00,101.89,102.91,101.66,102.85,195692,0
2017-12-18,17:00:00,102.86,102.88,102.19,102.38,302867,0
2017-12-18,18:00:00,102.38,102.56,102.32,102.37,160934,0
2017-12-18,19:00:00,102.43,103.04,102.37,102.67,237618,0
2017-12-18,20:00:00,102.69,102.94,102.66,102.82,97602,0
2017-12-18,21:00:00,102.8,103.88,102.71,103.18,152091,0
2017-12-18,22:00:00,103.17,103.27,102.8,103.12,320951,0
2017-12-19,16:00:00,103.1,103.58,102.66,102.96,47315,0
2017-12-19,17:00:00,102.78,103.36,102.47,102.91,81120,0
2017-12-19,18:00:00,102.9,102.99,102.58,102.62,38909,0
2017-12-19,19:00:00,102.68,102.94,102.51,102.86,31710,0
2017-12-19,20:00:00,102.93,103.1,102.75,102.97,21001,0
2017-12-19,21:00:00,102.86,103.23,102.78,102.92,34823,0
2017-12-19,22:00:00,102.91,102.91,102.53,102.71,348022,0
2017-12-20,16:00:00,103.41,103.6,102.76,103.36,20081,0
2017-12-20,17:00:00,103.41,103.94,103.41,103.81,46100,0
2017-12-20,18:00:00,103.84,104.04,103.55,103.6,108220,0
2017-12-20,19:00:00,103.57,103.7,103.18,103.18,47915,0
2017-12-20,20:00:00,103.25,103.78,103.16,103.56,32273,0
2017-12-20,21:00:00,103.57,103.57,103.33,103.44,35978,0
2017-12-20,22:00:00,103.44,103.6,103.18,103.33,158667,0
2017-12-21,16:00:00,103.53,104,102.93,103,173407,0
2017-12-21,17:00:00,103.02,103.8,103.02,103.64,26652,0
2017-12-21,18:00:00,103.63,104.7,103.53,104.61,39443,0
2017-12-21,19:00:00,104.59,104.63,104.31,104.59,34918,0
2017-12-21,20:00:00,104.58,104.76,104.47,104.49,38902,0
2017-12-21,21:00:00,104.55,104.69,104.44,104.63,39971,0
2017-12-21,22:00:00,104.6,104.61,104.18,104.35,104928,0
2017-12-22,16:00:00,104.57,104.66,103.65,104.58,36290,0
2017-12-22,17:00:00,104.5,104.5,103.86,104.12,38161,0
2017-12-22,18:00:00,104.04,104.16,103.85,104.11,18878,0
2017-12-22,19:00:00,104.12,104.16,103.86,103.91,24727,0
2017-12-22,20:00:00,103.91,104.19,103.9,104.1,20463,0
2017-12-22,21:00:00,104.11,104.38,104.07,104.14,34569,0
2017-12-22,22:00:00,104.08,104.45,104.08,104.45,108390,0
2017-12-26,16:00:00,104.42,104.73,104.12,104.43,14235,0
2017-12-26,17:00:00,104.54,104.85,104.44,104.66,37666,0
2017-12-26,18:00:00,104.65,105.31,104.52,105.2,24614,0
2017-12-26,19:00:00,105.21,105.65,105.18,105.39,31390,0
2017-12-26,20:00:00,105.41,105.49,105.15,105.18,16971,0
2017-12-26,21:00:00,105.16,105.49,105.16,105.38,19755,0
2017-12-26,22:00:00,105.38,105.44,105.14,105.31,191611,0
2017-12-27,16:00:00,105.71,105.71,104.81,105.39,31407,0
2017-12-27,17:00:00,105.39,105.75,104.87,105.53,66792,0
2017-12-27,18:00:00,105.5,106.14,105.37,105.93,46696,0
2017-12-27,19:00:00,105.99,106.15,105.66,105.79,19442,0
2017-12-27,20:00:00,105.74,105.89,105.26,105.52,30387,0
2017-12-27,21:00:00,105.46,105.84,105.39,105.73,28486,0
2017-12-27,22:00:00,105.71,105.79,105.4,105.48,68152,0
2017-12-28,16:00:00,105.91,105.91,105.02,105.25,45400,0
2017-12-28,17:00:00,105.23,105.89,105.09,105.68,31190,0
2017-12-28,18:00:00,105.6,105.84,105.18,105.73,38121,0
2017-12-28,19:00:00,105.7,105.94,105.59,105.82,12432,0
2017-12-28,20:00:00,105.79,106.16,105.79,105.98,14312,0
2017-12-28,21:00:00,106.04,106.14,105.66,105.93,26486,0
2017-12-28,22:00:00,105.92,106.27,105.79,106.24,113336,0
2017-12-29,16:00:00,106.79,107.31,105.61,105.77,53316,0
2017-12-29,17:00:00,105.77,105.97,105.41,105.84,47565,0
2017-12-29,18:00:00,105.81,106.17,105.64,106.17,27080,0
2017-12-29,19:00:00,106.13,106.33,106.11,106.3,17128,0
2017-12-29,20:00:00,106.3,106.96,106.3,106.71,49273,0
2017-12-29,21:00:00,106.66,107.14,106.37,106.38,72712,0
2017-12-29,22:00:00,106.38,106.71,106.27,106.33,128193,0
2018-01-02,16:00:00,106.77,108.61,106.62,107.08,25231,0
2018-01-02,17:00:00,107.22,107.94,107.22,107.64,48373,0
2018-01-02,18:00:00,107.66,108.09,107.53,107.58,27081,0
2018-01-02,19:00:00,107.58,108.02,107.48,107.97,33662,0
2018-01-02,20:00:00,107.96,108.28,107.88,108.11,39335,0
2018-01-02,21:00:00,108.04,108.48,108.03,108.43,55893,0
2018-01-02,22:00:00,108.42,108.89,108.37,108.88,141120,0
2018-01-03,16:00:00,107.79,108.27,107.03,107.93,118117,0
2018-01-03,17:00:00,108.04,108.21,107.45,108.06,95023,0
2018-01-03,18:00:00,108.09,108.25,107.62,107.75,71015,0
2018-01-03,19:00:00,107.78,108.02,107.49,107.79,64183,0
2018-01-03,20:00:00,107.84,107.88,107.26,107.37,41301,0
2018-01-03,21:00:00,107.36,108.31,107.31,108.25,83635,0
2018-01-03,22:00:00,108.24,108.29,107.84,107.93,211946,0
2018-01-04,16:00:00,108.38,108.72,107.76,108.12,74618,0
2018-01-04,17:00:00,108.12,108.79,107.98,108.62,108676,0
2018-01-04,18:00:00,108.65,108.8,108.22,108.49,47355,0
2018-01-04,19:00:00,108.47,108.67,108.32,108.46,30504,0
2018-01-04,20:00:00,108.4,108.86,108.29,108.84,55737,0
2018-01-04,21:00:00,108.8,108.84,108.61,108.72,41023,0
2018-01-04,22:00:00,108.73,108.9,108.5,108.89,334085,0
2018-01-05,16:00:00,109.48,109.54,109,109.36,31389,0
2018-01-05,17:00:00,109.38,109.64,109.1,109.51,61351,0
2018-01-05,18:00:00,109.53,110.17,109.12,110.16,91966,0
2018-01-05,19:00:00,110.12,110.44,110.09,110.2,26274,0
2018-01-05,20:00:00,110.25,110.77,110.21,110.66,47047,0
2018-01-05,21:00:00,110.66,110.66,110.19,110.36,59456,0
2018-01-05,22:00:00,110.34,110.58,110.15,110.58,125250,0
2018-01-08,16:00:00,110.87,111.51,109.9,110.34,59343,0
2018-01-08,17:00:00,110.32,110.63,110.03,110.23,77015,0
2018-01-08,18:00:00,110.2,110.69,109.98,110.17,80196,0
2018-01-08,19:00:00,110.19,110.84,110.19,110.84,50330,0
2018-01-08,20:00:00,110.92,111.19,110.82,111.15,23184,0
2018-01-08,21:00:00,111.12,111.38,111.11,111.31,24504,0
2018-01-08,22:00:00,111.3,111.45,111.15,111.42,90998,0
2018-01-09,16:00:00,111.65,112.44,111.51,112.26,64417,0
2018-01-09,17:00:00,112.29,113.2,111.93,112.02,143412,0
2018-01-09,18:00:00,112.06,112.75,112.03,112.15,55571,0
2018-01-09,19:00:00,112.15,112.15,111.6,112.05,58938,0
2018-01-09,20:00:00,112.05,112.42,111.93,112.42,39349,0
2018-01-09,21:00:00,112.42,112.47,111.56,111.62,66575,0
2018-01-09,22:00:00,111.61,111.79,110.96,111.28,198234,0
2018-01-10,16:00:00,111.18,111.18,109.84,110.33,37465,0
2018-01-10,17:00:00,110.39,111.02,109.96,111.02,73940,0
2018-01-10,18:00:00,111,111.05,110.43,110.5,44489,0
2018-01-10,19:00:00,110.53,110.7,110.41,110.55,33245,0
2018-01-10,20:00:00,110.61,110.61,110.24,110.56,22917,0
2018-01-10,21:00:00,110.59,110.71,110.14,110.14,17646,0
2018-01-10,22:00:00,110.15,110.38,110.12,110.25,136826,0
2018-01-11,16:00:00,111.09,111.66,110.73,111.51,21836,0
2018-01-11,17:00:00,111.62,112.17,111.25,111.93,87215,0
2018-01-11,18:00:00,111.94,112.24,111.93,112.16,23682,0
2018-01-11,19:00:00,112.18,112.35,112.06,112.19,23523,0
2018-01-11,20:00:00,112.23,112.47,112.11,112.47,16105,0
2018-01-11,21:00:00,112.49,112.5,111.85,112.42,52591,0
2018-01-11,22:00:00,112.42,113.1,112.42,113.04,245583,0
2018-01-12,16:00:00,113.23,113.35,112.39,113.06,31701,0
2018-01-12,17:00:00,113.03,113.31,112.94,113.16,34876,0
2018-01-12,18:00:00,113.15,113.77,113.08,113.74,31693,0
2018-01-12,19:00:00,113.73,114.12,113.71,113.91,17494,0
2018-01-12,20:00:00,113.95,113.95,113.68,113.83,25938,0
2018-01-12,21:00:00,113.76,113.92,113.56,113.65,20537,0
2018-01-12,22:00:00,113.65,113.93,113.6,113.72,101739,0
2018-01-16,16:00:00,113.3,113.3,110.79,111.9,102943,0
2018-01-16,17:00:00,111.88,112.17,110.54,110.54,109247,0
2018-01-16,18:00:00,110.46,111.31,110.29,110.92,68082,0
2018-01-16,19:00:00,110.95,110.99,110.62,110.9,35252,0
2018-01-16,20:00:00,110.87,111.04,110.23,110.28,45637,0
2018-01-16,21:00:00,110.3,110.42,108.89,109.25,104849,0
2018-01-16,22:00:00,109.21,110.25,109.2,110.19,190529,0
2018-01-17,16:00:00,111.1,111.67,110.73,110.87,55228,0
2018-01-17,17:00:00,110.94,111.55,110.75,111.15,75030,0
2018-01-17,18:00:00,111.11,111.43,110.7,110.83,45292,0
2018-01-17,19:00:00,110.75,111.04,110.5,110.67,24587,0
2018-01-17,20:00:00,110.64,110.64,109.58,109.64,89248,0
2018-01-17,21:00:00,109.59,109.75,108.83,109.29,348965,0
2018-01-17,22:00:00,109.29,109.49,108.25,108.56,442987,0
2018-01-18,16:00:00,108.3,108.41,106.83,107.02,98842,0
2018-01-18,17:00:00,107,107.09,106.31,106.45,149952,0
2018-01-18,18:00:00,106.44,107.42,106.37,106.93,85680,0
2018-01-18,19:00:00,106.96,107.46,106.93,106.97,67696,0
2018-01-18,20:00:00,106.98,107.06,106.58,106.81,86095,0
2018-01-18,21:00:00,106.83,107.35,106.48,107.2,292189,0
2018-01-18,22:00:00,107.22,107.89,107.03,107.81,315257,0
2018-01-19,16:00:00,108.56,109.73,108.33,108.6,96399,0
2018-01-19,17:00:00,108.59,108.88,108.2,108.81,74445,0
2018-01-19,18:00:00,108.84,108.9,108.49,108.69,62763,0
2018-01-19,19:00:00,108.81,108.9,108.68,108.7,55898,0
2018-01-19,20:00:00,108.76,109.55,108.68,109.43,47271,0
2018-01-19,21:00:00,109.44,109.87,109.41,109.5,82797,0
2018-01-19,22:00:00,109.49,110.03,109.43,109.92,236176,0
2018-01-22,16:00:00,109.53,109.78,109.11,109.5,45633,0
2018-01-22,17:00:00,109.53,109.88,109.09,109.45,72295,0
2018-01-22,18:00:00,109.45,109.73,109.36,109.55,88036,0
2018-01-22,19:00:00,109.56,109.62,109.42,109.42,64740,0
2018-01-22,20:00:00,109.41,109.81,109.29,109.7,33260,0
2018-01-22,21:00:00,109.67,109.7,109.31,109.47,42746,0
2018-01-22,22:00:00,109.54,109.73,109.48,109.65,141602,0
2018-01-23,16:00:00,110.57,110.9,110,110.79,77335,0
2018-01-23,17:00:00,110.81,111.04,110.18,110.25,116690,0
2018-01-23,18:00:00,110.25,110.97,110.06,110.21,46744,0
2018-01-23,19:00:00,110.21,110.46,110.13,110.46,29350,0
2018-01-23,20:00:00,110.45,110.54,110.2,110.39,30092,0
2018-01-23,21:00:00,110.38,110.67,110.03,110.63,39696,0
2018-01-23,22:00:00,110.62,110.92,110.54,110.91,142243,0
2018-01-24,16:00:00,111.55,112.16,110.97,111.48,99240,0
2018-01-24,17:00:00,111.68,112.7,111.57,112.59,97464,0
2018-01-24,18:00:00,112.59,112.79,111.13,111.14,105285,0
2018-01-24,19:00:00,111.11,111.2,110.29,110.46,56121,0
2018-01-24,20:00:00,110.46,111.03,109.81,110.48,55105,0
2018-01-24,21:00:00,110.47,110.97,110.13,110.88,56989,0
2018-01-24,22:00:00,110.96,111.14,110.59,110.93,198192,0
2018-01-25,16:00:00,111.75,113.24,111.75,112.34,62980,0
2018-01-25,17:00:00,112.38,113.58,112.17,113.33,73133,0
2018-01-25,18:00:00,113.29,114,113.15,113.93,53920,0
2018-01-25,19:00:00,113.91,114.01,113.44,113.77,54325,0
2018-01-25,20:00:00,113.72,113.89,113.57,113.81,37796,0
2018-01-25,21:00:00,113.81,113.84,112.81,112.93,38494,0
2018-01-25,22:00:00,112.92,113.3,112.75,113.04,152331,0
2018-01-26,16:00:00,113.54,113.54,112.56,113.43,42334,0
2018-01-26,17:00:00,113.49,114.97,113.41,113.62,75089,0
2018-01-26,18:00:00,113.63,114.28,113.62,113.62,41172,0
2018-01-26,19:00:00,113.62,114.56,113.51,114,39988,0
2018-01-26,20:00:00,114.06,114.43,114,114.4,27331,0
2018-01-26,21:00:00,114.41,114.55,113.83,113.85,51887,0
2018-01-26,22:00:00,113.89,114.13,113.77,113.94,184807,0
2018-01-29,16:00:00,114.13,114.14,113.29,113.39,79476,0
2018-01-29,17:00:00,113.4,113.65,112.56,112.65,47528,0
2018-01-29,18:00:00,112.65,112.68,111.42,112.18,82650,0
2018-01-29,19:00:00,112.17,112.82,111.86,112.82,39691,0
2018-01-29,20:00:00,112.84,113.04,112.75,112.87,30805,0
2018-01-29,21:00:00,112.87,113.13,112.72,113.07,54400,0
2018-01-29,22:00:00,113.1,113.26,112.38,112.46,166857,0
2018-01-30,16:00:00,111.6,111.93,110.76,110.77,56146,0
2018-01-30,17:00:00,110.77,111.11,109.96,110.84,69038,0
2018-01-30,18:00:00,110.77,110.94,109.87,110.03,69667,0
2018-01-30,19:00:00,110.03,110.51,109.84,109.92,34657,0
2018-01-30,20:00:00,109.97,110.43,109.87,110.41,27893,0
2018-01-30,21:00:00,110.41,110.54,109.63,109.93,38868,0
2018-01-30,22:00:00,109.91,111.08,109.91,110.87,285705,0
2018-01-31,16:00:00,111.91,113.81,111.24,113.07,83121,0
2018-01-31,17:00:00,113.06,113.35,112.11,112.35,85788,0
2018-01-31,18:00:00,112.36,112.4,111.91,111.97,60611,0
2018-01-31,19:00:00,112.02,112.14,111.71,111.97,42908,0
2018-01-31,20:00:00,112,112.42,111.82,112.09,28758,0
2018-01-31,21:00:00,112.17,112.59,111.48,111.86,76869,0
2018-01-31,22:00:00,111.91,112.63,111.76,112.39,176804,0
2018-02-01,16:00:00,112.36,113,111.7,112.77,54580,0
2018-02-01,17:00:00,112.93,113.1,111.02,111.05,114581,0
2018-02-01,18:00:00,111.04,111.55,110.45,111.4,57738,0
2018-02-01,19:00:00,111.43,111.65,110.62,110.8,39197,0
2018-02-01,20:00:00,110.82,111.12,110.66,110.84,111778,0
2018-02-01,21:00:00,110.79,111.17,110.62,110.94,121609,0
2018-02-01,22:00:00,110.99,111.61,110.6,110.78,201575,0
2018-02-02,16:00:00,110.26,110.38,108.76,109.1,99397,0
2018-02-02,17:00:00,109.03,109.06,107.07,108.13,55854,0
2018-02-02,18:00:00,107.86,108.22,107.33,107.75,45639,0
2018-02-02,19:00:00,107.69,108.77,107.62,108.48,64457,0
2018-02-02,20:00:00,108.49,108.69,107.39,107.39,88535,0
2018-02-02,21:00:00,107.38,107.46,105.86,105.94,112454,0
2018-02-02,22:00:00,105.92,107.09,105.25,106.21,285792,0
2018-02-05,16:00:00,105.24,106.94,103.97,105.89,77730,0
2018-02-05,17:00:00,105.7,107.66,105.7,107.52,81946,0
2018-02-05,18:00:00,107.55,107.71,106.6,107.05,125633,0
2018-02-05,19:00:00,107.05,107.09,105.77,105.94,41519,0
2018-02-05,20:00:00,105.87,106.03,104.76,105.76,49134,0
2018-02-05,21:00:00,105.95,105.95,103.86,103.89,72045,0
2018-02-05,22:00:00,103.81,104.85,101.95,102.81,347868,0
2018-02-06,16:00:00,100.72,106.55,100.47,105.92,115807,0
2018-02-06,17:00:00,105.74,107.38,104.52,105.51,206219,0
2018-02-06,18:00:00,105.46,105.94,104.46,105.55,121408,0
2018-02-06,19:00:00,105.64,107.79,105.62,106.7,115023,0
2018-02-06,20:00:00,106.63,106.9,105.16,105.42,105918,0
2018-02-06,21:00:00,105.44,107.09,105.3,106.91,122917,0
2018-02-06,22:00:00,107.12,108.33,106.97,108.01,241862,0
2018-02-07,16:00:00,107.37,108.59,106.67,107.65,32650,0
2018-02-07,17:00:00,107.65,107.88,106.48,106.84,82025,0
2018-02-07,18:00:00,106.87,107.28,106.05,106.65,78324,0
2018-02-07,19:00:00,106.67,107.52,106.67,107.11,52446,0
2018-02-07,20:00:00,107.18,107.66,106.53,107.34,54760,0
2018-02-07,21:00:00,107.4,107.98,106.76,107.23,59031,0
2018-02-07,22:00:00,107.21,108.19,106.69,106.72,265727,0
2018-02-08,16:00:00,107,107.41,104.69,106.39,33344,0
2018-02-08,17:00:00,106.35,106.53,104.63,105,64775,0
2018-02-08,18:00:00,105.14,105.29,103.5,103.86,101590,0
2018-02-08,19:00:00,103.85,103.92,101.6,102.16,159145,0
2018-02-08,20:00:00,102.06,104.47,102,103.81,85181,0
2018-02-08,21:00:00,103.81,104.37,102.61,103.4,122478,0
2018-02-08,22:00:00,103.41,103.64,101.86,101.9,436430,0
2018-02-09,16:00:00,103.61,103.61,101.28,102.81,47099,0
2018-02-09,17:00:00,102.79,103.04,98.633,99.81,117728,0
2018-02-09,18:00:00,100.01,100.57,98.853,99.232,101800,0
2018-02-09,19:00:00,99.222,99.52,98.134,99.52,119441,0
2018-02-09,20:00:00,99.482,100.65,98.673,100.4,59492,0
2018-02-09,21:00:00,100.26,101.65,100.17,101.08,99738,0
2018-02-09,22:00:00,100.95,103.29,100.16,102.47,177014,0
2018-02-12,16:00:00,103.67,105.32,103.48,104.05,53782,0
2018-02-12,17:00:00,104.07,105.12,103.67,105.02,89633,0
2018-02-12,18:00:00,105.02,105.13,104.22,105.13,41156,0
2018-02-12,19:00:00,105.18,105.67,104.81,105.58,52944,0
2018-02-12,20:00:00,105.6,106.05,105.15,105.87,56357,0
2018-02-12,21:00:00,105.9,106.01,105.32,105.78,58448,0
2018-02-12,22:00:00,105.79,106.4,105.57,106.03,168457,0
2018-02-13,16:00:00,105.66,106.21,104.29,105.57,37750,0
2018-02-13,17:00:00,105.69,106.68,105.38,106.36,51079,0
2018-02-13,18:00:00,106.15,107.71,105.97,107.21,88317,0
2018-02-13,19:00:00,107.24,108.25,106.78,106.94,91949,0
2018-02-13,20:00:00,107.02,107.93,107.01,107.35,47746,0
2018-02-13,21:00:00,107.35,108.21,107.21,107.65,92935,0
2018-02-13,22:00:00,107.65,107.97,107.21,107.38,162810,0
2018-02-14,16:00:00,106.42,108,106.42,107.23,43860,0
2018-02-14,17:00:00,107.23,108.87,107.09,107.95,137409,0
2018-02-14,18:00:00,107.92,108.02,107.05,107.46,103068,0
2018-02-14,19:00:00,107.46,108.23,107.2,108.15,40980,0
2018-02-14,20:00:00,108.15,109.86,108.09,109.77,44364,0
2018-02-14,21:00:00,109.83,110.4,109.26,110.23,65315,0
2018-02-14,22:00:00,110.23,110.33,109.57,109.86,175373,0
2018-02-15,16:00:00,111.08,111.28,109.67,110.15,201366,0
2018-02-15,17:00:00,110.09,110.1,107.48,107.48,69290,0
2018-02-15,18:00:00,107.5,108.58,107.08,108.03,78116,0
2018-02-15,19:00:00,108,108.72,107.74,108.08,76397,0
2018-02-15,20:00:00,108.08,108.31,107.79,107.96,50696,0
2018-02-15,21:00:00,108.01,109.5,107.84,109.45,87746,0
2018-02-15,22:00:00,109.5,109.65,108.8,109.03,194274,0
2018-02-16,16:00:00,108.3,108.87,107.77,107.85,35893,0
2018-02-16,17:00:00,107.77,108.4,107.22,108.1,66128,0
2018-02-16,18:00:00,108.07,108.3,107.6,107.94,58710,0
2018-02-16,19:00:00,107.9,108.51,107.83,108.28,37405,0
2018-02-16,20:00:00,108.29,108.29,106.66,106.8,98636,0
2018-02-16,21:00:00,106.84,107,106.22,107,86300,0
2018-02-16,22:00:00,106.94,107.26,106.29,106.56,264152,0
2018-02-20,16:00:00,104.1,106.5,101.65,104.16,120464,0
2018-02-20,17:00:00,103.92,105.6,103.92,104.41,181212,0
2018-02-20,18:00:00,104.41,107.63,104.31,107.63,204507,0
2018-02-20,19:00:00,107.44,107.7,106.53,106.84,96839,0
2018-02-20,20:00:00,106.96,107.1,106.08,106.81,78475,0
2018-02-20,21:00:00,106.79,107.46,106.07,106.94,111953,0
2018-02-20,22:00:00,106.92,107.35,105.72,106.76,290514,0
2018-02-21,16:00:00,106.78,110.09,106.66,109.4,181013,0
2018-02-21,17:00:00,109.51,110.65,108.37,110.39,293189,0
2018-02-21,18:00:00,110.39,110.5,108.94,109.04,157635,0
2018-02-21,19:00:00,109.09,109.56,108.75,109.22,81581,0
2018-02-21,20:00:00,109.22,109.83,109.03,109.34,97803,0
2018-02-21,21:00:00,109.23,110.35,109.01,109.32,65393,0
2018-02-21,22:00:00,109.15,109.94,108.29,108.29,256773,0
2018-02-22,16:00:00,109.14,109.85,108.26,109.67,47356,0
2018-02-22,17:00:00,109.81,110.62,109.6,109.88,135319,0
2018-02-22,18:00:00,109.92,111.69,109.91,111.37,69726,0
2018-02-22,19:00:00,111.39,111.52,110.83,110.9,39271,0
2018-02-22,20:00:00,110.9,111.06,110.08,110.77,47931,0
2018-02-22,21:00:00,110.71,111.15,110.39,110.39,65477,0
2018-02-22,22:00:00,110.5,110.96,110.23,110.83,235888,0
2018-02-23,16:00:00,111.36,111.62,110.16,110.48,31937,0
2018-02-23,17:00:00,110.49,111.03,110.4,110.65,130989,0
2018-02-23,18:00:00,110.69,110.86,110.36,110.69,50686,0
2018-02-23,19:00:00,110.7,110.71,110.09,110.45,34014,0
2018-02-23,20:00:00,110.4,110.68,110.07,110.49,49888,0
2018-02-23,21:00:00,110.43,110.71,110.03,110.4,48253,0
2018-02-23,22:00:00,110.45,111,110.36,110.98,160425,0
2018-02-26,16:00:00,111.57,111.64,110.41,110.67,29929,0
2018-02-26,17:00:00,110.47,111.06,110.39,110.82,79810,0
2018-02-26,18:00:00,110.8,111.58,110.8,111.58,48070,0
2018-02-26,19:00:00,111.64,112.14,111.45,112.09,35432,0
2018-02-26,20:00:00,112.09,112.43,111.7975,112.03,60377,0
2018-02-26,21:00:00,112.045,112.27,111.83,111.88,46460,0
2018-02-26,22:00:00,111.83,112.4,111.75,112.19,117451,0
2018-02-27,16:00:00,112,112.12,111.14,111.7242,38633,0
2018-02-27,17:00:00,111.715,111.96,110.77,110.99,88743,0
2018-02-27,18:00:00,110.9,111.72,110.8,110.945,44017,0
2018-02-27,19:00:00,110.905,111.96,110.8,111.9261,38540,0
2018-02-27,20:00:00,111.93,111.95,111.36,111.63,14815,0
2018-02-27,21:00:00,111.53,111.99,111.22,111.72,72489,0
2018-02-27,22:00:00,111.77,111.87,110.72,111.09,149056,0
2018-02-28,16:00:00,111.13,111.2225,109.63,110.85,37371,0
2018-02-28,17:00:00,110.95,111.75,110.83,111.24,74751,0
2018-02-28,18:00:00,111.27,111.32,110.67,111.13,38183,0
2018-02-28,19:00:00,111.14,111.565,110.91,111.46,19662,0
2018-02-28,20:00:00,111.38,111.56,110.78,111.03,19207,0
2018-02-28,21:00:00,111.04,111.3,109.98,110.08,47350,0
2018-02-28,22:00:00,110.13,110.13,108.24,108.26,188610,0
2018-03-01,16:00:00,108.15,108.67,107.091,107.81,49414,0
2018-03-01,17:00:00,107.9,109.9,107.9,109.3,59155,0
2018-03-01,18:00:00,109.35,110.195,109.19,109.98,44966,0
2018-03-01,19:00:00,109.87,109.87,108.66,108.92,38159,0
2018-03-01,20:00:00,108.87,108.87,106.94,107.62,73395,0
2018-03-01,21:00:00,107.52,107.57,106.01,107.455,93964,0
2018-03-01,22:00:00,107.38,108.01,106.92,106.98,189924,0
2018-03-02,16:00:00,106.04,107.04,105.25,105.65,49322,0
2018-03-02,17:00:00,105.56,107.03,105.3,106.5,66800,0
2018-03-02,18:00:00,106.45,108.14,106.35,108.11,56161,0
2018-03-02,19:00:00,108.1,108.67,107.82,108.56,26859,0
2018-03-02,20:00:00,108.475,108.55,107.875,108.12,46980,0
2018-03-02,21:00:00,108.12,108.875,108.12,108.735,58077,0
2018-03-02,22:00:00,108.73,109.6,108.46,109.25,158953,0
2018-03-05,16:00:00,108.35,110.02,108.28,109.04,72850,0
2018-03-05,17:00:00,109.11,110.63,108.69,110.62,104647,0
2018-03-05,18:00:00,110.62,113.08,110.54,112.99,153638,0
2018-03-05,19:00:00,112.945,113.64,112.62,113.465,171676,0
2018-03-05,20:00:00,113.52,113.94,113.23,113.75,89442,0
2018-03-05,21:00:00,113.78,113.81,112.93,113.285,98178,0
2018-03-05,22:00:00,113.26,114.17,113.2,114.02,521843,0
2018-03-06,16:00:00,114.72,117,114.72,116.59,101116,0
2018-03-06,17:00:00,116.725,117.035,115.02,115.365,160432,0
2018-03-06,18:00:00,115.4,115.98,115.05,115.5,135714,0
2018-03-06,19:00:00,115.52,116.1,115.4,116.1,103034,0
2018-03-06,20:00:00,116.02,117.05,115.99,116.935,130723,0
2018-03-06,21:00:00,116.96,117.265,116.66,117.15,106368,0
2018-03-06,22:00:00,117.14,117.37,116.66,117.16,273144,0
2018-03-07,16:00:00,115.66,116.9799,114.85,115.11,67370,0
2018-03-07,17:00:00,115.08,116.65,115.01,116.36,67476,0
2018-03-07,18:00:00,116.47,116.48,115.261,116.02,128848,0
2018-03-07,19:00:00,115.84,116.36,115.04,116.31,136421,0
2018-03-07,20:00:00,116.2999,116.51,116.08,116.49,20576,0
2018-03-07,21:00:00,116.54,117.35,116.43,116.945,36474,0
2018-03-07,22:00:00,116.93,118.35,116.93,117.83,255331,0
2018-03-08,16:00:00,117.81,118.17,116.155,116.28,44401,0
2018-03-08,17:00:00,116.46,116.599,115.55,115.89,73416,0
2018-03-08,18:00:00,115.89,116.26,115.11,115.6,93711,0
2018-03-08,19:00:00,115.675,115.74,115.23,115.72,44693,0
2018-03-08,20:00:00,115.715,115.84,115.38,115.63,41528,0
2018-03-08,21:00:00,115.6699,116.21,115.54,116.06,35833,0
2018-03-08,22:00:00,116.1,116.44,115.76,116.36,133284,0
2018-03-09,16:00:00,117.76,119.41,117.06,118.85,119641,0
2018-03-09,17:00:00,118.93,119.95,118.865,119.71,158694,0
2018-03-09,18:00:00,119.725,120.04,119.14,119.56,96041,0
2018-03-09,19:00:00,119.4,119.67,119.07,119.23,81171,0
2018-03-09,20:00:00,119.24,119.96,119.24,119.3,108226,0
2018-03-09,21:00:00,119.32,120.07,119.3,119.96,74971,0
2018-03-09,22:00:00,119.96,120.28,119.53,119.95,187339,0
2018-03-12,15:00:00,120.12,121.299,119.18,119.18,53049,0
2018-03-12,16:00:00,119.23,119.39,118.22,118.22,93752,0
2018-03-12,17:00:00,118.2,118.98,117.73,118.5998,76841,0
2018-03-12,18:00:00,118.64,119.32,118.45,118.45,47356,0
2018-03-12,19:00:00,118.51,118.59,118.08,118.2,59216,0
2018-03-12,20:00:00,118.16,118.31,117.66,118.185,81904,0
2018-03-12,21:00:00,118.21,118.89,117.991,118.08,130077,0
2018-03-13,15:00:00,118.9,119.54,118.7118,119.505,20902,0
2018-03-13,16:00:00,119.51,119.94,119.02,119.29,65287,0
2018-03-13,17:00:00,119.34,119.34,118.63,118.91,31156,0
2018-03-13,18:00:00,119.05,119.17,118.67,118.865,29689,0
2018-03-13,19:00:00,118.87,119.22,118.615,118.84,13168,0
2018-03-13,20:00:00,118.855,118.91,118.21,118.315,31538,0
2018-03-13,21:00:00,118.36,118.45,117.65,118.14,78529,0
2018-03-14,15:00:00,118.67,118.92,117.626,118.06,48625,0
2018-03-14,16:00:00,117.951,118.41,117.76,117.94,63596,0
2018-03-14,17:00:00,118.015,118.015,116.61,117.1216,46798,0
2018-03-14,18:00:00,117.24,117.38,116.72,116.775,64914,0
2018-03-14,19:00:00,116.71,117.49,116.29,117.22,19676,0
2018-03-14,20:00:00,117.19,117.275,116.3,116.71,25561,0
2018-03-14,21:00:00,116.615,116.615,115.755,116.35,130784,0
2018-03-15,15:00:00,116.58,116.78,115.405,115.785,24377,0
2018-03-15,16:00:00,115.8271,116.3199,115.66,116.18,37575,0
2018-03-15,17:00:00,116.11,116.41,115.39,115.485,42827,0
2018-03-15,18:00:00,115.53,116.12,115.26,115.45,55590,0
2018-03-15,19:00:00,115.41,115.87,115.245,115.63,38117,0
2018-03-15,20:00:00,115.57,115.95,115.32,115.44,61014,0
2018-03-15,21:00:00,115.52,115.82,115.285,115.52,132162,0
2018-03-16,15:00:00,115.57,115.57,114.39,114.53,23605,0
2018-03-16,16:00:00,114.59,115.83,114.51,115.68,36760,0
2018-03-16,17:00:00,115.68,116.44,115.48,116.26,34660,0
2018-03-16,18:00:00,116.16,116.19,115.55,115.67,31700,0
2018-03-16,19:00:00,115.71,115.78,115.13,115.21,20339,0
2018-03-16,20:00:00,115.27,115.58,115.14,115.24,23774,0
2018-03-16,21:00:00,115.27,116.06,115.09,115.85,117670,0
2018-03-19,15:00:00,115.39,115.5,114.73,115.45,25088,0
2018-03-19,16:00:00,115.35,115.57,114.72,114.8702,63346,0
2018-03-19,17:00:00,114.84,114.92,114.07,114.15,53173,0
2018-03-19,18:00:00,114.07,114.43,113.38,113.765,59097,0
2018-03-19,19:00:00,113.76,114.07,113.33,114.03,46992,0
2018-03-19,20:00:00,114.08,114.35,113.4,113.945,23831,0
2018-03-19,21:00:00,114.05,114.59,113.84,114.43,129851,0
2018-03-20,15:00:00,115.1,115.78,114.65,115.47,16777,0
2018-03-20,16:00:00,115.405,116.495,115.405,116.37,31333,0
2018-03-20,17:00:00,116.42,116.58,115.5863,115.76,84181,0
2018-03-20,18:00:00,115.84,116.38,115.69,116.035,106869,0
2018-03-20,19:00:00,116.079,116.15,115.28,115.42,36747,0
2018-03-20,20:00:00,115.395,115.9199,115.275,115.57,31511,0
2018-03-20,21:00:00,115.565,115.74,114.88,114.88,147808,0
2018-03-21,15:00:00,114.93,116.1,114.93,116.1,18361,0
2018-03-21,16:00:00,116,117.41,116,116.94,102467,0
2018-03-21,17:00:00,117.05,118.3,116.483,117.93,51209,0
2018-03-21,18:00:00,117.9,118.1,117.37,117.7,47688,0
2018-03-21,19:00:00,117.68,117.68,117.22,117.5,23788,0
2018-03-21,20:00:00,117.5,118.47,116.995,117.37,41873,0
2018-03-21,21:00:00,117.44,118.15,117.34,117.61,108110,0
2018-03-22,15:00:00,115.93,116.56,115,115.985,45758,0
2018-03-22,16:00:00,116.16,117.13,115.34,115.37,114723,0
2018-03-22,17:00:00,115.405,115.84,114.5,114.94,43482,0
2018-03-22,18:00:00,114.82,115.51,114.52,114.91,79118,0
2018-03-22,19:00:00,114.9,115.68,114.75,115.37,26642,0
2018-03-22,20:00:00,115.4,115.4,114.1,114.18,70498,0
2018-03-22,21:00:00,114.25,114.75,112.8509,113.36,169555,0
2018-03-23,15:00:00,113.8,114.827,113.44,114.5,27633,0
2018-03-23,16:00:00,114.46,115.81,114.46,115.25,115455,0
2018-03-23,17:00:00,115.41,115.45,113.49,113.61,49024,0
2018-03-23,18:00:00,113.57,114.34,113.47,114.03,34769,0
2018-03-23,19:00:00,114.07,114.83,114,114.64,30282,0
2018-03-23,20:00:00,114.64,114.78,113.3,113.49,71605,0
2018-03-23,21:00:00,113.44,113.67,112.6061,112.65,154084,0
2018-03-26,16:00:00,114.12,115.06,112.88,113.26,23054,0
2018-03-26,17:00:00,113.36,113.56,112.67,112.92,44105,0
2018-03-26,18:00:00,112.8,113.56,111.88,113.05,29500,0
2018-03-26,19:00:00,113.045,113.4,112.68,113.13,26114,0
2018-03-26,20:00:00,113.15,113.595,112.8,113.595,22437,0
2018-03-26,21:00:00,113.7005,114.42,113.685,114.19,21676,0
2018-03-26,22:00:00,114.33,114.76,114.08,114.31,163088,0
2018-03-27,16:00:00,115.28,115.9699,114.46,115.9699,25740,0
2018-03-27,17:00:00,115.91,116.165,115.42,115.9,47289,0
2018-03-27,18:00:00,115.93,116.63,115.57,115.78,38211,0
2018-03-27,19:00:00,115.77,116.23,115.71,116.07,40856,0
2018-03-27,20:00:00,116.17,116.31,115.02,115.49,35762,0
2018-03-27,21:00:00,115.39,115.55,114.71,114.71,57686,0
2018-03-27,22:00:00,114.64,114.705,112.76,113.34,144700,0
2018-03-28,16:00:00,113.85,113.85,112.42,113.23,24317,0
2018-03-28,17:00:00,113.22,113.52,111.95,112.16,76104,0
2018-03-28,18:00:00,112.15,112.23,110.375,110.98,145310,0
2018-03-28,19:00:00,110.92,111.73,109.86,109.86,133191,0
2018-03-28,20:00:00,109.85,110.33,109.351,110,168551,0
2018-03-28,21:00:00,110.01,110.08,108.54,109.14,172476,0
2018-03-28,22:00:00,109.17,109.18,107.95,108.01,402576,0
2018-03-29,16:00:00,108.83,109.57,108.04,108.72,47534,0
2018-03-29,17:00:00,108.73,109.9,108.57,109.86,85209,0
2018-03-29,18:00:00,109.975,110.47,109.26,109.785,45296,0
2018-03-29,19:00:00,109.76,110.26,109.64,110.17,25772,0
2018-03-29,20:00:00,110.19,110.54,109.84,110.44,31184,0
2018-03-29,21:00:00,110.38,111.36,110.17,111.14,51249,0
2018-03-29,22:00:00,111.18,111.76,110.76,111.15,231363,0
