Date,Time,Open,High,Low,Close,Volume,OpenInt
2017-09-06,16:00:00,8.343,8.3621,8.343,8.3532,11916,0
2017-09-06,17:00:00,8.3621,8.3621,8.3489,8.3621,11274,0
2017-09-06,18:00:00,8.3564,8.3621,8.343,8.3525,25897,0
2017-09-06,19:00:00,8.3462,8.3492,8.3334,8.343,19105,0
2017-09-06,20:00:00,8.3457,8.3573,8.343,8.3522,15034,0
2017-09-06,21:00:00,8.3498,8.3621,8.343,8.3621,18444,0
2017-09-06,22:00:00,8.3525,8.3717,8.3525,8.3621,61913,0
2017-09-07,16:00:00,8.3908,8.3908,8.3718,8.3752,13979,0
2017-09-07,17:00:00,8.3812,8.3812,8.3678,8.3794,13972,0
2017-09-07,18:00:00,8.3764,8.4003,8.3717,8.3812,46034,0
2017-09-07,19:00:00,8.3908,8.3908,8.3745,8.3745,18016,0
2017-09-07,20:00:00,8.3736,8.3764,8.3717,8.3764,4622,0
2017-09-07,21:00:00,8.3764,8.3812,8.3717,8.3764,14291,0
2017-09-07,22:00:00,8.3764,8.3908,8.3717,8.3908,44359,0
2017-09-08,16:00:00,8.3621,8.3811,8.341,8.3621,11788,0
2017-09-08,17:00:00,8.3717,8.4003,8.3621,8.4003,12416,0
2017-09-08,18:00:00,8.4003,8.4099,8.3909,8.4052,37656,0
2017-09-08,19:00:00,8.4059,8.4098,8.4003,8.4034,13250,0
2017-09-08,20:00:00,8.4004,8.4034,8.3841,8.4003,10050,0
2017-09-08,21:00:00,8.4003,8.4099,8.3908,8.4003,25338,0
2017-09-08,22:00:00,8.3917,8.4003,8.3812,8.3908,21501,0
2017-09-11,16:00:00,8.4195,8.4289,8.4195,8.4242,14244,0
2017-09-11,17:00:00,8.4289,8.4385,8.4206,8.4385,87409,0
2017-09-11,18:00:00,8.4385,8.4577,8.4289,8.4518,177309,0
2017-09-11,19:00:00,8.4482,8.4577,8.4481,8.4481,20482,0
2017-09-11,20:00:00,8.4517,8.4595,8.4289,8.4385,127886,0
2017-09-11,21:00:00,8.4385,8.4577,8.4385,8.4433,23304,0
2017-09-11,22:00:00,8.4481,8.4672,8.4385,8.4481,123119,0
2017-09-12,16:00:00,8.4481,8.4672,8.4481,8.4598,20897,0
2017-09-12,17:00:00,8.4714,8.4714,8.4577,8.4577,16921,0
2017-09-12,18:00:00,8.4672,8.4672,8.4577,8.4624,13554,0
2017-09-12,19:00:00,8.4624,8.4654,8.4481,8.4577,30818,0
2017-09-12,20:00:00,8.4624,8.4672,8.4385,8.4433,22975,0
2017-09-12,21:00:00,8.4385,8.4551,8.4289,8.4289,53795,0
2017-09-12,22:00:00,8.4289,8.4577,8.4195,8.4577,57472,0
2017-09-13,16:00:00,8.4289,8.4338,8.4289,8.4338,3970,0
2017-09-13,17:00:00,8.4338,8.4347,8.4195,8.4195,8016,0
2017-09-13,18:00:00,8.4195,8.4481,8.4195,8.4289,68948,0
2017-09-13,19:00:00,8.4289,8.4385,8.4242,8.4338,25954,0
2017-09-13,20:00:00,8.4433,8.4481,8.4385,8.4385,12825,0
2017-09-13,21:00:00,8.4385,8.448,8.4385,8.4464,17260,0
2017-09-13,22:00:00,8.4385,8.4481,8.4338,8.4385,46654,0
2017-09-14,16:00:00,8.4385,8.4385,8.4099,8.4195,14691,0
2017-09-14,17:00:00,8.4099,8.4338,8.4099,8.4338,19808,0
2017-09-14,18:00:00,8.4385,8.4385,8.4289,8.4338,27878,0
2017-09-14,19:00:00,8.4338,8.4385,8.3669,8.4132,211600,0
2017-09-14,20:00:00,8.4099,8.4385,8.4099,8.4289,31653,0
2017-09-14,21:00:00,8.4354,8.4385,8.4032,8.4195,56755,0
2017-09-14,22:00:00,8.4146,8.4289,8.4003,8.4099,52024,0
2017-09-15,16:00:00,8.4099,8.4289,8.3812,8.4042,39916,0
2017-09-15,17:00:00,8.4004,8.4195,8.3908,8.4146,64967,0
2017-09-15,18:00:00,8.4099,8.4289,8.4099,8.4195,30029,0
2017-09-15,19:00:00,8.4195,8.4385,8.4195,8.4353,28737,0
2017-09-15,20:00:00,8.4384,8.4385,8.4289,8.4289,31271,0
2017-09-15,21:00:00,8.4289,8.4289,8.4099,8.4195,32883,0
2017-09-15,22:00:00,8.413,8.4385,8.4099,8.4289,75443,0
2017-09-18,16:00:00,8.4481,8.4768,8.4481,8.4673,19078,0
2017-09-18,17:00:00,8.4672,8.4959,8.4577,8.4864,67375,0
2017-09-18,18:00:00,8.4864,8.4945,8.4672,8.4672,27919,0
2017-09-18,19:00:00,8.4672,8.4768,8.4577,8.4577,24864,0
2017-09-18,20:00:00,8.4577,8.4672,8.4577,8.4577,17382,0
2017-09-18,21:00:00,8.4577,8.4768,8.4577,8.4672,33139,0
2017-09-18,22:00:00,8.4672,8.4959,8.4672,8.4959,61741,0
2017-09-19,16:00:00,8.4959,8.5054,8.4672,8.4911,17536,0
2017-09-19,17:00:00,8.4932,8.5054,8.4864,8.5054,32010,0
2017-09-19,18:00:00,8.5054,8.5436,8.5054,8.5436,59679,0
2017-09-19,19:00:00,8.5388,8.5436,8.515,8.5343,60120,0
2017-09-19,20:00:00,8.5312,8.5343,8.5245,8.5264,18879,0
2017-09-19,21:00:00,8.5343,8.5343,8.516,8.516,35976,0
2017-09-19,22:00:00,8.5151,8.5436,8.515,8.5343,58214,0
2017-09-20,16:00:00,8.5343,8.5436,8.5343,8.5343,29085,0
2017-09-20,17:00:00,8.5388,8.5629,8.5343,8.5542,43886,0
2017-09-20,18:00:00,8.5579,8.582,8.5579,8.5755,51443,0
2017-09-20,19:00:00,8.5772,8.582,8.5723,8.5723,6998,0
2017-09-20,20:00:00,8.576,8.582,8.5629,8.5629,18317,0
2017-09-20,21:00:00,8.5638,8.5638,8.5199,8.5436,31992,0
2017-09-20,22:00:00,8.5436,8.5474,8.5343,8.5436,22027,0
2017-09-21,16:00:00,8.563,8.563,8.5342,8.5438,13041,0
2017-09-21,17:00:00,8.5388,8.5436,8.5148,8.5342,49546,0
2017-09-21,18:00:00,8.5293,8.5342,8.5148,8.5342,24199,0
2017-09-21,19:00:00,8.5373,8.5436,8.5342,8.5343,10373,0
2017-09-21,20:00:00,8.5436,8.5517,8.5342,8.5446,27045,0
2017-09-21,21:00:00,8.5456,8.563,8.5437,8.5539,10065,0
2017-09-21,22:00:00,8.5552,8.5583,8.5342,8.5342,39264,0
2017-09-22,16:00:00,8.5342,8.5436,8.5148,8.5309,11179,0
2017-09-22,17:00:00,8.534,8.5823,8.534,8.5724,41434,0
2017-09-22,18:00:00,8.5724,8.5823,8.5631,8.5677,18100,0
2017-09-22,19:00:00,8.5687,8.5724,8.563,8.563,40918,0
2017-09-22,20:00:00,8.563,8.563,8.5532,8.5532,15716,0
2017-09-22,21:00:00,8.5505,8.5583,8.545,8.5532,22063,0
2017-09-22,22:00:00,8.5602,8.5724,8.5486,8.563,55883,0
2017-09-25,16:00:00,8.5724,8.5823,8.5532,8.563,48010,0
2017-09-25,17:00:00,8.563,8.5724,8.5596,8.5724,39243,0
2017-09-25,18:00:00,8.5692,8.5724,8.563,8.5691,17201,0
2017-09-25,19:00:00,8.5724,8.5724,8.5532,8.5564,16116,0
2017-09-25,20:00:00,8.563,8.563,8.5436,8.5532,20955,0
2017-09-25,21:00:00,8.5562,8.563,8.5468,8.5486,13447,0
2017-09-25,22:00:00,8.5532,8.563,8.5342,8.5532,41882,0
2017-09-26,16:00:00,8.5724,8.5918,8.5714,8.5918,26051,0
2017-09-26,17:00:00,8.5918,8.6206,8.5823,8.6013,56513,0
2017-09-26,18:00:00,8.6013,8.6111,8.5918,8.6013,84118,0
2017-09-26,19:00:00,8.6013,8.6013,8.5724,8.5823,25646,0
2017-09-26,20:00:00,8.5861,8.5899,8.5724,8.5724,12644,0
2017-09-26,21:00:00,8.5725,8.5774,8.5532,8.5579,48704,0
2017-09-26,22:00:00,8.5591,8.5591,8.5436,8.5532,49944,0
2017-09-27,16:00:00,8.5823,8.5823,8.562,8.563,28164,0
2017-09-27,17:00:00,8.563,8.563,8.5342,8.5436,32752,0
2017-09-27,18:00:00,8.5427,8.563,8.5342,8.5532,34803,0
2017-09-27,19:00:00,8.5532,8.563,8.5436,8.5532,26121,0
2017-09-27,20:00:00,8.563,8.563,8.5532,8.562,10025,0
2017-09-27,21:00:00,8.5629,8.5918,8.5578,8.5823,160709,0
2017-09-27,22:00:00,8.5917,8.6111,8.5823,8.6111,54585,0
2017-09-28,16:00:00,8.6111,8.6111,8.5724,8.6052,29942,0
2017-09-28,17:00:00,8.6043,8.6111,8.6015,8.6022,32267,0
2017-09-28,18:00:00,8.6039,8.6111,8.5918,8.5959,25030,0
2017-09-28,19:00:00,8.6004,8.6111,8.5918,8.6013,7119,0
2017-09-28,20:00:00,8.6013,8.6013,8.5918,8.6013,16086,0
2017-09-28,21:00:00,8.5987,8.6111,8.5918,8.6062,36531,0
2017-09-28,22:00:00,8.6111,8.6399,8.6062,8.6303,72584,0
2017-09-29,16:00:00,8.6399,8.6442,8.6013,8.6433,52459,0
2017-09-29,17:00:00,8.6448,8.6687,8.6399,8.6687,59221,0
2017-09-29,18:00:00,8.6687,8.6714,8.6543,8.6656,22249,0
2017-09-29,19:00:00,8.6655,8.6747,8.6592,8.6631,8876,0
2017-09-29,20:00:00,8.6592,8.6687,8.6399,8.6471,51745,0
2017-09-29,21:00:00,8.6399,8.6494,8.6303,8.6392,21529,0
2017-09-29,22:00:00,8.6448,8.6592,8.6448,8.6592,71810,0
2017-10-02,16:00:00,8.6881,8.7072,8.6881,8.7025,24386,0
2017-10-02,17:00:00,8.7053,8.7072,8.6881,8.6881,30125,0
2017-10-02,18:00:00,8.6927,8.6977,8.6687,8.6687,34799,0
2017-10-02,19:00:00,8.6687,8.6881,8.6687,8.6881,22573,0
2017-10-02,20:00:00,8.6937,8.7216,8.6861,8.7072,213986,0
2017-10-02,21:00:00,8.6985,8.7072,8.6788,8.6831,34791,0
2017-10-02,22:00:00,8.6783,8.7265,8.6687,8.7169,37645,0
2017-10-03,16:00:00,8.7265,8.7313,8.7169,8.7207,20842,0
2017-10-03,17:00:00,8.7265,8.7265,8.6927,8.6977,31198,0
2017-10-03,18:00:00,8.7093,8.7169,8.6977,8.7022,9546,0
2017-10-03,19:00:00,8.7072,8.7159,8.6977,8.7108,26357,0
2017-10-03,20:00:00,8.7168,8.7238,8.7096,8.7234,11402,0
2017-10-03,21:00:00,8.7265,8.7418,8.7169,8.7361,19703,0
2017-10-03,22:00:00,8.7458,8.7746,8.7458,8.7746,51476,0
2017-10-04,16:00:00,8.765,8.7842,8.765,8.7746,10108,0
2017-10-04,17:00:00,8.7712,8.7746,8.7265,8.7458,20589,0
2017-10-04,18:00:00,8.7399,8.7399,8.7265,8.7361,22001,0
2017-10-04,19:00:00,8.7265,8.7405,8.7265,8.7361,25500,0
2017-10-04,20:00:00,8.7361,8.7746,8.7361,8.765,44311,0
2017-10-04,21:00:00,8.765,8.7746,8.7553,8.7553,19314,0
2017-10-04,22:00:00,8.7519,8.7553,8.7458,8.7553,45636,0
2017-10-05,16:00:00,8.765,8.765,8.7169,8.7255,28178,0
2017-10-05,17:00:00,8.7169,8.7361,8.7169,8.7265,18802,0
2017-10-05,18:00:00,8.7265,8.7361,8.7265,8.7361,28251,0
2017-10-05,19:00:00,8.7265,8.765,8.7265,8.7649,29064,0
2017-10-05,20:00:00,8.7554,8.7898,8.7553,8.7686,91901,0
2017-10-05,21:00:00,8.765,8.7842,8.765,8.7746,43157,0
2017-10-05,22:00:00,8.7746,8.7842,8.7746,8.7746,28395,0
2017-10-06,16:00:00,8.765,8.765,8.7265,8.7265,29280,0
2017-10-06,17:00:00,8.7265,8.7361,8.7072,8.7072,29127,0
2017-10-06,18:00:00,8.7072,8.7265,8.7072,8.724,47394,0
2017-10-06,19:00:00,8.7199,8.7237,8.7072,8.7072,15036,0
2017-10-06,20:00:00,8.7072,8.736,8.7072,8.7169,47551,0
2017-10-06,21:00:00,8.7082,8.7361,8.7072,8.7361,29709,0
2017-10-06,22:00:00,8.7361,8.7553,8.7313,8.7458,57672,0
2017-10-09,16:00:00,8.7265,8.7265,8.7072,8.7169,24631,0
2017-10-09,17:00:00,8.7169,8.7265,8.7072,8.7216,6263,0
2017-10-09,18:00:00,8.7216,8.7746,8.7216,8.7746,44618,0
2017-10-09,19:00:00,8.7698,8.8227,8.7668,8.8227,128199,0
2017-10-09,20:00:00,8.813,8.8217,8.7947,8.7947,32956,0
2017-10-09,21:00:00,8.8006,8.811,8.7939,8.7939,25227,0
2017-10-09,22:00:00,8.7842,8.7939,8.765,8.7746,58186,0
2017-10-10,16:00:00,8.7939,8.8227,8.7939,8.8227,17050,0
2017-10-10,17:00:00,8.8227,8.8227,8.7746,8.7842,16970,0
2017-10-10,18:00:00,8.7816,8.7939,8.7746,8.7842,15718,0
2017-10-10,19:00:00,8.7842,8.7842,8.765,8.778,20586,0
2017-10-10,20:00:00,8.7795,8.7939,8.765,8.7859,14878,0
2017-10-10,21:00:00,8.7848,8.7939,8.7458,8.7458,51660,0
2017-10-10,22:00:00,8.7553,8.7553,8.7072,8.7169,158069,0
2017-10-11,16:00:00,8.7458,8.765,8.7265,8.7458,32004,0
2017-10-11,17:00:00,8.7458,8.7553,8.7361,8.7468,24287,0
2017-10-11,18:00:00,8.7506,8.7746,8.7462,8.7746,37277,0
2017-10-11,19:00:00,8.765,8.7746,8.7602,8.7602,15486,0
2017-10-11,20:00:00,8.7598,8.765,8.7458,8.7458,16589,0
2017-10-11,21:00:00,8.7475,8.7552,8.7265,8.7361,23536,0
2017-10-11,22:00:00,8.7361,8.7361,8.7169,8.7265,33577,0
2017-10-12,16:00:00,8.7072,8.7361,8.6881,8.7361,42458,0
2017-10-12,17:00:00,8.7361,8.765,8.7265,8.7582,20781,0
2017-10-12,18:00:00,8.765,8.7746,8.7553,8.7698,19221,0
2017-10-12,19:00:00,8.7746,8.789,8.7602,8.765,26875,0
2017-10-12,20:00:00,8.765,8.7746,8.7553,8.7602,9515,0
2017-10-12,21:00:00,8.7582,8.7746,8.7554,8.7746,17930,0
2017-10-12,22:00:00,8.7746,8.7842,8.765,8.7842,48397,0
2017-10-13,16:00:00,8.7746,8.7939,8.7746,8.7746,9714,0
2017-10-13,17:00:00,8.7766,8.7939,8.765,8.765,29716,0
2017-10-13,18:00:00,8.765,8.7667,8.7553,8.7592,16309,0
2017-10-13,19:00:00,8.764,8.7746,8.7602,8.7731,20595,0
2017-10-13,20:00:00,8.765,8.7746,8.765,8.7688,9968,0
2017-10-13,21:00:00,8.765,8.7746,8.765,8.765,10747,0
2017-10-13,22:00:00,8.7702,8.7842,8.765,8.7842,41793,0
2017-10-16,16:00:00,8.7842,8.8226,8.7842,8.7842,46981,0
2017-10-16,17:00:00,8.7843,8.8034,8.7843,8.8034,11327,0
2017-10-16,18:00:00,8.7949,8.813,8.7939,8.8034,16421,0
2017-10-16,19:00:00,8.7994,8.8034,8.7939,8.7946,14174,0
2017-10-16,20:00:00,8.8013,8.813,8.7939,8.8034,33355,0
2017-10-16,21:00:00,8.8006,8.8006,8.765,8.7651,69679,0
2017-10-16,22:00:00,8.7745,8.7939,8.7553,8.7939,58491,0
2017-10-17,16:00:00,8.8034,8.8065,8.7939,8.794,25439,0
2017-10-17,17:00:00,8.7939,8.8034,8.7746,8.7746,30937,0
2017-10-17,18:00:00,8.7939,8.8034,8.7842,8.793,26786,0
2017-10-17,19:00:00,8.7842,8.7986,8.7842,8.7939,15630,0
2017-10-17,20:00:00,8.7899,8.7939,8.7843,8.7939,14672,0
2017-10-17,21:00:00,8.7843,8.7939,8.7842,8.7939,25274,0
2017-10-17,22:00:00,8.7939,8.7939,8.7842,8.7842,51830,0
2017-10-18,16:00:00,8.7939,8.8034,8.7842,8.7939,19524,0
2017-10-18,17:00:00,8.7939,8.8034,8.765,8.7698,18493,0
2017-10-18,18:00:00,8.7746,8.7746,8.7553,8.765,29614,0
2017-10-18,19:00:00,8.7602,8.765,8.7459,8.7601,47146,0
2017-10-18,20:00:00,8.7602,8.765,8.7361,8.7361,98575,0
2017-10-18,21:00:00,8.7361,8.7553,8.7265,8.7411,122743,0
2017-10-18,22:00:00,8.7409,8.7458,8.6977,8.7361,210265,0
2017-10-19,16:00:00,8.7169,8.7458,8.7169,8.7458,35920,0
2017-10-19,17:00:00,8.7458,8.7553,8.7361,8.7553,20420,0
2017-10-19,18:00:00,8.7553,8.765,8.7491,8.7534,8641,0
2017-10-19,19:00:00,8.765,8.765,8.7553,8.765,5652,0
2017-10-19,20:00:00,8.765,8.765,8.7553,8.765,12586,0
2017-10-19,21:00:00,8.765,8.765,8.7553,8.765,19195,0
2017-10-19,22:00:00,8.7645,8.7842,8.76,8.7842,35492,0
2017-10-20,16:00:00,8.813,8.8227,8.8034,8.8111,26982,0
2017-10-20,17:00:00,8.8227,8.8323,8.8085,8.8323,23905,0
2017-10-20,18:00:00,8.8227,8.842,8.8227,8.842,39754,0
2017-10-20,19:00:00,8.8372,8.842,8.8323,8.8396,39352,0
2017-10-20,20:00:00,8.8371,8.842,8.8243,8.83,33302,0
2017-10-20,21:00:00,8.8352,8.8353,8.8227,8.8276,32453,0
2017-10-20,22:00:00,8.8276,8.8323,8.8227,8.8227,34631,0
2017-10-23,16:00:00,8.8421,8.8517,8.8057,8.8324,47829,0
2017-10-23,17:00:00,8.8357,8.8421,8.8227,8.8412,26202,0
2017-10-23,18:00:00,8.8324,8.8414,8.8263,8.8324,17823,0
2017-10-23,19:00:00,8.8372,8.8421,8.8276,8.8324,32329,0
2017-10-23,20:00:00,8.8317,8.8317,8.8033,8.8033,41019,0
2017-10-23,21:00:00,8.7937,8.8128,8.7453,8.7549,36672,0
2017-10-23,22:00:00,8.7453,8.7743,8.7403,8.7453,82366,0
2017-10-24,16:00:00,8.7839,8.8421,8.7839,8.8227,20447,0
2017-10-24,17:00:00,8.8227,8.8227,8.8129,8.8227,38500,0
2017-10-24,18:00:00,8.8227,8.8324,8.8129,8.8227,29158,0
2017-10-24,19:00:00,8.8142,8.8324,8.8142,8.8237,34159,0
2017-10-24,20:00:00,8.8324,8.8324,8.7937,8.8082,37193,0
2017-10-24,21:00:00,8.8102,8.8227,8.8033,8.8227,26980,0
2017-10-24,22:00:00,8.8227,8.8324,8.8033,8.8227,77116,0
2017-10-25,16:00:00,8.8129,8.8324,8.8082,8.8082,10623,0
2017-10-25,17:00:00,8.8129,8.8129,8.7257,8.7257,41946,0
2017-10-25,18:00:00,8.7227,8.7258,8.6968,8.7091,46708,0
2017-10-25,19:00:00,8.7064,8.7258,8.6773,8.7071,83935,0
2017-10-25,20:00:00,8.7007,8.7064,8.6968,8.7064,16283,0
2017-10-25,21:00:00,8.7064,8.7258,8.7064,8.7064,84726,0
2017-10-25,22:00:00,8.7162,8.7258,8.7064,8.7258,85766,0
2017-10-26,16:00:00,8.7453,8.7743,8.7356,8.7743,12989,0
2017-10-26,17:00:00,8.7743,8.7743,8.7162,8.7258,31122,0
2017-10-26,18:00:00,8.7258,8.7307,8.7064,8.7163,17125,0
2017-10-26,19:00:00,8.7162,8.7191,8.6819,8.7017,45812,0
2017-10-26,20:00:00,8.6968,8.7064,8.6773,8.7032,36377,0
2017-10-26,21:00:00,8.7001,8.7064,8.6872,8.6872,24589,0
2017-10-26,22:00:00,8.6872,8.7055,8.6773,8.6872,40700,0
2017-10-27,16:00:00,8.7162,8.7453,8.7162,8.7258,22124,0
2017-10-27,17:00:00,8.7258,8.7549,8.7258,8.7549,16205,0
2017-10-27,18:00:00,8.7549,8.7549,8.7453,8.7501,7175,0
2017-10-27,19:00:00,8.7549,8.7549,8.7355,8.7549,29851,0
2017-10-27,20:00:00,8.7549,8.7646,8.7453,8.7646,12432,0
2017-10-27,21:00:00,8.7646,8.7743,8.7549,8.7549,36686,0
2017-10-27,22:00:00,8.7639,8.7839,8.7549,8.7743,33671,0
2017-10-30,15:00:00,8.7453,8.7549,8.7259,8.7424,17675,0
2017-10-30,16:00:00,8.7395,8.7743,8.7395,8.7646,28752,0
2017-10-30,17:00:00,8.7694,8.7839,8.7356,8.7356,49299,0
2017-10-30,18:00:00,8.7356,8.7453,8.6968,8.7162,41065,0
2017-10-30,19:00:00,8.7162,8.7356,8.7162,8.7258,17478,0
2017-10-30,20:00:00,8.7258,8.7453,8.7258,8.7453,11185,0
2017-10-30,21:00:00,8.7362,8.7453,8.7162,8.7356,45433,0
2017-10-31,15:00:00,8.7549,8.7743,8.7356,8.7646,39833,0
2017-10-31,16:00:00,8.7646,8.8033,8.7549,8.7937,37055,0
2017-10-31,17:00:00,8.7868,8.7984,8.7839,8.7839,61642,0
2017-10-31,18:00:00,8.7839,8.7937,8.7403,8.7403,89265,0
2017-10-31,19:00:00,8.7403,8.7709,8.7356,8.7709,204982,0
2017-10-31,20:00:00,8.7668,8.7838,8.7646,8.7646,12847,0
2017-10-31,21:00:00,8.781,8.781,8.7356,8.7356,41961,0
2017-11-01,15:00:00,8.7839,8.8032,8.7646,8.7966,17404,0
2017-11-01,16:00:00,8.8033,8.8129,8.7839,8.8033,43825,0
2017-11-01,17:00:00,8.8032,8.8129,8.7975,8.8033,29490,0
2017-11-01,18:00:00,8.8033,8.8129,8.8033,8.8129,22935,0
2017-11-01,19:00:00,8.8129,8.8129,8.8033,8.8129,20831,0
2017-11-01,20:00:00,8.8045,8.8227,8.8033,8.8227,32106,0
2017-11-01,21:00:00,8.8227,8.8276,8.8129,8.8227,84940,0
2017-11-02,15:00:00,8.7937,8.8211,8.7839,8.7839,24945,0
2017-11-02,16:00:00,8.7743,8.7743,8.7162,8.729,22513,0
2017-11-02,17:00:00,8.7356,8.7743,8.7356,8.7743,113824,0
2017-11-02,18:00:00,8.7694,8.7839,8.7676,8.7811,20393,0
2017-11-02,19:00:00,8.7839,8.8129,8.7839,8.8033,35508,0
2017-11-02,20:00:00,8.8033,8.8129,8.7937,8.8129,60449,0
2017-11-02,21:00:00,8.8129,8.8227,8.8033,8.8129,26930,0
2017-11-03,15:00:00,8.8227,8.8227,8.7839,8.7844,33721,0
2017-11-03,16:00:00,8.7937,8.7937,8.7258,8.7319,75354,0
2017-11-03,17:00:00,8.7356,8.7646,8.7307,8.7646,30245,0
2017-11-03,18:00:00,8.7743,8.7838,8.7549,8.7694,36489,0
2017-11-03,19:00:00,8.7646,8.7743,8.7646,8.7694,33522,0
2017-11-03,20:00:00,8.7707,8.7937,8.7694,8.7937,36472,0
2017-11-03,21:00:00,8.7937,8.8032,8.7839,8.7839,50891,0
2017-11-06,16:00:00,8.7937,8.8129,8.7839,8.8129,22253,0
2017-11-06,17:00:00,8.8129,8.8129,8.8033,8.8033,8421,0
2017-11-06,18:00:00,8.8033,8.8121,8.7937,8.7938,27642,0
2017-11-06,19:00:00,8.7887,8.7937,8.7713,8.7791,53913,0
2017-11-06,20:00:00,8.7829,8.7937,8.7743,8.79,17219,0
2017-11-06,21:00:00,8.7937,8.8033,8.7839,8.79,18020,0
2017-11-06,22:00:00,8.7888,8.8129,8.7839,8.8129,48318,0
2017-11-07,16:00:00,8.8033,8.8129,8.7917,8.8129,16854,0
2017-11-07,17:00:00,8.8069,8.8129,8.7743,8.7743,30176,0
2017-11-07,18:00:00,8.7694,8.7743,8.7549,8.7549,57737,0
2017-11-07,19:00:00,8.7549,8.7645,8.7453,8.7549,24772,0
2017-11-07,20:00:00,8.7479,8.7839,8.7479,8.7751,30308,0
2017-11-07,21:00:00,8.7783,8.7984,8.7764,8.7937,23576,0
2017-11-07,22:00:00,8.7905,8.8129,8.7839,8.8129,45939,0
2017-11-08,16:00:00,8.7937,8.8033,8.7646,8.7646,20958,0
2017-11-08,17:00:00,8.7646,8.7839,8.7646,8.7839,11619,0
2017-11-08,18:00:00,8.7839,8.7903,8.7743,8.7839,10060,0
2017-11-08,19:00:00,8.7888,8.7937,8.7839,8.7937,18636,0
2017-11-08,20:00:00,8.7948,8.8033,8.7937,8.8033,14040,0
2017-11-08,21:00:00,8.8032,8.8032,8.7937,8.7937,17207,0
2017-11-08,22:00:00,8.7984,8.8227,8.7937,8.8227,28869,0
2017-11-09,16:00:00,8.7549,8.776,8.7549,8.776,17693,0
2017-11-09,17:00:00,8.7743,8.7743,8.7549,8.7742,43202,0
2017-11-09,18:00:00,8.7646,8.7739,8.7453,8.7539,31026,0
2017-11-09,19:00:00,8.7549,8.7549,8.7025,8.7118,25734,0
2017-11-09,20:00:00,8.7064,8.7453,8.7064,8.7359,15710,0
2017-11-09,21:00:00,8.7384,8.7646,8.7311,8.7598,17320,0
2017-11-09,22:00:00,8.7549,8.7937,8.7453,8.7549,61737,0
2017-11-10,16:00:00,8.7453,8.7646,8.7357,8.7646,15726,0
2017-11-10,17:00:00,8.7549,8.7646,8.7453,8.7549,13562,0
2017-11-10,18:00:00,8.7501,8.7501,8.7372,8.7431,10151,0
2017-11-10,19:00:00,8.7453,8.7646,8.7425,8.749,5350,0
2017-11-10,20:00:00,8.7513,8.7646,8.7453,8.7598,20866,0
2017-11-10,21:00:00,8.7549,8.7727,8.7549,8.7646,23185,0
2017-11-10,22:00:00,8.7585,8.7646,8.7453,8.7453,9604,0
2017-11-13,16:00:00,8.7258,8.7453,8.7162,8.7278,29657,0
2017-11-13,17:00:00,8.7453,8.7453,8.7258,8.7355,25207,0
2017-11-13,18:00:00,8.7258,8.7258,8.7064,8.7064,8255,0
2017-11-13,19:00:00,8.7257,8.7257,8.7064,8.7201,17608,0
2017-11-13,20:00:00,8.7125,8.7185,8.7017,8.7064,32976,0
2017-11-13,21:00:00,8.7162,8.7162,8.6968,8.7064,28960,0
2017-11-13,22:00:00,8.7064,8.7162,8.6677,8.6872,55180,0
2017-11-14,16:00:00,8.6582,8.6582,8.5902,8.6261,65000,0
2017-11-14,17:00:00,8.6192,8.6192,8.6,8.6161,31706,0
2017-11-14,18:00:00,8.6143,8.6192,8.6,8.6009,30907,0
2017-11-14,19:00:00,8.6096,8.6097,8.5902,8.6055,37758,0
2017-11-14,20:00:00,8.6029,8.6096,8.5659,8.5808,46005,0
2017-11-14,21:00:00,8.5807,8.5902,8.5516,8.5901,76285,0
2017-11-14,22:00:00,8.5711,8.6097,8.5709,8.5902,61081,0
2017-11-15,16:00:00,8.5418,8.5418,8.3772,8.4693,115360,0
2017-11-15,17:00:00,8.4693,8.5184,8.4644,8.5128,70511,0
2017-11-15,18:00:00,8.5224,8.5418,8.5223,8.537,37522,0
2017-11-15,19:00:00,8.5322,8.5516,8.5322,8.5418,23667,0
2017-11-15,20:00:00,8.5482,8.5516,8.5418,8.5516,11587,0
2017-11-15,21:00:00,8.5612,8.6611,8.5516,8.6192,271927,0
2017-11-15,22:00:00,8.6192,8.6387,8.6001,8.6192,37621,0
2017-11-16,16:00:00,8.6582,8.6872,8.6387,8.6773,31156,0
2017-11-16,17:00:00,8.6872,8.7064,8.6742,8.6968,16753,0
2017-11-16,18:00:00,8.6969,8.7064,8.6968,8.7015,19070,0
2017-11-16,19:00:00,8.7064,8.7162,8.6968,8.7162,28869,0
2017-11-16,20:00:00,8.7092,8.7258,8.6968,8.7074,27611,0
2017-11-16,21:00:00,8.7064,8.7646,8.7064,8.7356,44388,0
2017-11-16,22:00:00,8.7356,8.7356,8.7064,8.7064,53372,0
2017-11-17,16:00:00,8.7258,8.7453,8.6968,8.7356,42823,0
2017-11-17,17:00:00,8.7453,8.7453,8.7162,8.721,28551,0
2017-11-17,18:00:00,8.7258,8.7258,8.7162,8.721,29430,0
2017-11-17,19:00:00,8.7258,8.7258,8.7162,8.7258,15471,0
2017-11-17,20:00:00,8.7258,8.7258,8.6968,8.6968,24955,0
2017-11-17,21:00:00,8.7055,8.7064,8.6872,8.6968,33535,0
2017-11-17,22:00:00,8.6963,8.7064,8.6872,8.6968,55259,0
2017-11-20,16:00:00,8.7356,8.7453,8.728,8.7453,38944,0
2017-11-20,17:00:00,8.7453,8.7528,8.7356,8.7453,39320,0
2017-11-20,18:00:00,8.7453,8.7598,8.7357,8.7357,39147,0
2017-11-20,19:00:00,8.7453,8.7453,8.7355,8.7355,13725,0
2017-11-20,20:00:00,8.7356,8.7356,8.7064,8.7162,33509,0
2017-11-20,21:00:00,8.7106,8.7162,8.6968,8.6968,28964,0
2017-11-20,22:00:00,8.7035,8.7549,8.6968,8.7549,49911,0
2017-11-21,16:00:00,8.7841,8.7841,8.765,8.7821,16279,0
2017-11-21,17:00:00,8.7701,8.794,8.7647,8.7744,35783,0
2017-11-21,18:00:00,8.7744,8.794,8.7647,8.794,18477,0
2017-11-21,19:00:00,8.7841,8.794,8.7841,8.794,12629,0
2017-11-21,20:00:00,8.7841,8.7939,8.7832,8.7846,10134,0
2017-11-21,21:00:00,8.7884,8.794,8.7841,8.787,18573,0
2017-11-21,22:00:00,8.7868,8.8036,8.7841,8.8036,13023,0
2017-11-22,16:00:00,8.7841,8.8022,8.7841,8.8022,11026,0
2017-11-22,17:00:00,8.8036,8.8232,8.8035,8.8133,15440,0
2017-11-22,18:00:00,8.8086,8.8232,8.794,8.8086,41213,0
2017-11-22,19:00:00,8.8133,8.8133,8.7841,8.7841,13202,0
2017-11-22,20:00:00,8.7841,8.7841,8.7647,8.7803,20600,0
2017-11-22,21:00:00,8.7794,8.7841,8.7744,8.7744,10134,0
2017-11-22,22:00:00,8.7811,8.794,8.7745,8.7841,24774,0
2017-11-24,16:00:00,8.8133,8.8232,8.7744,8.8232,39972,0
2017-11-24,17:00:00,8.8232,8.8329,8.8133,8.8133,28647,0
2017-11-24,18:00:00,8.8232,8.8427,8.8133,8.8232,35804,0
2017-11-24,19:00:00,8.8232,8.8621,8.818,8.8621,24648,0
2017-11-24,20:00:00,8.8621,8.8621,8.8621,8.8621,2190,0
2017-11-27,16:00:00,8.8329,8.8493,8.8329,8.8378,17378,0
2017-11-27,17:00:00,8.8329,8.8427,8.8036,8.8133,45530,0
2017-11-27,18:00:00,8.8086,8.8133,8.7841,8.794,37608,0
2017-11-27,19:00:00,8.8036,8.8036,8.794,8.8035,18751,0
2017-11-27,20:00:00,8.794,8.8036,8.794,8.8036,23559,0
2017-11-27,21:00:00,8.8133,8.8329,8.8036,8.8329,58651,0
2017-11-27,22:00:00,8.8281,8.8329,8.794,8.794,37106,0
2017-11-28,16:00:00,8.8036,8.8329,8.7841,8.794,26095,0
2017-11-28,17:00:00,8.794,8.8232,8.794,8.8153,20892,0
2017-11-28,18:00:00,8.8036,8.8133,8.8036,8.8036,21799,0
2017-11-28,19:00:00,8.8086,8.8197,8.8036,8.8197,19600,0
2017-11-28,20:00:00,8.8231,8.8319,8.8036,8.8121,25316,0
2017-11-28,21:00:00,8.8133,8.8232,8.8036,8.8232,17507,0
2017-11-28,22:00:00,8.8232,8.8475,8.8153,8.8232,57430,0
2017-11-29,16:00:00,8.8329,8.8475,8.794,8.8427,56200,0
2017-11-29,17:00:00,8.8427,8.8543,8.8232,8.8329,36787,0
2017-11-29,18:00:00,8.8232,8.8524,8.8232,8.8329,23751,0
2017-11-29,19:00:00,8.8393,8.8393,8.8036,8.8134,31967,0
2017-11-29,20:00:00,8.8133,8.8329,8.8036,8.8329,21839,0
2017-11-29,21:00:00,8.8329,8.8524,8.8232,8.8524,17008,0
2017-11-29,22:00:00,8.8468,8.8621,8.8428,8.8621,50455,0
2017-11-30,16:00:00,8.8621,8.9012,8.8621,8.9011,75690,0
2017-11-30,17:00:00,8.8914,8.9109,8.8914,8.9109,32631,0
2017-11-30,18:00:00,8.9109,8.9207,8.9012,8.9206,42005,0
2017-11-30,19:00:00,8.9206,8.9345,8.9112,8.9333,22710,0
2017-11-30,20:00:00,8.9401,8.9402,8.9109,8.9129,44674,0
2017-11-30,21:00:00,8.9195,8.9303,8.9109,8.9206,27296,0
2017-11-30,22:00:00,8.9109,8.9206,8.8914,8.9109,142077,0
2017-12-01,16:00:00,8.9109,8.9109,8.8719,8.8719,22873,0
2017-12-01,17:00:00,8.8816,8.9109,8.8719,8.9109,22978,0
2017-12-01,18:00:00,8.9012,8.9109,8.8232,8.8719,54149,0
2017-12-01,19:00:00,8.8719,8.8914,8.8621,8.8816,26694,0
2017-12-01,20:00:00,8.8816,8.9008,8.8816,8.8816,36448,0
2017-12-01,21:00:00,8.8865,8.89,8.8621,8.8719,18616,0
2017-12-01,22:00:00,8.8777,8.9109,8.8621,8.9109,23513,0
2017-12-04,16:00:00,8.9206,8.9499,8.9206,8.9403,20185,0
2017-12-04,17:00:00,8.9499,8.9596,8.9402,8.945,79580,0
2017-12-04,18:00:00,8.9444,8.9499,8.9402,8.9402,15847,0
2017-12-04,19:00:00,8.943,8.9483,8.9402,8.9402,13855,0
2017-12-04,20:00:00,8.9403,8.9499,8.9402,8.9461,13046,0
2017-12-04,21:00:00,8.9436,8.9499,8.9206,8.9206,15501,0
2017-12-04,22:00:00,8.9116,8.9377,8.911,8.9304,37651,0
2017-12-05,16:00:00,8.9304,8.9304,8.9109,8.9158,15523,0
2017-12-05,17:00:00,8.9206,8.9402,8.9109,8.9169,59787,0
2017-12-05,18:00:00,8.9109,8.9256,8.9109,8.9256,16994,0
2017-12-05,19:00:00,8.9256,8.9303,8.9109,8.9188,22999,0
2017-12-05,20:00:00,8.9175,8.9206,8.9109,8.9109,26276,0
2017-12-05,21:00:00,8.914,8.9206,8.9012,8.9012,43114,0
2017-12-05,22:00:00,8.9012,8.9012,8.8719,8.8816,40293,0
2017-12-06,16:00:00,8.8914,8.9012,8.8524,8.8914,34847,0
2017-12-06,17:00:00,8.9012,8.9104,8.8914,8.906,27465,0
2017-12-06,18:00:00,8.9012,8.9109,8.9012,8.9074,12779,0
2017-12-06,19:00:00,8.9109,8.9109,8.8914,8.9012,25588,0
2017-12-06,20:00:00,8.892,8.9012,8.8914,8.8962,30517,0
2017-12-06,21:00:00,8.9012,8.9109,8.8914,8.906,54418,0
2017-12-06,22:00:00,8.9109,8.9206,8.9012,8.9206,33233,0
2017-12-07,16:00:00,8.8816,8.9012,8.8621,8.8914,28850,0
2017-12-07,17:00:00,8.8962,8.9304,8.8914,8.9109,31233,0
2017-12-07,18:00:00,8.9109,8.9119,8.8914,8.9012,41101,0
2017-12-07,19:00:00,8.9002,8.915,8.8865,8.8914,71770,0
2017-12-07,20:00:00,8.8914,8.9012,8.8914,8.8914,20815,0
2017-12-07,21:00:00,8.8914,8.8914,8.8719,8.8883,45891,0
2017-12-07,22:00:00,8.8914,8.8969,8.8816,8.8816,40227,0
2017-12-08,16:00:00,8.8914,8.9138,8.8914,8.9138,44273,0
2017-12-08,17:00:00,8.9109,8.9206,8.9012,8.9206,109252,0
2017-12-08,18:00:00,8.9216,8.9216,8.9012,8.9012,11047,0
2017-12-08,19:00:00,8.9012,8.9109,8.8816,8.9039,38927,0
2017-12-08,20:00:00,8.9042,8.9109,8.9012,8.9102,28588,0
2017-12-08,21:00:00,8.9012,8.9274,8.9012,8.9206,54636,0
2017-12-08,22:00:00,8.9206,8.9304,8.9012,8.9206,60133,0
2017-12-11,16:00:00,8.9206,8.9402,8.9193,8.9304,29902,0
2017-12-11,17:00:00,8.9304,8.9499,8.9304,8.9499,38085,0
2017-12-11,18:00:00,8.9402,8.9548,8.9402,8.9402,30951,0
2017-12-11,19:00:00,8.9447,8.9596,8.9402,8.9412,56019,0
2017-12-11,20:00:00,8.9494,8.9694,8.9402,8.966,43440,0
2017-12-11,21:00:00,8.9606,8.9694,8.9548,8.9596,55104,0
2017-12-11,22:00:00,8.9596,8.9694,8.9402,8.9694,90357,0
2017-12-12,16:00:00,8.9499,8.9596,8.9382,8.9548,17585,0
2017-12-12,17:00:00,8.9499,8.9596,8.945,8.9499,27826,0
2017-12-12,18:00:00,8.9596,8.9596,8.9499,8.9596,19910,0
2017-12-12,19:00:00,8.9548,8.9694,8.9499,8.9694,36545,0
2017-12-12,20:00:00,8.9693,8.9694,8.9499,8.9546,45573,0
2017-12-12,21:00:00,8.9548,8.9596,8.9402,8.9538,57815,0
2017-12-12,22:00:00,8.9596,8.9694,8.9474,8.9499,102611,0
2017-12-13,16:00:00,8.9402,8.9402,8.9304,8.9304,27756,0
2017-12-13,17:00:00,8.9304,8.9499,8.9304,8.9407,55261,0
2017-12-13,18:00:00,8.9402,8.9606,8.9402,8.9606,54321,0
2017-12-13,19:00:00,8.9596,8.9694,8.9461,8.9595,14351,0
2017-12-13,20:00:00,8.9556,8.9596,8.9402,8.9402,23790,0
2017-12-13,21:00:00,8.9334,8.9694,8.9304,8.9596,121623,0
2017-12-13,22:00:00,8.9596,8.9694,8.9402,8.9694,94181,0
2017-12-14,16:00:00,8.9596,8.9596,8.9304,8.9499,25305,0
2017-12-14,17:00:00,8.9548,8.9694,8.9402,8.9548,43184,0
2017-12-14,18:00:00,8.9563,8.9596,8.9499,8.9499,11515,0
2017-12-14,19:00:00,8.9499,8.9585,8.9304,8.9305,40619,0
2017-12-14,20:00:00,8.9304,8.9402,8.9256,8.9372,41829,0
2017-12-14,21:00:00,8.9353,8.9401,8.9109,8.9109,33032,0
2017-12-14,22:00:00,8.9109,8.9206,8.8914,8.9109,52998,0
2017-12-15,16:00:00,8.9206,8.9402,8.9206,8.9304,16060,0
2017-12-15,17:00:00,8.9402,8.9499,8.9304,8.9438,5727,0
2017-12-15,18:00:00,8.9429,8.9596,8.9414,8.9499,16448,0
2017-12-15,19:00:00,8.9581,8.9596,8.9499,8.9548,9165,0
2017-12-15,20:00:00,8.9499,8.9596,8.9326,8.9326,158534,0
2017-12-15,21:00:00,8.9353,8.9499,8.9353,8.9499,16951,0
2017-12-15,22:00:00,8.9499,8.9645,8.9304,8.9499,153170,0
2017-12-18,16:00:00,8.9694,8.989,8.9694,8.9791,37866,0
2017-12-18,17:00:00,8.989,9.0083,8.9858,8.9952,58478,0
2017-12-18,18:00:00,8.9891,9.0083,8.989,9.0083,33196,0
2017-12-18,19:00:00,9.0083,9.0182,8.9986,9.0182,23743,0
2017-12-18,20:00:00,9.0182,9.0182,9.0083,9.0182,43148,0
2017-12-18,21:00:00,9.0182,9.0279,8.9791,8.984,93116,0
2017-12-18,22:00:00,8.989,9.0083,8.9791,8.9986,73972,0
2017-12-19,16:00:00,9.0182,9.0279,8.9986,9.0182,42022,0
2017-12-19,17:00:00,9.0279,9.0474,9.0145,9.0474,33931,0
2017-12-19,18:00:00,9.0474,9.0571,9.0376,9.0571,53073,0
2017-12-19,19:00:00,9.0486,9.0571,9.0474,9.0549,8404,0
2017-12-19,20:00:00,9.0523,9.0523,9.0218,9.0218,30578,0
2017-12-19,21:00:00,9.023,9.0279,9.0182,9.0182,19084,0
2017-12-19,22:00:00,9.0248,9.0279,8.9986,8.9986,74258,0
2017-12-20,16:00:00,9.0183,9.0379,9.0183,9.0379,31763,0
2017-12-20,17:00:00,9.0476,9.0477,9.028,9.0477,36276,0
2017-12-20,18:00:00,9.0428,9.0674,9.0394,9.0674,72266,0
2017-12-20,19:00:00,9.0605,9.0771,9.0575,9.0703,32806,0
2017-12-20,20:00:00,9.0674,9.0725,9.0608,9.0674,35067,0
2017-12-20,21:00:00,9.0663,9.0771,9.0575,9.0771,50151,0
2017-12-20,22:00:00,9.0674,9.1065,9.0674,9.0968,56502,0
2017-12-21,16:00:00,9.087,9.1065,9.0674,9.0771,43025,0
2017-12-21,17:00:00,9.0771,9.087,9.0674,9.0736,38642,0
2017-12-21,18:00:00,9.0675,9.0713,9.0565,9.0568,28400,0
2017-12-21,19:00:00,9.0565,9.0771,9.0526,9.0717,48295,0
2017-12-21,20:00:00,9.0723,9.087,9.0674,9.084,50925,0
2017-12-21,21:00:00,9.0771,9.0807,9.0674,9.0723,23485,0
2017-12-21,22:00:00,9.0674,9.087,9.0575,9.0674,75550,0
2017-12-22,16:00:00,9.0674,9.1459,9.0674,9.1459,155105,0
2017-12-22,17:00:00,9.1459,9.1851,9.1459,9.1851,70946,0
2017-12-22,18:00:00,9.1851,9.2244,9.1851,9.2244,105093,0
2017-12-22,19:00:00,9.2244,9.2244,9.2145,9.2194,35519,0
2017-12-22,20:00:00,9.2194,9.2342,9.2194,9.2319,40496,0
2017-12-22,21:00:00,9.2244,9.2342,9.2244,9.2308,23017,0
2017-12-22,22:00:00,9.2292,9.2538,9.2244,9.2538,67692,0
2017-12-26,16:00:00,9.2047,9.2439,9.2047,9.2244,56852,0
2017-12-26,17:00:00,9.2342,9.2439,9.2145,9.2145,54803,0
2017-12-26,18:00:00,9.2145,9.2243,9.1606,9.2145,77227,0
2017-12-26,19:00:00,9.2096,9.2096,9.2047,9.2047,12809,0
2017-12-26,20:00:00,9.2047,9.2145,9.1851,9.1851,60645,0
2017-12-26,21:00:00,9.1851,9.2017,9.1767,9.1851,39515,0
2017-12-26,22:00:00,9.1851,9.1949,9.1753,9.1851,56185,0
2017-12-27,16:00:00,9.2145,9.2145,9.1851,9.2047,24224,0
2017-12-27,17:00:00,9.2145,9.2342,9.2145,9.2266,32011,0
2017-12-27,18:00:00,9.2292,9.2342,9.2244,9.2282,12001,0
2017-12-27,19:00:00,9.2256,9.2545,9.2256,9.2439,82726,0
2017-12-27,20:00:00,9.2439,9.2538,9.2244,9.2244,65254,0
2017-12-27,21:00:00,9.2244,9.2538,9.2244,9.2489,48849,0
2017-12-27,22:00:00,9.2439,9.2538,9.2439,9.2439,30261,0
2017-12-28,16:00:00,9.2538,9.2538,9.2244,9.2538,26844,0
2017-12-28,17:00:00,9.2538,9.2636,9.2439,9.2636,57441,0
2017-12-28,18:00:00,9.2636,9.2636,9.2489,9.2538,41676,0
2017-12-28,19:00:00,9.2538,9.2734,9.2439,9.2439,30534,0
2017-12-28,20:00:00,9.2439,9.2881,9.2439,9.2683,80395,0
2017-12-28,21:00:00,9.2538,9.293,9.2538,9.293,74749,0
2017-12-28,22:00:00,9.2766,9.2773,9.2636,9.2734,52604,0
2017-12-29,16:00:00,9.3127,9.3127,9.2783,9.3127,29880,0
2017-12-29,17:00:00,9.3057,9.3127,9.3029,9.3029,19978,0
2017-12-29,18:00:00,9.3127,9.3224,9.3029,9.3077,41642,0
2017-12-29,19:00:00,9.3077,9.3127,9.2833,9.2834,24170,0
2017-12-29,20:00:00,9.2834,9.3127,9.2833,9.2881,60610,0
2017-12-29,21:00:00,9.3029,9.3029,9.293,9.296,19170,0
2017-12-29,22:00:00,9.293,9.3029,9.2833,9.293,52802,0
2018-01-02,16:00:00,9.3127,9.3127,9.2636,9.2695,53141,0
2018-01-02,17:00:00,9.2685,9.2833,9.2685,9.2735,95278,0
2018-01-02,18:00:00,9.2734,9.2833,9.2734,9.2833,37234,0
2018-01-02,19:00:00,9.2796,9.2833,9.2734,9.2823,22703,0
2018-01-02,20:00:00,9.2734,9.2833,9.2636,9.2734,35461,0
2018-01-02,21:00:00,9.2734,9.2734,9.2586,9.2703,30987,0
2018-01-02,22:00:00,9.2636,9.2734,9.2342,9.2342,432114,0
2018-01-03,16:00:00,9.2439,9.2859,9.2439,9.2783,55338,0
2018-01-03,17:00:00,9.2833,9.3029,9.2833,9.2833,12727,0
2018-01-03,18:00:00,9.2881,9.3002,9.2734,9.2899,38935,0
2018-01-03,19:00:00,9.2833,9.293,9.2833,9.2833,31658,0
2018-01-03,20:00:00,9.293,9.3028,9.2823,9.3028,63926,0
2018-01-03,21:00:00,9.2998,9.3029,9.293,9.3029,59511,0
2018-01-03,22:00:00,9.298,9.3127,9.293,9.293,256918,0
2018-01-04,16:00:00,9.3127,9.3224,9.2989,9.3224,32726,0
2018-01-04,17:00:00,9.3224,9.3715,9.3128,9.3618,60127,0
2018-01-04,18:00:00,9.3519,9.3519,9.3421,9.3421,35073,0
2018-01-04,19:00:00,9.3517,9.3518,9.3421,9.3421,13642,0
2018-01-04,20:00:00,9.3421,9.3518,9.3421,9.3471,20185,0
2018-01-04,21:00:00,9.3421,9.3518,9.3371,9.3421,52417,0
2018-01-04,22:00:00,9.3471,9.3518,9.3127,9.3324,288142,0
2018-01-05,16:00:00,9.3421,9.3518,9.3324,9.3518,18525,0
2018-01-05,17:00:00,9.3586,9.3811,9.3518,9.3811,42575,0
2018-01-05,18:00:00,9.3899,9.4107,9.3811,9.4007,26845,0
2018-01-05,19:00:00,9.4007,9.4205,9.3909,9.4155,35738,0
2018-01-05,20:00:00,9.4155,9.4303,9.4107,9.4255,10196,0
2018-01-05,21:00:00,9.4303,9.4406,9.4205,9.4353,23909,0
2018-01-05,22:00:00,9.4406,9.4604,9.4235,9.4505,78011,0
2018-01-08,16:00:00,9.4505,9.4694,9.4303,9.4505,45858,0
2018-01-08,17:00:00,9.4505,9.4604,9.4505,9.4604,22489,0
2018-01-08,18:00:00,9.4505,9.4694,9.4505,9.4604,29868,0
2018-01-08,19:00:00,9.4694,9.4694,9.4604,9.4654,33278,0
2018-01-08,20:00:00,9.4714,9.4982,9.4714,9.4803,39443,0
2018-01-08,21:00:00,9.4793,9.4992,9.4793,9.4892,39710,0
2018-01-08,22:00:00,9.4892,9.4992,9.4604,9.4604,50580,0
2018-01-09,16:00:00,9.4604,9.4783,9.4604,9.4694,24181,0
2018-01-09,17:00:00,9.4694,9.4694,9.4604,9.4604,39440,0
2018-01-09,18:00:00,9.4664,9.4912,9.4604,9.4793,21677,0
2018-01-09,19:00:00,9.4843,9.4843,9.4604,9.4604,28663,0
2018-01-09,20:00:00,9.4604,9.4604,9.4505,9.4604,42192,0
2018-01-09,21:00:00,9.4525,9.4694,9.4505,9.4684,76298,0
2018-01-09,22:00:00,9.4694,9.4992,9.4694,9.4793,49023,0
2018-01-10,16:00:00,9.4793,9.4892,9.4604,9.4694,36064,0
2018-01-10,17:00:00,9.4694,9.4992,9.4614,9.4694,38134,0
2018-01-10,18:00:00,9.4743,9.4793,9.4694,9.4793,24112,0
2018-01-10,19:00:00,9.4863,9.4892,9.4793,9.4793,17015,0
2018-01-10,20:00:00,9.4793,9.4892,9.4793,9.4793,25840,0
2018-01-10,21:00:00,9.4843,9.4992,9.4694,9.4724,52413,0
2018-01-10,22:00:00,9.4793,9.4892,9.4694,9.4892,52943,0
2018-01-11,16:00:00,9.4793,9.509,9.4734,9.501,36523,0
2018-01-11,17:00:00,9.4992,9.508,9.4992,9.508,9260,0
2018-01-11,18:00:00,9.509,9.509,9.4892,9.4942,30437,0
2018-01-11,19:00:00,9.4942,9.4992,9.4892,9.4982,29073,0
2018-01-11,20:00:00,9.4892,9.4992,9.4892,9.4962,14654,0
2018-01-11,21:00:00,9.4922,9.4992,9.4892,9.4952,11620,0
2018-01-11,22:00:00,9.4892,9.519,9.4892,9.519,63850,0
2018-01-12,16:00:00,9.538,9.598,9.537,9.598,38776,0
2018-01-12,17:00:00,9.598,9.607,9.588,9.603,43566,0
2018-01-12,18:00:00,9.603,9.614,9.598,9.612,17691,0
2018-01-12,19:00:00,9.611,9.617,9.598,9.604,13623,0
2018-01-12,20:00:00,9.607,9.607,9.588,9.593,7576,0
2018-01-12,21:00:00,9.588,9.598,9.569,9.578,28039,0
2018-01-12,22:00:00,9.578,9.578,9.548,9.548,29595,0
2018-01-16,16:00:00,9.598,9.656,9.568,9.656,14499,0
2018-01-16,17:00:00,9.646,9.666,9.646,9.647,45179,0
2018-01-16,18:00:00,9.646,9.656,9.636,9.646,46445,0
2018-01-16,19:00:00,9.656,9.666,9.626,9.636,46259,0
2018-01-16,20:00:00,9.636,9.636,9.607,9.607,16667,0
2018-01-16,21:00:00,9.603,9.603,9.519,9.548,105203,0
2018-01-16,22:00:00,9.548,9.569,9.512,9.548,105751,0
2018-01-17,16:00:00,9.568,9.588,9.548,9.578,43527,0
2018-01-17,17:00:00,9.578,9.607,9.578,9.607,50331,0
2018-01-17,18:00:00,9.607,9.626,9.598,9.603,149545,0
2018-01-17,19:00:00,9.598,9.617,9.588,9.598,31069,0
2018-01-17,20:00:00,9.598,9.626,9.598,9.626,26839,0
2018-01-17,21:00:00,9.626,9.646,9.617,9.642,20972,0
2018-01-17,22:00:00,9.646,9.646,9.617,9.626,56794,0
2018-01-18,16:00:00,9.617,9.636,9.588,9.598,21737,0
2018-01-18,17:00:00,9.603,9.607,9.573,9.578,58584,0
2018-01-18,18:00:00,9.578,9.588,9.568,9.588,70095,0
2018-01-18,19:00:00,9.583,9.598,9.578,9.588,76696,0
2018-01-18,20:00:00,9.598,9.617,9.588,9.593,61642,0
2018-01-18,21:00:00,9.588,9.656,9.588,9.636,105618,0
2018-01-18,22:00:00,9.646,9.656,9.636,9.646,77703,0
2018-01-19,16:00:00,9.626,9.646,9.626,9.636,18629,0
2018-01-19,17:00:00,9.633,9.646,9.626,9.626,33523,0
2018-01-19,18:00:00,9.626,9.641,9.626,9.631,72012,0
2018-01-19,19:00:00,9.632,9.646,9.617,9.646,109737,0
2018-01-19,20:00:00,9.64,9.656,9.636,9.641,33477,0
2018-01-19,21:00:00,9.641,9.667,9.636,9.666,50031,0
2018-01-19,22:00:00,9.669,9.695,9.666,9.695,46033,0
2018-01-22,16:00:00,9.695,9.725,9.685,9.715,20654,0
2018-01-22,17:00:00,9.735,9.774,9.725,9.774,63211,0
2018-01-22,18:00:00,9.768,9.768,9.735,9.745,68987,0
2018-01-22,19:00:00,9.738,9.757,9.738,9.745,49722,0
2018-01-22,20:00:00,9.745,9.755,9.736,9.75,47878,0
2018-01-22,21:00:00,9.752,9.764,9.735,9.745,46896,0
2018-01-22,22:00:00,9.745,9.774,9.745,9.764,133948,0
2018-01-23,16:00:00,9.764,9.779,9.745,9.774,34168,0
2018-01-23,17:00:00,9.774,9.793,9.774,9.774,34067,0
2018-01-23,18:00:00,9.777,9.803,9.774,9.793,34456,0
2018-01-23,19:00:00,9.793,9.793,9.774,9.783,49041,0
2018-01-23,20:00:00,9.788,9.793,9.783,9.786,27751,0
2018-01-23,21:00:00,9.783,9.801,9.783,9.793,43588,0
2018-01-23,22:00:00,9.793,9.823,9.783,9.813,42295,0
2018-01-24,16:00:00,9.833,9.853,9.813,9.843,21670,0
2018-01-24,17:00:00,9.843,9.863,9.823,9.843,64973,0
2018-01-24,18:00:00,9.837,9.837,9.813,9.833,41524,0
2018-01-24,19:00:00,9.823,9.823,9.783,9.793,56686,0
2018-01-24,20:00:00,9.788,9.793,9.783,9.792,26821,0
2018-01-24,21:00:00,9.784,9.809,9.783,9.803,35545,0
2018-01-24,22:00:00,9.798,9.813,9.793,9.793,32327,0
2018-01-25,16:00:00,9.803,9.81,9.774,9.774,21821,0
2018-01-25,17:00:00,9.779,9.803,9.774,9.798,86293,0
2018-01-25,18:00:00,9.803,9.813,9.798,9.805,26632,0
2018-01-25,19:00:00,9.803,9.823,9.803,9.813,52908,0
2018-01-25,20:00:00,9.808,9.823,9.803,9.808,25843,0
2018-01-25,21:00:00,9.813,9.823,9.803,9.823,114677,0
2018-01-25,22:00:00,9.818,9.853,9.803,9.843,147222,0
2018-01-26,16:00:00,9.823,9.838,9.803,9.838,45020,0
2018-01-26,17:00:00,9.836,9.843,9.813,9.843,105852,0
2018-01-26,18:00:00,9.843,9.843,9.823,9.828,26936,0
2018-01-26,19:00:00,9.83,9.843,9.823,9.828,47009,0
2018-01-26,20:00:00,9.83,9.843,9.823,9.827,71455,0
2018-01-26,21:00:00,9.828,9.843,9.813,9.838,108309,0
2018-01-26,22:00:00,9.84,9.883,9.833,9.873,156809,0
2018-01-29,16:00:00,9.853,9.873,9.823,9.873,22490,0
2018-01-29,17:00:00,9.873,9.903,9.854,9.89,169578,0
2018-01-29,18:00:00,9.892,9.898,9.873,9.884,117003,0
2018-01-29,19:00:00,9.886,9.903,9.873,9.873,26457,0
2018-01-29,20:00:00,9.878,9.893,9.873,9.891,23294,0
2018-01-29,21:00:00,9.893,9.893,9.863,9.868,41029,0
2018-01-29,22:00:00,9.868,9.883,9.853,9.873,110016,0
2018-01-30,16:00:00,9.813,9.833,9.774,9.798,64877,0
2018-01-30,17:00:00,9.793,9.803,9.764,9.803,131646,0
2018-01-30,18:00:00,9.798,9.813,9.783,9.788,90169,0
2018-01-30,19:00:00,9.788,9.793,9.755,9.768,135327,0
2018-01-30,20:00:00,9.764,9.764,9.725,9.75,49691,0
2018-01-30,21:00:00,9.75,9.75,9.715,9.729,39226,0
2018-01-30,22:00:00,9.725,9.745,9.725,9.745,66714,0
2018-01-31,16:00:00,9.764,9.783,9.755,9.774,44574,0
2018-01-31,17:00:00,9.774,9.783,9.745,9.748,58967,0
2018-01-31,18:00:00,9.751,9.751,9.715,9.725,30596,0
2018-01-31,19:00:00,9.725,9.73,9.705,9.709,54943,0
2018-01-31,20:00:00,9.71,9.725,9.705,9.722,54195,0
2018-01-31,21:00:00,9.72,9.735,9.675,9.705,47932,0
2018-01-31,22:00:00,9.698,9.705,9.685,9.685,90921,0
2018-02-01,16:00:00,9.675,9.705,9.675,9.705,31387,0
2018-02-01,17:00:00,9.705,9.715,9.675,9.685,58457,0
2018-02-01,18:00:00,9.68,9.69,9.675,9.686,39833,0
2018-02-01,19:00:00,9.695,9.715,9.686,9.71,38556,0
2018-02-01,20:00:00,9.71,9.732,9.706,9.706,33792,0
2018-02-01,21:00:00,9.71,9.715,9.688,9.715,26782,0
2018-02-01,22:00:00,9.715,9.715,9.694,9.705,58397,0
2018-02-02,16:00:00,9.665,9.665,9.616,9.616,43900,0
2018-02-02,17:00:00,9.617,9.625,9.606,9.612,16034,0
2018-02-02,18:00:00,9.616,9.616,9.577,9.582,55973,0
2018-02-02,19:00:00,9.582,9.602,9.577,9.597,25949,0
2018-02-02,20:00:00,9.587,9.587,9.527,9.55,111954,0
2018-02-02,21:00:00,9.547,9.567,9.537,9.557,62802,0
2018-02-02,22:00:00,9.557,9.567,9.527,9.567,188247,0
2018-02-05,16:00:00,9.4674,9.4674,9.3001,9.3558,136378,0
2018-02-05,17:00:00,9.3592,9.4485,9.3543,9.4283,63913,0
2018-02-05,18:00:00,9.4373,9.4383,9.4087,9.4135,29326,0
2018-02-05,19:00:00,9.4126,9.4135,9.3889,9.4037,27953,0
2018-02-05,20:00:00,9.3987,9.3987,9.3495,9.3495,118984,0
2018-02-05,21:00:00,9.3495,9.3593,9.2112,9.2211,331853,0
2018-02-05,22:00:00,9.2211,9.2211,9.0631,9.1125,367942,0
2018-02-06,16:00:00,9.0335,9.1915,8.9348,9.1125,136164,0
2018-02-06,17:00:00,9.1125,9.1421,9.0433,9.1033,81137,0
2018-02-06,18:00:00,9.1026,9.1125,9.0631,9.0829,44624,0
2018-02-06,19:00:00,9.0829,9.1322,9.073,9.1233,111625,0
2018-02-06,20:00:00,9.1223,9.1275,9.1026,9.1026,21615,0
2018-02-06,21:00:00,9.1026,9.1619,9.0858,9.1619,146407,0
2018-02-06,22:00:00,9.152,9.2309,9.152,9.2309,64129,0
2018-02-07,16:00:00,9.2211,9.3099,9.2211,9.3001,23598,0
2018-02-07,17:00:00,9.3001,9.3445,9.3001,9.3395,29174,0
2018-02-07,18:00:00,9.3395,9.4087,9.3395,9.4087,37333,0
2018-02-07,19:00:00,9.3987,9.4087,9.3297,9.3297,46395,0
2018-02-07,20:00:00,9.3297,9.3395,9.2931,9.3049,41731,0
2018-02-07,21:00:00,9.3049,9.3149,9.2902,9.3099,20996,0
2018-02-07,22:00:00,9.3198,9.3198,9.2705,9.2705,139427,0
2018-02-08,16:00:00,9.2605,9.2803,9.2211,9.2507,34446,0
2018-02-08,17:00:00,9.2408,9.2408,9.1223,9.1322,30436,0
2018-02-08,18:00:00,9.1273,9.1322,9.0927,9.0927,59226,0
2018-02-08,19:00:00,9.0927,9.1026,8.994,8.994,32560,0
2018-02-08,20:00:00,9.0135,9.0829,8.9841,9.0791,91386,0
2018-02-08,21:00:00,9.073,9.073,8.9841,8.9841,123344,0
2018-02-08,22:00:00,8.994,9.0039,8.9545,8.9545,93038,0
2018-02-09,16:00:00,9.0335,9.0335,8.9545,8.9841,52033,0
2018-02-09,17:00:00,8.9742,8.9794,8.9052,8.9298,64465,0
2018-02-09,18:00:00,8.9298,8.9298,8.8311,8.836,81364,0
2018-02-09,19:00:00,8.8262,8.836,8.7077,8.7374,107166,0
2018-02-09,20:00:00,8.7471,8.7966,8.6978,8.7808,46587,0
2018-02-09,21:00:00,8.7818,8.8854,8.7818,8.8706,95627,0
2018-02-09,22:00:00,8.8656,8.9545,8.8169,8.9545,82235,0
2018-02-12,16:00:00,9.0039,9.0334,8.9742,9.0039,42329,0
2018-02-12,17:00:00,9.0039,9.0236,8.9841,9.0086,42272,0
2018-02-12,18:00:00,9.0107,9.0335,9.0088,9.0236,17875,0
2018-02-12,19:00:00,9.0335,9.0532,9.0237,9.0465,18831,0
2018-02-12,20:00:00,9.0532,9.073,9.0433,9.0681,24714,0
2018-02-12,21:00:00,9.0704,9.073,9.0557,9.0557,41025,0
2018-02-12,22:00:00,9.0631,9.0829,9.0532,9.073,77439,0
2018-02-13,16:00:00,9.0433,9.0631,9.0433,9.0631,15578,0
2018-02-13,17:00:00,9.0433,9.0779,9.0433,9.0749,51698,0
2018-02-13,18:00:00,9.073,9.073,9.0433,9.0532,59349,0
2018-02-13,19:00:00,9.0483,9.073,9.0483,9.0534,32900,0
2018-02-13,20:00:00,9.0582,9.1062,9.0433,9.0927,53428,0
2018-02-13,21:00:00,9.0927,9.1125,9.0829,9.1019,56527,0
2018-02-13,22:00:00,9.1026,9.1125,9.0927,9.0927,63066,0
2018-02-14,16:00:00,9.0631,9.1223,9.0631,9.1125,40493,0
2018-02-14,17:00:00,9.1125,9.1584,9.1125,9.1518,21867,0
2018-02-14,18:00:00,9.1519,9.1619,9.1271,9.1519,23125,0
2018-02-14,19:00:00,9.1519,9.1668,9.1371,9.1668,24811,0
2018-02-14,20:00:00,9.1619,9.2309,9.1619,9.2309,25175,0
2018-02-14,21:00:00,9.2214,9.2336,9.2112,9.2309,18400,0
2018-02-14,22:00:00,9.2408,9.2605,9.2408,9.2605,26641,0
2018-02-15,16:00:00,9.2705,9.2906,9.2557,9.2803,51253,0
2018-02-15,17:00:00,9.2901,9.3001,9.2605,9.2716,47132,0
2018-02-15,18:00:00,9.2705,9.2951,9.2605,9.2901,47348,0
2018-02-15,19:00:00,9.2901,9.3001,9.2803,9.2901,20091,0
2018-02-15,20:00:00,9.3,9.3297,9.2951,9.3297,33968,0
2018-02-15,21:00:00,9.3198,9.3297,9.3134,9.3134,10347,0
2018-02-15,22:00:00,9.3151,9.3593,9.3099,9.3495,76201,0
2018-02-16,16:00:00,9.3395,9.3495,9.3297,9.3395,9656,0
2018-02-16,17:00:00,9.3305,9.3495,9.3099,9.3476,37884,0
2018-02-16,18:00:00,9.3395,9.3495,9.3198,9.3495,83943,0
2018-02-16,19:00:00,9.3495,9.3791,9.3495,9.3495,23344,0
2018-02-16,20:00:00,9.3569,9.3727,9.3297,9.3533,20118,0
2018-02-16,21:00:00,9.3518,9.3791,9.3198,9.3743,24047,0
2018-02-16,22:00:00,9.3691,9.3889,9.3691,9.3889,36924,0
2018-02-20,16:00:00,9.3591,9.3591,9.2806,9.3392,29523,0
2018-02-20,17:00:00,9.3194,9.3492,9.3144,9.3392,78316,0
2018-02-20,18:00:00,9.3303,9.379,9.3303,9.379,56134,0
2018-02-20,19:00:00,9.3821,9.3859,9.3293,9.3492,56104,0
2018-02-20,20:00:00,9.3492,9.3492,9.3293,9.3467,12803,0
2018-02-20,21:00:00,9.3392,9.3392,9.3194,9.3194,60305,0
2018-02-20,22:00:00,9.3002,9.3194,9.2891,9.2995,65088,0
2018-02-21,16:00:00,9.3094,9.3392,9.3094,9.3392,12875,0
2018-02-21,17:00:00,9.3194,9.3392,9.3194,9.3392,15740,0
2018-02-21,18:00:00,9.3392,9.3591,9.3195,9.3492,56107,0
2018-02-21,19:00:00,9.3392,9.3392,9.3194,9.326,17823,0
2018-02-21,20:00:00,9.3194,9.3491,9.3194,9.3442,17513,0
2018-02-21,21:00:00,9.3442,9.3762,9.3442,9.3591,78599,0
2018-02-21,22:00:00,9.3492,9.3492,9.2895,9.3094,76422,0
2018-02-22,16:00:00,9.3293,9.335,9.3194,9.3194,15250,0
2018-02-22,17:00:00,9.3221,9.3392,9.3194,9.3392,10397,0
2018-02-22,18:00:00,9.3293,9.3591,9.3293,9.3591,12732,0
2018-02-22,19:00:00,9.3591,9.3684,9.3392,9.3527,19400,0
2018-02-22,20:00:00,9.3492,9.359,9.3194,9.3194,31014,0
2018-02-22,21:00:00,9.3218,9.3261,9.3194,9.3194,26592,0
2018-02-22,22:00:00,9.3194,9.3284,9.2895,9.2895,52471,0
2018-02-23,16:00:00,9.3293,9.3591,9.3194,9.3591,6895,0
2018-02-23,17:00:00,9.3527,9.3527,9.3293,9.3313,6816,0
2018-02-23,18:00:00,9.3343,9.359,9.3293,9.359,33683,0
2018-02-23,19:00:00,9.3541,9.3591,9.3293,9.3383,15079,0
2018-02-23,20:00:00,9.3423,9.3492,9.3294,9.3294,5855,0
2018-02-23,21:00:00,9.3294,9.3523,9.3293,9.3516,21562,0
2018-02-23,22:00:00,9.3576,9.3889,9.3392,9.369,100428,0
2018-02-26,16:00:00,9.4187,9.4386,9.3889,9.4285,29674,0
2018-02-26,17:00:00,9.4286,9.4286,9.3889,9.3939,21033,0
2018-02-26,18:00:00,9.3939,9.4237,9.3939,9.4237,28052,0
2018-02-26,19:00:00,9.4237,9.4386,9.4235,9.4386,9073,0
2018-02-26,20:00:00,9.4386,9.4584,9.4286,9.4485,24317,0
2018-02-26,21:00:00,9.4485,9.4584,9.4386,9.4521,24340,0
2018-02-26,22:00:00,9.4535,9.4783,9.4495,9.4783,31447,0
2018-02-27,16:00:00,9.4584,9.4584,9.4286,9.4386,16051,0
2018-02-27,17:00:00,9.4286,9.4683,9.4286,9.4286,31319,0
2018-02-27,18:00:00,9.4286,9.4386,9.378,9.379,42474,0
2018-02-27,19:00:00,9.3821,9.3988,9.379,9.3939,18353,0
2018-02-27,20:00:00,9.3988,9.4187,9.3939,9.3939,31113,0
2018-02-27,21:00:00,9.3889,9.4053,9.37,9.3866,29779,0
2018-02-27,22:00:00,9.379,9.3889,9.3591,9.3591,30519,0
2018-02-28,16:00:00,9.379,9.4187,9.3194,9.369,36700,0
2018-02-28,17:00:00,9.369,9.379,9.3293,9.3293,44166,0
2018-02-28,18:00:00,9.3323,9.3492,9.3094,9.3194,38979,0
2018-02-28,19:00:00,9.3254,9.3492,9.3194,9.3442,43685,0
2018-02-28,20:00:00,9.3492,9.3492,9.3293,9.3492,30281,0
2018-02-28,21:00:00,9.3392,9.3492,9.3194,9.3243,44956,0
2018-02-28,22:00:00,9.3292,9.3442,9.2299,9.2399,222965,0
2018-03-01,16:00:00,9.2796,9.2796,9.2001,9.2381,44230,0
2018-03-01,17:00:00,9.2349,9.2895,9.2349,9.2647,81449,0
2018-03-01,18:00:00,9.2597,9.2697,9.2336,9.2548,81774,0
2018-03-01,19:00:00,9.2597,9.2697,9.2399,9.2597,80784,0
2018-03-01,20:00:00,9.2498,9.2663,9.1355,9.1505,213184,0
2018-03-01,21:00:00,9.1505,9.1604,9.1107,9.1355,40957,0
2018-03-01,22:00:00,9.1355,9.1703,9.1206,9.1505,51856,0
2018-03-02,16:00:00,9.0809,9.1206,9.0412,9.0511,25826,0
2018-03-02,17:00:00,9.0511,9.1008,9.0511,9.068,35219,0
2018-03-02,18:00:00,9.066,9.1107,9.0511,9.1107,38630,0
2018-03-02,19:00:00,9.1107,9.1306,9.1067,9.1306,19930,0
2018-03-02,20:00:00,9.1256,9.1306,9.0809,9.0809,28099,0
2018-03-02,21:00:00,9.0908,9.1206,9.0898,9.1057,33872,0
2018-03-02,22:00:00,9.1008,9.1604,9.0859,9.1405,68933,0
2018-03-05,16:00:00,9.0908,9.109,9.0515,9.0908,28202,0
2018-03-05,17:00:00,9.0908,9.0908,9.061,9.0759,57552,0
2018-03-05,18:00:00,9.0847,9.1256,9.0847,9.1256,37981,0
2018-03-05,19:00:00,9.1256,9.1654,9.1238,9.1654,49404,0
2018-03-05,20:00:00,9.1652,9.1703,9.1505,9.1505,29746,0
2018-03-05,21:00:00,9.1604,9.1873,9.1505,9.1703,42891,0
2018-03-05,22:00:00,9.1803,9.1803,9.1703,9.1803,60606,0
2018-03-06,16:00:00,9.22,9.2616,9.2001,9.2616,26571,0
2018-03-06,17:00:00,9.2498,9.2697,9.22,9.2299,37222,0
2018-03-06,18:00:00,9.22,9.2498,9.22,9.2299,22671,0
2018-03-06,19:00:00,9.2299,9.2498,9.2299,9.2498,6241,0
2018-03-06,20:00:00,9.2548,9.2796,9.2349,9.2399,19873,0
2018-03-06,21:00:00,9.2448,9.2597,9.23,9.2596,43322,0
2018-03-06,22:00:00,9.2522,9.2597,9.2299,9.2498,68187,0
2018-03-07,16:00:00,9.2001,9.22,9.1902,9.1902,14245,0
2018-03-07,17:00:00,9.1902,9.2286,9.1902,9.2101,29110,0
2018-03-07,18:00:00,9.2101,9.2101,9.1803,9.1902,19842,0
2018-03-07,19:00:00,9.1902,9.2399,9.1803,9.2399,80621,0
2018-03-07,20:00:00,9.2399,9.2796,9.2299,9.2795,94045,0
2018-03-07,21:00:00,9.2796,9.3403,9.2597,9.3343,197405,0
2018-03-07,22:00:00,9.3442,9.3988,9.3392,9.3889,256033,0
2018-03-08,16:00:00,9.3988,9.4088,9.3988,9.4088,8447,0
2018-03-08,17:00:00,9.379,9.379,9.3541,9.3581,26347,0
2018-03-08,18:00:00,9.3541,9.3591,9.3392,9.3392,29932,0
2018-03-08,19:00:00,9.3392,9.3541,9.3392,9.3493,16945,0
2018-03-08,20:00:00,9.3591,9.3689,9.3392,9.3504,19871,0
2018-03-08,21:00:00,9.3492,9.379,9.3492,9.379,27790,0
2018-03-08,22:00:00,9.3839,9.3988,9.3194,9.3988,162644,0
2018-03-09,16:00:00,9.3889,9.4385,9.3889,9.4316,23689,0
2018-03-09,17:00:00,9.4386,9.4579,9.4286,9.4484,69082,0
2018-03-09,18:00:00,9.4485,9.4684,9.4435,9.4616,17319,0
2018-03-09,19:00:00,9.4684,9.4783,9.4485,9.4485,31163,0
2018-03-09,20:00:00,9.4535,9.4584,9.4485,9.4485,3280,0
2018-03-09,21:00:00,9.4558,9.4684,9.4485,9.4684,25069,0
2018-03-09,22:00:00,9.4634,9.4684,9.4386,9.4485,45162,0
2018-03-12,15:00:00,9.4783,9.508,9.4684,9.508,22669,0
2018-03-12,16:00:00,9.514,9.514,9.4783,9.4783,38433,0
2018-03-12,17:00:00,9.4783,9.4883,9.4584,9.4685,62206,0
2018-03-12,18:00:00,9.4734,9.4783,9.4684,9.4734,11399,0
2018-03-12,19:00:00,9.4734,9.4783,9.4585,9.4685,18521,0
2018-03-12,20:00:00,9.4714,9.4783,9.4485,9.4535,17108,0
2018-03-12,21:00:00,9.4535,9.4783,9.4485,9.4684,64357,0
2018-03-13,15:00:00,9.4684,9.4982,9.4684,9.4883,18207,0
2018-03-13,16:00:00,9.4883,9.508,9.4684,9.4684,45557,0
2018-03-13,17:00:00,9.4684,9.4783,9.4485,9.4584,56081,0
2018-03-13,18:00:00,9.4584,9.4584,9.4286,9.4485,23911,0
2018-03-13,19:00:00,9.4485,9.4584,9.4088,9.4088,24320,0
2018-03-13,20:00:00,9.4137,9.4286,9.3889,9.3939,33227,0
2018-03-13,21:00:00,9.3889,9.3988,9.3591,9.379,70936,0
2018-03-14,15:00:00,9.4386,9.4386,9.4169,9.4187,21615,0
2018-03-14,16:00:00,9.4137,9.4187,9.3889,9.4108,24219,0
2018-03-14,17:00:00,9.4137,9.4187,9.3641,9.3683,15227,0
2018-03-14,18:00:00,9.3641,9.397,9.3641,9.3889,38538,0
2018-03-14,19:00:00,9.3791,9.3889,9.369,9.3889,16208,0
2018-03-14,20:00:00,9.3889,9.3889,9.3293,9.3641,75326,0
2018-03-14,21:00:00,9.3553,9.3591,9.3195,9.3293,52123,0
2018-03-15,15:00:00,9.3591,9.3988,9.3393,9.3482,17813,0
2018-03-15,16:00:00,9.3591,9.3839,9.3591,9.3839,27406,0
2018-03-15,17:00:00,9.3839,9.3988,9.3641,9.379,34367,0
2018-03-15,18:00:00,9.374,9.3889,9.374,9.379,18079,0
2018-03-15,19:00:00,9.374,9.379,9.3492,9.3492,25938,0
2018-03-15,20:00:00,9.3492,9.369,9.3442,9.3591,34277,0
2018-03-15,21:00:00,9.3541,9.4137,9.3541,9.3889,46421,0
2018-03-16,15:00:00,9.379,9.3889,9.3664,9.379,17701,0
2018-03-16,16:00:00,9.379,9.3839,9.369,9.3839,17857,0
2018-03-16,17:00:00,9.3889,9.3889,9.379,9.3839,13062,0
2018-03-16,18:00:00,9.3888,9.3888,9.369,9.374,32502,0
2018-03-16,19:00:00,9.369,9.3758,9.368,9.368,38470,0
2018-03-16,20:00:00,9.3591,9.369,9.3343,9.3442,56237,0
2018-03-16,21:00:00,9.3442,9.379,9.3392,9.369,71509,0
2018-03-19,15:00:00,9.3293,9.3392,9.2895,9.2995,20529,0
2018-03-19,16:00:00,9.2995,9.3062,9.2399,9.2399,24160,0
2018-03-19,17:00:00,9.2498,9.2597,9.2101,9.22,26204,0
2018-03-19,18:00:00,9.22,9.2299,9.2001,9.2001,18037,0
2018-03-19,19:00:00,9.2001,9.2198,9.1803,9.2125,42713,0
2018-03-19,20:00:00,9.215,9.2299,9.1902,9.22,47596,0
2018-03-19,21:00:00,9.22,9.2597,9.2101,9.2597,67169,0
2018-03-20,15:00:00,9.2697,9.2895,9.2488,9.2498,49943,0
2018-03-20,16:00:00,9.2445,9.2498,9.22,9.2399,83391,0
2018-03-20,17:00:00,9.2399,9.2399,9.2101,9.2136,35898,0
2018-03-20,18:00:00,9.215,9.2399,9.2101,9.2201,18703,0
2018-03-20,19:00:00,9.2201,9.2299,9.2101,9.2101,46509,0
2018-03-20,20:00:00,9.2101,9.2348,9.2101,9.2231,31090,0
2018-03-20,21:00:00,9.22,9.2381,9.22,9.22,57594,0
2018-03-21,15:00:00,9.23,9.235,9.18,9.2,125628,0
2018-03-21,16:00:00,9.2,9.23,9.17,9.18,93319,0
2018-03-21,17:00:00,9.18,9.18,9.17,9.18,45151,0
2018-03-21,18:00:00,9.1763,9.19,9.173,9.185,20530,0
2018-03-21,19:00:00,9.1845,9.19,9.18,9.1847,35079,0
2018-03-21,20:00:00,9.19,9.21,9.15,9.16,96993,0
2018-03-21,21:00:00,9.1536,9.2,9.1536,9.17,31320,0
2018-03-22,15:00:00,9.07,9.1262,9,9.09,77551,0
2018-03-22,16:00:00,9.09,9.11,9.0633,9.07,78202,0
2018-03-22,17:00:00,9.065,9.07,9.05,9.05,14256,0
2018-03-22,18:00:00,9.055,9.0899,9.05,9.08,50577,0
2018-03-22,19:00:00,9.08,9.1,9.07,9.1,14514,0
2018-03-22,20:00:00,9.0903,9.1,9.08,9.085,16894,0
2018-03-22,21:00:00,9.09,9.09,8.97,9,207128,0
2018-03-23,15:00:00,9.02,9.06,9.02,9.05,31927,0
2018-03-23,16:00:00,9.05,9.06,9.04,9.055,15415,0
2018-03-23,17:00:00,9.06,9.06,9.02,9.0208,30107,0
2018-03-23,18:00:00,9.025,9.03,8.995,8.999,38512,0
2018-03-23,19:00:00,8.994,9.01,8.97,9.01,29517,0
2018-03-23,20:00:00,9.015,9.015,8.95,8.9523,23868,0
2018-03-23,21:00:00,8.95,8.95,8.83,8.85,68388,0
2018-03-26,16:00:00,8.97,8.99,8.9344,8.9801,35348,0
2018-03-26,17:00:00,8.98,8.98,8.91,8.9276,65483,0
2018-03-26,18:00:00,8.92,8.93,8.87,8.895,22437,0
2018-03-26,19:00:00,8.9,8.9,8.88,8.9,47165,0
2018-03-26,20:00:00,8.9,8.91,8.89,8.895,34290,0
2018-03-26,21:00:00,8.9,8.94,8.8901,8.93,72268,0
2018-03-26,22:00:00,8.93,8.96,8.925,8.94,84605,0
2018-03-27,16:00:00,8.98,9,8.96,8.975,17212,0
2018-03-27,17:00:00,8.975,9,8.97,8.9966,44128,0
2018-03-27,18:00:00,8.99,9.0228,8.98,9.02,24537,0
2018-03-27,19:00:00,9.0286,9.03,9,9.0286,21032,0
2018-03-27,20:00:00,9.02,9.03,8.9837,8.99,34389,0
2018-03-27,21:00:00,8.995,9,8.9667,8.968,18953,0
2018-03-27,22:00:00,8.96,8.96,8.845,8.86,119964,0
2018-03-28,16:00:00,8.88,8.88,8.79,8.84,34487,0
2018-03-28,17:00:00,8.84,8.87,8.79,8.795,66240,0
2018-03-28,18:00:00,8.7901,8.825,8.79,8.8201,43339,0
2018-03-28,19:00:00,8.82,8.88,8.81,8.83,45836,0
2018-03-28,20:00:00,8.83,8.8567,8.81,8.85,32986,0
2018-03-28,21:00:00,8.85,8.8564,8.81,8.82,53764,0
2018-03-28,22:00:00,8.82,8.84,8.8,8.83,81094,0
2018-03-29,16:00:00,8.85,8.9075,8.85,8.875,19794,0
2018-03-29,17:00:00,8.87,8.935,8.87,8.935,51984,0
2018-03-29,18:00:00,8.94,8.965,8.92,8.9331,28630,0
2018-03-29,19:00:00,8.93,8.95,8.92,8.9375,33364,0
2018-03-29,20:00:00,8.935,8.96,8.93,8.955,24336,0
2018-03-29,21:00:00,8.96,8.98,8.9564,8.98,14819,0
2018-03-29,22:00:00,8.97,8.98,8.93,8.94,84774,0
