Date,Time,Open,High,Low,Close,Volume,OpenInt
2017-09-05,16:00:00,75.054,75.37,74.482,75.034,40358,0
2017-09-05,17:00:00,75.084,75.104,74.56,74.798,65812,0
2017-09-05,18:00:00,74.698,74.846,74.482,74.689,60543,0
2017-09-05,19:00:00,74.698,74.738,74.442,74.61,30677,0
2017-09-05,20:00:00,74.59,74.708,74.442,74.568,42534,0
2017-09-05,21:00:00,74.58,74.728,74.56,74.59,42204,0
2017-09-05,22:00:00,74.59,74.728,74.472,74.689,232199,0
2017-09-06,16:00:00,74.818,74.946,74.427,74.452,26294,0
2017-09-06,17:00:00,74.492,74.946,74.492,74.856,84591,0
2017-09-06,18:00:00,74.861,74.861,74.393,74.502,36981,0
2017-09-06,19:00:00,74.462,74.758,74.432,74.502,42971,0
2017-09-06,20:00:00,74.496,74.521,74.373,74.442,44537,0
2017-09-06,21:00:00,74.482,74.531,74.422,74.531,42396,0
2017-09-06,22:00:00,74.521,74.926,74.492,74.61,194082,0
2017-09-07,16:00:00,74.728,74.916,74.047,74.107,33400,0
2017-09-07,17:00:00,74.087,74.56,73.909,74.521,85108,0
2017-09-07,18:00:00,74.502,74.818,74.472,74.728,53377,0
2017-09-07,19:00:00,74.63,75.044,74.57,75.024,25901,0
2017-09-07,20:00:00,75.005,75.005,74.6,74.61,40749,0
2017-09-07,21:00:00,74.61,74.876,74.61,74.838,39444,0
2017-09-07,22:00:00,74.856,74.856,74.59,74.65,172609,0
2017-09-08,16:00:00,74.62,74.768,74.413,74.551,21999,0
2017-09-08,17:00:00,74.526,74.645,74.235,74.556,80687,0
2017-09-08,18:00:00,74.581,74.66,74.319,74.368,29967,0
2017-09-08,19:00:00,74.363,74.373,73.959,74.067,41137,0
2017-09-08,20:00:00,74.067,74.225,73.851,74.205,72730,0
2017-09-08,21:00:00,74.156,74.314,74.067,74.107,37690,0
2017-09-08,22:00:00,74.099,74.117,73.761,73.841,165674,0
2017-09-11,16:00:00,74.156,74.896,73.959,74.551,28273,0
2017-09-11,17:00:00,74.492,75.153,74.492,75.104,66213,0
2017-09-11,18:00:00,75.163,75.172,74.926,75.099,62660,0
2017-09-11,19:00:00,75.084,75.222,74.966,74.985,100825,0
2017-09-11,20:00:00,75.005,75.301,74.976,75.064,51114,0
2017-09-11,21:00:00,75.064,75.064,74.788,74.828,75476,0
2017-09-11,22:00:00,74.842,75.084,74.65,74.758,329628,0
2017-09-12,16:00:00,71.935,72.163,70.13,70.184,772868,0
2017-09-12,17:00:00,70.179,70.84,69.024,70.599,765227,0
2017-09-12,18:00:00,70.599,70.993,70.386,70.584,359461,0
2017-09-12,19:00:00,70.62,70.958,70.484,70.722,162915,0
2017-09-12,20:00:00,70.712,70.86,70.514,70.622,137555,0
2017-09-12,21:00:00,70.599,70.599,70.031,70.278,288254,0
2017-09-12,22:00:00,70.278,70.524,70.14,70.504,443413,0
2017-09-13,16:00:00,71.176,71.442,70.642,71.116,156276,0
2017-09-13,17:00:00,71.116,71.985,71.047,71.985,215249,0
2017-09-13,18:00:00,71.995,72.074,71.679,71.807,203662,0
2017-09-13,19:00:00,71.797,72.064,71.591,71.699,90660,0
2017-09-13,20:00:00,71.719,71.847,71.581,71.739,69692,0
2017-09-13,21:00:00,71.753,71.827,71.403,71.413,101362,0
2017-09-13,22:00:00,71.452,71.551,71.333,71.343,409514,0
2017-09-14,16:00:00,71.343,71.817,71.343,71.719,31053,0
2017-09-14,17:00:00,71.787,71.94,71.571,71.729,61663,0
2017-09-14,18:00:00,71.739,71.739,71.442,71.609,53422,0
2017-09-14,19:00:00,71.591,71.753,71.541,71.581,106822,0
2017-09-14,20:00:00,71.591,71.787,71.531,71.674,72973,0
2017-09-14,21:00:00,71.659,71.797,71.639,71.669,91671,0
2017-09-14,22:00:00,71.689,72.044,71.649,71.877,416370,0
2017-09-15,16:00:00,72.054,72.814,71.94,72.281,206781,0
2017-09-15,17:00:00,72.261,72.261,71.531,71.581,116223,0
2017-09-15,18:00:00,71.609,71.837,71.452,71.486,195487,0
2017-09-15,19:00:00,71.471,71.591,71.126,71.18,133263,0
2017-09-15,20:00:00,71.185,71.358,71.136,71.294,135550,0
2017-09-15,21:00:00,71.265,71.551,71.195,71.393,165738,0
2017-09-15,22:00:00,71.363,71.619,71.343,71.591,312465,0
2017-09-18,16:00:00,71.817,72.222,71.709,72.192,66102,0
2017-09-18,17:00:00,72.182,72.39,72.064,72.172,128987,0
2017-09-18,18:00:00,72.172,72.182,71.896,72,203136,0
2017-09-18,19:00:00,71.975,72.034,71.906,72.005,64751,0
2017-09-18,20:00:00,72.015,72.123,71.985,72.123,65120,0
2017-09-18,21:00:00,72.108,72.108,71.872,71.886,45272,0
2017-09-18,22:00:00,71.877,72.024,71.758,71.886,216521,0
2017-09-19,16:00:00,71.797,72.024,71.413,71.632,38793,0
2017-09-19,17:00:00,71.609,71.689,71.294,71.338,52001,0
2017-09-19,18:00:00,71.353,71.639,71.304,71.506,90651,0
2017-09-19,19:00:00,71.531,71.551,71.423,71.481,40735,0
2017-09-19,20:00:00,71.471,71.551,71.403,71.511,54284,0
2017-09-19,21:00:00,71.511,71.556,71.363,71.496,128299,0
2017-09-19,22:00:00,71.481,71.664,71.423,71.531,379843,0
2017-09-20,16:00:00,71.304,71.464,70.632,70.949,61832,0
2017-09-20,17:00:00,70.944,71.166,70.86,70.88,109835,0
2017-09-20,18:00:00,70.88,71.087,70.574,70.604,124584,0
2017-09-20,19:00:00,70.584,70.89,70.534,70.84,96539,0
2017-09-20,20:00:00,70.84,71.018,70.752,70.968,48076,0
2017-09-20,21:00:00,70.909,70.909,70.416,70.594,83468,0
2017-09-20,22:00:00,70.594,70.658,70.426,70.534,354866,0
2017-09-21,16:00:00,70.465,70.604,70.198,70.268,39641,0
2017-09-21,17:00:00,70.238,70.998,70.208,70.494,117645,0
2017-09-21,18:00:00,70.474,70.579,70.288,70.346,54423,0
2017-09-21,19:00:00,70.336,70.416,70.228,70.336,33186,0
2017-09-21,20:00:00,70.346,70.474,70.238,70.258,30882,0
2017-09-21,21:00:00,70.258,70.436,70.218,70.411,80238,0
2017-09-21,22:00:00,70.366,70.524,70.336,70.446,138690,0
2017-09-22,16:00:00,70.544,70.998,70.376,70.79,46021,0
2017-09-22,17:00:00,70.79,70.919,70.623,70.722,81362,0
2017-09-22,18:00:00,70.722,70.771,70.504,70.564,31268,0
2017-09-22,19:00:00,70.549,70.574,70.198,70.307,79443,0
2017-09-22,20:00:00,70.327,70.366,70.248,70.307,41126,0
2017-09-22,21:00:00,70.288,70.288,70.137,70.164,44504,0
2017-09-22,22:00:00,70.169,70.356,70.135,70.346,237308,0
2017-09-25,16:00:00,70.416,70.652,70.179,70.346,23721,0
2017-09-25,17:00:00,70.346,70.79,70.346,70.489,76921,0
2017-09-25,18:00:00,70.504,70.79,70.504,70.662,76439,0
2017-09-25,19:00:00,70.677,70.781,70.446,70.682,78486,0
2017-09-25,20:00:00,70.682,70.756,70.584,70.722,48016,0
2017-09-25,21:00:00,70.732,70.752,70.484,70.554,32510,0
2017-09-25,22:00:00,70.564,70.652,70.406,70.544,142299,0
2017-09-26,16:00:00,70.781,70.781,70.288,70.614,20302,0
2017-09-26,17:00:00,70.584,70.82,70.484,70.584,68564,0
2017-09-26,18:00:00,70.584,71.018,70.456,70.795,53145,0
2017-09-26,19:00:00,70.795,70.83,70.623,70.732,37772,0
2017-09-26,20:00:00,70.742,70.84,70.662,70.672,29115,0
2017-09-26,21:00:00,70.672,70.732,70.534,70.604,42775,0
2017-09-26,22:00:00,70.618,70.642,70.474,70.534,165532,0
2017-09-27,16:00:00,70.652,70.692,69.809,69.932,71085,0
2017-09-27,17:00:00,69.962,70.14,69.873,69.972,107803,0
2017-09-27,18:00:00,69.972,70.1,69.912,70.06,71854,0
2017-09-27,19:00:00,70.046,70.07,69.725,69.898,74604,0
2017-09-27,20:00:00,69.883,70.031,69.814,69.893,127805,0
2017-09-27,21:00:00,69.873,69.952,69.823,69.893,80606,0
2017-09-27,22:00:00,69.898,69.986,69.755,69.853,214990,0
2017-09-28,16:00:00,69.577,70.317,69.459,70.179,103758,0
2017-09-28,17:00:00,70.218,70.278,69.725,69.725,98388,0
2017-09-28,18:00:00,69.725,69.893,69.597,69.627,70370,0
2017-09-28,19:00:00,69.636,69.636,69.241,69.33,77393,0
2017-09-28,20:00:00,69.34,69.399,69.241,69.291,59788,0
2017-09-28,21:00:00,69.291,69.359,69.103,69.231,77898,0
2017-09-28,22:00:00,69.221,69.251,68.56,68.63,463817,0
2017-09-29,16:00:00,68.64,68.768,68.116,68.314,85038,0
2017-09-29,17:00:00,68.244,68.688,68.205,68.659,147764,0
2017-09-29,18:00:00,68.66,68.758,68.511,68.758,127950,0
2017-09-29,19:00:00,68.758,68.807,68.6,68.62,46522,0
2017-09-29,20:00:00,68.605,68.64,68.432,68.57,148197,0
2017-09-29,21:00:00,68.555,68.679,68.482,68.6,63374,0
2017-09-29,22:00:00,68.6,68.669,68.482,68.55,289121,0
2017-10-02,16:00:00,68.856,68.985,68.679,68.827,72212,0
2017-10-02,17:00:00,68.797,69.399,68.778,69.133,186345,0
2017-10-02,18:00:00,69.133,69.617,69.044,69.301,128510,0
2017-10-02,19:00:00,69.301,69.409,69.202,69.364,112360,0
2017-10-02,20:00:00,69.364,69.369,68.856,68.896,103847,0
2017-10-02,21:00:00,68.866,69.108,68.817,69.054,72483,0
2017-10-02,22:00:00,69.073,69.103,68.945,69.005,201991,0
2017-10-03,16:00:00,69.271,69.429,68.787,69.163,87168,0
2017-10-03,17:00:00,69.163,69.419,68.778,68.864,133475,0
2017-10-03,18:00:00,68.866,69.133,68.866,69.064,93893,0
2017-10-03,19:00:00,69.044,69.054,68.688,68.698,100112,0
2017-10-03,20:00:00,68.708,68.743,68.54,68.698,75319,0
2017-10-03,21:00:00,68.698,68.728,68.452,68.452,114282,0
2017-10-03,22:00:00,68.472,68.502,68.314,68.412,446927,0
2017-10-04,16:00:00,68.037,68.442,67.968,68.086,73149,0
2017-10-04,17:00:00,68.081,68.59,68.018,68.502,206918,0
2017-10-04,18:00:00,68.54,68.925,68.334,68.768,154164,0
2017-10-04,19:00:00,68.768,69.014,68.688,68.827,70430,0
2017-10-04,20:00:00,68.837,68.886,68.472,68.484,64451,0
2017-10-04,21:00:00,68.492,68.56,68.344,68.382,82430,0
2017-10-04,22:00:00,68.382,68.679,68.354,68.6,270273,0
2017-10-05,16:00:00,68.698,68.985,68.62,68.876,65247,0
2017-10-05,17:00:00,68.837,68.965,68.832,68.935,93149,0
2017-10-05,18:00:00,68.935,68.935,68.679,68.856,45970,0
2017-10-05,19:00:00,68.837,68.935,68.837,68.886,27191,0
2017-10-05,20:00:00,68.876,68.906,68.827,68.846,28151,0
2017-10-05,21:00:00,68.856,68.886,68.807,68.856,37752,0
2017-10-05,22:00:00,68.861,68.886,68.743,68.886,291258,0
2017-10-06,16:00:00,68.768,68.807,68.362,68.382,49748,0
2017-10-06,17:00:00,68.422,68.482,68.096,68.215,67952,0
2017-10-06,18:00:00,68.224,68.224,67.751,67.948,128589,0
2017-10-06,19:00:00,67.909,67.909,67.515,67.643,53994,0
2017-10-06,20:00:00,67.653,67.711,67.524,67.524,105637,0
2017-10-06,21:00:00,67.534,67.682,67.435,67.613,149117,0
2017-10-06,22:00:00,67.598,67.82,67.524,67.82,394075,0
2017-10-09,16:00:00,67.603,67.85,67.297,67.309,43035,0
2017-10-09,17:00:00,67.297,67.465,66.838,66.961,142020,0
2017-10-09,18:00:00,66.952,66.971,66.458,66.458,128236,0
2017-10-09,19:00:00,66.459,66.685,66.36,66.586,134747,0
2017-10-09,20:00:00,66.596,66.666,66.428,66.488,152842,0
2017-10-09,21:00:00,66.488,66.596,66.418,66.438,66773,0
2017-10-09,22:00:00,66.468,66.518,66.27,66.3,366638,0
2017-10-10,16:00:00,66.576,66.764,66.557,66.579,57874,0
2017-10-10,17:00:00,66.572,66.725,66.448,66.661,195740,0
2017-10-10,18:00:00,66.666,67.021,66.611,66.883,114218,0
2017-10-10,19:00:00,66.883,67.011,66.863,66.863,67318,0
2017-10-10,20:00:00,66.853,66.883,66.616,66.675,208753,0
2017-10-10,21:00:00,66.666,66.961,66.606,66.853,100260,0
2017-10-10,22:00:00,66.853,67.041,66.804,66.952,316584,0
2017-10-11,16:00:00,67.099,67.395,66.863,67.07,46564,0
2017-10-11,17:00:00,67.078,67.078,66.774,67.001,130802,0
2017-10-11,18:00:00,66.991,66.991,66.774,66.784,50444,0
2017-10-11,19:00:00,66.796,66.838,66.458,66.695,48326,0
2017-10-11,20:00:00,66.695,66.77,66.567,66.616,37758,0
2017-10-11,21:00:00,66.656,66.715,66.488,66.616,40322,0
2017-10-11,22:00:00,66.636,66.853,66.547,66.853,277558,0
2017-10-12,16:00:00,66.646,66.863,66.498,66.68,62923,0
2017-10-12,17:00:00,66.715,66.774,66.636,66.715,95149,0
2017-10-12,18:00:00,66.715,66.733,66.473,66.616,70309,0
2017-10-12,19:00:00,66.616,66.69,66.478,66.611,43615,0
2017-10-12,20:00:00,66.616,66.626,66.508,66.557,61317,0
2017-10-12,21:00:00,66.567,66.743,66.567,66.715,86186,0
2017-10-12,22:00:00,66.72,66.981,66.71,66.961,455652,0
2017-10-13,16:00:00,67.534,67.726,67.109,67.726,78115,0
2017-10-13,17:00:00,67.726,67.939,67.524,67.613,119324,0
2017-10-13,18:00:00,67.603,71.204,67.405,70.456,1087611,0
2017-10-13,19:00:00,70.504,73.07,70.1,71.497,1835798,0
2017-10-13,20:00:00,71.531,71.591,70.584,71.116,677205,0
2017-10-13,21:00:00,71.156,71.748,71.008,71.136,559526,0
2017-10-13,22:00:00,71.126,71.762,70.953,71.541,986837,0
2017-10-16,16:00:00,71.057,71.551,70.474,70.632,132244,0
2017-10-16,17:00:00,70.574,71.047,70.12,70.268,216569,0
2017-10-16,18:00:00,70.278,70.307,69.507,69.587,219629,0
2017-10-16,19:00:00,69.587,69.597,69.192,69.399,223913,0
2017-10-16,20:00:00,69.399,69.459,69.221,69.419,155094,0
2017-10-16,21:00:00,69.419,70.13,69.389,70.021,233885,0
2017-10-16,22:00:00,70.011,70.248,69.665,69.853,830533,0
2017-10-17,16:00:00,69.853,70.07,69.567,69.972,46552,0
2017-10-17,17:00:00,69.972,70.13,69.893,70.023,81452,0
2017-10-17,18:00:00,70.001,70.574,70.001,70.461,74785,0
2017-10-17,19:00:00,70.451,70.554,70.268,70.327,56575,0
2017-10-17,20:00:00,70.317,70.554,70.238,70.446,135463,0
2017-10-17,21:00:00,70.416,70.584,70.336,70.336,80701,0
2017-10-17,22:00:00,70.336,70.465,70.218,70.278,226310,0
2017-10-18,16:00:00,70.208,70.474,69.863,70.001,28043,0
2017-10-18,17:00:00,69.972,70.149,69.774,69.833,57221,0
2017-10-18,18:00:00,69.823,69.942,69.469,69.488,54553,0
2017-10-18,19:00:00,69.469,69.705,69.449,69.675,50252,0
2017-10-18,20:00:00,69.675,70.13,69.675,70.1,74909,0
2017-10-18,21:00:00,70.1,70.149,69.898,69.952,55531,0
2017-10-18,22:00:00,69.962,70.051,69.517,69.517,392557,0
2017-10-19,16:00:00,69.419,69.567,69.172,69.318,16914,0
2017-10-19,17:00:00,69.349,69.479,69.231,69.379,31342,0
2017-10-19,18:00:00,69.359,69.607,69.226,69.607,51299,0
2017-10-19,19:00:00,69.584,70.051,69.579,69.942,81585,0
2017-10-19,20:00:00,69.942,70.169,69.883,69.962,67184,0
2017-10-19,21:00:00,69.977,70.1,69.814,69.893,86739,0
2017-10-19,22:00:00,69.898,70.036,69.863,69.903,208055,0
2017-10-20,16:00:00,69.903,70.263,69.607,69.627,29753,0
2017-10-20,17:00:00,69.627,69.843,69.409,69.665,82310,0
2017-10-20,18:00:00,69.705,70.208,69.705,70.13,106398,0
2017-10-20,19:00:00,70.11,70.189,69.745,69.912,49025,0
2017-10-20,20:00:00,69.958,70.09,69.833,70.08,49288,0
2017-10-20,21:00:00,70.1,70.1,69.883,69.942,60242,0
2017-10-20,22:00:00,69.952,70.288,69.952,70.238,255896,0
2017-10-23,16:00:00,69.952,70.218,69.893,69.963,42173,0
2017-10-23,17:00:00,70.041,70.288,69.952,69.962,68590,0
2017-10-23,18:00:00,69.986,70.169,69.903,70.011,50211,0
2017-10-23,19:00:00,70.036,70.494,69.962,70.456,39041,0
2017-10-23,20:00:00,70.446,70.604,70.416,70.436,41032,0
2017-10-23,21:00:00,70.436,70.503,70.268,70.288,27945,0
2017-10-23,22:00:00,70.278,70.376,70.149,70.189,231093,0
2017-10-24,16:00:00,70.238,70.358,70.031,70.224,29206,0
2017-10-24,17:00:00,70.189,70.189,69.675,69.784,88789,0
2017-10-24,18:00:00,69.774,70.011,69.665,70.011,43116,0
2017-10-24,19:00:00,70.011,70.298,69.991,70.031,70409,0
2017-10-24,20:00:00,70.016,70.12,69.833,69.962,54324,0
2017-10-24,21:00:00,69.972,70.021,69.784,69.863,66848,0
2017-10-24,22:00:00,69.873,69.922,69.685,69.804,189021,0
2017-10-25,16:00:00,69.469,69.823,69.083,69.192,87307,0
2017-10-25,17:00:00,69.231,69.34,69.024,69.123,57479,0
2017-10-25,18:00:00,69.123,69.133,68.482,68.778,88527,0
2017-10-25,19:00:00,68.787,68.797,68.457,68.699,41277,0
2017-10-25,20:00:00,68.698,68.846,68.669,68.826,32234,0
2017-10-25,21:00:00,68.837,68.955,68.763,68.955,43696,0
2017-10-25,22:00:00,68.945,69.316,68.945,69.103,174719,0
2017-10-26,16:00:00,69.429,69.774,69.133,69.359,15661,0
2017-10-26,17:00:00,69.419,69.617,69.241,69.577,83694,0
2017-10-26,18:00:00,69.636,69.636,69.153,69.409,70717,0
2017-10-26,19:00:00,69.439,69.617,69.369,69.454,149658,0
2017-10-26,20:00:00,69.479,69.646,69.469,69.646,13049,0
2017-10-26,21:00:00,69.646,69.695,69.143,69.153,27345,0
2017-10-26,22:00:00,69.128,69.221,68.945,69.044,157707,0
2017-10-27,16:00:00,68.797,69.083,68.382,68.718,43974,0
2017-10-27,17:00:00,68.644,68.935,68.372,68.679,115009,0
2017-10-27,18:00:00,68.688,68.866,68.55,68.846,61079,0
2017-10-27,19:00:00,68.846,68.896,68.718,68.738,37951,0
2017-10-27,20:00:00,68.758,68.827,68.708,68.728,25434,0
2017-10-27,21:00:00,68.738,68.768,68.62,68.738,59195,0
2017-10-27,22:00:00,68.728,68.994,68.669,68.906,188436,0
2017-10-30,15:00:00,68.768,68.945,68.492,68.758,25490,0
2017-10-30,16:00:00,68.659,68.797,68.63,68.698,33542,0
2017-10-30,17:00:00,68.679,68.768,68.61,68.659,56803,0
2017-10-30,18:00:00,68.654,68.654,68.176,68.264,73992,0
2017-10-30,19:00:00,68.244,68.56,68.171,68.372,39585,0
2017-10-30,20:00:00,68.372,68.659,68.372,68.52,65910,0
2017-10-30,21:00:00,68.511,68.511,68.234,68.362,213646,0
2017-10-31,15:00:00,67.277,68.176,67.277,67.662,138563,0
2017-10-31,16:00:00,67.662,67.781,67.119,67.563,340536,0
2017-10-31,17:00:00,67.563,67.613,67.267,67.297,142708,0
2017-10-31,18:00:00,67.297,67.573,67.257,67.415,80941,0
2017-10-31,19:00:00,67.415,67.741,67.337,67.593,84575,0
2017-10-31,20:00:00,67.613,67.761,67.485,67.702,141979,0
2017-10-31,21:00:00,67.702,67.948,67.515,67.879,432287,0
2017-11-01,15:00:00,69.557,70.81,69.083,70.564,267381,0
2017-11-01,16:00:00,70.494,70.57,69.231,69.231,276928,0
2017-11-01,17:00:00,69.241,69.705,68.768,69.206,172821,0
2017-11-01,18:00:00,69.206,70.149,69.182,70.051,164902,0
2017-11-01,19:00:00,70.031,70.184,69.655,69.774,171726,0
2017-11-01,20:00:00,69.789,69.863,69.034,69.251,180463,0
2017-11-01,21:00:00,69.221,69.226,68.334,68.649,504083,0
2017-11-02,15:00:00,68.59,69.972,68.59,69.527,242156,0
2017-11-02,16:00:00,69.517,69.675,69.172,69.281,318826,0
2017-11-02,17:00:00,69.311,69.479,68.53,68.698,214799,0
2017-11-02,18:00:00,68.679,68.896,67.879,68.101,165294,0
2017-11-02,19:00:00,68.096,68.778,68.067,68.56,176019,0
2017-11-02,20:00:00,68.56,68.6,68.234,68.319,151435,0
2017-11-02,21:00:00,68.334,68.56,68.176,68.224,509757,0
2017-11-03,15:00:00,68.324,68.502,67.544,67.682,58565,0
2017-11-03,16:00:00,67.682,67.998,66.488,66.902,338665,0
2017-11-03,17:00:00,66.873,67.109,66.28,66.468,259743,0
2017-11-03,18:00:00,66.503,67.139,66.418,66.685,131185,0
2017-11-03,19:00:00,66.715,67.159,66.586,67.159,187012,0
2017-11-03,20:00:00,67.149,67.277,66.833,67.07,157827,0
2017-11-03,21:00:00,67.08,67.09,66.784,66.971,478443,0
2017-11-06,16:00:00,66.833,67.099,66.784,66.823,30157,0
2017-11-06,17:00:00,66.794,66.902,66.528,66.576,128749,0
2017-11-06,18:00:00,66.547,66.902,66.547,66.893,112429,0
2017-11-06,19:00:00,66.888,66.897,66.725,66.725,67707,0
2017-11-06,20:00:00,66.666,66.823,66.596,66.715,91081,0
2017-11-06,21:00:00,66.69,66.764,66.528,66.586,73149,0
2017-11-06,22:00:00,66.596,66.823,66.537,66.754,251736,0
2017-11-07,16:00:00,66.715,67.257,66.685,67.149,44391,0
2017-11-07,17:00:00,67.129,67.573,67.011,67.031,157612,0
2017-11-07,19:00:00,66.991,67.051,66.606,66.616,52881,0
2017-11-07,20:00:00,66.616,66.72,66.567,66.576,92654,0
2017-11-07,21:00:00,66.572,66.779,66.537,66.576,134736,0
2017-11-07,22:00:00,66.576,66.656,66.38,66.547,424972,0
2017-11-08,16:00:00,66.616,66.764,66.172,66.528,94372,0
2017-11-08,17:00:00,66.518,66.873,66.493,66.695,106959,0
2017-11-08,18:00:00,66.705,67.172,66.675,66.981,80910,0
2017-11-08,19:00:00,66.932,67.051,66.586,66.715,60344,0
2017-11-08,20:00:00,66.695,66.735,66.418,66.418,62512,0
2017-11-08,21:00:00,66.438,66.725,66.37,66.695,84589,0
2017-11-08,22:00:00,66.685,67.07,66.606,67.001,408017,0
2017-11-09,16:00:00,66.833,67.362,66.833,67.006,50390,0
2017-11-09,17:00:00,67.031,67.445,66.863,67.29,139804,0
2017-11-09,18:00:00,67.297,67.385,67.109,67.109,102809,0
2017-11-09,19:00:00,67.109,67.169,66.646,66.912,132155,0
2017-11-09,20:00:00,66.942,67.199,66.744,66.794,194298,0
2017-11-09,21:00:00,66.823,66.853,66.576,66.655,75315,0
2017-11-09,22:00:00,66.636,66.883,66.601,66.715,339473,0
2017-11-10,16:00:00,66.508,66.666,66.242,66.418,37870,0
2017-11-10,17:00:00,66.428,66.833,66.26,66.784,151701,0
2017-11-10,18:00:00,66.809,66.893,66.468,66.468,44378,0
2017-11-10,19:00:00,66.463,66.468,66.152,66.162,97855,0
2017-11-10,20:00:00,66.162,66.523,66.152,66.523,64380,0
2017-11-10,21:00:00,66.523,66.666,66.32,66.39,83399,0
2017-11-10,22:00:00,66.36,66.498,66.26,66.27,381651,0
2017-11-13,16:00:00,66.122,66.365,66.049,66.202,38700,0
2017-11-13,17:00:00,66.182,66.182,65.703,65.787,135349,0
2017-11-13,18:00:00,65.772,65.856,65.323,65.333,108943,0
2017-11-13,19:00:00,65.373,65.501,65.067,65.427,103790,0
2017-11-13,20:00:00,65.427,65.491,65.087,65.107,76074,0
2017-11-13,21:00:00,65.097,65.624,64.987,65.471,240368,0
2017-11-13,22:00:00,65.486,65.807,65.393,65.441,620634,0
2017-11-14,16:00:00,65.107,66.27,64.997,65.945,60195,0
2017-11-14,17:00:00,65.95,65.974,65.116,65.215,127802,0
2017-11-14,18:00:00,65.215,65.797,65.155,65.738,70302,0
2017-11-14,19:00:00,65.758,65.797,65.383,65.432,34903,0
2017-11-14,20:00:00,65.412,65.541,65.363,65.441,67733,0
2017-11-14,21:00:00,65.481,65.728,65.323,65.674,66625,0
2017-11-14,22:00:00,65.659,65.698,65.353,65.353,339786,0
2017-11-15,16:00:00,64.958,65.017,64.326,64.79,124015,0
2017-11-15,17:00:00,64.81,64.84,64.306,64.484,136913,0
2017-11-15,18:00:00,64.484,64.563,64.238,64.346,127214,0
2017-11-15,19:00:00,64.351,64.623,64.178,64.445,172085,0
2017-11-15,20:00:00,64.435,64.84,64.356,64.593,240361,0
2017-11-15,21:00:00,64.573,64.751,64.524,64.721,93385,0
2017-11-15,22:00:00,64.721,64.81,64.208,64.297,380484,0
2017-11-16,16:00:00,64.258,64.326,63.028,63.344,235716,0
2017-11-16,17:00:00,63.32,64.376,63.133,64.342,258398,0
2017-11-16,18:00:00,64.356,64.593,64.238,64.336,100260,0
2017-11-16,19:00:00,64.326,64.514,64.09,64.514,76747,0
2017-11-16,20:00:00,64.519,64.849,64.514,64.682,120352,0
2017-11-16,21:00:00,64.652,65.027,64.603,64.879,183863,0
2017-11-16,22:00:00,64.879,64.958,64.771,64.771,414497,0
2017-11-17,16:00:00,64.582,64.731,64.333,64.582,46735,0
2017-11-17,17:00:00,64.587,64.979,64.015,64.91,124083,0
2017-11-17,18:00:00,64.95,65.268,64.771,65.238,76243,0
2017-11-17,19:00:00,65.218,65.277,65.109,65.188,49574,0
2017-11-17,20:00:00,65.208,65.277,65.089,65.277,65883,0
2017-11-17,21:00:00,65.277,65.466,65.099,65.128,89446,0
2017-11-17,22:00:00,65.138,65.317,65.089,65.099,397853,0
2017-11-20,16:00:00,64.88,65.466,64.731,64.999,77292,0
2017-11-20,17:00:00,65.049,65.208,64.393,64.954,165298,0
2017-11-20,18:00:00,64.95,65.228,64.845,65.099,111011,0
2017-11-20,19:00:00,65.099,65.367,64.87,64.959,60756,0
2017-11-20,20:00:00,64.93,64.999,64.761,64.984,68066,0
2017-11-20,21:00:00,64.984,65.287,64.969,65.009,122342,0
2017-11-20,22:00:00,64.999,65.208,64.9,64.9,373537,0
2017-11-21,16:00:00,65.158,65.317,64.731,65.099,70727,0
2017-11-21,17:00:00,65.069,65.546,64.999,65.079,175297,0
2017-11-21,18:00:00,65.089,65.367,65.049,65.248,51243,0
2017-11-21,19:00:00,65.258,65.287,64.94,65.009,34032,0
2017-11-21,20:00:00,65.019,65.437,64.969,65.218,130915,0
2017-11-21,21:00:00,65.208,65.248,64.89,64.93,76888,0
2017-11-21,22:00:00,64.91,65.148,64.86,64.9,262262,0
2017-11-22,16:00:00,64.81,64.969,64.532,64.9,71993,0
2017-11-22,17:00:00,64.89,65.357,64.85,65.218,102683,0
2017-11-22,18:00:00,65.208,65.307,65.039,65.059,112412,0
2017-11-22,19:00:00,65.059,65.089,64.612,64.641,68624,0
2017-11-22,20:00:00,64.661,64.89,64.492,64.89,103953,0
2017-11-22,21:00:00,64.895,65.019,64.83,64.86,98382,0
2017-11-22,22:00:00,64.88,65.357,64.85,65.079,456194,0
2017-11-24,16:00:00,65.357,65.536,64.701,64.741,42445,0
2017-11-24,17:00:00,64.8,64.979,64.721,64.89,32797,0
2017-11-24,18:00:00,64.86,65.029,64.8,65.029,38921,0
2017-11-24,19:00:00,65.029,65.089,64.83,64.83,70938,0
2017-11-24,20:00:00,64.85,64.85,64.85,64.85,29528,0
2017-11-27,16:00:00,65.089,65.098,64.403,64.482,70700,0
2017-11-27,17:00:00,64.423,64.89,64.343,64.86,136088,0
2017-11-27,18:00:00,64.88,65.178,64.85,65.109,141368,0
2017-11-27,19:00:00,65.109,65.109,64.658,64.711,52083,0
2017-11-27,20:00:00,64.741,64.92,64.656,64.91,48678,0
2017-11-27,21:00:00,64.91,64.91,64.691,64.83,107884,0
2017-11-27,22:00:00,64.87,64.925,64.761,64.761,278679,0
2017-11-28,16:00:00,64.85,65.019,64.711,64.84,32416,0
2017-11-28,17:00:00,64.83,65.387,64.82,65.238,175893,0
2017-11-28,18:00:00,65.248,65.397,65.178,65.218,429236,0
2017-11-28,19:00:00,65.228,65.307,65.183,65.297,50795,0
2017-11-28,20:00:00,65.297,65.327,65.148,65.188,128653,0
2017-11-28,21:00:00,65.198,65.317,65.188,65.277,157450,0
2017-11-28,22:00:00,65.287,65.437,65.049,65.049,717816,0
2017-11-29,16:00:00,65.317,66.053,65.317,65.685,43374,0
2017-11-29,17:00:00,65.685,66.112,65.675,66.063,349924,0
2017-11-29,18:00:00,66.063,66.897,66.063,66.669,114686,0
2017-11-29,19:00:00,66.649,66.659,66.232,66.271,104009,0
2017-11-29,20:00:00,66.222,66.331,65.884,65.943,68691,0
2017-11-29,21:00:00,65.928,66.182,65.774,65.933,89931,0
2017-11-29,22:00:00,65.924,66.152,65.884,66.013,314458,0
2017-11-30,16:00:00,66.192,67.434,66.192,67.245,133783,0
2017-11-30,17:00:00,67.23,67.404,66.41,67.007,163747,0
2017-11-30,18:00:00,66.972,67.345,66.773,67.136,156803,0
2017-11-30,19:00:00,67.161,67.832,67.136,67.623,121504,0
2017-11-30,20:00:00,67.613,67.683,67.295,67.444,158135,0
2017-11-30,21:00:00,67.414,67.474,66.992,67.146,67395,0
2017-11-30,22:00:00,67.106,67.216,66.49,66.5,849794,0
2017-12-01,16:00:00,66.44,67.037,66.083,67.037,33153,0
2017-12-01,17:00:00,66.967,67.305,66.659,66.689,93458,0
2017-12-01,18:00:00,66.651,66.748,65.829,66.028,124485,0
2017-12-01,19:00:00,66.013,66.401,66.003,66.401,103265,0
2017-12-01,20:00:00,66.41,66.719,66.361,66.709,92977,0
2017-12-01,21:00:00,66.699,66.778,66.521,66.699,59958,0
2017-12-01,22:00:00,66.689,66.917,66.604,66.729,242645,0
2017-12-04,16:00:00,66.838,67.225,66.281,67.196,51548,0
2017-12-04,17:00:00,67.186,67.454,66.937,67.176,89981,0
2017-12-04,18:00:00,67.225,67.444,67.047,67.275,49992,0
2017-12-04,19:00:00,67.305,67.434,67.221,67.345,42914,0
2017-12-04,20:00:00,67.375,67.623,67.275,67.603,56951,0
2017-12-04,21:00:00,67.588,67.613,67.375,67.573,70811,0
2017-12-04,22:00:00,67.578,67.593,67.076,67.076,345441,0
2017-12-05,16:00:00,67.275,67.32,66.445,66.57,51966,0
2017-12-05,17:00:00,66.581,66.729,66.013,66.142,109592,0
2017-12-05,18:00:00,66.182,67.037,66.102,66.808,153094,0
2017-12-05,19:00:00,66.818,66.888,66.291,66.55,86459,0
2017-12-05,20:00:00,66.5,66.699,66.033,66.046,91462,0
2017-12-05,21:00:00,66.043,66.073,65.64,65.784,167461,0
2017-12-05,22:00:00,65.784,66.063,65.635,65.655,488858,0
2017-12-06,16:00:00,65.665,66.768,65.665,66.55,52316,0
2017-12-06,17:00:00,66.475,67.722,66.152,67.394,265234,0
2017-12-06,18:00:00,67.394,67.703,67.325,67.653,177123,0
2017-12-06,19:00:00,67.643,67.722,67.357,67.653,205585,0
2017-12-06,20:00:00,67.663,68.17,67.603,68.15,120763,0
2017-12-06,21:00:00,68.166,68.587,68.011,68.339,369471,0
2017-12-06,22:00:00,68.339,68.349,67.832,67.911,731448,0
2017-12-07,16:00:00,69.074,70.167,68.478,69.154,556518,0
2017-12-07,17:00:00,69.114,69.253,68.13,68.975,223536,0
2017-12-07,18:00:00,68.975,69.561,68.836,69.223,217434,0
2017-12-07,19:00:00,69.218,69.949,69.218,69.79,288594,0
2017-12-07,20:00:00,69.72,70.147,69.492,69.621,247229,0
2017-12-07,21:00:00,69.591,69.77,69.124,69.164,139994,0
2017-12-07,22:00:00,69.159,70.138,68.786,68.786,702248,0
2017-12-08,16:00:00,68.696,69.511,68.567,69.054,112879,0
2017-12-08,17:00:00,69.064,69.263,68.667,69.253,187422,0
2017-12-08,18:00:00,69.263,69.601,69.213,69.372,188932,0
2017-12-08,19:00:00,69.362,69.74,68.975,69.551,409830,0
2017-12-08,20:00:00,69.551,70.028,68.975,69.258,264589,0
2017-12-08,21:00:00,69.243,69.412,68.935,69.263,208971,0
2017-12-08,22:00:00,69.233,69.601,69.183,69.362,495313,0
2017-12-11,16:00:00,69.631,69.631,69.203,69.422,65011,0
2017-12-11,17:00:00,69.372,70.048,69.253,69.69,112373,0
2017-12-11,18:00:00,69.611,69.67,68.969,69.154,105630,0
2017-12-11,19:00:00,69.144,69.332,69.024,69.104,119620,0
2017-12-11,20:00:00,69.094,69.243,68.995,69.164,112327,0
2017-12-11,21:00:00,69.149,69.442,69.094,69.233,196212,0
2017-12-11,22:00:00,69.273,69.442,69.064,69.243,460276,0
2017-12-12,16:00:00,69.442,70.237,69.442,70.028,218703,0
2017-12-12,17:00:00,70.028,70.058,69.452,69.77,136267,0
2017-12-12,18:00:00,69.782,70.048,69.651,69.8,179279,0
2017-12-12,19:00:00,69.78,69.939,69.402,69.422,102256,0
2017-12-12,20:00:00,69.452,69.621,69.342,69.342,103424,0
2017-12-12,21:00:00,69.367,69.392,68.865,68.905,148187,0
2017-12-12,22:00:00,68.915,68.985,68.199,68.259,510283,0
2017-12-13,16:00:00,68.15,68.577,66.599,67.076,231805,0
2017-12-13,17:00:00,67.166,67.166,66.301,66.669,340039,0
2017-12-13,18:00:00,66.699,66.748,66.092,66.341,330350,0
2017-12-13,19:00:00,66.301,66.391,66.092,66.271,140810,0
2017-12-13,20:00:00,66.261,66.52,66.232,66.41,285376,0
2017-12-13,21:00:00,66.44,66.619,65.894,65.968,326128,0
2017-12-13,22:00:00,65.993,66.063,65.705,65.814,652981,0
2017-12-14,16:00:00,66.361,66.937,65.993,66.5,116942,0
2017-12-14,17:00:00,66.401,66.649,65.864,66.142,220089,0
2017-12-14,18:00:00,66.162,66.376,66.063,66.132,114410,0
2017-12-14,19:00:00,66.122,66.311,65.948,66.232,96518,0
2017-12-14,20:00:00,66.261,66.609,66.182,66.281,128486,0
2017-12-14,21:00:00,66.321,66.331,65.745,66.043,137930,0
2017-12-14,22:00:00,66.043,66.083,65.705,65.715,424920,0
2017-12-15,16:00:00,65.924,66.57,65.725,66.033,64303,0
2017-12-15,17:00:00,66.036,66.689,65.973,66.634,106316,0
2017-12-15,18:00:00,66.634,66.997,66.44,66.858,89512,0
2017-12-15,19:00:00,66.828,67.206,66.808,67.206,133266,0
2017-12-15,20:00:00,67.186,67.245,66.957,67.196,131060,0
2017-12-15,21:00:00,67.196,67.553,67.146,67.454,254577,0
2017-12-15,22:00:00,67.444,67.514,66.868,67.275,444918,0
2017-12-18,16:00:00,67.295,68.547,66.808,67.066,89683,0
2017-12-18,17:00:00,67.136,67.494,66.865,67.017,97246,0
2017-12-18,18:00:00,67.007,67.206,66.609,66.639,87226,0
2017-12-18,19:00:00,66.634,66.818,66.54,66.659,71127,0
2017-12-18,20:00:00,66.689,67.057,66.664,66.738,88835,0
2017-12-18,21:00:00,66.738,66.888,66.659,66.808,77526,0
2017-12-18,22:00:00,66.808,66.878,66.574,66.619,316138,0
2017-12-19,16:00:00,66.639,66.639,65.983,66.112,64304,0
2017-12-19,17:00:00,66.132,66.391,65.963,66.212,117297,0
2017-12-19,18:00:00,66.222,66.47,66.182,66.41,122527,0
2017-12-19,19:00:00,66.401,66.738,66.311,66.589,74033,0
2017-12-19,20:00:00,66.619,66.768,66.52,66.669,117613,0
2017-12-19,21:00:00,66.669,66.758,66.47,66.52,74395,0
2017-12-19,22:00:00,66.52,66.719,66.41,66.5,321286,0
2017-12-20,16:00:00,66.669,67.027,65.914,66.033,130917,0
2017-12-20,17:00:00,66.033,66.42,65.928,65.993,161307,0
2017-12-20,18:00:00,65.998,67.225,65.993,66.748,229204,0
2017-12-20,19:00:00,66.699,67.106,66.53,66.897,136549,0
2017-12-20,20:00:00,66.888,67.066,66.838,66.917,64795,0
2017-12-20,21:00:00,66.917,67.027,66.853,66.947,68927,0
2017-12-20,22:00:00,66.937,67.017,66.818,66.838,281630,0
2017-12-21,16:00:00,67.156,67.345,66.629,67.245,38801,0
2017-12-21,17:00:00,67.151,67.465,67.047,67.116,141231,0
2017-12-21,18:00:00,67.126,67.335,66.868,67.305,68079,0
2017-12-21,19:00:00,67.295,67.772,67.275,67.583,79400,0
2017-12-21,20:00:00,67.583,67.668,67.176,67.176,59986,0
2017-12-21,21:00:00,67.196,67.225,66.689,66.748,81465,0
2017-12-21,22:00:00,66.727,66.798,66.49,66.579,370821,0
2017-12-22,16:00:00,66.49,66.997,66.49,66.947,40259,0
2017-12-22,17:00:00,66.917,67.017,66.738,66.738,41557,0
2017-12-22,18:00:00,66.748,66.748,66.321,66.321,40355,0
2017-12-22,19:00:00,66.351,66.381,66.142,66.212,44131,0
2017-12-22,20:00:00,66.232,66.43,66.232,66.41,53256,0
2017-12-22,21:00:00,66.41,66.5,66.396,66.45,36653,0
2017-12-22,22:00:00,66.454,66.454,66.271,66.331,163930,0
2017-12-26,16:00:00,66.142,66.858,66.142,66.49,37017,0
2017-12-26,17:00:00,66.55,66.748,66.49,66.589,38639,0
2017-12-26,18:00:00,66.579,66.719,66.55,66.609,27785,0
2017-12-26,19:00:00,66.639,66.639,66.54,66.573,24717,0
2017-12-26,20:00:00,66.574,66.669,66.54,66.599,65218,0
2017-12-26,21:00:00,66.604,66.828,66.599,66.782,75937,0
2017-12-26,22:00:00,66.768,66.838,66.589,66.758,207115,0
2017-12-27,16:00:00,66.907,66.947,66.51,66.828,29966,0
2017-12-27,17:00:00,66.768,66.888,66.649,66.763,54934,0
2017-12-27,18:00:00,66.763,66.788,66.599,66.689,26977,0
2017-12-27,19:00:00,66.689,66.709,66.565,66.584,27998,0
2017-12-27,20:00:00,66.589,66.699,66.579,66.629,23519,0
2017-12-27,21:00:00,66.609,66.639,66.48,66.49,38949,0
2017-12-27,22:00:00,66.49,66.5,66.341,66.45,163012,0
2017-12-28,16:00:00,66.649,66.778,66.351,66.391,36763,0
2017-12-28,17:00:00,66.41,66.649,66.251,66.619,45306,0
2017-12-28,18:00:00,66.619,66.768,66.43,66.574,39920,0
2017-12-28,19:00:00,66.56,66.619,66.48,66.53,32458,0
2017-12-28,20:00:00,66.515,66.545,66.291,66.41,32115,0
2017-12-28,21:00:00,66.425,66.609,66.391,66.53,64654,0
2017-12-28,22:00:00,66.57,66.803,66.53,66.738,180192,0
2017-12-29,16:00:00,66.888,67.454,66.788,67.176,152071,0
2017-12-29,17:00:00,67.172,67.504,67.066,67.285,89439,0
2017-12-29,18:00:00,67.285,67.295,66.868,66.957,75751,0
2017-12-29,19:00:00,67.007,67.047,66.848,66.987,34430,0
2017-12-29,20:00:00,66.987,67.027,66.828,66.848,41874,0
2017-12-29,21:00:00,66.858,66.947,66.748,66.748,48672,0
2017-12-29,22:00:00,66.738,66.858,66.669,66.669,250092,0
2018-01-02,16:00:00,66.818,66.962,66.192,66.202,30531,0
2018-01-02,17:00:00,66.212,66.669,66.043,66.47,86422,0
2018-01-02,18:00:00,66.46,66.977,66.361,66.808,111885,0
2018-01-02,19:00:00,66.808,66.937,66.51,66.609,84916,0
2018-01-02,20:00:00,66.579,66.927,66.52,66.878,56594,0
2018-01-02,21:00:00,66.888,67.166,66.798,67.076,93622,0
2018-01-02,22:00:00,67.047,67.613,66.987,67.573,325699,0
2018-01-03,16:00:00,67.961,68.428,67.643,68.279,237844,0
2018-01-03,17:00:00,68.269,68.518,68.1,68.388,168970,0
2018-01-03,18:00:00,68.378,69.347,68.378,69.193,228910,0
2018-01-03,19:00:00,69.163,69.71,69.074,69.631,242228,0
2018-01-03,20:00:00,69.551,69.78,68.403,68.443,208848,0
2018-01-03,21:00:00,68.448,68.826,68.378,68.796,142926,0
2018-01-03,22:00:00,68.766,69.283,68.696,69.024,559732,0
2018-01-04,16:00:00,69.352,70.774,69.323,70.306,388808,0
2018-01-04,17:00:00,70.162,70.555,69.521,69.904,307766,0
2018-01-04,18:00:00,69.879,69.939,69.362,69.899,199312,0
2018-01-04,19:00:00,69.919,70.525,69.74,69.909,133364,0
2018-01-04,20:00:00,69.919,70.237,69.819,70.227,144036,0
2018-01-04,21:00:00,70.217,70.316,70.028,70.048,157303,0
2018-01-04,22:00:00,70.098,70.316,69.959,70.038,437128,0
2018-01-05,16:00:00,70.068,70.555,69.492,69.73,62481,0
2018-01-05,17:00:00,69.775,70.038,69.651,69.651,72202,0
2018-01-05,18:00:00,69.66,69.66,69.124,69.402,118338,0
2018-01-05,19:00:00,69.432,69.601,69.203,69.243,63475,0
2018-01-05,20:00:00,69.263,69.501,69.203,69.283,81461,0
2018-01-05,21:00:00,69.283,69.561,69.203,69.492,67220,0
2018-01-05,22:00:00,69.452,69.611,69.432,69.511,224616,0
2018-01-08,16:00:00,69.323,69.342,68.488,68.488,52566,0
2018-01-08,17:00:00,68.498,68.935,68.468,68.701,96594,0
2018-01-08,18:00:00,68.686,68.855,68.358,68.796,121866,0
2018-01-08,19:00:00,68.796,68.836,68.378,68.696,49267,0
2018-01-08,20:00:00,68.686,68.816,68.607,68.766,147752,0
2018-01-08,21:00:00,68.756,68.796,68.557,68.726,80936,0
2018-01-08,22:00:00,68.736,68.806,67.822,68.508,323287,0
2018-01-09,16:00:00,68.796,69.303,68.557,68.607,82736,0
2018-01-09,17:00:00,68.587,69.531,68.448,69.233,216340,0
2018-01-09,18:00:00,69.228,69.352,68.895,69.044,54245,0
2018-01-09,19:00:00,69.044,69.104,68.925,69.014,19093,0
2018-01-09,20:00:00,68.985,69.521,68.865,69.412,108966,0
2018-01-09,21:00:00,69.417,69.432,69.173,69.213,55271,0
2018-01-09,22:00:00,69.203,69.432,69.173,69.203,264749,0
2018-01-10,16:00:00,68.965,68.965,67.404,68.17,220577,0
2018-01-10,17:00:00,68.259,68.875,68.14,68.269,96215,0
2018-01-10,18:00:00,68.269,68.637,68.269,68.587,41429,0
2018-01-10,19:00:00,68.617,68.826,68.577,68.806,51708,0
2018-01-10,20:00:00,68.826,69.104,68.746,68.925,81188,0
2018-01-10,21:00:00,68.9,68.975,68.637,68.905,85670,0
2018-01-10,22:00:00,68.885,69.064,68.657,68.965,238508,0
2018-01-11,16:00:00,69.253,70.118,68.93,69.869,81205,0
2018-01-11,17:00:00,69.79,69.8,69.332,69.521,58069,0
2018-01-11,18:00:00,69.496,70.058,69.482,69.939,96469,0
2018-01-11,19:00:00,69.939,70.326,69.81,70.038,100601,0
2018-01-11,20:00:00,70.028,70.068,69.402,69.551,108999,0
2018-01-11,21:00:00,69.551,69.705,69.273,69.422,139403,0
2018-01-11,22:00:00,69.422,70.147,69.382,70.008,288889,0
2018-01-12,16:00:00,69.988,70.297,69.531,69.66,37697,0
2018-01-12,17:00:00,69.626,69.626,69.213,69.412,102414,0
2018-01-12,18:00:00,69.412,69.68,68.746,69.372,249759,0
2018-01-12,19:00:00,69.377,69.432,68.836,69.024,145887,0
2018-01-12,20:00:00,69.054,69.164,68.885,69.104,42475,0
2018-01-12,21:00:00,69.109,69.432,68.975,69.432,84113,0
2018-01-12,22:00:00,69.422,69.482,69.124,69.313,205621,0
2018-01-16,16:00:00,69.094,70.058,68.985,69.829,133555,0
2018-01-16,17:00:00,69.909,70.306,69.66,70.068,208946,0
2018-01-16,18:00:00,70.128,70.545,69.889,69.969,147090,0
2018-01-16,19:00:00,69.959,70.192,69.68,69.815,89015,0
2018-01-16,20:00:00,69.839,70.068,69.283,69.452,117385,0
2018-01-16,21:00:00,69.462,69.79,69.462,69.641,94179,0
2018-01-16,22:00:00,69.631,69.969,69.482,69.75,222112,0
2018-01-17,16:00:00,69.939,70.456,69.233,69.357,73598,0
2018-01-17,17:00:00,69.372,69.68,69.293,69.541,117298,0
2018-01-17,18:00:00,69.541,69.725,69.501,69.67,89507,0
2018-01-17,19:00:00,69.7,70.033,69.651,69.879,79572,0
2018-01-17,20:00:00,69.899,70.018,69.73,69.839,86431,0
2018-01-17,21:00:00,69.829,70.088,69.74,70.088,151456,0
2018-01-17,22:00:00,70.093,70.316,69.959,70.018,291497,0
2018-01-18,16:00:00,69.521,69.829,69.014,69.581,112113,0
2018-01-18,17:00:00,69.571,69.611,69.203,69.342,82673,0
2018-01-18,18:00:00,69.352,69.571,69.303,69.412,46128,0
2018-01-18,19:00:00,69.422,69.571,69.372,69.496,60331,0
2018-01-18,20:00:00,69.492,69.561,69.183,69.541,46127,0
2018-01-18,21:00:00,69.541,69.77,69.501,69.591,78229,0
2018-01-18,22:00:00,69.581,69.7,69.129,69.213,321352,0
2018-01-19,16:00:00,68.985,69.601,68.408,68.418,110734,0
2018-01-19,17:00:00,68.428,68.965,68.23,68.925,168395,0
2018-01-19,18:00:00,68.935,69.541,68.786,69.263,119993,0
2018-01-19,19:00:00,69.313,69.362,69.104,69.323,47509,0
2018-01-19,20:00:00,69.293,69.492,68.91,68.91,86770,0
2018-01-19,21:00:00,68.925,69.7,68.677,69.422,169030,0
2018-01-19,22:00:00,69.432,77.353,69.193,77.085,2516522,0
2018-01-22,16:00:00,79.102,79.679,77.92,78.908,2270587,0
2018-01-22,17:00:00,78.933,79.39,78.854,79.177,1095426,0
2018-01-22,18:00:00,79.177,80.225,79.082,79.768,1117055,0
2018-01-22,19:00:00,79.768,80.523,79.718,80.444,428615,0
2018-01-22,20:00:00,80.469,81.786,80.444,80.802,923757,0
2018-01-22,21:00:00,80.802,81.388,80.593,81.1,500187,0
2018-01-22,22:00:00,81.13,81.935,80.911,81.607,1176240,0
2018-01-23,16:00:00,81.169,81.348,80.25,80.504,538718,0
2018-01-23,17:00:00,80.533,81.1,79.897,80.091,971500,0
2018-01-23,18:00:00,80.056,80.682,80.036,80.364,507223,0
2018-01-23,19:00:00,80.359,80.752,80.285,80.414,280492,0
2018-01-23,20:00:00,80.364,80.374,79.331,79.723,313703,0
2018-01-23,21:00:00,79.748,80.345,79.699,80.036,259494,0
2018-01-23,22:00:00,80.046,80.315,79.987,80.076,587615,0
2018-01-24,16:00:00,80.205,80.484,79.788,79.907,121702,0
2018-01-24,17:00:00,79.987,80.166,79.784,79.859,124844,0
2018-01-24,18:00:00,79.828,80.076,79.798,79.959,106726,0
2018-01-24,19:00:00,79.987,80.046,79.728,79.808,127766,0
2018-01-24,20:00:00,79.788,80.971,78.884,80.722,260481,0
2018-01-24,21:00:00,80.742,81.11,80.364,80.427,252772,0
2018-01-24,22:00:00,80.444,80.504,79.51,79.54,531244,0
2018-01-25,16:00:00,79.649,79.858,79.28,79.54,116469,0
2018-01-25,17:00:00,79.51,80.017,79.46,79.549,125948,0
2018-01-25,18:00:00,79.52,79.629,79.381,79.46,157767,0
2018-01-25,19:00:00,79.45,79.559,79.341,79.48,168341,0
2018-01-25,20:00:00,79.48,79.907,79.39,79.887,85978,0
2018-01-25,21:00:00,79.877,79.942,79.43,79.559,69132,0
2018-01-25,22:00:00,79.569,79.728,79.5,79.51,293870,0
2018-01-26,16:00:00,80.116,80.265,79.748,79.868,73153,0
2018-01-26,17:00:00,79.813,80.255,79.559,80.146,150774,0
2018-01-26,18:00:00,80.156,80.672,80.076,80.504,249153,0
2018-01-26,19:00:00,80.533,81.597,80.533,80.891,205774,0
2018-01-26,20:00:00,80.901,81.16,80.563,81.03,198754,0
2018-01-26,21:00:00,81.063,81.309,80.842,81.12,286019,0
2018-01-26,22:00:00,81.15,81.715,80.921,81.299,871645,0
2018-01-29,16:00:00,80.891,81.229,80.315,80.424,215635,0
2018-01-29,17:00:00,80.424,80.871,79.694,79.699,206335,0
2018-01-29,18:00:00,79.728,80.494,79.699,80.34,89268,0
2018-01-29,19:00:00,80.369,80.429,79.957,80.146,82928,0
2018-01-29,20:00:00,80.156,80.777,80.156,80.741,114121,0
2018-01-29,21:00:00,80.702,80.732,80.543,80.583,59811,0
2018-01-29,22:00:00,80.573,80.812,80.364,80.364,285905,0
2018-01-30,16:00:00,79.49,79.877,78.923,79.251,107972,0
2018-01-30,17:00:00,79.291,79.679,78.913,79.212,253678,0
2018-01-30,18:00:00,79.162,79.51,78.983,79.46,113382,0
2018-01-30,19:00:00,79.47,80.007,79.47,79.843,149858,0
2018-01-30,20:00:00,79.868,79.907,79.546,79.728,64911,0
2018-01-30,21:00:00,79.718,79.818,79.49,79.5,168480,0
2018-01-30,22:00:00,79.5,79.649,79.45,79.46,333091,0
2018-01-31,16:00:00,79.51,79.828,79.251,79.52,64663,0
2018-01-31,17:00:00,79.554,80.007,79.371,79.44,136164,0
2018-01-31,18:00:00,79.45,79.619,78.903,79.172,87047,0
2018-01-31,19:00:00,79.146,79.192,78.797,79.082,125906,0
2018-01-31,20:00:00,79.044,79.092,78.575,78.894,91485,0
2018-01-31,21:00:00,78.894,78.923,78.466,78.496,249443,0
2018-01-31,22:00:00,78.496,79.231,78.352,78.943,530352,0
2018-02-01,16:00:00,78.725,80.623,78.426,80.116,127076,0
2018-02-01,17:00:00,80.036,81.497,80.036,80.707,449612,0
2018-02-01,18:00:00,80.742,81.1,80.245,80.746,123574,0
2018-02-01,19:00:00,80.682,80.941,80.454,80.474,97672,0
2018-02-01,20:00:00,80.484,80.563,79.182,79.222,80493,0
2018-02-01,21:00:00,79.182,79.51,78.923,79.445,151036,0
2018-02-01,22:00:00,79.445,79.47,78.933,79.172,245853,0
2018-02-02,16:00:00,78.367,78.864,78.367,78.675,107026,0
2018-02-02,17:00:00,78.655,78.943,78.248,78.248,121722,0
2018-02-02,18:00:00,78.267,78.526,78.079,78.128,103481,0
2018-02-02,19:00:00,78.128,78.645,78.079,78.566,67423,0
2018-02-02,20:00:00,78.516,78.685,78.282,78.416,67377,0
2018-02-02,21:00:00,78.397,78.436,78.138,78.243,84516,0
2018-02-02,22:00:00,78.248,78.516,77.949,78.118,350647,0
2018-02-05,16:00:00,81.994,82.69,80.832,81.746,1451823,0
2018-02-05,17:00:00,81.776,82.68,81.03,81.825,761573,0
2018-02-05,18:00:00,81.83,82.342,81.333,81.67,244901,0
2018-02-05,19:00:00,81.676,82.462,81.249,81.468,232459,0
2018-02-05,20:00:00,81.438,81.915,81.199,81.845,192118,0
2018-02-05,21:00:00,81.845,82.024,81.259,81.348,417460,0
2018-02-05,22:00:00,81.329,81.885,80.394,80.394,766399,0
2018-02-06,16:00:00,79.997,81.497,79.838,79.997,252378,0
2018-02-06,17:00:00,79.997,81.033,79.848,80.673,268971,0
2018-02-06,18:00:00,80.628,81.468,80.504,80.871,263582,0
2018-02-06,19:00:00,80.871,82.342,80.752,82.054,370563,0
2018-02-06,20:00:00,82.124,82.124,81.597,81.676,207131,0
2018-02-06,21:00:00,81.686,82.094,81.458,82.084,339239,0
2018-02-06,22:00:00,82.049,82.352,81.751,82.044,751205,0
2018-02-07,16:00:00,81.994,81.994,81.309,81.746,103440,0
2018-02-07,17:00:00,81.746,82.491,81.468,82.442,233487,0
2018-02-07,18:00:00,82.435,82.462,81.478,81.965,108670,0
2018-02-07,19:00:00,81.968,82.004,81.348,81.517,111436,0
2018-02-07,20:00:00,81.537,81.865,81.358,81.567,137479,0
2018-02-07,21:00:00,81.547,81.825,81.289,81.413,172416,0
2018-02-07,22:00:00,81.388,81.587,80.842,80.842,566123,0
2018-02-08,16:00:00,80.961,81.219,79.778,81.001,65279,0
2018-02-08,17:00:00,81.001,81.189,80.369,80.434,136225,0
2018-02-08,18:00:00,80.409,82.054,80.106,80.871,312268,0
2018-02-08,19:00:00,80.871,81.497,80.096,80.146,320661,0
2018-02-08,20:00:00,80.166,80.921,79.917,80.355,205529,0
2018-02-08,21:00:00,80.394,81.09,80.394,80.704,143681,0
2018-02-08,22:00:00,80.722,80.921,79.47,79.47,458399,0
2018-02-09,16:00:00,79.967,80.474,79.44,79.51,154844,0
2018-02-09,17:00:00,79.47,79.619,78.208,78.496,198731,0
2018-02-09,18:00:00,78.476,78.685,77.78,78.267,281954,0
2018-02-09,19:00:00,78.267,78.546,77.383,77.86,230540,0
2018-02-09,20:00:00,77.865,79.013,77.224,78.933,225026,0
2018-02-09,21:00:00,78.894,80.126,78.834,79.957,316519,0
2018-02-09,22:00:00,79.937,80.951,79.51,80.255,468406,0
2018-02-12,16:00:00,80.504,80.504,78.387,78.62,267526,0
2018-02-12,17:00:00,78.655,78.655,77.592,78.277,507983,0
2018-02-12,18:00:00,78.292,78.506,77.92,78.506,153154,0
2018-02-12,19:00:00,78.496,79.033,78.367,78.993,148484,0
2018-02-12,20:00:00,78.953,79.251,78.466,79.222,155472,0
2018-02-12,21:00:00,79.152,79.768,79.082,79.52,217765,0
2018-02-12,22:00:00,79.51,79.858,78.983,79.172,294218,0
2018-02-13,16:00:00,79.082,79.5,78.436,78.506,63713,0
2018-02-13,17:00:00,78.536,79.152,78.347,78.615,128066,0
2018-02-13,18:00:00,78.655,79.102,78.615,78.963,159993,0
2018-02-13,19:00:00,78.983,79.013,78.327,78.357,119639,0
2018-02-13,20:00:00,78.337,78.685,78.098,78.387,174946,0
2018-02-13,21:00:00,78.397,78.466,78.128,78.367,190591,0
2018-02-13,22:00:00,78.387,79.053,78.238,79.023,478247,0
2018-02-14,16:00:00,75.723,77.293,75.077,76.001,981178,0
2018-02-14,17:00:00,76.051,76.946,75.534,76.518,774801,0
2018-02-14,18:00:00,76.429,77.204,76.071,76.304,416688,0
2018-02-14,19:00:00,76.339,76.384,75.683,75.813,299323,0
2018-02-14,20:00:00,75.875,75.922,74.66,75.534,471876,0
2018-02-14,21:00:00,75.539,75.564,73.556,74.093,995365,0
2018-02-14,22:00:00,74.088,74.6,73.546,74.6,902012,0
2018-02-15,16:00:00,76.24,76.6099,75.74,75.99,431082,0
2018-02-15,17:00:00,75.99,76.205,75.18,75.89,283105,0
2018-02-15,18:00:00,75.9,76.42,75.64,76.3712,253937,0
2018-02-15,19:00:00,76.36,76.47,76.05,76.37,286127,0
2018-02-15,20:00:00,76.37,76.74,76.32,76.715,245238,0
2018-02-15,21:00:00,76.72,77.05,76.58,76.98,265706,0
2018-02-15,22:00:00,76.96,77.535,76.96,77.19,616885,0
2018-02-16,16:00:00,77,77.83,76.85,77.535,125542,0
2018-02-16,17:00:00,77.61,78.255,77.54,78.21,252814,0
2018-02-16,18:00:00,78.2425,79.01,78.24,78.72,250699,0
2018-02-16,19:00:00,78.715,79.44,78.67,79.01,194844,0
2018-02-16,20:00:00,78.99,79.41,78.78,78.97,212907,0
2018-02-16,21:00:00,78.98,79.55,78.92,79.2,209473,0
2018-02-16,22:00:00,79.24,79.94,78.98,79.1,736813,0
2018-02-20,16:00:00,78.52,78.73,78.01,78.18,92846,0
2018-02-20,17:00:00,78.1,78.14,76.53,76.615,399714,0
2018-02-20,18:00:00,76.6199,77.11,76.55,76.84,210931,0
2018-02-20,19:00:00,76.83,76.87,76.58,76.65,181867,0
2018-02-20,20:00:00,76.63,76.74,76.37,76.43,146379,0
2018-02-20,21:00:00,76.445,76.46,75.22,75.31,263814,0
2018-02-20,22:00:00,75.35,76.26,75.01,76.07,686770,0
2018-02-21,16:00:00,76.35,76.58,76.205,76.315,194752,0
2018-02-21,17:00:00,76.3,76.4,75.38,75.71,392983,0
2018-02-21,18:00:00,75.71,76.05,75.5,76.05,262181,0
2018-02-21,19:00:00,76.09,76.16,75.74,75.74,144532,0
2018-02-21,20:00:00,75.76,76,75.66,75.75,153887,0
2018-02-21,21:00:00,75.8,75.95,75.49,75.5,167323,0
2018-02-21,22:00:00,75.51,75.68,75.1,75.1,562581,0
2018-02-22,16:00:00,75.39,75.64,75.18,75.43,47094,0
2018-02-22,17:00:00,75.54,76.17,75.15,75.95,176636,0
2018-02-22,18:00:00,75.92,76.68,75.92,76.47,157859,0
2018-02-22,19:00:00,76.5,76.5543,75.69,75.91,160439,0
2018-02-22,20:00:00,75.9,76.05,75.43,75.58,124874,0
2018-02-22,21:00:00,75.6,75.75,75.51,75.51,119310,0
2018-02-22,22:00:00,75.53,75.88,75.53,75.59,390132,0
2018-02-23,16:00:00,75.7,76.2,75.48,76.135,50259,0
2018-02-23,17:00:00,76.1,76.98,75.99,76.62,96894,0
2018-02-23,18:00:00,76.62,76.91,76.33,76.9,58105,0
2018-02-23,19:00:00,76.9,77,76.62,76.62,49011,0
2018-02-23,20:00:00,76.65,76.7,76.43,76.51,34965,0
2018-02-23,21:00:00,76.505,76.56,76.38,76.45,63325,0
2018-02-23,22:00:00,76.49,76.66,76.3,76.62,362987,0
2018-02-26,16:00:00,76.6,76.6,75.69,75.86,66000,0
2018-02-26,17:00:00,75.87,76.41,75.83,76.215,83860,0
2018-02-26,18:00:00,76.22,76.41,76.17,76.26,63679,0
2018-02-26,19:00:00,76.28,76.35,76.12,76.3,63292,0
2018-02-26,20:00:00,76.3,76.35,76.1,76.35,58570,0
2018-02-26,21:00:00,76.3446,76.51,76.3,76.37,54062,0
2018-02-26,22:00:00,76.38,76.46,75.9,75.97,357312,0
2018-02-27,16:00:00,76.47,76.47,75.75,75.75,39636,0
2018-02-27,17:00:00,75.77,76.39,75.35,75.92,346414,0
2018-02-27,18:00:00,75.93,76.1,75.34,75.4075,124694,0
2018-02-27,19:00:00,75.4175,75.57,75.05,75.4,82860,0
2018-02-27,20:00:00,75.39,75.63,75.08,75.08,82571,0
2018-02-27,21:00:00,75.11,75.31,74.99,75.26,167584,0
2018-02-27,22:00:00,75.25,75.33,74.83,74.83,366573,0
2018-02-28,16:00:00,75.29,75.96,75.29,75.41,102384,0
2018-02-28,17:00:00,75.41,75.8399,75.4,75.62,89398,0
2018-02-28,18:00:00,75.6,76.01,75.59,75.71,97271,0
2018-02-28,19:00:00,75.69,76.49,75.69,76.46,75295,0
2018-02-28,20:00:00,76.49,76.68,75.87,76.56,174957,0
2018-02-28,21:00:00,76.55,76.695,76.05,76.05,171409,0
2018-02-28,22:00:00,76.05,76.1,75.37,75.43,380372,0
2018-03-01,16:00:00,75.24,75.69,75.04,75.32,32487,0
2018-03-01,17:00:00,75.32,76.06,75.22,75.46,75684,0
2018-03-01,18:00:00,75.47,76.36,75.43,76.19,59300,0
2018-03-01,19:00:00,76.22,76.81,75.98,76.45,107851,0
2018-03-01,20:00:00,76.39,76.4,75.7,75.735,60847,0
2018-03-01,21:00:00,75.76,76.111,75.51,76.095,96023,0
2018-03-01,22:00:00,76.07,76.52,75.8,75.98,322893,0
2018-03-02,16:00:00,75.22,75.78,75.19,75.24,38053,0
2018-03-02,17:00:00,75.21,75.29,74.57,74.8199,242201,0
2018-03-02,18:00:00,74.89,75.01,74.72,74.81,167082,0
2018-03-02,19:00:00,74.79,75.16,74.48,74.87,184315,0
2018-03-02,20:00:00,74.8,74.95,74.34,74.41,227248,0
2018-03-02,21:00:00,74.44,74.78,74.36,74.71,186999,0
2018-03-02,22:00:00,74.65,75.31,74.64,75.17,393494,0
2018-03-05,16:00:00,75.3,76.12,75.12,75.55,86683,0
2018-03-05,17:00:00,75.55,78.97,75.55,78.36,1151658,0
2018-03-05,18:00:00,78.42,78.9,77.83,77.97,564910,0
2018-03-05,19:00:00,78,78.17,77.815,78.05,198390,0
2018-03-05,20:00:00,78.03,78.12,77.69,77.735,123140,0
2018-03-05,21:00:00,77.735,77.99,77.48,77.92,182308,0
2018-03-05,22:00:00,77.89,78.34,77.63,77.99,613308,0
2018-03-06,16:00:00,79.09,79.09,77.37,77.49,629702,0
2018-03-06,17:00:00,77.49,77.53,76.69,77.08,735708,0
2018-03-06,18:00:00,77.16,77.24,76.84,76.97,256609,0
2018-03-06,19:00:00,76.955,77.28,76.895,76.99,155660,0
2018-03-06,20:00:00,77,77.85,76.97,77.45,241105,0
2018-03-06,21:00:00,77.49,77.57,77.34,77.375,113254,0
2018-03-06,22:00:00,77.37,77.47,76.89,77.11,461478,0
2018-03-07,16:00:00,77.72,79.1,77.17,78.2,221889,0
2018-03-07,17:00:00,78.2,78.7,78.04,78.3,251394,0
2018-03-07,18:00:00,78.27,78.27,77.69,77.96,343490,0
2018-03-07,19:00:00,77.97,77.97,77.39,77.6,277103,0
2018-03-07,20:00:00,77.6,77.6123,77.2,77.28,138776,0
2018-03-07,21:00:00,77.25,77.64,77.2,77.41,314715,0
2018-03-07,22:00:00,77.43,77.67,77.21,77.43,467696,0
2018-03-08,16:00:00,77.41,77.75,76.98,77,92489,0
2018-03-08,17:00:00,77,77.08,76.74,76.95,85139,0
2018-03-08,18:00:00,76.89,76.89,76.6,76.67,152375,0
2018-03-08,19:00:00,76.67,77.15,76.64,76.86,73406,0
2018-03-08,20:00:00,76.93,77.29,76.84,77.13,55673,0
2018-03-08,21:00:00,77.16,77.61,77.01,77.49,50174,0
2018-03-08,22:00:00,77.5,77.53,76.72,77.01,546960,0
2018-03-09,16:00:00,77.13,77.23,76.25,77.08,145989,0
2018-03-09,17:00:00,77.05,77.09,76.39,76.54,321805,0
2018-03-09,18:00:00,76.54,76.54,72.32,74.13,2396868,0
2018-03-09,19:00:00,74.19,75,74.05,74.85,273781,0
2018-03-09,20:00:00,74.9,75.225,74.66,74.94,161186,0
2018-03-09,21:00:00,74.98,75.67,74.68,74.97,318933,0
2018-03-09,22:00:00,74.95,75.08,74.4,74.96,652975,0
2018-03-12,15:00:00,75.58,76.38,75.5,75.92,154570,0
2018-03-12,16:00:00,75.9,76,75.575,75.745,186328,0
2018-03-12,17:00:00,75.745,75.79,75.47,75.66,218554,0
2018-03-12,18:00:00,75.66,75.75,75.51,75.7,120106,0
2018-03-12,19:00:00,75.7,76,75.56,75.65,178002,0
2018-03-12,20:00:00,75.64,75.82,75.615,75.75,104389,0
2018-03-12,21:00:00,75.76,76.09,75.735,75.93,431356,0
2018-03-13,15:00:00,76,76.31,75.7222,76.04,91887,0
2018-03-13,16:00:00,76.03,76.21,75.61,75.61,100347,0
2018-03-13,17:00:00,75.64,75.9,75.52,75.8,77342,0
2018-03-13,18:00:00,75.82,76.06,75.58,76.05,55277,0
2018-03-13,19:00:00,76.05,76.1502,75.95,76.07,24606,0
2018-03-13,20:00:00,76.09,76.23,76.04,76.05,83781,0
2018-03-13,21:00:00,76.09,76.14,75.55,75.87,431748,0
2018-03-14,15:00:00,76,76.21,75.53,75.795,72684,0
2018-03-14,16:00:00,75.76,75.86,75.11,75.17,61798,0
2018-03-14,17:00:00,75.17,75.27,74.95,75.02,89871,0
2018-03-14,18:00:00,75.07,75.25,74.97,75.005,46334,0
2018-03-14,19:00:00,74.99,75.1,74.785,74.8,83015,0
2018-03-14,20:00:00,74.81,74.91,74.57,74.62,137395,0
2018-03-14,21:00:00,74.62,74.62,74.05,74.24,395733,0
2018-03-15,15:00:00,74.56,75.28,74.24,74.63,65137,0
2018-03-15,16:00:00,74.63,74.98,74.48,74.89,105529,0
2018-03-15,17:00:00,74.92,74.96,73.8,74.335,141427,0
2018-03-15,18:00:00,74.34,74.34,73.31,73.44,215674,0
2018-03-15,19:00:00,73.44,73.89,73.43,73.6,126974,0
2018-03-15,20:00:00,73.6,73.69,73.5,73.55,132340,0
2018-03-15,21:00:00,73.53,73.92,73.44,73.74,334699,0
2018-03-16,15:00:00,74.03,74.46,73.83,74.22,112213,0
2018-03-16,16:00:00,74.215,74.24,73.19,73.36,305728,0
2018-03-16,17:00:00,73.35,73.65,73.25,73.32,207722,0
2018-03-16,18:00:00,73.31,73.335,72.81,73.0743,265522,0
2018-03-16,19:00:00,73.08,73.1,72.21,72.58,150346,0
2018-03-16,20:00:00,72.62,72.925,72.45,72.8697,186039,0
2018-03-16,21:00:00,72.86,73.49,72.85,73.43,657781,0
2018-03-19,15:00:00,73.59,73.7284,73.07,73.45,64732,0
2018-03-19,16:00:00,73.45,73.71,73.22,73.28,187089,0
2018-03-19,17:00:00,73.25,73.25,72.91,73.04,81551,0
2018-03-19,18:00:00,73.06,73.15,72.91,72.93,61066,0
2018-03-19,19:00:00,72.95,73.05,72.48,72.77,101346,0
2018-03-19,20:00:00,72.84,72.95,72.45,72.54,93629,0
2018-03-19,21:00:00,72.54,72.71,72.34,72.65,336368,0
2018-03-20,15:00:00,72.96,73.31,72.66,73.08,104769,0
2018-03-20,16:00:00,73.04,73.55,72.95,73.395,97726,0
2018-03-20,17:00:00,73.41,73.5,73.21,73.325,72548,0
2018-03-20,18:00:00,73.32,73.85,73.3,73.7948,88114,0
2018-03-20,19:00:00,73.78,73.83,73.05,73.05,72624,0
2018-03-20,20:00:00,73.04,73.625,73.04,73.6,62954,0
2018-03-20,21:00:00,73.64,74,73.6,73.99,310704,0
2018-03-21,15:00:00,73.63,73.89,73.23,73.51,34956,0
2018-03-21,16:00:00,73.49,73.61,73.15,73.35,97621,0
2018-03-21,17:00:00,73.33,73.62,73.235,73.49,92851,0
2018-03-21,18:00:00,73.455,73.47,73.27,73.47,30969,0
2018-03-21,19:00:00,73.47,73.56,73.27,73.44,120657,0
2018-03-21,20:00:00,73.49,73.7248,72.605,73.06,223883,0
2018-03-21,21:00:00,73.05,73.51,72.94,73.02,293000,0
2018-03-22,15:00:00,72.44,73.69,72.29,73.43,73101,0
2018-03-22,16:00:00,73.43,73.67,73.09,73.24,95694,0
2018-03-22,17:00:00,73.24,73.35,72.86,73.06,213611,0
2018-03-22,18:00:00,73.05,73.13,72.85,73.08,67257,0
2018-03-22,19:00:00,73.05,73.08,72.68,72.75,277029,0
2018-03-22,20:00:00,72.735,72.97,72.601,72.83,190210,0
2018-03-22,21:00:00,72.81,72.85,71.94,72.05,372119,0
2018-03-23,15:00:00,72.63,73.45,72.46,73.41,87165,0
2018-03-23,16:00:00,73.48,74.07,73.26,74.04,158675,0
2018-03-23,17:00:00,74.04,74.57,73.55,73.67,170024,0
2018-03-23,18:00:00,73.7,73.89,73.11,73.195,140961,0
2018-03-23,19:00:00,73.195,73.41,73.16,73.29,78114,0
2018-03-23,20:00:00,73.29,73.94,73.29,73.77,153048,0
2018-03-23,21:00:00,73.77,73.83,72.4,72.52,409017,0
2018-03-26,16:00:00,73.01,73.01,71.62,72.7,168283,0
2018-03-26,17:00:00,72.71,73,72.35,72.8,164078,0
2018-03-26,18:00:00,72.82,73.13,72.55,73.12,51471,0
2018-03-26,19:00:00,73.14,73.24,72.78,72.78,38616,0
2018-03-26,20:00:00,72.8,72.97,72.78,72.97,61128,0
2018-03-26,21:00:00,72.98,73.09,72.89,72.9,51569,0
2018-03-26,22:00:00,72.9,73.21,72.9,73.19,368092,0
2018-03-27,16:00:00,73.66,73.66,72.9,73.2,52028,0
2018-03-27,17:00:00,73.185,73.54,73,73.0402,92261,0
2018-03-27,18:00:00,73.06,73.51,73.06,73.485,94628,0
2018-03-27,19:00:00,73.475,73.6099,73.35,73.45,41428,0
2018-03-27,20:00:00,73.41,73.53,73.07,73.19,83533,0
2018-03-27,21:00:00,73.185,73.24,72.61,72.665,135068,0
2018-03-27,22:00:00,72.64,72.88,72.38,72.61,214334,0
2018-03-28,16:00:00,72.97,72.97,72.4,72.88,41718,0
2018-03-28,17:00:00,72.88,73.14,72.77,72.92,97070,0
2018-03-28,18:00:00,72.93,73,72.51,72.565,99816,0
2018-03-28,19:00:00,72.59,73.16,72.55,73.03,122938,0
2018-03-28,20:00:00,73.015,73.38,72.93,73.26,62497,0
2018-03-28,21:00:00,73.29,73.54,73.06,73.17,53500,0
2018-03-28,22:00:00,73.16,73.3,73.02,73.06,192300,0
2018-03-29,16:00:00,73.37,74.04,73.37,73.51,21638,0
2018-03-29,17:00:00,73.56,73.67,73.34,73.5,53958,0
2018-03-29,18:00:00,73.56,73.65,73.31,73.41,64690,0
2018-03-29,19:00:00,73.42,73.89,73.32,73.59,98684,0
2018-03-29,20:00:00,73.59,74.78,73.59,74.52,123238,0
2018-03-29,21:00:00,74.51,74.54,74.04,74.08,66867,0
2018-03-29,22:00:00,74.06,74.24,73.78,73.94,259193,0
