Date,Time,Open,High,Low,Close,Volume,OpenInt
2017-09-05,16:00:00,27.17,27.18,27.11,27.14,20600,0
2017-09-05,17:00:00,27.15,27.15,27.09,27.09,7769,0
2017-09-05,18:00:00,27.09,27.12,27.06,27.12,4913,0
2017-09-05,19:00:00,27.12,27.13,27.12,27.13,803,0
2017-09-05,20:00:00,27.11,27.11,27.09,27.09,14895,0
2017-09-05,21:00:00,27.1,27.1,27.05,27.06,13175,0
2017-09-05,22:00:00,27.065,27.1,27,27.1,103620,0
2017-09-06,16:00:00,27.17,27.17,27.12,27.13,3175,0
2017-09-06,17:00:00,27.12,27.12,27.1101,27.12,7800,0
2017-09-06,18:00:00,27.12,27.14,27.11,27.115,10408,0
2017-09-06,19:00:00,27.12,27.14,27.12,27.14,3200,0
2017-09-06,20:00:00,27.14,27.14,27.12,27.14,15005,0
2017-09-06,21:00:00,27.14,27.14,27.1125,27.1125,13180,0
2017-09-06,22:00:00,27.12,27.15,27.1144,27.14,12790,0
2017-09-07,16:00:00,27.16,27.291,27.16,27.27,5024,0
2017-09-07,17:00:00,27.27,27.4101,27.27,27.35,19533,0
2017-09-07,18:00:00,27.35,27.35,27.26,27.3,11963,0
2017-09-07,19:00:00,27.3,27.31,27.29,27.295,36723,0
2017-09-07,20:00:00,27.295,27.3,27.295,27.3,13958,0
2017-09-07,21:00:00,27.3,27.305,27.275,27.28,55635,0
2017-09-07,22:00:00,27.28,27.3,27.27,27.28,71749,0
2017-09-08,16:00:00,27.31,27.5,27.31,27.47,28975,0
2017-09-08,17:00:00,27.4224,27.47,27.409,27.44,9073,0
2017-09-08,18:00:00,27.45,27.63,27.45,27.61,23518,0
2017-09-08,19:00:00,27.61,27.61,27.47,27.5,14011,0
2017-09-08,20:00:00,27.49,27.5,27.4786,27.4986,20164,0
2017-09-08,21:00:00,27.496,27.4999,27.46,27.48,8265,0
2017-09-08,22:00:00,27.4712,27.48,27.46,27.48,7522,0
2017-09-11,16:00:00,27.52,27.52,27.4242,27.51,1140,0
2017-09-11,17:00:00,27.499,27.59,27.47,27.5,3122,0
2017-09-11,18:00:00,27.4872,27.535,27.4872,27.535,2542,0
2017-09-11,19:00:00,27.51,27.62,27.51,27.57,2225,0
2017-09-11,20:00:00,27.58,27.58,27.55,27.55,6846,0
2017-09-11,21:00:00,27.55,27.62,27.54,27.55,9275,0
2017-09-11,22:00:00,27.54,27.6,27.5,27.5,9364,0
2017-09-12,16:00:00,27.56,27.56,27.56,27.56,400,0
2017-09-12,17:00:00,27.59,27.61,27.5682,27.58,7410,0
2017-09-12,18:00:00,27.5744,27.58,27.52,27.52,8247,0
2017-09-12,19:00:00,27.52,27.52,27.5,27.5,19711,0
2017-09-12,20:00:00,27.4907,27.5,27.41,27.5,38283,0
2017-09-12,21:00:00,27.5,27.5,27.49,27.5,4632,0
2017-09-12,22:00:00,27.5,27.51,27.49,27.51,15319,0
2017-09-13,16:00:00,27.5,27.5,27.49,27.5,8100,0
2017-09-13,17:00:00,27.48,27.7,27.4104,27.6,160358,0
2017-09-13,18:00:00,27.611,27.63,27.61,27.62,5002,0
2017-09-13,19:00:00,27.64,27.64,27.5638,27.579,4647,0
2017-09-13,20:00:00,27.579,27.579,27.5371,27.5371,4489,0
2017-09-13,21:00:00,27.5438,27.57,27.5401,27.5697,8974,0
2017-09-13,22:00:00,27.551,27.64,27.551,27.63,9493,0
2017-09-14,16:00:00,27.7,27.71,27.67,27.7,40213,0
2017-09-14,17:00:00,27.7,27.72,27.69,27.7,10959,0
2017-09-14,18:00:00,27.7,27.7,27.66,27.67,13975,0
2017-09-14,19:00:00,27.67,27.69,27.67,27.69,7999,0
2017-09-14,20:00:00,27.69,27.7,27.68,27.7,8742,0
2017-09-14,21:00:00,27.69,27.7,27.68,27.68,9919,0
2017-09-14,22:00:00,27.69,27.72,27.6369,27.72,39166,0
2017-09-15,16:00:00,27.71,27.71,27.71,27.71,169,0
2017-09-15,17:00:00,27.6899,27.69,27.68,27.69,339,0
2017-09-15,18:00:00,27.7,27.74,27.6995,27.73,4610,0
2017-09-15,19:00:00,27.73,27.73,27.72,27.73,7166,0
2017-09-15,20:00:00,27.7227,27.73,27.7,27.7,5043,0
2017-09-15,21:00:00,27.6962,27.72,27.6962,27.72,835,0
2017-09-15,22:00:00,27.73,27.73,27.723,27.73,6704,0
2017-09-18,16:00:00,27.67,27.67,27.63,27.64,8015,0
2017-09-18,17:00:00,27.67,27.8,27.65,27.77,141317,0
2017-09-18,18:00:00,27.76,27.79,27.75,27.79,13134,0
2017-09-18,19:00:00,27.79,27.79,27.75,27.7522,13806,0
2017-09-18,20:00:00,27.75,27.8,27.75,27.7809,10225,0
2017-09-18,21:00:00,27.76,27.7616,27.75,27.7501,13925,0
2017-09-18,22:00:00,27.75,27.76,27.73,27.75,11834,0
2017-09-19,16:00:00,27.71,27.72,27.71,27.72,2650,0
2017-09-19,17:00:00,27.72,27.73,27.68,27.71,12455,0
2017-09-19,18:00:00,27.71,27.73,27.7099,27.71,37433,0
2017-09-19,19:00:00,27.71,27.72,27.71,27.715,14721,0
2017-09-19,20:00:00,27.715,27.72,27.7031,27.72,12222,0
2017-09-19,21:00:00,27.72,27.8,27.7,27.73,888841,0
2017-09-19,22:00:00,27.73,27.79,27.72,27.73,33937,0
2017-09-20,16:00:00,27.7,27.7,27.6809,27.6809,1046,0
2017-09-20,17:00:00,27.75,27.75,27.69,27.7,1008,0
2017-09-20,18:00:00,27.711,27.789,27.711,27.77,4826,0
2017-09-20,19:00:00,27.75,27.79,27.75,27.75,11242,0
2017-09-20,20:00:00,27.7622,27.7766,27.7404,27.7766,1012,0
2017-09-20,21:00:00,27.7799,27.78,27.71,27.74,4427,0
2017-09-20,22:00:00,27.74,27.74,27.71,27.71,2621,0
2017-09-21,16:00:00,27.71,27.75,27.71,27.75,2511,0
2017-09-21,17:00:00,27.74,27.77,27.69,27.72,22886,0
2017-09-21,18:00:00,27.73,27.74,27.73,27.74,283,0
2017-09-21,19:00:00,27.76,27.76,27.7369,27.7599,2339,0
2017-09-21,20:00:00,27.75,27.7535,27.73,27.7468,3248,0
2017-09-21,21:00:00,27.766,27.77,27.66,27.7546,87379,0
2017-09-21,22:00:00,27.7699,27.79,27.7562,27.79,7567,0
2017-09-22,16:00:00,27.79,27.79,27.74,27.78,1125,0
2017-09-22,17:00:00,27.78,27.79,27.77,27.77,5379,0
2017-09-22,18:00:00,27.78,27.78,27.755,27.77,4046,0
2017-09-22,19:00:00,27.77,27.77,27.75,27.75,1908,0
2017-09-22,20:00:00,27.77,27.77,27.7631,27.77,4250,0
2017-09-22,21:00:00,27.77,27.78,27.7642,27.78,2036,0
2017-09-22,22:00:00,27.78,27.78,27.745,27.78,11493,0
2017-09-25,16:00:00,27.74,27.7651,27.71,27.7123,5402,0
2017-09-25,17:00:00,27.71,27.722,27.71,27.722,6847,0
2017-09-25,18:00:00,27.73,27.73,27.71,27.7157,4656,0
2017-09-25,19:00:00,27.71,27.71,27.69,27.69,1420,0
2017-09-25,20:00:00,27.6667,27.67,27.62,27.649,11519,0
2017-09-25,21:00:00,27.65,27.67,27.63,27.65,8199,0
2017-09-25,22:00:00,27.6472,27.67,27.6472,27.6621,2501,0
2017-09-26,16:00:00,27.65,27.65,27.51,27.56,12773,0
2017-09-26,17:00:00,27.6,27.64,27.6,27.63,4108,0
2017-09-26,18:00:00,27.6399,27.6399,27.6,27.6,9000,0
2017-09-26,19:00:00,27.6,27.618,27.6,27.618,7507,0
2017-09-26,20:00:00,27.63,27.6643,27.63,27.64,2127,0
2017-09-26,21:00:00,27.64,27.65,27.62,27.65,6849,0
2017-09-26,22:00:00,27.65,27.68,27.64,27.64,10148,0
2017-09-27,16:00:00,27.58,27.6,27.55,27.5999,4519,0
2017-09-27,17:00:00,27.6,27.6,27.55,27.59,14232,0
2017-09-27,18:00:00,27.59,27.6,27.58,27.59,6245,0
2017-09-27,19:00:00,27.6,27.64,27.6,27.6208,6698,0
2017-09-27,20:00:00,27.611,27.64,27.61,27.61,3636,0
2017-09-27,21:00:00,27.61,27.65,27.61,27.64,5099,0
2017-09-27,22:00:00,27.64,27.65,27.64,27.64,8117,0
2017-09-28,16:00:00,27.61,27.6134,27.6,27.6134,1859,0
2017-09-28,17:00:00,27.6193,27.6398,27.6,27.6,1923,0
2017-09-28,18:00:00,27.61,27.62,27.59,27.62,3600,0
2017-09-28,19:00:00,27.63,27.65,27.6172,27.65,16730,0
2017-09-28,20:00:00,27.65,27.65,27.6462,27.65,5772,0
2017-09-28,21:00:00,27.65,27.65,27.63,27.63,3536,0
2017-09-28,22:00:00,27.62,27.63,27.58,27.62,13384,0
2017-09-29,16:00:00,27.63,27.65,27.58,27.58,12143,0
2017-09-29,17:00:00,27.61,27.75,27.61,27.74,5299,0
2017-09-29,18:00:00,27.73,27.73,27.706,27.72,2912,0
2017-09-29,19:00:00,27.73,27.75,27.66,27.699,14514,0
2017-09-29,20:00:00,27.7,27.72,27.68,27.6976,6918,0
2017-09-29,21:00:00,27.72,27.72,27.71,27.72,1090,0
2017-09-29,22:00:00,27.72,27.78,27.72,27.78,20717,0
2017-10-02,16:00:00,27.74,27.74,27.74,27.74,325,0
2017-10-02,17:00:00,27.71,27.75,27.71,27.75,900,0
2017-10-02,18:00:00,27.75,27.75,27.7411,27.7498,1467,0
2017-10-02,19:00:00,27.75,27.75,27.66,27.6956,8455,0
2017-10-02,20:00:00,27.67,27.69,27.67,27.679,1898,0
2017-10-02,21:00:00,27.67,27.67,27.66,27.6653,2097,0
2017-10-02,22:00:00,27.66,27.67,27.58,27.58,17835,0
2017-10-03,16:00:00,27.58,27.63,27.58,27.61,4215,0
2017-10-03,17:00:00,27.67,27.71,27.64,27.67,5427,0
2017-10-03,18:00:00,27.66,27.67,27.615,27.64,2808,0
2017-10-03,19:00:00,27.61,27.64,27.61,27.64,3390,0
2017-10-03,20:00:00,27.64,27.64,27.633,27.64,1542,0
2017-10-03,21:00:00,27.6399,27.64,27.63,27.6399,7603,0
2017-10-03,22:00:00,27.64,27.64,27.59,27.59,8353,0
2017-10-04,16:00:00,27.52,27.6,27.52,27.6,8515,0
2017-10-04,17:00:00,27.5838,27.65,27.55,27.65,5206,0
2017-10-04,18:00:00,27.65,27.69,27.65,27.67,2426,0
2017-10-04,19:00:00,27.64,27.67,27.6,27.6,2099,0
2017-10-04,20:00:00,27.57,27.6522,27.57,27.65,3015,0
2017-10-04,21:00:00,27.65,27.665,27.64,27.65,9122,0
2017-10-04,22:00:00,27.65,27.65,27.6,27.63,16778,0
2017-10-05,16:00:00,27.64,27.7007,27.64,27.64,407,0
2017-10-05,17:00:00,27.6704,27.68,27.6704,27.68,414,0
2017-10-05,18:00:00,27.6641,27.68,27.65,27.6659,3426,0
2017-10-05,19:00:00,27.67,27.68,27.6689,27.68,1915,0
2017-10-05,20:00:00,27.6765,27.68,27.66,27.66,4100,0
2017-10-05,21:00:00,27.65,27.65,27.56,27.56,14389,0
2017-10-05,22:00:00,27.565,27.67,27.52,27.67,37696,0
2017-10-06,16:00:00,27.64,27.68,27.53,27.56,7723,0
2017-10-06,17:00:00,27.574,27.67,27.56,27.67,19067,0
2017-10-06,18:00:00,27.68,27.72,27.61,27.65,250708,0
2017-10-06,19:00:00,27.68,27.69,27.66,27.68,7408,0
2017-10-06,20:00:00,27.645,27.7,27.64,27.7,6907,0
2017-10-06,21:00:00,27.7,27.7,27.63,27.68,16764,0
2017-10-06,22:00:00,27.67,27.76,27.66,27.75,28828,0
2017-10-09,16:00:00,27.71,27.71,27.68,27.68,1360,0
2017-10-09,17:00:00,27.64,27.64,27.58,27.59,7927,0
2017-10-09,18:00:00,27.6,27.67,27.6,27.62,5456,0
2017-10-09,19:00:00,27.6,27.65,27.6,27.65,4152,0
2017-10-09,20:00:00,27.65,27.71,27.65,27.6783,8224,0
2017-10-09,21:00:00,27.6902,27.7,27.64,27.64,2185,0
2017-10-09,22:00:00,27.66,27.66,27.56,27.56,18407,0
2017-10-10,16:00:00,27.6,27.633,27.6,27.633,474,0
2017-10-10,17:00:00,27.635,27.65,27.62,27.625,4987,0
2017-10-10,18:00:00,27.625,27.63,27.62,27.63,5085,0
2017-10-10,19:00:00,27.62,27.63,27.605,27.605,5449,0
2017-10-10,20:00:00,27.6012,27.61,27.6012,27.605,13118,0
2017-10-10,21:00:00,27.6076,27.62,27.6023,27.62,10573,0
2017-10-10,22:00:00,27.62,27.62,27.54,27.62,8017,0
2017-10-11,16:00:00,27.6,27.64,27.6,27.64,1443,0
2017-10-11,17:00:00,27.64,27.65,27.64,27.6474,6603,0
2017-10-11,18:00:00,27.65,27.65,27.65,27.65,2232,0
2017-10-11,19:00:00,27.645,27.65,27.64,27.65,4083,0
2017-10-11,20:00:00,27.64,27.64,27.6,27.6,5085,0
2017-10-11,21:00:00,27.6,27.61,27.58,27.5963,3719,0
2017-10-11,22:00:00,27.58,27.61,27.58,27.58,12245,0
2017-10-12,16:00:00,27.55,27.56,27.53,27.56,5079,0
2017-10-12,17:00:00,27.55,27.6,27.55,27.6,17548,0
2017-10-12,18:00:00,27.59,27.6,27.585,27.59,8682,0
2017-10-12,19:00:00,27.59,27.63,27.59,27.63,11015,0
2017-10-12,20:00:00,27.63,27.66,27.63,27.66,1643,0
2017-10-12,21:00:00,27.65,27.65,27.622,27.6339,7556,0
2017-10-12,22:00:00,27.64,27.6466,27.6,27.6,7935,0
2017-10-13,16:00:00,27.65,27.68,27.65,27.68,2128,0
2017-10-13,17:00:00,27.65,27.67,27.645,27.65,4750,0
2017-10-13,18:00:00,27.64,27.65,27.6275,27.64,4946,0
2017-10-13,19:00:00,27.62,27.62,27.5,27.53,16001,0
2017-10-13,20:00:00,27.5353,27.547,27.525,27.54,6677,0
2017-10-13,21:00:00,27.55,27.57,27.55,27.57,46032,0
2017-10-13,22:00:00,27.54,27.58,27.54,27.56,3878,0
2017-10-16,16:00:00,27.55,27.6,27.55,27.55,6100,0
2017-10-16,17:00:00,27.5548,27.56,27.52,27.52,7720,0
2017-10-16,18:00:00,27.549,27.55,27.53,27.54,10298,0
2017-10-16,19:00:00,27.53,27.58,27.53,27.57,9300,0
2017-10-16,20:00:00,27.56,27.57,27.52,27.522,23749,0
2017-10-16,21:00:00,27.55,27.55,27.53,27.5499,16283,0
2017-10-16,22:00:00,27.5699,27.5699,27.52,27.52,4230,0
2017-10-17,16:00:00,27.52,27.55,27.52,27.55,4802,0
2017-10-17,17:00:00,27.54,27.59,27.54,27.5757,5978,0
2017-10-17,18:00:00,27.5492,27.55,27.54,27.55,5721,0
2017-10-17,19:00:00,27.55,27.55,27.405,27.4192,45733,0
2017-10-17,20:00:00,27.44,27.4746,27.39,27.4151,30566,0
2017-10-17,21:00:00,27.395,27.58,27.3947,27.55,30162,0
2017-10-17,22:00:00,27.55,27.55,27.46,27.53,23663,0
2017-10-18,16:00:00,27.55,27.61,27.55,27.58,13394,0
2017-10-18,17:00:00,27.58,27.62,27.58,27.59,8641,0
2017-10-18,18:00:00,27.61,27.67,27.601,27.64,7848,0
2017-10-18,19:00:00,27.65,27.67,27.61,27.645,2347,0
2017-10-18,20:00:00,27.65,27.73,27.64,27.69,23367,0
2017-10-18,21:00:00,27.69,27.73,27.65,27.65,8707,0
2017-10-18,22:00:00,27.65,27.68,27.57,27.58,52363,0
2017-10-19,16:00:00,27.6,27.68,27.5501,27.58,13092,0
2017-10-19,17:00:00,27.61,27.63,27.57,27.595,3670,0
2017-10-19,18:00:00,27.58,27.61,27.56,27.6,8257,0
2017-10-19,19:00:00,27.59,27.62,27.59,27.61,2172,0
2017-10-19,20:00:00,27.6,27.6,27.56,27.585,6326,0
2017-10-19,21:00:00,27.5862,27.67,27.5862,27.65,15251,0
2017-10-19,22:00:00,27.64,27.66,27.6,27.6,13574,0
2017-10-20,16:00:00,27.6,27.625,27.56,27.59,5905,0
2017-10-20,17:00:00,27.5601,27.57,27.52,27.55,8440,0
2017-10-20,18:00:00,27.53,27.62,27.53,27.58,9094,0
2017-10-20,19:00:00,27.6,27.62,27.58,27.6,5072,0
2017-10-20,20:00:00,27.59,27.61,27.58,27.58,4731,0
2017-10-20,21:00:00,27.58,27.62,27.58,27.6101,10381,0
2017-10-20,22:00:00,27.61,27.7,27.535,27.7,85051,0
2017-10-23,16:00:00,27.63,27.6899,27.63,27.6693,2055,0
2017-10-23,17:00:00,27.635,27.64,27.61,27.64,304,0
2017-10-23,18:00:00,27.645,27.68,27.63,27.65,3668,0
2017-10-23,19:00:00,27.6674,27.67,27.65,27.65,463,0
2017-10-23,20:00:00,27.661,27.661,27.65,27.65,5000,0
2017-10-23,21:00:00,27.6401,27.66,27.63,27.631,4530,0
2017-10-23,22:00:00,27.65,27.7,27.65,27.7,4058,0
2017-10-24,16:00:00,27.7,27.7,27.65,27.65,5480,0
2017-10-24,17:00:00,27.65,27.684,27.6,27.6,18548,0
2017-10-24,18:00:00,27.61,27.61,27.58,27.59,10342,0
2017-10-24,19:00:00,27.6054,27.61,27.58,27.58,6266,0
2017-10-24,20:00:00,27.58,27.59,27.56,27.58,10666,0
2017-10-24,21:00:00,27.57,27.6151,27.54,27.55,8589,0
2017-10-24,22:00:00,27.55,27.63,27.53,27.56,19729,0
2017-10-25,16:00:00,27.56,27.58,27.53,27.56,3255,0
2017-10-25,17:00:00,27.54,27.57,27.54,27.57,3156,0
2017-10-25,18:00:00,27.56,27.58,27.56,27.58,5891,0
2017-10-25,19:00:00,27.58,27.58,27.55,27.55,2461,0
2017-10-25,20:00:00,27.565,27.67,27.55,27.61,8402,0
2017-10-25,21:00:00,27.61,27.6199,27.55,27.55,6538,0
2017-10-25,22:00:00,27.55,27.58,27.51,27.51,10506,0
2017-10-26,16:00:00,27.05,27.1,27.032,27.05,11926,0
2017-10-26,17:00:00,27.06,27.06,27,27.025,14829,0
2017-10-26,18:00:00,27.025,27.17,27.02,27.07,46886,0
2017-10-26,19:00:00,27.06,27.14,27.03,27.1051,11405,0
2017-10-26,20:00:00,27.115,27.14,27.1,27.13,8324,0
2017-10-26,21:00:00,27.12,27.14,27.12,27.13,4213,0
2017-10-26,22:00:00,27.13,27.14,27.055,27.12,6993,0
2017-10-27,16:00:00,27.21,27.21,27.19,27.19,4749,0
2017-10-27,17:00:00,27.2,27.29,27.2,27.27,8212,0
2017-10-27,18:00:00,27.29,27.29,27.25,27.25,7735,0
2017-10-27,19:00:00,27.25,27.26,27.24,27.24,3308,0
2017-10-27,20:00:00,27.24,27.2503,27.24,27.24,6273,0
2017-10-27,21:00:00,27.24,27.25,27.22,27.22,13917,0
2017-10-27,22:00:00,27.22,27.23,27.11,27.13,23586,0
2017-10-30,15:00:00,27.1794,27.1794,27.11,27.11,3722,0
2017-10-30,16:00:00,27.11,27.11,27.06,27.0867,9966,0
2017-10-30,17:00:00,27.075,27.08,27.07,27.07,6859,0
2017-10-30,18:00:00,27.07,27.09,27.01,27.01,23175,0
2017-10-30,19:00:00,27.01,27.06,26.95,26.97,170015,0
2017-10-30,20:00:00,27.015,27.1,26.965,27.085,32956,0
2017-10-30,21:00:00,27.085,27.27,27.06,27.15,290564,0
2017-10-31,15:00:00,27.12,27.15,27.07,27.12,63085,0
2017-10-31,16:00:00,27.12,27.19,27.12,27.1402,6319,0
2017-10-31,17:00:00,27.14,27.16,27.14,27.16,7695,0
2017-10-31,18:00:00,27.16,27.19,27.16,27.18,6046,0
2017-10-31,19:00:00,27.18,27.27,27.18,27.261,12623,0
2017-10-31,20:00:00,27.29,27.3,27.1812,27.2598,18274,0
2017-10-31,21:00:00,27.25,27.26,27.19,27.22,39959,0
2017-11-01,15:00:00,27.29,27.37,27.28,27.3306,16662,0
2017-11-01,16:00:00,27.32,27.33,27.3,27.3,5393,0
2017-11-01,17:00:00,27.3,27.3,27.26,27.28,4892,0
2017-11-01,18:00:00,27.29,27.3276,27.275,27.28,120583,0
2017-11-01,19:00:00,27.2899,27.3225,27.28,27.3225,6594,0
2017-11-01,20:00:00,27.28,27.3412,27.28,27.29,4864,0
2017-11-01,21:00:00,27.26,27.31,27.25,27.28,22551,0
2017-11-02,15:00:00,27.3,27.348,27.3,27.34,2209,0
2017-11-02,16:00:00,27.35,27.36,27.34,27.36,5477,0
2017-11-02,17:00:00,27.3659,27.4152,27.36,27.4152,6382,0
2017-11-02,18:00:00,27.415,27.4162,27.395,27.395,5123,0
2017-11-02,19:00:00,27.3926,27.4,27.38,27.39,10999,0
2017-11-02,20:00:00,27.385,27.39,27.35,27.353,20679,0
2017-11-02,21:00:00,27.3585,27.41,27.35,27.39,69760,0
2017-11-03,15:00:00,27.35,27.39,27.35,27.389,1149,0
2017-11-03,16:00:00,27.358,27.36,27.33,27.34,5715,0
2017-11-03,17:00:00,27.3456,27.35,27.345,27.345,3399,0
2017-11-03,18:00:00,27.345,27.37,27.345,27.37,15196,0
2017-11-03,19:00:00,27.39,27.39,27.3837,27.3842,906,0
2017-11-03,20:00:00,27.39,27.4,27.3868,27.4,3421,0
2017-11-03,21:00:00,27.39,27.4,27.35,27.38,4316,0
2017-11-06,16:00:00,27.32,27.44,27.32,27.3826,11295,0
2017-11-06,17:00:00,27.4399,27.4399,27.33,27.38,10627,0
2017-11-06,18:00:00,27.39,27.4399,27.38,27.38,13717,0
2017-11-06,19:00:00,27.38,27.39,27.38,27.3858,8397,0
2017-11-06,20:00:00,27.38,27.39,27.38,27.39,2502,0
2017-11-06,21:00:00,27.39,27.39,27.38,27.3867,3228,0
2017-11-06,22:00:00,27.384,27.39,27.38,27.39,9755,0
2017-11-07,16:00:00,27.43,27.43,27.38,27.38,3300,0
2017-11-07,17:00:00,27.38,27.39,27.38,27.39,4606,0
2017-11-07,19:00:00,27.37,27.4,27.365,27.4,10472,0
2017-11-07,20:00:00,27.39,27.41,27.38,27.4001,52244,0
2017-11-07,21:00:00,27.385,27.41,27.37,27.41,7419,0
2017-11-07,22:00:00,27.41,27.43,27.41,27.415,5413,0
2017-11-08,16:00:00,27.36,27.36,27.36,27.36,1139,0
2017-11-08,17:00:00,27.3743,27.47,27.36,27.47,9845,0
2017-11-08,18:00:00,27.47,27.52,27.45,27.52,27438,0
2017-11-08,19:00:00,27.52,27.52,27.51,27.51,12225,0
2017-11-08,20:00:00,27.5101,27.52,27.5,27.5,6744,0
2017-11-08,21:00:00,27.452,27.5,27.452,27.4999,7621,0
2017-11-08,22:00:00,27.5,27.5,27.48,27.5,2314,0
2017-11-09,16:00:00,27.39,27.5,27.39,27.41,3686,0
2017-11-09,17:00:00,27.4218,27.46,27.41,27.46,10666,0
2017-11-09,18:00:00,27.4751,27.4751,27.43,27.44,7006,0
2017-11-09,19:00:00,27.44,27.44,27.38,27.39,2981,0
2017-11-09,20:00:00,27.39,27.4287,27.389,27.4287,2495,0
2017-11-09,21:00:00,27.4047,27.4368,27.4047,27.42,2488,0
2017-11-09,22:00:00,27.4262,27.44,27.4,27.41,16462,0
2017-11-10,16:00:00,27.42,27.42,27.38,27.38,2510,0
2017-11-10,17:00:00,27.37,27.39,27.344,27.36,16510,0
2017-11-10,18:00:00,27.39,27.4,27.3863,27.399,2527,0
2017-11-10,19:00:00,27.4,27.41,27.3607,27.4,7138,0
2017-11-10,20:00:00,27.39,27.4,27.26,27.33,16090,0
2017-11-10,21:00:00,27.34,27.3655,27.3308,27.3641,7025,0
2017-11-10,22:00:00,27.37,27.39,27.3605,27.388,3120,0
2017-11-13,16:00:00,27.31,27.39,27.31,27.351,5491,0
2017-11-13,17:00:00,27.35,27.4,27.34,27.39,14838,0
2017-11-13,18:00:00,27.41,27.42,27.4,27.42,7140,0
2017-11-13,19:00:00,27.41,27.46,27.41,27.43,1357,0
2017-11-13,20:00:00,27.421,27.424,27.421,27.424,2500,0
2017-11-13,21:00:00,27.4436,27.49,27.44,27.49,1605,0
2017-11-13,22:00:00,27.475,27.48,27.47,27.48,1691,0
2017-11-14,16:00:00,27.4,27.45,27.4,27.4292,7650,0
2017-11-14,17:00:00,27.425,27.43,27.32,27.35,10277,0
2017-11-14,18:00:00,27.35,27.41,27.34,27.35,9065,0
2017-11-14,19:00:00,27.35,27.36,27.3446,27.36,3959,0
2017-11-14,20:00:00,27.355,27.39,27.35,27.36,2681,0
2017-11-14,21:00:00,27.36,27.39,27.3577,27.39,5238,0
2017-11-14,22:00:00,27.38,27.38,27.37,27.37,1448,0
2017-11-15,16:00:00,27.39,27.39,27.3191,27.3191,4356,0
2017-11-15,17:00:00,27.32,27.39,27.29,27.29,18439,0
2017-11-15,18:00:00,27.36,27.42,27.33,27.4,6360,0
2017-11-15,19:00:00,27.4187,27.43,27.4,27.43,3510,0
2017-11-15,20:00:00,27.43,27.45,27.34,27.42,8575,0
2017-11-15,21:00:00,27.41,27.43,27.32,27.43,4469,0
2017-11-15,22:00:00,27.402,27.4143,27.4,27.41,2432,0
2017-11-16,16:00:00,27.43,27.43,27.3871,27.39,1372,0
2017-11-16,17:00:00,27.3766,27.43,27.37,27.43,11133,0
2017-11-16,18:00:00,27.45,27.45,27.443,27.45,2676,0
2017-11-16,19:00:00,27.47,27.5052,27.463,27.5052,5206,0
2017-11-16,20:00:00,27.5,27.52,27.47,27.5,4726,0
2017-11-16,21:00:00,27.473,27.54,27.46,27.54,6456,0
2017-11-16,22:00:00,27.51,27.51,27.49,27.49,1048,0
2017-11-17,16:00:00,27.4,27.48,27.4,27.44,2466,0
2017-11-17,17:00:00,27.4432,27.4499,27.3616,27.3616,2200,0
2017-11-17,18:00:00,27.37,27.49,27.37,27.49,8609,0
2017-11-17,19:00:00,27.4972,27.5,27.4773,27.4799,3359,0
2017-11-17,20:00:00,27.48,27.49,27.4772,27.49,4367,0
2017-11-17,21:00:00,27.4899,27.54,27.4772,27.48,12859,0
2017-11-17,22:00:00,27.4792,27.4999,27.36,27.4,10823,0
2017-11-20,16:00:00,27.55,27.575,27.519,27.55,8607,0
2017-11-20,17:00:00,27.55,27.58,27.55,27.565,10675,0
2017-11-20,18:00:00,27.565,27.57,27.52,27.56,11218,0
2017-11-20,19:00:00,27.5303,27.57,27.5303,27.55,11986,0
2017-11-20,20:00:00,27.55,27.6,27.55,27.585,7344,0
2017-11-20,21:00:00,27.585,27.75,27.585,27.64,17410,0
2017-11-20,22:00:00,27.67,27.73,27.58,27.6,13318,0
2017-11-21,16:00:00,27.52,27.64,27.52,27.64,4739,0
2017-11-21,17:00:00,27.65,27.67,27.54,27.55,7436,0
2017-11-21,18:00:00,27.6,27.67,27.59,27.59,6400,0
2017-11-21,19:00:00,27.66,27.67,27.54,27.55,4413,0
2017-11-21,20:00:00,27.555,27.56,27.54,27.54,4584,0
2017-11-21,21:00:00,27.55,27.6,27.54,27.56,6849,0
2017-11-21,22:00:00,27.54,27.6099,27.52,27.52,5056,0
2017-11-22,16:00:00,27.62,27.7,27.59,27.7,16518,0
2017-11-22,17:00:00,27.672,27.7,27.64,27.69,2159,0
2017-11-22,18:00:00,27.66,27.67,27.63,27.66,5350,0
2017-11-22,19:00:00,27.65,27.7,27.6342,27.67,7026,0
2017-11-22,20:00:00,27.7,27.7,27.67,27.67,2340,0
2017-11-22,21:00:00,27.69,27.74,27.67,27.74,9129,0
2017-11-22,22:00:00,27.67,27.74,27.67,27.67,8428,0
2017-11-24,16:00:00,27.65,27.65,27.61,27.6104,4428,0
2017-11-24,17:00:00,27.64,27.65,27.62,27.6405,15852,0
2017-11-24,18:00:00,27.6415,27.65,27.63,27.6499,3311,0
2017-11-24,19:00:00,27.6467,27.65,27.64,27.64,2073,0
2017-11-27,16:00:00,27.58,27.6497,27.58,27.599,1984,0
2017-11-27,17:00:00,27.71,27.71,27.7,27.71,23847,0
2017-11-27,18:00:00,27.71,27.71,27.69,27.69,10864,0
2017-11-27,19:00:00,27.69,27.71,27.64,27.69,16626,0
2017-11-27,20:00:00,27.69,27.69,27.69,27.69,7491,0
2017-11-27,21:00:00,27.6899,27.69,27.58,27.65,7835,0
2017-11-27,22:00:00,27.62,27.65,27.58,27.6,12886,0
2017-11-28,16:00:00,27.56,27.69,27.56,27.56,5217,0
2017-11-28,17:00:00,27.55,27.6,27.55,27.5701,14050,0
2017-11-28,18:00:00,27.579,27.61,27.57,27.6,5195,0
2017-11-28,19:00:00,27.595,27.595,27.51,27.53,12551,0
2017-11-28,20:00:00,27.52,27.54,27.365,27.4,12513,0
2017-11-28,21:00:00,27.39,27.5,27.365,27.48,18080,0
2017-11-28,22:00:00,27.48,27.6,27.48,27.48,43103,0
2017-11-29,16:00:00,27.6,27.6,27.3,27.38,24020,0
2017-11-29,17:00:00,27.345,27.38,27.3,27.3,85371,0
2017-11-29,18:00:00,27.3,27.35,27.3,27.3,33354,0
2017-11-29,19:00:00,27.3,27.48,27.3,27.45,33550,0
2017-11-29,20:00:00,27.45,27.48,27.415,27.45,13831,0
2017-11-29,21:00:00,27.45,27.46,27.4,27.4,22646,0
2017-11-29,22:00:00,27.4,27.48,27.4,27.42,22235,0
2017-11-30,16:00:00,27.4699,27.47,27.32,27.37,11100,0
2017-11-30,17:00:00,27.37,27.47,27.32,27.45,10852,0
2017-11-30,18:00:00,27.45,27.46,27.44,27.46,8431,0
2017-11-30,19:00:00,27.45,27.4612,27.33,27.33,20085,0
2017-11-30,20:00:00,27.36,27.36,27.3,27.3,28115,0
2017-11-30,21:00:00,27.3,27.38,27.3,27.31,19211,0
2017-11-30,22:00:00,27.31,27.42,27.22,27.42,118151,0
2017-12-01,17:00:00,27.4398,27.47,27.4298,27.47,9412,0
2017-12-01,18:00:00,27.45,27.471,27.41,27.4499,7332,0
2017-12-01,19:00:00,27.46,27.48,27.43,27.45,6937,0
2017-12-01,20:00:00,27.48,27.6,27.3,27.445,37513,0
2017-12-01,21:00:00,27.36,27.4918,27.36,27.48,6246,0
2017-12-01,22:00:00,27.425,27.59,27.425,27.58,11624,0
2017-12-04,16:00:00,27.66,27.66,27.6,27.6,4250,0
2017-12-04,17:00:00,27.6,27.61,27.58,27.59,4174,0
2017-12-04,18:00:00,27.5597,27.6,27.55,27.5887,3034,0
2017-12-04,19:00:00,27.58,27.67,27.58,27.6,9452,0
2017-12-04,20:00:00,27.6,27.6114,27.5899,27.5899,4830,0
2017-12-04,21:00:00,27.58,27.61,27.5547,27.6,4535,0
2017-12-04,22:00:00,27.5979,27.6,27.5,27.58,74096,0
2017-12-05,16:00:00,27.62,27.62,27.5,27.54,2010,0
2017-12-05,17:00:00,27.54,27.5517,27.5,27.5398,4580,0
2017-12-05,18:00:00,27.5926,27.5926,27.49,27.49,2505,0
2017-12-05,19:00:00,27.49,27.5,27.49,27.5,912,0
2017-12-05,20:00:00,27.49,27.5,27.49,27.495,11491,0
2017-12-05,21:00:00,27.4943,27.4964,27.45,27.45,8021,0
2017-12-05,22:00:00,27.455,27.4799,27.45,27.45,5668,0
2017-12-06,16:00:00,27.45,27.51,27.45,27.49,1444,0
2017-12-06,17:00:00,27.4901,27.52,27.4901,27.5,3294,0
2017-12-06,18:00:00,27.4992,27.5,27.46,27.47,62114,0
2017-12-06,19:00:00,27.47,27.48,27.47,27.48,375,0
2017-12-06,20:00:00,27.48,27.49,27.48,27.4866,3276,0
2017-12-06,21:00:00,27.4829,27.6,27.48,27.56,11904,0
2017-12-06,22:00:00,27.5291,27.5699,27.5,27.53,14628,0
2017-12-07,16:00:00,27.59,27.6124,27.581,27.6124,1462,0
2017-12-07,17:00:00,27.6453,27.6498,27.6,27.63,1823,0
2017-12-07,18:00:00,27.62,27.63,27.58,27.58,8695,0
2017-12-07,19:00:00,27.5961,27.6,27.55,27.6,17421,0
2017-12-07,20:00:00,27.599,27.6,27.5952,27.6,4995,0
2017-12-07,21:00:00,27.6,27.6,27.59,27.6,9453,0
2017-12-07,22:00:00,27.6,27.62,27.5999,27.62,10206,0
2017-12-08,16:00:00,27.55,27.61,27.55,27.6024,1440,0
2017-12-08,17:00:00,27.61,27.62,27.59,27.61,6575,0
2017-12-08,18:00:00,27.62,27.71,27.62,27.7069,6501,0
2017-12-08,19:00:00,27.71,27.73,27.71,27.73,2585,0
2017-12-08,20:00:00,27.73,27.74,27.72,27.72,7386,0
2017-12-08,21:00:00,27.72,27.73,27.6848,27.69,6171,0
2017-12-08,22:00:00,27.685,27.685,27.6,27.61,33172,0
2017-12-11,16:00:00,27.52,27.6101,27.52,27.6101,1392,0
2017-12-11,17:00:00,27.62,27.6345,27.6,27.62,45894,0
2017-12-11,18:00:00,27.61,27.61,27.58,27.58,2927,0
2017-12-11,19:00:00,27.55,27.58,27.54,27.5481,5201,0
2017-12-11,20:00:00,27.54,27.57,27.54,27.565,2327,0
2017-12-11,21:00:00,27.5798,27.6049,27.5303,27.5992,2964,0
2017-12-11,22:00:00,27.5803,27.63,27.55,27.5801,14649,0
2017-12-12,16:00:00,27.58,27.58,27.5635,27.5635,2001,0
2017-12-12,17:00:00,27.5401,27.56,27.54,27.56,1300,0
2017-12-12,18:00:00,27.55,27.5591,27.55,27.5528,1047,0
2017-12-12,19:00:00,27.5468,27.58,27.5468,27.5585,2872,0
2017-12-12,20:00:00,27.54,27.55,27.54,27.54,6584,0
2017-12-12,21:00:00,27.5404,27.55,27.5,27.54,11509,0
2017-12-12,22:00:00,27.54,27.63,27.51,27.63,8500,0
2017-12-13,16:00:00,27.63,27.63,27.63,27.63,1100,0
2017-12-13,17:00:00,27.5664,27.6199,27.5652,27.5652,3303,0
2017-12-13,18:00:00,27.5534,27.555,27.51,27.5215,2758,0
2017-12-13,19:00:00,27.5187,27.52,27.51,27.51,4877,0
2017-12-13,20:00:00,27.509,27.51,27.4301,27.5001,24927,0
2017-12-13,21:00:00,27.5,27.51,27.48,27.51,11301,0
2017-12-13,22:00:00,27.51,27.51,27.4962,27.51,9982,0
2017-12-14,16:00:00,27.41,27.5,27.41,27.5,22916,0
2017-12-14,17:00:00,27.5,27.51,27.48,27.5,7536,0
2017-12-14,18:00:00,27.51,27.54,27.49,27.54,7460,0
2017-12-14,19:00:00,27.54,27.5402,27.51,27.515,6999,0
2017-12-14,20:00:00,27.5133,27.5157,27.51,27.515,1838,0
2017-12-14,21:00:00,27.5173,27.5184,27.51,27.515,5649,0
2017-12-14,22:00:00,27.515,27.515,27.47,27.47,11086,0
2017-12-15,16:00:00,27.58,27.58,27.54,27.56,2906,0
2017-12-15,17:00:00,27.5488,27.56,27.511,27.52,7000,0
2017-12-15,18:00:00,27.54,27.59,27.54,27.55,5200,0
2017-12-15,19:00:00,27.5669,27.5669,27.52,27.53,1548,0
2017-12-15,20:00:00,27.5185,27.59,27.51,27.59,5678,0
2017-12-15,21:00:00,27.59,27.59,27.45,27.5232,26582,0
2017-12-15,22:00:00,27.5356,27.5356,27.44,27.45,33070,0
2017-12-18,16:00:00,27.44,27.54,27.44,27.5,6305,0
2017-12-18,17:00:00,27.5,27.58,27.48,27.55,21001,0
2017-12-18,18:00:00,27.56,27.59,27.56,27.59,2927,0
2017-12-18,19:00:00,27.59,27.59,27.58,27.59,2500,0
2017-12-18,20:00:00,27.59,27.59,27.58,27.59,4000,0
2017-12-18,21:00:00,27.59,27.59,27.58,27.59,4173,0
2017-12-18,22:00:00,27.59,27.6,27.581,27.6,3449,0
2017-12-19,16:00:00,27.63,27.6444,27.57,27.57,11429,0
2017-12-19,17:00:00,27.58,27.58,27.48,27.5,13513,0
2017-12-19,18:00:00,27.5,27.51,27.455,27.4601,28245,0
2017-12-19,19:00:00,27.4699,27.5,27.46,27.5,9927,0
2017-12-19,20:00:00,27.5063,27.5063,27.475,27.5,2197,0
2017-12-19,21:00:00,27.465,27.47,27.4545,27.46,3157,0
2017-12-19,22:00:00,27.47,27.48,27.45,27.45,9440,0
2017-12-20,16:00:00,27.46,27.53,27.46,27.51,5000,0
2017-12-20,17:00:00,27.51,27.549,27.51,27.51,3805,0
2017-12-20,18:00:00,27.5266,27.5266,27.46,27.5089,3616,0
2017-12-20,19:00:00,27.49,27.55,27.49,27.531,1360,0
2017-12-20,20:00:00,27.55,27.55,27.49,27.52,761,0
2017-12-20,21:00:00,27.5429,27.5429,27.52,27.52,9634,0
2017-12-20,22:00:00,27.53,27.56,27.5,27.5,36380,0
2017-12-21,16:00:00,27.5,27.59,27.5,27.59,1000,0
2017-12-21,17:00:00,27.5649,27.6,27.5649,27.6,12681,0
2017-12-21,18:00:00,27.5962,27.615,27.58,27.59,9563,0
2017-12-21,19:00:00,27.59,27.6,27.59,27.6,6059,0
2017-12-21,20:00:00,27.6,27.6189,27.5967,27.6189,3196,0
2017-12-21,21:00:00,27.615,27.68,27.5807,27.605,8313,0
2017-12-21,22:00:00,27.58,27.6,27.57,27.6,2796,0
2017-12-22,16:00:00,27.5,27.6499,27.5,27.64,2390,0
2017-12-22,17:00:00,27.64,27.64,27.64,27.64,1800,0
2017-12-22,18:00:00,27.6008,27.62,27.59,27.59,2356,0
2017-12-22,19:00:00,27.54,27.5661,27.54,27.565,1620,0
2017-12-22,20:00:00,27.56,27.56,27.5302,27.5438,2131,0
2017-12-22,21:00:00,27.5403,27.5403,27.53,27.535,1938,0
2017-12-22,22:00:00,27.53,27.55,27.51,27.52,7649,0
2017-12-26,16:00:00,27.6,27.6,27.5999,27.5999,1000,0
2017-12-26,17:00:00,27.5999,27.6,27.52,27.52,2499,0
2017-12-26,18:00:00,27.5236,27.5432,27.5236,27.5432,938,0
2017-12-26,19:00:00,27.5201,27.53,27.46,27.49,3957,0
2017-12-26,20:00:00,27.49,27.509,27.49,27.5,14885,0
2017-12-26,21:00:00,27.5,27.5099,27.46,27.46,4482,0
2017-12-26,22:00:00,27.461,27.51,27.461,27.49,27306,0
2017-12-27,16:00:00,27.5,27.59,27.5,27.52,2100,0
2017-12-27,17:00:00,27.5,27.52,27.5,27.511,2304,0
2017-12-27,18:00:00,27.52,27.5236,27.52,27.5236,3660,0
2017-12-27,19:00:00,27.525,27.525,27.5098,27.5098,1400,0
2017-12-27,20:00:00,27.51,27.51,27.5,27.5049,1315,0
2017-12-27,21:00:00,27.51,27.51,27.5001,27.51,1851,0
2017-12-27,22:00:00,27.51,27.51,27.5,27.5,3779,0
2017-12-28,16:00:00,27.57,27.58,27.52,27.52,4321,0
2017-12-28,17:00:00,27.5107,27.52,27.5,27.503,16222,0
2017-12-28,18:00:00,27.5,27.5062,27.4691,27.4691,15299,0
2017-12-28,19:00:00,27.46,27.46,27.43,27.44,4539,0
2017-12-28,20:00:00,27.44,27.45,27.43,27.45,13846,0
2017-12-28,21:00:00,27.4454,27.4454,27.42,27.43,531,0
2017-12-28,22:00:00,27.45,27.48,27.31,27.31,62873,0
2017-12-29,16:00:00,27.42,27.42,27.35,27.397,21252,0
2017-12-29,17:00:00,27.36,27.41,27.34,27.41,7683,0
2017-12-29,18:00:00,27.37,27.435,27.37,27.39,6639,0
2017-12-29,19:00:00,27.41,27.43,27.38,27.42,4827,0
2017-12-29,20:00:00,27.42,27.48,27.4099,27.47,9540,0
2017-12-29,21:00:00,27.48,27.53,27.48,27.48,4675,0
2017-12-29,22:00:00,27.48,27.53,27.47,27.48,23447,0
2018-01-02,16:00:00,27.61,27.61,27.57,27.57,5200,0
2018-01-02,17:00:00,27.58,27.583,27.55,27.55,11911,0
2018-01-02,18:00:00,27.521,27.521,27.4,27.405,15581,0
2018-01-02,19:00:00,27.405,27.424,27.36,27.405,3698,0
2018-01-02,20:00:00,27.4,27.405,27.33,27.38,12283,0
2018-01-02,21:00:00,27.4915,27.52,27.36,27.443,13838,0
2018-01-02,22:00:00,27.47,27.47,27.4,27.47,7870,0
2018-01-03,16:00:00,27.5,27.5,27.38,27.39,2100,0
2018-01-03,17:00:00,27.43,27.54,27.33,27.38,21803,0
2018-01-03,18:00:00,27.4,27.53,27.4,27.5,3830,0
2018-01-03,19:00:00,27.51,27.55,27.51,27.55,3140,0
2018-01-03,20:00:00,27.56,27.56,27.45,27.45,7769,0
2018-01-03,21:00:00,27.45,27.51,27.31,27.4499,15999,0
2018-01-03,22:00:00,27.45,27.45,27.36,27.45,17091,0
2018-01-04,16:00:00,27.49,27.49,27.4244,27.4244,215,0
2018-01-04,17:00:00,27.42,27.48,27.4135,27.47,8298,0
2018-01-04,18:00:00,27.47,27.47,27.4547,27.455,1825,0
2018-01-04,19:00:00,27.454,27.454,27.454,27.454,145,0
2018-01-04,20:00:00,27.455,27.46,27.455,27.4575,6906,0
2018-01-04,21:00:00,27.46,27.46,27.45,27.45,2799,0
2018-01-04,22:00:00,27.45,27.46,27.32,27.43,28691,0
2018-01-05,16:00:00,27.5,27.53,27.5,27.51,6616,0
2018-01-05,17:00:00,27.515,27.515,27.45,27.45,38919,0
2018-01-05,18:00:00,27.42,27.44,27.42,27.42,1213,0
2018-01-05,19:00:00,27.43,27.43,27.4287,27.4287,566,0
2018-01-05,20:00:00,27.44,27.48,27.43,27.464,19556,0
2018-01-05,21:00:00,27.4538,27.47,27.43,27.47,4092,0
2018-01-05,22:00:00,27.48,27.49,27.43,27.43,8534,0
2018-01-08,16:00:00,27.5,27.52,27.5,27.5,3724,0
2018-01-08,17:00:00,27.47,27.47,27.38,27.4602,19712,0
2018-01-08,18:00:00,27.4721,27.48,27.3746,27.42,4809,0
2018-01-08,19:00:00,27.44,27.475,27.44,27.475,3850,0
2018-01-08,20:00:00,27.5,27.5497,27.5,27.5497,1401,0
2018-01-08,21:00:00,27.5599,27.68,27.5599,27.63,4912,0
2018-01-08,22:00:00,27.62,27.63,27.58,27.59,12885,0
2018-01-09,16:00:00,27.6499,27.65,27.6,27.65,9108,0
2018-01-09,17:00:00,27.65,27.65,27.61,27.615,3498,0
2018-01-09,18:00:00,27.615,27.665,27.6101,27.665,27601,0
2018-01-09,19:00:00,27.665,27.7,27.6433,27.67,6500,0
2018-01-09,20:00:00,27.665,27.675,27.65,27.65,8536,0
2018-01-09,21:00:00,27.66,27.665,27.63,27.665,6763,0
2018-01-09,22:00:00,27.66,27.69,27.65,27.66,8881,0
2018-01-10,16:00:00,27.6,27.6,27.54,27.55,13729,0
2018-01-10,17:00:00,27.59,27.62,27.5301,27.57,10337,0
2018-01-10,18:00:00,27.6,27.62,27.6,27.6,3495,0
2018-01-10,19:00:00,27.62,27.64,27.6,27.6059,3271,0
2018-01-10,20:00:00,27.6069,27.64,27.6006,27.64,3438,0
2018-01-10,21:00:00,27.64,27.67,27.62,27.66,4765,0
2018-01-10,22:00:00,27.67,27.68,27.6501,27.68,5812,0
2018-01-11,16:00:00,27.62,27.6851,27.62,27.63,7372,0
2018-01-11,17:00:00,27.635,27.66,27.635,27.6406,6354,0
2018-01-11,18:00:00,27.64,27.7,27.64,27.67,5933,0
2018-01-11,19:00:00,27.68,27.74,27.65,27.71,22596,0
2018-01-11,20:00:00,27.71,27.74,27.71,27.74,3730,0
2018-01-11,21:00:00,27.74,27.74,27.72,27.72,5499,0
2018-01-11,22:00:00,27.73,27.73,27.65,27.65,12060,0
2018-01-12,16:00:00,27.68,27.6924,27.68,27.69,1500,0
2018-01-12,17:00:00,27.68,27.72,27.68,27.71,3054,0
2018-01-12,18:00:00,27.7053,27.7087,27.6,27.6,23271,0
2018-01-12,19:00:00,27.6,27.65,27.5959,27.62,11475,0
2018-01-12,20:00:00,27.639,27.6399,27.5805,27.5999,4051,0
2018-01-12,21:00:00,27.6,27.6,27.535,27.56,9335,0
2018-01-12,22:00:00,27.56,27.56,27.4401,27.46,45958,0
2018-01-16,16:00:00,27.45,27.5899,27.45,27.5315,7495,0
2018-01-16,17:00:00,27.49,27.4999,27.44,27.49,4800,0
2018-01-16,18:00:00,27.49,27.6,27.49,27.6,13282,0
2018-01-16,19:00:00,27.5755,27.6,27.5755,27.5907,4351,0
2018-01-16,20:00:00,27.595,27.6,27.5534,27.59,12365,0
2018-01-16,21:00:00,27.5947,27.6,27.51,27.51,16175,0
2018-01-16,22:00:00,27.51,27.51,27.45,27.48,15128,0
2018-01-17,16:00:00,27.58,27.58,27.56,27.56,1200,0
2018-01-17,17:00:00,27.51,27.53,27.45,27.45,5284,0
2018-01-17,18:00:00,27.4428,27.49,27.41,27.4599,20669,0
2018-01-17,19:00:00,27.4306,27.45,27.4201,27.45,2309,0
2018-01-17,20:00:00,27.44,27.4754,27.41,27.47,22532,0
2018-01-17,21:00:00,27.4659,27.49,27.4659,27.4834,9077,0
2018-01-17,22:00:00,27.48,27.4818,27.45,27.47,13883,0
2018-01-18,16:00:00,27.46,27.465,27.4002,27.4002,16234,0
2018-01-18,17:00:00,27.4,27.41,27.35,27.39,42312,0
2018-01-18,18:00:00,27.385,27.39,27.38,27.39,8493,0
2018-01-18,19:00:00,27.39,27.39,27.3627,27.3647,5414,0
2018-01-18,20:00:00,27.36,27.36,27.3,27.3399,22537,0
2018-01-18,21:00:00,27.3301,27.34,27.327,27.3301,6636,0
2018-01-18,22:00:00,27.3359,27.34,27.27,27.29,23722,0
2018-01-19,16:00:00,27.37,27.37,27.35,27.35,570,0
2018-01-19,17:00:00,27.3152,27.35,27.3,27.3378,3869,0
2018-01-19,18:00:00,27.35,27.36,27.31,27.35,19356,0
2018-01-19,19:00:00,27.3352,27.3421,27.3352,27.3421,745,0
2018-01-19,20:00:00,27.3376,27.3475,27.321,27.3262,4286,0
2018-01-19,21:00:00,27.35,27.3538,27.35,27.35,3779,0
2018-01-19,22:00:00,27.36,27.69,27.3401,27.35,221949,0
2018-01-22,16:00:00,27.47,27.57,27.47,27.54,4073,0
2018-01-22,17:00:00,27.53,27.57,27.4953,27.53,4399,0
2018-01-22,18:00:00,27.53,27.5597,27.45,27.55,5861,0
2018-01-22,19:00:00,27.55,27.567,27.5182,27.567,4291,0
2018-01-22,20:00:00,27.57,27.57,27.5326,27.559,4814,0
2018-01-22,21:00:00,27.55,27.63,27.52,27.575,22022,0
2018-01-22,22:00:00,27.5728,27.62,27.476,27.62,34402,0
2018-01-23,16:00:00,27.64,27.65,27.64,27.65,700,0
2018-01-23,17:00:00,27.65,27.66,27.52,27.65,12403,0
2018-01-23,18:00:00,27.68,27.69,27.67,27.68,19670,0
2018-01-23,19:00:00,27.69,27.71,27.66,27.71,89592,0
2018-01-23,20:00:00,27.7,27.7,27.65,27.67,2313,0
2018-01-23,21:00:00,27.6664,27.71,27.65,27.6986,4759,0
2018-01-23,22:00:00,27.68,27.7,27.61,27.6842,11538,0
2018-01-24,16:00:00,27.67,27.67,27.645,27.65,1951,0
2018-01-24,17:00:00,27.65,27.7,27.64,27.6755,7633,0
2018-01-24,18:00:00,27.68,27.6801,27.64,27.675,6360,0
2018-01-24,19:00:00,27.6747,27.71,27.6732,27.71,8641,0
2018-01-24,20:00:00,27.72,27.72,27.684,27.6962,9356,0
2018-01-24,21:00:00,27.7,27.72,27.7,27.7166,8760,0
2018-01-24,22:00:00,27.715,27.78,27.7126,27.76,21345,0
2018-01-25,16:00:00,27.7245,27.7245,27.68,27.68,5381,0
2018-01-25,17:00:00,27.69,27.75,27.69,27.74,3340,0
2018-01-25,18:00:00,27.74,27.74,27.7301,27.74,1666,0
2018-01-25,19:00:00,27.73,27.74,27.7,27.7,7817,0
2018-01-25,20:00:00,27.7,27.7,27.6901,27.6999,4119,0
2018-01-25,21:00:00,27.7,27.7,27.69,27.7,6780,0
2018-01-25,22:00:00,27.7,27.7,27.61,27.65,27677,0
2018-01-26,16:00:00,27.21,27.24,27.21,27.22,7346,0
2018-01-26,17:00:00,27.23,27.23,27.1501,27.18,7400,0
2018-01-26,18:00:00,27.18,27.18,27.1501,27.17,3394,0
2018-01-26,19:00:00,27.16,27.16,27.12,27.125,1716,0
2018-01-26,20:00:00,27.1267,27.13,27.12,27.13,5081,0
2018-01-26,21:00:00,27.13,27.13,27.04,27.04,20490,0
2018-01-26,22:00:00,27.05,27.22,26.98,27.22,29785,0
2018-01-29,16:00:00,27.17,27.175,27.0494,27.11,18043,0
2018-01-29,17:00:00,27.11,27.11,27.05,27.05,38499,0
2018-01-29,18:00:00,27.05,27.05,27,27,10334,0
2018-01-29,19:00:00,26.99,27,26.9569,27,25515,0
2018-01-29,20:00:00,26.995,27,26.97,27,14371,0
2018-01-29,21:00:00,26.99,27,26.87,26.96,26094,0
2018-01-29,22:00:00,26.98,27.07,26.88,27.05,32024,0
2018-01-30,16:00:00,27,27,26.9,26.97,20797,0
2018-01-30,17:00:00,26.98,27.06,26.98,27.05,9027,0
2018-01-30,18:00:00,27.0596,27.06,27,27.01,8026,0
2018-01-30,19:00:00,27.0059,27.01,26.95,27,23135,0
2018-01-30,20:00:00,27.02,27.02,26.9958,27.005,5563,0
2018-01-30,21:00:00,27.01,27.01,27,27,7860,0
2018-01-30,22:00:00,27,27.01,26.94,27,24581,0
2018-01-31,16:00:00,27.1,27.1,27.0452,27.0881,3615,0
2018-01-31,17:00:00,27.1,27.1,27.0072,27.02,6921,0
2018-01-31,18:00:00,27.02,27.02,26.9244,26.96,20482,0
2018-01-31,19:00:00,26.95,27.0415,26.95,26.99,20115,0
2018-01-31,20:00:00,26.98,27.1,26.98,27.08,2919,0
2018-01-31,21:00:00,27.0902,27.099,27,27.02,18529,0
2018-01-31,22:00:00,27.0169,27.0841,27.0169,27.05,16155,0
2018-02-01,16:00:00,27.08,27.08,26.98,26.98,1644,0
2018-02-01,17:00:00,26.99,27.0341,26.99,27.0341,2126,0
2018-02-01,18:00:00,27.04,27.04,27,27.04,14120,0
2018-02-01,19:00:00,27.01,27.04,27.01,27.015,3969,0
2018-02-01,20:00:00,27.02,27.02,26.9703,27.01,13349,0
2018-02-01,21:00:00,26.99,27.0434,26.95,26.96,17828,0
2018-02-01,22:00:00,26.95,26.98,26.92,26.98,14808,0
2018-02-02,16:00:00,26.94,26.94,26.845,26.86,21158,0
2018-02-02,17:00:00,26.853,26.95,26.853,26.94,3239,0
2018-02-02,18:00:00,26.9,26.9,26.84,26.87,20078,0
2018-02-02,19:00:00,26.84,26.87,26.84,26.85,8972,0
2018-02-02,20:00:00,26.847,26.85,26.8,26.83,22987,0
2018-02-02,21:00:00,26.8201,26.83,26.8,26.8,35430,0
2018-02-02,22:00:00,26.81,26.96,26.805,26.88,20111,0
2018-02-05,16:00:00,26.88,26.88,26.8269,26.8269,6463,0
2018-02-05,17:00:00,26.83,27.01,26.83,27.01,19729,0
2018-02-05,18:00:00,27.01,27.03,26.9003,26.92,10462,0
2018-02-05,19:00:00,26.91,26.91,26.8203,26.85,13184,0
2018-02-05,20:00:00,26.82,26.85,26.81,26.8469,18193,0
2018-02-05,21:00:00,26.85,26.88,26.83,26.85,13307,0
2018-02-05,22:00:00,26.85,26.85,26.83,26.85,16492,0
2018-02-06,16:00:00,26.8,26.93,26.8,26.85,15619,0
2018-02-06,17:00:00,26.85,26.98,26.84,26.86,30080,0
2018-02-06,18:00:00,26.8676,26.87,26.86,26.87,4516,0
2018-02-06,19:00:00,26.87,26.9065,26.86,26.9065,7372,0
2018-02-06,20:00:00,26.9052,26.98,26.89,26.96,18905,0
2018-02-06,21:00:00,26.9392,26.94,26.913,26.913,4752,0
2018-02-06,22:00:00,26.9146,27.15,26.9146,27.03,65498,0
2018-02-07,16:00:00,27.05,27.12,27.03,27.11,6938,0
2018-02-07,17:00:00,27.12,27.15,27.08,27.15,7499,0
2018-02-07,18:00:00,27.2,27.28,27.18,27.23,13737,0
2018-02-07,19:00:00,27.22,27.23,27.17,27.19,6752,0
2018-02-07,20:00:00,27.18,27.2,27.12,27.1297,19389,0
2018-02-07,21:00:00,27.1362,27.1499,27.05,27.05,16841,0
2018-02-07,22:00:00,27.07,27.105,27.07,27.1,5485,0
2018-02-08,16:00:00,27.12,27.18,27.01,27.01,2109,0
2018-02-08,17:00:00,27.075,27.0999,27.01,27.03,8351,0
2018-02-08,18:00:00,27.03,27.05,26.9652,27.02,13048,0
2018-02-08,19:00:00,26.98,27.0199,26.98,27,3541,0
2018-02-08,20:00:00,27,27.005,26.9596,27,10564,0
2018-02-08,21:00:00,27,27,26.9144,26.96,9053,0
2018-02-08,22:00:00,26.9454,27,26.85,26.95,19439,0
2018-02-09,16:00:00,26.99,26.99,26.84,26.84,5143,0
2018-02-09,17:00:00,26.85,26.85,26.8,26.8,13055,0
2018-02-09,18:00:00,26.8,26.81,26.8,26.8099,12383,0
2018-02-09,19:00:00,26.81,26.81,26.8,26.81,67273,0
2018-02-09,20:00:00,26.81,26.9333,26.8,26.9333,39148,0
2018-02-09,21:00:00,26.8957,26.94,26.8245,26.84,25623,0
2018-02-09,22:00:00,26.8499,27.1,26.81,27.09,32971,0
2018-02-12,16:00:00,27.1,27.17,27.06,27.16,6859,0
2018-02-12,17:00:00,27.13,27.16,27.08,27.1175,24293,0
2018-02-12,18:00:00,27.12,27.14,27.075,27.08,6638,0
2018-02-12,19:00:00,27.14,27.15,27.14,27.1499,2275,0
2018-02-12,20:00:00,27.1499,27.16,27.11,27.15,12594,0
2018-02-12,21:00:00,27.1423,27.16,27.12,27.15,24574,0
2018-02-12,22:00:00,27.14,27.16,27.12,27.13,414675,0
2018-02-13,16:00:00,27.15,27.15,27.08,27.1,1309,0
2018-02-13,17:00:00,27.12,27.15,27.1,27.13,6135,0
2018-02-13,18:00:00,27.12,27.14,27.0998,27.12,4142,0
2018-02-13,19:00:00,27.1899,27.19,27.131,27.15,46512,0
2018-02-13,20:00:00,27.15,27.16,27.06,27.14,26748,0
2018-02-13,21:00:00,27.0942,27.13,27.0803,27.085,2214,0
2018-02-13,22:00:00,27.08,27.14,27.04,27.11,29079,0
2018-02-14,16:00:00,27.09,27.13,27.01,27.05,3400,0
2018-02-14,17:00:00,27.07,27.09,27.07,27.09,7504,0
2018-02-14,18:00:00,27.0838,27.09,27,27,49552,0
2018-02-14,19:00:00,27,27,26.97,26.97,6950,0
2018-02-14,20:00:00,26.97,27,26.97,26.97,24164,0
2018-02-14,21:00:00,26.97,26.99,26.9,26.99,66770,0
2018-02-14,22:00:00,27,27,26.96,26.97,98902,0
2018-02-15,16:00:00,26.99,27.0699,26.99,27.0699,4987,0
2018-02-15,17:00:00,26.97,27.035,26.97,27.035,173965,0
2018-02-15,18:00:00,27.04,27.08,26.97,27.08,205780,0
2018-02-15,19:00:00,27.09,27.11,27.06,27.06,6375,0
2018-02-15,20:00:00,27.07,27.0891,27.06,27.06,16378,0
2018-02-15,21:00:00,27.0699,27.07,26.99,27.065,88693,0
2018-02-15,22:00:00,27.0699,27.0699,27,27,31154,0
2018-02-16,16:00:00,27.09,27.09,27.0563,27.09,7316,0
2018-02-16,17:00:00,27.08,27.1,27.05,27.1,6627,0
2018-02-16,18:00:00,27.13,27.13,27.1113,27.12,2394,0
2018-02-16,19:00:00,27.17,27.17,27.09,27.09,18616,0
2018-02-16,20:00:00,27.0962,27.1,27.09,27.0999,1657,0
2018-02-16,21:00:00,27.0901,27.1,27.01,27.05,8364,0
2018-02-16,22:00:00,27.05,27.1,27.0499,27.1,18757,0
2018-02-20,16:00:00,27.16,27.16,27.14,27.15,80560,0
2018-02-20,17:00:00,27.15,27.17,27.14,27.14,103176,0
2018-02-20,18:00:00,27.14,27.16,27.11,27.15,17019,0
2018-02-20,19:00:00,27.1282,27.17,27.1282,27.15,8463,0
2018-02-20,20:00:00,27.16,27.17,27.1224,27.15,40857,0
2018-02-20,21:00:00,27.15,27.15,27.14,27.15,15256,0
2018-02-20,22:00:00,27.1401,27.15,27.1,27.14,33057,0
2018-02-21,16:00:00,27.15,27.22,27.15,27.16,79225,0
2018-02-21,17:00:00,27.17,27.2,27.12,27.14,41533,0
2018-02-21,18:00:00,27.1826,27.22,27.06,27.08,70706,0
2018-02-21,19:00:00,27.07,27.09,26.98,27,60995,0
2018-02-21,20:00:00,27,27.06,27,27.02,54612,0
2018-02-21,21:00:00,27.03,27.055,26.99,26.9996,107422,0
2018-02-21,22:00:00,26.9902,27.03,26.99,27,77876,0
2018-02-22,16:00:00,27.1,27.1,27.05,27.05,80645,0
2018-02-22,17:00:00,27.1,27.1,27.05,27.07,127469,0
2018-02-22,18:00:00,27.09,27.11,27.0683,27.09,42215,0
2018-02-22,19:00:00,27.0899,27.1,27.0702,27.0999,45729,0
2018-02-22,20:00:00,27.0999,27.11,27.05,27.0668,17878,0
2018-02-22,21:00:00,27.063,27.08,27.05,27.05,15814,0
2018-02-22,22:00:00,27.0501,27.1,27.05,27.07,20090,0
2018-02-23,16:00:00,27.05,27.105,27.05,27.07,30589,0
2018-02-23,17:00:00,27.08,27.0928,27.05,27.07,25743,0
2018-02-23,18:00:00,27.05,27.07,27.05,27.05,11038,0
2018-02-23,19:00:00,27.07,27.07,27.04,27.07,14963,0
2018-02-23,20:00:00,27.07,27.09,27.05,27.07,10175,0
2018-02-23,21:00:00,27.07,27.0805,27.05,27.06,17698,0
2018-02-23,22:00:00,27.06,27.06,27.04,27.05,38173,0
2018-02-26,16:00:00,27.1,27.15,27.04,27.13,79051,0
2018-02-26,17:00:00,27.13,27.13,27.1099,27.12,13980,0
2018-02-26,18:00:00,27.12,27.12,27.095,27.12,51445,0
2018-02-26,19:00:00,27.13,27.13,27.1002,27.11,8916,0
2018-02-26,20:00:00,27.11,27.146,27.0704,27.11,39243,0
2018-02-26,21:00:00,27.1066,27.15,27.08,27.09,30339,0
2018-02-26,22:00:00,27.1,27.24,27.09,27.21,27006,0
2018-02-27,16:00:00,27.2,27.21,27.182,27.182,10700,0
2018-02-27,17:00:00,27.19,27.305,27.18,27.2,83967,0
2018-02-27,18:00:00,27.18,27.1981,27.15,27.1981,38943,0
2018-02-27,19:00:00,27.1976,27.2,27.1844,27.2,6494,0
2018-02-27,20:00:00,27.1901,27.22,27.1901,27.22,2957,0
2018-02-27,21:00:00,27.2138,27.2172,27.19,27.19,11960,0
2018-02-27,22:00:00,27.2,27.2,27.15,27.15,7143,0
2018-02-28,16:00:00,27.21,27.28,27.2,27.26,17576,0
2018-02-28,17:00:00,27.24,27.32,27.22,27.24,71395,0
2018-02-28,18:00:00,27.23,27.33,27.21,27.2579,54819,0
2018-02-28,19:00:00,27.26,27.26,27.15,27.2521,208708,0
2018-02-28,20:00:00,27.24,27.26,27.24,27.26,8230,0
2018-02-28,21:00:00,27.25,27.27,27.221,27.221,10171,0
2018-02-28,22:00:00,27.25,27.25,27.2,27.23,34273,0
2018-03-01,16:00:00,27.25,27.28,27.21,27.27,2376,0
2018-03-01,17:00:00,27.27,27.27,27.23,27.26,2504,0
2018-03-01,18:00:00,27.26,27.29,27.2,27.26,44724,0
2018-03-01,19:00:00,27.2,27.255,27.2,27.24,27868,0
2018-03-01,20:00:00,27.24,27.2604,27.24,27.2604,4748,0
2018-03-01,21:00:00,27.23,27.2536,27.2,27.2,59544,0
2018-03-01,22:00:00,27.17,27.2,27.15,27.15,18229,0
2018-03-02,16:00:00,27.2512,27.2512,27.04,27.04,5779,0
2018-03-02,17:00:00,27.15,27.16,27.11,27.15,6748,0
2018-03-02,18:00:00,27.15,27.1506,27.1023,27.1506,8200,0
2018-03-02,19:00:00,27.16,27.18,27.16,27.1721,1144,0
2018-03-02,20:00:00,27.18,27.18,27.157,27.157,4014,0
2018-03-02,21:00:00,27.17,27.17,27.1001,27.11,6003,0
2018-03-02,22:00:00,27.11,27.15,27.1,27.15,1337,0
2018-03-05,16:00:00,27.18,27.18,27.17,27.18,9245,0
2018-03-05,17:00:00,27.1799,27.1799,27.161,27.161,1546,0
2018-03-05,18:00:00,27.1719,27.18,27.161,27.17,33741,0
2018-03-05,19:00:00,27.17,27.17,27.1634,27.165,800,0
2018-03-05,20:00:00,27.1665,27.17,27.16,27.165,2450,0
2018-03-05,21:00:00,27.16,27.2296,27.16,27.1901,16957,0
2018-03-05,22:00:00,27.205,27.33,27.19,27.33,38593,0
2018-03-06,16:00:00,27.33,27.41,27.3299,27.4,44793,0
2018-03-06,17:00:00,27.4,27.41,27.345,27.4,6591,0
2018-03-06,18:00:00,27.4,27.42,27.39,27.42,1794,0
2018-03-06,19:00:00,27.4,27.4,27.395,27.4,10229,0
2018-03-06,20:00:00,27.395,27.4,27.39,27.395,7359,0
2018-03-06,21:00:00,27.39,27.4,27.3831,27.39,30274,0
2018-03-06,22:00:00,27.39,27.4,27.36,27.37,12409,0
2018-03-07,16:00:00,27.4,27.59,27.375,27.45,16844,0
2018-03-07,17:00:00,27.45,27.5,27.4,27.4,16666,0
2018-03-07,18:00:00,27.4,27.4,27.35,27.3978,6628,0
2018-03-07,19:00:00,27.3674,27.4,27.33,27.4,76317,0
2018-03-07,20:00:00,27.4,27.43,27.33,27.4025,83373,0
2018-03-07,21:00:00,27.39,27.41,27.36,27.3858,4669,0
2018-03-07,22:00:00,27.39,27.4,27.35,27.35,16013,0
2018-03-08,16:00:00,27.48,27.48,27.35,27.36,20874,0
2018-03-08,17:00:00,27.4161,27.4161,27.3821,27.41,7541,0
2018-03-08,18:00:00,27.41,27.445,27.41,27.43,1867,0
2018-03-08,19:00:00,27.42,27.425,27.39,27.42,2703,0
2018-03-08,20:00:00,27.42,27.425,27.39,27.409,1524,0
2018-03-08,21:00:00,27.42,27.47,27.4,27.4099,10308,0
2018-03-08,22:00:00,27.37,27.41,27.37,27.41,35251,0
2018-03-09,16:00:00,27.4,27.4,27.4,27.4,100,0
2018-03-09,17:00:00,27.39,27.3936,27.38,27.3806,2143,0
2018-03-09,18:00:00,27.401,27.405,27.3801,27.39,2038,0
2018-03-09,19:00:00,27.3996,27.403,27.39,27.403,1300,0
2018-03-09,20:00:00,27.3897,27.3999,27.3715,27.3928,1910,0
2018-03-09,21:00:00,27.4228,27.4228,27.3601,27.39,37253,0
2018-03-09,22:00:00,27.35,27.39,27.35,27.37,113030,0
2018-03-12,15:00:00,27.33,27.3999,27.33,27.3999,3790,0
2018-03-12,16:00:00,27.36,27.375,27.3501,27.375,5740,0
2018-03-12,17:00:00,27.381,27.4,27.35,27.365,2912,0
2018-03-12,18:00:00,27.3538,27.44,27.35,27.42,4456,0
2018-03-12,19:00:00,27.4,27.4,27.3763,27.4,2701,0
2018-03-12,20:00:00,27.3793,27.4,27.36,27.36,6330,0
2018-03-12,21:00:00,27.36,27.37,27.3,27.3,61670,0
2018-03-13,15:00:00,27.4,27.4,27.39,27.3921,18830,0
2018-03-13,16:00:00,27.4,27.4,27.36,27.38,16266,0
2018-03-13,17:00:00,27.375,27.38,27.35,27.35,18154,0
2018-03-13,18:00:00,27.37,27.37,27.34,27.35,3545,0
2018-03-13,19:00:00,27.35,27.35,27.32,27.34,17202,0
2018-03-13,20:00:00,27.34,27.34,27.321,27.34,3542,0
2018-03-13,21:00:00,27.34,27.34,27.33,27.34,53007,0
2018-03-14,15:00:00,27.35,27.38,27.35,27.38,16990,0
2018-03-14,16:00:00,27.37,27.38,27.36,27.37,6704,0
2018-03-14,17:00:00,27.36,27.36,27.35,27.35,7353,0
2018-03-14,18:00:00,27.35,27.36,27.33,27.33,13448,0
2018-03-14,19:00:00,27.33,27.34,27.33,27.34,6757,0
2018-03-14,20:00:00,27.34,27.34,27.33,27.34,7915,0
2018-03-14,21:00:00,27.31,27.33,27.3,27.3,45960,0
2018-03-15,15:00:00,27.31,27.31,27.2675,27.28,19310,0
2018-03-15,16:00:00,27.27,27.27,27.25,27.2555,20366,0
2018-03-15,17:00:00,27.25,27.26,27.22,27.23,29396,0
2018-03-15,18:00:00,27.22,27.22,27.02,27.04,40529,0
2018-03-15,19:00:00,27.05,27.05,26.56,27,92397,0
2018-03-15,20:00:00,26.99,27.0592,26.9001,27.01,6689,0
2018-03-15,21:00:00,27.02,27.0542,26.96,27.01,43595,0
2018-03-16,15:00:00,27.07,27.07,27.07,27.07,837,0
2018-03-16,16:00:00,27.0814,27.1,27.04,27.055,19770,0
2018-03-16,17:00:00,27.06,27.075,27.0201,27.03,30546,0
2018-03-16,18:00:00,27.03,27.03,27.01,27.02,51659,0
2018-03-16,19:00:00,27.02,27.03,27.01,27.015,10297,0
2018-03-16,20:00:00,27.02,27.08,27.01,27.05,18259,0
2018-03-16,21:00:00,27.07,27.07,27.01,27.02,13980,0
2018-03-19,15:00:00,27.1,27.13,27.08,27.13,19901,0
2018-03-19,16:00:00,27.14,27.19,27.13,27.19,15174,0
2018-03-19,17:00:00,27.18,27.19,27.09,27.09,34162,0
2018-03-19,18:00:00,27.09,27.1,27.03,27.03,23706,0
2018-03-19,19:00:00,27.05,27.054,26.98,26.99,39634,0
2018-03-19,20:00:00,27,27.1299,26.95,27,27116,0
2018-03-19,21:00:00,26.9818,27.1599,26.97,27.04,39294,0
2018-03-20,15:00:00,27.08,27.08,27.06,27.06,3888,0
2018-03-20,16:00:00,27.05,27.0598,27,27,14584,0
2018-03-20,17:00:00,27,27.0002,26.99,26.995,12187,0
2018-03-20,18:00:00,26.99,27,26.97,26.99,13198,0
2018-03-20,19:00:00,26.99,27,26.97,26.97,14460,0
2018-03-20,20:00:00,26.97,26.99,26.97,26.9899,21578,0
2018-03-20,21:00:00,26.98,27.05,26.97,27.05,72088,0
2018-03-21,15:00:00,27.05,27.05,26.9791,27,15982,0
2018-03-21,16:00:00,27,27.01,26.9946,27,13159,0
2018-03-21,17:00:00,27.01,27.01,27.001,27.0062,4043,0
2018-03-21,18:00:00,27.02,27.02,26.9,27.02,81347,0
2018-03-21,19:00:00,27.006,27.006,26.99,26.9949,8256,0
2018-03-21,20:00:00,26.99,27.05,26.98,27.05,39717,0
2018-03-21,21:00:00,27,27,26.975,27,45549,0
2018-03-22,15:00:00,27.04,27.04,26.95,26.96,10600,0
2018-03-22,16:00:00,26.96,26.99,26.95,26.96,36923,0
2018-03-22,17:00:00,26.95,26.98,26.87,26.94,9657,0
2018-03-22,18:00:00,26.945,26.97,26.94,26.965,4000,0
2018-03-22,19:00:00,26.965,27,26.94,26.99,9422,0
2018-03-22,20:00:00,26.9937,26.9948,26.94,26.96,27114,0
2018-03-22,21:00:00,26.96,26.99,26.94,26.95,133219,0
2018-03-23,15:00:00,27.03,27.0319,26.97,26.9761,1206,0
2018-03-23,16:00:00,26.98,27,26.95,26.97,2615,0
2018-03-23,17:00:00,26.971,26.98,26.9586,26.9682,1847,0
2018-03-23,18:00:00,26.97,26.98,26.97,26.98,1300,0
2018-03-23,19:00:00,26.9701,26.98,26.97,26.9723,34587,0
2018-03-23,20:00:00,26.97,26.98,26.97,26.975,22040,0
2018-03-23,21:00:00,26.97,26.98,26.96,26.96,22683,0
2018-03-26,16:00:00,27.03,27.1,27,27.1,18770,0
2018-03-26,17:00:00,27.1,27.16,27.05,27.08,10676,0
2018-03-26,18:00:00,27.07,27.07,27.05,27.05,12544,0
2018-03-26,19:00:00,27.05,27.06,27.045,27.05,9504,0
2018-03-26,20:00:00,27.05,27.05,27,27.05,50028,0
2018-03-26,21:00:00,27.05,27.05,27.0275,27.05,6143,0
2018-03-26,22:00:00,27.04,27.04,26.98,26.98,107752,0
2018-03-27,16:00:00,27.1,27.1,27.07,27.1,8718,0
2018-03-27,17:00:00,27.1,27.16,27.07,27.16,88218,0
2018-03-27,18:00:00,27.14,27.15,27.09,27.15,10038,0
2018-03-27,19:00:00,27.1599,27.1599,27.14,27.1499,2384,0
2018-03-27,20:00:00,27.14,27.14,27.11,27.1247,1186,0
2018-03-27,21:00:00,27.11,27.11,27.07,27.07,23293,0
2018-03-27,22:00:00,27.07,27.095,27.07,27.07,13669,0
2018-03-28,16:00:00,27.1,27.115,27.03,27.03,17581,0
2018-03-28,17:00:00,27.03,27.08,27.01,27.04,24507,0
2018-03-28,18:00:00,27.06,27.06,27.02,27.0452,5347,0
2018-03-28,19:00:00,27.035,27.04,27.02,27.04,8031,0
2018-03-28,20:00:00,27.02,27.09,27.02,27.0499,9953,0
2018-03-28,21:00:00,27.03,27.05,27.03,27.04,8023,0
2018-03-28,22:00:00,27.04,27.06,27.03,27.03,9386,0
2018-03-29,16:00:00,27.08,27.08,27,27.01,21972,0
2018-03-29,17:00:00,27.06,27.08,27.039,27.0699,1240,0
2018-03-29,18:00:00,27.06,27.13,27.01,27.12,15592,0
2018-03-29,19:00:00,27.0574,27.13,27.0574,27.13,2192,0
2018-03-29,20:00:00,27.09,27.1373,27.08,27.1346,4355,0
2018-03-29,21:00:00,27.1697,27.1697,27.09,27.09,1558,0
2018-03-29,22:00:00,27.145,27.19,27.145,27.19,2883,0
