Date,Time,Open,High,Low,Close,Volume,OpenInt
2017-09-05,16:00:00,25.29,25.29,25.2825,25.289,2270,0
2017-09-05,17:00:00,25.282,25.29,25.28,25.2859,3795,0
2017-09-05,18:00:00,25.28,25.28,25.24,25.28,12228,0
2017-09-05,19:00:00,25.279,25.28,25.271,25.271,7979,0
2017-09-05,20:00:00,25.27,25.28,25.25,25.2789,3344,0
2017-09-05,21:00:00,25.28,25.28,25.26,25.2726,2887,0
2017-09-05,22:00:00,25.2681,25.2799,25.2681,25.2799,2055,0
2017-09-06,16:00:00,25.33,25.33,25.3103,25.3103,2029,0
2017-09-06,17:00:00,25.3273,25.3273,25.2983,25.2983,2522,0
2017-09-06,18:00:00,25.316,25.3187,25.29,25.29,1232,0
2017-09-06,19:00:00,25.292,25.33,25.292,25.33,975,0
2017-09-06,20:00:00,25.3143,25.33,25.29,25.33,5624,0
2017-09-06,21:00:00,25.32,25.33,25.316,25.32,2733,0
2017-09-06,22:00:00,25.3021,25.3299,25.3021,25.32,2207,0
2017-09-07,16:00:00,25.32,25.33,25.32,25.32,1762,0
2017-09-07,17:00:00,25.33,25.33,25.291,25.31,7066,0
2017-09-07,18:00:00,25.328,25.33,25.318,25.33,2500,0
2017-09-07,19:00:00,25.2964,25.3299,25.2964,25.3299,1100,0
2017-09-07,20:00:00,25.3037,25.33,25.25,25.265,3337,0
2017-09-07,21:00:00,25.27,25.28,25.25,25.28,2395,0
2017-09-07,22:00:00,25.2786,25.32,25.2603,25.32,2371,0
2017-09-08,16:00:00,25.32,25.32,25.2827,25.2983,2385,0
2017-09-08,17:00:00,25.27,25.3085,25.27,25.2751,769,0
2017-09-08,18:00:00,25.3026,25.3199,25.279,25.279,864,0
2017-09-08,19:00:00,25.2752,25.295,25.27,25.27,1369,0
2017-09-08,20:00:00,25.3061,25.3199,25.27,25.27,6182,0
2017-09-08,21:00:00,25.2977,25.32,25.27,25.27,3853,0
2017-09-08,22:00:00,25.28,25.31,25.24,25.31,12997,0
2017-09-11,16:00:00,25.32,25.32,25.2815,25.31,1419,0
2017-09-11,17:00:00,25.3162,25.35,25.28,25.28,7177,0
2017-09-11,18:00:00,25.28,25.3394,25.28,25.28,1122,0
2017-09-11,19:00:00,25.3262,25.34,25.3089,25.34,1990,0
2017-09-11,20:00:00,25.33,25.349,25.3158,25.3254,2148,0
2017-09-11,21:00:00,25.32,25.33,25.3048,25.32,1549,0
2017-09-11,22:00:00,25.306,25.33,25.2904,25.33,3656,0
2017-09-12,16:00:00,25.33,25.35,25.33,25.33,4457,0
2017-09-12,17:00:00,25.3302,25.3368,25.3201,25.3201,2267,0
2017-09-12,18:00:00,25.33,25.35,25.33,25.35,2686,0
2017-09-12,19:00:00,25.35,25.35,25.33,25.34,1713,0
2017-09-12,20:00:00,25.35,25.35,25.341,25.35,1916,0
2017-09-12,21:00:00,25.36,25.37,25.3496,25.37,1075,0
2017-09-12,22:00:00,25.37,25.38,25.34,25.38,10736,0
2017-09-13,16:00:00,25.331,25.388,25.331,25.3347,2400,0
2017-09-13,17:00:00,25.3501,25.3687,25.3501,25.3687,2517,0
2017-09-13,18:00:00,25.3701,25.3799,25.3701,25.3799,960,0
2017-09-13,19:00:00,25.375,25.39,25.36,25.3823,12391,0
2017-09-13,20:00:00,25.3601,25.4,25.3601,25.4,5978,0
2017-09-13,21:00:00,25.4136,25.42,25.4002,25.41,2060,0
2017-09-13,22:00:00,25.4159,25.4159,25.33,25.4,8347,0
2017-09-14,16:00:00,25.41,25.41,25.41,25.41,1000,0
2017-09-14,17:00:00,25.3818,25.3818,25.3669,25.3675,535,0
2017-09-14,18:00:00,25.3467,25.3467,25.3466,25.3466,1539,0
2017-09-14,19:00:00,25.3633,25.3633,25.3633,25.3633,900,0
2017-09-14,20:00:00,25.3425,25.3931,25.3425,25.3931,750,0
2017-09-14,21:00:00,25.4,25.42,25.4,25.41,11791,0
2017-09-14,22:00:00,25.4,25.4177,25.36,25.36,20777,0
2017-09-15,16:00:00,25.37,25.3767,25.37,25.3767,1243,0
2017-09-15,17:00:00,25.3772,25.3772,25.36,25.37,1016,0
2017-09-15,18:00:00,25.37,25.37,25.36,25.36,6346,0
2017-09-15,19:00:00,25.36,25.36,25.3568,25.36,2091,0
2017-09-15,20:00:00,25.36,25.36,25.3538,25.36,5609,0
2017-09-15,21:00:00,25.36,25.37,25.36,25.37,913,0
2017-09-15,22:00:00,25.37,25.41,25.3601,25.41,3245,0
2017-09-18,16:00:00,25.35,25.35,25.35,25.35,1007,0
2017-09-18,17:00:00,25.3601,25.41,25.3601,25.407,4150,0
2017-09-18,18:00:00,25.41,25.42,25.41,25.4187,3308,0
2017-09-18,19:00:00,25.41,25.43,25.41,25.43,5158,0
2017-09-18,20:00:00,25.41,25.4254,25.41,25.4224,2274,0
2017-09-18,21:00:00,25.4164,25.43,25.37,25.42,8932,0
2017-09-18,22:00:00,25.42,25.43,25.371,25.41,4201,0
2017-09-19,16:00:00,25.409,25.409,25.409,25.409,125,0
2017-09-19,17:00:00,25.43,25.46,25.4185,25.4531,7724,0
2017-09-19,18:00:00,25.4514,25.47,25.4435,25.47,2991,0
2017-09-19,19:00:00,25.4568,25.4568,25.421,25.45,5000,0
2017-09-19,20:00:00,25.3989,25.42,25.37,25.3923,16300,0
2017-09-19,21:00:00,25.405,25.41,25.39,25.41,2909,0
2017-09-19,22:00:00,25.3984,25.4,25.38,25.39,8829,0
2017-09-20,16:00:00,25.4,25.42,25.3966,25.3966,1949,0
2017-09-20,17:00:00,25.3986,25.409,25.38,25.409,4229,0
2017-09-20,18:00:00,25.4,25.41,25.4,25.4,2847,0
2017-09-20,19:00:00,25.3801,25.4,25.32,25.32,9202,0
2017-09-20,20:00:00,25.32,25.3523,25.29,25.2901,10629,0
2017-09-20,21:00:00,25.3,25.33,25.3,25.3,32020,0
2017-09-20,22:00:00,25.3,25.35,25.29,25.3,17291,0
2017-09-21,16:00:00,25.34,25.37,25.34,25.37,400,0
2017-09-21,17:00:00,25.369,25.37,25.34,25.35,3253,0
2017-09-21,18:00:00,25.37,25.37,25.3614,25.3685,1202,0
2017-09-21,19:00:00,25.3552,25.36,25.3452,25.36,1873,0
2017-09-21,20:00:00,25.34,25.35,25.3,25.32,9960,0
2017-09-21,21:00:00,25.3352,25.35,25.29,25.32,19819,0
2017-09-21,22:00:00,25.32,25.35,25.3,25.3242,16223,0
2017-09-22,16:00:00,25.33,25.3331,25.3101,25.3218,1725,0
2017-09-22,17:00:00,25.3386,25.34,25.3201,25.34,1788,0
2017-09-22,19:00:00,25.3221,25.3462,25.3221,25.3433,968,0
2017-09-22,20:00:00,25.3454,25.35,25.3454,25.35,1073,0
2017-09-22,21:00:00,25.35,25.35,25.32,25.32,1630,0
2017-09-22,22:00:00,25.34,25.35,25.29,25.35,40395,0
2017-09-25,16:00:00,25.35,25.3596,25.3292,25.3357,810,0
2017-09-25,17:00:00,25.3401,25.3574,25.3401,25.3574,450,0
2017-09-25,18:00:00,25.3421,25.36,25.34,25.36,3810,0
2017-09-25,19:00:00,25.369,25.38,25.36,25.37,13895,0
2017-09-25,20:00:00,25.37,25.37,25.36,25.3662,783,0
2017-09-25,21:00:00,25.37,25.37,25.3631,25.3699,2978,0
2017-09-25,22:00:00,25.38,25.38,25.31,25.31,17906,0
2017-09-26,16:00:00,25.32,25.3322,25.32,25.32,1694,0
2017-09-26,17:00:00,25.313,25.339,25.313,25.3232,4317,0
2017-09-26,18:00:00,25.3299,25.3299,25.3299,25.3299,800,0
2017-09-26,19:00:00,25.33,25.35,25.32,25.3201,3412,0
2017-09-26,20:00:00,25.3399,25.3399,25.32,25.3399,2505,0
2017-09-26,21:00:00,25.321,25.329,25.29,25.2901,70138,0
2017-09-26,22:00:00,25.29,25.3,25.28,25.29,71303,0
2017-09-27,16:00:00,25.33,25.33,25.3003,25.3003,2891,0
2017-09-27,17:00:00,25.3267,25.3267,25.28,25.2998,3545,0
2017-09-27,18:00:00,25.28,25.3084,25.28,25.29,1819,0
2017-09-27,19:00:00,25.3083,25.3083,25.2895,25.301,1963,0
2017-09-27,20:00:00,25.29,25.32,25.29,25.291,6077,0
2017-09-27,21:00:00,25.3204,25.335,25.2942,25.2942,7867,0
2017-09-27,22:00:00,25.3,25.33,25.27,25.27,28184,0
2017-09-28,16:00:00,25.27,25.27,25.26,25.2604,3000,0
2017-09-28,17:00:00,25.26,25.29,25.26,25.2601,2480,0
2017-09-28,18:00:00,25.2702,25.28,25.26,25.27,2631,0
2017-09-28,19:00:00,25.26,25.26,25.25,25.2522,3572,0
2017-09-28,20:00:00,25.255,25.26,25.25,25.25,14387,0
2017-09-28,21:00:00,25.2538,25.27,25.25,25.2564,7451,0
2017-09-28,22:00:00,25.25,25.2699,25.25,25.25,7369,0
2017-09-29,16:00:00,25.25,25.2939,25.25,25.2701,2842,0
2017-09-29,17:00:00,25.2735,25.28,25.26,25.2685,3577,0
2017-09-29,18:00:00,25.279,25.279,25.26,25.26,4653,0
2017-09-29,19:00:00,25.274,25.28,25.26,25.2601,5530,0
2017-09-29,20:00:00,25.2657,25.2721,25.25,25.269,15897,0
2017-09-29,21:00:00,25.2601,25.28,25.26,25.2699,4873,0
2017-09-29,22:00:00,25.27,25.28,25.25,25.25,13542,0
2017-10-02,16:00:00,25.3,25.3,25.2999,25.3,880,0
2017-10-02,17:00:00,25.2905,25.3,25.28,25.28,2875,0
2017-10-02,18:00:00,25.3,25.3,25.26,25.26,8877,0
2017-10-02,19:00:00,25.26,25.2694,25.25,25.2501,10069,0
2017-10-02,20:00:00,25.259,25.26,25.25,25.25,4518,0
2017-10-02,21:00:00,25.26,25.26,25.25,25.26,2048,0
2017-10-02,22:00:00,25.26,25.26,25.25,25.25,9031,0
2017-10-03,16:00:00,25.25,25.28,25.24,25.27,3272,0
2017-10-03,17:00:00,25.27,25.27,25.26,25.26,750,0
2017-10-03,18:00:00,25.261,25.261,25.26,25.26,802,0
2017-10-03,19:00:00,25.26,25.26,25.2536,25.26,1449,0
2017-10-03,20:00:00,25.2525,25.2525,25.242,25.242,1084,0
2017-10-03,21:00:00,25.24,25.288,25.24,25.26,14081,0
2017-10-03,22:00:00,25.268,25.2704,25.25,25.27,19596,0
2017-10-04,16:00:00,25.27,25.273,25.27,25.273,1164,0
2017-10-04,17:00:00,25.27,25.278,25.26,25.278,2196,0
2017-10-04,18:00:00,25.27,25.27,25.265,25.265,4005,0
2017-10-04,19:00:00,25.2601,25.27,25.2601,25.2658,1460,0
2017-10-04,20:00:00,25.27,25.275,25.2601,25.275,7077,0
2017-10-04,21:00:00,25.28,25.28,25.2699,25.2699,11491,0
2017-10-04,22:00:00,25.27,25.27,25.25,25.27,7839,0
2017-10-05,16:00:00,25.3,25.3,25.3,25.3,900,0
2017-10-05,17:00:00,25.3,25.3,25.2851,25.3,1358,0
2017-10-05,18:00:00,25.29,25.3,25.29,25.29,6348,0
2017-10-05,19:00:00,25.3,25.3,25.29,25.2908,2010,0
2017-10-05,20:00:00,25.2916,25.3,25.29,25.3,11803,0
2017-10-05,21:00:00,25.2866,25.3,25.28,25.3,7962,0
2017-10-05,22:00:00,25.29,25.3,25.26,25.29,7037,0
2017-10-06,16:00:00,25.29,25.29,25.21,25.22,5393,0
2017-10-06,17:00:00,25.22,25.25,25.2,25.25,8750,0
2017-10-06,18:00:00,25.2497,25.25,25.22,25.22,3131,0
2017-10-06,19:00:00,25.22,25.2299,25.22,25.226,2148,0
2017-10-06,20:00:00,25.221,25.2284,25.22,25.22,4234,0
2017-10-06,21:00:00,25.2223,25.2223,25.21,25.21,5450,0
2017-10-06,22:00:00,25.22,25.239,25.21,25.21,13667,0
2017-10-09,16:00:00,25.25,25.25,25.22,25.22,2351,0
2017-10-09,17:00:00,25.21,25.23,25.19,25.19,29537,0
2017-10-09,18:00:00,25.1999,25.24,25.1999,25.21,14537,0
2017-10-09,19:00:00,25.23,25.25,25.22,25.25,2380,0
2017-10-09,20:00:00,25.257,25.257,25.2358,25.236,3344,0
2017-10-09,21:00:00,25.23,25.25,25.21,25.2364,3493,0
2017-10-09,22:00:00,25.23,25.25,25.19,25.19,10010,0
2017-10-10,16:00:00,25.2,25.2,25.2,25.2,100,0
2017-10-10,17:00:00,25.21,25.23,25.21,25.23,2000,0
2017-10-10,18:00:00,25.25,25.27,25.236,25.27,4522,0
2017-10-10,19:00:00,25.27,25.27,25.2401,25.2653,3400,0
2017-10-10,20:00:00,25.25,25.28,25.23,25.25,5299,0
2017-10-10,21:00:00,25.25,25.2797,25.25,25.2501,1921,0
2017-10-10,22:00:00,25.2749,25.28,25.25,25.25,5551,0
2017-10-11,16:00:00,25.27,25.28,25.27,25.28,2200,0
2017-10-11,17:00:00,25.271,25.3,25.25,25.25,8730,0
2017-10-11,18:00:00,25.2679,25.27,25.2502,25.27,6512,0
2017-10-11,19:00:00,25.28,25.28,25.27,25.27,4407,0
2017-10-11,20:00:00,25.28,25.29,25.28,25.29,3831,0
2017-10-11,21:00:00,25.281,25.281,25.27,25.27,1026,0
2017-10-11,22:00:00,25.2879,25.29,25.27,25.27,5304,0
2017-10-12,16:00:00,25.26,25.3,25.26,25.29,593,0
2017-10-12,17:00:00,25.3,25.3,25.28,25.2932,542,0
2017-10-12,18:00:00,25.3,25.3,25.29,25.29,2114,0
2017-10-12,19:00:00,25.2933,25.3,25.29,25.2966,9702,0
2017-10-12,20:00:00,25.295,25.295,25.29,25.29,200,0
2017-10-12,21:00:00,25.3,25.3,25.29,25.3,2917,0
2017-10-12,22:00:00,25.3,25.3,25.28,25.28,3627,0
2017-10-13,16:00:00,25.3,25.33,25.3,25.33,9173,0
2017-10-13,17:00:00,25.338,25.3499,25.337,25.337,1694,0
2017-10-13,18:00:00,25.3499,25.35,25.33,25.34,4100,0
2017-10-13,19:00:00,25.349,25.35,25.33,25.33,2816,0
2017-10-13,20:00:00,25.35,25.35,25.33,25.34,10519,0
2017-10-13,21:00:00,25.3336,25.35,25.33,25.35,3351,0
2017-10-13,22:00:00,25.35,25.35,25.33,25.3301,11087,0
2017-10-16,16:00:00,25.32,25.3367,25.32,25.3367,626,0
2017-10-16,17:00:00,25.3365,25.34,25.33,25.3399,3626,0
2017-10-16,18:00:00,25.3341,25.3341,25.3183,25.3183,5310,0
2017-10-16,19:00:00,25.31,25.3192,25.31,25.3101,703,0
2017-10-16,20:00:00,25.3011,25.3134,25.3,25.3134,1568,0
2017-10-16,21:00:00,25.3,25.3135,25.3,25.3135,2857,0
2017-10-16,22:00:00,25.31,25.32,25.3,25.32,4144,0
2017-10-17,16:00:00,25.33,25.33,25.323,25.323,5417,0
2017-10-17,17:00:00,25.328,25.328,25.31,25.32,7778,0
2017-10-17,18:00:00,25.319,25.32,25.31,25.32,5709,0
2017-10-17,19:00:00,25.31,25.3254,25.31,25.3254,2631,0
2017-10-17,20:00:00,25.31,25.33,25.31,25.32,1874,0
2017-10-17,21:00:00,25.32,25.32,25.31,25.32,3999,0
2017-10-17,22:00:00,25.31,25.32,25.31,25.32,3348,0
2017-10-18,17:00:00,25.32,25.33,25.31,25.3146,2590,0
2017-10-18,18:00:00,25.3299,25.3299,25.3,25.3,2454,0
2017-10-18,19:00:00,25.31,25.32,25.3001,25.313,2565,0
2017-10-18,20:00:00,25.32,25.33,25.311,25.311,1695,0
2017-10-18,21:00:00,25.3183,25.329,25.31,25.31,3978,0
2017-10-18,22:00:00,25.31,25.32,25.31,25.32,2340,0
2017-10-19,16:00:00,25.33,25.33,25.31,25.31,2709,0
2017-10-19,17:00:00,25.3151,25.3268,25.31,25.3102,4209,0
2017-10-19,18:00:00,25.311,25.329,25.31,25.31,4558,0
2017-10-19,19:00:00,25.3254,25.33,25.31,25.31,3900,0
2017-10-19,20:00:00,25.329,25.3299,25.31,25.3133,6030,0
2017-10-19,21:00:00,25.323,25.329,25.31,25.31,1103,0
2017-10-19,22:00:00,25.31,25.33,25.31,25.33,5338,0
2017-10-20,16:00:00,25.31,25.33,25.31,25.33,10015,0
2017-10-20,17:00:00,25.3269,25.33,25.3243,25.33,1343,0
2017-10-20,18:00:00,25.33,25.34,25.3249,25.3249,2726,0
2017-10-20,19:00:00,25.33,25.33,25.325,25.33,4391,0
2017-10-20,20:00:00,25.33,25.33,25.325,25.33,1077,0
2017-10-20,21:00:00,25.32,25.33,25.32,25.33,3496,0
2017-10-20,22:00:00,25.3207,25.33,25.31,25.32,39139,0
2017-10-23,16:00:00,25.32,25.34,25.32,25.33,4179,0
2017-10-23,17:00:00,25.33,25.33,25.32,25.33,9587,0
2017-10-23,18:00:00,25.33,25.36,25.33,25.341,17843,0
2017-10-23,19:00:00,25.3521,25.3521,25.34,25.34,1418,0
2017-10-23,20:00:00,25.3382,25.34,25.33,25.34,2803,0
2017-10-23,21:00:00,25.3359,25.3382,25.33,25.3317,6859,0
2017-10-23,22:00:00,25.3336,25.34,25.33,25.33,3739,0
2017-10-24,16:00:00,25.33,25.33,25.33,25.33,5200,0
2017-10-24,17:00:00,25.33,25.36,25.33,25.34,7366,0
2017-10-24,18:00:00,25.34,25.35,25.33,25.33,3855,0
2017-10-24,19:00:00,25.33,25.36,25.33,25.36,7535,0
2017-10-24,20:00:00,25.355,25.365,25.3452,25.36,72234,0
2017-10-24,21:00:00,25.37,25.37,25.37,25.37,500,0
2017-10-24,22:00:00,25.3572,25.37,25.3572,25.37,4300,0
2017-10-25,16:00:00,25.36,25.36,25.32,25.3349,1515,0
2017-10-25,17:00:00,25.32,25.34,25.32,25.33,17521,0
2017-10-25,18:00:00,25.336,25.34,25.33,25.3379,3423,0
2017-10-25,19:00:00,25.33,25.34,25.33,25.336,6271,0
2017-10-25,20:00:00,25.334,25.34,25.3323,25.34,2182,0
2017-10-25,21:00:00,25.331,25.3487,25.331,25.3487,10580,0
2017-10-25,22:00:00,25.3487,25.35,25.33,25.34,7349,0
2017-10-26,16:00:00,25.34,25.35,25.34,25.35,1901,0
2017-10-26,17:00:00,25.35,25.3577,25.34,25.34,2265,0
2017-10-26,18:00:00,25.34,25.35,25.34,25.34,17623,0
2017-10-26,19:00:00,25.34,25.35,25.34,25.34,1200,0
2017-10-26,20:00:00,25.345,25.35,25.34,25.34,2350,0
2017-10-26,21:00:00,25.34,25.36,25.34,25.34,4600,0
2017-10-26,22:00:00,25.34,25.3582,25.34,25.35,36308,0
2017-10-27,16:00:00,25.36,25.36,25.36,25.36,100,0
2017-10-27,17:00:00,25.36,25.3619,25.36,25.3619,2600,0
2017-10-27,18:00:00,25.3652,25.37,25.35,25.358,13370,0
2017-10-27,19:00:00,25.3523,25.369,25.35,25.35,3116,0
2017-10-27,20:00:00,25.35,25.368,25.35,25.352,1391,0
2017-10-27,21:00:00,25.36,25.3699,25.35,25.3699,1900,0
2017-10-27,22:00:00,25.35,25.3599,25.3463,25.3562,3987,0
2017-10-30,15:00:00,25.3799,25.3799,25.3654,25.3654,900,0
2017-10-30,16:00:00,25.37,25.37,25.35,25.35,724,0
2017-10-30,17:00:00,25.36,25.37,25.36,25.36,4715,0
2017-10-30,18:00:00,25.36,25.365,25.36,25.365,2396,0
2017-10-30,19:00:00,25.36,25.37,25.36,25.3658,1536,0
2017-10-30,20:00:00,25.36,25.37,25.36,25.36,8486,0
2017-10-30,21:00:00,25.36,25.3652,25.35,25.35,7413,0
2017-10-31,15:00:00,25.38,25.38,25.3644,25.3644,1022,0
2017-10-31,16:00:00,25.36,25.3799,25.36,25.3777,4235,0
2017-10-31,17:00:00,25.38,25.38,25.37,25.3723,1863,0
2017-10-31,18:00:00,25.3798,25.3798,25.35,25.3568,6371,0
2017-10-31,19:00:00,25.359,25.36,25.35,25.35,1475,0
2017-10-31,20:00:00,25.35,25.37,25.35,25.3607,1259,0
2017-10-31,21:00:00,25.352,25.39,25.3517,25.39,31667,0
2017-11-01,15:00:00,25.38,25.38,25.3742,25.3776,2787,0
2017-11-01,16:00:00,25.3703,25.3977,25.3703,25.3977,600,0
2017-11-01,17:00:00,25.3819,25.3903,25.38,25.39,5800,0
2017-11-01,18:00:00,25.3857,25.4,25.385,25.39,10724,0
2017-11-01,19:00:00,25.3979,25.3979,25.395,25.3961,1851,0
2017-11-01,20:00:00,25.377,25.3841,25.377,25.3841,1095,0
2017-11-01,21:00:00,25.38,25.39,25.38,25.39,8655,0
2017-11-02,15:00:00,25.4151,25.4151,25.4151,25.4151,126,0
2017-11-02,16:00:00,25.4299,25.4299,25.41,25.42,10782,0
2017-11-02,17:00:00,25.424,25.425,25.4232,25.4233,1535,0
2017-11-02,18:00:00,25.42,25.4205,25.42,25.42,9903,0
2017-11-02,19:00:00,25.42,25.4299,25.42,25.4299,11300,0
2017-11-02,20:00:00,25.4288,25.4499,25.42,25.4499,13400,0
2017-11-02,21:00:00,25.45,25.45,25.43,25.4332,3215,0
2017-11-03,15:00:00,25.45,25.45,25.4378,25.4378,703,0
2017-11-03,16:00:00,25.4379,25.45,25.43,25.45,1759,0
2017-11-03,17:00:00,25.43,25.45,25.43,25.44,4408,0
2017-11-03,18:00:00,25.44,25.45,25.4368,25.4368,2305,0
2017-11-03,19:00:00,25.44,25.44,25.44,25.44,6635,0
2017-11-03,20:00:00,25.4474,25.4474,25.44,25.44,1241,0
2017-11-03,21:00:00,25.45,25.45,25.4434,25.45,722,0
2017-11-06,16:00:00,25.43,25.4522,25.43,25.44,28322,0
2017-11-06,17:00:00,25.44,25.44,25.4338,25.4338,17191,0
2017-11-06,18:00:00,25.44,25.44,25.43,25.44,11658,0
2017-11-06,19:00:00,25.44,25.44,25.434,25.44,2416,0
2017-11-06,20:00:00,25.4321,25.44,25.4321,25.44,6000,0
2017-11-06,21:00:00,25.44,25.45,25.4381,25.4405,13011,0
2017-11-06,22:00:00,25.4456,25.45,25.43,25.44,15772,0
2017-11-07,16:00:00,25.45,25.46,25.45,25.46,6785,0
2017-11-07,17:00:00,25.44,25.45,25.44,25.45,20948,0
2017-11-07,18:00:00,25.44,25.45,25.44,25.45,33733,0
2017-11-07,19:00:00,25.4401,25.45,25.4401,25.45,6198,0
2017-11-07,20:00:00,25.4499,25.46,25.4401,25.4401,16422,0
2017-11-07,21:00:00,25.45,25.45,25.44,25.442,12388,0
2017-11-07,22:00:00,25.44,25.45,25.44,25.4403,20727,0
2017-11-08,16:00:00,25.46,25.46,25.44,25.46,1120,0
2017-11-08,17:00:00,25.44,25.47,25.44,25.45,3390,0
2017-11-08,18:00:00,25.4546,25.48,25.4546,25.48,8881,0
2017-11-08,19:00:00,25.48,25.48,25.47,25.47,3559,0
2017-11-08,20:00:00,25.4727,25.48,25.4727,25.475,8817,0
2017-11-08,21:00:00,25.48,25.48,25.4712,25.4712,357,0
2017-11-08,22:00:00,25.47,25.47,25.44,25.47,53113,0
2017-11-09,16:00:00,25.44,25.44,25.44,25.44,69307,0
2017-11-09,17:00:00,25.44,25.45,25.43,25.4422,16081,0
2017-11-09,18:00:00,25.445,25.45,25.44,25.4458,21810,0
2017-11-09,19:00:00,25.449,25.45,25.44,25.44,32407,0
2017-11-09,20:00:00,25.46,25.46,25.4482,25.456,1435,0
2017-11-09,21:00:00,25.45,25.46,25.445,25.45,18647,0
2017-11-09,22:00:00,25.44,25.45,25.44,25.4499,195321,0
2017-11-10,16:00:00,25.45,25.45,25.44,25.45,4238,0
2017-11-10,17:00:00,25.4405,25.4417,25.4401,25.4401,2330,0
2017-11-10,18:00:00,25.44,25.45,25.44,25.4401,42559,0
2017-11-10,19:00:00,25.4423,25.4423,25.4423,25.4423,500,0
2017-11-10,20:00:00,25.4431,25.4462,25.43,25.43,48011,0
2017-11-10,21:00:00,25.4399,25.44,25.43,25.4327,7030,0
2017-11-10,22:00:00,25.44,25.44,25.44,25.44,5472,0
2017-11-13,16:00:00,25.48,25.48,25.45,25.45,4450,0
2017-11-13,17:00:00,25.45,25.46,25.45,25.4519,4092,0
2017-11-13,18:00:00,25.45,25.46,25.45,25.45,1610,0
2017-11-13,19:00:00,25.4557,25.48,25.4557,25.4797,2459,0
2017-11-13,20:00:00,25.48,25.59,25.475,25.5444,39289,0
2017-11-13,21:00:00,25.57,25.58,25.46,25.46,29672,0
2017-11-13,22:00:00,25.53,25.57,25.53,25.56,22206,0
2017-11-14,16:00:00,25.49,25.54,25.47,25.47,802,0
2017-11-14,17:00:00,25.53,25.54,25.47,25.4701,9485,0
2017-11-14,18:00:00,25.51,25.53,25.46,25.53,6215,0
2017-11-14,19:00:00,25.5133,25.53,25.47,25.512,2928,0
2017-11-14,20:00:00,25.53,25.53,25.47,25.5145,5613,0
2017-11-14,21:00:00,25.52,25.52,25.47,25.52,2918,0
2017-11-14,22:00:00,25.4962,25.51,25.47,25.51,6463,0
2017-11-15,16:00:00,25.15,25.15,25.09,25.14,5136,0
2017-11-15,17:00:00,25.14,25.15,25.09,25.11,13568,0
2017-11-15,18:00:00,25.13,25.15,25.11,25.12,3615,0
2017-11-15,19:00:00,25.15,25.15,25.12,25.15,4182,0
2017-11-15,20:00:00,25.15,25.17,25.12,25.16,13254,0
2017-11-15,21:00:00,25.16,25.1661,25.11,25.15,15218,0
2017-11-15,22:00:00,25.1588,25.1588,25.09,25.12,10365,0
2017-11-16,16:00:00,25.12,25.15,25.12,25.14,4001,0
2017-11-16,17:00:00,25.15,25.16,25.12,25.16,7296,0
2017-11-16,18:00:00,25.17,25.17,25.1301,25.1571,5210,0
2017-11-16,19:00:00,25.17,25.17,25.14,25.15,4279,0
2017-11-16,20:00:00,25.16,25.19,25.15,25.18,3207,0
2017-11-16,21:00:00,25.18,25.2,25.18,25.2,5762,0
2017-11-16,22:00:00,25.1998,25.2,25.18,25.18,6378,0
2017-11-17,16:00:00,25.2,25.2,25.17,25.17,7726,0
2017-11-17,17:00:00,25.2,25.2,25.17,25.19,6176,0
2017-11-17,18:00:00,25.19,25.19,25.18,25.18,4291,0
2017-11-17,19:00:00,25.19,25.2,25.17,25.2,21760,0
2017-11-17,20:00:00,25.2099,25.21,25.17,25.17,4877,0
2017-11-17,21:00:00,25.2099,25.21,25.04,25.17,41065,0
2017-11-17,22:00:00,25.15,25.168,25.12,25.14,8217,0
2017-11-20,16:00:00,25.17,25.17,25.1463,25.1463,4416,0
2017-11-20,17:00:00,25.16,25.22,25.16,25.22,24775,0
2017-11-20,18:00:00,25.22,25.22,25.205,25.22,5603,0
2017-11-20,19:00:00,25.22,25.23,25.2199,25.2299,10760,0
2017-11-20,20:00:00,25.23,25.23,25.2159,25.23,2900,0
2017-11-20,21:00:00,25.23,25.23,25.22,25.23,6080,0
2017-11-20,22:00:00,25.23,25.23,25.2162,25.2162,7654,0
2017-11-21,16:00:00,25.18,25.23,25.17,25.23,4775,0
2017-11-21,17:00:00,25.23,25.23,25.2101,25.23,2054,0
2017-11-21,18:00:00,25.225,25.23,25.225,25.23,11200,0
2017-11-21,19:00:00,25.23,25.23,25.22,25.23,7313,0
2017-11-21,20:00:00,25.2201,25.24,25.22,25.23,3991,0
2017-11-21,21:00:00,25.23,25.24,25.2,25.24,15747,0
2017-11-21,22:00:00,25.214,25.2399,25.2076,25.22,1958,0
2017-11-22,16:00:00,25.23,25.24,25.2243,25.24,2500,0
2017-11-22,17:00:00,25.2245,25.24,25.21,25.24,2139,0
2017-11-22,18:00:00,25.239,25.24,25.2,25.2,4284,0
2017-11-22,19:00:00,25.23,25.23,25.2,25.23,6375,0
2017-11-22,20:00:00,25.23,25.23,25.2141,25.22,3043,0
2017-11-22,21:00:00,25.23,25.23,25.22,25.23,1844,0
2017-11-22,22:00:00,25.2212,25.24,25.22,25.24,3529,0
2017-11-24,16:00:00,25.23,25.23,25.2151,25.2282,3538,0
2017-11-24,17:00:00,25.2124,25.2276,25.21,25.21,2382,0
2017-11-24,18:00:00,25.22,25.23,25.22,25.2299,500,0
2017-11-24,19:00:00,25.23,25.23,25.2,25.2193,2126,0
2017-11-27,16:00:00,25.21,25.21,25.21,25.21,440,0
2017-11-27,17:00:00,25.2297,25.26,25.2297,25.2401,6614,0
2017-11-27,18:00:00,25.25,25.26,25.24,25.257,4460,0
2017-11-27,19:00:00,25.26,25.26,25.25,25.26,2210,0
2017-11-27,20:00:00,25.26,25.26,25.25,25.2562,10456,0
2017-11-27,21:00:00,25.26,25.26,25.2517,25.26,4725,0
2017-11-27,22:00:00,25.2562,25.26,25.2531,25.2599,3041,0
2017-11-28,16:00:00,25.26,25.26,25.2501,25.2501,5948,0
2017-11-28,17:00:00,25.25,25.26,25.2203,25.2504,7025,0
2017-11-28,18:00:00,25.248,25.26,25.24,25.26,14349,0
2017-11-28,19:00:00,25.2528,25.26,25.25,25.2507,6837,0
2017-11-28,21:00:00,25.26,25.27,25.2501,25.27,18421,0
2017-11-28,22:00:00,25.25,25.27,25.25,25.27,11508,0
2017-11-29,16:00:00,25.27,25.27,25.2699,25.2699,1360,0
2017-11-29,17:00:00,25.26,25.26,25.2101,25.2101,225,0
2017-11-29,18:00:00,25.259,25.26,25.2105,25.2539,7951,0
2017-11-29,19:00:00,25.26,25.26,25.2441,25.26,1417,0
2017-11-29,20:00:00,25.26,25.26,25.2571,25.2571,790,0
2017-11-29,21:00:00,25.27,25.275,25.2495,25.27,31203,0
2017-11-29,22:00:00,25.27,25.28,25.27,25.27,20021,0
2017-11-30,16:00:00,25.28,25.28,25.22,25.28,2108,0
2017-11-30,17:00:00,25.28,25.28,25.26,25.28,21484,0
2017-11-30,18:00:00,25.28,25.29,25.28,25.29,10757,0
2017-11-30,19:00:00,25.29,25.29,25.2704,25.29,5035,0
2017-11-30,20:00:00,25.2899,25.29,25.285,25.29,3204,0
2017-11-30,21:00:00,25.29,25.29,25.2801,25.29,9028,0
2017-11-30,22:00:00,25.29,25.29,25.27,25.27,10055,0
2017-12-01,16:00:00,25.29,25.29,25.27,25.2899,4379,0
2017-12-01,17:00:00,25.2603,25.29,25.2603,25.29,3854,0
2017-12-01,18:00:00,25.288,25.29,25.28,25.28,9662,0
2017-12-01,19:00:00,25.3,25.3,25.29,25.3,3466,0
2017-12-01,20:00:00,25.2931,25.31,25.28,25.31,8087,0
2017-12-01,21:00:00,25.31,25.32,25.3018,25.3059,11119,0
2017-12-01,22:00:00,25.31,25.31,25.3069,25.31,2787,0
2017-12-04,16:00:00,25.31,25.31,25.31,25.31,4400,0
2017-12-04,17:00:00,25.31,25.32,25.2725,25.3101,11163,0
2017-12-04,18:00:00,25.3163,25.32,25.3162,25.3175,18584,0
2017-12-04,19:00:00,25.32,25.34,25.311,25.3333,22003,0
2017-12-04,20:00:00,25.34,25.37,25.33,25.365,10359,0
2017-12-04,21:00:00,25.36,25.37,25.31,25.315,14881,0
2017-12-04,22:00:00,25.32,25.37,25.3127,25.35,2754,0
2017-12-05,16:00:00,25.3,25.3462,25.3,25.3462,3413,0
2017-12-05,17:00:00,25.34,25.37,25.34,25.37,6424,0
2017-12-05,18:00:00,25.37,25.37,25.362,25.37,3717,0
2017-12-05,19:00:00,25.3699,25.37,25.36,25.3638,8979,0
2017-12-05,20:00:00,25.37,25.38,25.3614,25.3624,7148,0
2017-12-05,21:00:00,25.37,25.38,25.36,25.38,2145,0
2017-12-05,22:00:00,25.36,25.38,25.36,25.38,9054,0
2017-12-06,16:00:00,25.33,25.3544,25.33,25.3544,893,0
2017-12-06,17:00:00,25.3783,25.38,25.3503,25.38,5837,0
2017-12-06,18:00:00,25.38,25.38,25.3681,25.3681,2875,0
2017-12-06,19:00:00,25.3503,25.3722,25.35,25.3722,1097,0
2017-12-06,20:00:00,25.3781,25.3781,25.36,25.36,1750,0
2017-12-06,21:00:00,25.38,25.39,25.375,25.3899,4958,0
2017-12-06,22:00:00,25.3801,25.39,25.37,25.39,6558,0
2017-12-07,17:00:00,25.3437,25.41,25.34,25.41,7586,0
2017-12-07,18:00:00,25.42,25.42,25.402,25.42,5498,0
2017-12-07,19:00:00,25.43,25.4307,25.408,25.408,1978,0
2017-12-07,20:00:00,25.44,25.45,25.4277,25.4362,14737,0
2017-12-07,21:00:00,25.45,25.45,25.3,25.4095,70487,0
2017-12-07,22:00:00,25.402,25.416,25.37,25.37,10628,0
2017-12-08,16:00:00,25.37,25.42,25.37,25.42,2350,0
2017-12-08,17:00:00,25.41,25.42,25.4,25.4,2696,0
2017-12-08,18:00:00,25.42,25.43,25.4117,25.43,2375,0
2017-12-08,19:00:00,25.43,25.43,25.421,25.43,1282,0
2017-12-08,20:00:00,25.43,25.44,25.43,25.44,4572,0
2017-12-08,21:00:00,25.4377,25.44,25.43,25.4301,6188,0
2017-12-08,22:00:00,25.4307,25.44,25.43,25.43,10029,0
2017-12-11,16:00:00,25.4,25.45,25.4,25.43,3144,0
2017-12-11,17:00:00,25.45,25.45,25.43,25.45,17075,0
2017-12-11,18:00:00,25.43,25.4397,25.41,25.4396,7984,0
2017-12-11,19:00:00,25.4128,25.43,25.41,25.41,1524,0
2017-12-11,20:00:00,25.4147,25.42,25.41,25.42,2318,0
2017-12-11,21:00:00,25.4102,25.46,25.4,25.4,52554,0
2017-12-11,22:00:00,25.3707,25.416,25.3707,25.38,993,0
2017-12-12,16:00:00,25.39,25.39,25.39,25.39,138,0
2017-12-12,17:00:00,25.4202,25.425,25.4092,25.4134,8928,0
2017-12-12,18:00:00,25.4128,25.42,25.3913,25.4199,4439,0
2017-12-12,19:00:00,25.42,25.42,25.4,25.4,4720,0
2017-12-12,20:00:00,25.4,25.41,25.38,25.386,15186,0
2017-12-12,21:00:00,25.39,25.4,25.3793,25.3937,10274,0
2017-12-12,22:00:00,25.4,25.4,25.34,25.36,16400,0
2017-12-13,16:00:00,25.34,25.36,25.34,25.34,3501,0
2017-12-13,17:00:00,25.34,25.35,25.34,25.34,1100,0
2017-12-13,18:00:00,25.34,25.35,25.295,25.295,38726,0
2017-12-13,19:00:00,25.295,25.3,25.28,25.28,93684,0
2017-12-13,20:00:00,25.2831,25.29,25.28,25.28,10920,0
2017-12-13,21:00:00,25.28,25.35,25.28,25.35,8873,0
2017-12-13,22:00:00,25.344,25.35,25.3,25.35,15665,0
2017-12-14,16:00:00,25.35,25.35,25.33,25.33,2066,0
2017-12-14,17:00:00,25.32,25.35,25.3,25.35,6520,0
2017-12-14,18:00:00,25.35,25.38,25.33,25.38,25824,0
2017-12-14,19:00:00,25.38,25.39,25.37,25.3701,4356,0
2017-12-14,20:00:00,25.37,25.39,25.31,25.34,24737,0
2017-12-14,21:00:00,25.3404,25.36,25.34,25.36,1100,0
2017-12-14,22:00:00,25.35,25.35,25.31,25.31,9769,0
2017-12-15,16:00:00,25.35,25.35,25.32,25.32,4175,0
2017-12-15,17:00:00,25.35,25.37,25.32,25.3502,17024,0
2017-12-15,18:00:00,25.33,25.365,25.2,25.26,144130,0
2017-12-15,19:00:00,25.28,25.3,25.28,25.29,12801,0
2017-12-15,20:00:00,25.2794,25.3046,25.2782,25.2999,1443,0
2017-12-15,21:00:00,25.2861,25.3,25.27,25.285,14744,0
2017-12-15,22:00:00,25.3,25.3022,25.28,25.28,25095,0
2017-12-18,16:00:00,25.29,25.3254,25.29,25.31,2595,0
2017-12-18,17:00:00,25.3199,25.32,25.29,25.3,11634,0
2017-12-18,18:00:00,25.31,25.33,25.3,25.33,7267,0
2017-12-18,19:00:00,25.33,25.33,25.318,25.33,3600,0
2017-12-18,20:00:00,25.33,25.34,25.32,25.3272,3696,0
2017-12-18,21:00:00,25.34,25.34,25.31,25.34,3169,0
2017-12-18,22:00:00,25.32,25.33,25.26,25.27,61599,0
2017-12-19,16:00:00,25.3,25.3,25.2899,25.2899,1830,0
2017-12-19,17:00:00,25.27,25.2854,25.26,25.27,7024,0
2017-12-19,18:00:00,25.2699,25.27,25.26,25.2693,1821,0
2017-12-19,19:00:00,25.26,25.2608,25.26,25.2607,2500,0
2017-12-19,20:00:00,25.26,25.2651,25.26,25.2651,1200,0
2017-12-19,21:00:00,25.2657,25.2939,25.25,25.25,35066,0
2017-12-19,22:00:00,25.25,25.3,25.23,25.3,86839,0
2017-12-20,16:00:00,25.29,25.29,25.248,25.28,2288,0
2017-12-20,17:00:00,25.29,25.2997,25.27,25.27,4514,0
2017-12-20,18:00:00,25.27,25.31,25.25,25.2852,4563,0
2017-12-20,19:00:00,25.31,25.31,25.296,25.2999,7699,0
2017-12-20,20:00:00,25.2949,25.31,25.2801,25.2801,2925,0
2017-12-20,21:00:00,25.295,25.31,25.2894,25.3005,3104,0
2017-12-20,22:00:00,25.2912,25.31,25.25,25.25,16843,0
2017-12-21,16:00:00,25.29,25.299,25.2684,25.299,1460,0
2017-12-21,17:00:00,25.26,25.26,25.26,25.26,1500,0
2017-12-21,18:00:00,25.2996,25.31,25.29,25.29,4494,0
2017-12-21,19:00:00,25.3,25.31,25.29,25.2975,3435,0
2017-12-21,20:00:00,25.3099,25.32,25.3099,25.32,3281,0
2017-12-21,21:00:00,25.32,25.34,25.3169,25.3331,7885,0
2017-12-21,22:00:00,25.33,25.34,25.33,25.33,4980,0
2017-12-22,16:00:00,25.27,25.27,25.27,25.27,2500,0
2017-12-22,17:00:00,25.3092,25.3092,25.286,25.286,518,0
2017-12-22,18:00:00,25.27,25.2898,25.27,25.28,1699,0
2017-12-22,19:00:00,25.2701,25.32,25.2701,25.31,3631,0
2017-12-22,20:00:00,25.31,25.33,25.31,25.33,2707,0
2017-12-22,21:00:00,25.3299,25.33,25.31,25.31,9200,0
2017-12-22,22:00:00,25.33,25.33,25.31,25.31,3316,0
2017-12-26,16:00:00,25.34,25.34,25.31,25.3355,5973,0
2017-12-26,17:00:00,25.3169,25.34,25.31,25.31,2600,0
2017-12-26,18:00:00,25.325,25.3399,25.322,25.33,3509,0
2017-12-26,19:00:00,25.33,25.33,25.3261,25.3261,1385,0
2017-12-26,20:00:00,25.32,25.3299,25.31,25.31,2094,0
2017-12-26,21:00:00,25.32,25.3332,25.32,25.3301,5088,0
2017-12-26,22:00:00,25.32,25.3398,25.27,25.27,16760,0
2017-12-27,16:00:00,25.27,25.32,25.27,25.32,12622,0
2017-12-27,17:00:00,25.311,25.3162,25.311,25.311,1128,0
2017-12-27,18:00:00,25.31,25.3199,25.3,25.3,6014,0
2017-12-27,19:00:00,25.2924,25.3139,25.2924,25.2931,2441,0
2017-12-27,20:00:00,25.28,25.31,25.28,25.3077,5997,0
2017-12-27,21:00:00,25.28,25.28,25.28,25.28,323,0
2017-12-27,22:00:00,25.28,25.3,25.28,25.29,2776,0
2017-12-28,16:00:00,25.29,25.29,25.28,25.28,565,0
2017-12-28,17:00:00,25.3,25.3021,25.3,25.3,2300,0
2017-12-28,18:00:00,25.304,25.31,25.3,25.3,5824,0
2017-12-28,19:00:00,25.31,25.3127,25.3,25.301,1467,0
2017-12-28,20:00:00,25.3,25.32,25.3,25.32,5400,0
2017-12-28,21:00:00,25.32,25.32,25.3085,25.3085,1850,0
2017-12-28,22:00:00,25.3,25.31,25.3,25.3,2484,0
2017-12-29,16:00:00,25.31,25.31,25.3,25.3,440,0
2017-12-29,17:00:00,25.28,25.28,25.25,25.25,5809,0
2017-12-29,18:00:00,25.25,25.29,25.25,25.25,22399,0
2017-12-29,19:00:00,25.29,25.3006,25.25,25.28,13721,0
2017-12-29,20:00:00,25.2862,25.2862,25.25,25.26,6504,0
2017-12-29,21:00:00,25.2562,25.2819,25.2562,25.275,10242,0
2017-12-29,22:00:00,25.27,25.31,25.27,25.31,24267,0
2018-01-02,16:00:00,25.31,25.31,25.31,25.31,400,0
2018-01-02,17:00:00,25.2701,25.31,25.27,25.2779,2401,0
2018-01-02,18:00:00,25.27,25.2799,25.25,25.2599,9147,0
2018-01-02,19:00:00,25.25,25.2577,25.25,25.25,2531,0
2018-01-02,20:00:00,25.25,25.25,25.225,25.23,24070,0
2018-01-02,21:00:00,25.23,25.2333,25.21,25.23,11004,0
2018-01-02,22:00:00,25.2241,25.2398,25.22,25.22,16930,0
2018-01-03,16:00:00,25.24,25.24,25.22,25.22,1100,0
2018-01-03,17:00:00,25.24,25.24,25.21,25.2199,9995,0
2018-01-03,18:00:00,25.21,25.2199,25.21,25.2167,4000,0
2018-01-03,19:00:00,25.22,25.25,25.22,25.235,3240,0
2018-01-03,20:00:00,25.235,25.25,25.22,25.22,4884,0
2018-01-03,21:00:00,25.22,25.2397,25.21,25.21,4416,0
2018-01-03,22:00:00,25.21,25.23,25.21,25.22,11983,0
2018-01-04,16:00:00,25.23,25.2328,25.22,25.2328,1728,0
2018-01-04,17:00:00,25.228,25.23,25.2199,25.2199,8333,0
2018-01-04,18:00:00,25.22,25.2307,25.21,25.23,13968,0
2018-01-04,19:00:00,25.24,25.25,25.2221,25.25,4696,0
2018-01-04,20:00:00,25.25,25.29,25.2394,25.2501,7425,0
2018-01-04,21:00:00,25.28,25.29,25.2709,25.29,6093,0
2018-01-04,22:00:00,25.2708,25.28,25.22,25.22,26855,0
2018-01-05,16:00:00,25.27,25.27,25.27,25.27,2500,0
2018-01-05,17:00:00,25.2476,25.2526,25.24,25.24,1622,0
2018-01-05,18:00:00,25.26,25.2732,25.2599,25.2732,3531,0
2018-01-05,19:00:00,25.28,25.28,25.27,25.27,847,0
2018-01-05,20:00:00,25.2725,25.28,25.27,25.27,12324,0
2018-01-05,21:00:00,25.27,25.27,25.2472,25.2472,7807,0
2018-01-05,22:00:00,25.25,25.28,25.22,25.2245,10802,0
2018-01-08,16:00:00,25.23,25.2476,25.23,25.2476,4308,0
2018-01-08,17:00:00,25.2505,25.26,25.23,25.2301,3450,0
2018-01-08,18:00:00,25.24,25.24,25.23,25.23,1933,0
2018-01-08,19:00:00,25.2302,25.24,25.23,25.24,2139,0
2018-01-08,20:00:00,25.24,25.25,25.23,25.24,2343,0
2018-01-08,21:00:00,25.256,25.26,25.24,25.24,2586,0
2018-01-08,22:00:00,25.2434,25.2499,25.23,25.2399,7572,0
2018-01-09,16:00:00,25.29,25.29,25.24,25.26,10127,0
2018-01-09,17:00:00,25.26,25.2801,25.26,25.2801,2690,0
2018-01-09,18:00:00,25.28,25.2899,25.27,25.27,1360,0
2018-01-09,19:00:00,25.28,25.2834,25.28,25.2834,429,0
2018-01-09,20:00:00,25.29,25.29,25.27,25.2734,1659,0
2018-01-09,21:00:00,25.2737,25.29,25.24,25.26,6700,0
2018-01-09,22:00:00,25.2601,25.29,25.24,25.29,6856,0
2018-01-10,16:00:00,25.27,25.27,25.2,25.22,6158,0
2018-01-10,17:00:00,25.26,25.26,25.22,25.2362,5561,0
2018-01-10,18:00:00,25.25,25.27,25.2296,25.27,13087,0
2018-01-10,19:00:00,25.256,25.27,25.24,25.263,8387,0
2018-01-10,20:00:00,25.251,25.27,25.251,25.2571,3012,0
2018-01-10,21:00:00,25.27,25.27,25.25,25.26,4734,0
2018-01-10,22:00:00,25.26,25.28,25.24,25.28,6687,0
2018-01-11,16:00:00,25.25,25.2549,25.25,25.2549,10436,0
2018-01-11,17:00:00,25.273,25.273,25.25,25.26,18304,0
2018-01-11,18:00:00,25.25,25.27,25.25,25.27,5531,0
2018-01-11,19:00:00,25.27,25.29,25.27,25.29,6126,0
2018-01-11,20:00:00,25.29,25.29,25.28,25.2801,6252,0
2018-01-11,21:00:00,25.28,25.29,25.28,25.28,1109,0
2018-01-11,22:00:00,25.2837,25.29,25.28,25.29,8981,0
2018-01-12,16:00:00,25.29,25.3,25.26,25.2998,3840,0
2018-01-12,17:00:00,25.3,25.31,25.28,25.29,15753,0
2018-01-12,18:00:00,25.28,25.31,25.26,25.31,13550,0
2018-01-12,19:00:00,25.31,25.31,25.28,25.28,3622,0
2018-01-12,20:00:00,25.3,25.3,25.288,25.3,1000,0
2018-01-12,21:00:00,25.3,25.3,25.28,25.3,10849,0
2018-01-12,22:00:00,25.3,25.3,25.28,25.29,4629,0
2018-01-16,16:00:00,25.3,25.3,25.28,25.2862,3695,0
2018-01-16,17:00:00,25.28,25.29,25.26,25.28,10769,0
2018-01-16,18:00:00,25.285,25.29,25.27,25.27,5858,0
2018-01-16,19:00:00,25.27,25.3,25.27,25.3,4263,0
2018-01-16,20:00:00,25.2866,25.2998,25.28,25.292,4071,0
2018-01-16,21:00:00,25.2999,25.3,25.28,25.28,7162,0
2018-01-16,22:00:00,25.28,25.28,25.25,25.25,5071,0
2018-01-17,16:00:00,25.25,25.3,25.25,25.3,1229,0
2018-01-17,17:00:00,25.25,25.2552,25.25,25.25,6522,0
2018-01-17,18:00:00,25.2562,25.26,25.2562,25.26,516,0
2018-01-17,19:00:00,25.2607,25.28,25.2607,25.28,326,0
2018-01-17,20:00:00,25.2679,25.279,25.25,25.25,3206,0
2018-01-17,21:00:00,25.2507,25.2507,25.24,25.25,9110,0
2018-01-17,22:00:00,25.2558,25.259,25.24,25.25,3669,0
2018-01-18,16:00:00,25.24,25.2647,25.24,25.24,3190,0
2018-01-18,17:00:00,25.24,25.26,25.24,25.241,11287,0
2018-01-18,18:00:00,25.25,25.25,25.22,25.2368,8728,0
2018-01-18,19:00:00,25.2596,25.26,25.2201,25.2407,5592,0
2018-01-18,20:00:00,25.2425,25.2499,25.2301,25.2302,3850,0
2018-01-18,21:00:00,25.2402,25.25,25.23,25.25,5464,0
2018-01-18,22:00:00,25.2473,25.25,25.22,25.23,8192,0
2018-01-19,16:00:00,25.23,25.25,25.23,25.25,12400,0
2018-01-19,17:00:00,25.23,25.24,25.23,25.23,4945,0
2018-01-19,18:00:00,25.22,25.22,25.21,25.22,3260,0
2018-01-19,19:00:00,25.2219,25.25,25.21,25.2499,21055,0
2018-01-19,20:00:00,25.2301,25.25,25.23,25.2499,5193,0
2018-01-19,21:00:00,25.2499,25.25,25.231,25.24,1480,0
2018-01-19,22:00:00,25.241,25.33,25.21,25.21,86673,0
2018-01-22,16:00:00,25.3,25.3199,25.3,25.3199,5268,0
2018-01-22,17:00:00,25.269,25.27,25.22,25.23,12272,0
2018-01-22,18:00:00,25.242,25.2809,25.242,25.2763,860,0
2018-01-22,19:00:00,25.28,25.2896,25.25,25.2582,3096,0
2018-01-22,20:00:00,25.25,25.2896,25.25,25.2785,1273,0
2018-01-22,21:00:00,25.25,25.29,25.23,25.24,7678,0
2018-01-22,22:00:00,25.2438,25.2486,25.22,25.23,15034,0
2018-01-23,16:00:00,25.3,25.3,25.25,25.3,9896,0
2018-01-23,17:00:00,25.2703,25.2735,25.25,25.2591,7213,0
2018-01-23,18:00:00,25.2797,25.28,25.25,25.2717,4354,0
2018-01-23,19:00:00,25.25,25.2599,25.25,25.2599,1174,0
2018-01-23,20:00:00,25.25,25.27,25.25,25.2501,2300,0
2018-01-23,21:00:00,25.25,25.27,25.25,25.2595,4713,0
2018-01-23,22:00:00,25.2653,25.3,25.25,25.3,14149,0
2018-01-24,16:00:00,25.25,25.28,25.24,25.255,3861,0
2018-01-24,17:00:00,25.26,25.27,25.23,25.27,5132,0
2018-01-24,18:00:00,25.25,25.273,25.24,25.2434,8765,0
2018-01-24,19:00:00,25.2487,25.26,25.24,25.26,3575,0
2018-01-24,20:00:00,25.25,25.28,25.25,25.2797,6232,0
2018-01-24,21:00:00,25.2569,25.2797,25.25,25.2583,2738,0
2018-01-24,22:00:00,25.2544,25.29,25.25,25.29,2771,0
2018-01-25,16:00:00,25.2976,25.2976,25.25,25.25,2015,0
2018-01-25,17:00:00,25.25,25.29,25.25,25.29,1318,0
2018-01-25,18:00:00,25.29,25.3,25.25,25.28,13659,0
2018-01-25,19:00:00,25.2824,25.2924,25.28,25.28,903,0
2018-01-25,20:00:00,25.273,25.3,25.27,25.3,1820,0
2018-01-25,21:00:00,25.281,25.3,25.26,25.2936,7692,0
2018-01-25,22:00:00,25.2801,25.3,25.28,25.28,5807,0
2018-01-26,16:00:00,25.28,25.32,25.28,25.32,20563,0
2018-01-26,17:00:00,25.32,25.32,25.3,25.309,3525,0
2018-01-26,18:00:00,25.294,25.32,25.294,25.3,20175,0
2018-01-26,19:00:00,25.3,25.3,25.28,25.28,4492,0
2018-01-26,20:00:00,25.28,25.2849,25.26,25.2699,7717,0
2018-01-26,21:00:00,25.26,25.28,25.25,25.28,13638,0
2018-01-26,22:00:00,25.27,25.2886,25.26,25.26,4987,0
2018-01-29,16:00:00,25.27,25.27,25.23,25.23,9377,0
2018-01-29,17:00:00,25.23,25.23,25.16,25.16,39549,0
2018-01-29,18:00:00,25.17,25.2,25.16,25.17,24675,0
2018-01-29,19:00:00,25.17,25.18,25.16,25.18,13323,0
2018-01-29,20:00:00,25.18,25.19,25.1763,25.18,6340,0
2018-01-29,21:00:00,25.19,25.19,25.17,25.1799,5728,0
2018-01-29,22:00:00,25.17,25.1893,25.17,25.18,15013,0
2018-01-30,16:00:00,25.15,25.15,25.11,25.11,9102,0
2018-01-30,17:00:00,25.12,25.21,25.12,25.2075,11540,0
2018-01-30,18:00:00,25.21,25.22,25.21,25.22,6845,0
2018-01-30,19:00:00,25.21,25.21,25.16,25.1613,11225,0
2018-01-30,20:00:00,25.16,25.17,25.142,25.1667,8699,0
2018-01-30,21:00:00,25.16,25.17,25.16,25.1601,4135,0
2018-01-30,22:00:00,25.17,25.17,25.16,25.17,9480,0
2018-01-31,16:00:00,25.25,25.2657,25.2,25.24,2600,0
2018-01-31,17:00:00,25.2,25.2,25.11,25.14,25057,0
2018-01-31,18:00:00,25.14,25.18,25.14,25.16,11354,0
2018-01-31,19:00:00,25.155,25.18,25.15,25.157,4580,0
2018-01-31,20:00:00,25.17,25.178,25.15,25.178,5765,0
2018-01-31,21:00:00,25.1728,25.18,25.1401,25.1536,6323,0
2018-01-31,22:00:00,25.16,25.2,25.15,25.2,4697,0
2018-02-01,16:00:00,25.2,25.2,25.1814,25.1814,890,0
2018-02-01,17:00:00,25.199,25.2,25.1759,25.1759,3603,0
2018-02-01,18:00:00,25.1783,25.19,25.171,25.1745,1900,0
2018-02-01,19:00:00,25.1671,25.19,25.16,25.1662,8980,0
2018-02-01,20:00:00,25.17,25.17,25.16,25.16,2807,0
2018-02-01,21:00:00,25.17,25.17,25.12,25.12,8982,0
2018-02-01,22:00:00,25.13,25.1399,25.0936,25.12,18921,0
2018-02-02,16:00:00,25.09,25.09,24.91,24.9529,39331,0
2018-02-02,17:00:00,24.96,25.08,24.95,25.0758,6723,0
2018-02-02,18:00:00,25.035,25.0575,25,25.02,10557,0
2018-02-02,19:00:00,25.01,25.01,24.98,24.9949,16540,0
2018-02-02,20:00:00,24.995,25.01,24.98,25,28373,0
2018-02-02,21:00:00,25.0052,25.0149,24.97,24.9878,32548,0
2018-02-02,22:00:00,24.9885,25.01,24.98,25.01,19771,0
2018-02-05,16:00:00,25,25,24.989,24.99,3049,0
2018-02-05,17:00:00,25.03,25.09,25.02,25.08,16010,0
2018-02-05,18:00:00,25.07,25.09,25.07,25.07,1865,0
2018-02-05,19:00:00,25.07,25.07,25.04,25.0464,2797,0
2018-02-05,20:00:00,25.04,25.04,25.02,25.04,8264,0
2018-02-05,21:00:00,25.04,25.05,25.03,25.03,6041,0
2018-02-05,22:00:00,25.03,25.05,25.02,25.0499,9649,0
2018-02-06,16:00:00,24.91,25.0699,24.91,25.05,21348,0
2018-02-06,17:00:00,25.05,25.09,25.0101,25.03,12657,0
2018-02-06,18:00:00,25.03,25.0519,25.01,25.01,6791,0
2018-02-06,19:00:00,25.0339,25.04,25.02,25.03,6555,0
2018-02-06,20:00:00,25.0354,25.06,25.03,25.06,4393,0
2018-02-06,21:00:00,25.0401,25.06,25.0401,25.06,987,0
2018-02-06,22:00:00,25.055,25.12,25.04,25.12,22023,0
2018-02-07,16:00:00,25.1,25.1333,25.1,25.13,4545,0
2018-02-07,17:00:00,25.1202,25.15,25.1202,25.15,4598,0
2018-02-07,18:00:00,25.1501,25.1599,25.15,25.1599,8757,0
2018-02-07,19:00:00,25.15,25.1971,25.15,25.195,13672,0
2018-02-07,20:00:00,25.2,25.2,25.19,25.19,31960,0
2018-02-07,21:00:00,25.1933,25.2,25.18,25.18,14189,0
2018-02-07,22:00:00,25.18,25.2,25.18,25.2,5053,0
2018-02-08,16:00:00,25.15,25.2,25.15,25.2,7996,0
2018-02-08,17:00:00,25.194,25.21,25.194,25.2,2582,0
2018-02-08,18:00:00,25.19,25.26,25.18,25.26,14054,0
2018-02-08,19:00:00,25.2597,25.26,25.23,25.2471,1606,0
2018-02-08,20:00:00,25.22,25.25,25.19,25.24,17117,0
2018-02-08,21:00:00,25.23,25.25,25.2,25.2499,7637,0
2018-02-08,22:00:00,25.25,25.25,25.19,25.23,22980,0
2018-02-09,16:00:00,25.28,25.28,25.2077,25.25,18388,0
2018-02-09,17:00:00,25.22,25.24,25.15,25.23,14957,0
2018-02-09,18:00:00,25.23,25.24,25.1901,25.24,8681,0
2018-02-09,19:00:00,25.2399,25.24,25.18,25.2,17638,0
2018-02-09,20:00:00,25.18,25.23,25.18,25.23,7765,0
2018-02-09,21:00:00,25.23,25.24,25.2,25.23,16078,0
2018-02-09,22:00:00,25.23,25.25,25.2001,25.25,10803,0
2018-02-12,16:00:00,25.25,25.25,25.2413,25.2413,3275,0
2018-02-12,17:00:00,25.25,25.26,25.2301,25.2405,7269,0
2018-02-12,18:00:00,25.24,25.2401,25.22,25.2305,1032,0
2018-02-12,19:00:00,25.25,25.27,25.2325,25.27,4267,0
2018-02-12,20:00:00,25.276,25.32,25.27,25.3,7075,0
2018-02-12,21:00:00,25.32,25.35,25.31,25.3233,6127,0
2018-02-12,22:00:00,25.3,25.34,25.2992,25.33,6492,0
2018-02-13,16:00:00,24.98,25,24.96,24.99,10809,0
2018-02-13,17:00:00,24.99,25.01,24.9812,25,22478,0
2018-02-13,18:00:00,25,25,24.98,25,12017,0
2018-02-13,19:00:00,25,25,24.9934,24.995,10998,0
2018-02-13,20:00:00,24.996,25,24.99,24.99,3909,0
2018-02-13,21:00:00,25,25,24.99,25,8600,0
2018-02-13,22:00:00,24.9999,25,24.97,24.97,11760,0
2018-02-14,16:00:00,24.95,24.96,24.94,24.95,6885,0
2018-02-14,17:00:00,24.973,24.98,24.9696,24.9792,8745,0
2018-02-14,18:00:00,24.9787,25,24.9776,24.9994,17813,0
2018-02-14,19:00:00,24.99,24.99,24.98,24.99,20662,0
2018-02-14,20:00:00,24.9832,24.99,24.9801,24.9801,11345,0
2018-02-14,21:00:00,24.989,24.99,24.9746,24.9746,4862,0
2018-02-14,22:00:00,24.97,24.98,24.967,24.97,15810,0
2018-02-15,16:00:00,24.97,25,24.97,24.99,3341,0
2018-02-15,17:00:00,24.9935,25,24.98,24.99,10562,0
2018-02-15,18:00:00,24.98,25,24.98,24.98,12534,0
2018-02-15,19:00:00,24.9951,25,24.98,25,9402,0
2018-02-15,20:00:00,25,25,24.98,25,16732,0
2018-02-15,21:00:00,24.995,25,24.98,24.9937,17840,0
2018-02-15,22:00:00,24.9817,24.9999,24.98,24.9998,8039,0
2018-02-16,16:00:00,24.98,25.03,24.98,25.03,1780,0
2018-02-16,17:00:00,25.01,25.03,25,25.023,2094,0
2018-02-16,18:00:00,25.03,25.04,25.0299,25.0394,22532,0
2018-02-16,19:00:00,25.04,25.05,25.01,25.01,14728,0
2018-02-16,20:00:00,25.0083,25.02,25,25,2575,0
2018-02-16,21:00:00,25,25.01,24.99,25.01,7555,0
2018-02-16,22:00:00,25.01,25.01,25,25.01,11309,0
2018-02-20,16:00:00,25.02,25.03,25.01,25.03,10675,0
2018-02-20,17:00:00,25.0238,25.03,25.01,25.0201,8276,0
2018-02-20,18:00:00,25.03,25.04,25.011,25.04,25212,0
2018-02-20,19:00:00,25.04,25.04,25.0257,25.04,3778,0
2018-02-20,20:00:00,25.0353,25.04,25.03,25.04,9112,0
2018-02-20,21:00:00,25.0301,25.04,25.03,25.04,4191,0
2018-02-20,22:00:00,25.039,25.04,25.03,25.04,6256,0
2018-02-21,16:00:00,25.08,25.08,25.0699,25.0739,12123,0
2018-02-21,17:00:00,25.07,25.1,25.07,25.1,18192,0
2018-02-21,18:00:00,25.1,25.12,25.0901,25.1,12580,0
2018-02-21,19:00:00,25.0877,25.1,25.08,25.1,4113,0
2018-02-21,20:00:00,25.07,25.11,25.07,25.11,7550,0
2018-02-21,21:00:00,25.11,25.14,25.09,25.09,17904,0
2018-02-21,22:00:00,25.1,25.1158,25.08,25.08,18662,0
2018-02-22,16:00:00,25.13,25.14,25.07,25.11,11138,0
2018-02-22,17:00:00,25.1176,25.16,25.1,25.14,2850,0
2018-02-22,18:00:00,25.16,25.21,25.14,25.2,8531,0
2018-02-22,19:00:00,25.17,25.2,25.1542,25.165,4042,0
2018-02-22,20:00:00,25.1601,25.18,25.15,25.15,1902,0
2018-02-22,21:00:00,25.1499,25.1499,25.126,25.14,3317,0
2018-02-22,22:00:00,25.14,25.14,25.1161,25.14,6780,0
2018-02-23,16:00:00,25.21,25.21,25.16,25.16,800,0
2018-02-23,17:00:00,25.18,25.2,25.16,25.2,4578,0
2018-02-23,18:00:00,25.2,25.2,25.18,25.2,1300,0
2018-02-23,19:00:00,25.2003,25.21,25.187,25.2,1861,0
2018-02-23,20:00:00,25.21,25.21,25.2,25.2005,2745,0
2018-02-23,21:00:00,25.21,25.2301,25.2,25.2301,2314,0
2018-02-23,22:00:00,25.211,25.24,25.2,25.24,2651,0
2018-02-26,16:00:00,25.23,25.25,25.2,25.2314,5100,0
2018-02-26,17:00:00,25.2201,25.24,25.22,25.24,1389,0
2018-02-26,18:00:00,25.24,25.25,25.24,25.25,4403,0
2018-02-26,19:00:00,25.2601,25.29,25.25,25.2535,4968,0
2018-02-26,20:00:00,25.26,25.26,25.25,25.2505,400,0
2018-02-26,21:00:00,25.25,25.26,25.24,25.2531,15269,0
2018-02-26,22:00:00,25.25,25.26,25.25,25.25,2632,0
2018-02-27,16:00:00,25.26,25.26,25.25,25.26,3829,0
2018-02-27,17:00:00,25.2507,25.27,25.22,25.22,7292,0
2018-02-27,18:00:00,25.23,25.24,25.2,25.24,13825,0
2018-02-27,19:00:00,25.24,25.25,25.23,25.23,2307,0
2018-02-27,20:00:00,25.21,25.26,25.21,25.2265,6259,0
2018-02-27,21:00:00,25.245,25.245,25.2,25.2001,4407,0
2018-02-27,22:00:00,25.201,25.23,25.15,25.15,14952,0
2018-02-28,16:00:00,25.16,25.225,25.16,25.225,2963,0
2018-02-28,17:00:00,25.25,25.26,25.201,25.26,11753,0
2018-02-28,18:00:00,25.263,25.27,25.25,25.27,6954,0
2018-02-28,19:00:00,25.27,25.27,25.262,25.27,4648,0
2018-02-28,20:00:00,25.27,25.27,25.2648,25.27,2475,0
2018-02-28,21:00:00,25.28,25.28,25.12,25.2,87510,0
2018-02-28,22:00:00,25.25,25.28,25.181,25.27,26755,0
2018-03-01,16:00:00,25.28,25.29,25.22,25.2354,13958,0
2018-03-01,17:00:00,25.23,25.25,25.23,25.235,2913,0
2018-03-01,18:00:00,25.2261,25.26,25.2261,25.24,2791,0
2018-03-01,19:00:00,25.2463,25.26,25.21,25.22,4561,0
2018-03-01,20:00:00,25.22,25.22,25.2,25.2002,6650,0
2018-03-01,21:00:00,25.22,25.27,25.1823,25.2425,17267,0
2018-03-01,22:00:00,25.23,25.26,25.23,25.26,3956,0
2018-03-02,16:00:00,25.2,25.26,25.19,25.2,8341,0
2018-03-02,17:00:00,25.2487,25.2487,25.1866,25.2,4699,0
2018-03-02,18:00:00,25.2,25.25,25.2,25.21,2546,0
2018-03-02,19:00:00,25.235,25.26,25.22,25.26,4113,0
2018-03-02,20:00:00,25.26,25.26,25.21,25.25,5140,0
2018-03-02,21:00:00,25.23,25.25,25.2,25.23,7042,0
2018-03-02,22:00:00,25.23,25.24,25.21,25.231,3581,0
2018-03-05,16:00:00,25.2,25.2052,25.2,25.2052,2296,0
2018-03-05,17:00:00,25.18,25.2138,25.18,25.2138,2191,0
2018-03-05,18:00:00,25.21,25.22,25.1901,25.2,2045,0
2018-03-05,19:00:00,25.2,25.22,25.19,25.19,4632,0
2018-03-05,20:00:00,25.19,25.2093,25.19,25.2,5215,0
2018-03-05,21:00:00,25.19,25.2062,25.18,25.2062,8768,0
2018-03-05,22:00:00,25.1928,25.25,25.19,25.25,7730,0
2018-03-06,16:00:00,25.23,25.25,25.23,25.25,4032,0
2018-03-06,17:00:00,25.24,25.26,25.2275,25.2275,2090,0
2018-03-06,18:00:00,25.23,25.27,25.23,25.27,4740,0
2018-03-06,19:00:00,25.242,25.242,25.242,25.242,400,0
2018-03-06,20:00:00,25.2496,25.27,25.23,25.2366,34980,0
2018-03-06,21:00:00,25.23,25.25,25.22,25.235,5958,0
2018-03-06,22:00:00,25.25,25.25,25.23,25.23,1700,0
2018-03-07,16:00:00,25.27,25.27,25.2301,25.2301,1500,0
2018-03-07,17:00:00,25.23,25.25,25.2287,25.25,4229,0
2018-03-07,18:00:00,25.2219,25.23,25.21,25.2102,5473,0
2018-03-07,19:00:00,25.2299,25.2299,25.2299,25.2299,100,0
2018-03-07,20:00:00,25.2261,25.27,25.225,25.26,5011,0
2018-03-07,21:00:00,25.2553,25.26,25.2501,25.26,2634,0
2018-03-07,22:00:00,25.26,25.26,25.2501,25.255,2025,0
2018-03-08,16:00:00,25.27,25.27,25.27,25.27,3650,0
2018-03-08,17:00:00,25.2822,25.2822,25.25,25.256,7082,0
2018-03-08,18:00:00,25.27,25.27,25.27,25.27,100,0
2018-03-08,19:00:00,25.2698,25.2698,25.2698,25.2698,593,0
2018-03-08,20:00:00,25.2634,25.27,25.2634,25.2699,1798,0
2018-03-08,21:00:00,25.26,25.28,25.26,25.27,2155,0
2018-03-08,22:00:00,25.27,25.28,25.2616,25.28,17222,0
2018-03-09,16:00:00,25.27,25.27,25.27,25.27,100,0
2018-03-09,17:00:00,25.2634,25.28,25.2435,25.2799,6276,0
2018-03-09,18:00:00,25.28,25.28,25.27,25.2701,1884,0
2018-03-09,19:00:00,25.28,25.3,25.2799,25.3,19154,0
2018-03-09,20:00:00,25.29,25.2997,25.25,25.25,2428,0
2018-03-09,21:00:00,25.25,25.29,25.23,25.23,2895,0
2018-03-09,22:00:00,25.23,25.27,25.21,25.21,12592,0
2018-03-12,15:00:00,25.21,25.235,25.21,25.23,2341,0
2018-03-12,16:00:00,25.2183,25.2303,25.21,25.2205,1851,0
2018-03-12,17:00:00,25.24,25.24,25.232,25.232,1000,0
2018-03-12,18:00:00,25.2316,25.2505,25.2316,25.2505,4710,0
2018-03-12,19:00:00,25.2496,25.2497,25.19,25.19,7898,0
2018-03-12,20:00:00,25.2,25.2,25.18,25.2,5473,0
2018-03-12,21:00:00,25.2,25.22,25.18,25.2,18673,0
2018-03-13,15:00:00,25.18,25.219,25.18,25.2136,1800,0
2018-03-13,16:00:00,25.1901,25.2136,25.17,25.21,11224,0
2018-03-13,17:00:00,25.2,25.23,25.19,25.22,4950,0
2018-03-13,18:00:00,25.2,25.2185,25.2,25.2,700,0
2018-03-13,19:00:00,25.2001,25.22,25.2,25.22,1944,0
2018-03-13,20:00:00,25.22,25.22,25.2,25.22,1662,0
2018-03-13,21:00:00,25.2101,25.2298,25.21,25.21,6102,0
2018-03-14,15:00:00,25.21,25.2123,25.21,25.2123,400,0
2018-03-14,16:00:00,25.2477,25.25,25.2203,25.25,3274,0
2018-03-14,17:00:00,25.2324,25.2399,25.2201,25.2316,2416,0
2018-03-14,18:00:00,25.2462,25.25,25.22,25.25,3401,0
2018-03-14,19:00:00,25.2499,25.26,25.2342,25.26,6136,0
2018-03-14,20:00:00,25.27,25.27,25.21,25.24,7757,0
2018-03-14,21:00:00,25.24,25.26,25.2368,25.2537,1939,0
2018-03-15,15:00:00,25.26,25.27,25.22,25.22,2110,0
2018-03-15,16:00:00,25.27,25.27,25.22,25.26,4434,0
2018-03-15,17:00:00,25.26,25.28,25.26,25.28,10736,0
2018-03-15,18:00:00,25.28,25.28,25.26,25.2638,19507,0
2018-03-15,19:00:00,25.2665,25.27,25.23,25.2414,5849,0
2018-03-15,20:00:00,25.231,25.25,25.21,25.21,8800,0
2018-03-15,21:00:00,25.2322,25.2322,25.2321,25.2321,516,0
2018-03-16,16:00:00,25.25,25.25,25.21,25.21,4218,0
2018-03-16,17:00:00,25.2397,25.24,25.21,25.21,4071,0
2018-03-16,18:00:00,25.21,25.23,25.21,25.21,8842,0
2018-03-16,19:00:00,25.21,25.21,25.2,25.21,10833,0
2018-03-16,20:00:00,25.21,25.24,25.2,25.21,8541,0
2018-03-16,21:00:00,25.205,25.21,25.14,25.2,85597,0
2018-03-19,15:00:00,25.2,25.2,25.1699,25.1699,15972,0
2018-03-19,16:00:00,25.17,25.17,25.16,25.1654,9695,0
2018-03-19,17:00:00,25.16,25.2,25.1497,25.16,21887,0
2018-03-19,18:00:00,25.18,25.18,25.14,25.16,5882,0
2018-03-19,19:00:00,25.15,25.17,25.13,25.15,16203,0
2018-03-19,20:00:00,25.15,25.15,25.125,25.125,21959,0
2018-03-19,21:00:00,25.12,25.15,25.11,25.135,47413,0
2018-03-20,15:00:00,25.15,25.16,25.15,25.16,3728,0
2018-03-20,16:00:00,25.16,25.2,25.157,25.1687,9535,0
2018-03-20,17:00:00,25.16,25.2,25.16,25.16,9681,0
2018-03-20,18:00:00,25.16,25.2,25.16,25.18,7223,0
2018-03-20,19:00:00,25.1897,25.1924,25.1799,25.1799,1815,0
2018-03-20,20:00:00,25.18,25.2,25.175,25.2,8578,0
2018-03-20,21:00:00,25.1754,25.185,25.15,25.17,2066,0
2018-03-21,15:00:00,25.17,25.1999,25.17,25.1999,3075,0
2018-03-21,16:00:00,25.2,25.2,25.18,25.2,7117,0
2018-03-21,17:00:00,25.2,25.21,25.19,25.2,12192,0
2018-03-21,18:00:00,25.2008,25.2008,25.191,25.191,291,0
2018-03-21,19:00:00,25.19,25.21,25.19,25.1995,4322,0
2018-03-21,20:00:00,25.2,25.22,25.18,25.22,6344,0
2018-03-21,21:00:00,25.22,25.22,25.199,25.2,4394,0
2018-03-22,15:00:00,25.16,25.2,25.16,25.2,4741,0
2018-03-22,16:00:00,25.181,25.1952,25.181,25.1952,500,0
2018-03-22,17:00:00,25.18,25.18,25.17,25.1799,6853,0
2018-03-22,18:00:00,25.17,25.18,25.17,25.17,4426,0
2018-03-22,19:00:00,25.175,25.18,25.17,25.17,7143,0
2018-03-22,20:00:00,25.1728,25.1801,25.1728,25.175,9121,0
2018-03-22,21:00:00,25.18,25.1803,25.13,25.1499,12187,0
2018-03-23,15:00:00,25.15,25.1697,25.14,25.1697,2484,0
2018-03-23,16:00:00,25.1569,25.18,25.15,25.18,1576,0
2018-03-23,17:00:00,25.169,25.18,25.15,25.15,3704,0
2018-03-23,18:00:00,25.17,25.18,25.16,25.16,4233,0
2018-03-23,19:00:00,25.17,25.19,25.17,25.175,18921,0
2018-03-23,20:00:00,25.18,25.2,25.177,25.2,74031,0
2018-03-23,21:00:00,25.2,25.2,25.18,25.18,20442,0
2018-03-26,16:00:00,25.18,25.19,25.18,25.181,1933,0
2018-03-26,17:00:00,25.19,25.19,25.18,25.1877,2700,0
2018-03-26,18:00:00,25.1687,25.17,25.166,25.166,2268,0
2018-03-26,19:00:00,25.17,25.18,25.16,25.16,5299,0
2018-03-26,20:00:00,25.1672,25.19,25.16,25.1801,9207,0
2018-03-26,21:00:00,25.1631,25.18,25.1631,25.18,1208,0
2018-03-26,22:00:00,25.17,25.19,25.17,25.19,2225,0
2018-03-27,16:00:00,25.19,25.2,25.19,25.2,4994,0
2018-03-27,17:00:00,25.1857,25.22,25.1857,25.2,7623,0
2018-03-27,18:00:00,25.2057,25.23,25.2057,25.2284,6943,0
2018-03-27,19:00:00,25.22,25.23,25.2198,25.2198,3850,0
2018-03-27,20:00:00,25.2102,25.23,25.21,25.21,2044,0
2018-03-27,21:00:00,25.2041,25.2041,25.19,25.2,2181,0
2018-03-27,22:00:00,25.21,25.21,25.19,25.1917,799,0
2018-03-28,16:00:00,25.18,25.18,25.18,25.18,156,0
2018-03-28,17:00:00,25.21,25.21,25.18,25.18,500,0
2018-03-28,18:00:00,25.18,25.22,25.18,25.183,7095,0
2018-03-28,19:00:00,25.21,25.23,25.2058,25.23,3045,0
2018-03-28,20:00:00,25.21,25.224,25.21,25.21,3151,0
2018-03-28,21:00:00,25.211,25.2203,25.21,25.22,2049,0
2018-03-28,22:00:00,25.227,25.23,25.19,25.19,5231,0
2018-03-29,16:00:00,25.22,25.25,25.216,25.2421,16710,0
2018-03-29,17:00:00,25.23,25.25,25.2252,25.25,2301,0
2018-03-29,18:00:00,25.25,25.3041,25.25,25.2902,16702,0
2018-03-29,19:00:00,25.3,25.31,25.3,25.3041,8008,0
2018-03-29,20:00:00,25.31,25.31,25.3,25.3,5749,0
2018-03-29,21:00:00,25.3,25.32,25.3,25.32,4220,0
2018-03-29,22:00:00,25.3013,25.32,25.3,25.3,7750,0
