Date,Time,Open,High,Low,Close,Volume,OpenInt
2016-12-07,16:00:00,25.31,25.31,25.31,25.31,100,0
2016-12-07,18:00:00,25.45,25.45,25.45,25.45,1300,0
2016-12-07,19:00:00,25.55,25.55,25.45,25.45,950,0
2016-12-07,22:00:00,25.541,25.541,25.4,25.4,1500,0
2016-12-08,18:00:00,25.45,25.495,25.3,25.3,2332,0
2016-12-08,19:00:00,25.402,25.45,25.28,25.28,6891,0
2016-12-08,20:00:00,25.3152,25.3152,25.3152,25.3152,300,0
2016-12-08,22:00:00,25.3,25.3,25.3,25.3,300,0
2016-12-09,17:00:00,25.4,25.5,25.379,25.5,1409,0
2016-12-09,19:00:00,25.5,25.5,25.41,25.5,1850,0
2016-12-09,20:00:00,25.5,25.5,25.5,25.5,640,0
2016-12-09,21:00:00,25.5,25.5,25.5,25.5,600,0
2016-12-09,22:00:00,25.79,25.79,25.79,25.79,400,0
2016-12-12,16:00:00,25.84,25.84,25.84,25.84,1300,0
2016-12-12,17:00:00,25.53,25.53,25.2801,25.2801,960,0
2016-12-12,20:00:00,25.51,25.51,25.5,25.5,535,0
2016-12-12,22:00:00,25.5,25.5,25.5,25.5,100,0
2016-12-13,22:00:00,25.6329,25.6329,25.6329,25.6329,765,0
2016-12-14,16:00:00,25.84,25.84,25.84,25.84,100,0
2016-12-14,19:00:00,25.75,26,25.7001,25.9275,1285,0
2016-12-14,21:00:00,25.7532,25.7532,25.7532,25.7532,265,0
2016-12-14,22:00:00,25.967,25.967,25.967,25.967,410,0
2016-12-15,16:00:00,25.71,25.7765,25.71,25.7765,1100,0
2016-12-15,17:00:00,25.7,25.7,25.7,25.7,600,0
2016-12-15,18:00:00,25.8236,25.8236,25.8236,25.8236,300,0
2016-12-15,19:00:00,25.7396,25.7396,25.7396,25.7396,1000,0
2016-12-15,21:00:00,26,26,26,26,1597,0
2016-12-15,22:00:00,25.9,25.9,25.8999,25.8999,1100,0
2016-12-16,16:00:00,25.9,25.9,25.9,25.9,100,0
2016-12-16,17:00:00,25.7,25.7,25.7,25.7,700,0
2016-12-16,19:00:00,25.5525,25.5525,25.5525,25.5525,200,0
2016-12-16,20:00:00,25.423,25.423,25.4004,25.4004,300,0
2016-12-16,21:00:00,25.3629,25.3629,25.3334,25.36,1400,0
2016-12-16,22:00:00,25.37,25.37,25.37,25.37,100,0
2016-12-19,16:00:00,25.91,25.91,25.91,25.91,100,0
2016-12-19,17:00:00,25.52,25.52,25.4586,25.5,4550,0
2016-12-19,19:00:00,25.5,25.505,25.5,25.5,900,0
2016-12-19,22:00:00,25.578,25.578,25.578,25.578,350,0
2016-12-20,16:00:00,25.6,25.6,25.6,25.6,1700,0
2016-12-20,17:00:00,25.6,26.06,25.6,26.06,600,0
2016-12-20,18:00:00,25.7,25.7,25.6476,25.6476,500,0
2016-12-20,19:00:00,25.65,25.65,25.65,25.65,100,0
2016-12-20,22:00:00,25.521,25.521,25.521,25.521,500,0
2016-12-21,16:00:00,25.6,25.6,25.6,25.6,2025,0
2016-12-21,18:00:00,25.6,25.65,25.6,25.65,1000,0
2016-12-21,19:00:00,25.461,25.461,25.46,25.46,700,0
2016-12-21,20:00:00,25.5463,25.5463,25.5463,25.5463,400,0
2016-12-21,21:00:00,25.64,25.65,25.64,25.65,200,0
2016-12-22,16:00:00,26.18,26.18,26.18,26.18,985,0
2016-12-22,18:00:00,25.6,25.7,25.6,25.7,2000,0
2016-12-22,19:00:00,25.5001,25.5001,25.5001,25.5001,395,0
2016-12-22,22:00:00,25.54,25.54,25.54,25.54,100,0
2016-12-23,16:00:00,26.3,26.3,26.3,26.3,1500,0
2016-12-23,18:00:00,25.59,25.6,25.56,25.585,1500,0
2016-12-23,22:00:00,25.6,25.6,25.6,25.6,200,0
2016-12-27,16:00:00,25.64,25.7481,25.62,25.7481,4300,0
2016-12-27,17:00:00,25.75,25.75,25.75,25.75,100,0
2016-12-27,18:00:00,25.64,25.64,25.63,25.63,800,0
2016-12-27,19:00:00,25.62,25.62,25.62,25.62,1800,0
2016-12-27,22:00:00,25.55,25.55,25.55,25.55,9200,0
2016-12-28,16:00:00,25.6,25.6,25.6,25.6,800,0
2016-12-28,19:00:00,25.6,25.6,25.5584,25.5584,600,0
2016-12-28,22:00:00,25.5596,25.5596,25.5596,25.5596,200,0
2016-12-29,16:00:00,25.6,25.6001,25.6,25.6001,1600,0
2016-12-29,17:00:00,25.52,25.52,25.47,25.47,2000,0
2016-12-29,18:00:00,25.5,25.585,25.5,25.585,600,0
2016-12-29,19:00:00,25.54,25.54,25.54,25.54,300,0
2016-12-29,20:00:00,25.605,25.605,25.55,25.55,3000,0
2016-12-30,22:00:00,25.6,25.6,25.6,25.6,600,0
2017-01-03,20:00:00,25.5683,25.5683,25.55,25.55,200,0
2017-01-03,22:00:00,25.55,25.55,25.54,25.5499,10017,0
2017-01-04,20:00:00,25.55,25.6,25.55,25.57,30670,0
2017-01-04,21:00:00,25.6,25.65,25.6,25.65,600,0
2017-01-04,22:00:00,25.8,25.8,25.7,25.7,500,0
2017-01-05,17:00:00,25.7,25.7,25.7,25.7,400,0
2017-01-05,22:00:00,25.7,25.7106,25.67,25.7106,1584,0
2017-01-06,17:00:00,25.85,25.85,25.79,25.79,8100,0
2017-01-06,18:00:00,25.79,25.8743,25.79,25.8743,4650,0
2017-01-06,20:00:00,25.79,25.8499,25.75,25.8499,4799,0
2017-01-06,21:00:00,25.83,25.85,25.83,25.85,2616,0
2017-01-09,16:00:00,25.79,25.8,25.79,25.8,1300,0
2017-01-09,18:00:00,25.8,25.8,25.8,25.8,2000,0
2017-01-09,19:00:00,25.85,25.93,25.85,25.93,2400,0
2017-01-09,20:00:00,26.4999,26.4999,26.4999,26.4999,975,0
2017-01-09,22:00:00,25.8,25.8,25.8,25.8,1000,0
2017-01-10,17:00:00,26,26,25.85,25.85,2900,0
2017-01-10,18:00:00,25.8999,25.8999,25.8999,25.8999,1000,0
2017-01-10,19:00:00,25.9,25.9,25.9,25.9,100,0
2017-01-11,16:00:00,25.81,25.81,25.81,25.81,100,0
2017-01-11,17:00:00,25.8139,25.9,25.8139,25.9,3100,0
2017-01-11,20:00:00,26.1699,26.1699,26.1699,26.1699,400,0
2017-01-11,21:00:00,26.1399,26.1399,26.1399,26.1399,600,0
2017-01-11,22:00:00,25.88,25.88,25.88,25.88,100,0
2017-01-12,16:00:00,25.95,25.95,25.95,25.95,500,0
2017-01-12,22:00:00,26.0111,26.0111,26.0111,26.0111,300,0
2017-01-17,16:00:00,26.01,26.01,26,26,747,0
2017-01-17,18:00:00,25.95,26.01,25.95,26,650,0
2017-01-17,19:00:00,25.95,25.95,25.95,25.95,800,0
2017-01-17,21:00:00,25.971,25.971,25.971,25.971,450,0
2017-01-17,22:00:00,26.01,26.01,26,26,643,0
2017-01-18,17:00:00,26,26,26,26,800,0
2017-01-18,18:00:00,26,26,26,26,200,0
2017-01-18,19:00:00,26,26.01,26,26,1290,0
2017-01-18,21:00:00,25.9878,26.01,25.9878,26.01,1490,0
2017-01-18,22:00:00,26.0661,26.0661,26.0661,26.0661,1000,0
2017-01-19,16:00:00,25.901,25.901,25.901,25.901,250,0
2017-01-19,17:00:00,25.957,25.957,25.95,25.95,2181,0
2017-01-19,19:00:00,26,26,26,26,700,0
2017-01-19,20:00:00,26,26,26,26,200,0
2017-01-23,17:00:00,26,26,26,26,100,0
2017-01-23,18:00:00,26.099,26.099,26.099,26.099,200,0
2017-01-23,22:00:00,26.064,26.064,26.064,26.064,265,0
2017-01-24,19:00:00,26.1699,26.1699,26.1699,26.1699,600,0
2017-01-24,21:00:00,26.01,26.0101,26,26,2000,0
2017-01-24,22:00:00,26.07,26.16,26.05,26.1209,700,0
2017-01-25,16:00:00,26,26.0328,26,26.0328,1000,0
2017-01-25,18:00:00,26.149,26.1591,26.149,26.1591,1400,0
2017-01-25,19:00:00,26.1591,26.1591,26.1591,26.1591,400,0
2017-01-25,20:00:00,26.071,26.071,26.071,26.071,1981,0
2017-01-25,22:00:00,26.071,26.12,26.07,26.12,675,0
2017-01-26,18:00:00,26.0753,26.0753,26.0753,26.0753,200,0
2017-01-26,20:00:00,26.1,26.1,26.1,26.1,130,0
2017-01-26,21:00:00,26.1,26.1,26.1,26.1,200,0
2017-01-26,22:00:00,26.15,26.17,26.15,26.17,400,0
2017-01-27,20:00:00,26.1415,26.1415,26.1415,26.1415,285,0
2017-01-30,16:00:00,26.17,26.17,26.17,26.17,100,0
2017-01-30,18:00:00,26.116,26.116,26.116,26.116,705,0
2017-01-30,19:00:00,26.1,26.1,26.1,26.1,4308,0
2017-01-30,21:00:00,26.1999,26.1999,26.1999,26.1999,600,0
2017-01-30,22:00:00,26.189,26.19,26.189,26.19,1500,0
2017-01-31,16:00:00,26.1,26.1,26.1,26.1,100,0
2017-01-31,18:00:00,26.2,26.2,26.2,26.2,8000,0
2017-01-31,21:00:00,26,26,26,26,100,0
2017-02-01,16:00:00,26.18,26.18,26.18,26.18,100,0
2017-02-01,18:00:00,26.1632,26.1632,26.1632,26.1632,500,0
2017-02-01,19:00:00,26.1632,26.1632,26.1632,26.1632,1000,0
2017-02-01,20:00:00,26.15,26.2,26.12,26.2,700,0
2017-02-02,22:00:00,26.2,26.225,26.2,26.225,3013,0
2017-02-03,21:00:00,26.5,26.5,26.3967,26.3967,1000,0
2017-02-03,22:00:00,26.22,26.24,26.22,26.24,600,0
2017-02-06,21:00:00,26.3,26.3611,26.21,26.3411,3000,0
2017-02-07,22:00:00,26.21,26.21,26.21,26.21,200,0
2017-02-09,21:00:00,26.4975,26.4999,26.4975,26.4999,408,0
2017-02-10,21:00:00,26.26,26.27,26.22,26.22,2500,0
2017-02-13,17:00:00,26.24,26.24,26.24,26.24,100,0
2017-02-14,16:00:00,26.29,26.29,26.29,26.29,565,0
2017-02-14,18:00:00,26.3,26.3,26.3,26.3,100,0
2017-02-15,22:00:00,26.35,26.35,26.35,26.35,100,0
2017-02-16,16:00:00,26.62,26.62,26.62,26.62,550,0
2017-02-16,17:00:00,26.5,26.5,26.5,26.5,200,0
2017-02-16,18:00:00,26.48,26.5,26.48,26.5,1300,0
2017-02-17,16:00:00,26.5787,26.5787,26.5787,26.5787,150,0
2017-02-17,17:00:00,26.55,26.55,26.55,26.55,100,0
2017-02-21,21:00:00,26.45,26.45,26.23,26.23,1982,0
2017-02-22,17:00:00,26.3,26.48,26.3,26.48,1400,0
2017-02-22,18:00:00,26.41,26.41,26.41,26.41,100,0
2017-02-22,19:00:00,26.31,26.31,26.31,26.31,1000,0
2017-02-22,20:00:00,26.4491,26.4491,26.4491,26.4491,194,0
2017-02-22,21:00:00,26.3795,26.49,26.31,26.32,600,0
2017-02-22,22:00:00,26.32,26.49,26.3,26.3,1000,0
2017-02-23,20:00:00,26.6,26.6,26.6,26.6,187,0
2017-02-23,21:00:00,26.51,26.51,26.5,26.5,900,0
2017-02-24,16:00:00,26.24,26.24,26.24,26.24,200,0
2017-02-24,21:00:00,26.07,26.07,26.07,26.07,100,0
2017-02-27,18:00:00,25.7887,25.7887,25.7887,25.7887,200,0
2017-02-27,20:00:00,25.85,25.85,25.85,25.85,1000,0
2017-02-27,22:00:00,25.9887,25.9887,25.9887,25.9887,1000,0
2017-02-28,18:00:00,26,26.1012,25.99,25.99,1300,0
2017-02-28,19:00:00,26,26.091,25.64,25.6961,9730,0
2017-02-28,20:00:00,25.7101,25.75,25.64,25.67,3130,0
2017-02-28,21:00:00,25.7912,25.7912,25.68,25.7191,1700,0
2017-02-28,22:00:00,25.75,25.75,25.67,25.67,2320,0
2017-03-01,16:00:00,25.62,25.62,25.6,25.6,1735,0
2017-03-01,18:00:00,25.661,25.7,25.66,25.67,1415,0
2017-03-01,19:00:00,25.67,25.67,25.67,25.67,100,0
2017-03-01,20:00:00,25.8,25.8,25.69,25.7,2400,0
2017-03-01,21:00:00,25.75,25.75,25.68,25.75,2900,0
2017-03-01,22:00:00,25.8,25.8185,25.75,25.75,700,0
2017-03-02,16:00:00,25.843,25.85,25.843,25.85,200,0
2017-03-02,18:00:00,25.8,25.8,25.799,25.8,500,0
2017-03-02,21:00:00,25.8,25.94,25.8,25.85,4147,0
2017-03-02,22:00:00,26.0265,26.0265,26.0265,26.0265,193,0
2017-03-07,20:00:00,26.0191,26.0191,26.0191,26.0191,425,0
2017-03-08,17:00:00,26.1,26.1,26.1,26.1,185,0
2017-03-08,18:00:00,25.85,25.85,25.85,25.85,100,0
2017-03-08,21:00:00,25.81,25.81,25.8,25.8,1085,0
2017-03-08,22:00:00,25.8052,25.8052,25.77,25.77,700,0
2017-03-09,16:00:00,26,26,26,26,650,0
2017-03-09,17:00:00,25.8,25.8,25.8,25.8,500,0
2017-03-09,20:00:00,25.78,25.78,25.78,25.78,100,0
2017-03-09,22:00:00,25.9999,25.9999,25.9999,25.9999,200,0
2017-03-13,20:00:00,25.97,26,25.75,25.75,1461,0
2017-03-13,21:00:00,25.8697,26.0476,25.71,25.71,450,0
2017-03-14,17:00:00,25.8578,25.8578,25.8578,25.8578,150,0
2017-03-14,19:00:00,25.77,25.77,25.77,25.77,500,0
2017-03-14,21:00:00,25.98,25.98,25.9777,25.9777,330,0
2017-03-15,15:00:00,26.04,26.04,26.04,26.04,537,0
2017-03-15,16:00:00,26.25,26.25,26.25,26.25,500,0
2017-03-15,17:00:00,26.25,26.43,26.1,26.1,5880,0
2017-03-15,19:00:00,25.75,26.08,25.75,26.08,660,0
2017-03-15,20:00:00,26.086,26.1,26.086,26.0999,1000,0
2017-03-16,15:00:00,26.09,26.09,26.09,26.09,100,0
2017-03-16,16:00:00,26.34,26.49,26.1,26.49,5531,0
2017-03-16,17:00:00,26.49,26.49,26.35,26.35,350,0
2017-03-16,19:00:00,26.47,26.48,26.47,26.48,1200,0
2017-03-16,20:00:00,26.48,26.55,26.4,26.4,2065,0
2017-03-16,21:00:00,26.4418,26.5,26.39,26.45,5079,0
2017-03-17,15:00:00,26.5,26.5,26.5,26.5,100,0
2017-03-17,17:00:00,26.35,26.35,26.35,26.35,100,0
2017-03-17,20:00:00,26.25,26.25,26.1001,26.1001,1801,0
2017-03-21,20:00:00,26.432,26.432,26.432,26.432,800,0
2017-03-22,16:00:00,26.47,26.47,26.47,26.47,600,0
2017-03-22,17:00:00,26.4307,26.4307,26.4307,26.4307,184,0
2017-03-23,16:00:00,26.47,26.5,26.47,26.5,700,0
2017-03-23,18:00:00,26.47,26.49,26.29,26.29,600,0
2017-03-23,20:00:00,26.295,26.295,26.295,26.295,300,0
2017-03-23,21:00:00,26.35,26.5,26.35,26.5,1060,0
2017-03-24,19:00:00,26.4999,26.4999,26.4999,26.4999,200,0
2017-03-27,17:00:00,26.498,26.498,26.4605,26.4605,770,0
2017-03-27,22:00:00,26.49,26.49,26.49,26.49,300,0
2017-03-28,16:00:00,26.5,26.5,26.5,26.5,599,0
2017-03-28,17:00:00,26.55,26.55,26.55,26.55,600,0
2017-03-28,18:00:00,26.54,26.54,26.54,26.54,815,0
2017-03-28,19:00:00,26.5604,26.5604,26.5604,26.5604,300,0
2017-03-28,22:00:00,26.4,26.4,26.4,26.4,200,0
2017-03-29,16:00:00,26.57,26.57,26.57,26.57,375,0
2017-03-29,21:00:00,26.57,26.6,26.5,26.5,2350,0
2017-03-30,18:00:00,26.595,26.595,26.595,26.595,375,0
2017-03-31,18:00:00,26.5,26.5,26.5,26.5,1000,0
2017-04-03,16:00:00,26.51,26.52,26.51,26.52,2000,0
2017-04-03,17:00:00,26.53,26.53,26.51,26.51,300,0
2017-04-04,16:00:00,26.501,26.501,26.5,26.5,1500,0
2017-04-04,18:00:00,26.41,26.6,26.41,26.6,541,0
2017-04-04,19:00:00,26.6,26.6,26.5999,26.5999,1250,0
2017-04-04,21:00:00,26.42,26.42,26.42,26.42,1000,0
2017-04-05,16:00:00,26.6,26.6,26.55,26.55,600,0
2017-04-05,19:00:00,26.53,26.53,26.53,26.53,100,0
2017-04-05,20:00:00,26.59,26.59,26.59,26.59,1000,0
2017-04-05,21:00:00,26.5999,26.6,26.5999,26.6,900,0
2017-04-06,17:00:00,26.4356,26.61,26.4356,26.595,3650,0
2017-04-06,18:00:00,26.6,26.7,26.6,26.7,850,0
2017-04-06,20:00:00,26.7,26.7099,26.7,26.7099,1507,0
2017-04-07,22:00:00,26.6999,26.71,26.6999,26.71,2100,0
2017-04-10,18:00:00,26.71,26.71,26.71,26.71,100,0
2017-04-11,19:00:00,26.61,26.6402,26.5999,26.6001,3900,0
2017-04-11,21:00:00,26.6099,26.6099,26.6099,26.6099,420,0
2017-04-11,22:00:00,26.23,26.24,26.23,26.24,200,0
2017-04-12,16:00:00,26.6,26.6,26.6,26.6,800,0
2017-04-13,20:00:00,26.4,26.4,26.4,26.4,100,0
2017-04-13,22:00:00,26.5266,26.6,26.5266,26.6,1000,0
2017-04-17,21:00:00,26.35,26.35,26.35,26.35,1500,0
2017-04-17,22:00:00,26.37,26.37,26.37,26.37,900,0
2017-04-18,17:00:00,26.59,26.59,26.37,26.5755,1145,0
2017-04-19,16:00:00,26.5,26.5,26.48,26.48,2866,0
2017-04-19,18:00:00,26.53,26.69,26.53,26.69,883,0
2017-04-19,19:00:00,26.5201,26.5201,26.5201,26.5201,300,0
2017-04-19,21:00:00,26.69,26.69,26.64,26.69,2265,0
2017-04-19,22:00:00,26.6,26.66,26.6,26.66,1200,0
2017-04-20,20:00:00,26.53,26.53,26.53,26.53,1950,0
2017-04-20,21:00:00,26.69,26.69,26.69,26.69,185,0
2017-04-20,22:00:00,26.69,26.69,26.69,26.69,925,0
2017-04-21,16:00:00,26.6266,26.6266,26.6266,26.6266,500,0
2017-04-21,18:00:00,26.7,26.7378,26.7,26.7378,1453,0
2017-04-21,19:00:00,26.65,26.6821,26.65,26.6821,360,0
2017-04-21,21:00:00,26.7799,26.81,26.7799,26.8099,1100,0
2017-04-21,22:00:00,26.75,26.81,26.75,26.81,1800,0
2017-04-24,19:00:00,26.55,26.56,26.53,26.53,1300,0
2017-04-24,21:00:00,26.54,26.58,26.54,26.58,2194,0
2017-04-24,22:00:00,26.55,26.75,26.55,26.72,900,0
2017-04-25,16:00:00,26.58,26.75,26.58,26.75,800,0
2017-04-25,17:00:00,26.75,26.75,26.75,26.75,300,0
2017-04-25,20:00:00,26.6299,26.77,26.6299,26.77,2000,0
2017-04-25,21:00:00,26.75,26.75,26.75,26.75,700,0
2017-04-25,22:00:00,26.74,26.75,26.62,26.71,1900,0
2017-04-26,22:00:00,26.59,26.59,26.59,26.59,800,0
2017-04-27,16:00:00,26.8,26.8,26.8,26.8,160,0
2017-04-27,19:00:00,26.64,26.64,26.6,26.6,3600,0
2017-04-27,21:00:00,26.55,26.64,26.55,26.64,3700,0
2017-04-27,22:00:00,26.65,26.65,26.65,26.65,300,0
2017-04-28,17:00:00,26.7399,26.7399,26.7399,26.7399,1000,0
2017-04-28,19:00:00,26.73,26.73,26.73,26.73,475,0
2017-04-28,21:00:00,26.74,26.88,26.74,26.88,3750,0
2017-04-28,22:00:00,26.88,27.21,26.63,27.21,4029,0
2017-05-01,18:00:00,26.8575,26.8575,26.85,26.85,800,0
2017-05-01,19:00:00,26.86,26.86,26.85,26.85,2300,0
2017-05-01,21:00:00,26.76,26.76,26.7501,26.7501,1420,0
2017-05-02,22:00:00,26.88,26.88,26.65,26.65,5700,0
2017-05-04,16:00:00,26.68,26.68,26.68,26.68,100,0
2017-05-04,22:00:00,26.745,26.745,26.6801,26.745,1409,0
2017-05-05,16:00:00,26.68,26.68,26.68,26.68,100,0
2017-05-05,21:00:00,26.83,26.83,26.7623,26.7623,1000,0
2017-05-08,16:00:00,26.74,26.74,26.74,26.74,500,0
2017-05-08,20:00:00,26.84,26.84,26.84,26.84,450,0
2017-05-08,22:00:00,26.773,26.817,26.7,26.7,4500,0
2017-05-09,16:00:00,26.68,26.68,26.68,26.68,500,0
2017-05-09,20:00:00,26.8499,26.8499,26.78,26.8499,2100,0
2017-05-10,16:00:00,26.84,26.84,26.84,26.84,912,0
2017-05-10,18:00:00,26.8,26.8,26.79,26.8,1200,0
2017-05-10,19:00:00,26.701,26.701,26.701,26.701,263,0
2017-05-10,20:00:00,26.798,26.8,26.798,26.8,1428,0
2017-05-10,21:00:00,26.8,26.8,26.8,26.8,1200,0
2017-05-10,22:00:00,26.8,26.81,26.7819,26.8,4400,0
2017-05-11,18:00:00,26.85,26.85,26.715,26.715,950,0
2017-05-11,19:00:00,26.9,26.9,26.9,26.9,375,0
2017-05-11,21:00:00,26.795,26.795,26.795,26.795,403,0
2017-05-12,18:00:00,26.701,26.701,26.65,26.65,2500,0
2017-05-12,19:00:00,26.65,26.65,26.649,26.6499,3916,0
2017-05-12,20:00:00,26.65,26.651,26.6499,26.65,4643,0
2017-05-12,21:00:00,26.65,26.65,26.65,26.65,7617,0
2017-05-12,22:00:00,26.65,26.65,26.6428,26.65,3198,0
2017-05-15,16:00:00,26.63,26.63,26.63,26.63,100,0
2017-05-15,20:00:00,26.7,26.7,26.7,26.7,3550,0
2017-05-15,21:00:00,26.73,26.73,26.7,26.7,1750,0
2017-05-16,18:00:00,26.7,26.7,26.67,26.67,885,0
2017-05-16,19:00:00,26.84,26.85,26.84,26.84,500,0
2017-05-16,20:00:00,26.82,26.82,26.82,26.82,700,0
2017-05-16,22:00:00,26.68,26.68,26.6484,26.6484,5693,0
2017-05-17,16:00:00,26.75,26.75,26.75,26.75,100,0
2017-05-17,18:00:00,26.7,26.7,26.7,26.7,525,0
2017-05-17,20:00:00,26.66,26.66,26.66,26.66,300,0
2017-05-17,21:00:00,26.7,26.7,26.7,26.7,918,0
2017-05-18,17:00:00,26.75,26.75,26.75,26.75,1000,0
2017-05-18,21:00:00,26.64,26.72,26.64,26.72,900,0
2017-05-18,22:00:00,26.64,26.64,26.64,26.64,200,0
2017-05-19,17:00:00,26.57,26.57,26.57,26.57,290,0
2017-05-19,18:00:00,26.57,26.57,26.57,26.57,370,0
2017-05-19,20:00:00,26.615,26.615,26.615,26.615,900,0
2017-05-19,22:00:00,26.62,26.62,26.615,26.615,200,0
2017-05-22,16:00:00,26.65,26.65,26.65,26.65,4000,0
2017-05-22,18:00:00,26.6,26.6,26.6,26.6,340,0
2017-05-22,21:00:00,26.575,26.575,26.575,26.575,400,0
2017-05-22,22:00:00,26.6102,26.6102,26.6102,26.6102,300,0
2017-05-23,16:00:00,26.64,26.64,26.64,26.64,920,0
2017-05-23,17:00:00,26.5,26.5,26.5,26.5,1825,0
2017-05-23,18:00:00,26.5,26.51,26.5,26.5,2825,0
2017-05-23,19:00:00,26.5,26.54,26.5,26.5,3130,0
2017-05-23,20:00:00,26.5,26.5,26.5,26.5,1500,0
2017-05-23,21:00:00,26.5,26.5,26.5,26.5,1700,0
2017-05-23,22:00:00,26.51,26.51,26.47,26.48,2877,0
2017-05-24,16:00:00,26.56,26.56,26.55,26.56,1760,0
2017-05-24,17:00:00,26.5,26.5,26.5,26.5,1400,0
2017-05-24,18:00:00,26.5,26.56,26.5,26.5585,2880,0
2017-05-24,21:00:00,26.54,26.62,26.5,26.62,3040,0
2017-05-24,22:00:00,26.6,26.6,26.57,26.57,300,0
2017-05-25,16:00:00,26.65,26.65,26.65,26.65,1650,0
2017-05-25,17:00:00,26.66,26.75,26.66,26.75,3823,0
2017-05-25,18:00:00,26.54,26.54,26.53,26.53,1000,0
2017-05-25,21:00:00,26.57,26.57,26.57,26.57,2670,0
2017-05-25,22:00:00,26.6,26.6,26.58,26.58,900,0
2017-05-26,16:00:00,26.39,26.39,26.12,26.12,1140,0
2017-05-26,17:00:00,26.4,26.45,26.4,26.45,900,0
2017-05-26,18:00:00,26.5,26.5008,26.5,26.5,2400,0
2017-05-26,19:00:00,26.64,26.65,26.62,26.65,950,0
2017-05-26,20:00:00,26.51,26.51,26.5,26.5,1300,0
2017-05-26,22:00:00,26.54,26.56,26.54,26.56,1962,0
2017-05-30,18:00:00,26.161,26.3499,26.161,26.3499,1700,0
2017-05-30,19:00:00,26.35,26.35,26.26,26.26,900,0
2017-05-30,21:00:00,26.32,26.35,26.32,26.35,1860,0
2017-05-30,22:00:00,26.32,26.35,26.32,26.3499,1400,0
2017-05-31,16:00:00,26.5,26.5,26.5,26.5,1000,0
2017-05-31,17:00:00,26.5,26.5,26.5,26.5,1000,0
2017-05-31,19:00:00,26.4,26.4,26.4,26.4,1000,0
2017-05-31,21:00:00,26.3495,26.3495,26.3495,26.3495,100,0
2017-06-01,18:00:00,26.4324,26.4324,26.4324,26.4324,375,0
2017-06-02,17:00:00,26.45,26.45,26.45,26.45,400,0
2017-06-02,22:00:00,26.5573,26.5573,26.5573,26.5573,882,0
2017-06-05,18:00:00,26.55,26.55,26.52,26.52,1510,0
2017-06-05,21:00:00,26.53,26.53,26.52,26.53,2200,0
2017-06-05,22:00:00,26.4,26.4,26.4,26.4,100,0
2017-06-06,17:00:00,26.6404,26.6404,26.6404,26.6404,745,0
2017-06-06,18:00:00,26.6196,26.6196,26.6196,26.6196,100,0
2017-06-06,20:00:00,26.72,26.7299,26.4915,26.4915,1550,0
2017-06-06,22:00:00,26.431,26.431,26.431,26.431,1000,0
2017-06-07,16:00:00,26.69,26.69,26.65,26.65,1100,0
2017-06-07,17:00:00,26.44,26.44,26.44,26.44,550,0
2017-06-07,18:00:00,26.31,26.36,26.3,26.36,1400,0
2017-06-07,21:00:00,26.3705,26.3705,26.3705,26.3705,225,0
2017-06-07,22:00:00,26.35,26.35,26.35,26.35,100,0
2017-06-08,16:00:00,26.44,26.45,26.44,26.45,1750,0
2017-06-08,17:00:00,26.38,26.38,26.38,26.38,4000,0
2017-06-08,20:00:00,26.4,26.41,26.4,26.41,200,0
2017-06-08,21:00:00,26.44,26.44,26.44,26.44,300,0
2017-06-09,19:00:00,26.3996,26.3996,26.3996,26.3996,600,0
2017-06-12,17:00:00,26.2672,26.2672,26.2672,26.2672,950,0
2017-06-12,18:00:00,26.28,26.355,26.24,26.24,4500,0
2017-06-12,19:00:00,26.4,26.4,26.21,26.21,4900,0
2017-06-12,21:00:00,26.2,26.25,26.2,26.25,2300,0
2017-06-12,22:00:00,26.25,26.25,26.25,26.25,2300,0
2017-06-13,19:00:00,26.25,26.28,26.25,26.28,2234,0
2017-06-13,20:00:00,26.25,26.6,26.25,26.6,2442,0
2017-06-13,22:00:00,26.45,26.45,26.27,26.27,913,0
2017-06-14,16:00:00,26.35,26.35,26.35,26.35,440,0
2017-06-14,20:00:00,26.38,26.3886,26.38,26.3886,500,0
2017-06-14,21:00:00,26.43,26.45,26.43,26.4339,1250,0
2017-06-14,22:00:00,26.4458,26.4458,26.38,26.38,700,0
2017-06-15,16:00:00,26.49,26.49,26.465,26.49,2794,0
2017-06-19,20:00:00,26.49,26.49,26.49,26.49,1100,0
2017-06-19,21:00:00,26.55,26.57,26.5,26.5,760,0
2017-06-19,22:00:00,26.49,26.49,26.49,26.49,1000,0
2017-06-20,18:00:00,26.49,26.49,26.49,26.49,1870,0
2017-06-20,19:00:00,26.455,26.49,26.455,26.49,400,0
2017-06-20,20:00:00,26.58,26.59,26.49,26.58,570,0
2017-06-21,16:00:00,26.5,26.5,26.38,26.38,530,0
2017-06-21,18:00:00,26.58,26.6,26.58,26.6,1665,0
2017-06-21,19:00:00,26.6,26.6,26.6,26.6,300,0
2017-06-21,20:00:00,26.42,26.43,26.41,26.41,2000,0
2017-06-21,22:00:00,26.46,26.46,26.45,26.45,1100,0
2017-06-22,17:00:00,26.56,26.56,26.56,26.56,550,0
2017-06-22,20:00:00,26.578,26.578,26.57,26.57,1170,0
2017-06-22,22:00:00,26.57,26.57,26.57,26.57,350,0
2017-06-23,19:00:00,26.59,26.59,26.59,26.59,560,0
2017-06-23,21:00:00,26.6,26.6,26.6,26.6,281,0
2017-06-23,22:00:00,26.83,26.84,26.81,26.84,500,0
2017-06-26,16:00:00,26.78,26.78,26.78,26.78,109,0
2017-06-26,18:00:00,26.79,26.79,26.79,26.79,930,0
2017-06-26,19:00:00,26.75,26.8,26.46,26.485,3850,0
2017-06-26,21:00:00,26.78,26.79,26.77,26.77,2200,0
2017-06-26,22:00:00,26.79,26.8,26.785,26.8,1200,0
2017-06-27,16:00:00,26.72,26.75,26.72,26.75,580,0
2017-06-27,17:00:00,26.75,26.86,26.75,26.86,608,0
2017-06-27,19:00:00,26.8399,26.8399,26.8399,26.8399,465,0
2017-06-28,16:00:00,26.83,26.85,26.59,26.59,2800,0
2017-06-28,19:00:00,26.58,26.58,26.58,26.58,400,0
2017-06-28,22:00:00,26.75,26.75,26.615,26.615,1350,0
2017-06-29,16:00:00,26.62,26.62,26.59,26.59,4900,0
2017-06-29,20:00:00,26.5901,26.5901,26.5901,26.5901,500,0
2017-06-29,22:00:00,26.59,26.68,26.59,26.68,1300,0
2017-06-30,18:00:00,26.5801,26.5801,26.5801,26.5801,525,0
2017-06-30,19:00:00,26.8199,26.8199,26.8199,26.8199,700,0
2017-06-30,20:00:00,26.6456,26.6456,26.6456,26.6456,380,0
2017-06-30,21:00:00,26.65,26.65,26.65,26.65,925,0
2017-06-30,22:00:00,26.63,26.6327,26.61,26.6311,1900,0
2017-07-03,16:00:00,26.59,26.59,26.59,26.59,1200,0
2017-07-05,20:00:00,26.6899,26.6899,26.6899,26.6899,600,0
2017-07-05,21:00:00,26.5982,26.5982,26.5982,26.5982,800,0
2017-07-06,16:00:00,26.59,26.59,26.59,26.59,100,0
2017-07-06,19:00:00,26.6899,26.6899,26.6899,26.6899,600,0
2017-07-06,20:00:00,26.685,26.685,26.685,26.685,400,0
2017-07-06,22:00:00,26.66,26.66,26.66,26.66,500,0
2017-07-07,16:00:00,26.6,26.6,26.59,26.6,1195,0
2017-07-07,17:00:00,26.6,26.6699,26.6,26.6699,1100,0
2017-07-07,22:00:00,26.6,26.6593,26.6,26.6593,1962,0
2017-07-10,18:00:00,26.66,26.8,26.5901,26.5901,1800,0
2017-07-10,22:00:00,26.7699,26.7699,26.71,26.71,1834,0
2017-07-11,16:00:00,26.75,26.75,26.75,26.75,100,0
2017-07-11,17:00:00,26.74,26.74,26.74,26.74,400,0
2017-07-11,18:00:00,26.74,26.74,26.74,26.74,520,0
2017-07-11,22:00:00,26.7205,26.75,26.7205,26.75,2850,0
2017-07-12,16:00:00,26.75,26.75,26.75,26.75,900,0
2017-07-12,17:00:00,26.7346,26.905,26.71,26.905,900,0
2017-07-13,16:00:00,26.68,26.8,26.68,26.8,2235,0
2017-07-13,18:00:00,26.67,26.67,26.67,26.67,200,0
2017-07-13,19:00:00,26.74,26.74,26.74,26.74,800,0
2017-07-13,21:00:00,26.71,26.71,26.71,26.71,725,0
2017-07-13,22:00:00,26.65,26.66,26.64,26.64,1000,0
2017-07-14,18:00:00,26.83,26.83,26.83,26.83,375,0
2017-07-14,19:00:00,26.652,26.7194,26.652,26.7194,1175,0
2017-07-14,20:00:00,26.8134,26.8134,26.8134,26.8134,562,0
2017-07-14,21:00:00,26.82,26.83,26.82,26.83,756,0
2017-07-17,16:00:00,26.69,26.69,26.69,26.69,675,0
2017-07-17,18:00:00,26.6619,26.6619,26.6619,26.6619,950,0
2017-07-17,19:00:00,26.7,26.7,26.7,26.7,2600,0
2017-07-17,22:00:00,26.69,26.69,26.69,26.69,135,0
2017-07-18,17:00:00,26.805,26.9099,26.7,26.7,850,0
2017-07-18,18:00:00,26.829,26.9099,26.829,26.9099,750,0
2017-07-18,19:00:00,26.87,26.91,26.7,26.91,1350,0
2017-07-18,21:00:00,26.9,26.9,26.8,26.8,1181,0
2017-07-18,22:00:00,26.795,26.88,26.765,26.88,1700,0
2017-07-19,17:00:00,26.88,26.88,26.88,26.88,300,0
2017-07-19,19:00:00,26.91,26.91,26.88,26.88,1630,0
2017-07-19,22:00:00,26.909,26.9099,26.909,26.909,1949,0
2017-07-20,16:00:00,26.8,26.8,26.79,26.79,1300,0
2017-07-20,17:00:00,26.75,26.75,26.749,26.749,4950,0
2017-07-20,20:00:00,26.7,26.7,26.7,26.7,3300,0
2017-07-20,21:00:00,26.7,26.7,26.7,26.7,6700,0
2017-07-20,22:00:00,26.699,26.7,26.68,26.7,2420,0
2017-07-21,17:00:00,26.671,26.671,26.67,26.67,790,0
2017-07-21,18:00:00,26.64,26.64,26.6399,26.6399,810,0
2017-07-21,20:00:00,26.6272,26.6272,26.59,26.59,850,0
2017-07-21,22:00:00,26.639,26.639,26.63,26.63,200,0
2017-07-24,16:00:00,26.59,26.59,26.59,26.59,500,0
2017-07-24,17:00:00,26.63,26.6399,26.63,26.6399,925,0
2017-07-24,18:00:00,26.64,26.65,26.64,26.65,800,0
2017-07-24,21:00:00,26.65,26.65,26.65,26.65,712,0
2017-07-24,22:00:00,26.65,26.66,26.65,26.65,7738,0
2017-07-25,16:00:00,26.91,26.91,26.7,26.7,3000,0
2017-07-25,18:00:00,26.9,26.9,26.85,26.85,2200,0
2017-07-25,19:00:00,26.85,26.85,26.85,26.85,1120,0
2017-07-25,21:00:00,26.8,26.8,26.6401,26.6401,200,0
2017-07-25,22:00:00,26.78,26.78,26.78,26.78,3500,0
2017-07-26,20:00:00,26.7,26.7,26.7,26.7,5000,0
2017-07-26,21:00:00,26.7,26.7,26.7,26.7,2000,0
2017-07-26,22:00:00,26.66,26.66,26.64,26.64,5900,0
2017-07-27,16:00:00,26.63,26.695,26.63,26.695,750,0
2017-07-27,17:00:00,26.68,26.68,26.68,26.68,200,0
2017-07-27,18:00:00,26.64,26.64,26.64,26.64,2298,0
2017-07-27,20:00:00,26.63,26.63,26.63,26.63,100,0
2017-07-27,21:00:00,26.62,26.62,26.62,26.62,350,0
2017-07-28,18:00:00,26.6,26.6495,26.6,26.6495,400,0
2017-07-28,20:00:00,26.695,26.7,26.67,26.7,4000,0
2017-07-28,21:00:00,26.7,26.7,26.7,26.7,4000,0
2017-07-31,16:00:00,26.9,26.9,26.9,26.9,300,0
2017-07-31,21:00:00,26.85,26.85,26.85,26.85,2000,0
2017-07-31,22:00:00,26.85,26.85,26.85,26.85,2400,0
2017-08-01,21:00:00,26.85,26.85,26.85,26.85,900,0
2017-08-02,17:00:00,26.98,26.99,26.98,26.99,200,0
2017-08-02,21:00:00,26.816,26.816,26.61,26.61,4199,0
2017-08-03,16:00:00,26.78,26.78,26.78,26.78,325,0
2017-08-03,18:00:00,26.68,26.68,26.59,26.59,6950,0
2017-08-03,19:00:00,26.59,26.6,26.56,26.6,5770,0
2017-08-03,21:00:00,26.61,26.61,26.57,26.57,880,0
2017-08-03,22:00:00,26.56,26.56,26.51,26.51,3580,0
2017-08-04,16:00:00,26.599,26.599,26.5,26.5398,11401,0
2017-08-04,17:00:00,26.51,26.51,26.51,26.51,1350,0
2017-08-04,18:00:00,26.579,26.58,26.57,26.575,2100,0
2017-08-04,19:00:00,26.59,26.6,26.59,26.6,1122,0
2017-08-04,20:00:00,26.65,26.7299,26.65,26.7299,4917,0
2017-08-04,21:00:00,26.67,26.71,26.65,26.65,11840,0
2017-08-04,22:00:00,26.65,26.67,26.65,26.67,1600,0
2017-08-07,16:00:00,26.69,26.73,26.69,26.73,1300,0
2017-08-07,17:00:00,26.82,26.89,26.74,26.89,1905,0
2017-08-07,18:00:00,26.88,27,26.88,26.9,4325,0
2017-08-07,19:00:00,26.99,27.02,26.99,27.02,578,0
2017-08-07,20:00:00,26.9,26.9,26.9,26.9,4125,0
2017-08-07,22:00:00,26.81,26.81,26.79,26.81,1140,0
2017-08-08,16:00:00,27.01,27.0699,27.01,27.0699,1000,0
2017-08-08,17:00:00,27,27,27,27,200,0
2017-08-08,18:00:00,27.0699,27.0699,27.0699,27.0699,325,0
2017-08-08,19:00:00,27.05,27.07,26.92,27.02,2700,0
2017-08-08,20:00:00,27.0699,27.07,27.04,27.07,1100,0
2017-08-08,21:00:00,27,27,27,27,1100,0
2017-08-09,16:00:00,26.96,26.96,26.96,26.96,125,0
2017-08-09,19:00:00,26.918,26.99,26.918,26.99,1515,0
2017-08-09,20:00:00,27.001,27.001,26.85,26.9,2100,0
2017-08-09,21:00:00,27.06,27.07,27.06,27.07,730,0
2017-08-09,22:00:00,27,27,27,27,950,0
2017-08-10,16:00:00,26.821,26.821,26.82,26.82,2350,0
2017-08-10,17:00:00,26.9191,26.9191,26.9191,26.9191,1000,0
2017-08-10,18:00:00,26.9499,26.9499,26.9499,26.9499,340,0
2017-08-10,19:00:00,26.9499,26.9499,26.92,26.92,400,0
2017-08-10,21:00:00,26.96,26.96,26.96,26.96,400,0
2017-08-11,19:00:00,27.0699,27.07,27.0699,27.07,600,0
2017-08-14,16:00:00,27.07,27.07,27.07,27.07,100,0
2017-08-14,17:00:00,27.07,27.07,27.07,27.07,100,0
2017-08-14,18:00:00,27.07,27.08,27.07,27.08,620,0
2017-08-14,19:00:00,27.08,27.1,27.08,27.1,700,0
2017-08-14,20:00:00,27.1,27.1,27.1,27.1,200,0
2017-08-14,22:00:00,27.07,27.07,26.8,26.8,1963,0
2017-08-15,17:00:00,26.85,26.85,26.85,26.85,585,0
2017-08-15,22:00:00,27.0599,27.0599,27.0599,27.0599,240,0
2017-08-16,18:00:00,27,27,27,27,195,0
2017-08-16,21:00:00,26.85,26.85,26.83,26.83,1400,0
2017-08-16,22:00:00,26.84,26.85,26.71,26.71,3010,0
2017-08-17,17:00:00,26.5909,26.5909,26.5909,26.5909,500,0
2017-08-18,19:00:00,26.76,26.78,26.76,26.78,1400,0
2017-08-21,17:00:00,26.79,26.8137,26.76,26.8132,3440,0
2017-08-21,22:00:00,26.75,26.76,26.63,26.63,640,0
2017-08-22,21:00:00,26.77,26.77,26.77,26.77,1100,0
2017-08-23,19:00:00,26.6633,26.6633,26.6633,26.6633,625,0
2017-08-24,16:00:00,26.96,26.96,26.96,26.96,300,0
2017-08-24,21:00:00,26.9599,26.9599,26.9599,26.9599,675,0
2017-08-24,22:00:00,26.78,26.78,26.78,26.78,321,0
2017-08-25,16:00:00,26.76,26.76,26.76,26.76,201,0
2017-08-25,17:00:00,26.843,26.843,26.78,26.78,210,0
2017-08-25,18:00:00,26.7821,26.9899,26.7821,26.9899,1000,0
2017-08-25,21:00:00,26.9899,26.9899,26.9899,26.9899,100,0
2017-08-28,16:00:00,26.82,26.82,26.82,26.82,100,0
2017-08-28,20:00:00,26.85,26.86,26.85,26.86,865,0
2017-08-28,22:00:00,26.8,26.8,26.8,26.8,500,0
2017-08-29,16:00:00,26.39,26.64,26.39,26.64,200,0
2017-08-29,17:00:00,26.5299,26.54,26.52,26.54,1168,0
2017-08-30,16:00:00,26.7,26.7,26.66,26.66,1200,0
2017-08-30,17:00:00,26.66,26.66,26.66,26.66,680,0
2017-08-31,17:00:00,26.67,26.67,26.66,26.66,700,0
2017-09-01,17:00:00,26.69,26.7,26.69,26.698,1193,0
2017-09-01,22:00:00,26.8,26.87,26.8,26.87,5103,0
2017-09-05,18:00:00,26.9,26.9,26.9,26.9,295,0
2017-09-05,21:00:00,26.92,27.0542,26.91,27.0375,5157,0
2017-09-06,16:00:00,27.07,27.09,27.05,27.09,1260,0
2017-09-06,18:00:00,27.09,27.09,27.09,27.09,100,0
2017-09-06,20:00:00,26.94,26.9513,26.94,26.94,2332,0
2017-09-06,21:00:00,26.93,27.089,26.93,26.9667,2550,0
2017-09-08,22:00:00,26.7501,26.7501,26.7501,26.7501,250,0
2017-09-11,20:00:00,27.049,27.049,27.049,27.049,375,0
2017-09-12,16:00:00,27.1,27.1,26.8001,26.8001,472,0
2017-09-12,22:00:00,27.033,27.033,27.03,27.03,635,0
2017-09-13,20:00:00,27.04,27.04,27,27,2100,0
2017-09-13,22:00:00,27,27,27,27,162,0
2017-09-14,17:00:00,26.9229,26.9229,26.82,26.82,1350,0
2017-09-15,16:00:00,27,27,27,27,1266,0
2017-09-15,20:00:00,27,27,27,27,800,0
2017-09-15,22:00:00,26.9677,27.0292,26.9272,27.0292,300,0
2017-09-18,16:00:00,27.0688,27.0688,27.0688,27.0688,369,0
2017-09-18,20:00:00,26.95,27.1,26.91,26.91,1700,0
2017-09-18,22:00:00,26.9,26.9,26.85,26.85,2220,0
2017-09-19,18:00:00,26.76,26.76,26.75,26.75,700,0
2017-09-19,19:00:00,26.8384,26.8384,26.8384,26.8384,1000,0
2017-09-19,20:00:00,26.8259,26.8259,26.78,26.8,1625,0
2017-09-19,21:00:00,26.77,26.8,26.77,26.8,800,0
2017-09-19,22:00:00,26.75,26.75,26.6201,26.705,2120,0
2017-09-20,16:00:00,26.69,26.69,26.69,26.69,500,0
2017-09-20,20:00:00,26.75,26.75,26.75,26.75,2200,0
2017-09-20,22:00:00,26.7,26.7,26.7,26.7,400,0
2017-09-21,20:00:00,26.9456,26.9456,26.9456,26.9456,288,0
2017-09-21,21:00:00,26.75,26.8999,26.73,26.85,2000,0
2017-09-22,19:00:00,26.74,26.74,26.74,26.74,300,0
2017-09-25,16:00:00,26.73,26.73,26.73,26.73,100,0
2017-09-25,17:00:00,26.72,26.88,26.72,26.87,2015,0
2017-09-25,18:00:00,26.9,26.9,26.9,26.9,400,0
2017-09-25,20:00:00,26.8999,26.9,26.88,26.9,960,0
2017-09-26,19:00:00,26.95,27.0399,26.95,27.0399,875,0
2017-09-27,16:00:00,27.02,27.02,27.02,27.02,215,0
2017-09-27,18:00:00,26.95,26.95,26.95,26.95,550,0
2017-09-27,19:00:00,26.99,27.04,26.99,27.04,600,0
2017-09-27,20:00:00,27.04,27.04,27.04,27.04,600,0
2017-09-28,20:00:00,27.01,27.01,27.01,27.01,1000,0
2017-09-28,21:00:00,27.0014,27.0014,27.0014,27.0014,2000,0
2017-09-29,17:00:00,27,27,27,27,498,0
2017-09-29,21:00:00,27,27,27,27,502,0
2017-10-02,19:00:00,27.13,27.15,27.13,27.15,400,0
2017-10-02,21:00:00,26.905,26.93,26.905,26.93,1575,0
2017-10-02,22:00:00,27.101,27.1028,27.101,27.1028,300,0
2017-10-03,16:00:00,27.1,27.1,27.1,27.1,900,0
2017-10-03,17:00:00,27.001,27.02,26.874,26.874,2400,0
2017-10-03,21:00:00,26.82,26.82,26.74,26.8,3300,0
2017-10-04,16:00:00,26.75,26.75,26.75,26.75,240,0
2017-10-04,17:00:00,26.75,26.75,26.75,26.75,500,0
2017-10-04,20:00:00,26.75,26.77,26.75,26.77,660,0
2017-10-04,22:00:00,26.77,26.77,26.77,26.77,500,0
2017-10-05,18:00:00,26.8088,26.8304,26.8088,26.8304,500,0
2017-10-05,19:00:00,26.78,26.794,26.761,26.761,5986,0
2017-10-05,22:00:00,26.78,26.78,26.7522,26.7522,700,0
2017-10-06,19:00:00,26.76,26.76,26.76,26.76,500,0
2017-10-09,16:00:00,26.8,26.8,26.8,26.8,1500,0
2017-10-09,17:00:00,26.61,26.61,26.5,26.5,1432,0
2017-10-09,18:00:00,26.49,26.5,26.49,26.49,2010,0
2017-10-09,19:00:00,26.5,26.5,26.5,26.5,5100,0
2017-10-09,21:00:00,26.5,26.5,26.5,26.5,800,0
2017-10-09,22:00:00,26.49,26.49,26.49,26.49,450,0
2017-10-10,16:00:00,26.56,26.57,26.56,26.57,300,0
2017-10-10,17:00:00,26.58,26.58,26.58,26.58,735,0
2017-10-10,18:00:00,26.57,26.6,26.57,26.6,910,0
2017-10-10,20:00:00,26.79,26.79,26.6031,26.778,1265,0
2017-10-10,21:00:00,26.78,26.78,26.78,26.78,730,0
2017-10-11,16:00:00,26.77,26.77,26.75,26.75,900,0
2017-10-11,17:00:00,26.7,26.7,26.7,26.7,500,0
2017-10-11,18:00:00,26.77,26.78,26.7,26.7,3380,0
2017-10-11,19:00:00,26.7,26.78,26.7,26.78,1550,0
2017-10-11,20:00:00,26.73,26.73,26.7,26.7,514,0
2017-10-12,16:00:00,26.74,26.74,26.74,26.74,112,0
2017-10-12,21:00:00,26.79,26.8,26.79,26.8,400,0
2017-10-13,16:00:00,26.8,26.8,26.8,26.8,100,0
2017-10-13,18:00:00,26.7705,26.7705,26.7705,26.7705,840,0
2017-10-13,20:00:00,26.7999,26.8,26.7999,26.8,1838,0
2017-10-13,21:00:00,26.8,26.8,26.8,26.8,511,0
2017-10-16,16:00:00,26.79,26.79,26.79,26.79,100,0
2017-10-16,17:00:00,26.7999,26.7999,26.7999,26.7999,500,0
2017-10-16,18:00:00,26.8,26.8,26.79,26.8,300,0
2017-10-16,20:00:00,26.79,26.79,26.7705,26.7705,400,0
2017-10-16,21:00:00,26.8,26.8,26.8,26.8,1643,0
2017-10-16,22:00:00,26.79,26.8,26.79,26.8,1300,0
2017-10-17,16:00:00,26.8,26.8,26.8,26.8,627,0
2017-10-17,18:00:00,26.8,26.8,26.8,26.8,1000,0
2017-10-17,19:00:00,26.66,26.66,26.66,26.66,175,0
2017-10-17,20:00:00,26.8,26.8,26.8,26.8,200,0
2017-10-17,21:00:00,26.7665,26.8,26.7665,26.8,1800,0
2017-10-17,22:00:00,26.76,26.7883,26.651,26.7883,3020,0
2017-10-18,17:00:00,26.78,26.8,26.78,26.8,1600,0
2017-10-18,19:00:00,26.8,26.88,26.8,26.86,650,0
2017-10-19,17:00:00,26.87,26.87,26.87,26.87,370,0
2017-10-19,21:00:00,26.87,26.87,26.87,26.87,200,0
2017-10-19,22:00:00,26.7,26.92,26.7,26.8,3100,0
2017-10-20,20:00:00,26.68,26.96,26.66,26.96,1771,0
2017-10-20,21:00:00,26.7,26.7,26.7,26.7,200,0
2017-10-23,17:00:00,26.85,26.85,26.85,26.85,290,0
2017-10-23,21:00:00,26.8,26.8,26.8,26.8,400,0
2017-10-24,18:00:00,26.7196,26.7196,26.7196,26.7196,200,0
2017-10-25,21:00:00,26.84,26.84,26.83,26.84,975,0
2017-10-25,22:00:00,26.82,26.85,26.7208,26.7208,885,0
2017-10-26,16:00:00,26.9,26.9,26.9,26.9,1400,0
2017-10-26,17:00:00,26.9,26.9,26.9,26.9,200,0
2017-10-26,20:00:00,26.69,26.69,26.69,26.69,800,0
2017-10-30,17:00:00,26.84,26.84,26.84,26.84,100,0
2017-10-31,17:00:00,26.84,26.85,26.84,26.85,997,0
2017-10-31,18:00:00,26.7101,26.73,26.71,26.71,1717,0
2017-10-31,19:00:00,26.7249,26.7249,26.7249,26.7249,200,0
2017-10-31,21:00:00,26.72,26.72,26.7,26.7,403,0
2017-11-02,15:00:00,26.9,26.9,26.9,26.9,300,0
2017-11-02,21:00:00,26.7,26.7,26.7,26.7,300,0
2017-11-03,15:00:00,26.8,26.8,26.8,26.8,100,0
2017-11-06,17:00:00,26.8,26.8181,26.8,26.8181,718,0
2017-11-06,20:00:00,26.804,26.81,26.8,26.8,1100,0
2017-11-06,21:00:00,26.8,26.8,26.8,26.8,275,0
2017-11-07,16:00:00,26.8,26.8,26.8,26.8,1255,0
2017-11-07,19:00:00,26.85,26.85,26.85,26.85,175,0
2017-11-07,20:00:00,26.9,26.9,26.88,26.9,500,0
2017-11-07,21:00:00,26.92,26.95,26.92,26.95,1305,0
2017-11-08,16:00:00,27.03,27.03,27.03,27.03,516,0
2017-11-08,19:00:00,27.02,27.02,27.02,27.02,125,0
2017-11-08,22:00:00,26.809,26.809,26.809,26.809,100,0
2017-11-09,21:00:00,26.8,26.81,26.8,26.81,700,0
2017-11-09,22:00:00,26.8,26.8,26.77,26.77,2600,0
2017-11-10,17:00:00,26.77,26.78,26.77,26.77,2200,0
2017-11-10,20:00:00,26.78,26.78,26.78,26.78,100,0
2017-11-10,21:00:00,26.77,26.77,26.77,26.77,200,0
2017-11-10,22:00:00,26.7716,26.7814,26.77,26.77,1860,0
2017-11-13,18:00:00,26.97,26.97,26.97,26.97,1000,0
2017-11-13,22:00:00,26.9054,26.9054,26.9054,26.9054,250,0
2017-11-14,19:00:00,26.81,26.8342,26.8,26.8,3809,0
2017-11-14,20:00:00,26.9,26.9,26.9,26.9,300,0
2017-11-14,21:00:00,26.9281,26.9281,26.9281,26.9281,232,0
2017-11-15,17:00:00,26.907,26.907,26.7927,26.7927,1331,0
2017-11-15,20:00:00,26.855,26.92,26.855,26.92,700,0
2017-11-16,16:00:00,26.79,26.79,26.79,26.79,300,0
2017-11-16,18:00:00,26.79,26.79,26.79,26.79,100,0
2017-11-16,22:00:00,26.81,26.81,26.79,26.79,714,0
2017-11-17,16:00:00,26.8,26.8,26.8,26.8,9400,0
2017-11-17,17:00:00,26.8,26.8,26.8,26.8,300,0
2017-11-17,20:00:00,26.77,26.89,26.77,26.89,4000,0
2017-11-17,21:00:00,26.77,26.781,26.77,26.781,3200,0
2017-11-17,22:00:00,26.85,26.85,26.82,26.82,7400,0
2017-11-20,16:00:00,26.77,26.77,26.77,26.77,100,0
2017-11-21,21:00:00,26.84,26.96,26.84,26.96,898,0
2017-11-22,17:00:00,26.8946,26.8946,26.8946,26.8946,1000,0
2017-11-22,18:00:00,26.9,26.9,26.9,26.9,500,0
2017-11-22,19:00:00,26.9,26.9,26.9,26.9,260,0
2017-11-22,22:00:00,26.9001,26.9001,26.9001,26.9001,200,0
2017-11-24,16:00:00,26.9,26.9,26.9,26.9,100,0
2017-11-27,16:00:00,26.91,26.91,26.91,26.91,100,0
2017-11-27,18:00:00,26.96,26.97,26.96,26.96,527,0
2017-11-28,19:00:00,26.96,26.97,26.96,26.97,298,0
2017-11-28,22:00:00,26.97,26.97,26.97,26.97,200,0
2017-11-29,16:00:00,26.69,26.69,26.69,26.69,179,0
2017-11-30,19:00:00,26.73,26.73,26.73,26.73,500,0
2017-11-30,20:00:00,26.716,26.716,26.712,26.712,4000,0
2017-11-30,21:00:00,26.73,26.73,26.73,26.73,840,0
2017-12-01,17:00:00,26.7132,26.73,26.7132,26.73,1270,0
2017-12-01,19:00:00,26.73,26.73,26.73,26.73,130,0
2017-12-04,18:00:00,26.7364,26.76,26.732,26.76,1800,0
2017-12-04,19:00:00,26.735,26.735,26.73,26.73,850,0
2017-12-04,21:00:00,26.754,26.754,26.754,26.754,500,0
2017-12-04,22:00:00,26.77,26.8,26.77,26.8,750,0
2017-12-05,17:00:00,26.7951,26.8,26.7951,26.8,1000,0
2017-12-05,18:00:00,26.74,26.74,26.74,26.74,640,0
2017-12-05,20:00:00,26.7599,26.7599,26.7599,26.7599,600,0
2017-12-06,20:00:00,26.8928,26.8928,26.8928,26.8928,740,0
2017-12-07,20:00:00,26.77,26.88,26.71,26.71,4282,0
2017-12-08,17:00:00,26.71,26.73,26.65,26.65,14650,0
2017-12-08,19:00:00,26.68,26.68,26.68,26.68,2000,0
2017-12-11,16:00:00,26.71,26.71,26.71,26.71,800,0
2017-12-11,19:00:00,26.6795,26.6795,26.6795,26.6795,235,0
2017-12-11,20:00:00,26.5,26.554,26.5,26.554,1200,0
2017-12-11,21:00:00,26.4,26.48,26.27,26.27,5330,0
2017-12-11,22:00:00,26.32,26.32,26.32,26.32,4370,0
2017-12-12,16:00:00,26.4,26.4,26.4,26.4,500,0
2017-12-12,20:00:00,26.4,26.4,26.399,26.4,1800,0
2017-12-13,16:00:00,26.55,26.55,26.55,26.55,840,0
2017-12-13,19:00:00,26.55,26.55,26.3,26.3,3550,0
2017-12-13,20:00:00,26.299,26.38,26.299,26.38,5550,0
2017-12-13,21:00:00,26.3925,26.6,26.37,26.59,3789,0
2017-12-14,18:00:00,26.59,26.59,26.59,26.59,275,0
2017-12-14,20:00:00,26.57,26.57,26.57,26.57,1000,0
2017-12-14,21:00:00,26.45,26.5,26.45,26.5,900,0
2017-12-14,22:00:00,26.5,26.5,26.5,26.5,430,0
2017-12-15,16:00:00,26.59,26.59,26.59,26.59,925,0
2017-12-15,17:00:00,26.5,26.5,26.5,26.5,1400,0
2017-12-15,19:00:00,26.57,26.57,26.57,26.57,300,0
2017-12-18,18:00:00,26.59,26.59,26.58,26.59,8100,0
2017-12-18,19:00:00,26.58,26.58,26.44,26.45,9598,0
2017-12-18,20:00:00,26.45,26.45,26.45,26.45,3502,0
2017-12-18,21:00:00,26.453,26.453,26.452,26.452,750,0
2017-12-19,16:00:00,26.64,26.64,26.56,26.56,1141,0
2017-12-19,17:00:00,26.6,26.6,26.6,26.6,1500,0
2017-12-19,19:00:00,26.56,26.61,26.35,26.61,3200,0
2017-12-19,20:00:00,26.34,26.62,26.34,26.62,215,0
2017-12-20,16:00:00,26.6,26.6,26.55,26.55,1000,0
2017-12-20,17:00:00,26.64,26.64,26.64,26.64,100,0
2017-12-20,18:00:00,26.56,26.56,26.56,26.56,591,0
2017-12-20,20:00:00,26.64,26.64,26.64,26.64,550,0
2017-12-20,21:00:00,26.64,26.64,26.6004,26.6004,300,0
2017-12-20,22:00:00,26.63,26.64,26.63,26.633,1977,0
2017-12-22,16:00:00,26.64,26.64,26.64,26.64,2000,0
2017-12-22,18:00:00,26.6,26.6128,26.6,26.6128,1063,0
2017-12-22,19:00:00,26.55,26.55,26.55,26.55,200,0
2017-12-22,20:00:00,26.55,26.55,26.55,26.55,700,0
2017-12-22,22:00:00,26.6,26.6,26.6,26.6,3000,0
2017-12-27,17:00:00,26.5,26.9429,26.5,26.9429,1000,0
2017-12-27,20:00:00,26.93,26.93,26.93,26.93,370,0
2017-12-27,21:00:00,26.93,26.93,26.93,26.93,450,0
2017-12-27,22:00:00,26.4,26.92,26.4,26.92,2364,0
2017-12-28,16:00:00,26.87,26.87,26.87,26.87,100,0
2017-12-28,19:00:00,26.66,26.67,26.65,26.65,1599,0
2017-12-28,21:00:00,26.61,26.61,26.61,26.61,775,0
2017-12-28,22:00:00,26.6,26.9,26.45,26.55,1765,0
2018-01-02,17:00:00,26.3998,26.3998,26.361,26.361,300,0
2018-01-02,19:00:00,26.444,26.444,26.4223,26.4223,1518,0
2018-01-02,21:00:00,26.4,26.4,26.33,26.33,1300,0
2018-01-02,22:00:00,26.25,26.39,26.25,26.39,875,0
2018-01-03,16:00:00,26.34,26.34,26.34,26.34,100,0
2018-01-03,19:00:00,26.4244,26.4244,26.35,26.35,1100,0
2018-01-03,22:00:00,26.41,26.41,26.41,26.41,700,0
2018-01-04,17:00:00,26.55,26.55,26.55,26.55,2429,0
2018-01-04,18:00:00,26.55,26.5501,26.55,26.5501,3071,0
2018-01-04,20:00:00,26.45,26.5529,26.45,26.45,2200,0
2018-01-04,21:00:00,26.46,26.46,26.46,26.46,100,0
2018-01-04,22:00:00,26.52,26.52,26.46,26.46,300,0
2018-01-05,17:00:00,26.56,26.56,26.56,26.56,575,0
2018-01-05,22:00:00,26.38,26.4,26.35,26.35,5000,0
2018-01-08,22:00:00,26.37,26.37,26.36,26.36,700,0
2018-01-09,16:00:00,26.37,26.45,26.37,26.45,200,0
2018-01-09,17:00:00,26.44,26.827,26.44,26.827,1400,0
2018-01-09,18:00:00,26.52,26.52,26.5,26.5,1600,0
2018-01-09,19:00:00,26.7,26.7,26.7,26.7,740,0
2018-01-09,22:00:00,26.52,26.53,26.36,26.36,3400,0
2018-01-10,17:00:00,26.59,26.59,26.59,26.59,1025,0
2018-01-10,19:00:00,26.32,26.32,26.32,26.32,500,0
2018-01-10,20:00:00,26.32,26.32,26.32,26.32,430,0
2018-01-10,22:00:00,26.3225,26.3225,26.3225,26.3225,200,0
2018-01-11,19:00:00,26.58,26.58,26.58,26.58,1000,0
2018-01-12,17:00:00,26.35,26.35,26.35,26.35,400,0
2018-01-12,21:00:00,26.35,26.35,26.34,26.34,500,0
2018-01-16,16:00:00,26.3903,26.3903,26.33,26.3804,6493,0
2018-01-16,17:00:00,26.33,26.4001,26.26,26.3083,25555,0
2018-01-16,18:00:00,26.27,26.32,26.24,26.3,9800,0
2018-01-16,19:00:00,26.3,26.3,26.22,26.2678,16800,0
2018-01-16,21:00:00,26.35,26.39,26.35,26.39,1500,0
2018-01-16,22:00:00,26.36,26.47,26.35,26.47,5900,0
2018-01-17,22:00:00,26.37,26.37,26.37,26.37,3401,0
2018-01-18,21:00:00,26.3,26.32,26.22,26.22,2500,0
2018-01-18,22:00:00,26.4,26.4,26.25,26.25,1433,0
2018-01-19,17:00:00,26.32,26.32,26.3,26.3024,600,0
2018-01-19,19:00:00,26.3,26.3,26.3,26.3,400,0
2018-01-19,21:00:00,26.4216,26.49,26.4216,26.49,570,0
2018-01-19,22:00:00,26.3207,26.3207,26.3,26.3,2000,0
2018-01-22,16:00:00,26.5,26.5,26.5,26.5,1440,0
2018-01-22,17:00:00,26.5,26.5,26.5,26.5,585,0
2018-01-22,18:00:00,26.4663,26.4663,26.45,26.45,360,0
2018-01-22,20:00:00,26.45,26.45,26.35,26.35,2725,0
2018-01-22,21:00:00,26.44,26.44,26.44,26.44,345,0
2018-01-23,17:00:00,26.45,26.45,26.35,26.35,1400,0
2018-01-23,18:00:00,26.45,26.45,26.11,26.13,2775,0
2018-01-23,21:00:00,26.3,26.42,26.28,26.28,3700,0
2018-01-23,22:00:00,26.28,26.29,26.28,26.29,700,0
2018-01-24,17:00:00,26.45,26.45,26.45,26.45,310,0
2018-01-24,19:00:00,26.55,26.56,26.4,26.54,3600,0
2018-01-24,20:00:00,26.54,26.56,26.54,26.55,700,0
2018-01-24,21:00:00,26.55,26.56,26.55,26.56,1100,0
2018-01-24,22:00:00,26.56,26.56,26.55,26.55,1800,0
2018-01-25,17:00:00,26.4538,26.4538,26.4538,26.4538,500,0
2018-01-25,18:00:00,26.401,26.401,25.9148,26.07,8850,0
2018-01-25,20:00:00,26.39,26.39,26.39,26.39,100,0
2018-01-25,21:00:00,26.3,26.39,26.1,26.1,1000,0
2018-01-25,22:00:00,26.1,26.2,26.1,26.2,300,0
2018-01-29,16:00:00,26.4,26.4,26.37,26.37,425,0
2018-01-29,19:00:00,26.2,26.2,26.2,26.2,325,0
2018-01-29,22:00:00,26.05,26.05,26.01,26.01,2545,0
2018-01-30,16:00:00,26.03,26.03,26.01,26.01,1475,0
2018-01-30,17:00:00,25.98,26,25.95,26,3000,0
2018-01-30,19:00:00,26,26,26,26,400,0
2018-01-30,22:00:00,26,26,25.9,25.965,2820,0
2018-01-31,18:00:00,26.23,26.24,26.1367,26.1367,755,0
2018-01-31,19:00:00,26.23,26.25,26.23,26.25,1000,0
2018-01-31,20:00:00,26.25,26.4,26.25,26.4,200,0
2018-01-31,21:00:00,26.39,26.4,26.2,26.38,1800,0
2018-01-31,22:00:00,26.38,26.4,26.315,26.4,1747,0
2018-02-01,16:00:00,26.36,26.36,26.36,26.36,540,0
2018-02-01,17:00:00,26.07,26.07,26.07,26.07,100,0
2018-02-01,19:00:00,26.34,26.36,26.2,26.2,3200,0
2018-02-01,20:00:00,26.22,26.22,26.22,26.22,1276,0
2018-02-01,21:00:00,26.22,26.22,26.22,26.22,352,0
2018-02-02,16:00:00,25.94,26.3754,25.94,26.3754,1035,0
2018-02-02,18:00:00,26.1975,26.1975,25.95,25.95,1400,0
2018-02-02,22:00:00,26.1999,26.1999,26.1999,26.1999,400,0
2018-02-05,16:00:00,25.97,25.97,25.76,25.76,400,0
2018-02-05,18:00:00,26.08,26.08,26.08,26.08,400,0
2018-02-05,19:00:00,25.99,25.99,25.99,25.99,115,0
2018-02-05,21:00:00,25.95,25.95,25.85,25.85,477,0
2018-02-05,22:00:00,25.95,26.17,25.93,26.17,1712,0
2018-02-06,17:00:00,25.56,25.57,25.53,25.53,1300,0
2018-02-06,20:00:00,25.78,25.78,25.7,25.7,2923,0
2018-02-06,22:00:00,25.7,25.78,25.7,25.78,1200,0
2018-02-07,16:00:00,26,26,26,26,377,0
2018-02-07,18:00:00,26.2,26.36,26.186,26.22,1910,0
2018-02-07,19:00:00,26.36,26.36,26.36,26.36,300,0
2018-02-07,20:00:00,26.36,26.36,26.35,26.35,300,0
2018-02-07,21:00:00,26.35,26.35,26.31,26.31,200,0
2018-02-07,22:00:00,26.3,26.3,26.3,26.3,600,0
2018-02-08,18:00:00,26.1619,26.1619,26.1619,26.1619,300,0
2018-02-08,20:00:00,26.3,26.3,26.3,26.3,600,0
2018-02-09,17:00:00,26.2004,26.2004,26.2004,26.2004,500,0
2018-02-09,20:00:00,26.09,26.09,26.09,26.09,200,0
2018-02-12,19:00:00,26.0501,26.1967,26.0501,26.1967,630,0
2018-02-13,22:00:00,26.0881,26.0881,26.07,26.07,2200,0
2018-02-14,20:00:00,26.1,26.1,26.1,26.1,600,0
2018-02-14,21:00:00,26,26,26,26,100,0
2018-02-14,22:00:00,26,26,25.7,25.7,975,0
2018-02-15,19:00:00,26.0057,26.0057,25.925,25.925,1400,0
2018-02-15,20:00:00,25.925,25.925,25.925,25.925,500,0
2018-02-15,21:00:00,26.1,26.1,26.1,26.1,400,0
2018-02-15,22:00:00,26.1,26.22,26.1,26.22,1400,0
2018-02-16,16:00:00,26.18,26.18,26.18,26.18,500,0
2018-02-16,18:00:00,26.13,26.1425,26.13,26.1425,1000,0
2018-02-16,20:00:00,26.1,26.1,26.0662,26.0762,2275,0
2018-02-16,22:00:00,26.08,26.08,26.02,26.023,1316,0
2018-02-20,18:00:00,26.08,26.08,26.08,26.08,100,0
2018-02-20,19:00:00,26.08,26.08,26.08,26.08,100,0
2018-02-20,21:00:00,26.08,26.13,26.05,26.13,1275,0
2018-02-20,22:00:00,26.15,26.15,26.15,26.15,200,0
2018-02-21,16:00:00,26.15,26.15,26.15,26.15,350,0
2018-02-21,19:00:00,26.37,26.38,26.15,26.15,600,0
2018-02-21,22:00:00,26.32,26.32,26.32,26.32,100,0
2018-02-22,16:00:00,26.38,26.38,26.3,26.3,935,0
2018-02-22,18:00:00,26.34,26.34,26.34,26.34,1000,0
2018-02-22,19:00:00,26.34,26.35,26.3332,26.3332,12749,0
2018-02-22,20:00:00,26.34,26.34,26.3332,26.34,1850,0
2018-02-22,22:00:00,26.3423,26.3974,26.3,26.3105,8561,0
2018-02-23,16:00:00,26.45,26.45,26.37,26.37,2200,0
2018-02-23,17:00:00,26.34,26.34,26.33,26.33,2500,0
2018-02-23,18:00:00,26.34,26.34,26.3354,26.34,8700,0
2018-02-23,19:00:00,26.34,26.34,26.34,26.34,400,0
2018-02-23,20:00:00,26.35,26.35,26.34,26.34,6255,0
2018-02-23,21:00:00,26.45,26.45,26.34,26.34,500,0
2018-02-23,22:00:00,26.34,26.34,26.33,26.33,1000,0
2018-02-26,16:00:00,26.33,26.33,26.33,26.33,1300,0
2018-02-26,18:00:00,26.36,26.36,26.36,26.36,1000,0
2018-02-26,19:00:00,26.35,26.35,26.34,26.34,2180,0
2018-02-26,20:00:00,26.34,26.34,26.34,26.34,500,0
2018-02-26,21:00:00,26.34,26.34,26.33,26.33,1300,0
2018-02-26,22:00:00,26.35,26.57,26.33,26.57,2300,0
2018-02-27,16:00:00,26.3,26.3,25.95,25.95,900,0
2018-02-27,18:00:00,26.0501,26.0501,26.0501,26.0501,900,0
2018-02-27,19:00:00,26.2,26.2,26.2,26.2,500,0
2018-02-27,22:00:00,26.07,26.07,26.07,26.07,100,0
2018-02-28,17:00:00,26.07,26.19,26.07,26.19,500,0
2018-02-28,18:00:00,26.03,26.03,26,26,600,0
2018-02-28,19:00:00,26,26.28,25.9841,25.9841,3900,0
2018-02-28,21:00:00,26.01,26.02,26,26,1700,0
2018-02-28,22:00:00,26,26.04,26,26,5000,0
2018-03-01,18:00:00,26.12,26.12,26.05,26.05,616,0
2018-03-01,19:00:00,26.06,26.1,26.06,26.0782,1000,0
2018-03-01,20:00:00,26.06,26.06,26.06,26.06,100,0
2018-03-01,21:00:00,26.06,26.06,26.06,26.06,200,0
2018-03-01,22:00:00,26.1,26.1,26.1,26.1,375,0
2018-03-05,17:00:00,25.9638,25.9638,25.9638,25.9638,1500,0
2018-03-05,19:00:00,26,26,26,26,100,0
2018-03-05,20:00:00,26.1,26.1,26.1,26.1,269,0
2018-03-05,21:00:00,26,26.25,26,26.25,1131,0
2018-03-06,19:00:00,26.35,26.36,26.275,26.35,3458,0
2018-03-06,22:00:00,26.1182,26.1182,26.1182,26.1182,375,0
2018-03-07,19:00:00,26.15,26.15,26.05,26.05,600,0
2018-03-07,20:00:00,26.05,26.05,26.05,26.05,1600,0
2018-03-07,21:00:00,26.05,26.05,26.05,26.05,100,0
2018-03-07,22:00:00,26.15,26.15,26.15,26.15,450,0
2018-03-08,16:00:00,26.2,26.2,26.2,26.2,600,0
2018-03-08,17:00:00,26.2053,26.25,26.2053,26.25,1825,0
2018-03-08,18:00:00,26.25,26.42,26.25,26.42,1600,0
2018-03-08,19:00:00,26.43,26.44,26.38,26.44,3000,0
2018-03-08,20:00:00,26.44,26.44,26.41,26.41,1700,0
2018-03-08,21:00:00,26.41,26.56,26.41,26.56,1600,0
2018-03-08,22:00:00,26.56,26.56,26.54,26.56,4100,0
2018-03-09,20:00:00,26.57,26.57,26.57,26.57,810,0
2018-03-12,17:00:00,26.2701,26.2701,26.2701,26.2701,750,0
2018-03-12,18:00:00,26.4,26.4,26.27,26.27,2000,0
2018-03-12,19:00:00,26.27,26.27,26.2542,26.27,2700,0
2018-03-12,20:00:00,26.2517,26.2517,26.2517,26.2517,800,0
2018-03-12,21:00:00,26.26,26.26,26.26,26.26,200,0
2018-03-13,15:00:00,26.25,26.25,26.25,26.25,215,0
2018-03-13,16:00:00,26.25,26.25,26.25,26.25,335,0
2018-03-13,17:00:00,26.47,26.47,26.47,26.47,725,0
2018-03-13,19:00:00,26.47,26.47,26.47,26.47,400,0
2018-03-13,20:00:00,26.2442,26.2442,26.2442,26.2442,2100,0
2018-03-14,16:00:00,26.47,26.47,26.4176,26.4176,1150,0
2018-03-14,17:00:00,26.2345,26.2345,26.2345,26.2345,600,0
2018-03-14,21:00:00,26.44,26.44,26.44,26.44,750,0
2018-03-15,15:00:00,26.54,26.54,26.54,26.54,1078,0
2018-03-15,17:00:00,26.65,26.69,26.65,26.69,1400,0
2018-03-15,19:00:00,26.3848,26.3848,26.3848,26.3848,100,0
2018-03-16,17:00:00,26.5,26.5,26.5,26.5,1000,0
2018-03-19,15:00:00,26.68,26.68,26.68,26.68,100,0
2018-03-19,16:00:00,26.3298,26.3298,26.3298,26.3298,200,0
2018-03-19,18:00:00,26.67,26.67,26.6,26.6,650,0
2018-03-20,15:00:00,26.68,26.68,26.68,26.68,100,0
2018-03-20,16:00:00,26.6899,26.69,26.6899,26.69,900,0
2018-03-21,16:00:00,26.65,26.65,26.65,26.65,150,0
2018-03-21,18:00:00,26.65,26.6501,26.65,26.6501,600,0
2018-03-21,19:00:00,26.5545,26.5971,26.53,26.5971,2000,0
2018-03-21,21:00:00,26.5431,26.5431,26.5431,26.5431,240,0
2018-03-22,15:00:00,26.55,26.55,26.55,26.55,2000,0
2018-03-23,16:00:00,26.56,26.56,26.55,26.55,1600,0
2018-03-26,20:00:00,26.6,26.6,26.55,26.55,2000,0
2018-03-26,22:00:00,26.6037,26.6037,26.6037,26.6037,375,0
2018-03-27,21:00:00,26.551,26.592,26.4615,26.4615,3993,0
2018-03-28,21:00:00,26.44,26.44,26.41,26.41,750,0
2018-03-29,18:00:00,26.71,26.71,26.71,26.71,125,0
