Date,Time,Open,High,Low,Close,Volume,OpenInt
2017-09-06,16:00:00,107.69,107.98,106.46,106.6,130276,0
2017-09-06,17:00:00,106.53,106.9,106.26,106.72,219056,0
2017-09-06,18:00:00,106.7,107.28,106.58,107.2,114760,0
2017-09-06,19:00:00,107.17,107.32,107.02,107.14,78090,0
2017-09-06,20:00:00,107.12,107.38,106.99,107.37,112742,0
2017-09-06,21:00:00,107.37,107.73,107.27,107.56,152770,0
2017-09-06,22:00:00,107.56,107.9,107.3,107.45,415941,0
2017-09-07,16:00:00,107.94,108.12,107.36,107.53,101306,0
2017-09-07,17:00:00,107.56,107.62,107.07,107.27,142593,0
2017-09-07,18:00:00,107.28,107.32,106.94,107.23,130732,0
2017-09-07,19:00:00,107.21,107.23,106.94,107.14,107874,0
2017-09-07,20:00:00,107.15,107.27,106.97,107.1,143623,0
2017-09-07,21:00:00,107.08,107.53,107.08,107.5,151197,0
2017-09-07,22:00:00,107.51,107.75,107.46,107.61,415654,0
2017-09-08,16:00:00,107.58,107.58,107.12,107.31,98541,0
2017-09-08,17:00:00,107.27,107.59,107.25,107.44,175738,0
2017-09-08,18:00:00,107.45,107.65,107.42,107.57,121506,0
2017-09-08,19:00:00,107.57,107.95,107.35,107.95,89980,0
2017-09-08,20:00:00,107.92,108.05,107.85,108.02,102421,0
2017-09-08,21:00:00,108.04,108.22,107.85,108.18,135318,0
2017-09-08,22:00:00,108.17,108.23,107.97,108.19,442946,0
2017-09-11,16:00:00,108.56,109.21,108.54,108.82,104960,0
2017-09-11,17:00:00,108.9,108.9,108.05,108.55,211195,0
2017-09-11,18:00:00,108.56,108.68,108.2,108.58,256062,0
2017-09-11,19:00:00,108.56,108.71,108.51,108.63,226559,0
2017-09-11,20:00:00,108.64,108.67,108.28,108.4,165058,0
2017-09-11,21:00:00,108.41,108.46,108.21,108.35,357270,0
2017-09-11,22:00:00,108.35,108.48,108.02,108.12,798632,0
2017-09-12,16:00:00,107.92,108.93,107.92,108.39,189279,0
2017-09-12,17:00:00,108.39,108.98,108.19,108.36,425301,0
2017-09-12,18:00:00,108.36,108.39,108.15,108.35,234524,0
2017-09-12,19:00:00,108.37,108.45,108.31,108.35,184355,0
2017-09-12,20:00:00,108.34,108.39,108.26,108.35,122927,0
2017-09-12,21:00:00,108.35,108.41,108.2,108.21,576216,0
2017-09-12,22:00:00,108.22,108.49,108.14,108.28,454343,0
2017-09-13,16:00:00,108.68,109.35,108.56,109.06,143630,0
2017-09-13,17:00:00,109.09,109.22,108.66,109.14,130377,0
2017-09-13,18:00:00,109.16,109.28,108.9,109.23,115665,0
2017-09-13,19:00:00,109.26,109.29,108.92,109.01,99170,0
2017-09-13,20:00:00,109.06,109.28,108.86,109.2,106120,0
2017-09-13,21:00:00,109.19,109.2,108.92,109.02,91331,0
2017-09-13,22:00:00,109.03,109.13,108.93,109.04,416898,0
2017-09-14,16:00:00,108.79,109.02,108.43,108.92,48401,0
2017-09-14,17:00:00,108.92,108.93,108.52,108.54,106397,0
2017-09-14,18:00:00,108.55,109.16,108.5,109.06,137095,0
2017-09-14,19:00:00,109.06,109.2,108.93,108.99,68727,0
2017-09-14,20:00:00,108.98,109.11,108.83,109.07,88278,0
2017-09-14,21:00:00,109.06,109.26,109.03,109.19,102426,0
2017-09-14,22:00:00,109.19,109.41,109.11,109.39,483530,0
2017-09-15,16:00:00,109.75,109.75,108.53,109.16,379556,0
2017-09-15,17:00:00,109.16,109.16,108.56,108.76,194133,0
2017-09-15,18:00:00,108.74,109.42,108.69,109.39,191959,0
2017-09-15,19:00:00,109.38,110.36,109.13,109.22,102068,0
2017-09-15,20:00:00,109.19,109.2,108.77,108.9,107415,0
2017-09-15,21:00:00,108.91,109.08,108.88,108.99,81752,0
2017-09-15,22:00:00,109.02,109.33,108.98,109.07,540761,0
2017-09-18,16:00:00,109.42,109.61,109.08,109.53,63555,0
2017-09-18,17:00:00,109.53,109.69,109.44,109.47,70679,0
2017-09-18,18:00:00,109.47,109.65,109.43,109.5,56873,0
2017-09-18,19:00:00,109.55,109.62,109.36,109.52,61421,0
2017-09-18,20:00:00,109.54,109.55,109.36,109.41,77650,0
2017-09-18,21:00:00,109.41,109.41,109.19,109.28,73423,0
2017-09-18,22:00:00,109.28,109.65,109.25,109.65,350624,0
2017-09-19,16:00:00,109.65,109.81,109.54,109.54,80444,0
2017-09-19,17:00:00,109.56,109.76,109.47,109.6,118989,0
2017-09-19,18:00:00,109.58,109.68,109.45,109.6,112835,0
2017-09-19,19:00:00,109.58,109.64,109.38,109.45,94943,0
2017-09-19,20:00:00,109.46,109.57,109.37,109.43,73469,0
2017-09-19,21:00:00,109.42,109.48,109.37,109.41,74031,0
2017-09-19,22:00:00,109.42,109.8,109.38,109.73,348016,0
2017-09-20,16:00:00,109.75,110.24,109.53,109.94,54635,0
2017-09-20,17:00:00,109.91,110.09,109.74,109.8,56398,0
2017-09-20,18:00:00,109.82,109.86,109.68,109.79,86055,0
2017-09-20,19:00:00,109.79,109.83,109.66,109.74,47565,0
2017-09-20,20:00:00,109.75,109.76,109.49,109.54,59527,0
2017-09-20,21:00:00,109.52,109.55,108.82,109.37,140705,0
2017-09-20,22:00:00,109.38,109.61,109.29,109.61,608197,0
2017-09-21,16:00:00,109.34,109.49,108.87,108.98,54912,0
2017-09-21,17:00:00,109.01,109.08,108.17,108.3,128276,0
2017-09-21,18:00:00,108.31,108.48,107.83,107.9,145389,0
2017-09-21,19:00:00,107.9,108.08,107.74,107.83,112661,0
2017-09-21,20:00:00,107.81,107.94,107.76,107.88,73393,0
2017-09-21,21:00:00,107.87,108,107.57,107.66,110954,0
2017-09-21,22:00:00,107.67,107.87,107.58,107.63,455510,0
2017-09-22,16:00:00,108.01,108.54,107.72,107.72,113111,0
2017-09-22,17:00:00,107.77,107.97,107.34,107.48,251399,0
2017-09-22,18:00:00,107.51,107.76,107.34,107.72,208978,0
2017-09-22,19:00:00,107.68,107.78,107.38,107.51,223017,0
2017-09-22,20:00:00,107.49,107.56,107.11,107.22,197712,0
2017-09-22,21:00:00,107.23,107.35,106.69,106.86,204903,0
2017-09-22,22:00:00,106.84,107.1,106.83,106.97,598243,0
2017-09-25,16:00:00,107.18,107.49,107.02,107.38,107415,0
2017-09-25,17:00:00,107.38,107.74,107.25,107.34,184862,0
2017-09-25,18:00:00,107.32,107.54,107.12,107.39,206637,0
2017-09-25,19:00:00,107.38,107.62,107.27,107.36,125211,0
2017-09-25,20:00:00,107.38,107.44,107.27,107.33,124594,0
2017-09-25,21:00:00,107.33,107.45,107.32,107.35,149150,0
2017-09-25,22:00:00,107.35,107.45,107.18,107.36,666417,0
2017-09-26,16:00:00,107.39,107.55,106.59,107.3,248664,0
2017-09-26,17:00:00,107.26,107.39,106.95,107.1,198373,0
2017-09-26,18:00:00,107.09,107.21,106.98,107.12,199314,0
2017-09-26,19:00:00,107.14,107.67,107.03,107.18,186770,0
2017-09-26,20:00:00,107.2,107.31,107.13,107.16,80127,0
2017-09-26,21:00:00,107.18,107.65,107.12,107.58,163321,0
2017-09-26,22:00:00,107.57,107.66,107.23,107.34,877802,0
2017-09-27,16:00:00,107.48,107.5,107.09,107.2,67390,0
2017-09-27,17:00:00,107.25,107.37,106.82,106.93,164543,0
2017-09-27,18:00:00,106.94,107.27,106.87,106.97,114733,0
2017-09-27,19:00:00,106.97,107.38,106.92,107.38,115259,0
2017-09-27,20:00:00,107.38,107.6,107.27,107.4,95775,0
2017-09-27,21:00:00,107.42,107.93,107.42,107.87,91191,0
2017-09-27,22:00:00,107.85,108.14,107.79,107.9,388923,0
2017-09-28,16:00:00,107.68,107.92,106.77,106.88,195591,0
2017-09-28,17:00:00,106.87,106.88,105.8,105.99,337173,0
2017-09-28,18:00:00,106.03,106.65,105.99,106.47,178529,0
2017-09-28,19:00:00,106.5,106.58,106.22,106.28,140795,0
2017-09-28,20:00:00,106.29,106.31,105.77,105.98,266867,0
2017-09-28,21:00:00,106,106.04,105.4,105.52,305994,0
2017-09-28,22:00:00,105.52,105.9,105.51,105.75,823684,0
2017-09-29,16:00:00,106.16,106.4,105.7,106.18,336576,0
2017-09-29,17:00:00,106.2,106.86,106,106.67,375136,0
2017-09-29,18:00:00,106.63,107.16,106.61,107.16,173237,0
2017-09-29,19:00:00,107.16,107.54,107.05,107.28,171474,0
2017-09-29,20:00:00,107.26,107.47,107.24,107.32,119535,0
2017-09-29,21:00:00,107.31,107.35,106.94,107.23,171076,0
2017-09-29,22:00:00,107.23,107.39,107.12,107.22,863432,0
2017-10-02,16:00:00,107.64,108.22,107.55,107.8,89873,0
2017-10-02,17:00:00,107.76,107.85,107.31,107.48,100673,0
2017-10-02,18:00:00,107.54,107.56,107.21,107.32,114302,0
2017-10-02,19:00:00,107.3,107.39,107.18,107.3,72689,0
2017-10-02,20:00:00,107.3,107.65,107.28,107.65,75491,0
2017-10-02,21:00:00,107.63,107.64,107.46,107.57,98369,0
2017-10-02,22:00:00,107.58,107.81,107.52,107.58,339053,0
2017-10-03,16:00:00,107.65,108.27,107.65,108.13,115037,0
2017-10-03,17:00:00,108.09,108.26,107.93,108.07,103869,0
2017-10-03,18:00:00,108.05,108.15,107.66,107.81,101812,0
2017-10-03,19:00:00,107.8,108.06,107.76,107.94,73524,0
2017-10-03,20:00:00,107.94,107.96,107.75,107.89,189004,0
2017-10-03,21:00:00,107.9,107.97,107.76,107.85,161416,0
2017-10-03,22:00:00,107.85,108,107.71,107.83,371891,0
2017-10-04,16:00:00,108.43,109.01,108.07,108.74,141915,0
2017-10-04,17:00:00,108.74,108.99,108.62,108.77,154516,0
2017-10-04,18:00:00,108.75,109.11,108.75,109.07,127209,0
2017-10-04,19:00:00,109.07,109.89,109.07,109.85,284483,0
2017-10-04,20:00:00,109.85,110.12,109.29,109.45,217667,0
2017-10-04,21:00:00,109.45,109.6,109.29,109.53,146554,0
2017-10-04,22:00:00,109.52,109.71,109.25,109.32,533453,0
2017-10-05,16:00:00,109.28,109.85,109.28,109.5,85278,0
2017-10-05,17:00:00,109.53,109.92,109.32,109.43,109570,0
2017-10-05,18:00:00,109.45,109.53,109.38,109.5,81456,0
2017-10-05,19:00:00,109.5,109.68,109.35,109.41,79442,0
2017-10-05,20:00:00,109.38,109.48,109.34,109.39,63432,0
2017-10-05,21:00:00,109.39,109.46,109.19,109.38,97214,0
2017-10-05,22:00:00,109.39,109.48,109.19,109.4,395045,0
2017-10-06,16:00:00,109.1,109.58,109.06,109.26,57385,0
2017-10-06,17:00:00,109.24,109.35,108.98,109.17,214996,0
2017-10-06,18:00:00,109.17,109.23,108.96,109.08,127010,0
2017-10-06,19:00:00,109.07,109.15,108.79,108.82,125183,0
2017-10-06,20:00:00,108.83,108.94,108.72,108.73,83204,0
2017-10-06,21:00:00,108.77,108.87,108.72,108.85,46960,0
2017-10-06,22:00:00,108.85,109.15,108.74,109.12,392130,0
2017-10-09,16:00:00,109.12,109.25,108.74,109.09,45052,0
2017-10-09,17:00:00,109.06,109.19,108.85,108.99,76459,0
2017-10-09,18:00:00,108.97,109.22,108.94,109.22,93062,0
2017-10-09,19:00:00,109.17,109.31,108.85,108.92,58893,0
2017-10-09,20:00:00,108.9,109.34,108.9,109.28,96675,0
2017-10-09,21:00:00,109.29,109.44,109.1,109.1,166042,0
2017-10-09,22:00:00,109.09,109.23,108.88,109.01,426645,0
2017-10-10,16:00:00,109.36,109.64,109.23,109.49,46241,0
2017-10-10,17:00:00,109.53,109.53,108.53,108.93,102826,0
2017-10-10,18:00:00,108.93,109.01,108.67,108.8,75302,0
2017-10-10,19:00:00,108.82,108.91,108.75,108.83,54504,0
2017-10-10,20:00:00,108.86,108.91,108.74,108.79,33380,0
2017-10-10,21:00:00,108.81,108.88,108.76,108.84,41528,0
2017-10-10,22:00:00,108.84,109.02,108.83,108.97,315244,0
2017-10-11,16:00:00,109.22,109.48,108.98,109.07,46360,0
2017-10-11,17:00:00,109.12,109.37,109.04,109.18,74259,0
2017-10-11,18:00:00,109.15,109.37,109.15,109.35,95265,0
2017-10-11,19:00:00,109.34,109.55,109.31,109.46,92355,0
2017-10-11,20:00:00,109.51,109.55,109.15,109.23,79282,0
2017-10-11,21:00:00,109.26,109.36,108.94,109.09,75090,0
2017-10-11,22:00:00,109.08,109.42,108.91,109.11,409715,0
2017-10-12,16:00:00,108.96,109.24,108.65,108.73,111634,0
2017-10-12,17:00:00,108.73,109.06,108.57,108.94,180453,0
2017-10-12,18:00:00,108.94,109.23,108.84,109.06,150645,0
2017-10-12,19:00:00,109.07,109.08,108.84,109.02,99303,0
2017-10-12,20:00:00,109.01,109.2,108.83,109,120492,0
2017-10-12,21:00:00,109,109.16,108.93,109.09,222166,0
2017-10-12,22:00:00,109.08,109.25,108.86,108.87,627147,0
2017-10-13,16:00:00,109.24,109.6,108.93,109.53,108491,0
2017-10-13,17:00:00,109.56,110.14,109.38,110.11,296042,0
2017-10-13,18:00:00,110.09,110.77,110.06,110.68,141871,0
2017-10-13,19:00:00,110.69,110.87,110.58,110.84,188222,0
2017-10-13,20:00:00,110.85,111.11,110.82,111.02,124997,0
2017-10-13,21:00:00,111.01,111.01,110.52,110.63,182400,0
2017-10-13,22:00:00,110.63,110.7,110.36,110.37,410536,0
2017-10-16,16:00:00,111.11,111.15,110.06,110.06,65722,0
2017-10-16,17:00:00,110.06,110.23,109.74,110.15,186155,0
2017-10-16,18:00:00,110.13,110.7,110.06,110.67,189202,0
2017-10-16,19:00:00,110.66,110.67,110.43,110.49,93782,0
2017-10-16,20:00:00,110.54,110.75,110.44,110.7,76374,0
2017-10-16,21:00:00,110.7,110.88,110.64,110.73,75210,0
2017-10-16,22:00:00,110.73,110.82,110.5,110.65,347250,0
2017-10-17,16:00:00,110.38,110.65,109.75,109.75,45628,0
2017-10-17,17:00:00,109.81,109.86,109.61,109.71,107542,0
2017-10-17,18:00:00,109.71,109.86,109.58,109.65,134262,0
2017-10-17,19:00:00,109.65,109.71,109.59,109.67,75757,0
2017-10-17,20:00:00,109.66,109.69,109.46,109.46,63688,0
2017-10-17,21:00:00,109.48,109.77,109.42,109.74,104814,0
2017-10-17,22:00:00,109.73,110.32,109.68,109.88,491921,0
2017-10-18,16:00:00,110.06,110.21,108.58,108.9,117294,0
2017-10-18,17:00:00,108.9,109.47,108.69,109.45,191967,0
2017-10-18,18:00:00,109.4,109.4,109.09,109.12,118178,0
2017-10-18,19:00:00,109.11,109.26,108.96,109.03,127626,0
2017-10-18,20:00:00,109.03,109.38,109.03,109.33,73557,0
2017-10-18,21:00:00,109.33,109.49,109.24,109.4,97029,0
2017-10-18,22:00:00,109.39,109.62,109.3,109.36,426492,0
2017-10-19,16:00:00,108.84,108.88,108.29,108.29,131391,0
2017-10-19,17:00:00,108.37,109.04,108.33,108.95,314009,0
2017-10-19,18:00:00,108.95,109.15,108.83,108.97,129696,0
2017-10-19,19:00:00,108.97,108.99,108.66,108.69,94307,0
2017-10-19,20:00:00,108.7,108.79,108.54,108.66,217592,0
2017-10-19,21:00:00,108.67,108.96,108.61,108.89,160171,0
2017-10-19,22:00:00,108.89,109.14,108.84,109.08,361378,0
2017-10-20,16:00:00,108.85,108.91,108.5,108.83,115721,0
2017-10-20,17:00:00,108.83,109.14,108.49,108.53,129930,0
2017-10-20,18:00:00,108.52,108.6,108.08,108.18,168378,0
2017-10-20,19:00:00,108.18,108.2,107.75,107.75,108737,0
2017-10-20,20:00:00,107.75,108.15,107.63,108.02,135308,0
2017-10-20,21:00:00,108.02,108.4,108.02,108.35,127805,0
2017-10-20,22:00:00,108.35,108.48,108.1,108.18,928812,0
2017-10-23,16:00:00,108.36,109.16,108.36,108.76,78378,0
2017-10-23,17:00:00,108.75,108.81,108.36,108.42,163186,0
2017-10-23,18:00:00,108.45,108.5,108.2,108.31,119126,0
2017-10-23,19:00:00,108.32,108.34,108.08,108.29,95258,0
2017-10-23,20:00:00,108.28,108.34,108.1,108.2,69714,0
2017-10-23,21:00:00,108.17,108.3,107.96,108.3,97006,0
2017-10-23,22:00:00,108.28,108.52,108.22,108.45,401054,0
2017-10-24,16:00:00,108.19,109.11,108.12,109,71579,0
2017-10-24,17:00:00,109,109.12,108.73,109.05,119503,0
2017-10-24,18:00:00,109.06,109.14,108.78,109.09,131360,0
2017-10-24,19:00:00,109.1,109.25,108.78,108.89,114668,0
2017-10-24,20:00:00,108.91,109.18,108.91,108.98,113832,0
2017-10-24,21:00:00,108.98,109.13,108.92,109.1,96330,0
2017-10-24,22:00:00,109.09,109.65,109.04,109.62,494027,0
2017-10-25,16:00:00,109.67,110.08,109.52,110.01,144995,0
2017-10-25,17:00:00,109.97,110.13,109.74,110.03,146317,0
2017-10-25,18:00:00,110.02,110.23,109.87,109.95,146340,0
2017-10-25,19:00:00,109.97,110,109.39,109.67,188393,0
2017-10-25,20:00:00,109.69,109.99,109.65,109.96,102047,0
2017-10-25,21:00:00,109.93,110.29,109.91,110.13,114933,0
2017-10-25,22:00:00,110.14,110.58,110.14,110.49,623711,0
2017-10-26,16:00:00,110.53,111.03,110.53,110.94,95093,0
2017-10-26,17:00:00,110.91,111.38,110.76,111.32,142476,0
2017-10-26,18:00:00,111.32,111.36,111.06,111.2,152377,0
2017-10-26,19:00:00,111.17,111.65,111.1,111.41,82710,0
2017-10-26,20:00:00,111.38,111.76,111.36,111.72,77915,0
2017-10-26,21:00:00,111.7,111.85,111.48,111.48,183630,0
2017-10-26,22:00:00,111.49,111.55,110.96,111.15,632647,0
2017-10-27,16:00:00,110.7,111.09,110.04,110.05,117345,0
2017-10-27,17:00:00,109.85,110.65,109.84,110.41,132456,0
2017-10-27,18:00:00,110.44,110.97,110.32,110.73,183753,0
2017-10-27,19:00:00,110.7,110.91,110.58,110.77,90358,0
2017-10-27,20:00:00,110.78,110.88,110.68,110.81,102458,0
2017-10-27,21:00:00,110.84,111.27,110.81,111.19,174358,0
2017-10-27,22:00:00,111.2,111.27,111.05,111.23,615274,0
2017-10-30,15:00:00,111.09,111.19,110.78,110.88,62138,0
2017-10-30,16:00:00,110.94,111.11,109.87,110.22,290283,0
2017-10-30,17:00:00,110.24,110.28,109.41,109.57,173331,0
2017-10-30,18:00:00,109.58,109.67,109.13,109.48,276891,0
2017-10-30,19:00:00,109.52,109.81,109.47,109.69,151251,0
2017-10-30,20:00:00,109.67,110.14,109.67,109.94,133546,0
2017-10-30,21:00:00,109.99,110.27,109.85,110.22,487967,0
2017-10-31,15:00:00,110.52,110.92,110.05,110.32,119237,0
2017-10-31,16:00:00,110.32,111.07,109.89,110.88,237197,0
2017-10-31,17:00:00,110.88,111.34,110.84,111.25,174558,0
2017-10-31,18:00:00,111.27,111.35,111.09,111.26,155949,0
2017-10-31,19:00:00,111.28,111.61,111.25,111.43,196846,0
2017-10-31,20:00:00,111.42,111.63,111.23,111.35,435422,0
2017-10-31,21:00:00,111.36,111.37,110.97,111.17,653637,0
2017-11-01,15:00:00,119.47,124.09,116.47,122.26,1741541,0
2017-11-01,16:00:00,122.25,122.8,120.53,120.57,1312026,0
2017-11-01,17:00:00,120.69,121.93,120.68,121.03,619169,0
2017-11-01,18:00:00,121,121.06,118.95,119.75,637807,0
2017-11-01,19:00:00,119.73,120.9,119.67,120.62,448744,0
2017-11-01,20:00:00,120.6,121.8,120.2,121.52,521712,0
2017-11-01,21:00:00,121.53,122.08,121.21,121.43,1463852,0
2017-11-02,15:00:00,120.98,121.81,119.24,119.53,553339,0
2017-11-02,16:00:00,119.53,119.69,118.15,118.79,673103,0
2017-11-02,17:00:00,118.82,119.56,118.57,119.11,350446,0
2017-11-02,18:00:00,119.12,119.53,118.64,119.49,435907,0
2017-11-02,19:00:00,119.49,120.13,119.32,119.49,242243,0
2017-11-02,20:00:00,119.49,119.98,119.48,119.74,276750,0
2017-11-02,21:00:00,119.74,119.84,119.25,119.47,1184549,0
2017-11-03,15:00:00,119.74,120.56,119.13,120.15,175043,0
2017-11-03,16:00:00,120.12,120.85,119.97,120.72,248153,0
2017-11-03,17:00:00,120.71,121.31,120.53,120.84,234545,0
2017-11-03,18:00:00,120.84,121.24,120.81,120.99,190382,0
2017-11-03,19:00:00,120.97,121.23,120.6,120.73,153118,0
2017-11-03,20:00:00,120.73,121,120.47,120.86,217810,0
2017-11-03,21:00:00,120.85,121.13,120.79,121.02,682687,0
2017-11-06,16:00:00,120.73,121.02,119.78,120.22,83419,0
2017-11-06,17:00:00,120.23,121.06,120.16,120.57,130804,0
2017-11-06,18:00:00,120.6,120.71,120.11,120.35,153770,0
2017-11-06,19:00:00,120.34,120.51,120.19,120.46,83860,0
2017-11-06,20:00:00,120.46,120.52,120.24,120.38,82832,0
2017-11-06,21:00:00,120.39,120.4,120.11,120.17,111226,0
2017-11-06,22:00:00,120.17,120.51,120.14,120.43,421300,0
2017-11-07,16:00:00,119.94,120.89,119.77,120.48,83008,0
2017-11-07,17:00:00,120.56,121.13,120.49,120.88,114881,0
2017-11-07,18:00:00,120.9,121.36,120.9,121.08,274349,0
2017-11-07,19:00:00,121.08,121.56,121.08,121.45,156884,0
2017-11-07,20:00:00,121.44,121.6,121.38,121.49,74574,0
2017-11-07,21:00:00,121.5,121.57,120.99,121.26,117617,0
2017-11-07,22:00:00,121.24,121.54,121.16,121.53,378764,0
2017-11-08,16:00:00,121.81,123.29,121.81,122.36,109468,0
2017-11-08,17:00:00,122.38,122.82,122.17,122.59,139829,0
2017-11-08,18:00:00,122.58,122.79,122.51,122.66,99268,0
2017-11-08,19:00:00,122.66,122.77,122.38,122.43,147188,0
2017-11-08,20:00:00,122.43,122.5,121.84,122.12,273595,0
2017-11-08,21:00:00,122.11,122.55,122.02,122.46,147516,0
2017-11-08,22:00:00,122.47,122.76,122.23,122.38,496822,0
2017-11-09,16:00:00,121.98,122.86,121.31,122.67,176179,0
2017-11-09,17:00:00,122.65,123.24,122.55,123.24,231543,0
2017-11-09,18:00:00,123.22,123.49,123.01,123.03,235541,0
2017-11-09,19:00:00,123.06,123.06,122.21,122.57,210040,0
2017-11-09,20:00:00,122.58,123.29,122.52,122.79,203120,0
2017-11-09,21:00:00,122.78,123.24,122.78,122.95,112713,0
2017-11-09,22:00:00,122.93,123.23,122.8,123.07,401292,0
2017-11-10,16:00:00,123.11,123.91,123.11,123.55,108374,0
2017-11-10,17:00:00,123.58,123.86,123.02,123.31,228331,0
2017-11-10,18:00:00,123.29,123.64,123.15,123.57,219873,0
2017-11-10,19:00:00,123.59,123.74,123.49,123.55,178104,0
2017-11-10,20:00:00,123.56,123.79,123.55,123.77,110123,0
2017-11-10,21:00:00,123.79,124.57,123.79,124.51,178891,0
2017-11-10,22:00:00,124.5,124.58,123.84,123.9,527021,0
2017-11-13,16:00:00,124.1,126.26,123.86,125.52,305982,0
2017-11-13,17:00:00,125.49,125.61,124.96,125.51,250271,0
2017-11-13,18:00:00,125.49,125.73,125.03,125.19,174055,0
2017-11-13,19:00:00,125.14,125.45,125.01,125.45,91963,0
2017-11-13,20:00:00,125.44,125.59,125.07,125.13,144937,0
2017-11-13,21:00:00,125.13,125.39,125.07,125.29,164667,0
2017-11-13,22:00:00,125.28,125.73,125.27,125.61,522881,0
2017-11-14,16:00:00,125.04,125.36,124.55,124.81,85614,0
2017-11-14,17:00:00,124.8,125.14,124.57,124.91,195852,0
2017-11-14,18:00:00,124.94,125.38,124.8,125.32,102037,0
2017-11-14,19:00:00,125.36,125.44,125.02,125.08,63170,0
2017-11-14,20:00:00,125.1,125.31,124.79,125.05,135076,0
2017-11-14,21:00:00,125.08,125.36,125.03,125.33,151025,0
2017-11-14,22:00:00,125.31,125.6,125.08,125.31,465761,0
2017-11-15,16:00:00,124.67,125.38,124.38,124.97,103608,0
2017-11-15,17:00:00,125,125.41,123.93,124.96,285429,0
2017-11-15,18:00:00,124.96,124.99,124.4,124.53,92028,0
2017-11-15,19:00:00,124.49,124.64,124.41,124.58,65667,0
2017-11-15,20:00:00,124.59,124.61,124.24,124.29,99992,0
2017-11-15,21:00:00,124.29,124.33,124.15,124.18,86458,0
2017-11-15,22:00:00,124.17,124.42,123.83,123.9,363793,0
2017-11-16,16:00:00,124.45,125.01,124.1,124.38,140115,0
2017-11-16,17:00:00,124.34,125,124.34,124.77,99028,0
2017-11-16,18:00:00,124.81,125.14,124.49,124.77,86314,0
2017-11-16,19:00:00,124.72,125.48,124.68,125.4,114226,0
2017-11-16,20:00:00,125.4,125.73,125.4,125.49,204058,0
2017-11-16,21:00:00,125.48,125.49,124.86,124.9,120739,0
2017-11-16,22:00:00,124.9,125.08,124.84,124.93,361194,0
2017-11-17,16:00:00,124.77,125.45,124.25,124.83,116979,0
2017-11-17,17:00:00,124.96,125.22,124.58,124.71,123950,0
2017-11-17,18:00:00,124.7,124.71,124.29,124.31,106332,0
2017-11-17,19:00:00,124.3,124.46,124.26,124.32,111692,0
2017-11-17,20:00:00,124.3,124.38,124.24,124.29,86283,0
2017-11-17,21:00:00,124.28,124.54,124.27,124.3,105065,0
2017-11-17,22:00:00,124.3,124.48,123.98,123.98,1246947,0
2017-11-20,16:00:00,124.43,125.04,124.18,124.81,138333,0
2017-11-20,17:00:00,124.89,125.77,124.86,125.06,219582,0
2017-11-20,18:00:00,125.06,125.68,125.01,125.49,176080,0
2017-11-20,19:00:00,125.5,125.7,125.1,125.15,134430,0
2017-11-20,20:00:00,125.18,125.21,124.73,124.84,127642,0
2017-11-20,21:00:00,124.84,124.94,124.7,124.87,103979,0
2017-11-20,22:00:00,124.87,125.04,124.47,124.47,497103,0
2017-11-21,16:00:00,124.09,125.18,124.04,125.08,173196,0
2017-11-21,17:00:00,125.16,125.72,124.76,124.89,477986,0
2017-11-21,18:00:00,124.9,125.02,124.65,124.86,217338,0
2017-11-21,19:00:00,124.88,124.95,124.62,124.78,138115,0
2017-11-21,20:00:00,124.78,124.87,124.69,124.75,169483,0
2017-11-21,21:00:00,124.78,124.96,124.76,124.8,110338,0
2017-11-21,22:00:00,124.8,124.96,124.78,124.79,388982,0
2017-11-22,16:00:00,125.17,125.99,124.59,124.71,94924,0
2017-11-22,17:00:00,124.8,125.07,124.53,124.8,492119,0
2017-11-22,18:00:00,124.81,124.81,124.36,124.49,170987,0
2017-11-22,19:00:00,124.47,124.59,124.47,124.5,126294,0
2017-11-22,20:00:00,124.51,124.56,124.48,124.51,115977,0
2017-11-22,21:00:00,124.48,125.03,124.48,125.03,99629,0
2017-11-22,22:00:00,125.04,125.26,124.89,125.13,268931,0
2017-11-24,16:00:00,125.29,125.89,125.29,125.67,95149,0
2017-11-24,17:00:00,125.67,125.68,125.34,125.54,196340,0
2017-11-24,18:00:00,125.53,125.69,125.29,125.43,171760,0
2017-11-24,19:00:00,125.44,125.63,125.35,125.47,174480,0
2017-11-24,20:00:00,125.48,125.48,125.48,125.48,34705,0
2017-11-27,16:00:00,125.39,125.75,124.35,124.53,235941,0
2017-11-27,17:00:00,124.59,124.72,124.15,124.49,181746,0
2017-11-27,18:00:00,124.5,124.65,123.96,124.36,170860,0
2017-11-27,19:00:00,124.37,124.63,124.29,124.56,103614,0
2017-11-27,20:00:00,124.57,124.72,124.49,124.62,81368,0
2017-11-27,21:00:00,124.61,124.66,124.46,124.56,146884,0
2017-11-27,22:00:00,124.56,124.62,124.43,124.44,434893,0
2017-11-28,16:00:00,125.02,125.11,124.71,124.83,77957,0
2017-11-28,17:00:00,124.82,124.86,124.56,124.67,182833,0
2017-11-28,18:00:00,124.67,124.83,124.64,124.69,221296,0
2017-11-28,19:00:00,124.7,124.78,124.59,124.72,146404,0
2017-11-28,20:00:00,124.74,124.75,124.39,124.5,120742,0
2017-11-28,21:00:00,124.47,124.69,124.41,124.65,155823,0
2017-11-28,22:00:00,124.67,124.7,124.37,124.6,611699,0
2017-11-29,16:00:00,124.2,124.66,124.13,124.14,116917,0
2017-11-29,17:00:00,124.22,124.39,123.16,123.17,211461,0
2017-11-29,18:00:00,123.16,123.86,123.02,123.63,203338,0
2017-11-29,19:00:00,123.65,123.96,123.38,123.73,245495,0
2017-11-29,20:00:00,123.75,123.77,123.56,123.58,138735,0
2017-11-29,21:00:00,123.57,123.83,123.56,123.69,247016,0
2017-11-29,22:00:00,123.7,124.03,123.46,123.6,896034,0
2017-11-30,16:00:00,123.54,124.15,123.01,123.63,181586,0
2017-11-30,17:00:00,123.67,123.78,123.25,123.64,327151,0
2017-11-30,18:00:00,123.67,123.81,123.57,123.66,206387,0
2017-11-30,19:00:00,123.68,124.52,123.66,124.31,305847,0
2017-11-30,20:00:00,124.31,124.5,124,124.4,167638,0
2017-11-30,21:00:00,124.41,124.48,124.21,124.32,190954,0
2017-11-30,22:00:00,124.32,124.7,124.19,124.5,1039290,0
2017-12-01,16:00:00,124.4,124.91,123.96,124.78,107141,0
2017-12-01,17:00:00,124.83,124.94,124.29,124.47,137596,0
2017-12-01,18:00:00,124.45,124.47,123.09,123.98,219835,0
2017-12-01,19:00:00,123.98,124.1,123.59,123.72,223051,0
2017-12-01,20:00:00,123.68,124.11,123.64,123.91,124254,0
2017-12-01,21:00:00,123.91,124.04,123.63,123.9,113791,0
2017-12-01,22:00:00,123.9,124.53,123.73,124.44,452478,0
2017-12-04,16:00:00,125.02,125.27,124.61,124.69,109987,0
2017-12-04,17:00:00,124.69,124.8,123.67,123.92,241744,0
2017-12-04,18:00:00,123.92,124.52,123.73,124.44,196397,0
2017-12-04,19:00:00,124.44,124.83,124.44,124.83,73594,0
2017-12-04,20:00:00,124.79,124.91,124.78,124.9,58844,0
2017-12-04,21:00:00,124.89,124.95,124.71,124.88,119788,0
2017-12-04,22:00:00,124.87,125.08,124.81,125.01,416818,0
2017-12-05,16:00:00,123.59,124.64,123.33,123.65,326132,0
2017-12-05,17:00:00,123.75,124.47,123.68,123.75,387022,0
2017-12-05,18:00:00,123.76,124.07,123.17,123.38,261727,0
2017-12-05,19:00:00,123.37,123.83,123.17,123.68,133631,0
2017-12-05,20:00:00,123.72,123.74,123.25,123.59,156056,0
2017-12-05,21:00:00,123.61,123.88,123.43,123.81,168064,0
2017-12-05,22:00:00,123.79,124.22,123.72,124.17,596136,0
2017-12-06,16:00:00,123.95,124.11,122.75,122.92,146662,0
2017-12-06,17:00:00,122.91,123.62,122.68,123.48,220040,0
2017-12-06,18:00:00,123.48,123.95,123.46,123.9,102519,0
2017-12-06,19:00:00,123.85,124.02,123.75,123.8,65107,0
2017-12-06,20:00:00,123.8,124.03,123.79,123.89,77275,0
2017-12-06,21:00:00,123.9,124.14,123.89,124.14,98037,0
2017-12-06,22:00:00,124.13,124.34,123.99,124.14,614176,0
2017-12-07,16:00:00,124.2,124.68,123.92,124.61,126545,0
2017-12-07,17:00:00,124.57,125.01,124.45,124.64,148603,0
2017-12-07,18:00:00,124.64,124.79,124.23,124.42,112684,0
2017-12-07,19:00:00,124.41,124.6,124.24,124.46,110030,0
2017-12-07,20:00:00,124.47,124.52,124.19,124.35,116868,0
2017-12-07,21:00:00,124.31,124.53,124.02,124.28,141781,0
2017-12-07,22:00:00,124.28,124.85,124.22,124.85,533690,0
2017-12-08,16:00:00,124.83,125.57,124.24,125.38,124828,0
2017-12-08,17:00:00,125.36,125.53,124.94,125.35,258454,0
2017-12-08,18:00:00,125.37,125.51,124.96,125.3,172817,0
2017-12-08,19:00:00,125.28,125.44,124.92,125.08,135812,0
2017-12-08,20:00:00,125.12,125.37,124.94,125.18,106845,0
2017-12-08,21:00:00,125.17,125.23,124.94,125.13,115045,0
2017-12-08,22:00:00,125.13,125.38,125.11,125.3,469306,0
2017-12-11,16:00:00,124.98,125.52,124.98,125.41,58072,0
2017-12-11,17:00:00,125.41,125.47,124.62,124.84,169554,0
2017-12-11,18:00:00,124.85,125.24,124.74,125.17,81009,0
2017-12-11,19:00:00,125.16,125.18,124.85,124.86,121534,0
2017-12-11,20:00:00,124.86,124.97,124.8,124.94,82003,0
2017-12-11,21:00:00,124.94,125.13,124.87,124.95,137929,0
2017-12-11,22:00:00,124.94,125.15,124.8,125.14,444455,0
2017-12-12,16:00:00,124.77,124.99,124.39,124.77,157350,0
2017-12-12,17:00:00,124.81,124.97,124.5,124.51,182915,0
2017-12-12,18:00:00,124.53,124.9,124.5,124.75,130477,0
2017-12-12,19:00:00,124.75,124.84,124.58,124.65,75652,0
2017-12-12,20:00:00,124.65,124.82,124.61,124.67,108976,0
2017-12-12,21:00:00,124.66,124.8,124.59,124.61,143737,0
2017-12-12,22:00:00,124.61,124.71,124.39,124.62,540399,0
2017-12-13,16:00:00,124.62,127.13,124.57,127.01,220065,0
2017-12-13,17:00:00,127.06,127.27,126.32,127.17,311341,0
2017-12-13,18:00:00,127.16,127.96,127.01,127.6,217813,0
2017-12-13,19:00:00,127.66,128.03,127.42,127.76,204161,0
2017-12-13,20:00:00,127.7,128.05,127.63,127.71,184972,0
2017-12-13,21:00:00,127.77,128.23,127.77,128.12,186987,0
2017-12-13,22:00:00,128.1,128.14,127.29,127.61,575025,0
2017-12-14,16:00:00,127.32,127.88,127.32,127.55,128938,0
2017-12-14,17:00:00,127.56,127.69,127.27,127.44,208862,0
2017-12-14,18:00:00,127.46,127.58,127.19,127.32,166904,0
2017-12-14,19:00:00,127.32,127.77,127.3,127.51,96992,0
2017-12-14,20:00:00,127.51,127.57,127,127.32,203599,0
2017-12-14,21:00:00,127.29,127.6,127.2,127.6,167641,0
2017-12-14,22:00:00,127.55,127.62,127.41,127.47,322115,0
2017-12-15,16:00:00,128.25,129.32,128.1,128.67,415907,0
2017-12-15,17:00:00,128.62,128.83,128.17,128.47,248048,0
2017-12-15,18:00:00,128.51,129.16,128.44,129.05,147167,0
2017-12-15,19:00:00,129.07,129.45,128.87,129.25,205063,0
2017-12-15,20:00:00,129.23,129.37,128.76,129.06,90397,0
2017-12-15,21:00:00,129.08,129.28,128.97,129.04,107093,0
2017-12-15,22:00:00,129.02,129.4,128.97,129.28,1025661,0
2017-12-18,16:00:00,129.53,129.63,128.75,129.13,116823,0
2017-12-18,17:00:00,129.29,129.5,129.01,129.26,142003,0
2017-12-18,18:00:00,129.26,130.01,129.25,129.95,130027,0
2017-12-18,19:00:00,129.94,129.94,129.4,129.57,82344,0
2017-12-18,20:00:00,129.56,129.87,129.32,129.37,130005,0
2017-12-18,21:00:00,129.38,129.41,128.84,129.24,259392,0
2017-12-18,22:00:00,129.25,129.31,128.75,129.05,460058,0
2017-12-19,16:00:00,128.9,129.48,127.85,128.03,210757,0
2017-12-19,17:00:00,128.01,128.41,127.56,127.86,318714,0
2017-12-19,18:00:00,127.87,128.11,127.13,127.16,191394,0
2017-12-19,19:00:00,127.16,127.43,127.07,127.41,126731,0
2017-12-19,20:00:00,127.42,127.91,127.36,127.78,157133,0
2017-12-19,21:00:00,127.75,127.99,127.66,127.78,149670,0
2017-12-19,22:00:00,127.76,127.78,127.45,127.5,512595,0
2017-12-20,16:00:00,127.7,127.96,127.28,127.52,83384,0
2017-12-20,17:00:00,127.48,127.65,127.27,127.43,137064,0
2017-12-20,18:00:00,127.41,127.57,127.03,127.04,102658,0
2017-12-20,19:00:00,127.01,127.38,126.93,127.27,74456,0
2017-12-20,20:00:00,127.26,127.43,127.1,127.25,82616,0
2017-12-20,21:00:00,127.24,127.24,126.97,127.12,109082,0
2017-12-20,22:00:00,127.12,127.42,127.09,127.35,331285,0
2017-12-21,16:00:00,127.81,128.52,127.66,128.06,125817,0
2017-12-21,17:00:00,128.01,128.1,127.42,127.56,85776,0
2017-12-21,18:00:00,127.58,127.78,127.39,127.52,85840,0
2017-12-21,19:00:00,127.52,127.7,127.4,127.63,44985,0
2017-12-21,20:00:00,127.66,127.85,127.61,127.66,60312,0
2017-12-21,21:00:00,127.65,127.69,127.43,127.53,64440,0
2017-12-21,22:00:00,127.53,127.59,127.16,127.24,206188,0
2017-12-22,16:00:00,127.75,127.78,126.9,127.37,46802,0
2017-12-22,17:00:00,127.38,127.7,127.2,127.53,70092,0
2017-12-22,18:00:00,127.53,127.68,127.34,127.54,63603,0
2017-12-22,19:00:00,127.55,127.56,127.44,127.47,50675,0
2017-12-22,20:00:00,127.47,127.57,127.46,127.53,56001,0
2017-12-22,21:00:00,127.53,127.71,127.45,127.46,113481,0
2017-12-22,22:00:00,127.46,127.46,127.22,127.41,199404,0
2017-12-26,16:00:00,127.44,127.94,127.23,127.94,26408,0
2017-12-26,17:00:00,127.91,128.06,127.74,127.84,37020,0
2017-12-26,18:00:00,127.85,128.07,127.81,127.97,32693,0
2017-12-26,19:00:00,128,128.46,127.99,128.39,46280,0
2017-12-26,20:00:00,128.4,128.58,128.39,128.44,41978,0
2017-12-26,21:00:00,128.48,128.6,128.45,128.54,44889,0
2017-12-26,22:00:00,128.54,128.67,128.38,128.51,155961,0
2017-12-27,16:00:00,128.3,128.58,127.92,128.07,48605,0
2017-12-27,17:00:00,128.07,128.27,127.82,127.85,61994,0
2017-12-27,18:00:00,127.85,127.96,127.65,127.69,58181,0
2017-12-27,19:00:00,127.67,127.94,127.65,127.69,32421,0
2017-12-27,20:00:00,127.67,127.74,127.57,127.63,45876,0
2017-12-27,21:00:00,127.62,127.68,127.53,127.55,39977,0
2017-12-27,22:00:00,127.54,127.62,127.29,127.41,208742,0
2017-12-28,16:00:00,127.28,127.87,127.04,127.76,65686,0
2017-12-28,17:00:00,127.69,127.74,127.4,127.55,92581,0
2017-12-28,18:00:00,127.55,127.86,127.51,127.66,107523,0
2017-12-28,19:00:00,127.66,127.67,127.33,127.36,62145,0
2017-12-28,20:00:00,127.36,127.54,127.34,127.48,34303,0
2017-12-28,21:00:00,127.46,127.49,127.18,127.37,45823,0
2017-12-28,22:00:00,127.37,127.6,127.33,127.55,224431,0
2017-12-29,16:00:00,127.46,127.79,127.14,127.29,46542,0
2017-12-29,17:00:00,127.22,127.4,127.17,127.28,119691,0
2017-12-29,18:00:00,127.3,127.48,127.2,127.46,39466,0
2017-12-29,19:00:00,127.44,127.52,127.28,127.29,46435,0
2017-12-29,20:00:00,127.3,127.32,127.02,127.11,40736,0
2017-12-29,21:00:00,127.11,127.27,127.1,127.26,46376,0
2017-12-29,22:00:00,127.24,127.39,126.86,126.9,328755,0
2018-01-02,16:00:00,127.3,127.5,126.46,126.71,108345,0
2018-01-02,17:00:00,126.7,127.41,126.7,127.28,171145,0
2018-01-02,18:00:00,127.3,127.73,126.98,127.45,152832,0
2018-01-02,19:00:00,127.45,127.45,127.14,127.45,79204,0
2018-01-02,20:00:00,127.46,127.48,127.03,127.1,89411,0
2018-01-02,21:00:00,127.11,127.43,127.11,127.25,96062,0
2018-01-02,22:00:00,127.25,127.58,127.11,127.25,349271,0
2018-01-03,16:00:00,127.21,128.09,126.85,127.69,134478,0
2018-01-03,17:00:00,127.75,128.24,127.65,127.91,236225,0
2018-01-03,18:00:00,127.95,128.37,127.79,128.13,168839,0
2018-01-03,19:00:00,128.13,128.84,128.12,128.71,168413,0
2018-01-03,20:00:00,128.73,129.08,128.69,128.97,205742,0
2018-01-03,21:00:00,128.97,129.03,128.62,128.96,221591,0
2018-01-03,22:00:00,128.96,129.38,128.92,129.28,628816,0
2018-01-04,16:00:00,129.66,131.22,129.6,131.18,200120,0
2018-01-04,17:00:00,131.23,131.24,130.27,130.66,175281,0
2018-01-04,18:00:00,130.63,130.73,129.85,130.05,173360,0
2018-01-04,19:00:00,130.08,130.5,130.08,130.43,100715,0
2018-01-04,20:00:00,130.44,130.51,130.23,130.31,119414,0
2018-01-04,21:00:00,130.32,130.35,129.94,130.1,189079,0
2018-01-04,22:00:00,130.09,130.26,129.8,129.88,630310,0
2018-01-05,16:00:00,129.87,130.21,129.46,129.61,108261,0
2018-01-05,17:00:00,129.64,130.09,129.37,129.92,297486,0
2018-01-05,18:00:00,129.96,130.28,129.62,129.71,105601,0
2018-01-05,19:00:00,129.73,129.92,129.63,129.75,193179,0
2018-01-05,20:00:00,129.77,129.8,129.6,129.66,64846,0
2018-01-05,21:00:00,129.65,129.71,129.48,129.53,123694,0
2018-01-05,22:00:00,129.53,129.83,129.39,129.65,442670,0
2018-01-08,16:00:00,129.44,130.19,129.25,130.1,57926,0
2018-01-08,17:00:00,130.1,130.59,130.1,130.34,91351,0
2018-01-08,18:00:00,130.37,130.58,130.18,130.26,69684,0
2018-01-08,19:00:00,130.28,130.57,130.28,130.49,56844,0
2018-01-08,20:00:00,130.5,130.83,130.5,130.82,88077,0
2018-01-08,21:00:00,130.83,130.9,130.6,130.63,63504,0
2018-01-08,22:00:00,130.63,130.78,130.48,130.62,345049,0
2018-01-09,16:00:00,130.95,131.36,130.65,130.84,71904,0
2018-01-09,17:00:00,130.81,131.62,130.76,131.42,194210,0
2018-01-09,18:00:00,131.4,131.98,131.38,131.88,70108,0
2018-01-09,19:00:00,131.88,132.14,131.72,131.82,60812,0
2018-01-09,20:00:00,131.83,132.01,131.73,132.01,75548,0
2018-01-09,21:00:00,132.04,132.05,131.69,131.77,80183,0
2018-01-09,22:00:00,131.77,131.77,131.31,131.35,470678,0
2018-01-10,16:00:00,130.95,130.95,127.93,128.31,165337,0
2018-01-10,17:00:00,128.35,129.04,128.1,129.04,277193,0
2018-01-10,18:00:00,128.99,129.52,128.86,129.23,144521,0
2018-01-10,19:00:00,129.25,129.58,129.1,129.16,106165,0
2018-01-10,20:00:00,129.17,129.33,129,129.15,128522,0
2018-01-10,21:00:00,129.16,129.34,128.82,129.28,118226,0
2018-01-10,22:00:00,129.28,130,129.28,129.97,401943,0
2018-01-11,16:00:00,130.24,130.52,129.1,129.13,69937,0
2018-01-11,17:00:00,129.22,129.47,128.41,128.85,203805,0
2018-01-11,18:00:00,128.87,129.39,128.66,128.78,156735,0
2018-01-11,19:00:00,128.78,129.02,128.74,128.88,115236,0
2018-01-11,20:00:00,128.91,128.95,128.68,128.74,60745,0
2018-01-11,21:00:00,128.74,128.74,128.58,128.7,67134,0
2018-01-11,22:00:00,128.69,128.91,128.56,128.75,341844,0
2018-01-12,16:00:00,128.82,129.15,128.54,128.84,58147,0
2018-01-12,17:00:00,128.78,128.96,128.48,128.59,106043,0
2018-01-12,18:00:00,128.58,128.66,128.31,128.37,117365,0
2018-01-12,19:00:00,128.39,128.57,128.39,128.54,49971,0
2018-01-12,20:00:00,128.55,128.66,128.31,128.35,74983,0
2018-01-12,21:00:00,128.35,128.77,128.35,128.42,96574,0
2018-01-12,22:00:00,128.45,128.56,128.08,128.19,610612,0
2018-01-16,16:00:00,128.86,130.04,128.86,129.59,90274,0
2018-01-16,17:00:00,129.57,129.66,128.72,128.77,129084,0
2018-01-16,18:00:00,128.82,129.01,128.52,128.71,113672,0
2018-01-16,19:00:00,128.74,129.22,128.69,128.95,91586,0
2018-01-16,20:00:00,128.95,129.11,128.67,128.74,113671,0
2018-01-16,21:00:00,128.72,128.77,128.12,128.3,188667,0
2018-01-16,22:00:00,128.3,128.76,128.26,128.32,466835,0
2018-01-17,16:00:00,128.94,129.8,128.67,129.7,136511,0
2018-01-17,17:00:00,129.64,130.14,129.56,129.8,205656,0
2018-01-17,18:00:00,129.76,131.29,129.76,131.2,182883,0
2018-01-17,19:00:00,131.25,131.48,131.04,131.46,104546,0
2018-01-17,20:00:00,131.49,131.95,131.49,131.95,105397,0
2018-01-17,21:00:00,131.95,132.21,131.8,132.07,130306,0
2018-01-17,22:00:00,132.08,132.24,131.49,131.71,455092,0
2018-01-18,16:00:00,131.86,132.1,131.52,131.77,80580,0
2018-01-18,17:00:00,131.81,131.81,130.84,131.22,104945,0
2018-01-18,18:00:00,131.22,131.33,130.58,130.73,114803,0
2018-01-18,19:00:00,130.69,131.44,130.66,131.08,52580,0
2018-01-18,20:00:00,131.08,131.22,130.86,131.03,46961,0
2018-01-18,21:00:00,131.01,131.33,130.94,131.19,64924,0
2018-01-18,22:00:00,131.17,131.17,130.43,130.63,339660,0
2018-01-19,16:00:00,131.23,132.33,130.97,132.21,144817,0
2018-01-19,17:00:00,132.15,132.48,131.82,132.4,78148,0
2018-01-19,18:00:00,132.4,133.17,132.35,132.82,140689,0
2018-01-19,19:00:00,132.85,133.33,132.71,133.16,106544,0
2018-01-19,20:00:00,133,133.4,132.98,133.03,74733,0
2018-01-19,21:00:00,133.01,133.35,133,133.25,80255,0
2018-01-19,22:00:00,133.24,134.1,133.21,134.09,561997,0
2018-01-22,16:00:00,133.39,134.69,133.24,134.69,123299,0
2018-01-22,17:00:00,134.64,135.33,134.56,134.72,146273,0
2018-01-22,18:00:00,134.73,134.91,134.4,134.48,156902,0
2018-01-22,19:00:00,134.49,134.59,134.16,134.18,110678,0
2018-01-22,20:00:00,134.2,134.41,134.15,134.32,166143,0
2018-01-22,21:00:00,134.3,134.44,134.22,134.31,118393,0
2018-01-22,22:00:00,134.31,134.65,134.27,134.51,359821,0
2018-01-23,16:00:00,134.4,136.29,134.4,136.29,121355,0
2018-01-23,17:00:00,136.22,136.7,136.03,136.43,159789,0
2018-01-23,18:00:00,136.41,136.8,136.33,136.44,145762,0
2018-01-23,19:00:00,136.5,136.5,136.15,136.44,111142,0
2018-01-23,20:00:00,136.41,136.5,135.91,136.29,103450,0
2018-01-23,21:00:00,136.26,136.61,136.01,136.36,101366,0
2018-01-23,22:00:00,136.39,136.49,136.16,136.36,356016,0
2018-01-24,16:00:00,136.46,136.61,134.76,135.7,174535,0
2018-01-24,17:00:00,135.64,137.24,135.62,136.97,229113,0
2018-01-24,18:00:00,136.96,137.1,136.35,136.63,219206,0
2018-01-24,19:00:00,136.62,136.78,135.65,135.68,223924,0
2018-01-24,20:00:00,135.69,135.8,135.2,135.64,79929,0
2018-01-24,21:00:00,135.66,136.25,135.49,136.15,68856,0
2018-01-24,22:00:00,136.15,136.21,135.81,135.89,301032,0
2018-01-25,16:00:00,136.6,136.6,135.9,136.38,129602,0
2018-01-25,17:00:00,136.31,136.84,136.15,136.57,104251,0
2018-01-25,18:00:00,136.53,137.3,136.51,136.89,134548,0
2018-01-25,19:00:00,136.92,137.25,136.66,136.71,102681,0
2018-01-25,20:00:00,136.68,136.68,136.31,136.34,36831,0
2018-01-25,21:00:00,136.32,136.51,136.13,136.21,71172,0
2018-01-25,22:00:00,136.23,136.84,136.13,136.81,324563,0
2018-01-26,16:00:00,136.51,136.9,135.48,136.62,143301,0
2018-01-26,17:00:00,136.61,137.25,136.46,136.91,162612,0
2018-01-26,18:00:00,136.91,137.11,136.7,136.84,104195,0
2018-01-26,19:00:00,136.82,137.13,136.61,137.12,102151,0
2018-01-26,20:00:00,137.17,137.48,137.02,137.13,85266,0
2018-01-26,21:00:00,137.13,137.3,136.91,137.13,95437,0
2018-01-26,22:00:00,137.13,137.38,137.01,137.34,495011,0
2018-01-29,16:00:00,137.39,137.83,136.44,136.5,221037,0
2018-01-29,17:00:00,136.44,137.08,136.15,136.16,168343,0
2018-01-29,18:00:00,136.19,136.6,135.77,136.52,119939,0
2018-01-29,19:00:00,136.54,136.97,136.24,136.92,112292,0
2018-01-29,20:00:00,136.96,137.27,136.88,137.23,122400,0
2018-01-29,21:00:00,137.25,137.35,136.65,136.89,96166,0
2018-01-29,22:00:00,136.88,136.9,136.17,136.24,313091,0
2018-01-30,16:00:00,135.64,136.22,135.03,135.04,84361,0
2018-01-30,17:00:00,135.11,136.66,134.87,136.53,152130,0
2018-01-30,18:00:00,136.52,136.57,135.76,135.76,122734,0
2018-01-30,19:00:00,135.79,136.2,135.73,136.16,101675,0
2018-01-30,20:00:00,136.12,136.13,135.74,136.02,93534,0
2018-01-30,21:00:00,136.05,136.4,136.05,136.25,127534,0
2018-01-30,22:00:00,136.23,136.83,136.22,136.27,350464,0
2018-01-31,16:00:00,136.6,137.4,136.42,136.85,139742,0
2018-01-31,17:00:00,136.88,137,136.15,136.4,158885,0
2018-01-31,18:00:00,136.43,136.51,136.03,136.27,128189,0
2018-01-31,19:00:00,136.29,136.45,136.01,136.42,123209,0
2018-01-31,20:00:00,136.4,136.46,136.12,136.19,101580,0
2018-01-31,21:00:00,136.25,136.32,133.74,134.54,388976,0
2018-01-31,22:00:00,134.59,135.18,134.38,134.6,658358,0
2018-02-01,16:00:00,134.77,136.06,133.52,135.27,161044,0
2018-02-01,17:00:00,135.27,135.27,134.29,134.63,146724,0
2018-02-01,18:00:00,134.67,135.3,134.54,134.96,192253,0
2018-02-01,19:00:00,135.01,135.3,134.86,134.87,155914,0
2018-02-01,20:00:00,134.87,134.93,134.16,134.28,186336,0
2018-02-01,21:00:00,134.28,134.36,133.77,133.96,319804,0
2018-02-01,22:00:00,133.95,134.45,133.71,134.2,602537,0
2018-02-02,16:00:00,138.37,138.37,132.68,134.11,373877,0
2018-02-02,17:00:00,134.13,136.68,133.87,135.48,347788,0
2018-02-02,18:00:00,135.47,136.64,135.18,135.93,213947,0
2018-02-02,19:00:00,135.88,136.53,135.64,135.87,136043,0
2018-02-02,20:00:00,135.86,136.53,135.66,136.05,235510,0
2018-02-02,21:00:00,136.03,136.11,134.45,134.46,348692,0
2018-02-02,22:00:00,134.44,135.07,133.81,134.03,818643,0
2018-02-05,16:00:00,133.05,135.54,132.19,134.3,258863,0
2018-02-05,17:00:00,134.37,136.33,134.13,136.21,226941,0
2018-02-05,18:00:00,136.16,136.54,135.35,136.19,202378,0
2018-02-05,19:00:00,136.15,136.43,135.77,136.06,258491,0
2018-02-05,20:00:00,135.96,136.56,135.31,136.56,264533,0
2018-02-05,21:00:00,136.55,136.68,134.43,134.74,509654,0
2018-02-05,22:00:00,134.76,135.31,133.71,133.94,1138571,0
2018-02-06,16:00:00,132.54,135.71,131.33,134.57,347012,0
2018-02-06,17:00:00,134.41,136.4,134.25,136.15,441338,0
2018-02-06,18:00:00,136.05,136.1,134.12,134.65,315824,0
2018-02-06,19:00:00,134.74,135.92,134.73,135.24,237302,0
2018-02-06,20:00:00,135.18,135.25,134.63,134.7,239289,0
2018-02-06,21:00:00,134.67,136.59,134.61,136.38,321161,0
2018-02-06,22:00:00,136.45,137.37,135.78,136.86,868260,0
2018-02-07,16:00:00,136.47,137.14,135.04,135.25,178313,0
2018-02-07,17:00:00,135.41,135.95,135.21,135.47,242152,0
2018-02-07,18:00:00,135.48,135.5,134.04,134.45,294526,0
2018-02-07,19:00:00,134.48,134.67,133.63,133.82,201868,0
2018-02-07,20:00:00,133.84,134.66,133.65,134.33,298409,0
2018-02-07,21:00:00,134.29,135.09,133.7,135.04,309665,0
2018-02-07,22:00:00,135,135.54,134.31,134.35,688943,0
2018-02-08,16:00:00,134.77,135.24,134.05,134.23,211119,0
2018-02-08,17:00:00,134.23,135.03,133.97,134.12,267193,0
2018-02-08,18:00:00,134.11,134.17,132.97,133.3,280207,0
2018-02-08,19:00:00,133.29,133.3,131.26,131.84,281573,0
2018-02-08,20:00:00,131.85,133.36,131.49,133.24,217565,0
2018-02-08,21:00:00,133.24,133.69,132.9,133.41,181651,0
2018-02-08,22:00:00,133.41,133.75,130.89,131.11,836592,0
2018-02-09,16:00:00,131.83,133.06,131.83,132.58,187618,0
2018-02-09,17:00:00,132.7,134.02,132.66,133.5,222846,0
2018-02-09,18:00:00,133.55,134.14,132.75,132.85,244521,0
2018-02-09,19:00:00,132.86,132.87,131.4,132.06,213793,0
2018-02-09,20:00:00,132.06,132.2,130.83,131.71,217548,0
2018-02-09,21:00:00,131.66,133.59,131.61,132.51,337705,0
2018-02-09,22:00:00,132.51,134.93,131.68,134.39,868096,0
2018-02-12,16:00:00,135.05,136.76,135.05,136.15,148703,0
2018-02-12,17:00:00,136.18,136.9,135.41,135.71,263904,0
2018-02-12,18:00:00,135.77,136.65,135.47,136.65,153811,0
2018-02-12,19:00:00,136.74,137.24,136.61,136.86,178724,0
2018-02-12,20:00:00,136.91,137.48,136.68,137.31,146136,0
2018-02-12,21:00:00,137.34,137.6,136.68,137.29,202188,0
2018-02-12,22:00:00,137.29,137.61,136.48,136.67,658243,0
2018-02-13,16:00:00,136.02,137.15,136.02,136.38,125519,0
2018-02-13,17:00:00,136.45,137.18,136.41,137.14,165981,0
2018-02-13,18:00:00,137.11,137.14,136.21,136.87,171594,0
2018-02-13,19:00:00,136.87,136.95,136.31,136.58,128738,0
2018-02-13,20:00:00,136.57,137.06,136.35,136.81,121667,0
2018-02-13,21:00:00,136.82,136.98,136.33,136.52,226431,0
2018-02-13,22:00:00,136.54,137.36,136.47,137.14,443027,0
2018-02-14,16:00:00,136.81,137.25,136.17,136.93,88761,0
2018-02-14,17:00:00,136.85,138.47,136.85,138.18,156608,0
2018-02-14,18:00:00,138.21,138.33,137.79,137.98,129966,0
2018-02-14,19:00:00,137.96,138.52,137.8,138.48,88223,0
2018-02-14,20:00:00,138.46,139.16,138.4,138.96,105579,0
2018-02-14,21:00:00,138.99,139.39,138.73,139.12,170710,0
2018-02-14,22:00:00,139.12,139.61,139.12,139.36,533997,0
2018-02-15,16:00:00,139.63,140.16,139.27,139.45,233144,0
2018-02-15,17:00:00,139.46,139.46,137.68,137.7,319343,0
2018-02-15,18:00:00,137.69,138.66,137.58,138.45,211094,0
2018-02-15,19:00:00,138.47,138.93,138.44,138.88,143409,0
2018-02-15,20:00:00,138.9,139.19,138.7,139.11,136370,0
2018-02-15,21:00:00,139.13,139.49,139.08,139.26,164815,0
2018-02-15,22:00:00,139.27,139.55,138.84,139.26,548682,0
2018-02-16,16:00:00,138.84,140.23,138.84,139.78,200493,0
2018-02-16,17:00:00,139.72,140.63,139.66,139.84,226155,0
2018-02-16,18:00:00,139.86,140.39,139.58,140.29,258625,0
2018-02-16,19:00:00,140.27,141.14,140.14,140.94,160614,0
2018-02-16,20:00:00,140.97,141.29,140.29,140.91,178335,0
2018-02-16,21:00:00,140.92,141.02,139.82,140.45,146941,0
2018-02-16,22:00:00,140.43,141.17,140.38,140.67,477836,0
2018-02-20,16:00:00,139.68,140.68,139.37,139.4,118057,0
2018-02-20,17:00:00,139.55,140.2,139.13,139.21,186157,0
2018-02-20,18:00:00,139.23,139.82,139.18,139.75,178419,0
2018-02-20,19:00:00,139.69,140.09,139.66,139.8,73490,0
2018-02-20,20:00:00,139.72,139.8,139.19,139.67,62618,0
2018-02-20,21:00:00,139.7,139.72,139.14,139.38,80415,0
2018-02-20,22:00:00,139.38,139.49,138.68,138.98,324892,0
2018-02-21,16:00:00,139,140.97,138.98,140.8,219646,0
2018-02-21,17:00:00,140.85,141.17,140.09,140.43,210228,0
2018-02-21,18:00:00,140.47,141.14,140.3,141.07,155005,0
2018-02-21,19:00:00,141.08,141.29,140.94,141.11,113351,0
2018-02-21,20:00:00,141.16,141.36,140.85,141.05,110094,0
2018-02-21,21:00:00,141.06,141.83,140.43,140.7,159623,0
2018-02-21,22:00:00,140.7,140.7,139.42,139.45,484111,0
2018-02-22,16:00:00,139.73,140.86,139.24,139.55,92142,0
2018-02-22,17:00:00,139.57,140.92,139.48,140.61,127731,0
2018-02-22,18:00:00,140.61,140.84,140.36,140.5,94220,0
2018-02-22,19:00:00,140.53,140.9,140.18,140.32,83060,0
2018-02-22,20:00:00,140.34,140.7,139.61,139.91,110416,0
2018-02-22,21:00:00,139.91,140.61,139.77,139.83,77601,0
2018-02-22,22:00:00,139.84,140.17,139.54,139.78,324426,0
2018-02-23,16:00:00,140.32,140.68,140,140.29,93814,0
2018-02-23,17:00:00,140.3,140.92,140.13,140.67,106508,0
2018-02-23,18:00:00,140.71,141.84,140.58,141.68,126977,0
2018-02-23,19:00:00,141.68,141.7,141.01,141.17,54677,0
2018-02-23,20:00:00,141.16,141.36,140.82,141.32,49634,0
2018-02-23,21:00:00,141.31,141.67,141.15,141.62,76455,0
2018-02-23,22:00:00,141.63,142.07,141.63,142.01,284714,0
2018-02-26,16:00:00,142.24,143.25,142.09,142.5,111269,0
2018-02-26,17:00:00,142.59,142.69,141.93,142.64,142393,0
2018-02-26,18:00:00,142.6,143.21,142.43,142.75,90798,0
2018-02-26,19:00:00,142.74,142.96,142.56,142.66,97252,0
2018-02-26,20:00:00,142.65,142.7,142.39,142.65,84452,0
2018-02-26,21:00:00,142.63,143,142.44,142.75,81590,0
2018-02-26,22:00:00,142.75,143.19,142.62,142.91,301801,0
2018-02-27,16:00:00,142.59,143.26,141.36,141.41,113465,0
2018-02-27,17:00:00,141.33,142.3,141,141.16,140557,0
2018-02-27,18:00:00,141.14,141.9,140.05,140.17,223503,0
2018-02-27,19:00:00,140.17,140.7,139.85,140.63,164374,0
2018-02-27,20:00:00,140.61,140.61,140,140.08,117449,0
2018-02-27,21:00:00,140.1,140.4,139.56,140.12,137793,0
2018-02-27,22:00:00,140.13,140.42,139.72,139.78,611447,0
2018-02-28,16:00:00,139.85,140.75,139.85,140.665,71747,0
2018-02-28,17:00:00,140.74,140.8,138.86,138.94,142258,0
2018-02-28,18:00:00,138.97,139.55,138.78,139.295,139191,0
2018-02-28,19:00:00,139.33,139.88,139.2,139.6644,105486,0
2018-02-28,20:00:00,139.66,140.16,139.53,140.16,78054,0
2018-02-28,21:00:00,140.18,140.45,139.56,139.63,99449,0
2018-02-28,22:00:00,139.665,139.73,138.44,138.44,543794,0
2018-03-01,16:00:00,138.26,138.83,137.35,137.72,199349,0
2018-03-01,17:00:00,137.93,139.27,137.45,138.41,179495,0
2018-03-01,18:00:00,138.41,139.14,138.24,138.81,131459,0
2018-03-01,19:00:00,138.84,138.86,138.01,138.36,111464,0
2018-03-01,20:00:00,138.31,138.36,137.63,137.74,176257,0
2018-03-01,21:00:00,137.74,137.84,137.04,137.555,227876,0
2018-03-01,22:00:00,137.54,138.66,137.11,138.54,772961,0
2018-03-02,16:00:00,137.41,138.68,137.41,138.17,105807,0
2018-03-02,17:00:00,138.27,138.63,137.69,138.09,135621,0
2018-03-02,18:00:00,138.01,138.91,137.79,138.91,128927,0
2018-03-02,19:00:00,138.86,139.23,138.65,139.14,124476,0
2018-03-02,20:00:00,139.12,139.135,138.62,138.9942,119651,0
2018-03-02,21:00:00,139.05,139.77,138.95,139.48,109220,0
2018-03-02,22:00:00,139.46,140.74,139.305,140.65,629904,0
2018-03-05,16:00:00,140.1,140.81,139.56,139.85,71228,0
2018-03-05,17:00:00,139.95,140.61,139.74,140.46,72920,0
2018-03-05,18:00:00,140.45,141.48,140.45,141.29,114606,0
2018-03-05,19:00:00,141.305,141.56,140.94,141.45,142529,0
2018-03-05,20:00:00,141.47,141.78,140.8969,141.04,136077,0
2018-03-05,21:00:00,141.06,141.81,140.82,141.69,176045,0
2018-03-05,22:00:00,141.69,141.805,141.27,141.64,629824,0
2018-03-06,16:00:00,142.16,143.12,142.03,142.835,130813,0
2018-03-06,17:00:00,142.77,142.87,141.84,141.89,179233,0
2018-03-06,18:00:00,141.88,142.2,141.7,142.08,150643,0
2018-03-06,19:00:00,142.075,142.2,141.8,142.06,142657,0
2018-03-06,20:00:00,142.04,142.45,141.86,141.98,126585,0
2018-03-06,21:00:00,141.98,142.35,141.98,142.26,157026,0
2018-03-06,22:00:00,142.27,142.77,142.12,142.68,784541,0
2018-03-07,16:00:00,141.53,143.46,141.42,143.43,147482,0
2018-03-07,17:00:00,143.39,143.86,143.31,143.56,221617,0
2018-03-07,18:00:00,143.53,143.55,142.81,142.81,130167,0
2018-03-07,19:00:00,142.8,142.88,142.55,142.67,97202,0
2018-03-07,20:00:00,142.67,142.86,142.34,142.8,105704,0
2018-03-07,21:00:00,142.81,143.34,142.64,143.24,123800,0
2018-03-07,22:00:00,143.27,143.57,142.96,143.55,535582,0
2018-03-08,16:00:00,143.6,143.86,142.78,143.49,149137,0
2018-03-08,17:00:00,143.5233,143.77,143.36,143.49,139855,0
2018-03-08,18:00:00,143.48,143.75,143.4,143.58,126436,0
2018-03-08,19:00:00,143.58,143.67,143.44,143.61,96246,0
2018-03-08,20:00:00,143.605,143.85,143.54,143.73,98314,0
2018-03-08,21:00:00,143.76,144.27,143.65,144.27,134994,0
2018-03-08,22:00:00,144.27,144.42,143.93,144.39,545516,0
2018-03-09,16:00:00,145.25,145.41,144.53,144.62,106291,0
2018-03-09,17:00:00,144.64,145.07,144.62,144.7,141086,0
2018-03-09,18:00:00,144.71,145.19,144.71,145.19,147922,0
2018-03-09,19:00:00,145.2,145.29,144.94,144.99,83695,0
2018-03-09,20:00:00,145,145.04,144.73,144.81,53651,0
2018-03-09,21:00:00,144.84,145.03,144.73,144.89,213115,0
2018-03-09,22:00:00,144.85,145.05,144.74,145.05,593728,0
2018-03-12,15:00:00,145,145.31,144.765,144.88,89165,0
2018-03-12,16:00:00,144.91,145.29,144.88,145.16,103141,0
2018-03-12,17:00:00,145.17,145.97,145.17,145.9294,90789,0
2018-03-12,18:00:00,145.96,145.9699,145.1,145.52,85780,0
2018-03-12,19:00:00,145.53,145.79,144.97,144.99,48045,0
2018-03-12,20:00:00,144.99,145.08,144.69,145.01,75592,0
2018-03-12,21:00:00,145.04,145.72,144.99,145.37,358403,0
2018-03-13,15:00:00,146,146.29,145.01,146.1,69414,0
2018-03-13,16:00:00,146.1,146.33,145.2175,145.29,113907,0
2018-03-13,17:00:00,145.32,145.61,145.07,145.38,84922,0
2018-03-13,18:00:00,145.37,145.53,144.81,145.32,102620,0
2018-03-13,19:00:00,145.34,145.44,145.02,145.02,77917,0
2018-03-13,20:00:00,145.03,145.38,144.84,145.07,74171,0
2018-03-13,21:00:00,145.13,145.87,144.9001,145.78,381504,0
2018-03-14,15:00:00,145.78,146.15,144.86,144.91,140908,0
2018-03-14,16:00:00,144.95,145.35,144.82,144.84,201756,0
2018-03-14,17:00:00,144.84,144.95,144.09,144.226,176555,0
2018-03-14,18:00:00,144.28,144.69,143.93,144.29,136646,0
2018-03-14,19:00:00,144.31,144.79,144.11,144.68,192540,0
2018-03-14,20:00:00,144.69,144.78,144.22,144.43,110467,0
2018-03-14,21:00:00,144.415,145.09,144.26,145.09,484539,0
2018-03-15,15:00:00,145.38,145.71,144.18,144.25,95224,0
2018-03-15,16:00:00,144.255,144.44,143.585,143.585,207294,0
2018-03-15,17:00:00,143.62,144.16,143.6,144.16,278309,0
2018-03-15,18:00:00,144.17,144.77,144.15,144.73,127373,0
2018-03-15,19:00:00,144.705,145,144.51,144.51,89328,0
2018-03-15,20:00:00,144.53,144.82,143.91,144.1,162637,0
2018-03-15,21:00:00,144.08,144.44,143.83,144.12,741441,0
2018-03-16,15:00:00,144.14,145.42,144.14,144.79,238403,0
2018-03-16,16:00:00,144.88,145.28,144.615,145.24,95031,0
2018-03-16,17:00:00,145.24,145.5,145.03,145.28,83945,0
2018-03-16,18:00:00,145.31,145.92,145.29,145.75,72710,0
2018-03-16,19:00:00,145.79,145.96,145.6678,145.86,70476,0
2018-03-16,20:00:00,145.87,146.26,145.69,146.26,80123,0
2018-03-16,21:00:00,146.26,146.57,146.19,146.27,663093,0
2018-03-19,15:00:00,146.3,147.7,146.29,147.01,163612,0
2018-03-19,16:00:00,147.01,147.2,146.65,146.75,179067,0
2018-03-19,17:00:00,146.8,146.8,145.49,145.6,276356,0
2018-03-19,18:00:00,145.58,145.92,145.52,145.81,108888,0
2018-03-19,19:00:00,145.81,145.83,145.24,145.54,134251,0
2018-03-19,20:00:00,145.51,145.71,145.05,145.52,118121,0
2018-03-19,21:00:00,145.5119,145.94,145.35,145.86,462330,0
2018-03-20,15:00:00,146,146.94,145.9,146.92,105853,0
2018-03-20,16:00:00,146.89,147.49,146.67,147.235,122504,0
2018-03-20,17:00:00,147.24,147.43,146.92,147.33,165184,0
2018-03-20,18:00:00,147.35,147.84,147.1,147.76,140904,0
2018-03-20,19:00:00,147.74,147.76,147.32,147.36,223971,0
2018-03-20,20:00:00,147.33,148.08,147.25,148.01,144862,0
2018-03-20,21:00:00,148.03,148.37,147.96,148.2,476756,0
2018-03-21,15:00:00,147.83,148.08,146.4,146.76,129498,0
2018-03-21,16:00:00,146.73,147.3,146.45,146.62,145711,0
2018-03-21,17:00:00,146.62,147.46,146.59,147.46,80034,0
2018-03-21,18:00:00,147.42,147.46,146.86,146.86,79994,0
2018-03-21,19:00:00,146.87,146.87,146.56,146.64,94435,0
2018-03-21,20:00:00,146.72,147.33,146.01,146.32,157702,0
2018-03-21,21:00:00,146.31,147.09,146.12,146.13,372452,0
2018-03-22,15:00:00,145.84,146.92,145.84,146.19,156173,0
2018-03-22,16:00:00,146.16,146.57,145.44,145.72,149882,0
2018-03-22,17:00:00,145.71,145.85,145.05,145.385,120937,0
2018-03-22,18:00:00,145.32,145.88,145.2,145.77,137149,0
2018-03-22,19:00:00,145.76,146.28,145.62,146.125,153311,0
2018-03-22,20:00:00,146.14,146.19,145.4,145.48,86914,0
2018-03-22,21:00:00,145.44,145.79,144.34,144.5,458278,0
2018-03-23,15:00:00,144.6,145.74,144.51,145.6,92197,0
2018-03-23,16:00:00,145.56,145.76,144.95,145.44,113890,0
2018-03-23,17:00:00,145.445,145.47,144.84,144.865,123930,0
2018-03-23,18:00:00,144.89,145.21,144.72,144.765,147105,0
2018-03-23,19:00:00,144.72,145.9,144.69,145.82,119553,0
2018-03-23,20:00:00,145.82,145.929,144.59,144.74,171553,0
2018-03-23,21:00:00,144.69,144.86,143.495,143.8,516175,0
2018-03-26,16:00:00,145.15,147.47,145.15,146.625,199842,0
2018-03-26,17:00:00,146.56,146.88,145.87,145.965,200920,0
2018-03-26,18:00:00,145.93,146.31,145.78,146.03,110197,0
2018-03-26,19:00:00,146.01,146.91,145.98,146.65,109510,0
2018-03-26,20:00:00,146.68,147.33,146.6475,147.28,96541,0
2018-03-26,21:00:00,147.28,147.99,147.1401,147.75,161079,0
2018-03-26,22:00:00,147.7399,148.41,147.71,148.21,531181,0
2018-03-27,16:00:00,148.65,148.71,146.79,147.17,189709,0
2018-03-27,17:00:00,147.1,147.85,146.62,147.56,186254,0
2018-03-27,18:00:00,147.51,148.48,147.41,148.47,167857,0
2018-03-27,19:00:00,148.49,148.76,148.4,148.59,105557,0
2018-03-27,20:00:00,148.61,148.92,148,148.26,122541,0
2018-03-27,21:00:00,148.22,148.76,147.75,147.76,193254,0
2018-03-27,22:00:00,147.735,147.79,145.92,146.69,558626,0
2018-03-28,16:00:00,147.24,148.6,146.89,147.17,153447,0
2018-03-28,17:00:00,147.2,147.42,145.44,145.79,258456,0
2018-03-28,18:00:00,145.83,146.34,145.28,145.62,261591,0
2018-03-28,19:00:00,145.65,146.76,145.4,145.75,145664,0
2018-03-28,20:00:00,145.74,146.32,145.4,145.96,162337,0
2018-03-28,21:00:00,145.99,146.225,145.545,146.13,163005,0
2018-03-28,22:00:00,146.09,146.42,145.45,146.03,550188,0
2018-03-29,16:00:00,146.8,148.25,146.76,147.4,117871,0
2018-03-29,17:00:00,147.47,148.89,147.39,148.88,141480,0
2018-03-29,18:00:00,148.88,149.67,148.88,149.66,149590,0
2018-03-29,19:00:00,149.66,149.73,149.13,149.53,114111,0
2018-03-29,20:00:00,149.53,149.68,149.25,149.58,82431,0
2018-03-29,21:00:00,149.58,150,149.36,149.84,114399,0
2018-03-29,22:00:00,149.8,150.4,149.61,149.72,612209,0
