Date,Time,Open,High,Low,Close,Volume,OpenInt
2017-01-10,16:00:00,48.762,49.155,48.762,49.155,598,0
2017-01-10,17:00:00,49.108,49.305,49.108,49.305,9032,0
2017-01-10,18:00:00,49.481,49.53,49.399,49.53,759,0
2017-01-10,19:00:00,49.481,49.481,49.471,49.471,275,0
2017-01-10,20:00:00,49.374,49.434,49.335,49.408,1903,0
2017-01-10,21:00:00,49.195,49.237,49.145,49.237,1520,0
2017-01-10,22:00:00,49.255,49.255,49.255,49.255,100,0
2017-01-11,16:00:00,49.797,49.797,49.797,49.797,134,0
2017-01-11,17:00:00,49.422,49.451,49.422,49.451,203,0
2017-01-11,18:00:00,49.59,49.59,49.271,49.271,405,0
2017-01-11,20:00:00,49.34,49.34,49.208,49.271,2060,0
2017-01-11,21:00:00,49.481,49.481,49.481,49.481,203,0
2017-01-11,22:00:00,49.491,49.6,49.447,49.6,1841,0
2017-01-12,16:00:00,49.757,49.757,49.757,49.757,255,0
2017-01-12,17:00:00,48.791,48.791,48.744,48.744,330,0
2017-01-12,20:00:00,48.998,48.998,48.998,48.998,100,0
2017-01-12,21:00:00,48.937,48.937,48.937,48.937,296,0
2017-01-12,22:00:00,48.978,49.028,48.978,49.008,1480,0
2017-01-13,18:00:00,49.275,49.416,49.275,49.416,2150,0
2017-01-13,19:00:00,49.355,49.521,49.265,49.449,830,0
2017-01-13,20:00:00,49.471,49.471,49.383,49.444,1114,0
2017-01-13,21:00:00,49.383,49.383,49.215,49.215,405,0
2017-01-13,22:00:00,49.185,49.255,49.185,49.255,203,0
2017-01-17,16:00:00,49.403,49.403,49.403,49.403,213,0
2017-01-17,17:00:00,48.982,48.982,48.982,48.982,279,0
2017-01-17,18:00:00,48.752,48.752,48.742,48.742,2836,0
2017-01-17,21:00:00,48.791,48.791,48.791,48.791,100,0
2017-01-18,16:00:00,48.529,48.529,48.529,48.529,129,0
2017-01-18,19:00:00,48.779,48.779,48.779,48.779,503,0
2017-01-19,17:00:00,48.796,48.796,48.796,48.796,203,0
2017-01-19,20:00:00,48.338,48.338,48.336,48.336,822,0
2017-01-19,21:00:00,48.238,48.238,48.238,48.238,203,0
2017-01-19,22:00:00,48.402,48.402,48.36,48.36,405,0
2017-01-20,17:00:00,48.533,48.533,48.533,48.533,185,0
2017-01-20,21:00:00,48.533,48.533,48.533,48.533,100,0
2017-01-20,22:00:00,48.543,48.546,48.543,48.546,725,0
2017-01-23,20:00:00,48.191,48.219,48.191,48.219,415,0
2017-01-23,21:00:00,48.169,48.169,48.169,48.169,203,0
2017-01-23,22:00:00,48.434,48.434,48.434,48.434,254,0
2017-01-24,18:00:00,48.566,48.598,48.525,48.525,3139,0
2017-01-24,19:00:00,48.829,48.829,48.829,48.829,394,0
2017-01-24,20:00:00,49.096,49.106,49.077,49.106,762,0
2017-01-24,21:00:00,49.13,49.13,49.1,49.1,1013,0
2017-01-24,22:00:00,49.107,49.107,49.106,49.106,280,0
2017-01-25,18:00:00,49.587,49.587,49.587,49.587,100,0
2017-01-25,21:00:00,49.524,49.579,49.524,49.524,1527,0
2017-01-25,22:00:00,49.554,49.667,49.554,49.667,860,0
2017-01-26,16:00:00,50.053,50.053,49.7,49.7,356,0
2017-01-26,18:00:00,49.383,49.383,49.383,49.383,100,0
2017-01-26,20:00:00,49.307,49.307,49.307,49.307,100,0
2017-01-26,21:00:00,49.35,49.35,49.35,49.35,203,0
2017-01-26,22:00:00,49.251,49.351,49.251,49.351,1524,0
2017-01-27,17:00:00,49.106,49.106,49.106,49.106,1271,0
2017-01-27,21:00:00,49.032,49.127,49.032,49.127,2051,0
2017-01-27,22:00:00,49.185,49.195,49.185,49.195,203,0
2017-01-30,16:00:00,48.781,48.781,48.781,48.781,100,0
2017-01-30,18:00:00,48.218,48.228,48.167,48.167,4293,0
2017-01-30,19:00:00,48.179,48.227,48.179,48.218,4321,0
2017-01-30,22:00:00,48.412,48.505,48.412,48.505,697,0
2017-01-31,16:00:00,48.12,48.12,48.12,48.12,100,0
2017-01-31,17:00:00,48.131,48.465,48.131,48.465,1640,0
2017-01-31,18:00:00,48.446,48.446,48.446,48.446,203,0
2017-01-31,22:00:00,48.713,48.713,48.694,48.694,917,0
2017-02-01,16:00:00,49.15,49.15,49.067,49.067,405,0
2017-02-01,17:00:00,48.791,48.973,48.791,48.895,694,0
2017-02-01,21:00:00,48.681,48.681,48.448,48.448,537,0
2017-02-02,17:00:00,48.608,48.608,48.555,48.555,305,0
2017-02-02,18:00:00,48.54,48.54,48.54,48.54,203,0
2017-02-02,22:00:00,48.432,48.432,48.432,48.432,241,0
2017-02-03,16:00:00,48.89,48.89,48.407,48.407,540,0
2017-02-03,17:00:00,48.485,48.95,48.485,48.95,328,0
2017-02-03,18:00:00,48.895,48.895,48.732,48.732,128,0
2017-02-03,19:00:00,48.841,48.942,48.801,48.942,271,0
2017-02-03,22:00:00,48.881,49.115,48.84,49.047,59,0
2017-02-06,16:00:00,48.692,48.692,48.692,48.692,100,0
2017-02-06,17:00:00,48.959,48.967,48.939,48.939,1574,0
2017-02-06,18:00:00,48.909,48.909,48.909,48.909,100,0
2017-02-06,19:00:00,48.86,48.86,48.712,48.722,1690,0
2017-02-06,22:00:00,48.633,48.633,48.633,48.633,149,0
2017-02-07,17:00:00,48.9,48.907,48.804,48.844,8086,0
2017-02-07,22:00:00,48.497,48.497,48.443,48.443,203,0
2017-02-08,16:00:00,48.505,48.505,48.505,48.505,135,0
2017-02-08,17:00:00,48.285,48.285,48.285,48.285,139,0
2017-02-08,18:00:00,48.041,48.041,48.041,48.041,203,0
2017-02-08,20:00:00,47.948,47.948,47.948,47.948,542,0
2017-02-08,21:00:00,48.185,48.284,48.185,48.198,665,0
2017-02-08,22:00:00,48.248,48.248,48.248,48.248,102,0
2017-02-09,16:00:00,48.367,48.367,48.367,48.367,203,0
2017-02-09,17:00:00,48.791,48.791,48.791,48.791,913,0
2017-02-09,18:00:00,48.86,48.86,48.86,48.86,203,0
2017-02-09,19:00:00,48.909,48.909,48.88,48.88,405,0
2017-02-09,21:00:00,48.9,48.9,48.9,48.9,111,0
2017-02-09,22:00:00,48.9,48.9,48.9,48.9,305,0
2017-02-10,17:00:00,49.315,49.315,49.315,49.315,217,0
2017-02-10,19:00:00,49.403,49.422,49.401,49.401,405,0
2017-02-10,20:00:00,49.471,49.577,49.471,49.577,993,0
2017-02-10,21:00:00,49.587,49.62,49.481,49.481,862,0
2017-02-10,22:00:00,49.481,49.481,49.481,49.481,305,0
2017-02-13,16:00:00,49.986,49.986,49.986,49.986,160,0
2017-02-13,17:00:00,49.896,49.896,49.615,49.615,873,0
2017-02-13,18:00:00,49.827,49.837,49.674,49.748,10186,0
2017-02-13,20:00:00,49.603,49.71,49.603,49.655,708,0
2017-02-13,22:00:00,49.58,49.58,49.58,49.58,588,0
2017-02-14,16:00:00,49.365,49.365,49.365,49.365,100,0
2017-02-14,17:00:00,49.196,49.586,49.196,49.536,930,0
2017-02-14,18:00:00,49.654,49.654,49.654,49.654,5048,0
2017-02-14,21:00:00,49.66,49.66,49.66,49.66,100,0
2017-02-14,22:00:00,49.592,49.757,49.592,49.757,1114,0
2017-02-15,16:00:00,49.461,49.461,49.454,49.454,397,0
2017-02-15,20:00:00,49.748,49.748,49.748,49.748,100,0
2017-02-15,21:00:00,49.757,49.976,49.757,49.976,1052,0
2017-02-15,22:00:00,49.974,49.974,49.974,49.974,402,0
2017-02-16,16:00:00,50.006,50.006,50.006,50.006,328,0
2017-02-16,17:00:00,49.819,49.819,49.511,49.511,1242,0
2017-02-16,18:00:00,49.599,49.599,49.599,49.599,203,0
2017-02-16,19:00:00,49.553,49.553,49.553,49.553,281,0
2017-02-16,21:00:00,49.6,49.609,49.6,49.609,310,0
2017-02-16,22:00:00,49.63,49.876,49.522,49.876,1610,0
2017-02-17,20:00:00,49.615,49.615,49.615,49.615,177,0
2017-02-17,21:00:00,49.494,49.494,49.494,49.494,152,0
2017-02-17,22:00:00,49.537,49.688,49.537,49.688,205,0
2017-02-21,16:00:00,49.817,49.817,49.817,49.817,711,0
2017-02-21,17:00:00,50.083,50.083,50.022,50.022,309,0
2017-02-21,19:00:00,49.987,50.026,49.954,49.954,1013,0
2017-02-21,20:00:00,50.006,50.006,49.94,49.94,507,0
2017-02-21,21:00:00,50.083,50.083,49.866,49.866,203,0
2017-02-22,17:00:00,50.063,50.063,49.847,50.039,1000,0
2017-02-22,18:00:00,50.006,50.006,49.857,49.956,608,0
2017-02-22,19:00:00,49.894,49.894,49.894,49.894,100,0
2017-02-22,21:00:00,49.858,49.858,49.844,49.844,784,0
2017-02-22,22:00:00,49.936,49.936,49.936,49.936,305,0
2017-02-23,17:00:00,49.765,49.765,49.451,49.451,943,0
2017-02-23,18:00:00,49.368,49.368,49.355,49.355,934,0
2017-02-23,20:00:00,49.56,49.56,49.56,49.56,100,0
2017-02-23,21:00:00,49.431,49.431,49.431,49.431,203,0
2017-02-23,22:00:00,49.65,49.65,49.451,49.451,811,0
2017-02-24,16:00:00,49.422,49.422,49.422,49.422,117,0
2017-02-24,17:00:00,49.225,49.225,49.211,49.211,315,0
2017-02-24,19:00:00,49.577,49.577,49.577,49.577,281,0
2017-02-24,20:00:00,49.461,49.461,49.377,49.391,708,0
2017-02-24,21:00:00,49.462,49.462,49.462,49.462,120,0
2017-02-24,22:00:00,49.468,49.59,49.336,49.59,3393,0
2017-02-27,16:00:00,49.58,49.58,49.393,49.393,385,0
2017-02-27,17:00:00,49.956,49.956,49.773,49.773,942,0
2017-02-27,18:00:00,49.7,49.7,49.54,49.54,613,0
2017-02-27,19:00:00,49.742,49.742,49.59,49.59,419,0
2017-02-27,20:00:00,49.62,49.841,49.62,49.841,214,0
2017-02-27,21:00:00,49.767,49.767,49.748,49.748,203,0
2017-02-27,22:00:00,49.827,49.837,49.827,49.837,203,0
2017-02-28,17:00:00,49.579,49.68,49.579,49.602,550,0
2017-02-28,18:00:00,49.57,49.57,49.57,49.57,254,0
2017-02-28,19:00:00,49.491,49.491,49.491,49.491,100,0
2017-02-28,20:00:00,49.325,49.325,49.325,49.325,100,0
2017-02-28,21:00:00,49.255,49.264,49.255,49.264,708,0
2017-03-01,17:00:00,50.123,50.123,50.045,50.045,203,0
2017-03-01,20:00:00,50.132,50.132,50.132,50.132,100,0
2017-03-01,21:00:00,50.093,50.093,50.093,50.093,100,0
2017-03-01,22:00:00,50.053,50.083,50.053,50.053,507,0
2017-03-02,18:00:00,49.585,49.7,49.585,49.7,1946,0
2017-03-02,21:00:00,49.785,49.785,49.785,49.785,150,0
2017-03-03,17:00:00,49.266,49.431,49.266,49.379,380,0
2017-03-03,18:00:00,49.224,49.224,49.224,49.224,118,0
2017-03-03,20:00:00,49.1,49.1,49.1,49.1,305,0
2017-03-03,21:00:00,49.176,49.176,49.176,49.176,100,0
2017-03-06,16:00:00,48.959,48.959,48.674,48.787,2055,0
2017-03-06,17:00:00,48.722,48.722,48.722,48.722,100,0
2017-03-06,20:00:00,48.712,48.712,48.712,48.712,100,0
2017-03-06,21:00:00,48.71,48.712,48.707,48.712,1247,0
2017-03-07,16:00:00,48.583,48.583,48.583,48.583,231,0
2017-03-07,17:00:00,48.742,48.781,48.742,48.772,517,0
2017-03-07,18:00:00,48.543,48.543,48.543,48.543,203,0
2017-03-07,21:00:00,48.543,48.543,48.542,48.542,507,0
2017-03-07,22:00:00,48.485,48.485,48.417,48.465,405,0
2017-03-08,19:00:00,48.338,48.338,48.338,48.338,1013,0
2017-03-08,20:00:00,48.417,48.435,48.417,48.435,430,0
2017-03-08,21:00:00,48.297,48.347,48.297,48.347,305,0
2017-03-09,16:00:00,48.08,48.08,47.981,47.981,1013,0
2017-03-09,17:00:00,48,48,47.903,47.903,811,0
2017-03-09,18:00:00,47.893,48.068,47.893,48.023,15010,0
2017-03-09,19:00:00,47.961,47.961,47.912,47.912,203,0
2017-03-09,21:00:00,47.844,47.844,47.615,47.615,330,0
2017-03-09,22:00:00,47.635,47.695,47.635,47.635,507,0
2017-03-10,16:00:00,47.971,47.971,47.971,47.971,100,0
2017-03-10,17:00:00,47.971,47.971,47.971,47.971,305,0
2017-03-10,19:00:00,47.755,47.775,47.755,47.755,405,0
2017-03-10,20:00:00,47.546,47.546,47.546,47.546,100,0
2017-03-10,21:00:00,47.922,48.008,47.912,47.912,3658,0
2017-03-10,22:00:00,47.912,47.974,47.903,47.948,696,0
2017-03-13,16:00:00,47.893,48.1,47.893,48.1,608,0
2017-03-13,17:00:00,48.09,48.09,48.09,48.09,100,0
2017-03-13,20:00:00,47.954,48,47.922,47.922,708,0
2017-03-13,21:00:00,48.01,48.01,48.01,48.01,100,0
2017-03-14,17:00:00,47.592,47.75,47.592,47.625,1065,0
2017-03-14,18:00:00,47.556,47.596,47.556,47.596,305,0
2017-03-14,21:00:00,47.854,47.854,47.805,47.805,305,0
2017-03-15,15:00:00,48.1,48.1,48.1,48.1,107,0
2017-03-15,18:00:00,48.215,48.215,48.215,48.215,203,0
2017-03-15,19:00:00,48.169,48.169,48.169,48.169,100,0
2017-03-16,15:00:00,48.543,48.543,48.543,48.543,100,0
2017-03-16,18:00:00,48.791,48.822,48.785,48.821,847,0
2017-03-16,19:00:00,48.791,48.83,48.791,48.83,365,0
2017-03-16,21:00:00,48.811,48.811,48.811,48.811,455,0
2017-03-17,15:00:00,48.665,48.665,48.665,48.665,253,0
2017-03-17,16:00:00,48.805,48.805,48.721,48.8,2371,0
2017-03-17,17:00:00,48.626,48.626,48.626,48.626,100,0
2017-03-17,19:00:00,48.95,48.963,48.903,48.963,1476,0
2017-03-20,15:00:00,48.981,48.981,48.981,48.981,146,0
2017-03-20,16:00:00,48.903,48.903,48.903,48.903,100,0
2017-03-20,20:00:00,48.701,48.701,48.526,48.645,1415,0
2017-03-20,21:00:00,48.73,48.805,48.73,48.805,202,0
2017-03-21,15:00:00,48.834,48.834,48.576,48.722,1211,0
2017-03-21,16:00:00,48.516,48.516,48.516,48.516,202,0
2017-03-21,18:00:00,47.855,47.855,47.605,47.605,1111,0
2017-03-21,19:00:00,47.824,47.824,47.715,47.715,205,0
2017-03-21,21:00:00,47.861,47.901,47.753,47.753,934,0
2017-03-22,15:00:00,47.319,47.468,47.319,47.468,304,0
2017-03-22,16:00:00,47.182,47.182,47.182,47.182,120,0
2017-03-22,17:00:00,47.2,47.2,47.2,47.2,202,0
2017-03-22,18:00:00,47.081,47.081,46.886,46.886,384,0
2017-03-23,15:00:00,47.309,47.486,47.309,47.486,710,0
2017-03-23,16:00:00,47.483,47.894,47.483,47.894,467,0
2017-03-23,17:00:00,47.904,47.904,47.802,47.894,690,0
2017-03-23,21:00:00,47.804,47.804,47.625,47.717,706,0
2017-03-24,16:00:00,47.851,47.851,47.851,47.851,202,0
2017-03-24,21:00:00,47.566,47.566,47.566,47.566,100,0
2017-03-27,16:00:00,46.992,46.992,46.992,46.992,255,0
2017-03-27,20:00:00,47.562,47.562,47.562,47.562,424,0
2017-03-27,21:00:00,47.636,47.636,47.577,47.577,304,0
2017-03-27,22:00:00,47.715,47.755,47.675,47.685,404,0
2017-03-28,16:00:00,47.864,47.864,47.864,47.864,159,0
2017-03-28,20:00:00,47.994,47.994,47.994,47.994,202,0
2017-03-29,16:00:00,48.269,48.269,48.269,48.269,100,0
2017-03-29,18:00:00,48.418,48.418,48.418,48.418,1109,0
2017-03-29,22:00:00,48.529,48.529,48.529,48.529,309,0
2017-03-30,18:00:00,48.721,48.721,48.721,48.721,120,0
2017-03-30,19:00:00,48.67,48.67,48.67,48.67,404,0
2017-03-30,21:00:00,48.746,48.746,48.746,48.746,914,0
2017-04-03,16:00:00,49.29,49.29,49.29,49.29,147,0
2017-04-03,17:00:00,48.783,48.783,48.761,48.761,236,0
2017-04-03,18:00:00,48.438,48.438,48.438,48.438,206,0
2017-04-03,19:00:00,48.257,48.257,48.257,48.257,100,0
2017-04-03,21:00:00,48.23,48.284,48.23,48.24,935,0
2017-04-03,22:00:00,48.149,48.22,48.149,48.22,418,0
2017-04-04,17:00:00,48.084,48.123,48.084,48.123,510,0
2017-04-04,20:00:00,48.146,48.146,48.061,48.061,271,0
2017-04-04,22:00:00,48.021,48.021,47.847,47.847,1674,0
2017-04-05,16:00:00,48.406,48.529,48.406,48.529,1077,0
2017-04-05,17:00:00,48.665,48.665,48.349,48.349,17885,0
2017-04-05,22:00:00,47.379,47.379,47.379,47.379,100,0
2017-04-06,16:00:00,47.665,47.665,47.665,47.665,253,0
2017-04-06,19:00:00,47.9,47.962,47.9,47.962,681,0
2017-04-06,20:00:00,47.869,48.142,47.869,47.951,566,0
2017-04-07,16:00:00,47.874,47.874,47.874,47.874,100,0
2017-04-07,17:00:00,48.111,48.259,47.952,47.952,34403,0
2017-04-07,18:00:00,48.121,48.121,47.982,48.012,24214,0
2017-04-07,19:00:00,48.101,48.171,48.052,48.131,5857,0
2017-04-07,20:00:00,48.201,48.21,48.171,48.21,17472,0
2017-04-10,16:00:00,48.22,48.289,48.22,48.289,707,0
2017-04-10,17:00:00,48.498,48.498,48.468,48.468,1211,0
2017-04-10,18:00:00,48.37,48.37,48.2,48.2,2244,0
2017-04-10,20:00:00,48.283,48.327,48.283,48.327,849,0
2017-04-10,22:00:00,48.249,48.249,48.24,48.24,202,0
2017-04-11,16:00:00,47.992,47.992,47.992,47.992,304,0
2017-04-11,17:00:00,48.215,48.215,48.215,48.215,100,0
2017-04-11,18:00:00,48.061,48.44,48.061,48.44,454,0
2017-04-11,19:00:00,48.349,48.503,48.349,48.503,515,0
2017-04-11,21:00:00,48.6,48.6,48.6,48.6,202,0
2017-04-11,22:00:00,48.642,48.725,48.616,48.725,386,0
2017-04-12,16:00:00,48.588,48.588,48.588,48.588,204,0
2017-04-12,17:00:00,48.399,48.399,48.384,48.384,202,0
2017-04-12,18:00:00,48.028,48.028,48.028,48.028,185,0
2017-04-12,20:00:00,48.091,48.161,48.091,48.161,202,0
2017-04-12,21:00:00,48.141,48.141,48.141,48.141,706,0
2017-04-12,22:00:00,48.021,48.021,47.894,47.894,505,0
2017-04-13,16:00:00,47.775,47.775,47.775,47.775,222,0
2017-04-13,17:00:00,47.969,47.998,47.969,47.998,956,0
2017-04-13,18:00:00,47.775,47.775,47.775,47.775,202,0
2017-04-17,16:00:00,47.566,47.566,47.566,47.566,100,0
2017-04-17,17:00:00,47.536,47.536,47.36,47.36,840,0
2017-04-17,18:00:00,47.697,47.697,47.546,47.602,10063,0
2017-04-17,19:00:00,47.538,47.538,47.458,47.458,3030,0
2017-04-17,20:00:00,47.458,47.528,47.379,47.414,5756,0
2017-04-17,21:00:00,47.473,47.473,47.409,47.409,1243,0
2017-04-17,22:00:00,47.596,47.779,47.596,47.655,606,0
2017-04-18,16:00:00,47.468,47.468,47.468,47.468,125,0
2017-04-18,19:00:00,47.568,47.568,47.562,47.562,483,0
2017-04-18,21:00:00,47.887,47.887,47.887,47.887,100,0
2017-04-18,22:00:00,47.825,47.825,47.825,47.825,159,0
2017-04-19,17:00:00,48.261,48.349,48.261,48.349,817,0
2017-04-19,20:00:00,48.247,48.247,48.247,48.247,404,0
2017-04-19,21:00:00,48.081,48.081,48.081,48.081,100,0
2017-04-19,22:00:00,48.104,48.104,48.001,48.001,809,0
2017-04-20,16:00:00,48.409,48.409,48.409,48.409,505,0
2017-04-20,17:00:00,48.449,48.449,48.449,48.449,404,0
2017-04-20,18:00:00,48.546,48.556,48.546,48.556,202,0
2017-04-20,22:00:00,48.84,48.84,48.824,48.824,304,0
2017-04-21,16:00:00,48.64,48.675,48.64,48.675,907,0
2017-04-21,17:00:00,48.606,48.606,48.466,48.466,1010,0
2017-04-21,18:00:00,48.501,48.501,48.501,48.501,110,0
2017-04-21,20:00:00,48.543,48.545,48.488,48.488,485,0
2017-04-21,21:00:00,48.713,48.726,48.653,48.653,1937,0
2017-04-21,22:00:00,48.785,48.785,48.785,48.785,154,0
2017-04-24,18:00:00,49.121,49.121,49.121,49.121,202,0
2017-04-24,22:00:00,49.091,49.091,49.091,49.091,202,0
2017-04-25,16:00:00,49.37,49.37,49.37,49.37,281,0
2017-04-25,21:00:00,49.864,49.908,49.864,49.908,1870,0
2017-04-26,16:00:00,49.754,49.754,49.754,49.754,101,0
2017-04-26,18:00:00,50.185,50.185,50.185,50.185,140,0
2017-04-26,19:00:00,50.339,50.339,50.339,50.339,100,0
2017-04-26,20:00:00,50.304,50.304,50.304,50.304,214,0
2017-04-26,22:00:00,50.416,50.416,50.416,50.416,325,0
2017-04-27,19:00:00,49.894,49.894,49.894,49.894,144,0
2017-04-27,20:00:00,50.036,50.036,50.036,50.036,228,0
2017-04-28,16:00:00,50.036,50.036,50.036,50.036,429,0
2017-04-28,20:00:00,49.512,49.546,49.512,49.546,324,0
2017-05-01,16:00:00,49.29,49.29,49.29,49.29,556,0
2017-05-02,17:00:00,49.371,49.371,49.371,49.371,485,0
2017-05-02,18:00:00,49.38,49.38,49.38,49.38,196,0
2017-05-02,21:00:00,49.302,49.302,49.302,49.302,202,0
2017-05-03,16:00:00,49.31,49.31,49.31,49.31,150,0
2017-05-03,19:00:00,48.795,48.795,48.795,48.795,100,0
2017-05-03,21:00:00,48.94,48.94,48.94,48.94,150,0
2017-05-03,22:00:00,49.019,49.022,48.994,49.022,757,0
2017-05-04,19:00:00,48.568,48.568,48.568,48.568,100,0
2017-05-04,21:00:00,48.679,48.679,48.679,48.679,100,0
2017-05-05,17:00:00,48.644,48.751,48.644,48.751,1070,0
2017-05-05,21:00:00,48.901,49.007,48.896,48.933,2844,0
2017-05-05,22:00:00,49.061,49.061,49.014,49.014,809,0
2017-05-08,18:00:00,48.864,48.864,48.864,48.864,431,0
2017-05-08,19:00:00,48.842,48.842,48.842,48.842,100,0
2017-05-08,20:00:00,49.004,49.004,49.004,49.004,105,0
2017-05-09,17:00:00,49.119,49.119,49.061,49.061,370,0
2017-05-09,18:00:00,48.982,49.205,48.982,49.205,378,0
2017-05-09,21:00:00,49.095,49.095,49.094,49.094,915,0
2017-05-09,22:00:00,49.002,49.021,49.002,49.021,612,0
2017-05-10,17:00:00,49.26,49.26,48.997,48.997,279,0
2017-05-10,21:00:00,49.35,49.35,49.35,49.35,100,0
2017-05-11,16:00:00,49.16,49.16,49.071,49.071,253,0
2017-05-11,18:00:00,49.101,49.101,49.101,49.101,2444,0
2017-05-11,20:00:00,49.104,49.104,49.104,49.104,202,0
2017-05-11,22:00:00,49.089,49.089,49.041,49.041,606,0
2017-05-12,16:00:00,48.844,48.844,48.844,48.844,485,0
2017-05-12,17:00:00,48.599,48.599,48.566,48.566,606,0
2017-05-12,20:00:00,48.745,48.745,48.745,48.745,100,0
2017-05-12,21:00:00,48.695,48.695,48.695,48.695,100,0
2017-05-15,17:00:00,49.091,49.091,49.051,49.051,202,0
2017-05-15,18:00:00,49.061,49.061,49.061,49.061,100,0
2017-05-15,19:00:00,48.983,49.051,48.983,48.983,1423,0
2017-05-15,20:00:00,48.903,48.973,48.779,48.973,1764,0
2017-05-15,21:00:00,48.874,48.874,48.874,48.874,100,0
2017-05-16,16:00:00,48.765,48.765,48.765,48.765,100,0
2017-05-16,17:00:00,48.596,48.596,48.483,48.483,997,0
2017-05-16,19:00:00,48.655,48.655,48.655,48.655,227,0
2017-05-16,21:00:00,48.631,48.631,48.631,48.631,684,0
2017-05-16,22:00:00,48.834,48.834,48.834,48.834,100,0
2017-05-17,16:00:00,48.091,48.091,48.091,48.091,100,0
2017-05-17,21:00:00,47.775,47.775,47.586,47.586,467,0
2017-05-17,22:00:00,47.736,47.736,47.735,47.735,304,0
2017-05-18,16:00:00,47.645,47.645,47.645,47.645,176,0
2017-05-18,17:00:00,47.516,47.526,47.491,47.491,1010,0
2017-05-18,20:00:00,47.562,47.686,47.562,47.686,1774,0
2017-05-19,16:00:00,47.566,47.566,47.566,47.566,100,0
2017-05-19,19:00:00,47.853,47.855,47.853,47.855,1691,0
2017-05-19,21:00:00,47.947,47.947,47.894,47.894,1262,0
2017-05-19,22:00:00,47.952,47.952,47.775,47.775,606,0
2017-05-22,18:00:00,47.93,47.93,47.93,47.93,858,0
2017-05-22,20:00:00,48.133,48.133,48.133,48.133,104,0
2017-05-22,21:00:00,48.043,48.043,48.043,48.043,304,0
2017-05-23,16:00:00,48.389,48.389,48.389,48.389,102,0
2017-05-23,19:00:00,48.389,48.389,48.389,48.389,222,0
2017-05-23,21:00:00,48.178,48.178,48.178,48.178,344,0
2017-05-24,20:00:00,48.111,48.111,48.111,48.111,100,0
2017-05-24,21:00:00,48.042,48.07,48.042,48.042,824,0
2017-05-25,19:00:00,48.081,48.081,48.081,48.081,277,0
2017-05-25,22:00:00,48.141,48.141,48.141,48.141,100,0
2017-05-26,16:00:00,48.201,48.201,48.201,48.201,428,0
2017-05-26,17:00:00,48.003,48.003,47.904,47.904,320,0
2017-05-30,21:00:00,47.936,47.936,47.936,47.936,268,0
2017-05-31,18:00:00,47.594,47.594,47.594,47.594,113,0
2017-05-31,19:00:00,47.615,47.691,47.615,47.691,210,0
2017-05-31,20:00:00,47.675,47.675,47.675,47.675,100,0
2017-05-31,21:00:00,47.546,47.546,47.546,47.546,100,0
2017-06-01,16:00:00,47.685,47.685,47.685,47.685,100,0
2017-06-01,21:00:00,48.644,48.644,48.644,48.644,171,0
2017-06-01,22:00:00,48.592,48.715,48.592,48.715,615,0
2017-06-06,18:00:00,48.414,48.414,48.414,48.414,100,0
2017-06-06,22:00:00,48.755,48.755,48.755,48.755,100,0
2017-06-07,17:00:00,48.765,48.765,48.765,48.765,303,0
2017-06-07,22:00:00,48.715,48.715,48.715,48.715,1949,0
2017-06-08,16:00:00,48.923,48.923,48.923,48.923,1430,0
2017-06-08,17:00:00,48.953,48.953,48.953,48.953,100,0
2017-06-08,21:00:00,49.279,49.279,49.279,49.279,1010,0
2017-06-09,18:00:00,49.993,49.993,49.993,49.993,100,0
2017-06-09,20:00:00,50.121,50.121,50.121,50.121,100,0
2017-06-12,19:00:00,49.789,49.789,49.789,49.789,100,0
2017-06-12,20:00:00,49.828,49.903,49.788,49.848,1770,0
2017-06-13,19:00:00,49.932,49.932,49.932,49.932,100,0
2017-06-13,22:00:00,49.974,49.974,49.974,49.974,201,0
2017-06-14,19:00:00,49.53,49.53,49.53,49.53,198,0
2017-06-15,16:00:00,49.22,49.586,48.874,49.586,616,0
2017-06-15,18:00:00,49.256,49.256,49.256,49.256,100,0
2017-06-15,19:00:00,49.248,49.32,49.248,49.264,706,0
2017-06-15,20:00:00,49.275,49.275,49.275,49.275,101,0
2017-06-15,21:00:00,49.282,49.282,49.282,49.282,100,0
2017-06-16,17:00:00,49.007,49.007,49.007,49.007,103,0
2017-06-16,21:00:00,49.011,49.011,49.011,49.011,861,0
2017-06-16,22:00:00,48.954,48.954,48.954,48.954,128,0
2017-06-19,16:00:00,49.463,49.463,49.463,49.463,176,0
2017-06-19,20:00:00,49.375,49.375,49.375,49.375,230,0
2017-06-20,17:00:00,48.968,48.988,48.895,48.983,1662,0
2017-06-20,19:00:00,48.69,48.69,48.69,48.69,176,0
2017-06-20,21:00:00,48.831,48.831,48.831,48.831,253,0
2017-06-21,20:00:00,48.47,48.47,48.452,48.452,2117,0
2017-06-21,21:00:00,48.283,48.283,48.283,48.283,206,0
2017-06-22,16:00:00,48.234,48.234,48.234,48.234,401,0
2017-06-22,20:00:00,48.634,48.634,48.634,48.634,409,0
2017-06-23,20:00:00,48.944,48.944,48.944,48.944,101,0
2017-06-27,19:00:00,49.542,49.542,49.542,49.542,143,0
2017-06-27,20:00:00,49.146,49.177,49.057,49.177,943,0
2017-06-27,22:00:00,49.175,49.175,49.175,49.175,202,0
2017-06-28,16:00:00,49.322,49.328,49.322,49.328,747,0
2017-06-28,17:00:00,49.426,49.503,49.426,49.493,3024,0
2017-06-29,17:00:00,49.723,49.723,49.723,49.723,155,0
2017-06-29,18:00:00,49.437,49.437,49.346,49.346,1616,0
2017-06-29,22:00:00,49.483,49.483,49.483,49.483,125,0
2017-06-30,18:00:00,49.488,49.488,49.451,49.451,705,0
2017-06-30,20:00:00,49.633,49.633,49.633,49.633,253,0
2017-07-03,17:00:00,50.014,50.014,50.014,50.014,172,0
2017-07-03,18:00:00,49.97,49.97,49.97,49.97,202,0
2017-07-03,19:00:00,50.308,50.308,50.193,50.193,295,0
2017-07-05,18:00:00,49.541,49.597,49.533,49.597,1034,0
2017-07-05,21:00:00,49.586,49.586,49.586,49.586,480,0
2017-07-06,20:00:00,49.286,49.286,49.174,49.174,338,0
2017-07-07,16:00:00,49.216,49.216,49.166,49.166,504,0
2017-07-07,17:00:00,49.136,49.136,48.948,48.948,6522,0
2017-07-07,18:00:00,48.98,49.176,48.98,49.146,37431,0
2017-07-07,19:00:00,49.146,49.299,49.117,49.299,30188,0
2017-07-07,20:00:00,49.146,49.256,49.111,49.111,6997,0
2017-07-07,22:00:00,49.296,49.404,49.296,49.404,303,0
2017-07-10,16:00:00,49.037,49.067,49.007,49.007,4933,0
2017-07-10,17:00:00,49.017,49.017,48.829,48.829,489,0
2017-07-10,18:00:00,49.107,49.117,49.062,49.117,388,0
2017-07-10,19:00:00,49.394,49.394,49.394,49.394,6747,0
2017-07-10,20:00:00,49.376,49.384,49.306,49.306,10670,0
2017-07-10,21:00:00,49.259,49.259,49.245,49.245,1512,0
2017-07-11,16:00:00,49.007,49.027,49.007,49.027,303,0
2017-07-11,17:00:00,48.898,48.992,48.859,48.992,3205,0
2017-07-11,18:00:00,49.047,49.047,49.047,49.047,100,0
2017-07-11,19:00:00,49.067,49.113,48.988,48.988,1996,0
2017-07-11,20:00:00,48.918,49.022,48.918,49.013,3528,0
2017-07-11,22:00:00,48.98,49.119,48.98,49.027,1513,0
2017-07-12,18:00:00,49.473,49.473,49.473,49.473,202,0
2017-07-12,19:00:00,49.356,49.356,49.356,49.356,605,0
2017-07-12,20:00:00,49.376,49.376,49.366,49.366,202,0
2017-07-12,22:00:00,49.356,49.356,49.356,49.356,100,0
2017-07-13,19:00:00,49.248,49.274,49.248,49.274,448,0
2017-07-13,20:00:00,49.249,49.316,49.249,49.316,379,0
2017-07-13,22:00:00,49.453,49.489,49.453,49.463,4334,0
2017-07-17,16:00:00,49.483,49.483,49.483,49.483,504,0
2017-07-17,17:00:00,49.91,49.91,49.87,49.87,678,0
2017-07-17,18:00:00,50.049,50.049,50.004,50.004,353,0
2017-07-17,19:00:00,50.061,50.061,49.955,49.955,464,0
2017-07-17,22:00:00,49.942,49.942,49.942,49.942,202,0
2017-07-18,17:00:00,49.794,49.794,49.794,49.794,202,0
2017-07-18,18:00:00,49.433,49.443,49.414,49.414,6557,0
2017-07-18,19:00:00,49.563,49.62,49.563,49.593,403,0
2017-07-18,20:00:00,49.653,49.653,49.602,49.602,311,0
2017-07-18,21:00:00,49.523,49.533,49.523,49.523,504,0
2017-07-18,22:00:00,49.681,49.681,49.681,49.681,1698,0
2017-07-19,16:00:00,49.543,49.791,49.543,49.791,352,0
2017-07-19,17:00:00,49.9,49.9,49.9,49.9,100,0
2017-07-20,18:00:00,50.117,50.117,50.117,50.117,198,0
2017-07-20,20:00:00,50.315,50.315,50.315,50.315,303,0
2017-07-20,21:00:00,50.278,50.278,50.278,50.278,754,0
2017-07-20,22:00:00,50.218,50.218,50.218,50.218,202,0
2017-07-21,17:00:00,50.049,50.056,50.049,50.056,303,0
2017-07-21,20:00:00,50.009,50.009,50.009,50.009,169,0
2017-07-24,17:00:00,49.663,49.712,49.663,49.712,381,0
2017-07-24,18:00:00,49.739,49.739,49.739,49.739,100,0
2017-07-24,20:00:00,49.731,49.731,49.731,49.731,100,0
2017-07-24,22:00:00,49.771,49.771,49.771,49.771,150,0
2017-07-25,17:00:00,50.232,50.232,50.232,50.232,273,0
2017-07-25,20:00:00,50.425,50.425,50.386,50.422,604,0
2017-07-25,21:00:00,50.344,50.417,50.344,50.417,304,0
2017-07-25,22:00:00,50.393,50.393,50.385,50.385,746,0
2017-07-26,17:00:00,50.238,50.238,50.146,50.173,536,0
2017-07-26,18:00:00,50.257,50.257,50.257,50.257,202,0
2017-07-26,21:00:00,50.072,50.072,50.072,50.072,401,0
2017-07-26,22:00:00,49.988,49.988,49.988,49.988,504,0
2017-07-27,16:00:00,50.318,50.318,50.318,50.318,185,0
2017-07-27,19:00:00,50.059,50.059,50.02,50.02,5947,0
2017-07-28,17:00:00,49.809,49.809,49.809,49.809,120,0
2017-07-28,18:00:00,49.554,49.554,49.554,49.554,303,0
2017-07-28,22:00:00,49.563,49.675,49.525,49.675,5123,0
2017-07-31,16:00:00,49.94,49.94,49.94,49.94,100,0
2017-08-01,16:00:00,50.148,50.148,49.821,49.851,3272,0
2017-08-01,19:00:00,49.653,49.653,49.603,49.603,227,0
2017-08-01,22:00:00,49.693,49.724,49.693,49.719,1109,0
2017-08-02,16:00:00,49.533,49.533,49.533,49.533,120,0
2017-08-02,20:00:00,48.954,48.954,48.954,48.954,381,0
2017-08-02,21:00:00,49.07,49.07,49.07,49.07,202,0
2017-08-03,17:00:00,49.112,49.112,49.112,49.112,303,0
2017-08-03,18:00:00,48.972,48.972,48.972,48.972,329,0
2017-08-03,21:00:00,48.755,48.755,48.755,48.755,155,0
2017-08-03,22:00:00,48.768,48.79,48.768,48.79,353,0
2017-08-04,16:00:00,48.8,48.8,48.8,48.8,100,0
2017-08-07,20:00:00,49.159,49.159,48.993,48.993,428,0
2017-08-07,22:00:00,49.107,49.107,49.107,49.107,105,0
2017-08-08,17:00:00,49.276,49.327,49.276,49.327,598,0
2017-08-08,18:00:00,49.356,49.395,49.336,49.395,13971,0
2017-08-08,22:00:00,49.047,49.067,48.72,48.81,31612,0
2017-08-09,17:00:00,48.43,48.43,48.43,48.43,665,0
2017-08-09,18:00:00,48.503,48.503,48.503,48.503,124,0
2017-08-09,21:00:00,48.165,48.211,48.165,48.203,7294,0
2017-08-09,22:00:00,48.253,48.253,48.253,48.253,100,0
2017-08-10,18:00:00,47.887,47.903,47.798,47.893,2123,0
2017-08-10,19:00:00,47.787,47.787,47.648,47.683,7963,0
2017-08-10,20:00:00,47.728,47.867,47.718,47.718,3112,0
2017-08-10,21:00:00,47.808,47.842,47.808,47.842,353,0
2017-08-11,19:00:00,47.559,47.559,47.401,47.401,303,0
2017-08-11,20:00:00,47.559,47.559,47.559,47.559,100,0
2017-08-11,22:00:00,47.606,47.606,47.606,47.606,263,0
2017-08-14,16:00:00,47.818,47.818,47.818,47.818,133,0
2017-08-14,17:00:00,48.092,48.092,48.092,48.092,216,0
2017-08-14,18:00:00,47.981,48.115,47.981,48.115,465,0
2017-08-14,19:00:00,48.214,48.214,48.155,48.155,202,0
2017-08-14,20:00:00,48.154,48.195,48.152,48.195,1008,0
2017-08-14,22:00:00,48.105,48.168,48.105,48.168,1008,0
2017-08-15,16:00:00,48.313,48.313,48.313,48.313,101,0
2017-08-15,19:00:00,47.876,47.876,47.876,47.876,102,0
2017-08-15,21:00:00,47.678,47.738,47.678,47.738,403,0
2017-08-16,16:00:00,47.975,47.975,47.928,47.928,1230,0
2017-08-16,17:00:00,47.89,47.89,47.89,47.89,303,0
2017-08-16,18:00:00,47.877,47.985,47.877,47.985,202,0
2017-08-16,19:00:00,47.897,47.95,47.897,47.95,680,0
2017-08-16,20:00:00,47.805,47.805,47.805,47.805,524,0
2017-08-16,21:00:00,47.658,47.658,47.658,47.658,100,0
2017-08-16,22:00:00,47.579,47.579,47.539,47.539,403,0
2017-08-17,16:00:00,47.391,47.391,47.391,47.391,236,0
2017-08-17,17:00:00,47.579,47.579,47.509,47.509,206,0
2017-08-17,19:00:00,47.568,47.568,47.401,47.401,328,0
2017-08-17,20:00:00,47.211,47.211,47.211,47.211,554,0
2017-08-17,22:00:00,46.986,46.986,46.986,46.986,323,0
2017-08-18,16:00:00,46.649,46.649,46.649,46.649,181,0
2017-08-18,18:00:00,46.687,46.687,46.687,46.687,303,0
2017-08-18,20:00:00,46.884,46.884,46.884,46.884,118,0
2017-08-21,18:00:00,46.635,46.635,46.635,46.635,181,0
2017-08-21,19:00:00,46.687,46.687,46.687,46.687,100,0
2017-08-21,21:00:00,46.658,46.658,46.658,46.658,303,0
2017-08-22,19:00:00,47.023,47.023,47.023,47.023,100,0
2017-08-22,20:00:00,47.023,47.054,47.023,47.054,1915,0
2017-08-22,21:00:00,47.103,47.103,47.103,47.103,202,0
2017-08-23,18:00:00,46.974,47.022,46.974,47.019,388,0
2017-08-23,21:00:00,46.994,47.073,46.994,47.073,437,0
2017-08-23,22:00:00,46.993,47.103,46.979,46.979,2748,0
2017-08-24,19:00:00,47.329,47.329,47.329,47.329,253,0
2017-08-24,21:00:00,47.167,47.167,47.043,47.045,7250,0
2017-08-25,19:00:00,47.33,47.33,47.33,47.33,105,0
2017-08-25,20:00:00,47.371,47.371,47.371,47.371,202,0
2017-08-25,22:00:00,47.519,47.519,47.473,47.473,238,0
2017-08-28,16:00:00,47.529,47.529,47.529,47.529,150,0
2017-08-28,22:00:00,47.431,47.487,47.421,47.421,403,0
2017-08-29,16:00:00,47.351,47.351,47.351,47.351,118,0
2017-08-29,19:00:00,47.341,47.351,47.341,47.351,202,0
2017-08-29,20:00:00,47.431,47.509,47.431,47.509,289,0
2017-08-29,21:00:00,47.48,47.48,47.411,47.411,303,0
2017-08-30,22:00:00,47.628,47.628,47.618,47.618,3327,0
2017-08-31,17:00:00,48.068,48.068,48.068,48.068,202,0
2017-08-31,18:00:00,48.265,48.265,48.265,48.265,129,0
2017-08-31,21:00:00,48.155,48.207,48.155,48.205,1227,0
2017-08-31,22:00:00,48.193,48.193,48.075,48.123,807,0
2017-09-01,17:00:00,48.253,48.313,48.243,48.313,6966,0
2017-09-01,19:00:00,48.369,48.369,48.369,48.369,539,0
2017-09-01,20:00:00,48.371,48.371,48.356,48.356,345,0
2017-09-01,21:00:00,48.364,48.399,48.364,48.399,577,0
2017-09-01,22:00:00,48.443,48.502,48.443,48.492,605,0
2017-09-05,16:00:00,48.889,48.889,48.889,48.889,214,0
2017-09-05,18:00:00,48.383,48.383,48.383,48.383,100,0
2017-09-05,19:00:00,48.025,48.066,48.025,48.066,827,0
2017-09-05,21:00:00,48.085,48.085,48.085,48.085,202,0
2017-09-05,22:00:00,47.995,48.005,47.995,48.005,202,0
2017-09-06,18:00:00,48.209,48.263,48.209,48.263,290,0
2017-09-06,20:00:00,48.283,48.283,48.283,48.283,100,0
2017-09-06,21:00:00,48.245,48.245,48.214,48.224,303,0
2017-09-06,22:00:00,48.214,48.273,48.214,48.226,2010,0
2017-09-07,17:00:00,48.31,48.31,48.31,48.31,110,0
2017-09-07,18:00:00,48.115,48.124,48.005,48.124,403,0
2017-09-07,19:00:00,48.154,48.154,48.154,48.154,348,0
2017-09-07,20:00:00,48.095,48.117,48.095,48.117,202,0
2017-09-07,22:00:00,48.045,48.045,48.045,48.045,100,0
2017-09-08,21:00:00,48.195,48.195,48.195,48.195,202,0
2017-09-08,22:00:00,48.109,48.109,48.109,48.109,605,0
2017-09-11,17:00:00,48.555,48.555,48.555,48.555,202,0
2017-09-11,18:00:00,48.587,48.62,48.587,48.62,504,0
2017-09-12,18:00:00,48.996,48.996,48.996,48.996,100,0
2017-09-12,21:00:00,49.029,49.037,48.997,49.007,605,0
2017-09-12,22:00:00,49.027,49.027,49.007,49.027,807,0
2017-09-13,17:00:00,49.203,49.256,49.203,49.256,402,0
2017-09-13,18:00:00,49.306,49.306,49.306,49.306,705,0
2017-09-13,20:00:00,49.463,49.463,49.346,49.346,1612,0
2017-09-13,22:00:00,49.384,49.384,49.384,49.384,100,0
2017-09-14,17:00:00,49.337,49.337,49.337,49.337,236,0
2017-09-14,18:00:00,49.406,49.406,49.406,49.406,222,0
2017-09-14,19:00:00,49.346,49.346,49.306,49.306,403,0
2017-09-14,22:00:00,49.222,49.266,49.186,49.186,403,0
2017-09-15,17:00:00,49.216,49.216,49.216,49.216,302,0
2017-09-15,18:00:00,49.216,49.385,49.216,49.296,5097,0
2017-09-15,19:00:00,49.296,49.336,49.296,49.296,2916,0
2017-09-15,20:00:00,49.296,49.296,49.296,49.296,2916,0
2017-09-15,21:00:00,49.296,49.444,49.296,49.356,3599,0
2017-09-15,22:00:00,49.356,49.773,49.356,49.773,2519,0
2017-09-18,18:00:00,49.883,49.883,49.882,49.882,221,0
2017-09-18,20:00:00,50.032,50.032,49.932,50.012,402,0
2017-09-18,21:00:00,50.012,50.012,50.009,50.009,957,0
2017-09-18,22:00:00,49.932,49.992,49.922,49.992,402,0
2017-09-19,21:00:00,49.848,49.848,49.848,49.848,181,0
2017-09-20,17:00:00,49.942,49.955,49.942,49.955,659,0
2017-09-20,22:00:00,50.044,50.044,50.044,50.044,407,0
2017-09-21,18:00:00,50.141,50.181,50.141,50.181,603,0
2017-09-21,19:00:00,50.231,50.231,50.231,50.231,100,0
2017-09-21,22:00:00,50.141,50.141,50.103,50.111,426,0
2017-09-22,17:00:00,50.399,50.439,50.389,50.389,3921,0
2017-09-22,18:00:00,50.331,50.331,50.331,50.331,100,0
2017-09-22,21:00:00,50.384,50.384,50.384,50.384,344,0
2017-09-25,17:00:00,50.668,50.668,50.559,50.559,302,0
2017-09-25,18:00:00,50.489,50.489,50.429,50.429,201,0
2017-09-25,21:00:00,50.509,50.509,50.509,50.509,100,0
2017-09-25,22:00:00,50.579,50.651,50.549,50.549,805,0
2017-09-26,18:00:00,50.986,50.986,50.986,50.986,302,0
2017-09-26,21:00:00,51.171,51.249,51.066,51.086,995,0
2017-09-26,22:00:00,50.857,50.857,50.857,50.857,211,0
2017-09-27,17:00:00,51.216,51.216,51.126,51.126,201,0
2017-09-27,19:00:00,51.246,51.404,51.206,51.404,1045,0
2017-09-27,20:00:00,51.514,51.981,51.514,51.981,3921,0
2017-09-27,21:00:00,51.991,51.991,51.931,51.991,302,0
2017-09-27,22:00:00,52.113,52.113,51.941,51.941,2815,0
2017-09-28,17:00:00,51.802,51.844,51.802,51.844,302,0
2017-09-28,18:00:00,51.921,51.921,51.921,51.921,149,0
2017-09-28,20:00:00,52.076,52.076,52.021,52.021,368,0
2017-09-28,21:00:00,52.083,52.083,52.083,52.083,113,0
2017-09-28,22:00:00,52.161,52.17,52.061,52.061,2011,0
2017-09-29,17:00:00,52.18,52.18,52.18,52.18,100,0
2017-09-29,22:00:00,52.27,52.27,52.27,52.27,1508,0
2017-10-02,18:00:00,52.568,52.568,52.568,52.568,100,0
2017-10-02,20:00:00,52.738,52.738,52.738,52.738,603,0
2017-10-02,22:00:00,52.986,52.986,52.986,52.986,100,0
2017-10-03,19:00:00,52.966,52.966,52.792,52.801,2111,0
2017-10-03,22:00:00,53.109,53.125,53.109,53.125,492,0
2017-10-04,17:00:00,53.229,53.229,53.229,53.229,697,0
2017-10-04,18:00:00,53.224,53.224,53.224,53.224,302,0
2017-10-04,20:00:00,53.061,53.061,53.061,53.061,302,0
2017-10-04,21:00:00,52.896,52.896,52.79,52.849,467,0
2017-10-04,22:00:00,52.876,52.876,52.876,52.876,100,0
2017-10-05,21:00:00,53.049,53.049,53.049,53.049,150,0
2017-10-06,16:00:00,52.796,52.796,52.796,52.796,100,0
2017-10-06,18:00:00,52.866,52.866,52.866,52.866,100,0
2017-10-06,21:00:00,52.857,52.857,52.857,52.857,112,0
2017-10-09,16:00:00,52.748,52.748,52.748,52.748,120,0
2017-10-09,17:00:00,52.758,52.758,52.758,52.758,258,0
2017-10-09,18:00:00,52.773,52.773,52.773,52.773,151,0
2017-10-09,19:00:00,52.776,52.776,52.776,52.776,603,0
2017-10-09,20:00:00,52.591,52.591,52.591,52.591,466,0
2017-10-10,19:00:00,52.708,52.708,52.708,52.708,100,0
2017-10-10,22:00:00,52.708,52.708,52.578,52.578,201,0
2017-10-11,16:00:00,52.419,52.419,52.419,52.419,100,0
2017-10-11,20:00:00,52.608,52.608,52.608,52.608,100,0
2017-10-11,22:00:00,52.518,52.518,52.468,52.468,1131,0
2017-10-12,20:00:00,52.35,52.423,52.35,52.423,521,0
2017-10-13,18:00:00,52.478,52.478,52.478,52.478,100,0
2017-10-13,20:00:00,52.48,52.48,52.369,52.369,292,0
2017-10-13,21:00:00,52.378,52.378,52.378,52.378,1005,0
2017-10-13,22:00:00,52.23,52.23,52.23,52.23,176,0
2017-10-16,16:00:00,53.026,53.026,52.628,52.718,1122,0
2017-10-16,17:00:00,52.598,52.598,52.389,52.389,805,0
2017-10-16,22:00:00,52.309,52.309,52.22,52.22,804,0
2017-10-17,17:00:00,52.309,52.309,52.309,52.309,100,0
2017-10-17,18:00:00,52.374,52.451,52.349,52.349,1522,0
2017-10-17,22:00:00,52.011,52.011,52.011,52.011,100,0
2017-10-18,17:00:00,52.409,52.409,52.409,52.409,603,0
2017-10-18,18:00:00,52.508,52.508,52.349,52.349,603,0
2017-10-18,19:00:00,52.498,52.508,52.498,52.508,603,0
2017-10-18,21:00:00,52.528,52.528,52.518,52.518,703,0
2017-10-18,22:00:00,52.409,52.409,52.409,52.409,100,0
2017-10-19,17:00:00,52.161,52.24,52.161,52.24,4021,0
2017-10-19,18:00:00,52.081,52.081,52.081,52.081,100,0
2017-10-19,19:00:00,52.087,52.087,52.087,52.087,234,0
2017-10-19,20:00:00,52.17,52.25,52.17,52.25,1187,0
2017-10-19,21:00:00,52.23,52.299,52.23,52.299,3468,0
2017-10-19,22:00:00,52.449,52.488,52.449,52.449,498,0
2017-10-20,19:00:00,52.776,52.776,52.776,52.776,201,0
2017-10-20,20:00:00,52.767,52.767,52.767,52.767,100,0
2017-10-20,21:00:00,52.748,52.748,52.748,52.748,100,0
2017-10-20,22:00:00,52.738,52.738,52.738,52.738,100,0
2017-10-23,16:00:00,52.718,52.718,52.718,52.718,116,0
2017-10-23,17:00:00,52.753,52.753,52.6,52.6,805,0
2017-10-23,18:00:00,52.532,52.532,52.532,52.532,338,0
2017-10-23,19:00:00,52.484,52.484,52.484,52.484,213,0
2017-10-25,18:00:00,51.713,51.754,51.713,51.754,402,0
2017-10-25,20:00:00,52.105,52.105,52.105,52.105,936,0
2017-10-25,21:00:00,52.121,52.121,52.121,52.121,201,0
2017-10-26,21:00:00,52.429,52.558,52.429,52.558,307,0
2017-10-27,17:00:00,52.449,52.449,52.344,52.344,221,0
2017-10-30,21:00:00,51.881,51.881,51.881,51.881,100,0
2017-10-31,16:00:00,52.191,52.191,52.191,52.191,100,0
2017-10-31,19:00:00,52.508,52.508,52.508,52.508,100,0
2017-10-31,21:00:00,52.628,52.628,52.628,52.628,100,0
2017-11-01,18:00:00,52.111,52.111,52.111,52.111,100,0
2017-11-01,20:00:00,51.957,52.154,51.957,52.154,595,0
2017-11-01,21:00:00,52.175,52.22,52.175,52.22,201,0
2017-11-02,16:00:00,52.171,52.171,52.171,52.171,322,0
2017-11-02,20:00:00,52.182,52.182,52.182,52.182,122,0
2017-11-03,17:00:00,52.121,52.121,52.12,52.12,402,0
2017-11-03,19:00:00,51.994,51.994,51.994,51.994,203,0
2017-11-06,16:00:00,52.041,52.041,52.041,52.041,320,0
2017-11-06,19:00:00,52.021,52.021,52.021,52.021,703,0
2017-11-06,21:00:00,52.021,52.081,52.021,52.081,365,0
2017-11-06,22:00:00,52.071,52.151,52.071,52.151,1113,0
2017-11-07,17:00:00,52.021,52.021,51.778,51.778,1237,0
2017-11-07,19:00:00,51.32,51.32,51.32,51.32,731,0
2017-11-08,21:00:00,51.525,51.525,51.525,51.525,855,0
2017-11-09,20:00:00,51.363,51.363,51.305,51.305,457,0
2017-11-09,21:00:00,51.481,51.481,51.481,51.481,102,0
2017-11-10,19:00:00,51.738,51.738,51.643,51.643,362,0
2017-11-10,22:00:00,51.454,51.563,51.454,51.563,201,0
2017-11-13,16:00:00,51.066,51.305,51.066,51.305,503,0
2017-11-13,22:00:00,51.653,51.733,51.629,51.629,2928,0
2017-11-14,18:00:00,51.354,51.364,51.236,51.236,603,0
2017-11-14,22:00:00,51.324,51.324,51.314,51.314,503,0
2017-11-15,19:00:00,51.383,51.383,51.361,51.361,340,0
2017-11-15,20:00:00,51.368,51.368,51.368,51.368,108,0
2017-11-16,19:00:00,51.972,52.16,51.972,52.16,603,0
2017-11-16,21:00:00,52.07,52.07,52.07,52.07,231,0
2017-11-16,22:00:00,52.111,52.111,52.111,52.111,100,0
2017-11-17,16:00:00,51.723,51.723,51.723,51.723,150,0
2017-11-17,17:00:00,52.136,52.136,52.136,52.136,100,0
2017-11-20,16:00:00,52.369,52.478,52.369,52.478,628,0
2017-11-20,17:00:00,52.409,52.409,52.409,52.409,100,0
2017-11-20,18:00:00,52.66,52.66,52.66,52.66,190,0
2017-11-20,19:00:00,52.578,52.578,52.578,52.578,287,0
2017-11-20,20:00:00,52.732,52.742,52.732,52.742,333,0
2017-11-20,21:00:00,52.799,52.799,52.682,52.688,1012,0
2017-11-20,22:00:00,52.768,52.768,52.768,52.768,162,0
2017-11-21,16:00:00,53.374,53.374,53.374,53.374,253,0
2017-11-21,19:00:00,53.525,53.525,53.525,53.525,159,0
2017-11-21,20:00:00,53.393,53.393,53.393,53.393,150,0
2017-11-22,16:00:00,53.712,53.712,53.712,53.712,201,0
2017-11-22,17:00:00,53.712,53.712,53.712,53.712,302,0
2017-11-22,21:00:00,53.478,53.478,53.478,53.478,201,0
2017-11-24,17:00:00,53.473,53.473,53.473,53.473,628,0
2017-11-24,19:00:00,53.483,53.663,53.483,53.663,503,0
2017-11-27,17:00:00,53.583,53.771,53.583,53.751,5720,0
2017-11-28,17:00:00,53.374,53.374,53.326,53.344,703,0
2017-11-28,21:00:00,53.55,53.55,53.55,53.55,131,0
2017-11-29,16:00:00,54.766,54.766,54.766,54.766,176,0
2017-11-29,17:00:00,54.418,54.553,54.418,54.553,1255,0
2017-11-29,19:00:00,54.458,54.489,54.378,54.489,1345,0
2017-11-29,22:00:00,54.508,54.508,54.378,54.398,805,0
2017-11-30,18:00:00,54.79,54.79,54.779,54.779,302,0
2017-11-30,19:00:00,54.547,54.547,54.547,54.547,302,0
2017-11-30,22:00:00,54.488,54.647,54.488,54.647,402,0
2017-12-01,16:00:00,55.025,55.025,55.025,55.025,100,0
2017-12-01,17:00:00,53.971,54.052,53.971,54.052,603,0
2017-12-01,18:00:00,54.2,54.2,53.105,53.244,703,0
2017-12-01,20:00:00,54.02,54.249,54.02,54.249,3629,0
2017-12-01,21:00:00,54.219,54.229,54.05,54.05,302,0
2017-12-01,22:00:00,54.318,54.318,54.318,54.318,100,0
2017-12-04,17:00:00,54.915,54.915,54.915,54.915,100,0
2017-12-04,18:00:00,54.915,55.015,54.915,55.015,201,0
2017-12-04,20:00:00,54.716,54.716,54.716,54.716,138,0
2017-12-04,21:00:00,54.786,54.786,54.786,54.786,100,0
2017-12-04,22:00:00,54.627,54.627,54.438,54.438,502,0
2017-12-05,18:00:00,54.021,54.021,54.021,54.021,129,0
2017-12-05,21:00:00,53.768,53.768,53.768,53.768,234,0
2017-12-06,18:00:00,53.591,53.591,53.591,53.591,493,0
2017-12-06,19:00:00,53.413,53.413,53.413,53.413,100,0
2017-12-08,16:00:00,53.929,53.929,53.929,53.929,100,0
2017-12-08,22:00:00,53.573,53.663,53.573,53.663,221,0
2017-12-11,17:00:00,53.791,53.791,53.763,53.763,201,0
2017-12-11,21:00:00,53.525,53.525,53.525,53.525,201,0
2017-12-11,22:00:00,53.761,53.761,53.761,53.761,100,0
2017-12-12,18:00:00,53.847,53.847,53.847,53.847,298,0
2017-12-12,22:00:00,53.663,53.663,53.663,53.663,719,0
2017-12-13,16:00:00,53.264,53.264,53.264,53.264,100,0
2017-12-13,19:00:00,54.028,54.028,54.028,54.028,116,0
2017-12-13,20:00:00,53.731,53.731,53.593,53.663,302,0
2017-12-14,17:00:00,53.867,53.867,53.867,53.867,100,0
2017-12-14,18:00:00,53.771,53.771,53.771,53.771,100,0
2017-12-14,19:00:00,53.67,53.67,53.669,53.669,244,0
2017-12-14,20:00:00,53.423,53.423,53.215,53.215,201,0
2017-12-14,21:00:00,53.105,53.105,53.105,53.105,100,0
2017-12-14,22:00:00,53.202,53.202,52.996,52.996,377,0
2017-12-15,17:00:00,53.708,53.752,53.708,53.752,201,0
2017-12-15,18:00:00,53.77,53.77,53.77,53.77,201,0
2017-12-15,20:00:00,54.042,54.042,54.042,54.042,100,0
2017-12-18,16:00:00,55.089,55.089,55.089,55.089,100,0
2017-12-18,19:00:00,54.889,54.889,54.889,54.889,243,0
2017-12-18,20:00:00,54.84,54.84,54.84,54.84,100,0
2017-12-18,21:00:00,54.78,54.78,54.636,54.636,381,0
2017-12-19,18:00:00,54.71,54.71,54.71,54.71,100,0
2017-12-19,20:00:00,54.66,54.66,54.66,54.66,100,0
2017-12-20,17:00:00,54.544,54.66,54.544,54.66,608,0
2017-12-20,18:00:00,54.531,54.531,54.531,54.531,100,0
2017-12-20,21:00:00,54.551,54.551,54.551,54.551,201,0
2017-12-21,17:00:00,54.761,54.761,54.723,54.723,572,0
2017-12-21,20:00:00,54.785,54.785,54.785,54.785,351,0
2017-12-21,22:00:00,54.929,54.929,54.89,54.89,201,0
2017-12-22,16:00:00,54.551,54.551,54.551,54.551,100,0
2017-12-22,17:00:00,54.471,54.471,54.471,54.471,136,0
2017-12-22,21:00:00,54.617,54.617,54.617,54.617,100,0
2017-12-26,16:00:00,55.009,55.009,55.009,55.009,110,0
2017-12-26,20:00:00,54.717,54.717,54.717,54.717,140,0
2017-12-26,22:00:00,54.79,54.79,54.79,54.79,512,0
2017-12-27,18:00:00,54.829,54.829,54.829,54.829,257,0
2017-12-27,22:00:00,54.491,54.516,54.491,54.516,903,0
2017-12-28,22:00:00,54.727,54.727,54.727,54.727,472,0
2017-12-29,18:00:00,54.68,54.68,54.68,54.68,100,0
2017-12-29,20:00:00,54.726,54.726,54.726,54.726,1003,0
2017-12-29,21:00:00,54.73,54.73,54.73,54.73,1505,0
2017-12-29,22:00:00,54.272,54.272,54.272,54.272,100,0
2018-01-02,18:00:00,54.88,54.969,54.88,54.969,401,0
2018-01-02,19:00:00,54.906,54.906,54.906,54.906,201,0
2018-01-02,21:00:00,54.8,54.8,54.8,54.8,100,0
2018-01-02,22:00:00,54.69,54.85,54.68,54.83,1056,0
2018-01-03,16:00:00,55.298,55.298,55.109,55.109,214,0
2018-01-03,17:00:00,55.011,55.011,55.011,55.011,148,0
2018-01-03,20:00:00,54.761,54.761,54.761,54.761,454,0
2018-01-04,17:00:00,54.944,54.944,54.944,54.944,100,0
2018-01-04,20:00:00,54.992,55.109,54.992,55.109,271,0
2018-01-04,21:00:00,55.208,55.248,55.208,55.208,1470,0
2018-01-04,22:00:00,55.179,55.199,55.179,55.179,301,0
2018-01-05,18:00:00,55.131,55.131,55.131,55.131,1175,0
2018-01-05,19:00:00,55.119,55.119,54.959,54.959,301,0
2018-01-05,20:00:00,55.039,55.059,54.959,55.039,994,0
2018-01-05,22:00:00,55.318,55.318,55.318,55.318,201,0
2018-01-08,17:00:00,55.059,55.059,55.059,55.059,100,0
2018-01-08,19:00:00,55.179,55.238,55.179,55.238,301,0
2018-01-08,20:00:00,55.378,55.378,55.378,55.378,100,0
2018-01-08,21:00:00,55.368,55.398,55.368,55.398,201,0
2018-01-08,22:00:00,55.408,55.408,55.368,55.388,386,0
2018-01-09,19:00:00,55.119,55.119,55.119,55.119,401,0
2018-01-10,18:00:00,54.77,54.836,54.77,54.836,372,0
2018-01-10,19:00:00,54.949,54.949,54.929,54.929,401,0
2018-01-10,20:00:00,54.999,55.009,54.999,54.999,409,0
2018-01-10,21:00:00,55.159,55.159,55.119,55.119,5317,0
2018-01-11,22:00:00,56.315,56.315,56.315,56.315,100,0
2018-01-12,20:00:00,56.514,56.514,56.499,56.499,544,0
2018-01-16,16:00:00,57.003,57.072,57.003,57.072,398,0
2018-01-16,17:00:00,57.072,57.072,57.072,57.072,502,0
2018-01-16,18:00:00,56.743,56.743,56.743,56.743,100,0
2018-01-16,19:00:00,56.514,56.514,56.514,56.514,100,0
2018-01-16,20:00:00,56.295,56.295,56.295,56.295,100,0
2018-01-16,21:00:00,56.165,56.165,56.165,56.165,100,0
2018-01-16,22:00:00,55.657,55.657,55.049,55.597,1033,0
2018-01-17,17:00:00,56.036,56.18,56.036,56.18,335,0
2018-01-17,18:00:00,56.275,56.405,56.275,56.355,1906,0
2018-01-17,19:00:00,56.099,56.544,56.099,56.544,929,0
2018-01-17,20:00:00,56.504,56.604,56.504,56.604,1605,0
2018-01-17,21:00:00,56.634,56.684,56.508,56.508,1232,0
2018-01-17,22:00:00,56.714,56.714,56.694,56.694,502,0
2018-01-18,17:00:00,56.518,56.518,56.518,56.518,100,0
2018-01-18,18:00:00,56.519,56.519,56.519,56.519,100,0
2018-01-18,19:00:00,56.596,56.596,56.596,56.596,265,0
2018-01-19,16:00:00,56.385,56.385,56.385,56.385,299,0
2018-01-19,19:00:00,57.142,57.142,57.142,57.142,201,0
2018-01-22,16:00:00,57.192,57.192,57.192,57.192,101,0
2018-01-22,17:00:00,57.232,57.232,57.232,57.232,201,0
2018-01-22,18:00:00,57.162,57.202,57.119,57.119,632,0
2018-01-22,19:00:00,57.215,57.215,57.215,57.215,176,0
2018-01-22,20:00:00,57.206,57.206,57.206,57.206,176,0
2018-01-23,16:00:00,57.491,57.491,57.262,57.262,691,0
2018-01-23,17:00:00,57.132,57.132,57.132,57.132,201,0
2018-01-23,18:00:00,57.282,57.341,57.282,57.332,401,0
2018-01-23,19:00:00,57.411,57.411,57.411,57.411,100,0
2018-01-23,20:00:00,57.441,57.531,57.431,57.531,301,0
2018-01-23,21:00:00,57.73,57.78,57.69,57.78,1605,0
2018-01-23,22:00:00,57.91,57.93,57.766,57.78,1541,0
2018-01-24,16:00:00,57.391,57.391,57.391,57.391,301,0
2018-01-24,17:00:00,57.93,57.93,57.93,57.93,100,0
2018-01-24,19:00:00,57.501,57.501,57.501,57.501,100,0
2018-01-24,21:00:00,57.725,57.725,57.725,57.725,100,0
2018-01-25,16:00:00,57.401,57.401,57.401,57.401,401,0
2018-01-25,17:00:00,57.436,57.436,57.436,57.436,100,0
2018-01-25,20:00:00,57.7,57.7,57.082,57.551,8829,0
2018-01-25,22:00:00,56.793,56.793,56.793,56.793,201,0
2018-01-26,16:00:00,57.617,57.617,57.617,57.617,113,0
2018-01-26,18:00:00,57.431,57.431,57.202,57.222,803,0
2018-01-26,20:00:00,57.73,57.73,57.73,57.73,100,0
2018-01-26,21:00:00,57.312,57.312,57.312,57.312,502,0
2018-01-29,18:00:00,57.312,57.312,57.312,57.312,883,0
2018-01-29,19:00:00,57.212,57.212,57.212,57.212,201,0
2018-01-29,21:00:00,57.312,57.312,56.826,56.826,765,0
2018-01-29,22:00:00,57.476,57.476,57.212,57.212,2078,0
2018-01-30,20:00:00,55.787,55.787,55.787,55.787,135,0
2018-01-30,21:00:00,56.139,56.139,56.139,56.139,100,0
2018-01-31,16:00:00,57.028,57.028,56.913,56.913,1215,0
2018-01-31,18:00:00,56.088,56.088,56.088,56.088,100,0
2018-01-31,21:00:00,55.663,55.663,55.663,55.663,708,0
2018-02-01,16:00:00,55.159,55.189,55.099,55.159,4916,0
2018-02-01,17:00:00,56.165,56.195,55.059,56.195,1110,0
2018-02-01,18:00:00,55.199,55.996,55.189,55.199,602,0
2018-02-01,20:00:00,55.807,55.807,55.807,55.807,100,0
2018-02-01,21:00:00,55.597,55.627,55.428,55.428,502,0
2018-02-02,17:00:00,54.89,54.89,54.89,54.89,201,0
2018-02-02,21:00:00,54.411,54.52,54.411,54.52,201,0
2018-02-02,22:00:00,54.938,54.938,54.521,54.521,350,0
2018-02-05,16:00:00,53.703,53.933,53.703,53.933,868,0
2018-02-05,17:00:00,54.092,54.092,53.992,53.992,568,0
2018-02-05,22:00:00,52.769,52.769,52.707,52.707,577,0
2018-02-06,16:00:00,51.142,51.974,51.142,51.974,239,0
2018-02-06,17:00:00,52.567,52.587,52.567,52.587,1236,0
2018-02-06,19:00:00,52.527,52.527,52.527,52.527,110,0
2018-02-06,20:00:00,52.388,52.388,52.228,52.228,301,0
2018-02-06,21:00:00,52.747,52.747,52.747,52.747,401,0
2018-02-06,22:00:00,52.776,52.976,52.757,52.976,1003,0
2018-02-07,22:00:00,53.127,53.127,53.127,53.127,268,0
2018-02-08,22:00:00,51.81,51.81,51.81,51.81,100,0
2018-02-09,16:00:00,52.079,52.079,52.079,52.079,1154,0
2018-02-09,19:00:00,50.833,50.833,50.564,50.564,1304,0
2018-02-09,20:00:00,50.733,50.733,50.733,50.733,107,0
2018-02-09,21:00:00,51.83,51.83,51.83,51.83,1003,0
2018-02-09,22:00:00,51.511,51.889,51.511,51.889,401,0
2018-02-12,16:00:00,52.009,52.009,52.009,52.009,201,0
2018-02-12,17:00:00,51.854,51.854,51.854,51.854,121,0
2018-02-12,18:00:00,51.83,51.83,51.83,51.83,104,0
2018-02-12,19:00:00,52.079,52.079,52.027,52.027,482,0
2018-02-12,20:00:00,51.997,52.059,51.997,52.059,359,0
2018-02-12,21:00:00,52.046,52.079,52.046,52.079,359,0
2018-02-13,17:00:00,52.159,52.159,52.159,52.159,710,0
2018-02-14,20:00:00,53.014,53.014,52.836,52.871,3401,0
2018-02-14,21:00:00,52.976,53.011,52.976,53.006,401,0
2018-02-14,22:00:00,53.171,53.171,53.171,53.171,976,0
2018-02-15,19:00:00,53.568,53.568,53.329,53.329,291,0
2018-02-15,22:00:00,53.957,53.957,53.957,53.957,133,0
2018-02-16,16:00:00,54.192,54.221,54.192,54.221,813,0
2018-02-16,17:00:00,54.308,54.308,54.308,54.308,100,0
2018-02-16,20:00:00,53.948,53.948,53.948,53.948,502,0
2018-02-16,22:00:00,53.923,54.262,53.913,54.262,602,0
2018-02-20,18:00:00,53.732,53.732,53.732,53.732,319,0
2018-02-21,17:00:00,53.711,53.711,53.711,53.711,401,0
2018-02-21,20:00:00,54.101,54.101,54.101,54.101,1408,0
2018-02-21,22:00:00,53.733,53.791,53.713,53.791,502,0
2018-02-22,22:00:00,53.691,53.691,53.691,53.691,100,0
2018-02-23,22:00:00,53.868,53.868,53.868,53.868,592,0
2018-02-26,18:00:00,54.068,54.068,54.068,54.068,421,0
2018-02-26,21:00:00,54.4,54.4,54.4,54.4,161,0
2018-02-26,22:00:00,54.421,54.421,54.421,54.421,256,0
2018-02-28,18:00:00,53.417,53.417,53.417,53.417,249,0
2018-02-28,19:00:00,53.481,53.481,53.441,53.441,473,0
2018-03-01,16:00:00,52.767,52.796,52.767,52.796,1104,0
2018-03-01,17:00:00,52.528,52.528,52.528,52.528,194,0
2018-03-01,20:00:00,52.966,52.966,52.966,52.966,100,0
2018-03-01,21:00:00,52.253,52.253,52.253,52.253,176,0
2018-03-01,22:00:00,52.747,52.747,52.747,52.747,100,0
2018-03-02,18:00:00,52.582,52.582,52.582,52.582,201,0
2018-03-02,21:00:00,52.906,52.906,52.906,52.906,140,0
2018-03-05,20:00:00,53.729,53.729,53.729,53.729,164,0
2018-03-05,21:00:00,53.666,53.666,53.666,53.666,112,0
2018-03-05,22:00:00,53.654,53.751,53.629,53.751,803,0
2018-03-06,19:00:00,53.823,53.823,53.823,53.823,341,0
2018-03-06,21:00:00,54.173,54.173,54.173,54.173,241,0
2018-03-07,20:00:00,54.543,54.543,54.543,54.543,100,0
2018-03-08,18:00:00,54.82,54.82,54.81,54.82,401,0
2018-03-08,20:00:00,54.521,54.521,54.521,54.521,100,0
2018-03-09,16:00:00,54.232,54.232,54.232,54.232,201,0
2018-03-12,15:00:00,54.939,54.939,54.939,54.939,242,0
2018-03-12,17:00:00,55.767,55.767,55.767,55.767,130,0
2018-03-13,16:00:00,56.11,56.11,56.11,56.11,100,0
2018-03-13,17:00:00,55.898,55.898,55.898,55.898,138,0
2018-03-13,18:00:00,55.579,55.579,55.579,55.579,137,0
2018-03-14,19:00:00,55.611,55.611,55.611,55.611,215,0
2018-03-15,19:00:00,54.93,54.93,54.93,54.93,301,0
2018-03-15,21:00:00,54.75,54.75,54.75,54.75,231,0
2018-03-16,15:00:00,54.79,54.79,54.76,54.76,516,0
2018-03-16,17:00:00,55.1301,55.15,55.1301,55.15,200,0
2018-03-19,15:00:00,56.56,56.56,56.56,56.56,489,0
2018-03-19,20:00:00,54.65,54.8407,54.65,54.8407,287,0
2018-03-19,21:00:00,55.27,55.27,55.27,55.27,100,0
2018-03-20,19:00:00,55.02,55.02,55.02,55.02,100,0
2018-03-20,21:00:00,54.7747,54.7747,54.7747,54.7747,100,0
2018-03-21,19:00:00,55.3616,55.3616,55.3616,55.3616,142,0
2018-03-22,16:00:00,55.1503,55.1503,55.1503,55.1503,100,0
2018-03-22,18:00:00,54.45,54.45,54.45,54.45,401,0
2018-03-22,20:00:00,54.7583,54.7583,54.7583,54.7583,100,0
2018-03-22,21:00:00,54.65,54.65,54.31,54.31,700,0
2018-03-23,15:00:00,53.71,53.71,53.71,53.71,230,0
2018-03-23,17:00:00,54.14,54.14,54.14,54.14,100,0
2018-03-23,19:00:00,53.86,53.86,53.86,53.86,100,0
2018-03-23,21:00:00,53.24,53.24,53.24,53.24,100,0
2018-03-27,17:00:00,54.36,54.36,54.36,54.36,100,0
2018-03-29,17:00:00,53.6771,53.6773,53.6771,53.6773,225,0
2018-03-29,18:00:00,54.0003,54.0003,54.0003,54.0003,260,0
2018-03-29,19:00:00,54.0177,54.0177,54.0177,54.0177,175,0
2018-03-29,20:00:00,54.04,54.04,54.04,54.04,200,0
