Date,Time,Open,High,Low,Close,Volume,OpenInt
2017-09-06,16:00:00,76.337,77.115,76.073,77.115,141828,0
2017-09-06,17:00:00,77.115,77.698,76.978,77.377,89702,0
2017-09-06,18:00:00,77.357,77.572,76.998,76.998,191031,0
2017-09-06,19:00:00,76.968,77.279,76.921,77.182,54898,0
2017-09-06,20:00:00,77.192,77.474,77.105,77.435,49751,0
2017-09-06,21:00:00,77.445,77.601,77.25,77.299,69960,0
2017-09-06,22:00:00,77.279,77.377,77.143,77.202,294342,0
2017-09-07,16:00:00,77.435,77.708,77.182,77.542,24677,0
2017-09-07,17:00:00,77.542,78.174,77.542,78.145,99649,0
2017-09-07,18:00:00,78.145,78.845,78.087,78.802,129361,0
2017-09-07,19:00:00,78.825,79.282,78.514,79.185,87318,0
2017-09-07,20:00:00,79.185,79.449,79.175,79.255,105299,0
2017-09-07,21:00:00,79.264,79.672,79.138,79.292,188829,0
2017-09-07,22:00:00,79.282,79.321,78.904,79.001,541177,0
2017-09-08,16:00:00,78.758,79.364,78.544,79.322,52637,0
2017-09-08,17:00:00,79.342,80.207,79.272,80.013,210903,0
2017-09-08,18:00:00,80.018,80.935,79.973,80.761,128892,0
2017-09-08,19:00:00,80.761,80.791,80.348,80.508,107499,0
2017-09-08,20:00:00,80.518,80.878,80.47,80.567,74340,0
2017-09-08,21:00:00,80.567,80.721,79.953,80.1,198945,0
2017-09-08,22:00:00,80.08,80.157,79.817,79.983,376693,0
2017-09-11,16:00:00,78.972,78.972,77.367,77.766,247940,0
2017-09-11,17:00:00,77.776,77.863,77.125,77.766,217151,0
2017-09-11,18:00:00,77.776,77.776,77.357,77.503,105867,0
2017-09-11,19:00:00,77.503,77.796,77.406,77.746,86525,0
2017-09-11,20:00:00,77.726,77.776,77.222,77.606,102720,0
2017-09-11,21:00:00,77.61,77.629,77.105,77.207,114037,0
2017-09-11,22:00:00,77.222,77.552,76.93,77.532,408913,0
2017-09-12,16:00:00,77.348,77.357,76.57,76.677,65387,0
2017-09-12,17:00:00,76.628,76.686,75.899,75.928,68484,0
2017-09-12,18:00:00,75.928,75.938,75.471,75.87,78641,0
2017-09-12,19:00:00,75.85,75.918,75.559,75.607,76078,0
2017-09-12,20:00:00,75.607,75.666,75.374,75.569,174537,0
2017-09-12,21:00:00,75.519,75.587,75.394,75.437,103108,0
2017-09-12,22:00:00,75.422,75.452,75.218,75.335,304601,0
2017-09-13,16:00:00,75.442,75.792,75.228,75.422,47392,0
2017-09-13,17:00:00,75.403,75.491,75.247,75.442,70673,0
2017-09-13,18:00:00,75.452,75.481,75.257,75.335,75507,0
2017-09-13,19:00:00,75.345,75.607,75.267,75.559,98233,0
2017-09-13,20:00:00,75.539,75.587,75.092,75.199,59326,0
2017-09-13,21:00:00,75.199,75.354,75.023,75.257,81986,0
2017-09-13,22:00:00,75.228,75.559,75.199,75.539,275482,0
2017-09-14,16:00:00,75.637,75.696,75.323,75.534,44512,0
2017-09-14,17:00:00,75.583,76.32,75.431,76.32,82344,0
2017-09-14,18:00:00,76.345,76.619,76.246,76.531,67170,0
2017-09-14,19:00:00,76.536,76.826,76.502,76.806,49871,0
2017-09-14,20:00:00,76.816,77.199,76.757,77.16,48058,0
2017-09-14,21:00:00,77.16,77.248,77.032,77.061,48761,0
2017-09-14,22:00:00,77.022,77.052,76.747,76.983,276384,0
2017-09-15,16:00:00,76.855,77.7,76.855,77.347,200127,0
2017-09-15,17:00:00,77.366,77.435,76.963,77.278,56448,0
2017-09-15,18:00:00,77.268,77.297,77.052,77.287,41048,0
2017-09-15,19:00:00,77.248,77.602,77.169,77.376,32169,0
2017-09-15,20:00:00,77.385,77.484,77.297,77.474,28145,0
2017-09-15,21:00:00,77.474,77.621,77.435,77.573,72676,0
2017-09-15,22:00:00,77.563,77.769,77.533,77.671,482225,0
2017-09-18,16:00:00,77.681,77.936,77.327,77.926,25537,0
2017-09-18,17:00:00,77.872,78.142,77.376,77.691,89443,0
2017-09-18,18:00:00,77.71,77.837,77.56,77.7,41365,0
2017-09-18,19:00:00,77.671,77.808,77.636,77.71,114731,0
2017-09-18,20:00:00,77.71,77.867,77.681,77.808,60250,0
2017-09-18,21:00:00,77.816,77.965,77.779,77.955,34456,0
2017-09-18,22:00:00,77.926,78.053,77.916,77.995,201588,0
2017-09-19,16:00:00,77.995,77.995,77.528,77.769,31821,0
2017-09-19,17:00:00,77.759,78.053,77.749,77.877,87509,0
2017-09-19,18:00:00,77.877,78.128,77.857,78.029,77196,0
2017-09-19,19:00:00,78.015,78.083,77.867,78.005,60724,0
2017-09-19,20:00:00,78.015,78.093,77.916,77.985,83952,0
2017-09-19,21:00:00,77.975,78.181,77.916,78.078,103078,0
2017-09-19,22:00:00,78.093,78.171,78.005,78.034,368586,0
2017-09-20,16:00:00,78.133,78.417,78.034,78.299,28161,0
2017-09-20,17:00:00,78.211,78.339,78.073,78.201,16136,0
2017-09-20,18:00:00,78.241,78.525,78.063,78.495,128113,0
2017-09-20,19:00:00,78.495,78.505,78.339,78.387,84489,0
2017-09-20,20:00:00,78.387,78.417,78.289,78.368,117172,0
2017-09-20,21:00:00,78.319,78.339,77.691,77.897,357870,0
2017-09-20,22:00:00,77.926,78.073,77.847,78.053,181336,0
2017-09-21,16:00:00,78.103,78.486,78.083,78.427,18238,0
2017-09-21,17:00:00,78.427,78.653,78.309,78.457,33503,0
2017-09-21,18:00:00,78.437,78.555,78.27,78.373,25721,0
2017-09-21,19:00:00,78.378,78.437,78.191,78.241,21466,0
2017-09-21,20:00:00,78.241,78.25,77.799,77.902,29891,0
2017-09-21,21:00:00,77.916,78.063,77.847,77.945,44118,0
2017-09-21,22:00:00,77.985,78.113,77.936,77.936,166651,0
2017-09-22,16:00:00,78.123,78.299,77.799,77.799,30733,0
2017-09-22,17:00:00,77.877,78.152,77.661,77.877,55370,0
2017-09-22,18:00:00,77.857,77.995,77.801,77.916,37556,0
2017-09-22,19:00:00,77.965,77.965,77.681,77.789,27483,0
2017-09-22,20:00:00,77.789,77.897,77.71,77.71,37150,0
2017-09-22,21:00:00,77.72,77.739,77.356,77.553,44222,0
2017-09-22,22:00:00,77.553,77.621,77.474,77.494,121838,0
2017-09-25,16:00:00,77.573,77.995,77.405,77.877,79550,0
2017-09-25,17:00:00,78.015,78.387,77.857,78.289,31753,0
2017-09-25,18:00:00,78.289,78.299,77.995,78.191,47705,0
2017-09-25,19:00:00,78.206,78.241,78.015,78.231,35884,0
2017-09-25,20:00:00,78.231,78.378,78.221,78.241,47834,0
2017-09-25,21:00:00,78.221,78.427,78.211,78.417,56196,0
2017-09-25,22:00:00,78.407,78.417,78.279,78.279,192253,0
2017-09-26,16:00:00,78.319,78.319,78.005,78.201,15206,0
2017-09-26,17:00:00,78.231,78.231,77.887,78.093,51539,0
2017-09-26,18:00:00,78.123,78.241,77.985,78.201,62791,0
2017-09-26,19:00:00,78.181,78.181,77.926,78.01,40964,0
2017-09-26,20:00:00,78.015,78.049,77.965,78.025,27835,0
2017-09-26,21:00:00,78.044,78.171,78.025,78.093,50394,0
2017-09-26,22:00:00,78.093,78.133,77.955,77.965,232143,0
2017-09-27,16:00:00,77.651,77.877,76.295,76.472,32868,0
2017-09-27,17:00:00,76.502,76.855,76.276,76.571,118867,0
2017-09-27,18:00:00,76.571,76.865,76.438,76.816,44523,0
2017-09-27,19:00:00,76.806,76.836,76.619,76.718,29994,0
2017-09-27,20:00:00,76.708,76.826,76.431,76.431,72191,0
2017-09-27,21:00:00,76.438,76.787,76.354,76.767,34106,0
2017-09-27,22:00:00,76.728,76.766,76.6,76.659,129942,0
2017-09-28,16:00:00,76.728,76.797,76.345,76.492,31778,0
2017-09-28,17:00:00,76.551,77.189,76.364,76.993,85436,0
2017-09-28,18:00:00,76.993,77.327,76.963,77.239,39684,0
2017-09-28,19:00:00,77.268,77.465,77.268,77.405,21984,0
2017-09-28,20:00:00,77.405,77.533,77.395,77.474,21207,0
2017-09-28,21:00:00,77.484,77.553,77.248,77.503,26947,0
2017-09-28,22:00:00,77.484,77.749,77.455,77.681,163682,0
2017-09-29,16:00:00,77.465,77.926,77.435,77.847,61717,0
2017-09-29,17:00:00,77.837,78.613,77.71,78.378,82748,0
2017-09-29,18:00:00,78.319,78.447,78.162,78.349,57601,0
2017-09-29,19:00:00,78.392,78.643,78.392,78.535,81878,0
2017-09-29,20:00:00,78.51,78.653,78.487,78.575,140414,0
2017-09-29,21:00:00,78.575,78.623,78.427,78.535,273627,0
2017-09-29,22:00:00,78.535,78.653,78.437,78.505,419758,0
2017-10-02,16:00:00,78.801,78.987,78.309,78.437,47768,0
2017-10-02,17:00:00,78.353,78.643,78.279,78.467,234144,0
2017-10-02,18:00:00,78.481,78.575,78.26,78.417,154126,0
2017-10-02,19:00:00,78.447,78.457,77.828,77.916,173727,0
2017-10-02,20:00:00,77.907,77.985,77.729,77.955,115440,0
2017-10-02,21:00:00,77.945,78.27,77.828,78.221,68360,0
2017-10-02,22:00:00,78.211,78.407,78.142,78.191,210499,0
2017-10-03,16:00:00,78.289,78.506,77.975,78.039,23715,0
2017-10-03,17:00:00,78.073,78.221,77.739,78.015,42790,0
2017-10-03,18:00:00,78.01,78.073,77.671,77.671,55592,0
2017-10-03,19:00:00,77.681,77.719,77.455,77.573,51564,0
2017-10-03,20:00:00,77.553,77.553,77.15,77.291,37318,0
2017-10-03,21:00:00,77.307,77.543,77.15,77.518,73082,0
2017-10-03,22:00:00,77.503,77.621,77.435,77.621,236007,0
2017-10-04,16:00:00,77.631,77.847,77.081,77.278,36004,0
2017-10-04,17:00:00,77.287,77.445,77.16,77.288,113003,0
2017-10-04,18:00:00,77.322,77.621,77.248,77.563,85821,0
2017-10-04,19:00:00,77.563,77.651,77.533,77.621,41475,0
2017-10-04,20:00:00,77.602,77.681,77.563,77.631,33994,0
2017-10-04,21:00:00,77.611,77.985,77.589,77.965,75770,0
2017-10-04,22:00:00,77.965,78.241,77.965,78.191,388002,0
2017-10-05,16:00:00,78.359,78.495,78.025,78.299,21148,0
2017-10-05,17:00:00,78.311,78.603,78.299,78.57,72257,0
2017-10-05,18:00:00,78.585,78.761,78.515,78.702,54256,0
2017-10-05,19:00:00,78.693,78.81,78.643,78.751,58998,0
2017-10-05,20:00:00,78.756,78.781,78.653,78.693,50321,0
2017-10-05,21:00:00,78.683,78.702,78.623,78.648,80820,0
2017-10-05,22:00:00,78.623,79.065,78.623,79.036,280424,0
2017-10-06,16:00:00,78.613,78.791,77.828,78.171,130659,0
2017-10-06,17:00:00,78.157,78.565,78.123,78.407,101539,0
2017-10-06,18:00:00,78.368,78.505,78.289,78.407,106156,0
2017-10-06,19:00:00,78.447,78.712,78.437,78.633,96603,0
2017-10-06,20:00:00,78.61,78.633,78.221,78.221,116800,0
2017-10-06,21:00:00,78.27,78.683,78.27,78.633,124761,0
2017-10-06,22:00:00,78.633,78.987,78.575,78.957,260248,0
2017-10-09,16:00:00,79.085,79.085,78.339,78.575,42980,0
2017-10-09,17:00:00,78.495,78.834,78.495,78.741,52349,0
2017-10-09,18:00:00,78.746,78.889,78.726,78.761,47698,0
2017-10-09,19:00:00,78.801,78.937,78.751,78.849,56816,0
2017-10-09,20:00:00,78.849,78.899,78.495,78.535,71347,0
2017-10-09,21:00:00,78.545,78.603,78.405,78.565,84968,0
2017-10-09,22:00:00,78.575,78.633,78.525,78.603,149491,0
2017-10-10,16:00:00,78.721,79.253,78.683,78.781,58930,0
2017-10-10,17:00:00,78.741,78.919,78.673,78.829,32913,0
2017-10-10,18:00:00,78.801,78.909,78.688,78.81,53612,0
2017-10-10,19:00:00,78.81,78.859,78.55,78.633,39147,0
2017-10-10,20:00:00,78.673,78.721,78.476,78.565,55972,0
2017-10-10,21:00:00,78.575,78.643,78.525,78.613,64874,0
2017-10-10,22:00:00,78.618,78.781,78.585,78.781,150466,0
2017-10-11,16:00:00,78.849,79.075,78.761,78.829,67887,0
2017-10-11,17:00:00,78.829,79.075,78.771,78.879,69738,0
2017-10-11,18:00:00,78.869,79.027,78.839,78.937,45527,0
2017-10-11,19:00:00,78.928,78.947,78.663,78.889,119474,0
2017-10-11,20:00:00,78.889,79.075,78.869,79.027,65695,0
2017-10-11,21:00:00,79.045,79.065,78.899,79.027,78338,0
2017-10-11,22:00:00,79.027,79.163,79.007,79.144,443679,0
2017-10-12,16:00:00,79.243,80.137,79.213,79.596,89211,0
2017-10-12,17:00:00,79.6,79.861,79.37,79.704,188289,0
2017-10-12,18:00:00,79.685,80.009,79.685,79.847,83829,0
2017-10-12,19:00:00,79.881,79.881,79.704,79.821,88701,0
2017-10-12,20:00:00,79.821,80.107,79.803,80.029,132192,0
2017-10-12,21:00:00,80.034,80.155,79.803,79.974,104066,0
2017-10-12,22:00:00,80.009,80.17,79.939,80.165,381829,0
2017-10-13,16:00:00,80.519,80.569,80.037,80.363,70953,0
2017-10-13,17:00:00,80.328,80.795,80.235,80.637,47278,0
2017-10-13,18:00:00,80.632,80.814,80.579,80.775,35020,0
2017-10-13,19:00:00,80.775,80.823,80.607,80.725,52465,0
2017-10-13,20:00:00,80.715,81.187,80.687,80.931,51853,0
2017-10-13,21:00:00,80.931,81.275,80.805,81.197,201240,0
2017-10-13,22:00:00,81.167,81.501,81.129,81.247,368200,0
2017-10-16,16:00:00,81.325,81.531,80.421,80.657,35831,0
2017-10-16,17:00:00,80.554,80.745,80.009,80.471,59907,0
2017-10-16,18:00:00,80.471,80.509,80.283,80.471,50219,0
2017-10-16,19:00:00,80.471,80.48,80.137,80.363,44327,0
2017-10-16,20:00:00,80.401,80.775,80.372,80.617,29246,0
2017-10-16,21:00:00,80.579,80.637,80.509,80.549,65888,0
2017-10-16,22:00:00,80.549,80.549,80.353,80.421,239858,0
2017-10-17,16:00:00,80.283,80.725,80.087,80.263,13319,0
2017-10-17,17:00:00,80.255,80.509,79.959,80.185,51136,0
2017-10-17,18:00:00,80.195,80.401,80.097,80.363,64724,0
2017-10-17,19:00:00,80.348,80.579,80.195,80.401,93251,0
2017-10-17,20:00:00,80.411,80.647,80.372,80.489,34166,0
2017-10-17,21:00:00,80.519,80.657,80.411,80.411,61468,0
2017-10-17,22:00:00,80.401,80.745,80.391,80.735,274483,0
2017-10-18,16:00:00,80.589,80.735,79.891,79.901,36237,0
2017-10-18,17:00:00,79.861,80.579,79.743,80.509,141885,0
2017-10-18,18:00:00,80.519,80.725,80.107,80.255,91220,0
2017-10-18,19:00:00,80.245,80.313,80.047,80.225,42437,0
2017-10-18,20:00:00,80.245,80.419,80.117,80.391,45229,0
2017-10-18,21:00:00,80.411,80.607,80.372,80.421,68770,0
2017-10-18,22:00:00,80.401,80.667,80.358,80.471,140942,0
2017-10-19,16:00:00,80.667,80.931,79.948,80.019,40944,0
2017-10-19,17:00:00,80.019,80.323,79.773,80.185,49337,0
2017-10-19,18:00:00,80.175,80.499,80.009,80.494,57817,0
2017-10-19,19:00:00,80.461,80.657,80.318,80.48,51400,0
2017-10-19,20:00:00,80.48,80.589,80.363,80.451,39525,0
2017-10-19,21:00:00,80.48,80.569,80.353,80.423,52051,0
2017-10-19,22:00:00,80.431,80.48,80.215,80.255,210059,0
2017-10-20,16:00:00,80.077,80.205,79.841,79.884,63313,0
2017-10-20,17:00:00,79.861,80.333,79.851,80.283,53244,0
2017-10-20,18:00:00,80.293,80.48,80.019,80.117,207706,0
2017-10-20,19:00:00,80.097,80.338,80.037,80.313,50537,0
2017-10-20,20:00:00,80.303,80.313,80.117,80.205,47525,0
2017-10-20,21:00:00,80.185,80.195,79.861,80.042,98346,0
2017-10-20,22:00:00,80.037,80.323,79.989,80.323,349875,0
2017-10-23,16:00:00,80.313,80.607,80.155,80.607,38066,0
2017-10-23,17:00:00,80.607,80.941,80.422,80.489,66666,0
2017-10-23,18:00:00,80.471,80.569,80.047,80.263,43819,0
2017-10-23,19:00:00,80.245,80.263,80.037,80.245,45693,0
2017-10-23,20:00:00,80.235,80.245,80.009,80.205,43011,0
2017-10-23,21:00:00,80.205,80.293,80.137,80.293,48245,0
2017-10-23,22:00:00,80.303,80.539,80.255,80.421,280260,0
2017-10-24,16:00:00,80.343,80.539,80.205,80.273,40234,0
2017-10-24,17:00:00,80.303,80.353,79.291,79.311,164404,0
2017-10-24,18:00:00,79.311,79.331,78.467,78.683,116821,0
2017-10-24,19:00:00,78.603,78.653,78.299,78.545,31859,0
2017-10-24,20:00:00,78.585,78.633,78.171,78.279,62530,0
2017-10-24,21:00:00,78.284,79.085,78.27,78.997,174835,0
2017-10-24,22:00:00,78.997,79.065,78.839,78.987,365198,0
2017-10-25,16:00:00,78.476,79.149,78.397,78.889,49439,0
2017-10-25,17:00:00,78.889,79.036,78.761,78.997,107569,0
2017-10-25,18:00:00,78.977,79.469,78.801,79.095,200703,0
2017-10-25,19:00:00,79.075,79.135,78.962,79.065,85897,0
2017-10-25,20:00:00,79.065,79.291,78.987,79.291,75214,0
2017-10-25,21:00:00,79.243,79.281,79.027,79.253,102955,0
2017-10-25,22:00:00,79.266,79.605,79.125,79.223,514431,0
2017-10-26,16:00:00,79.223,79.223,75.264,76.335,615714,0
2017-10-26,17:00:00,76.443,76.551,75.755,76.246,398591,0
2017-10-26,18:00:00,76.246,76.82,75.745,75.765,237699,0
2017-10-26,19:00:00,75.765,76.119,75.588,75.716,200839,0
2017-10-26,20:00:00,75.729,76.158,75.195,76.138,243516,0
2017-10-26,21:00:00,76.148,77.121,76.138,76.836,192899,0
2017-10-26,22:00:00,76.826,77.415,76.826,77.307,528993,0
2017-10-27,16:00:00,77.14,79.065,77.14,78.133,282127,0
2017-10-27,17:00:00,78.201,78.869,78.142,78.555,182633,0
2017-10-27,18:00:00,78.603,78.977,78.457,78.741,97922,0
2017-10-27,19:00:00,78.771,78.859,78.505,78.633,87566,0
2017-10-27,20:00:00,78.613,78.81,78.585,78.746,35936,0
2017-10-27,21:00:00,78.663,78.879,78.643,78.731,44622,0
2017-10-27,22:00:00,78.716,78.879,78.663,78.879,273917,0
2017-10-30,15:00:00,78.801,79.055,78.613,78.643,18328,0
2017-10-30,16:00:00,78.623,79.163,78.525,79.075,48037,0
2017-10-30,17:00:00,79.085,79.213,78.829,79.154,19932,0
2017-10-30,18:00:00,79.13,79.173,78.909,78.987,24390,0
2017-10-30,19:00:00,78.967,79.301,78.967,79.163,48015,0
2017-10-30,20:00:00,79.135,79.459,79.055,79.351,68618,0
2017-10-30,21:00:00,79.341,79.723,79.286,79.655,388702,0
2017-10-31,15:00:00,79.557,79.685,79.291,79.449,28112,0
2017-10-31,16:00:00,79.462,79.537,78.751,79.144,87666,0
2017-10-31,17:00:00,79.144,80.283,79.115,80.009,115635,0
2017-10-31,18:00:00,80.009,80.047,79.665,79.675,116225,0
2017-10-31,19:00:00,79.685,79.925,79.665,79.821,38498,0
2017-10-31,20:00:00,79.861,79.929,79.695,79.911,116048,0
2017-10-31,21:00:00,79.901,80.155,79.821,80.147,284840,0
2017-11-01,15:00:00,80.147,80.195,79.144,79.321,53456,0
2017-11-01,16:00:00,79.271,79.911,79.223,79.507,106392,0
2017-11-01,17:00:00,79.497,79.743,79.085,79.281,69489,0
2017-11-01,18:00:00,79.281,79.969,79.183,79.911,108679,0
2017-11-01,19:00:00,79.925,80.175,79.881,80.155,99974,0
2017-11-01,20:00:00,80.165,80.509,80.137,80.381,183336,0
2017-11-01,21:00:00,80.363,80.549,80.155,80.155,512591,0
2017-11-02,15:00:00,80.225,83.397,80.057,82.253,226140,0
2017-11-02,16:00:00,82.199,83.668,82.042,83.147,194768,0
2017-11-02,17:00:00,83.127,84.399,82.818,83.938,164808,0
2017-11-02,18:00:00,83.849,83.938,82.955,83.078,137050,0
2017-11-02,19:00:00,83.034,83.103,81.609,81.609,407634,0
2017-11-02,20:00:00,81.639,82.239,81.511,81.59,344547,0
2017-11-02,21:00:00,81.571,82.14,81.491,81.649,580273,0
2017-11-03,15:00:00,81.472,82.297,81.295,82.297,126245,0
2017-11-03,16:00:00,82.307,82.821,82.101,82.494,190862,0
2017-11-03,17:00:00,82.494,84.095,82.494,84.095,207705,0
2017-11-03,18:00:00,84.095,84.105,83.584,83.643,108711,0
2017-11-03,19:00:00,83.673,83.928,83.447,83.535,110714,0
2017-11-03,20:00:00,83.582,83.582,83.132,83.329,73905,0
2017-11-03,21:00:00,83.309,83.741,83.284,83.535,271630,0
2017-11-06,16:00:00,83.771,84.763,83.722,84.576,65180,0
2017-11-06,17:00:00,84.566,85.215,84.566,84.787,149669,0
2017-11-06,18:00:00,84.812,84.959,84.488,84.763,286822,0
2017-11-06,19:00:00,84.704,84.792,84.439,84.792,189691,0
2017-11-06,20:00:00,84.773,84.795,84.478,84.566,36131,0
2017-11-06,21:00:00,84.537,84.694,84.429,84.527,83275,0
2017-11-06,22:00:00,84.517,84.694,84.458,84.498,235269,0
2017-11-07,16:00:00,84.782,85.441,84.674,85.362,136750,0
2017-11-07,17:00:00,85.293,85.765,84.822,84.979,121298,0
2017-11-07,18:00:00,84.999,85.234,84.478,84.566,247059,0
2017-11-07,19:00:00,84.571,84.753,84.35,84.429,94821,0
2017-11-07,20:00:00,84.429,84.576,84.272,84.439,143416,0
2017-11-07,21:00:00,84.449,84.468,84.173,84.272,112139,0
2017-11-07,22:00:00,84.252,84.439,83.79,84.164,396579,0
2017-11-08,16:00:00,84.478,85.45,84.36,84.517,45828,0
2017-11-08,17:00:00,84.483,84.665,84.272,84.665,144731,0
2017-11-08,18:00:00,84.635,85.107,84.458,84.655,90096,0
2017-11-08,19:00:00,84.635,84.665,84.37,84.478,113511,0
2017-11-08,20:00:00,84.478,84.616,84.331,84.458,98898,0
2017-11-08,21:00:00,84.468,84.596,84.331,84.468,109988,0
2017-11-08,22:00:00,84.419,84.625,84.38,84.488,397357,0
2017-11-09,16:00:00,84.36,84.782,84.134,84.134,33030,0
2017-11-09,17:00:00,84.193,84.409,83.928,84.105,82434,0
2017-11-09,18:00:00,84.105,84.537,84.105,84.537,35483,0
2017-11-09,19:00:00,84.478,84.507,84.242,84.321,33316,0
2017-11-09,20:00:00,84.331,84.439,83.751,83.859,72832,0
2017-11-09,21:00:00,83.859,84.105,83.643,83.761,73069,0
2017-11-09,22:00:00,83.81,84.203,83.79,83.938,248154,0
2017-11-10,16:00:00,83.761,84.232,83.358,84.046,51263,0
2017-11-10,17:00:00,84.026,84.507,83.839,84.331,54157,0
2017-11-10,18:00:00,84.331,84.37,84.026,84.183,48001,0
2017-11-10,19:00:00,84.193,84.439,84.154,84.321,88649,0
2017-11-10,20:00:00,84.321,84.331,84.164,84.164,39019,0
2017-11-10,21:00:00,84.144,84.399,84.095,84.37,57700,0
2017-11-10,22:00:00,84.365,84.537,84.282,84.478,221057,0
2017-11-13,16:00:00,84.861,85.426,84.458,85.033,90061,0
2017-11-13,17:00:00,85.028,85.274,84.802,85.205,73720,0
2017-11-13,18:00:00,85.205,85.234,84.979,85.156,39687,0
2017-11-13,19:00:00,85.205,85.568,85.156,85.411,57996,0
2017-11-13,20:00:00,85.411,85.519,85.352,85.411,36623,0
2017-11-13,21:00:00,85.411,85.411,85.067,85.229,116572,0
2017-11-13,22:00:00,85.254,85.362,85.175,85.333,311365,0
2017-11-14,16:00:00,85.342,85.558,84.645,85.058,85030,0
2017-11-14,17:00:00,85.092,85.205,84.458,84.743,54724,0
2017-11-14,18:00:00,84.733,85.028,84.616,84.92,41045,0
2017-11-14,19:00:00,84.92,85.107,84.851,85.067,38393,0
2017-11-14,20:00:00,85.058,85.058,84.684,84.851,52593,0
2017-11-14,21:00:00,84.846,84.974,84.488,84.498,78309,0
2017-11-14,22:00:00,84.517,84.999,84.478,84.812,300132,0
2017-11-15,16:00:00,84.812,85.303,84.778,85.244,62883,0
2017-11-15,17:00:00,85.333,85.382,84.782,84.91,57670,0
2017-11-15,18:00:00,84.92,84.94,84.507,84.714,52132,0
2017-11-15,19:00:00,84.694,84.694,84.203,84.576,54150,0
2017-11-15,20:00:00,84.541,84.547,84.311,84.439,20134,0
2017-11-15,21:00:00,84.453,84.453,84.065,84.35,71885,0
2017-11-15,22:00:00,84.34,84.345,84.016,84.154,229507,0
2017-11-16,16:00:00,84.124,84.468,83.712,84.154,56740,0
2017-11-16,17:00:00,84.105,85.627,83.987,85.45,139369,0
2017-11-16,18:00:00,85.445,85.568,85.097,85.549,111679,0
2017-11-16,19:00:00,85.549,85.809,85.382,85.441,139529,0
2017-11-16,20:00:00,85.445,85.784,85.445,85.765,93001,0
2017-11-16,21:00:00,85.765,85.814,85.686,85.716,109723,0
2017-11-16,22:00:00,85.726,85.789,85.5,85.657,625744,0
2017-11-17,16:00:00,85.372,85.824,85.136,85.549,62148,0
2017-11-17,17:00:00,85.588,85.804,85.549,85.804,59454,0
2017-11-17,18:00:00,85.809,85.809,85.558,85.75,55383,0
2017-11-17,19:00:00,85.745,85.892,85.542,85.794,155770,0
2017-11-17,20:00:00,85.774,85.774,85.539,85.657,236598,0
2017-11-17,21:00:00,85.657,85.745,85.539,85.657,167236,0
2017-11-17,22:00:00,85.657,85.932,85.568,85.657,654917,0
2017-11-20,16:00:00,85.804,86.256,85.578,86.158,57871,0
2017-11-20,17:00:00,86.128,86.334,85.804,85.952,128730,0
2017-11-20,18:00:00,85.952,86.079,85.637,85.912,100210,0
2017-11-20,19:00:00,85.942,86.03,85.814,85.942,56141,0
2017-11-20,20:00:00,85.952,86.05,85.716,85.824,57937,0
2017-11-20,21:00:00,85.824,85.863,85.755,85.804,93981,0
2017-11-20,22:00:00,85.804,85.853,85.578,85.804,260842,0
2017-11-21,16:00:00,86.148,86.492,86.099,86.295,79659,0
2017-11-21,17:00:00,86.295,86.413,86.03,86.118,101226,0
2017-11-21,18:00:00,86.168,86.271,85.863,85.873,69459,0
2017-11-21,19:00:00,85.897,85.957,85.774,85.853,40249,0
2017-11-21,20:00:00,85.853,86.025,85.774,85.922,49081,0
2017-11-21,21:00:00,85.942,86.163,85.883,86.065,51908,0
2017-11-21,22:00:00,86.04,86.148,85.957,86.108,312755,0
2017-11-22,16:00:00,85.863,86.197,85.317,85.578,123149,0
2017-11-22,17:00:00,85.794,85.794,85.175,85.175,110261,0
2017-11-22,18:00:00,85.175,85.421,85.175,85.362,98150,0
2017-11-22,19:00:00,85.401,85.637,85.382,85.613,94149,0
2017-11-22,20:00:00,85.588,85.824,85.588,85.774,48609,0
2017-11-22,21:00:00,85.779,85.952,85.745,85.932,49516,0
2017-11-22,22:00:00,85.922,85.991,85.804,85.873,128207,0
2017-11-24,16:00:00,86.158,86.216,85.824,86.099,24862,0
2017-11-24,17:00:00,86.099,86.099,85.912,86.06,55813,0
2017-11-24,18:00:00,86.03,86.05,85.755,85.853,48954,0
2017-11-24,19:00:00,85.872,85.922,85.755,85.814,78433,0
2017-11-24,20:00:00,85.824,85.834,85.823,85.834,19985,0
2017-11-27,16:00:00,86.02,86.256,85.824,86.035,79946,0
2017-11-27,17:00:00,86.01,86.207,85.804,85.961,133668,0
2017-11-27,18:00:00,85.961,86.197,85.853,86.108,113777,0
2017-11-27,19:00:00,86.108,86.246,86.06,86.123,53513,0
2017-11-27,20:00:00,86.138,86.168,85.912,86.05,59917,0
2017-11-27,21:00:00,86.05,86.158,85.817,86.101,82088,0
2017-11-27,22:00:00,86.108,86.158,85.774,85.853,395155,0
2017-11-28,16:00:00,85.853,85.976,84.616,84.782,111827,0
2017-11-28,17:00:00,84.62,84.62,82.837,83.019,151336,0
2017-11-28,18:00:00,83.015,83.496,82.435,83.452,239879,0
2017-11-28,19:00:00,83.486,83.604,83.063,83.594,141739,0
2017-11-28,20:00:00,83.633,84.458,83.574,84.345,93222,0
2017-11-28,21:00:00,84.34,84.684,84.301,84.547,101176,0
2017-11-28,22:00:00,84.566,84.566,83.515,83.702,342247,0
2017-11-29,16:00:00,83.79,84.655,83.388,84.007,101172,0
2017-11-29,17:00:00,83.987,84.183,83.525,83.894,61330,0
2017-11-29,18:00:00,83.928,84.321,83.574,84.115,76754,0
2017-11-29,19:00:00,84.144,84.301,83.879,84.1,67287,0
2017-11-29,20:00:00,84.115,84.449,84.105,84.154,65066,0
2017-11-29,21:00:00,84.242,84.37,83.761,83.771,138538,0
2017-11-29,22:00:00,83.82,83.938,83.466,83.555,385233,0
2017-11-30,16:00:00,83.82,84.213,83.712,83.918,63313,0
2017-11-30,17:00:00,83.943,84.213,83.899,84.056,186949,0
2017-11-30,18:00:00,84.065,84.124,83.673,84.036,146346,0
2017-11-30,19:00:00,84.065,84.429,83.997,84.134,104867,0
2017-11-30,20:00:00,84.115,84.144,83.653,83.663,107904,0
2017-11-30,21:00:00,83.663,83.781,83.525,83.574,149962,0
2017-11-30,22:00:00,83.613,83.879,83.505,83.849,648767,0
2017-12-01,16:00:00,84.065,84.557,83.358,83.928,109080,0
2017-12-01,17:00:00,83.928,84.262,83.466,83.692,111384,0
2017-12-01,18:00:00,83.663,83.79,83.28,83.692,120369,0
2017-12-01,19:00:00,83.731,83.839,83.604,83.613,85859,0
2017-12-01,20:00:00,83.604,83.776,83.604,83.731,60980,0
2017-12-01,21:00:00,83.722,83.844,83.623,83.712,101518,0
2017-12-01,22:00:00,83.692,83.751,83.584,83.692,343412,0
2017-12-04,16:00:00,83.712,84.105,83.712,83.79,44111,0
2017-12-04,17:00:00,83.751,83.947,83.505,83.653,76731,0
2017-12-04,18:00:00,83.702,83.83,83.692,83.731,69604,0
2017-12-04,19:00:00,83.761,83.849,83.358,83.388,56830,0
2017-12-04,20:00:00,83.378,83.417,83.211,83.294,69881,0
2017-12-04,21:00:00,83.294,83.594,83.231,83.496,110450,0
2017-12-04,22:00:00,83.496,83.594,83.27,83.348,422523,0
2017-12-05,16:00:00,83.643,83.643,83.132,83.466,36983,0
2017-12-05,17:00:00,83.457,83.992,83.279,83.82,46383,0
2017-12-05,18:00:00,83.82,84.223,83.699,83.987,49564,0
2017-12-05,19:00:00,84.016,84.124,83.427,83.486,76753,0
2017-12-05,20:00:00,83.545,83.613,83.361,83.466,37210,0
2017-12-05,21:00:00,83.496,83.525,83.289,83.289,47690,0
2017-12-05,22:00:00,83.25,83.496,83.231,83.368,251583,0
2017-12-06,16:00:00,83.427,83.643,83.207,83.476,17362,0
2017-12-06,17:00:00,83.447,84.262,83.437,84.134,39465,0
2017-12-06,18:00:00,84.134,84.154,83.83,84.016,62965,0
2017-12-06,19:00:00,83.997,84.016,83.525,83.947,60557,0
2017-12-06,20:00:00,83.938,84.257,83.928,84.193,72069,0
2017-12-06,21:00:00,84.173,84.242,83.864,83.899,76662,0
2017-12-06,22:00:00,83.899,84.007,83.751,83.928,368263,0
2017-12-07,16:00:00,84.183,84.183,82.897,82.995,79469,0
2017-12-07,17:00:00,82.995,83.231,82.926,82.985,71501,0
2017-12-07,18:00:00,82.985,83.27,82.916,83.157,97914,0
2017-12-07,19:00:00,83.171,83.339,83.083,83.132,113706,0
2017-12-07,20:00:00,83.181,83.643,83.142,83.604,64894,0
2017-12-07,21:00:00,83.643,84.026,83.555,83.555,106226,0
2017-12-07,22:00:00,83.545,83.83,83.486,83.741,232226,0
2017-12-08,16:00:00,84.026,84.046,83.731,83.82,18295,0
2017-12-08,17:00:00,83.79,84.075,83.687,83.889,80787,0
2017-12-08,18:00:00,83.938,84.547,83.928,84.507,79909,0
2017-12-08,19:00:00,84.507,84.694,84.409,84.665,60817,0
2017-12-08,20:00:00,84.655,85.107,84.655,84.763,62004,0
2017-12-08,21:00:00,84.763,84.91,84.439,84.439,75975,0
2017-12-08,22:00:00,84.429,84.802,84.429,84.753,321126,0
2017-12-11,16:00:00,84.616,85.018,84.434,84.434,32064,0
2017-12-11,17:00:00,84.537,85.49,84.532,85.49,56431,0
2017-12-11,18:00:00,85.47,85.578,85.175,85.539,37202,0
2017-12-11,19:00:00,85.549,86,85.549,85.883,60213,0
2017-12-11,20:00:00,85.883,86.03,85.834,85.952,55194,0
2017-12-11,21:00:00,85.981,86.246,85.902,86.187,79031,0
2017-12-11,22:00:00,86.197,86.442,86.079,86.266,464378,0
2017-12-12,16:00:00,86.178,86.482,85.745,86.349,52764,0
2017-12-12,17:00:00,86.295,86.668,86.03,86.629,68521,0
2017-12-12,18:00:00,86.6,86.836,86.207,86.492,124200,0
2017-12-12,19:00:00,86.502,86.531,86.266,86.349,73026,0
2017-12-12,20:00:00,86.334,86.62,86.315,86.482,65523,0
2017-12-12,21:00:00,86.487,86.688,86.364,86.472,100828,0
2017-12-12,22:00:00,86.457,86.502,86.286,86.305,431224,0
2017-12-13,16:00:00,86.934,86.992,86.246,86.246,61477,0
2017-12-13,17:00:00,86.246,86.541,86.178,86.404,79462,0
2017-12-13,18:00:00,86.394,86.433,86.246,86.305,45141,0
2017-12-13,19:00:00,86.305,86.374,86.178,86.266,40619,0
2017-12-13,20:00:00,86.276,86.295,86.089,86.187,29678,0
2017-12-13,21:00:00,86.197,86.472,86.089,86.295,60881,0
2017-12-13,22:00:00,86.305,86.305,86.03,86.05,356458,0
2017-12-14,16:00:00,86.337,86.426,85.851,86.045,13198,0
2017-12-14,17:00:00,86.099,86.307,85.98,86.188,53031,0
2017-12-14,18:00:00,86.159,86.278,85.951,86.074,40535,0
2017-12-14,19:00:00,86.089,86.257,86.02,86.208,66694,0
2017-12-14,20:00:00,86.161,86.367,86.089,86.134,46651,0
2017-12-14,21:00:00,86.109,86.169,85.901,85.98,68600,0
2017-12-14,22:00:00,85.97,86.228,85.812,85.832,375270,0
2017-12-15,16:00:00,86.05,86.516,86,86.159,228999,0
2017-12-15,17:00:00,86.129,86.139,85.792,86.084,37118,0
2017-12-15,18:00:00,86.109,86.179,85.733,86.079,55397,0
2017-12-15,19:00:00,86.04,86.213,85.96,86.06,21651,0
2017-12-15,20:00:00,86.035,86.218,85.98,86.139,28516,0
2017-12-15,21:00:00,86.139,86.625,86.079,86.545,47631,0
2017-12-15,22:00:00,86.535,86.932,86.466,86.783,675677,0
2017-12-18,16:00:00,86.833,87.021,86.664,86.952,32391,0
2017-12-18,17:00:00,86.922,87.313,86.922,87.259,62718,0
2017-12-18,18:00:00,87.249,87.536,87.11,87.15,77337,0
2017-12-18,19:00:00,87.145,87.199,86.773,86.843,27998,0
2017-12-18,20:00:00,86.823,87.209,86.753,87.061,65582,0
2017-12-18,21:00:00,87.071,87.1,86.971,87.028,41077,0
2017-12-18,22:00:00,87.031,87.189,86.714,86.803,274884,0
2017-12-19,16:00:00,86.724,86.952,86.327,86.327,28859,0
2017-12-19,17:00:00,86.337,86.387,85.822,86.119,75674,0
2017-12-19,18:00:00,86.094,86.337,85.683,85.782,117258,0
2017-12-19,19:00:00,85.859,85.941,85.514,85.544,93823,0
2017-12-19,20:00:00,85.534,85.812,85.514,85.772,54293,0
2017-12-19,21:00:00,85.782,85.881,85.485,85.485,115324,0
2017-12-19,22:00:00,85.455,85.564,85.128,85.435,431722,0
2017-12-20,16:00:00,85.316,85.792,85.108,85.792,29113,0
2017-12-20,17:00:00,85.693,85.752,85.495,85.663,85941,0
2017-12-20,18:00:00,85.683,85.742,85.524,85.643,38968,0
2017-12-20,19:00:00,85.643,85.693,85.574,85.653,69916,0
2017-12-20,20:00:00,85.628,85.643,85.068,85.217,74245,0
2017-12-20,21:00:00,85.197,85.237,85.068,85.148,74100,0
2017-12-20,22:00:00,85.118,85.158,84.85,84.9,328508,0
2017-12-21,16:00:00,85.068,85.306,84.266,84.375,16969,0
2017-12-21,17:00:00,84.355,84.642,84.147,84.553,43101,0
2017-12-21,18:00:00,84.563,84.771,84.454,84.611,113837,0
2017-12-21,19:00:00,84.627,84.781,84.533,84.722,47431,0
2017-12-21,20:00:00,84.682,84.682,84.454,84.573,98032,0
2017-12-21,21:00:00,84.573,84.682,84.523,84.578,63227,0
2017-12-21,22:00:00,84.563,84.583,84.3,84.414,184049,0
2017-12-22,16:00:00,84.603,84.736,84.31,84.682,22402,0
2017-12-22,17:00:00,84.712,85.257,84.682,84.999,51163,0
2017-12-22,18:00:00,84.979,85.093,84.89,84.89,13714,0
2017-12-22,19:00:00,84.89,84.9,84.741,84.87,20771,0
2017-12-22,20:00:00,84.855,85.118,84.813,85.014,38707,0
2017-12-22,21:00:00,84.999,85.206,84.969,85.118,49686,0
2017-12-22,22:00:00,85.148,85.356,85.108,85.356,253963,0
2017-12-26,16:00:00,85.544,86.109,85.138,85.921,15310,0
2017-12-26,17:00:00,85.931,86.06,85.643,85.96,15440,0
2017-12-26,18:00:00,85.96,86.278,85.96,86,20233,0
2017-12-26,19:00:00,85.99,86.208,85.941,86.159,13938,0
2017-12-26,20:00:00,86.169,86.268,86.065,86.065,16256,0
2017-12-26,21:00:00,86.03,86.248,85.842,85.931,139335,0
2017-12-26,22:00:00,85.936,86.089,85.881,86.03,208465,0
2017-12-27,16:00:00,86.258,86.694,86.248,86.446,21235,0
2017-12-27,17:00:00,86.377,86.793,86.248,86.694,26547,0
2017-12-27,18:00:00,86.644,86.962,86.555,86.836,28849,0
2017-12-27,19:00:00,86.848,86.872,86.545,86.644,35039,0
2017-12-27,20:00:00,86.644,86.793,86.605,86.763,19254,0
2017-12-27,21:00:00,86.734,86.823,86.644,86.684,41453,0
2017-12-27,22:00:00,86.714,86.743,86.565,86.634,148580,0
2017-12-28,16:00:00,86.724,86.724,86.278,86.456,20256,0
2017-12-28,17:00:00,86.456,86.823,86.421,86.823,44492,0
2017-12-28,18:00:00,86.922,86.962,86.724,86.892,63038,0
2017-12-28,19:00:00,86.932,86.932,86.773,86.857,27888,0
2017-12-28,20:00:00,86.857,87.061,86.843,86.962,20160,0
2017-12-28,21:00:00,86.971,87.061,86.882,87.001,35585,0
2017-12-28,22:00:00,87.011,87.13,86.828,86.981,188577,0
2017-12-29,16:00:00,87.051,87.051,86.585,86.981,31443,0
2017-12-29,17:00:00,86.976,87.061,86.793,86.862,27021,0
2017-12-29,18:00:00,86.862,87.249,86.833,87.09,61535,0
2017-12-29,19:00:00,87.09,87.15,86.981,87.1,39803,0
2017-12-29,20:00:00,87.061,87.08,86.813,86.843,26917,0
2017-12-29,21:00:00,86.823,86.862,86.704,86.803,42851,0
2017-12-29,22:00:00,86.813,86.882,86.664,86.674,294851,0
2018-01-02,16:00:00,86.971,87.051,85.911,85.911,95758,0
2018-01-02,17:00:00,85.896,86.079,85.306,85.514,74471,0
2018-01-02,18:00:00,85.455,85.807,85.455,85.792,65259,0
2018-01-02,19:00:00,85.812,86.179,85.723,85.911,90100,0
2018-01-02,20:00:00,85.921,86.03,85.574,85.574,43931,0
2018-01-02,21:00:00,85.554,85.566,85.296,85.316,45946,0
2018-01-02,22:00:00,85.316,85.455,84.791,84.92,499299,0
2018-01-03,16:00:00,85.019,86.045,85.009,85.916,35314,0
2018-01-03,17:00:00,85.911,86.243,85.832,85.832,56681,0
2018-01-03,18:00:00,85.822,85.832,85.247,85.296,78039,0
2018-01-03,19:00:00,85.271,85.346,84.85,84.94,50968,0
2018-01-03,20:00:00,84.95,85.049,84.741,84.801,59116,0
2018-01-03,21:00:00,84.741,85.227,84.741,85.217,62410,0
2018-01-03,22:00:00,85.267,85.336,84.999,85.098,233978,0
2018-01-04,16:00:00,84.999,85.326,84.048,84.117,48775,0
2018-01-04,17:00:00,84.053,84.077,83.076,83.136,110708,0
2018-01-04,18:00:00,83.096,83.671,83.096,83.621,48676,0
2018-01-04,19:00:00,83.661,83.78,83.453,83.552,37031,0
2018-01-04,20:00:00,83.552,83.869,83.522,83.78,38312,0
2018-01-04,21:00:00,83.78,83.929,83.562,83.621,59480,0
2018-01-04,22:00:00,83.592,83.711,83.413,83.552,217088,0
2018-01-05,16:00:00,83.691,83.992,83.423,83.641,22969,0
2018-01-05,17:00:00,83.681,83.869,83.403,83.453,43539,0
2018-01-05,18:00:00,83.463,83.721,83.359,83.636,26046,0
2018-01-05,19:00:00,83.681,83.75,83.493,83.542,16235,0
2018-01-05,20:00:00,83.552,83.552,83.066,83.136,41892,0
2018-01-05,21:00:00,83.126,83.374,83.106,83.27,49143,0
2018-01-05,22:00:00,83.284,83.384,83.076,83.156,466369,0
2018-01-08,16:00:00,83.354,83.939,83.215,83.939,27931,0
2018-01-08,17:00:00,83.909,83.909,83.552,83.671,26941,0
2018-01-08,18:00:00,83.607,83.641,83.319,83.443,57455,0
2018-01-08,19:00:00,83.443,83.973,83.393,83.929,45441,0
2018-01-08,20:00:00,83.909,84.206,83.909,84.167,104229,0
2018-01-08,21:00:00,84.167,84.518,84.127,84.504,62388,0
2018-01-08,22:00:00,84.494,84.603,84.236,84.414,640779,0
2018-01-09,16:00:00,84.107,84.682,83.304,83.344,21939,0
2018-01-09,17:00:00,83.388,83.611,83.096,83.413,47060,0
2018-01-09,18:00:00,83.379,83.78,83.304,83.522,52926,0
2018-01-09,19:00:00,83.552,83.572,83.294,83.364,41368,0
2018-01-09,20:00:00,83.364,83.453,83.126,83.141,49266,0
2018-01-09,21:00:00,83.136,83.136,82.353,82.569,343262,0
2018-01-09,22:00:00,82.581,82.581,82.273,82.373,337609,0
2018-01-10,16:00:00,82.006,82.055,79.766,80.014,199471,0
2018-01-10,17:00:00,79.999,81.114,79.895,80.926,149745,0
2018-01-10,18:00:00,80.935,81.253,80.836,81.238,88599,0
2018-01-10,19:00:00,81.228,81.5,81.168,81.233,84390,0
2018-01-10,20:00:00,81.253,81.451,81.173,81.381,52177,0
2018-01-10,21:00:00,81.401,81.709,81.391,81.669,71442,0
2018-01-10,22:00:00,81.689,81.808,81.54,81.629,249628,0
2018-01-11,16:00:00,81.649,82.343,81.483,82.343,44918,0
2018-01-11,17:00:00,82.363,82.422,81.505,81.778,122282,0
2018-01-11,18:00:00,81.808,82.125,81.57,81.607,79929,0
2018-01-11,19:00:00,81.57,81.897,81.52,81.788,38054,0
2018-01-11,20:00:00,81.798,81.837,81.406,81.49,38821,0
2018-01-11,21:00:00,81.461,81.827,81.461,81.53,78943,0
2018-01-11,22:00:00,81.55,81.788,81.49,81.52,218288,0
2018-01-12,16:00:00,81.55,81.55,80.886,81.064,30425,0
2018-01-12,17:00:00,81.064,81.243,80.638,81.074,58401,0
2018-01-12,18:00:00,81.04,81.322,80.866,81.292,38184,0
2018-01-12,19:00:00,81.272,81.352,81.253,81.272,53707,0
2018-01-12,20:00:00,81.272,81.471,81.253,81.431,64788,0
2018-01-12,21:00:00,81.421,81.5,81.322,81.421,58889,0
2018-01-12,22:00:00,81.411,81.56,81.362,81.52,315519,0
2018-01-16,16:00:00,81.629,83.364,81.629,83.111,90674,0
2018-01-16,17:00:00,83.066,83.225,82.442,82.682,48914,0
2018-01-16,18:00:00,82.627,82.789,82.392,82.67,36934,0
2018-01-16,19:00:00,82.7,83.007,82.64,82.64,31352,0
2018-01-16,20:00:00,82.66,82.848,82.64,82.749,25412,0
2018-01-16,21:00:00,82.749,82.799,82.174,82.254,87533,0
2018-01-16,22:00:00,82.234,82.432,81.867,81.976,350406,0
2018-01-17,16:00:00,82.293,82.432,82.14,82.323,88987,0
2018-01-17,17:00:00,82.323,83.294,82.184,82.769,86336,0
2018-01-17,18:00:00,82.819,82.878,82.313,82.353,129768,0
2018-01-17,19:00:00,82.318,82.719,82.264,82.719,79264,0
2018-01-17,20:00:00,82.71,82.888,82.61,82.68,58569,0
2018-01-17,21:00:00,82.739,82.888,82.64,82.7,69585,0
2018-01-17,22:00:00,82.71,82.729,82.412,82.719,309440,0
2018-01-18,16:00:00,82.719,82.719,81.481,82.036,89431,0
2018-01-18,17:00:00,81.966,81.966,81.421,81.793,116901,0
2018-01-18,18:00:00,81.847,81.976,81.401,81.897,60425,0
2018-01-18,19:00:00,81.891,82.026,81.778,81.808,108869,0
2018-01-18,20:00:00,81.808,82.135,81.56,81.608,171994,0
2018-01-18,21:00:00,81.614,81.946,81.51,81.867,68132,0
2018-01-18,22:00:00,81.927,81.966,81.699,81.966,318835,0
2018-01-19,16:00:00,82.055,82.63,81.808,82.135,92025,0
2018-01-19,17:00:00,82.085,82.68,82.055,82.63,54914,0
2018-01-19,18:00:00,82.62,82.799,82.432,82.531,57125,0
2018-01-19,19:00:00,82.531,82.68,81.956,82.085,56223,0
2018-01-19,20:00:00,82.006,82.293,81.927,82.293,42487,0
2018-01-19,21:00:00,82.323,82.571,82.323,82.561,72585,0
2018-01-19,22:00:00,82.531,82.908,82.422,82.898,479370,0
2018-01-22,16:00:00,83.056,83.294,82.591,83.007,57778,0
2018-01-22,17:00:00,82.947,83.304,82.814,83.116,81087,0
2018-01-22,18:00:00,83.076,83.443,83.007,83.443,63255,0
2018-01-22,19:00:00,83.413,83.978,83.304,83.79,98029,0
2018-01-22,20:00:00,83.815,84.176,83.8,84.033,193123,0
2018-01-22,21:00:00,83.983,84.672,83.939,84.513,214445,0
2018-01-22,22:00:00,84.444,84.484,83.968,84.394,359309,0
2018-01-23,16:00:00,84.622,85.881,84.375,85.866,75217,0
2018-01-23,17:00:00,85.851,86.119,85.505,85.827,149332,0
2018-01-23,18:00:00,85.842,86.099,85.782,85.921,87823,0
2018-01-23,19:00:00,85.941,85.97,85.514,85.534,145148,0
2018-01-23,20:00:00,85.574,85.97,85.534,85.886,58145,0
2018-01-23,21:00:00,85.891,86.248,85.792,86.129,75583,0
2018-01-23,22:00:00,86.149,86.268,85.812,85.951,403613,0
2018-01-24,16:00:00,85.921,86,85.296,85.733,40154,0
2018-01-24,17:00:00,85.762,86.218,85.435,85.455,58275,0
2018-01-24,18:00:00,85.425,85.614,84.741,84.821,120136,0
2018-01-24,19:00:00,84.845,84.89,84.315,84.622,54615,0
2018-01-24,20:00:00,84.613,85.049,84.474,84.915,65133,0
2018-01-24,21:00:00,84.84,84.88,84.424,84.504,56603,0
2018-01-24,22:00:00,84.533,84.999,84.523,84.781,256673,0
2018-01-25,16:00:00,84.464,84.543,83.958,84.087,40535,0
2018-01-25,17:00:00,84.043,84.285,83.711,83.958,103695,0
2018-01-25,18:00:00,83.978,84.246,83.718,83.74,130622,0
2018-01-25,19:00:00,83.725,83.839,83.512,83.661,60756,0
2018-01-25,20:00:00,83.661,83.839,83.493,83.839,48952,0
2018-01-25,21:00:00,83.839,84.117,83.602,84.112,56945,0
2018-01-25,22:00:00,84.137,84.523,84.107,84.246,266065,0
2018-01-26,16:00:00,84.494,84.494,83.707,83.83,25784,0
2018-01-26,17:00:00,83.849,83.914,83.354,83.582,59597,0
2018-01-26,18:00:00,83.532,83.537,83.037,83.23,67518,0
2018-01-26,19:00:00,83.23,83.349,83.037,83.294,48461,0
2018-01-26,20:00:00,83.294,83.502,83.265,83.423,51515,0
2018-01-26,21:00:00,83.393,83.502,83.294,83.324,95338,0
2018-01-26,22:00:00,83.324,83.859,83.324,83.463,482435,0
2018-01-29,16:00:00,83.165,83.165,82.174,82.729,34613,0
2018-01-29,17:00:00,82.65,82.819,81.837,81.852,145546,0
2018-01-29,18:00:00,81.857,82.174,81.609,81.996,133096,0
2018-01-29,19:00:00,82.016,82.075,81.689,81.897,100872,0
2018-01-29,20:00:00,81.927,82.145,81.659,82.115,73456,0
2018-01-29,21:00:00,82.115,82.353,82.115,82.297,59275,0
2018-01-29,22:00:00,82.323,82.511,82.046,82.055,464116,0
2018-01-30,16:00:00,81.59,81.857,80.965,81.174,64716,0
2018-01-30,17:00:00,81.173,81.441,80.935,81.396,101390,0
2018-01-30,18:00:00,81.421,81.927,81.421,81.877,87938,0
2018-01-30,19:00:00,81.887,82.125,81.818,82.085,61110,0
2018-01-30,20:00:00,82.075,82.13,81.946,82.115,54980,0
2018-01-30,21:00:00,82.095,82.204,81.996,81.996,80507,0
2018-01-30,22:00:00,81.976,82.551,81.818,82.174,351069,0
2018-01-31,16:00:00,82.204,82.71,81.986,82.383,38279,0
2018-01-31,17:00:00,82.264,83.146,82.264,82.749,96401,0
2018-01-31,18:00:00,82.729,82.729,82.155,82.412,137577,0
2018-01-31,19:00:00,82.417,82.511,82.155,82.511,75124,0
2018-01-31,20:00:00,82.521,82.878,82.432,82.472,102925,0
2018-01-31,21:00:00,82.472,82.873,82.204,82.303,143446,0
2018-01-31,22:00:00,82.283,82.769,82.115,82.739,1933213,0
2018-02-01,16:00:00,82.799,82.799,81.649,82.229,184382,0
2018-02-01,17:00:00,82.259,82.596,81.827,81.986,220397,0
2018-02-01,18:00:00,81.966,82.174,81.59,82.115,54682,0
2018-02-01,19:00:00,82.036,82.075,81.818,81.872,27503,0
2018-02-01,20:00:00,81.847,81.996,81.709,81.927,44861,0
2018-02-01,21:00:00,81.966,82.065,81.451,81.629,79657,0
2018-02-01,22:00:00,81.609,81.649,80.995,81.332,420316,0
2018-02-02,16:00:00,80.876,81.114,79.934,80.896,104293,0
2018-02-02,17:00:00,80.876,81.629,80.876,81.272,84164,0
2018-02-02,18:00:00,81.302,81.768,81.24,81.441,62252,0
2018-02-02,19:00:00,81.421,81.817,81.391,81.649,43118,0
2018-02-02,20:00:00,81.619,81.619,80.916,80.965,63196,0
2018-02-02,21:00:00,80.945,81.213,80.569,80.608,90412,0
2018-02-02,22:00:00,80.598,81.391,80.182,81.114,553027,0
2018-02-05,16:00:00,80.598,81.322,80.44,81.129,57768,0
2018-02-05,17:00:00,81.089,81.277,80.771,81.193,67518,0
2018-02-05,18:00:00,81.183,81.411,81.074,81.163,36618,0
2018-02-05,19:00:00,81.149,81.272,80.856,80.995,73120,0
2018-02-05,20:00:00,80.965,81.005,79.925,80.024,66782,0
2018-02-05,21:00:00,80.043,80.143,79.122,79.171,51573,0
2018-02-05,22:00:00,79.161,80.124,78.259,79.161,536680,0
2018-02-06,16:00:00,78.359,79.855,77.781,79.369,142444,0
2018-02-06,17:00:00,79.469,80.172,77.665,78.269,124219,0
2018-02-06,18:00:00,78.131,78.23,77.309,77.803,127896,0
2018-02-06,19:00:00,77.744,78.2,77.595,77.764,52021,0
2018-02-06,20:00:00,77.704,77.704,76.931,77.209,94927,0
2018-02-06,21:00:00,77.258,78.24,76.911,78.131,59465,0
2018-02-06,22:00:00,78.111,79.201,78.061,79.023,393925,0
2018-02-07,16:00:00,78.814,80.083,78.577,79.344,24666,0
2018-02-07,17:00:00,79.26,80.252,79.042,80.202,61959,0
2018-02-07,18:00:00,80.212,80.38,79.786,79.974,138585,0
2018-02-07,19:00:00,80.038,80.377,80.014,80.242,48522,0
2018-02-07,20:00:00,80.261,80.311,79.637,79.756,85713,0
2018-02-07,21:00:00,79.706,79.944,79.404,79.796,85058,0
2018-02-07,22:00:00,79.776,80.162,79.488,79.706,459415,0
2018-02-08,16:00:00,79.538,79.781,78.834,79.597,34061,0
2018-02-08,17:00:00,79.558,79.726,79.171,79.667,66042,0
2018-02-08,18:00:00,79.647,79.885,79.409,79.429,117399,0
2018-02-08,19:00:00,79.419,79.776,79.062,79.35,72157,0
2018-02-08,20:00:00,79.31,79.31,78.468,78.676,102405,0
2018-02-08,21:00:00,78.696,78.834,78.111,78.19,81083,0
2018-02-08,22:00:00,78.24,78.368,76.852,76.872,454532,0
2018-02-09,16:00:00,77.476,78.299,76.941,78.111,30884,0
2018-02-09,17:00:00,78.17,78.477,77.694,78.279,76441,0
2018-02-09,18:00:00,78.339,79.25,78.24,78.527,209679,0
2018-02-09,19:00:00,78.468,79.181,78.339,79.102,216488,0
2018-02-09,20:00:00,79.102,79.102,77.744,77.774,291633,0
2018-02-09,21:00:00,77.754,79.102,77.714,78.18,270721,0
2018-02-09,22:00:00,78.15,80.38,77.665,79.677,804052,0
2018-02-12,16:00:00,79.954,80.143,78.388,78.408,55310,0
2018-02-12,17:00:00,78.388,78.923,77.913,78.359,104491,0
2018-02-12,18:00:00,78.28,78.775,77.962,78.735,136453,0
2018-02-12,19:00:00,78.715,79.915,78.646,79.89,100064,0
2018-02-12,20:00:00,79.89,79.994,79.508,79.905,56028,0
2018-02-12,21:00:00,79.845,80.063,79.607,79.726,83903,0
2018-02-12,22:00:00,79.746,80.371,79.597,80.083,417131,0
2018-02-13,16:00:00,80.083,80.554,80.004,80.321,49460,0
2018-02-13,17:00:00,80.331,80.995,80.162,80.886,74909,0
2018-02-13,18:00:00,80.846,80.896,80.43,80.678,64195,0
2018-02-13,19:00:00,80.678,80.975,80.48,80.975,57782,0
2018-02-13,20:00:00,80.95,81.243,80.787,81.064,50194,0
2018-02-13,21:00:00,81.064,81.6,81.035,81.5,56714,0
2018-02-13,22:00:00,81.51,82.283,81.451,81.847,404143,0
2018-02-14,16:00:00,80.737,80.945,80.281,80.281,91387,0
2018-02-14,17:00:00,80.42,80.717,79.845,80.073,122859,0
2018-02-14,18:00:00,80.093,80.252,79.508,79.588,82551,0
2018-02-14,19:00:00,79.598,80.133,79.469,80.113,55623,0
2018-02-14,20:00:00,80.103,80.678,80.078,80.589,44830,0
2018-02-14,21:00:00,80.589,80.698,80.45,80.698,59801,0
2018-02-14,22:00:00,80.717,80.886,80.182,80.42,357841,0
2018-02-15,16:00:00,80.985,81.5,80.727,81.441,47773,0
2018-02-15,17:00:00,81.431,81.644,80.896,81.258,55194,0
2018-02-15,18:00:00,81.203,81.49,80.886,81.322,83648,0
2018-02-15,19:00:00,81.322,81.778,81.233,81.52,47195,0
2018-02-15,20:00:00,81.55,81.709,81.401,81.51,81723,0
2018-02-15,21:00:00,81.55,81.867,81.183,81.847,108613,0
2018-02-15,22:00:00,81.847,82.135,81.461,81.778,498902,0
2018-02-16,16:00:00,81.639,82.422,81.035,81.084,104341,0
2018-02-16,17:00:00,81.054,81.639,80.648,81.54,244452,0
2018-02-16,18:00:00,81.619,81.679,80.891,81.263,77788,0
2018-02-16,19:00:00,81.173,81.342,81.084,81.193,71147,0
2018-02-16,20:00:00,81.253,81.808,81.104,81.624,117340,0
2018-02-16,21:00:00,81.639,81.659,81.372,81.644,88147,0
2018-02-16,22:00:00,81.629,81.813,81.391,81.471,282619,0
2018-02-20,16:00:00,81.272,81.758,80.926,81.292,72529,0
2018-02-20,17:00:00,81.253,81.451,80.985,81.005,109119,0
2018-02-20,18:00:00,81.084,81.292,80.737,81.282,98220,0
2018-02-20,19:00:00,81.342,81.451,81.173,81.237,69857,0
2018-02-20,20:00:00,81.233,81.302,80.737,80.866,85041,0
2018-02-20,21:00:00,80.866,80.926,80.43,80.489,101901,0
2018-02-20,22:00:00,80.519,80.668,79.895,80.034,432151,0
2018-02-21,16:00:00,81.897,85.237,81.5,83.74,243123,0
2018-02-21,17:00:00,83.948,84.137,82.164,82.422,484624,0
2018-02-21,18:00:00,82.501,82.501,81.381,81.986,424654,0
2018-02-21,19:00:00,82.105,82.202,80.965,81.837,175427,0
2018-02-21,20:00:00,81.847,82.789,81.768,82.581,155656,0
2018-02-21,21:00:00,82.511,83.047,81.818,81.946,304069,0
2018-02-21,22:00:00,81.946,81.946,80.678,80.777,560761,0
2018-02-22,16:00:00,81.044,81.917,79.469,81.699,62988,0
2018-02-22,17:00:00,81.936,83.205,81.936,82.923,141248,0
2018-02-22,18:00:00,82.918,83.185,82.69,82.957,80803,0
2018-02-22,19:00:00,82.987,83.334,82.967,83.175,127329,0
2018-02-22,20:00:00,83.205,83.235,82.492,83.146,118537,0
2018-02-22,21:00:00,83.126,83.582,82.908,82.952,70726,0
2018-02-22,22:00:00,82.957,83.958,82.957,83.681,532373,0
2018-02-23,16:00:00,84.157,84.583,83.681,84.315,54247,0
2018-02-23,17:00:00,84.256,84.642,84.246,84.484,67476,0
2018-02-23,18:00:00,84.504,85.088,84.285,85.029,58216,0
2018-02-23,19:00:00,85.019,85.336,84.989,85.272,56667,0
2018-02-23,20:00:00,85.237,85.505,84.957,85.505,62438,0
2018-02-23,21:00:00,85.505,85.638,85.227,85.604,75126,0
2018-02-23,22:00:00,85.574,85.861,85.287,85.832,291248,0
2018-02-26,16:00:00,86.337,87.011,85.752,86.565,83503,0
2018-02-26,17:00:00,86.595,86.694,85.96,86.05,156141,0
2018-02-26,18:00:00,86.02,86.446,85.881,86.268,143579,0
2018-02-26,19:00:00,86.278,86.397,85.812,86.02,182542,0
2018-02-26,20:00:00,86.05,86.228,85.871,85.901,83586,0
2018-02-26,21:00:00,85.911,86.218,85.822,85.921,93090,0
2018-02-26,22:00:00,85.941,85.941,85.594,85.891,347721,0
2018-02-27,16:00:00,86.089,86.466,85.544,86.109,135205,0
2018-02-27,17:00:00,86.188,86.288,84.444,84.692,113214,0
2018-02-27,18:00:00,84.687,84.801,84.226,84.365,54841,0
2018-02-27,19:00:00,84.355,85.019,84.31,84.88,69396,0
2018-02-27,20:00:00,84.88,84.88,84.662,84.741,65668,0
2018-02-27,21:00:00,84.761,84.771,84.355,84.682,90015,0
2018-02-27,22:00:00,84.662,84.761,84.117,84.127,258941,0
2018-02-28,16:00:00,84.603,84.93,84.127,84.603,36195,0
2018-02-28,17:00:00,84.593,84.622,84.048,84.157,49445,0
2018-02-28,18:00:00,84.107,84.989,84.107,84.87,60296,0
2018-02-28,19:00:00,84.831,85.217,84.672,84.979,30135,0
2018-02-28,20:00:00,84.989,85.723,84.969,85.713,75987,0
2018-02-28,21:00:00,85.703,85.782,84.761,84.801,61675,0
2018-02-28,22:00:00,84.801,84.91,84.256,84.295,423063,0
2018-03-01,16:00:00,84.365,86.089,84.266,85.881,75044,0
2018-03-01,17:00:00,85.851,86.05,85.108,85.415,112680,0
2018-03-01,18:00:00,85.534,85.713,85.257,85.356,61722,0
2018-03-01,19:00:00,85.386,85.633,85.128,85.633,44458,0
2018-03-01,20:00:00,85.534,85.534,84.86,85.059,62959,0
2018-03-01,21:00:00,85.078,85.237,84.543,84.687,58470,0
2018-03-01,22:00:00,84.652,85.207,84.632,85.098,274310,0
2018-03-02,16:00:00,85.039,85.534,84.419,84.523,50967,0
2018-03-02,17:00:00,84.543,84.93,84.355,84.563,55018,0
2018-03-02,18:00:00,84.523,84.712,84.167,84.355,49570,0
2018-03-02,19:00:00,84.409,84.454,84.048,84.048,46520,0
2018-03-02,20:00:00,84.028,84.097,83.661,83.77,37589,0
2018-03-02,21:00:00,83.785,84.003,83.423,83.958,87446,0
2018-03-02,22:00:00,83.948,84.394,83.8,84.295,329833,0
2018-03-05,16:00:00,83.889,85.559,83.889,85.267,48554,0
2018-03-05,17:00:00,85.247,85.619,85.009,85.544,66960,0
2018-03-05,18:00:00,85.633,86.094,85.574,85.876,63308,0
2018-03-05,19:00:00,85.851,86.248,85.851,86.03,73495,0
2018-03-05,20:00:00,86.055,86.097,85.534,85.554,46342,0
2018-03-05,21:00:00,85.623,85.633,85.237,85.564,49215,0
2018-03-05,22:00:00,85.604,85.663,84.959,85.455,363576,0
2018-03-06,16:00:00,85.227,85.822,84.077,84.741,35716,0
2018-03-06,17:00:00,84.613,84.632,83.998,84.385,137210,0
2018-03-06,18:00:00,84.414,85.148,84.394,84.92,159397,0
2018-03-06,19:00:00,85.019,85.197,84.801,85.187,36144,0
2018-03-06,20:00:00,85.197,85.534,85.068,85.465,20380,0
2018-03-06,21:00:00,85.495,85.614,85.247,85.376,38407,0
2018-03-06,22:00:00,85.376,85.653,85.296,85.485,117881,0
2018-03-07,16:00:00,85.356,86.099,84.781,85.118,38688,0
2018-03-07,17:00:00,85.059,85.495,84.989,85.168,42611,0
2018-03-07,18:00:00,85.148,85.514,85.059,85.455,30114,0
2018-03-07,19:00:00,85.475,85.514,85.315,85.376,31986,0
2018-03-07,20:00:00,85.376,85.445,85.187,85.316,36309,0
2018-03-07,21:00:00,85.326,85.524,85.316,85.346,39846,0
2018-03-07,22:00:00,85.336,85.514,85.257,85.425,220554,0
2018-03-08,16:00:00,85.415,85.693,84.969,85.445,19317,0
2018-03-08,17:00:00,85.534,86.02,85.534,85.832,26020,0
2018-03-08,18:00:00,85.832,86.149,85.822,86.05,29647,0
2018-03-08,19:00:00,86.065,86.288,85.951,86.169,32701,0
2018-03-08,20:00:00,86.169,86.357,86.01,86.208,86162,0
2018-03-08,21:00:00,86.223,86.268,85.99,86.149,78536,0
2018-03-08,22:00:00,86.149,86.357,85.916,86.278,179420,0
2018-03-09,16:00:00,86.714,86.714,85.861,86.347,29365,0
2018-03-09,17:00:00,86.456,86.753,86.288,86.555,70655,0
2018-03-09,18:00:00,86.545,86.753,86.218,86.525,67275,0
2018-03-09,19:00:00,86.506,86.981,86.406,86.615,35765,0
2018-03-09,20:00:00,86.634,86.813,86.575,86.694,49559,0
2018-03-09,21:00:00,86.694,86.942,86.555,86.862,50201,0
2018-03-09,22:00:00,86.902,87.408,86.654,87.408,272344,0
2018-03-12,15:00:00,87.477,87.477,86.848,87.041,48373,0
2018-03-12,16:00:00,87.11,87.289,86.634,86.803,97214,0
2018-03-12,17:00:00,86.783,86.981,86.595,86.922,97142,0
2018-03-12,18:00:00,86.922,86.942,86.664,86.753,33953,0
2018-03-12,19:00:00,86.753,87.189,86.753,86.971,101663,0
2018-03-12,20:00:00,86.962,87.289,86.516,86.625,250835,0
2018-03-12,21:00:00,86.634,86.971,86.634,86.783,303407,0
2018-03-13,15:00:00,87.001,87.457,86.892,86.947,194562,0
2018-03-13,16:00:00,86.912,87.199,86.364,87.051,238922,0
2018-03-13,17:00:00,87.09,87.398,86.813,87.368,70721,0
2018-03-13,18:00:00,87.279,87.427,87.071,87.199,197669,0
2018-03-13,19:00:00,87.239,87.308,87.041,87.279,102138,0
2018-03-13,20:00:00,87.308,87.368,86.783,87.249,194221,0
2018-03-13,21:00:00,87.279,87.333,86.862,87.13,531407,0
2018-03-14,15:00:00,87.34,87.47,86.95,87.04,26189,0
2018-03-14,16:00:00,86.96,87.06,86.095,86.14,120803,0
2018-03-14,17:00:00,86.09,86.41,85.88,85.96,73794,0
2018-03-14,18:00:00,85.99,86.08,85.8161,86.03,56165,0
2018-03-14,19:00:00,86.01,86.11,85.89,86.08,30218,0
2018-03-14,20:00:00,86.0875,86.39,86.04,86.24,66148,0
2018-03-14,21:00:00,86.24,86.32,86.07,86.16,428337,0
2018-03-15,15:00:00,85.93,86.47,85.79,86.05,26979,0
2018-03-15,16:00:00,86.035,86.2,85.79,85.96,32984,0
2018-03-15,17:00:00,85.95,86.14,85.84,86.02,44737,0
2018-03-15,18:00:00,86.0275,86.185,85.94,85.94,39719,0
2018-03-15,19:00:00,85.99,86.22,85.83,85.87,42550,0
2018-03-15,20:00:00,85.895,86.08,85.64,86.07,108341,0
2018-03-15,21:00:00,86.09,86.39,85.96,86.23,454905,0
2018-03-16,15:00:00,85.96,86.28,85.715,85.9571,199820,0
2018-03-16,16:00:00,85.91,86.05,85.76,85.84,79167,0
2018-03-16,17:00:00,85.85,86.14,85.79,86,192873,0
2018-03-16,18:00:00,86,86.13,85.88,86.005,179229,0
2018-03-16,19:00:00,86.01,86.1,85.7,85.74,84403,0
2018-03-16,20:00:00,85.73,85.92,85.72,85.84,74568,0
2018-03-16,21:00:00,85.88,86.25,85.82,85.98,554318,0
2018-03-19,15:00:00,85.98,86,85.44,85.975,48886,0
2018-03-19,16:00:00,85.975,86.02,85.62,85.66,159028,0
2018-03-19,17:00:00,85.66,85.66,85.21,85.28,111822,0
2018-03-19,18:00:00,85.27,85.31,84.925,84.98,81982,0
2018-03-19,19:00:00,84.96,84.99,84.7,84.92,147978,0
2018-03-19,20:00:00,84.9125,84.92,84.56,84.615,86744,0
2018-03-19,21:00:00,84.62,85.17,84.38,85.1,323848,0
2018-03-20,15:00:00,85.34,86.06,84.99,85.39,62331,0
2018-03-20,16:00:00,85.41,86.17,85.28,85.71,99141,0
2018-03-20,17:00:00,85.728,85.88,85.38,85.54,64666,0
2018-03-20,18:00:00,85.53,85.6,85.22,85.54,107606,0
2018-03-20,19:00:00,85.55,85.6,85.36,85.49,36122,0
2018-03-20,20:00:00,85.45,85.6,85.2,85.58,106396,0
2018-03-20,21:00:00,85.59,85.6,85.33,85.52,212921,0
2018-03-21,15:00:00,85.43,85.52,84.46,84.905,44913,0
2018-03-21,16:00:00,84.97,85.58,84.89,85.25,89615,0
2018-03-21,17:00:00,85.3,85.74,85.25,85.345,56261,0
2018-03-21,18:00:00,85.39,85.46,84.94,85.365,172255,0
2018-03-21,19:00:00,85.4,85.84,85.4,85.79,44066,0
2018-03-21,20:00:00,85.86,86.14,84.76,85.17,95855,0
2018-03-21,21:00:00,85.19,85.4989,85.13,85.19,163037,0
2018-03-22,15:00:00,85.18,85.73,84.685,85.17,41525,0
2018-03-22,16:00:00,85.12,85.44,84.89,85.44,88705,0
2018-03-22,17:00:00,85.44,85.555,85.27,85.385,72226,0
2018-03-22,18:00:00,85.3501,85.49,85.18,85.27,77236,0
2018-03-22,19:00:00,85.27,85.42,85.17,85.215,67532,0
2018-03-22,20:00:00,85.2157,85.24,84.87,85.04,72027,0
2018-03-22,21:00:00,85.05,85.24,84.23,84.31,345824,0
2018-03-23,15:00:00,84.11,84.63,83.96,84.3,52743,0
2018-03-23,16:00:00,84.26,84.64,84.15,84.61,57802,0
2018-03-23,17:00:00,84.63,84.7,84.1,84.14,61948,0
2018-03-23,18:00:00,84.11,84.37,83.995,84.12,44466,0
2018-03-23,19:00:00,84.08,84.22,83.82,83.88,56228,0
2018-03-23,20:00:00,83.87,83.96,83.49,83.53,113347,0
2018-03-23,21:00:00,83.55,83.55,82.8,82.98,288347,0
2018-03-26,16:00:00,83.67,83.995,82.91,82.91,118512,0
2018-03-26,17:00:00,82.96,84.05,82.87,83.74,194467,0
2018-03-26,18:00:00,83.66,83.8,83.3,83.74,160181,0
2018-03-26,19:00:00,83.74,83.77,83.08,83.25,95644,0
2018-03-26,20:00:00,83.25,83.87,83.21,83.62,142477,0
2018-03-26,21:00:00,83.71,84.08,83.67,83.68,142777,0
2018-03-26,22:00:00,83.68,84.56,83.65,84.36,249959,0
2018-03-27,16:00:00,84.37,84.72,83.45,84.72,68393,0
2018-03-27,17:00:00,84.66,85.63,84.65,85.39,138126,0
2018-03-27,18:00:00,85.39,85.9,85.3,85.86,85847,0
2018-03-27,19:00:00,85.89,86.09,85.79,85.84,71510,0
2018-03-27,20:00:00,85.83,86.38,85.83,86.38,119631,0
2018-03-27,21:00:00,86.355,86.67,86.27,86.31,65129,0
2018-03-27,22:00:00,86.27,86.29,85.35,85.55,333497,0
2018-03-28,16:00:00,85.97,87.49,85.675,87.38,65761,0
2018-03-28,17:00:00,87.41,87.51,86.89,87.08,100467,0
2018-03-28,18:00:00,87.105,87.15,86.29,86.56,86664,0
2018-03-28,19:00:00,86.55,87.49,86.535,87.22,124840,0
2018-03-28,20:00:00,87.18,87.39,86.95,87.12,108852,0
2018-03-28,21:00:00,87.13,87.8,87.03,87.5,146398,0
2018-03-28,22:00:00,87.5,87.66,87.24,87.36,281179,0
2018-03-29,16:00:00,87.16,87.62,86.48,86.52,60729,0
2018-03-29,17:00:00,86.46,86.67,85.74,86.2,86382,0
2018-03-29,18:00:00,86.22,87,86.15,86.96,92686,0
2018-03-29,19:00:00,86.97,87.6,86.775,87.56,89043,0
2018-03-29,20:00:00,87.56,87.62,87.1,87.2,123509,0
2018-03-29,21:00:00,87.17,87.73,87.08,87.08,108577,0
2018-03-29,22:00:00,87.06,87.64,86.86,87.36,404022,0
