Date,Time,Open,High,Low,Close,Volume,OpenInt
2017-09-05,16:00:00,4.96,5.05,4.945,4.98,318132,0
2017-09-05,17:00:00,4.98,5.04,4.935,5.0161,252604,0
2017-09-05,18:00:00,5.015,5.015,4.96,4.96,148419,0
2017-09-05,19:00:00,4.965,4.9778,4.92,4.94,154197,0
2017-09-05,20:00:00,4.94,4.98,4.93,4.965,82933,0
2017-09-05,21:00:00,4.965,5.02,4.955,5.005,273667,0
2017-09-05,22:00:00,5.01,5.02,4.99,5.01,362623,0
2017-09-06,16:00:00,5.01,5.04,4.985,5.035,93732,0
2017-09-06,17:00:00,5.04,5.11,4.973,5.0399,314835,0
2017-09-06,18:00:00,5.05,5.1,5.03,5.04,135601,0
2017-09-06,19:00:00,5.04,5.045,4.985,5,102547,0
2017-09-06,20:00:00,4.99,5,4.92,4.96,166555,0
2017-09-06,21:00:00,4.96,4.97,4.93,4.965,102626,0
2017-09-06,22:00:00,4.965,4.99,4.95,4.97,203025,0
2017-09-07,16:00:00,5.06,5.08,5,5.04,76567,0
2017-09-07,17:00:00,5.03,5.14,5.02,5.12,332681,0
2017-09-07,18:00:00,5.12,5.19,5.115,5.13,231838,0
2017-09-07,19:00:00,5.14,5.17,5.11,5.125,111098,0
2017-09-07,20:00:00,5.12,5.147,5.1,5.11,150471,0
2017-09-07,21:00:00,5.105,5.12,5.09,5.12,72826,0
2017-09-07,22:00:00,5.12,5.18,5.105,5.18,298374,0
2017-09-08,16:00:00,5.19,5.27,5.105,5.125,253596,0
2017-09-08,17:00:00,5.12,5.16,5.065,5.08,210309,0
2017-09-08,18:00:00,5.085,5.105,5.05,5.08,149063,0
2017-09-08,19:00:00,5.08,5.1,5.01,5.03,164923,0
2017-09-08,20:00:00,5.0277,5.06,5.02,5.05,79719,0
2017-09-08,21:00:00,5.05,5.08,5.03,5.06,89239,0
2017-09-08,22:00:00,5.07,5.1,5.05,5.07,164488,0
2017-09-11,16:00:00,4.96,4.99,4.92,4.95,133215,0
2017-09-11,17:00:00,4.9425,4.97,4.89,4.895,157294,0
2017-09-11,18:00:00,4.895,4.9,4.85,4.88,117315,0
2017-09-11,19:00:00,4.88,4.89,4.86,4.885,93898,0
2017-09-11,20:00:00,4.89,4.89,4.82,4.83,135582,0
2017-09-11,21:00:00,4.825,4.835,4.8,4.815,106200,0
2017-09-11,22:00:00,4.82,4.825,4.79,4.81,248777,0
2017-09-12,16:00:00,4.82,4.89,4.8,4.89,69007,0
2017-09-12,17:00:00,4.89,4.93,4.8882,4.92,81367,0
2017-09-12,18:00:00,4.93,4.93,4.88,4.91,48148,0
2017-09-12,19:00:00,4.915,4.915,4.87,4.91,43566,0
2017-09-12,20:00:00,4.91,4.93,4.9,4.91,42193,0
2017-09-12,21:00:00,4.9,4.95,4.89,4.925,96737,0
2017-09-12,22:00:00,4.93,4.99,4.92,4.96,268870,0
2017-09-13,16:00:00,4.93,4.95,4.88,4.88,65432,0
2017-09-13,17:00:00,4.88,4.89,4.78,4.805,206809,0
2017-09-13,18:00:00,4.8,4.82,4.77,4.81,122083,0
2017-09-13,19:00:00,4.82,4.82,4.79,4.8,71865,0
2017-09-13,20:00:00,4.81,4.83,4.795,4.81,68658,0
2017-09-13,21:00:00,4.805,4.825,4.8,4.8,57240,0
2017-09-13,22:00:00,4.8,4.825,4.8,4.81,168807,0
2017-09-14,16:00:00,4.81,4.87,4.79,4.855,74811,0
2017-09-14,17:00:00,4.855,4.88,4.825,4.83,58728,0
2017-09-14,18:00:00,4.835,4.84,4.8,4.81,32794,0
2017-09-14,19:00:00,4.81,4.815,4.79,4.79,99326,0
2017-09-14,20:00:00,4.79,4.88,4.79,4.8645,59468,0
2017-09-14,21:00:00,4.86,4.87,4.83,4.85,91373,0
2017-09-14,22:00:00,4.85,4.86,4.825,4.84,145850,0
2017-09-15,16:00:00,4.83,4.845,4.785,4.79,61551,0
2017-09-15,17:00:00,4.79,4.82,4.76,4.785,92077,0
2017-09-15,18:00:00,4.78,4.835,4.755,4.81,112098,0
2017-09-15,19:00:00,4.81,4.82,4.785,4.7999,81768,0
2017-09-15,20:00:00,4.795,4.8,4.76,4.775,45447,0
2017-09-15,21:00:00,4.78,4.8,4.77,4.77,96502,0
2017-09-15,22:00:00,4.77,4.78,4.75,4.75,961911,0
2017-09-18,16:00:00,4.7,4.735,4.68,4.7205,76570,0
2017-09-18,17:00:00,4.73,4.76,4.7,4.7,158887,0
2017-09-18,18:00:00,4.7,4.72,4.68,4.69,185450,0
2017-09-18,19:00:00,4.685,4.69,4.65,4.66,148954,0
2017-09-18,20:00:00,4.665,4.67,4.63,4.63,167327,0
2017-09-18,21:00:00,4.63,4.654,4.6,4.63,170433,0
2017-09-18,22:00:00,4.63,4.65,4.59,4.6,356820,0
2017-09-19,16:00:00,4.6,4.71,4.6,4.69,140600,0
2017-09-19,17:00:00,4.685,4.73,4.68,4.705,102086,0
2017-09-19,18:00:00,4.705,4.72,4.67,4.69,121725,0
2017-09-19,19:00:00,4.69,4.7,4.64,4.66,130513,0
2017-09-19,20:00:00,4.66,4.69,4.6599,4.685,27300,0
2017-09-19,21:00:00,4.685,4.715,4.68,4.705,160985,0
2017-09-19,22:00:00,4.705,4.73,4.694,4.71,299958,0
2017-09-20,16:00:00,4.71,4.775,4.71,4.775,49201,0
2017-09-20,17:00:00,4.7737,4.83,4.77,4.82,108463,0
2017-09-20,18:00:00,4.82,4.85,4.81,4.82,59569,0
2017-09-20,19:00:00,4.83,4.855,4.82,4.85,36516,0
2017-09-20,20:00:00,4.85,4.87,4.83,4.84,76288,0
2017-09-20,21:00:00,4.84,4.84,4.635,4.715,530483,0
2017-09-20,22:00:00,4.71,4.71,4.665,4.67,351804,0
2017-09-21,16:00:00,4.6,4.76,4.59,4.725,169075,0
2017-09-21,17:00:00,4.725,4.7499,4.67,4.7,151639,0
2017-09-21,18:00:00,4.6963,4.74,4.695,4.735,107362,0
2017-09-21,19:00:00,4.73,4.7467,4.67,4.69,130621,0
2017-09-21,20:00:00,4.6879,4.7,4.65,4.67,108653,0
2017-09-21,21:00:00,4.665,4.67,4.64,4.65,72363,0
2017-09-21,22:00:00,4.65,4.66,4.62,4.62,332328,0
2017-09-22,16:00:00,4.65,4.69,4.64,4.68,70686,0
2017-09-22,17:00:00,4.67,4.69,4.66,4.685,124172,0
2017-09-22,18:00:00,4.6813,4.7,4.6813,4.7,49376,0
2017-09-22,19:00:00,4.69,4.695,4.6415,4.65,72434,0
2017-09-22,20:00:00,4.649,4.655,4.64,4.645,39236,0
2017-09-22,21:00:00,4.64,4.7,4.62,4.695,138970,0
2017-09-22,22:00:00,4.7,4.7,4.67,4.68,232901,0
2017-09-25,16:00:00,4.68,4.765,4.66,4.745,134373,0
2017-09-25,17:00:00,4.745,4.75,4.69,4.725,146110,0
2017-09-25,18:00:00,4.725,4.75,4.71,4.73,306457,0
2017-09-25,19:00:00,4.73,4.78,4.73,4.76,287232,0
2017-09-25,20:00:00,4.765,4.77,4.72,4.77,90323,0
2017-09-25,21:00:00,4.775,4.79,4.7504,4.755,110637,0
2017-09-25,22:00:00,4.755,4.77,4.73,4.73,253067,0
2017-09-26,16:00:00,4.67,4.72,4.67,4.705,113419,0
2017-09-26,17:00:00,4.705,4.72,4.67,4.675,133866,0
2017-09-26,18:00:00,4.679,4.69,4.62,4.63,212758,0
2017-09-26,19:00:00,4.63,4.63,4.54,4.58,182054,0
2017-09-26,20:00:00,4.58,4.62,4.57,4.6,125788,0
2017-09-26,21:00:00,4.61,4.62,4.57,4.575,62519,0
2017-09-26,22:00:00,4.575,4.58,4.54,4.55,235873,0
2017-09-27,16:00:00,4.5,4.54,4.45,4.47,196259,0
2017-09-27,17:00:00,4.465,4.49,4.45,4.47,152198,0
2017-09-27,18:00:00,4.46,4.47,4.42,4.42,166012,0
2017-09-27,19:00:00,4.425,4.45,4.41,4.425,118719,0
2017-09-27,20:00:00,4.42,4.43,4.4,4.4,113079,0
2017-09-27,21:00:00,4.4,4.41,4.38,4.39,211443,0
2017-09-27,22:00:00,4.39,4.39,4.36,4.36,421246,0
2017-09-28,16:00:00,4.38,4.435,4.37,4.405,126702,0
2017-09-28,17:00:00,4.4,4.4,4.35,4.37,115560,0
2017-09-28,18:00:00,4.37,4.4,4.36,4.395,144372,0
2017-09-28,19:00:00,4.39,4.48,4.39,4.45,147855,0
2017-09-28,20:00:00,4.455,4.4699,4.44,4.447,37122,0
2017-09-28,21:00:00,4.45,4.48,4.44,4.47,73177,0
2017-09-28,22:00:00,4.46,4.47,4.43,4.44,119224,0
2017-09-29,16:00:00,4.46,4.46,4.4,4.4,78945,0
2017-09-29,17:00:00,4.395,4.43,4.39,4.41,103383,0
2017-09-29,18:00:00,4.405,4.41,4.39,4.395,41596,0
2017-09-29,19:00:00,4.395,4.415,4.38,4.386,41483,0
2017-09-29,20:00:00,4.39,4.41,4.36,4.39,62586,0
2017-09-29,21:00:00,4.39,4.41,4.39,4.395,30911,0
2017-09-29,22:00:00,4.395,4.415,4.38,4.38,125084,0
2017-10-02,16:00:00,4.38,4.45,4.38,4.4366,104505,0
2017-10-02,17:00:00,4.43,4.5,4.41,4.4599,113423,0
2017-10-02,18:00:00,4.455,4.5,4.445,4.5,66929,0
2017-10-02,19:00:00,4.5,4.55,4.49,4.5,263570,0
2017-10-02,20:00:00,4.5,4.5,4.47,4.48,37856,0
2017-10-02,21:00:00,4.48,4.48,4.47,4.475,12255,0
2017-10-02,22:00:00,4.475,4.48,4.45,4.46,204418,0
2017-10-03,16:00:00,4.47,4.5,4.45,4.4958,54524,0
2017-10-03,17:00:00,4.5,4.525,4.48,4.52,54219,0
2017-10-03,18:00:00,4.52,4.545,4.51,4.53,64113,0
2017-10-03,19:00:00,4.53,4.5399,4.5,4.52,36371,0
2017-10-03,20:00:00,4.52,4.5291,4.49,4.49,31505,0
2017-10-03,21:00:00,4.49,4.5,4.475,4.485,74362,0
2017-10-03,22:00:00,4.485,4.485,4.44,4.45,276874,0
2017-10-04,16:00:00,4.5,4.53,4.49,4.51,60299,0
2017-10-04,17:00:00,4.51,4.6,4.5,4.59,139983,0
2017-10-04,18:00:00,4.595,4.595,4.53,4.535,40150,0
2017-10-04,19:00:00,4.535,4.57,4.53,4.565,39700,0
2017-10-04,20:00:00,4.5646,4.58,4.55,4.58,39505,0
2017-10-04,21:00:00,4.58,4.58,4.555,4.565,118556,0
2017-10-04,22:00:00,4.565,4.59,4.56,4.58,196426,0
2017-10-05,16:00:00,4.59,4.63,4.57,4.625,46978,0
2017-10-05,17:00:00,4.625,4.65,4.61,4.62,93853,0
2017-10-05,18:00:00,4.62,4.629,4.585,4.61,101850,0
2017-10-05,19:00:00,4.605,4.61,4.58,4.585,42956,0
2017-10-05,20:00:00,4.58,4.59,4.57,4.58,29068,0
2017-10-05,21:00:00,4.585,4.59,4.57,4.575,22919,0
2017-10-05,22:00:00,4.575,4.58,4.55,4.56,163877,0
2017-10-06,16:00:00,4.55,4.55,4.47,4.47,57345,0
2017-10-06,17:00:00,4.47,4.62,4.46,4.62,231937,0
2017-10-06,18:00:00,4.62,4.66,4.59,4.635,136160,0
2017-10-06,19:00:00,4.64,4.64,4.58,4.625,85660,0
2017-10-06,20:00:00,4.63,4.645,4.61,4.62,77432,0
2017-10-06,21:00:00,4.62,4.63,4.61,4.625,41431,0
2017-10-06,22:00:00,4.625,4.65,4.61,4.65,268954,0
2017-10-09,16:00:00,4.65,4.73,4.64,4.71,114957,0
2017-10-09,17:00:00,4.71,4.75,4.69,4.75,109340,0
2017-10-09,18:00:00,4.75,4.75,4.71,4.73,72021,0
2017-10-09,19:00:00,4.73,4.73,4.7,4.715,46086,0
2017-10-09,20:00:00,4.72,4.74,4.72,4.735,85703,0
2017-10-09,21:00:00,4.74,4.77,4.73,4.7601,147903,0
2017-10-09,22:00:00,4.765,4.88,4.75,4.86,672047,0
2017-10-10,16:00:00,4.85,4.88,4.8,4.835,153782,0
2017-10-10,17:00:00,4.835,4.84,4.75,4.78,175679,0
2017-10-10,18:00:00,4.78,4.78,4.7,4.73,153961,0
2017-10-10,19:00:00,4.73,4.73,4.68,4.69,66609,0
2017-10-10,20:00:00,4.69,4.72,4.64,4.655,104927,0
2017-10-10,21:00:00,4.659,4.7,4.65,4.69,106140,0
2017-10-10,22:00:00,4.69,4.76,4.685,4.73,305451,0
2017-10-11,16:00:00,4.74,4.765,4.72,4.7301,57061,0
2017-10-11,17:00:00,4.735,4.76,4.65,4.65,75451,0
2017-10-11,18:00:00,4.655,4.665,4.58,4.66,173798,0
2017-10-11,19:00:00,4.66,4.665,4.61,4.635,120297,0
2017-10-11,20:00:00,4.635,4.65,4.62,4.621,102035,0
2017-10-11,21:00:00,4.63,4.705,4.625,4.6715,131626,0
2017-10-11,22:00:00,4.675,4.73,4.674,4.72,186340,0
2017-10-12,16:00:00,4.73,4.73,4.6,4.61,131757,0
2017-10-12,17:00:00,4.61,4.67,4.595,4.655,133733,0
2017-10-12,18:00:00,4.66,4.66,4.63,4.64,133879,0
2017-10-12,19:00:00,4.64,4.66,4.62,4.63,112450,0
2017-10-12,20:00:00,4.63,4.675,4.63,4.665,68759,0
2017-10-12,21:00:00,4.665,4.67,4.64,4.645,58064,0
2017-10-12,22:00:00,4.65,4.67,4.64,4.65,319174,0
2017-10-13,16:00:00,4.7,4.729,4.675,4.69,61821,0
2017-10-13,17:00:00,4.68,4.68,4.63,4.65,130236,0
2017-10-13,18:00:00,4.65,4.65,4.61,4.64,71373,0
2017-10-13,19:00:00,4.65,4.65,4.64,4.64,94851,0
2017-10-13,20:00:00,4.64,4.67,4.62,4.67,126759,0
2017-10-13,21:00:00,4.665,4.67,4.63,4.635,91664,0
2017-10-13,22:00:00,4.635,4.65,4.6199,4.65,485101,0
2017-10-16,16:00:00,4.67,4.67,4.61,4.61,93208,0
2017-10-16,17:00:00,4.6134,4.62,4.48,4.515,459048,0
2017-10-16,18:00:00,4.515,4.52,4.47,4.495,305102,0
2017-10-16,19:00:00,4.495,4.53,4.47,4.505,188741,0
2017-10-16,20:00:00,4.505,4.515,4.47,4.51,137977,0
2017-10-16,21:00:00,4.505,4.51,4.47,4.47,198045,0
2017-10-16,22:00:00,4.4788,4.4788,4.42,4.44,624954,0
2017-10-17,16:00:00,4.41,4.46,4.3976,4.42,103718,0
2017-10-17,17:00:00,4.42,4.43,4.4,4.41,124407,0
2017-10-17,18:00:00,4.41,4.42,4.395,4.415,80746,0
2017-10-17,19:00:00,4.415,4.48,4.41,4.48,82147,0
2017-10-17,20:00:00,4.48,4.48,4.4342,4.435,69016,0
2017-10-17,21:00:00,4.4365,4.4869,4.43,4.46,121869,0
2017-10-17,22:00:00,4.46,4.49,4.46,4.47,166740,0
2017-10-18,16:00:00,4.47,4.5,4.4312,4.445,64297,0
2017-10-18,17:00:00,4.445,4.45,4.42,4.43,42718,0
2017-10-18,18:00:00,4.43,4.43,4.4,4.43,47366,0
2017-10-18,19:00:00,4.43,4.435,4.405,4.41,29208,0
2017-10-18,20:00:00,4.41,4.42,4.41,4.415,16723,0
2017-10-18,21:00:00,4.42,4.43,4.4101,4.4207,26483,0
2017-10-18,22:00:00,4.4207,4.43,4.41,4.41,101581,0
2017-10-19,16:00:00,4.43,4.46,4.4,4.4,64678,0
2017-10-19,17:00:00,4.405,4.44,4.39,4.435,57602,0
2017-10-19,18:00:00,4.44,4.47,4.41,4.41,88247,0
2017-10-19,19:00:00,4.41,4.4296,4.4,4.405,71608,0
2017-10-19,20:00:00,4.405,4.41,4.38,4.385,122430,0
2017-10-19,21:00:00,4.385,4.39,4.36,4.37,125079,0
2017-10-19,22:00:00,4.37,4.38,4.35,4.38,161453,0
2017-10-20,16:00:00,4.35,4.4,4.3301,4.399,146389,0
2017-10-20,17:00:00,4.3938,4.3992,4.34,4.355,103502,0
2017-10-20,18:00:00,4.35,4.35,4.285,4.31,226317,0
2017-10-20,19:00:00,4.309,4.34,4.29,4.34,121104,0
2017-10-20,20:00:00,4.335,4.34,4.325,4.325,35832,0
2017-10-20,21:00:00,4.325,4.34,4.32,4.34,64132,0
2017-10-20,22:00:00,4.34,4.36,4.33,4.36,268758,0
2017-10-23,16:00:00,4.33,4.35,4.2647,4.275,137312,0
2017-10-23,17:00:00,4.28,4.5375,4.275,4.525,1421499,0
2017-10-23,18:00:00,4.525,4.55,4.47,4.545,413825,0
2017-10-23,19:00:00,4.545,4.62,4.53,4.54,418833,0
2017-10-23,20:00:00,4.54,4.57,4.53,4.5664,219007,0
2017-10-23,21:00:00,4.565,4.5966,4.5525,4.589,232403,0
2017-10-23,22:00:00,4.5853,4.66,4.57,4.61,737792,0
2017-10-24,16:00:00,4.65,4.65,4.45,4.46,245222,0
2017-10-24,17:00:00,4.465,4.54,4.465,4.5,233377,0
2017-10-24,18:00:00,4.5,4.52,4.49,4.515,51585,0
2017-10-24,19:00:00,4.51,4.56,4.51,4.54,140569,0
2017-10-24,20:00:00,4.54,4.55,4.52,4.5358,54402,0
2017-10-24,21:00:00,4.535,4.56,4.51,4.56,70876,0
2017-10-24,22:00:00,4.56,4.575,4.53,4.55,337349,0
2017-10-25,16:00:00,4.52,4.54,4.49,4.54,67013,0
2017-10-25,17:00:00,4.54,4.54,4.48,4.54,109722,0
2017-10-25,18:00:00,4.535,4.54,4.46,4.47,100951,0
2017-10-25,19:00:00,4.475,4.51,4.46,4.4825,96193,0
2017-10-25,20:00:00,4.48,4.49,4.47,4.48,59296,0
2017-10-25,21:00:00,4.4796,4.49,4.46,4.485,72771,0
2017-10-25,22:00:00,4.49,4.495,4.44,4.44,382589,0
2017-10-26,16:00:00,4.46,4.46,4.4,4.4001,73455,0
2017-10-26,17:00:00,4.4,4.46,4.39,4.42,80043,0
2017-10-26,18:00:00,4.43,4.43,4.39,4.4,75907,0
2017-10-26,19:00:00,4.41,4.41,4.32,4.35,173457,0
2017-10-26,20:00:00,4.34,4.35,4.3,4.3021,108063,0
2017-10-26,21:00:00,4.3,4.31,4.28,4.305,100050,0
2017-10-26,22:00:00,4.3,4.31,4.26,4.26,638962,0
2017-10-27,16:00:00,4.24,4.25,4.16,4.19,138566,0
2017-10-27,17:00:00,4.1853,4.28,4.18,4.26,154527,0
2017-10-27,18:00:00,4.26,4.3,4.23,4.29,97974,0
2017-10-27,19:00:00,4.29,4.31,4.27,4.29,72375,0
2017-10-27,20:00:00,4.285,4.31,4.28,4.31,45152,0
2017-10-27,21:00:00,4.31,4.35,4.31,4.35,76920,0
2017-10-27,22:00:00,4.3452,4.36,4.31,4.31,261655,0
2017-10-30,15:00:00,4.29,4.37,4.2842,4.36,58013,0
2017-10-30,16:00:00,4.35,4.37,4.345,4.355,92867,0
2017-10-30,17:00:00,4.35,4.355,4.311,4.335,70755,0
2017-10-30,18:00:00,4.3327,4.375,4.33,4.36,51419,0
2017-10-30,19:00:00,4.3501,4.36,4.33,4.34,36896,0
2017-10-30,20:00:00,4.3301,4.35,4.3301,4.34,34103,0
2017-10-30,21:00:00,4.335,4.37,4.335,4.34,183352,0
2017-10-31,15:00:00,4.31,4.31,4.22,4.25,71278,0
2017-10-31,16:00:00,4.2599,4.26,4.22,4.24,57815,0
2017-10-31,17:00:00,4.2347,4.25,4.22,4.22,44560,0
2017-10-31,18:00:00,4.22,4.23,4.19,4.2151,97921,0
2017-10-31,19:00:00,4.215,4.25,4.2,4.23,88253,0
2017-10-31,20:00:00,4.225,4.245,4.22,4.23,41701,0
2017-10-31,21:00:00,4.23,4.24,4.21,4.22,208980,0
2017-11-01,15:00:00,4.25,4.265,4.23,4.25,78923,0
2017-11-01,16:00:00,4.255,4.34,4.25,4.31,93679,0
2017-11-01,17:00:00,4.31,4.34,4.3,4.325,50187,0
2017-11-01,18:00:00,4.325,4.33,4.31,4.32,34937,0
2017-11-01,19:00:00,4.325,4.34,4.29,4.3,59741,0
2017-11-01,20:00:00,4.31,4.35,4.25,4.27,154399,0
2017-11-01,21:00:00,4.27,4.3,4.265,4.28,432691,0
2017-11-02,15:00:00,4.3,4.33,4.27,4.325,71575,0
2017-11-02,16:00:00,4.32,4.3899,4.301,4.3201,152039,0
2017-11-02,17:00:00,4.325,4.34,4.31,4.34,55304,0
2017-11-02,18:00:00,4.34,4.35,4.285,4.295,247603,0
2017-11-02,19:00:00,4.3,4.33,4.2825,4.315,62963,0
2017-11-02,20:00:00,4.315,4.315,4.27,4.3,105458,0
2017-11-02,21:00:00,4.3,4.3048,4.285,4.29,102473,0
2017-11-03,15:00:00,4.33,4.36,4.29,4.325,90509,0
2017-11-03,16:00:00,4.32,4.33,4.22,4.235,154169,0
2017-11-03,17:00:00,4.23,4.265,4.23,4.26,64616,0
2017-11-03,18:00:00,4.255,4.28,4.25,4.25,84744,0
2017-11-03,19:00:00,4.26,4.28,4.235,4.24,43307,0
2017-11-03,20:00:00,4.2401,4.25,4.185,4.2,148445,0
2017-11-03,21:00:00,4.195,4.215,4.17,4.19,387735,0
2017-11-06,16:00:00,4.19,4.25,4.19,4.245,66026,0
2017-11-06,17:00:00,4.245,4.32,4.22,4.3,127104,0
2017-11-06,18:00:00,4.3,4.36,4.29,4.335,111566,0
2017-11-06,19:00:00,4.335,4.35,4.3,4.33,90400,0
2017-11-06,20:00:00,4.32,4.35,4.3,4.35,34155,0
2017-11-06,21:00:00,4.35,4.37,4.32,4.33,136651,0
2017-11-06,22:00:00,4.33,4.35,4.305,4.33,247638,0
2017-11-07,16:00:00,4.29,4.305,4.245,4.29,65892,0
2017-11-07,17:00:00,4.2871,4.29,4.24,4.275,69577,0
2017-11-07,19:00:00,4.281,4.31,4.27,4.27,53842,0
2017-11-07,20:00:00,4.27,4.29,4.26,4.27,45285,0
2017-11-07,21:00:00,4.26,4.27,4.25,4.27,28871,0
2017-11-07,22:00:00,4.265,4.29,4.26,4.28,105808,0
2017-11-08,16:00:00,4.33,4.36,4.3,4.335,111307,0
2017-11-08,17:00:00,4.335,4.375,4.315,4.32,142570,0
2017-11-08,18:00:00,4.325,4.35,4.31,4.315,190430,0
2017-11-08,19:00:00,4.315,4.34,4.29,4.29,116386,0
2017-11-08,20:00:00,4.29,4.295,4.25,4.28,127051,0
2017-11-08,21:00:00,4.275,4.32,4.26,4.32,77158,0
2017-11-08,22:00:00,4.315,4.32,4.29,4.29,194238,0
2017-11-09,16:00:00,4.2,4.37,4.19,4.33,193081,0
2017-11-09,17:00:00,4.33,4.335,4.215,4.235,94683,0
2017-11-09,18:00:00,4.235,4.3,4.235,4.26,54454,0
2017-11-09,19:00:00,4.265,4.3183,4.24,4.295,72134,0
2017-11-09,20:00:00,4.3,4.32,4.28,4.285,39934,0
2017-11-09,21:00:00,4.285,4.32,4.255,4.3,158408,0
2017-11-09,22:00:00,4.3,4.33,4.295,4.33,275307,0
2017-11-10,16:00:00,4.31,4.32,4.265,4.285,59498,0
2017-11-10,17:00:00,4.29,4.31,4.22,4.22,168245,0
2017-11-10,18:00:00,4.225,4.23,4.13,4.165,296635,0
2017-11-10,19:00:00,4.16,4.2058,4.13,4.19,357565,0
2017-11-10,20:00:00,4.195,4.1999,4.165,4.165,183277,0
2017-11-10,21:00:00,4.17,4.18,4.11,4.125,382472,0
2017-11-10,22:00:00,4.125,4.13,4.06,4.08,498733,0
2017-11-13,16:00:00,4.08,4.08,4.03,4.04,88196,0
2017-11-13,17:00:00,4.05,4.08,4.04,4.06,125943,0
2017-11-13,18:00:00,4.055,4.11,4.03,4.085,233357,0
2017-11-13,19:00:00,4.08,4.09,4.055,4.07,141533,0
2017-11-13,20:00:00,4.065,4.14,4.06,4.115,135802,0
2017-11-13,21:00:00,4.115,4.17,4.09,4.155,156203,0
2017-11-13,22:00:00,4.15,4.2075,4.14,4.16,386237,0
2017-11-14,16:00:00,4.12,4.155,4.105,4.105,49778,0
2017-11-14,17:00:00,4.1,4.17,4.09,4.1,123065,0
2017-11-14,18:00:00,4.1,4.1,4.055,4.07,122815,0
2017-11-14,19:00:00,4.07,4.08,4.05,4.065,37797,0
2017-11-14,20:00:00,4.06,4.1,4.06,4.0642,43261,0
2017-11-14,21:00:00,4.065,4.1,4.05,4.085,109242,0
2017-11-14,22:00:00,4.085,4.09,4.05,4.05,207373,0
2017-11-15,16:00:00,4.09,4.185,4.07,4.135,160726,0
2017-11-15,17:00:00,4.135,4.15,4.07,4.115,137344,0
2017-11-15,18:00:00,4.12,4.12,4.08,4.09,91407,0
2017-11-15,19:00:00,4.0807,4.11,4.08,4.105,28935,0
2017-11-15,20:00:00,4.11,4.12,4.1,4.105,29124,0
2017-11-15,21:00:00,4.105,4.11,4.075,4.08,62912,0
2017-11-15,22:00:00,4.08,4.12,4.07,4.1,307864,0
2017-11-16,16:00:00,4.11,4.17,4.09,4.145,74188,0
2017-11-16,17:00:00,4.14,4.16,4.13,4.145,44723,0
2017-11-16,18:00:00,4.14,4.16,4.1,4.11,65448,0
2017-11-16,19:00:00,4.1107,4.12,4.1,4.105,52412,0
2017-11-16,20:00:00,4.11,4.13,4.11,4.13,56305,0
2017-11-16,21:00:00,4.13,4.13,4.09,4.115,55724,0
2017-11-16,22:00:00,4.115,4.14,4.1,4.13,141815,0
2017-11-17,16:00:00,4.19,4.21,4.15,4.18,71177,0
2017-11-17,17:00:00,4.18,4.225,4.175,4.21,89749,0
2017-11-17,18:00:00,4.215,4.23,4.2,4.225,93547,0
2017-11-17,19:00:00,4.2241,4.27,4.22,4.265,85164,0
2017-11-17,20:00:00,4.27,4.29,4.24,4.25,92511,0
2017-11-17,21:00:00,4.25,4.28,4.25,4.27,72513,0
2017-11-17,22:00:00,4.28,4.29,4.26,4.27,907150,0
2017-11-20,16:00:00,4.23,4.29,4.211,4.27,94963,0
2017-11-20,17:00:00,4.27,4.33,4.26,4.33,78418,0
2017-11-20,18:00:00,4.325,4.34,4.29,4.33,106719,0
2017-11-20,19:00:00,4.325,4.34,4.31,4.32,80853,0
2017-11-20,20:00:00,4.32,4.365,4.32,4.355,108460,0
2017-11-20,21:00:00,4.35,4.36,4.33,4.34,64960,0
2017-11-20,22:00:00,4.335,4.35,4.335,4.34,192211,0
2017-11-21,16:00:00,4.26,4.32,4.22,4.265,139310,0
2017-11-21,17:00:00,4.265,4.28,4.21,4.245,133833,0
2017-11-21,18:00:00,4.25,4.26,4.23,4.23,107092,0
2017-11-21,19:00:00,4.235,4.34,4.235,4.285,331503,0
2017-11-21,20:00:00,4.285,4.3,4.261,4.28,113642,0
2017-11-21,21:00:00,4.285,4.285,4.255,4.28,75691,0
2017-11-21,22:00:00,4.28,4.29,4.26,4.29,166100,0
2017-11-22,16:00:00,4.32,4.3235,4.28,4.28,85115,0
2017-11-22,17:00:00,4.28,4.38,4.255,4.345,323074,0
2017-11-22,18:00:00,4.34,4.39,4.34,4.3847,100982,0
2017-11-22,19:00:00,4.39,4.4,4.375,4.385,98759,0
2017-11-22,20:00:00,4.39,4.4,4.36,4.37,87056,0
2017-11-22,21:00:00,4.37,4.46,4.37,4.45,328077,0
2017-11-22,22:00:00,4.444,4.444,4.41,4.42,293990,0
2017-11-24,16:00:00,4.41,4.43,4.33,4.3311,98098,0
2017-11-24,17:00:00,4.33,4.33,4.25,4.3,178197,0
2017-11-24,18:00:00,4.3,4.3,4.23,4.26,120130,0
2017-11-24,19:00:00,4.27,4.285,4.25,4.26,166953,0
2017-11-24,20:00:00,4.265,4.27,4.265,4.27,15422,0
2017-11-27,16:00:00,4.35,4.35,4.235,4.27,138195,0
2017-11-27,17:00:00,4.27,4.27,4.23,4.25,91242,0
2017-11-27,18:00:00,4.24,4.28,4.24,4.24,83172,0
2017-11-27,19:00:00,4.245,4.26,4.23,4.2305,33947,0
2017-11-27,20:00:00,4.23,4.2572,4.23,4.255,34760,0
2017-11-27,21:00:00,4.255,4.2899,4.2542,4.275,56128,0
2017-11-27,22:00:00,4.275,4.29,4.26,4.28,179124,0
2017-11-28,16:00:00,4.28,4.28,4.21,4.235,85292,0
2017-11-28,17:00:00,4.2342,4.28,4.22,4.2495,114336,0
2017-11-28,18:00:00,4.25,4.3,4.25,4.29,61430,0
2017-11-28,19:00:00,4.295,4.33,4.28,4.305,202824,0
2017-11-28,20:00:00,4.3,4.34,4.29,4.33,128606,0
2017-11-28,21:00:00,4.34,4.35,4.3,4.315,93259,0
2017-11-28,22:00:00,4.315,4.33,4.29,4.32,210803,0
2017-11-29,16:00:00,4.28,4.2901,4.21,4.215,301959,0
2017-11-29,17:00:00,4.215,4.245,4.16,4.165,410276,0
2017-11-29,18:00:00,4.165,4.2,4.14,4.185,221940,0
2017-11-29,19:00:00,4.1801,4.2,4.1644,4.171,121091,0
2017-11-29,20:00:00,4.175,4.21,4.17,4.17,115952,0
2017-11-29,21:00:00,4.175,4.19,4.1636,4.17,101196,0
2017-11-29,22:00:00,4.17,4.2,4.16,4.2,212819,0
2017-11-30,16:00:00,4.16,4.2,4.15,4.185,104909,0
2017-11-30,17:00:00,4.19,4.23,4.18,4.21,116211,0
2017-11-30,18:00:00,4.21,4.22,4.17,4.185,60984,0
2017-11-30,19:00:00,4.185,4.185,4.14,4.16,115933,0
2017-11-30,20:00:00,4.16,4.23,4.16,4.19,115928,0
2017-11-30,21:00:00,4.1941,4.23,4.19,4.225,66830,0
2017-11-30,22:00:00,4.2229,4.235,4.2,4.2,293658,0
2017-12-01,16:00:00,4.18,4.22,4.17,4.21,47517,0
2017-12-01,17:00:00,4.21,4.23,4.16,4.215,203162,0
2017-12-01,18:00:00,4.2101,4.29,4.185,4.215,182013,0
2017-12-01,19:00:00,4.215,4.25,4.2,4.22,90231,0
2017-12-01,20:00:00,4.22,4.25,4.18,4.225,123945,0
2017-12-01,21:00:00,4.225,4.24,4.21,4.235,51020,0
2017-12-01,22:00:00,4.24,4.27,4.21,4.21,232540,0
2017-12-04,16:00:00,4.14,4.205,4.14,4.195,114056,0
2017-12-04,17:00:00,4.195,4.26,4.1901,4.245,89693,0
2017-12-04,18:00:00,4.24,4.27,4.215,4.255,78762,0
2017-12-04,19:00:00,4.26,4.28,4.25,4.26,53389,0
2017-12-04,20:00:00,4.2625,4.29,4.25,4.28,66390,0
2017-12-04,21:00:00,4.285,4.29,4.2624,4.275,39586,0
2017-12-04,22:00:00,4.28,4.29,4.255,4.27,133389,0
2017-12-05,16:00:00,4.24,4.26,4.21,4.23,41863,0
2017-12-05,17:00:00,4.24,4.245,4.15,4.17,90462,0
2017-12-05,18:00:00,4.165,4.205,4.16,4.19,98706,0
2017-12-05,19:00:00,4.19,4.215,4.17,4.205,63863,0
2017-12-05,20:00:00,4.205,4.245,4.2,4.22,82165,0
2017-12-05,21:00:00,4.225,4.26,4.225,4.24,92823,0
2017-12-05,22:00:00,4.235,4.27,4.23,4.25,289703,0
2017-12-06,16:00:00,4.2,4.3,4.2,4.265,95651,0
2017-12-06,17:00:00,4.26,4.275,4.22,4.2301,114156,0
2017-12-06,18:00:00,4.235,4.25,4.19,4.2499,183343,0
2017-12-06,19:00:00,4.245,4.31,4.24,4.295,267333,0
2017-12-06,20:00:00,4.295,4.345,4.29,4.32,265755,0
2017-12-06,21:00:00,4.32,4.365,4.31,4.32,534989,0
2017-12-06,22:00:00,4.325,4.37,4.31,4.34,774500,0
2017-12-07,16:00:00,4.25,4.35,4.25,4.2999,99849,0
2017-12-07,17:00:00,4.3,4.31,4.23,4.26,204340,0
2017-12-07,18:00:00,4.26,4.28,4.21,4.28,196572,0
2017-12-07,19:00:00,4.28,4.28,4.23,4.25,98715,0
2017-12-07,20:00:00,4.245,4.25,4.2215,4.235,93063,0
2017-12-07,21:00:00,4.24,4.24,4.17,4.185,159617,0
2017-12-07,22:00:00,4.19,4.2,4.15,4.19,337822,0
2017-12-08,16:00:00,4.2,4.28,4.2,4.27,117334,0
2017-12-08,17:00:00,4.28,4.3,4.24,4.24,111551,0
2017-12-08,18:00:00,4.24,4.26,4.22,4.24,145551,0
2017-12-08,19:00:00,4.24,4.25,4.23,4.235,71366,0
2017-12-08,20:00:00,4.233,4.24,4.22,4.24,57611,0
2017-12-08,21:00:00,4.24,4.28,4.235,4.265,88412,0
2017-12-08,22:00:00,4.26,4.2855,4.2538,4.26,250764,0
2017-12-11,16:00:00,4.27,4.51,4.265,4.51,300160,0
2017-12-11,17:00:00,4.515,4.6,4.495,4.595,331924,0
2017-12-11,18:00:00,4.6,4.65,4.56,4.575,278098,0
2017-12-11,19:00:00,4.57,4.62,4.52,4.535,383635,0
2017-12-11,20:00:00,4.54,4.57,4.49,4.54,136582,0
2017-12-11,21:00:00,4.545,4.56,4.46,4.52,187618,0
2017-12-11,22:00:00,4.515,4.55,4.48,4.52,415402,0
2017-12-12,16:00:00,4.51,4.56,4.47,4.5,102506,0
2017-12-12,17:00:00,4.495,4.53,4.45,4.4555,144160,0
2017-12-12,18:00:00,4.455,4.49,4.44,4.48,325332,0
2017-12-12,19:00:00,4.47,4.5,4.44,4.48,115339,0
2017-12-12,20:00:00,4.49,4.54,4.47,4.48,91890,0
2017-12-12,21:00:00,4.48,4.51,4.45,4.485,180234,0
2017-12-12,22:00:00,4.485,4.595,4.44,4.58,680328,0
2017-12-13,16:00:00,4.57,4.64,4.57,4.61,88185,0
2017-12-13,17:00:00,4.615,4.745,4.61,4.7,250322,0
2017-12-13,18:00:00,4.71,4.78,4.69,4.74,256436,0
2017-12-13,19:00:00,4.7345,4.86,4.73,4.831,251891,0
2017-12-13,20:00:00,4.835,4.87,4.81,4.81,230376,0
2017-12-13,21:00:00,4.805,4.97,4.805,4.925,618672,0
2017-12-13,22:00:00,4.93,4.93,4.85,4.87,385565,0
2017-12-14,16:00:00,4.83,4.89,4.75,4.77,172746,0
2017-12-14,17:00:00,4.7767,4.79,4.71,4.77,152330,0
2017-12-14,18:00:00,4.77,4.84,4.75,4.82,143284,0
2017-12-14,19:00:00,4.82,4.89,4.815,4.84,128255,0
2017-12-14,20:00:00,4.85,4.875,4.82,4.865,95808,0
2017-12-14,21:00:00,4.865,4.91,4.85,4.91,133415,0
2017-12-14,22:00:00,4.91,4.92,4.83,4.83,266233,0
2017-12-15,16:00:00,4.88,4.9,4.81,4.81,58641,0
2017-12-15,17:00:00,4.82,4.84,4.79,4.81,124587,0
2017-12-15,18:00:00,4.81,4.83,4.78,4.81,71160,0
2017-12-15,19:00:00,4.805,4.82,4.74,4.75,191051,0
2017-12-15,20:00:00,4.75,4.81,4.73,4.79,138375,0
2017-12-15,21:00:00,4.795,4.83,4.77,4.78,142702,0
2017-12-15,22:00:00,4.78,4.81,4.77,4.79,1503832,0
2017-12-18,16:00:00,4.85,4.9,4.85,4.89,73261,0
2017-12-18,17:00:00,4.88,4.92,4.855,4.89,227087,0
2017-12-18,18:00:00,4.89,4.9,4.83,4.86,152274,0
2017-12-18,19:00:00,4.8634,4.92,4.8535,4.92,91615,0
2017-12-18,20:00:00,4.915,4.94,4.9,4.91,93904,0
2017-12-18,21:00:00,4.91,4.945,4.87,4.885,87402,0
2017-12-18,22:00:00,4.885,4.91,4.87,4.91,245256,0
2017-12-19,16:00:00,4.88,4.9799,4.85,4.925,102790,0
2017-12-19,17:00:00,4.93,4.99,4.93,4.99,187704,0
2017-12-19,18:00:00,4.985,5.03,4.96,4.98,290409,0
2017-12-19,19:00:00,4.985,5.01,4.93,4.97,365384,0
2017-12-19,20:00:00,4.97,5.02,4.95,4.99,228393,0
2017-12-19,21:00:00,4.98,5,4.95,4.985,103569,0
2017-12-19,22:00:00,4.99,5.06,4.96,5.04,853215,0
2017-12-20,16:00:00,5.08,5.14,5.05,5.135,120073,0
2017-12-20,17:00:00,5.13,5.155,5.09,5.11,124392,0
2017-12-20,18:00:00,5.1114,5.21,5.1114,5.205,192759,0
2017-12-20,19:00:00,5.21,5.27,5.205,5.23,172124,0
2017-12-20,20:00:00,5.23,5.24,5.205,5.215,60104,0
2017-12-20,21:00:00,5.21,5.215,5.175,5.195,129144,0
2017-12-20,22:00:00,5.195,5.225,5.185,5.21,408233,0
2017-12-21,16:00:00,5.2,5.23,5.13,5.155,94702,0
2017-12-21,17:00:00,5.15,5.171,5.12,5.13,123573,0
2017-12-21,18:00:00,5.13,5.185,5.1,5.14,178837,0
2017-12-21,19:00:00,5.142,5.18,5.142,5.155,52356,0
2017-12-21,20:00:00,5.16,5.17,5.14,5.145,52039,0
2017-12-21,21:00:00,5.14,5.16,5.13,5.145,66015,0
2017-12-21,22:00:00,5.15,5.18,5.14,5.16,282087,0
2017-12-22,16:00:00,5.1,5.21,5.1,5.19,120426,0
2017-12-22,17:00:00,5.18,5.23,5.1528,5.2,129220,0
2017-12-22,18:00:00,5.205,5.235,5.2,5.23,187111,0
2017-12-22,19:00:00,5.225,5.225,5.195,5.209,121740,0
2017-12-22,20:00:00,5.205,5.245,5.175,5.24,174901,0
2017-12-22,21:00:00,5.23,5.34,5.22,5.31,320214,0
2017-12-22,22:00:00,5.305,5.31,5.23,5.24,465033,0
2017-12-26,16:00:00,5.32,5.33,5.23,5.235,82565,0
2017-12-26,17:00:00,5.2301,5.27,5.211,5.2518,54315,0
2017-12-26,18:00:00,5.255,5.31,5.24,5.28,96225,0
2017-12-26,19:00:00,5.28,5.31,5.265,5.305,55747,0
2017-12-26,20:00:00,5.31,5.31,5.27,5.2737,52334,0
2017-12-26,21:00:00,5.275,5.3,5.26,5.27,40133,0
2017-12-26,22:00:00,5.275,5.31,5.25,5.28,286811,0
2017-12-27,16:00:00,5.29,5.31,5.2361,5.256,101727,0
2017-12-27,17:00:00,5.26,5.28,5.2,5.24,122894,0
2017-12-27,18:00:00,5.235,5.26,5.22,5.25,33340,0
2017-12-27,19:00:00,5.25,5.26,5.24,5.25,23254,0
2017-12-27,20:00:00,5.2407,5.27,5.23,5.27,51782,0
2017-12-27,21:00:00,5.265,5.29,5.25,5.25,90491,0
2017-12-27,22:00:00,5.255,5.26,5.2,5.22,186198,0
2017-12-28,16:00:00,5.27,5.32,5.23,5.23,45600,0
2017-12-28,17:00:00,5.22,5.24,5.1618,5.185,109033,0
2017-12-28,18:00:00,5.19,5.26,5.19,5.255,76329,0
2017-12-28,19:00:00,5.25,5.28,5.22,5.25,80418,0
2017-12-28,20:00:00,5.25,5.26,5.22,5.22,49029,0
2017-12-28,21:00:00,5.225,5.23,5.21,5.22,38241,0
2017-12-28,22:00:00,5.22,5.24,5.2,5.23,179294,0
2017-12-29,16:00:00,5.25,5.28,5.09,5.15,127773,0
2017-12-29,17:00:00,5.15,5.22,5.125,5.21,92679,0
2017-12-29,18:00:00,5.215,5.25,5.21,5.215,60912,0
2017-12-29,19:00:00,5.21,5.24,5.21,5.21,35478,0
2017-12-29,20:00:00,5.21,5.22,5.195,5.21,50783,0
2017-12-29,21:00:00,5.205,5.25,5.2,5.22,175939,0
2017-12-29,22:00:00,5.22,5.23,5.2,5.22,316276,0
2018-01-02,16:00:00,5.31,5.34,5.25,5.27,170877,0
2018-01-02,17:00:00,5.275,5.3,5.2,5.295,193759,0
2018-01-02,18:00:00,5.295,5.3375,5.29,5.32,92841,0
2018-01-02,19:00:00,5.3167,5.33,5.3048,5.31,50045,0
2018-01-02,20:00:00,5.31,5.3382,5.284,5.315,79153,0
2018-01-02,21:00:00,5.31,5.34,5.3,5.32,79072,0
2018-01-02,22:00:00,5.315,5.34,5.3,5.33,214731,0
2018-01-03,16:00:00,5.31,5.32,5.145,5.23,181446,0
2018-01-03,17:00:00,5.23,5.23,5.15,5.165,281820,0
2018-01-03,18:00:00,5.1675,5.18,5.105,5.155,142225,0
2018-01-03,19:00:00,5.155,5.16,5.13,5.14,97773,0
2018-01-03,20:00:00,5.14,5.17,5.09,5.125,181886,0
2018-01-03,21:00:00,5.13,5.13,4.965,5.04,392956,0
2018-01-03,22:00:00,5.04,5.105,5.01,5.1,467863,0
2018-01-04,16:00:00,5.11,5.11,4.995,5.055,152965,0
2018-01-04,17:00:00,5.055,5.06,5,5.04,139221,0
2018-01-04,18:00:00,5.05,5.09,5.04,5.075,88124,0
2018-01-04,19:00:00,5.08,5.125,5.075,5.12,83963,0
2018-01-04,20:00:00,5.12,5.13,5.07,5.07,64977,0
2018-01-04,21:00:00,5.075,5.14,5.075,5.12,78202,0
2018-01-04,22:00:00,5.121,5.145,5.1,5.14,278060,0
2018-01-05,16:00:00,5.11,5.18,5.04,5.07,54408,0
2018-01-05,17:00:00,5.08,5.1252,5.06,5.065,90205,0
2018-01-05,18:00:00,5.07,5.14,5.06,5.135,58087,0
2018-01-05,19:00:00,5.13,5.15,5.105,5.13,47780,0
2018-01-05,20:00:00,5.1249,5.15,5.1,5.115,48700,0
2018-01-05,21:00:00,5.11,5.15,5.1,5.1,61126,0
2018-01-05,22:00:00,5.1048,5.11,5.065,5.09,135610,0
2018-01-08,16:00:00,5.14,5.2,5.095,5.1,100166,0
2018-01-08,17:00:00,5.11,5.1352,5.09,5.12,59889,0
2018-01-08,18:00:00,5.12,5.12,5.02,5.04,128212,0
2018-01-08,19:00:00,5.03,5.0645,5.03,5.0623,55759,0
2018-01-08,20:00:00,5.06,5.1,5.06,5.09,48536,0
2018-01-08,21:00:00,5.09,5.09,5.055,5.065,52508,0
2018-01-08,22:00:00,5.07,5.07,5.045,5.07,143360,0
2018-01-09,16:00:00,5,5.12,4.91,5.09,199599,0
2018-01-09,17:00:00,5.09,5.145,5.025,5.07,199897,0
2018-01-09,18:00:00,5.07,5.08,5.04,5.05,87301,0
2018-01-09,19:00:00,5.05,5.07,5.03,5.035,54023,0
2018-01-09,20:00:00,5.0301,5.06,5.025,5.04,53188,0
2018-01-09,21:00:00,5.05,5.065,5.02,5.02,54104,0
2018-01-09,22:00:00,5.0236,5.05,5.02,5.03,130812,0
2018-01-10,16:00:00,5.03,5.09,5.0299,5.085,193326,0
2018-01-10,17:00:00,5.085,5.14,5.075,5.1,174560,0
2018-01-10,18:00:00,5.105,5.12,5.065,5.08,65778,0
2018-01-10,19:00:00,5.08,5.105,5.0716,5.095,68247,0
2018-01-10,20:00:00,5.1,5.12,5.0933,5.105,33836,0
2018-01-10,21:00:00,5.105,5.11,5.08,5.095,122250,0
2018-01-10,22:00:00,5.095,5.14,5.095,5.13,212063,0
2018-01-11,16:00:00,5.12,5.16,5.08,5.11,72697,0
2018-01-11,17:00:00,5.115,5.13,5.085,5.105,97089,0
2018-01-11,18:00:00,5.1,5.185,5.1,5.15,121771,0
2018-01-11,19:00:00,5.155,5.17,5.14,5.16,69413,0
2018-01-11,20:00:00,5.16,5.18,5.13,5.145,47346,0
2018-01-11,21:00:00,5.145,5.19,5.145,5.19,57156,0
2018-01-11,22:00:00,5.185,5.2,5.17,5.17,206204,0
2018-01-12,16:00:00,5.26,5.29,5.17,5.23,125175,0
2018-01-12,17:00:00,5.225,5.28,5.22,5.24,104120,0
2018-01-12,18:00:00,5.25,5.29,5.22,5.26,97922,0
2018-01-12,19:00:00,5.26,5.27,5.22,5.23,31976,0
2018-01-12,20:00:00,5.235,5.3062,5.22,5.3,97482,0
2018-01-12,21:00:00,5.3,5.31,5.27,5.2862,82288,0
2018-01-12,22:00:00,5.285,5.31,5.26,5.27,247346,0
2018-01-16,16:00:00,5.26,5.3,5.17,5.19,214057,0
2018-01-16,17:00:00,5.2,5.21,5.13,5.155,215231,0
2018-01-16,18:00:00,5.15,5.17,5.11,5.13,124125,0
2018-01-16,19:00:00,5.14,5.145,5.1,5.1225,87298,0
2018-01-16,20:00:00,5.129,5.15,5.125,5.14,230578,0
2018-01-16,21:00:00,5.14,5.14,5.1,5.11,342530,0
2018-01-16,22:00:00,5.105,5.11,5.1,5.11,223527,0
2018-01-17,16:00:00,5.11,5.17,5,5.01,284613,0
2018-01-17,17:00:00,5.02,5.045,4.99,4.995,287192,0
2018-01-17,18:00:00,5,5.005,4.923,4.93,530858,0
2018-01-17,19:00:00,4.93,4.97,4.92,4.96,118827,0
2018-01-17,20:00:00,4.96,5,4.95,5,273691,0
2018-01-17,21:00:00,4.995,5.01,4.975,4.9794,292433,0
2018-01-17,22:00:00,4.98,4.99,4.94,4.96,346298,0
2018-01-18,16:00:00,5.01,5.01,4.9,4.93,121722,0
2018-01-18,17:00:00,4.93,4.955,4.8601,4.885,277160,0
2018-01-18,18:00:00,4.885,4.905,4.88,4.9,107553,0
2018-01-18,19:00:00,4.9,4.9,4.88,4.8892,200299,0
2018-01-18,20:00:00,4.875,4.88,4.86,4.869,67908,0
2018-01-18,21:00:00,4.865,4.87,4.835,4.86,53743,0
2018-01-18,22:00:00,4.855,4.86,4.8,4.83,408595,0
2018-01-19,16:00:00,4.9,4.92,4.835,4.9,54977,0
2018-01-19,17:00:00,4.9,4.93,4.8975,4.913,217544,0
2018-01-19,18:00:00,4.915,4.92,4.89,4.91,100284,0
2018-01-19,19:00:00,4.905,4.91,4.895,4.91,35756,0
2018-01-19,20:00:00,4.905,4.91,4.9,4.91,95155,0
2018-01-19,21:00:00,4.91,4.91,4.875,4.885,157369,0
2018-01-19,22:00:00,4.89,4.89,4.88,4.88,205634,0
2018-01-22,16:00:00,4.88,4.89,4.829,4.88,74116,0
2018-01-22,17:00:00,4.88,4.905,4.86,4.885,107585,0
2018-01-22,18:00:00,4.88,4.905,4.86,4.87,73393,0
2018-01-22,19:00:00,4.86,4.88,4.845,4.875,54684,0
2018-01-22,20:00:00,4.87,4.89,4.85,4.87,34816,0
2018-01-22,21:00:00,4.88,4.89,4.86,4.86,47605,0
2018-01-22,22:00:00,4.87,4.89,4.87,4.88,63969,0
2018-01-23,16:00:00,4.83,4.85,4.78,4.845,103423,0
2018-01-23,17:00:00,4.845,4.86,4.82,4.8201,74960,0
2018-01-23,18:00:00,4.83,4.84,4.81,4.83,70369,0
2018-01-23,19:00:00,4.835,4.85,4.82,4.847,61632,0
2018-01-23,20:00:00,4.845,4.88,4.82,4.875,49621,0
2018-01-23,21:00:00,4.875,4.92,4.87,4.92,110716,0
2018-01-23,22:00:00,4.92,4.939,4.9,4.93,367829,0
2018-01-24,16:00:00,5,5.05,4.94,4.99,453358,0
2018-01-24,17:00:00,4.99,5.15,4.985,5.07,459110,0
2018-01-24,18:00:00,5.07,5.07,5.02,5.03,90860,0
2018-01-24,19:00:00,5.03,5.07,4.99,5.07,181275,0
2018-01-24,20:00:00,5.07,5.1,5.048,5.1,117561,0
2018-01-24,21:00:00,5.1,5.11,5.05,5.075,117686,0
2018-01-24,22:00:00,5.075,5.11,5.061,5.1,660961,0
2018-01-25,16:00:00,5.12,5.13,5.0001,5.02,97669,0
2018-01-25,17:00:00,5.025,5.11,5.02,5.04,53047,0
2018-01-25,18:00:00,5.04,5.09,5.005,5.09,73383,0
2018-01-25,19:00:00,5.09,5.09,5.075,5.09,37951,0
2018-01-25,20:00:00,5.095,5.12,5.055,5.07,55166,0
2018-01-25,21:00:00,5.065,5.075,4.895,4.935,262462,0
2018-01-25,22:00:00,4.94,4.98,4.88,4.89,542200,0
2018-01-26,16:00:00,4.93,4.97,4.91,4.95,63039,0
2018-01-26,17:00:00,4.96,4.96,4.9,4.9,43889,0
2018-01-26,18:00:00,4.9001,4.94,4.89,4.895,58670,0
2018-01-26,19:00:00,4.9,4.905,4.871,4.9,37959,0
2018-01-26,20:00:00,4.9,4.915,4.884,4.9,66527,0
2018-01-26,21:00:00,4.9,4.91,4.8262,4.845,137070,0
2018-01-26,22:00:00,4.85,4.86,4.84,4.84,147356,0
2018-01-29,16:00:00,4.82,4.82,4.71,4.79,163831,0
2018-01-29,17:00:00,4.79,4.83,4.76,4.78,130334,0
2018-01-29,18:00:00,4.78,4.785,4.72,4.77,119531,0
2018-01-29,19:00:00,4.765,4.7999,4.76,4.79,91895,0
2018-01-29,20:00:00,4.7899,4.8,4.7712,4.79,66491,0
2018-01-29,21:00:00,4.79,4.79,4.76,4.78,83596,0
2018-01-29,22:00:00,4.78,4.78,4.72,4.72,443815,0
2018-01-30,16:00:00,4.78,4.8,4.755,4.77,90048,0
2018-01-30,17:00:00,4.765,4.78,4.7338,4.76,84050,0
2018-01-30,18:00:00,4.7599,4.77,4.715,4.735,99238,0
2018-01-30,19:00:00,4.74,4.76,4.71,4.73,55515,0
2018-01-30,20:00:00,4.725,4.73,4.68,4.72,79145,0
2018-01-30,21:00:00,4.7105,4.73,4.691,4.73,71026,0
2018-01-30,22:00:00,4.725,4.7394,4.68,4.68,274099,0
2018-01-31,16:00:00,4.71,4.7524,4.705,4.74,68727,0
2018-01-31,17:00:00,4.735,4.81,4.735,4.785,172154,0
2018-01-31,18:00:00,4.79,4.79,4.75,4.76,80785,0
2018-01-31,19:00:00,4.76,4.77,4.74,4.745,154946,0
2018-01-31,20:00:00,4.74,4.77,4.73,4.77,44960,0
2018-01-31,21:00:00,4.75,4.8,4.69,4.77,198796,0
2018-01-31,22:00:00,4.765,4.83,4.765,4.8,313452,0
2018-02-01,16:00:00,4.76,4.86,4.74,4.79,156863,0
2018-02-01,17:00:00,4.79,4.805,4.75,4.77,54512,0
2018-02-01,18:00:00,4.77,4.77,4.71,4.735,110247,0
2018-02-01,19:00:00,4.735,4.74,4.7,4.715,40094,0
2018-02-01,20:00:00,4.72,4.77,4.72,4.7411,54233,0
2018-02-01,21:00:00,4.74,4.76,4.715,4.735,114182,0
2018-02-01,22:00:00,4.74,4.8,4.71,4.72,536032,0
2018-02-02,16:00:00,4.63,4.67,4.56,4.575,151483,0
2018-02-02,17:00:00,4.57,4.62,4.531,4.62,132583,0
2018-02-02,18:00:00,4.63,4.63,4.57,4.6,118613,0
2018-02-02,19:00:00,4.605,4.66,4.6,4.64,103925,0
2018-02-02,20:00:00,4.635,4.66,4.59,4.605,76768,0
2018-02-02,21:00:00,4.6,4.605,4.57,4.575,54925,0
2018-02-02,22:00:00,4.57,4.58,4.55,4.56,381860,0
2018-02-05,16:00:00,4.56,4.665,4.515,4.6,108867,0
2018-02-05,17:00:00,4.6,4.65,4.58,4.619,152264,0
2018-02-05,18:00:00,4.61,4.61,4.57,4.585,68115,0
2018-02-05,19:00:00,4.59,4.6,4.56,4.58,66672,0
2018-02-05,20:00:00,4.58,4.61,4.56,4.6,95550,0
2018-02-05,21:00:00,4.6,4.605,4.54,4.55,57020,0
2018-02-05,22:00:00,4.54,4.685,4.52,4.64,624103,0
2018-02-06,16:00:00,4.58,4.66,4.56,4.62,69223,0
2018-02-06,17:00:00,4.63,4.66,4.59,4.6,80860,0
2018-02-06,18:00:00,4.595,4.62,4.58,4.58,90380,0
2018-02-06,19:00:00,4.59,4.62,4.59,4.605,79479,0
2018-02-06,20:00:00,4.605,4.61,4.58,4.585,51370,0
2018-02-06,21:00:00,4.59,4.609,4.54,4.59,87644,0
2018-02-06,22:00:00,4.595,4.6,4.5,4.5,361746,0
2018-02-07,16:00:00,4.5,4.61,4.43,4.5701,116239,0
2018-02-07,17:00:00,4.57,4.59,4.48,4.505,70009,0
2018-02-07,18:00:00,4.505,4.54,4.46,4.48,62126,0
2018-02-07,19:00:00,4.48,4.51,4.45,4.47,106167,0
2018-02-07,20:00:00,4.47,4.51,4.44,4.48,111134,0
2018-02-07,21:00:00,4.47,4.485,4.45,4.47,79728,0
2018-02-07,22:00:00,4.47,4.48,4.45,4.45,305437,0
2018-02-08,16:00:00,4.45,4.57,4.45,4.47,87341,0
2018-02-08,17:00:00,4.47,4.495,4.44,4.48,91168,0
2018-02-08,18:00:00,4.48,4.53,4.46,4.47,116228,0
2018-02-08,19:00:00,4.47,4.54,4.47,4.5262,116099,0
2018-02-08,20:00:00,4.525,4.525,4.465,4.505,132987,0
2018-02-08,21:00:00,4.505,4.54,4.5,4.51,129581,0
2018-02-08,22:00:00,4.51,4.52,4.45,4.46,340097,0
2018-02-09,16:00:00,4.44,4.47,4.395,4.44,110544,0
2018-02-09,17:00:00,4.435,4.44,4.345,4.35,92250,0
2018-02-09,18:00:00,4.34,4.34,4.255,4.29,243259,0
2018-02-09,19:00:00,4.28,4.299,4.2,4.205,250635,0
2018-02-09,20:00:00,4.21,4.26,4.19,4.235,160310,0
2018-02-09,21:00:00,4.24,4.28,4.23,4.26,129292,0
2018-02-09,22:00:00,4.27,4.3,4.245,4.28,442003,0
2018-02-12,16:00:00,4.34,4.56,4.31,4.5,209228,0
2018-02-12,17:00:00,4.5,4.525,4.455,4.515,159658,0
2018-02-12,18:00:00,4.51,4.6,4.49,4.56,128110,0
2018-02-12,19:00:00,4.56,4.6,4.555,4.57,59302,0
2018-02-12,20:00:00,4.57,4.58,4.54,4.57,43355,0
2018-02-12,21:00:00,4.565,4.61,4.561,4.6,54248,0
2018-02-12,22:00:00,4.5905,4.645,4.57,4.59,240067,0
2018-02-13,16:00:00,4.61,4.62,4.545,4.582,58427,0
2018-02-13,17:00:00,4.59,4.63,4.57,4.57,87856,0
2018-02-13,18:00:00,4.57,4.58,4.53,4.535,89629,0
2018-02-13,19:00:00,4.54,4.56,4.54,4.54,21895,0
2018-02-13,20:00:00,4.545,4.55,4.515,4.515,24246,0
2018-02-13,21:00:00,4.515,4.54,4.5,4.53,38330,0
2018-02-13,22:00:00,4.53,4.55,4.52,4.52,113719,0
2018-02-14,16:00:00,4.51,4.65,4.4963,4.62,98229,0
2018-02-14,17:00:00,4.63,4.725,4.6149,4.695,212503,0
2018-02-14,18:00:00,4.7,4.71,4.645,4.6548,98367,0
2018-02-14,19:00:00,4.66,4.695,4.645,4.695,70425,0
2018-02-14,20:00:00,4.7,4.8,4.6943,4.795,319832,0
2018-02-14,21:00:00,4.7965,4.835,4.78,4.795,260247,0
2018-02-14,22:00:00,4.795,4.83,4.79,4.83,272653,0
2018-02-15,16:00:00,4.84,4.8566,4.75,4.81,77464,0
2018-02-15,17:00:00,4.81,4.83,4.72,4.725,135484,0
2018-02-15,18:00:00,4.73,4.75,4.69,4.71,69184,0
2018-02-15,19:00:00,4.71,4.71,4.675,4.705,57509,0
2018-02-15,20:00:00,4.71,4.73,4.69,4.715,49851,0
2018-02-15,21:00:00,4.71,4.75,4.705,4.75,60071,0
2018-02-15,22:00:00,4.75,4.75,4.72,4.75,261154,0
2018-02-16,16:00:00,4.69,4.76,4.685,4.72,148984,0
2018-02-16,17:00:00,4.72,4.73,4.7,4.7,77028,0
2018-02-16,18:00:00,4.7,4.72,4.7,4.71,76302,0
2018-02-16,19:00:00,4.71,4.72,4.7,4.705,101057,0
2018-02-16,20:00:00,4.7,4.72,4.7,4.7,193091,0
2018-02-16,21:00:00,4.7,4.705,4.575,4.605,242222,0
2018-02-16,22:00:00,4.605,4.63,4.595,4.6,565538,0
2018-02-20,16:00:00,4.5,4.57,4.47,4.57,59639,0
2018-02-20,17:00:00,4.56,4.58,4.53,4.57,50879,0
2018-02-20,18:00:00,4.565,4.5663,4.5,4.5,143657,0
2018-02-20,19:00:00,4.505,4.525,4.49,4.495,63133,0
2018-02-20,20:00:00,4.495,4.51,4.4753,4.49,90965,0
2018-02-20,21:00:00,4.49,4.53,4.48,4.5,130833,0
2018-02-20,22:00:00,4.505,4.51,4.46,4.47,249077,0
2018-02-21,16:00:00,4.49,4.73,4.47,4.71,934617,0
2018-02-21,17:00:00,4.71,4.765,4.67,4.725,346864,0
2018-02-21,18:00:00,4.725,4.7558,4.7,4.705,168133,0
2018-02-21,19:00:00,4.7062,4.71,4.67,4.705,99965,0
2018-02-21,20:00:00,4.705,4.71,4.67,4.68,96371,0
2018-02-21,21:00:00,4.68,4.7464,4.61,4.62,263550,0
2018-02-21,22:00:00,4.62,4.62,4.57,4.58,335219,0
2018-02-22,16:00:00,4.6,4.665,4.59,4.625,124477,0
2018-02-22,17:00:00,4.63,4.67,4.61,4.62,86471,0
2018-02-22,18:00:00,4.62,4.68,4.62,4.655,138590,0
2018-02-22,19:00:00,4.655,4.66,4.62,4.62,61834,0
2018-02-22,20:00:00,4.62,4.64,4.585,4.6,49990,0
2018-02-22,21:00:00,4.61,4.62,4.59,4.6,75768,0
2018-02-22,22:00:00,4.6,4.61,4.5764,4.6,106558,0
2018-02-23,16:00:00,4.6,4.6,4.55,4.59,42435,0
2018-02-23,17:00:00,4.59,4.61,4.575,4.5893,37481,0
2018-02-23,18:00:00,4.59,4.61,4.56,4.61,49761,0
2018-02-23,19:00:00,4.61,4.61,4.585,4.6,34724,0
2018-02-23,20:00:00,4.61,4.62,4.59,4.605,37062,0
2018-02-23,21:00:00,4.605,4.65,4.605,4.635,67565,0
2018-02-23,22:00:00,4.635,4.6496,4.62,4.62,146836,0
2018-02-26,16:00:00,4.69,4.7006,4.65,4.6699,153999,0
2018-02-26,17:00:00,4.67,4.69,4.64,4.65,67039,0
2018-02-26,18:00:00,4.645,4.66,4.62,4.635,38772,0
2018-02-26,19:00:00,4.63,4.65,4.61,4.65,41849,0
2018-02-26,20:00:00,4.65,4.66,4.6301,4.635,47370,0
2018-02-26,21:00:00,4.6375,4.67,4.63,4.665,60499,0
2018-02-26,22:00:00,4.66,4.68,4.65,4.68,90298,0
2018-02-27,16:00:00,4.6,4.66,4.585,4.5933,37907,0
2018-02-27,17:00:00,4.59,4.59,4.5,4.5147,100324,0
2018-02-27,18:00:00,4.52,4.53,4.4913,4.5,60213,0
2018-02-27,19:00:00,4.51,4.5467,4.5,4.53,65403,0
2018-02-27,20:00:00,4.5333,4.5699,4.52,4.53,41551,0
2018-02-27,21:00:00,4.53,4.54,4.51,4.515,34350,0
2018-02-27,22:00:00,4.51,4.52,4.49,4.5,124151,0
2018-02-28,16:00:00,4.5,4.55,4.49,4.53,60088,0
2018-02-28,17:00:00,4.53,4.54,4.49,4.52,62070,0
2018-02-28,18:00:00,4.515,4.575,4.505,4.575,67555,0
2018-02-28,19:00:00,4.575,4.58,4.545,4.57,37507,0
2018-02-28,20:00:00,4.5624,4.57,4.545,4.5601,49770,0
2018-02-28,21:00:00,4.565,4.585,4.55,4.56,61007,0
2018-02-28,22:00:00,4.56,4.56,4.51,4.51,193417,0
2018-03-01,16:00:00,4.46,4.48,4.4,4.45,89944,0
2018-03-01,17:00:00,4.44,4.53,4.44,4.465,93588,0
2018-03-01,18:00:00,4.47,4.6,4.46,4.575,115677,0
2018-03-01,19:00:00,4.57,4.64,4.55,4.62,212582,0
2018-03-01,20:00:00,4.615,4.63,4.56,4.57,64991,0
2018-03-01,21:00:00,4.57,4.66,4.57,4.655,90645,0
2018-03-01,22:00:00,4.655,4.71,4.65,4.66,259102,0
2018-03-02,16:00:00,4.71,4.75,4.68,4.73,35896,0
2018-03-02,17:00:00,4.73,4.75,4.6839,4.69,56125,0
2018-03-02,18:00:00,4.7,4.71,4.66,4.685,55254,0
2018-03-02,19:00:00,4.68,4.71,4.67,4.695,37653,0
2018-03-02,20:00:00,4.7,4.7,4.67,4.69,29078,0
2018-03-02,21:00:00,4.69,4.69,4.67,4.69,21761,0
2018-03-02,22:00:00,4.69,4.69,4.63,4.65,171624,0
2018-03-05,16:00:00,4.62,4.685,4.62,4.6763,48131,0
2018-03-05,17:00:00,4.675,4.68,4.63,4.66,42973,0
2018-03-05,18:00:00,4.6633,4.69,4.65,4.66,48050,0
2018-03-05,19:00:00,4.67,4.67,4.63,4.64,43904,0
2018-03-05,20:00:00,4.64,4.65,4.62,4.64,42629,0
2018-03-05,21:00:00,4.6388,4.66,4.62,4.66,51573,0
2018-03-05,22:00:00,4.66,4.66,4.63,4.63,240035,0
2018-03-06,16:00:00,4.74,4.76,4.67,4.745,107637,0
2018-03-06,17:00:00,4.75,4.79,4.71,4.75,261381,0
2018-03-06,18:00:00,4.7586,4.79,4.755,4.79,80512,0
2018-03-06,19:00:00,4.79,4.79,4.75,4.78,76564,0
2018-03-06,20:00:00,4.78,4.8,4.76,4.795,63370,0
2018-03-06,21:00:00,4.8,4.8,4.76,4.765,112398,0
2018-03-06,22:00:00,4.7651,4.81,4.76,4.8,263505,0
2018-03-07,16:00:00,4.79,4.81,4.745,4.785,70136,0
2018-03-07,17:00:00,4.78,4.8,4.72,4.75,62355,0
2018-03-07,18:00:00,4.749,4.749,4.69,4.695,105286,0
2018-03-07,19:00:00,4.695,4.72,4.695,4.715,19951,0
2018-03-07,20:00:00,4.715,4.73,4.69,4.69,42596,0
2018-03-07,21:00:00,4.68,4.7,4.66,4.675,92890,0
2018-03-07,22:00:00,4.67,4.7,4.67,4.69,116810,0
2018-03-08,16:00:00,4.7,4.71,4.62,4.68,81932,0
2018-03-08,17:00:00,4.66,4.695,4.655,4.66,76004,0
2018-03-08,18:00:00,4.655,4.675,4.64,4.675,63054,0
2018-03-08,19:00:00,4.675,4.7,4.655,4.69,31478,0
2018-03-08,20:00:00,4.69,4.7,4.6638,4.675,37685,0
2018-03-08,21:00:00,4.68,4.7,4.655,4.695,23908,0
2018-03-08,22:00:00,4.695,4.71,4.685,4.71,96526,0
2018-03-09,16:00:00,4.68,4.711,4.6697,4.71,30546,0
2018-03-09,17:00:00,4.71,4.74,4.69,4.705,73826,0
2018-03-09,18:00:00,4.71,4.73,4.7,4.725,37060,0
2018-03-09,19:00:00,4.725,4.725,4.69,4.69,29154,0
2018-03-09,20:00:00,4.69,4.705,4.68,4.685,38965,0
2018-03-09,21:00:00,4.69,4.71,4.68,4.7,43120,0
2018-03-09,22:00:00,4.69,4.71,4.68,4.71,99208,0
2018-03-12,15:00:00,4.69,4.725,4.65,4.655,39417,0
2018-03-12,16:00:00,4.65,4.69,4.64,4.685,73441,0
2018-03-12,17:00:00,4.69,4.72,4.68,4.69,78476,0
2018-03-12,18:00:00,4.7,4.73,4.6938,4.715,43773,0
2018-03-12,19:00:00,4.715,4.7475,4.71,4.725,44004,0
2018-03-12,20:00:00,4.73,4.78,4.725,4.77,53223,0
2018-03-12,21:00:00,4.77,4.79,4.76,4.78,215222,0
2018-03-13,15:00:00,4.78,4.84,4.78,4.8,71875,0
2018-03-13,16:00:00,4.8,4.82,4.75,4.755,109334,0
2018-03-13,17:00:00,4.76,4.79,4.75,4.78,61089,0
2018-03-13,18:00:00,4.79,4.81,4.76,4.795,59772,0
2018-03-13,19:00:00,4.8,4.84,4.79,4.82,66500,0
2018-03-13,20:00:00,4.83,4.84,4.82,4.835,46427,0
2018-03-13,21:00:00,4.835,4.8399,4.81,4.83,128563,0
2018-03-14,15:00:00,4.83,4.84,4.745,4.76,68429,0
2018-03-14,16:00:00,4.76,4.79,4.73,4.77,68494,0
2018-03-14,17:00:00,4.77,4.775,4.72,4.74,66054,0
2018-03-14,18:00:00,4.74,4.75,4.7,4.71,74678,0
2018-03-14,19:00:00,4.7,4.73,4.7,4.715,51231,0
2018-03-14,20:00:00,4.72,4.72,4.7,4.7,36192,0
2018-03-14,21:00:00,4.7,4.71,4.69,4.71,106251,0
2018-03-15,15:00:00,4.69,4.7,4.62,4.64,50180,0
2018-03-15,16:00:00,4.6338,4.64,4.6,4.635,62963,0
2018-03-15,17:00:00,4.64,4.64,4.62,4.621,57716,0
2018-03-15,18:00:00,4.625,4.635,4.62,4.63,47005,0
2018-03-15,19:00:00,4.635,4.665,4.63,4.655,45226,0
2018-03-15,20:00:00,4.655,4.655,4.63,4.64,33272,0
2018-03-15,21:00:00,4.635,4.64,4.615,4.62,138452,0
2018-03-16,15:00:00,4.67,4.81,4.67,4.73,159270,0
2018-03-16,16:00:00,4.73,4.73,4.62,4.63,116943,0
2018-03-16,17:00:00,4.635,4.7,4.62,4.69,41908,0
2018-03-16,18:00:00,4.69,4.73,4.685,4.725,32483,0
2018-03-16,19:00:00,4.73,4.77,4.705,4.75,105155,0
2018-03-16,20:00:00,4.745,4.765,4.74,4.745,95166,0
2018-03-16,21:00:00,4.74,4.75,4.715,4.725,286298,0
2018-03-19,15:00:00,4.72,4.75,4.675,4.73,44769,0
2018-03-19,16:00:00,4.73,4.745,4.67,4.685,60881,0
2018-03-19,17:00:00,4.68,4.75,4.67,4.733,60658,0
2018-03-19,18:00:00,4.735,4.74,4.69,4.69,44855,0
2018-03-19,19:00:00,4.7,4.72,4.695,4.715,64032,0
2018-03-19,20:00:00,4.71,4.73,4.7,4.73,34332,0
2018-03-19,21:00:00,4.725,4.73,4.7,4.71,194997,0
2018-03-20,15:00:00,4.7,4.76,4.7,4.73,57044,0
2018-03-20,16:00:00,4.725,4.75,4.71,4.74,50242,0
2018-03-20,17:00:00,4.7451,4.77,4.73,4.74,34887,0
2018-03-20,18:00:00,4.745,4.77,4.74,4.76,60020,0
2018-03-20,19:00:00,4.76,4.77,4.74,4.74,50707,0
2018-03-20,20:00:00,4.745,4.75,4.72,4.72,25401,0
2018-03-20,21:00:00,4.72,4.74,4.72,4.72,98777,0
2018-03-21,15:00:00,4.8,4.86,4.78,4.79,109578,0
2018-03-21,16:00:00,4.79,4.88,4.78,4.88,115942,0
2018-03-21,17:00:00,4.885,4.95,4.87,4.95,190796,0
2018-03-21,18:00:00,4.95,4.96,4.925,4.935,82511,0
2018-03-21,19:00:00,4.9328,4.9328,4.84,4.88,230442,0
2018-03-21,20:00:00,4.88,4.96,4.86,4.955,250272,0
2018-03-21,21:00:00,4.96,5.04,4.9448,5.03,383308,0
2018-03-22,15:00:00,5.02,5.02,4.96,5.01,103640,0
2018-03-22,16:00:00,5.015,5.06,4.995,5,303142,0
2018-03-22,17:00:00,5.0032,5.01,4.935,4.94,224137,0
2018-03-22,18:00:00,4.95,4.98,4.945,4.96,63335,0
2018-03-22,19:00:00,4.96,4.98,4.955,4.965,54344,0
2018-03-22,20:00:00,4.97,5.03,4.96,5.01,216500,0
2018-03-22,21:00:00,5.015,5.02,4.97,4.98,398227,0
2018-03-23,15:00:00,5.07,5.131,5.04,5.13,260153,0
2018-03-23,16:00:00,5.13,5.25,5.13,5.22,306650,0
2018-03-23,17:00:00,5.22,5.22,5.14,5.155,287246,0
2018-03-23,18:00:00,5.16,5.16,5.0801,5.095,229558,0
2018-03-23,19:00:00,5.095,5.15,5.07,5.135,123987,0
2018-03-23,20:00:00,5.14,5.18,5.125,5.155,100254,0
2018-03-23,21:00:00,5.16,5.19,5.14,5.15,183394,0
2018-03-26,16:00:00,5.2,5.21,5.15,5.18,142811,0
2018-03-26,17:00:00,5.19,5.25,5.17,5.22,198113,0
2018-03-26,18:00:00,5.22,5.28,5.215,5.275,176265,0
2018-03-26,19:00:00,5.275,5.285,5.255,5.26,212784,0
2018-03-26,20:00:00,5.25,5.26,5.23,5.2386,67087,0
2018-03-26,21:00:00,5.24,5.255,5.2,5.23,162831,0
2018-03-26,22:00:00,5.225,5.23,5.1838,5.22,195326,0
2018-03-27,16:00:00,5.18,5.22,5.13,5.15,124240,0
2018-03-27,17:00:00,5.15,5.21,5.145,5.2,93256,0
2018-03-27,18:00:00,5.195,5.26,5.19,5.241,86825,0
2018-03-27,19:00:00,5.245,5.28,5.2301,5.2738,142971,0
2018-03-27,20:00:00,5.28,5.28,5.24,5.25,112926,0
2018-03-27,21:00:00,5.26,5.27,5.24,5.24,91355,0
2018-03-27,22:00:00,5.245,5.3,5.2301,5.3,528373,0
2018-03-28,16:00:00,5.28,5.28,5.17,5.23,116747,0
2018-03-28,17:00:00,5.24,5.26,5.15,5.165,111051,0
2018-03-28,18:00:00,5.17,5.21,5.17,5.17,158486,0
2018-03-28,19:00:00,5.165,5.19,5.14,5.18,69669,0
2018-03-28,20:00:00,5.185,5.185,5.14,5.15,50861,0
2018-03-28,21:00:00,5.15,5.17,5.14,5.165,76764,0
2018-03-28,22:00:00,5.165,5.185,5.14,5.15,213553,0
2018-03-29,16:00:00,5.15,5.16,5.06,5.16,460824,0
2018-03-29,17:00:00,5.16,5.165,5.115,5.13,102538,0
2018-03-29,18:00:00,5.13,5.15,5.11,5.125,55327,0
2018-03-29,19:00:00,5.125,5.1794,5.12,5.1733,51325,0
2018-03-29,20:00:00,5.17,5.205,5.16,5.195,39363,0
2018-03-29,21:00:00,5.2,5.21,5.19,5.1948,63264,0
2018-03-29,22:00:00,5.19,5.23,5.185,5.21,271383,0
