Date,Time,Open,High,Low,Close,Volume,OpenInt
2017-09-05,16:00:00,18.066,18.083,18.008,18.018,11237,0
2017-09-05,17:00:00,18.027,18.093,18.009,18.083,30839,0
2017-09-05,18:00:00,18.083,18.093,18.046,18.066,29177,0
2017-09-05,19:00:00,18.056,18.083,18.027,18.046,9316,0
2017-09-05,20:00:00,18.046,18.046,18.036,18.041,18058,0
2017-09-05,21:00:00,18.046,18.074,18.036,18.074,23169,0
2017-09-05,22:00:00,18.074,18.113,18.071,18.113,46657,0
2017-09-06,16:00:00,18.113,18.113,17.999,18.093,1169,0
2017-09-06,17:00:00,18.093,18.103,18.009,18.027,11529,0
2017-09-06,18:00:00,18.034,18.066,17.961,18.036,10777,0
2017-09-06,19:00:00,18.018,18.074,18.009,18.074,7998,0
2017-09-06,20:00:00,18.074,18.103,18.056,18.103,11581,0
2017-09-06,21:00:00,18.083,18.122,18.083,18.122,20924,0
2017-09-06,22:00:00,18.122,18.126,18.009,18.056,45091,0
2017-09-07,16:00:00,17.971,18.074,17.971,18.019,1182,0
2017-09-07,17:00:00,18.041,18.074,18.033,18.066,9093,0
2017-09-07,18:00:00,18.074,18.074,18.056,18.061,9253,0
2017-09-07,19:00:00,18.056,18.056,17.999,18.056,6981,0
2017-09-07,20:00:00,18.056,18.074,18.036,18.036,5629,0
2017-09-07,21:00:00,18.051,18.056,17.952,18.009,11440,0
2017-09-07,22:00:00,18.046,18.046,17.981,18.009,24914,0
2017-09-08,16:00:00,17.971,18.036,17.961,18.036,2469,0
2017-09-08,17:00:00,18.036,18.046,17.994,18.036,4276,0
2017-09-08,18:00:00,18.036,18.066,18.014,18.036,7967,0
2017-09-08,19:00:00,18.027,18.027,17.981,17.981,27619,0
2017-09-08,20:00:00,18.004,18.018,17.976,17.976,4417,0
2017-09-08,21:00:00,17.981,17.999,17.904,17.924,14395,0
2017-09-08,22:00:00,17.934,17.981,17.888,17.924,42897,0
2017-09-11,16:00:00,17.981,18.027,17.966,18.023,14479,0
2017-09-11,17:00:00,18.027,18.074,18.018,18.027,18723,0
2017-09-11,18:00:00,18.046,18.046,17.981,17.999,14330,0
2017-09-11,19:00:00,18.009,18.046,17.989,18.027,21724,0
2017-09-11,20:00:00,18.027,18.027,17.999,17.999,12593,0
2017-09-11,21:00:00,18.027,18.027,18.009,18.023,8851,0
2017-09-11,22:00:00,18.027,18.027,17.981,18.027,26188,0
2017-09-12,16:00:00,17.989,18.018,17.989,18.018,2177,0
2017-09-12,17:00:00,18.018,18.066,17.989,18.066,7678,0
2017-09-12,18:00:00,18.066,18.066,18.036,18.066,11233,0
2017-09-12,19:00:00,18.066,18.071,18.056,18.066,13809,0
2017-09-12,20:00:00,18.066,18.066,18.036,18.056,8389,0
2017-09-12,21:00:00,18.056,18.066,18.046,18.066,10941,0
2017-09-12,22:00:00,18.066,18.113,18.056,18.103,36099,0
2017-09-13,16:00:00,18.083,18.13,18.083,18.113,4647,0
2017-09-13,17:00:00,18.113,18.122,18.103,18.113,18884,0
2017-09-13,18:00:00,18.118,18.124,18.117,18.122,18466,0
2017-09-13,19:00:00,18.117,18.122,18.103,18.122,9951,0
2017-09-13,20:00:00,18.122,18.15,18.103,18.15,19838,0
2017-09-13,21:00:00,18.15,18.159,18.113,18.13,71655,0
2017-09-13,22:00:00,18.14,18.169,18.113,18.113,64470,0
2017-09-14,16:00:00,18.113,18.14,18.074,18.13,1965,0
2017-09-14,17:00:00,18.13,18.159,18.126,18.159,10011,0
2017-09-14,18:00:00,18.15,18.159,18.13,18.15,14429,0
2017-09-14,19:00:00,18.14,18.159,18.14,18.15,7233,0
2017-09-14,20:00:00,18.15,18.155,18.066,18.066,10456,0
2017-09-14,21:00:00,18.083,18.083,17.953,17.961,26443,0
2017-09-14,22:00:00,17.966,18.083,17.959,17.981,54963,0
2017-09-15,16:00:00,17.981,18.018,17.942,17.952,8366,0
2017-09-15,17:00:00,17.961,18.066,17.934,17.942,19545,0
2017-09-15,18:00:00,17.942,18.009,17.934,17.961,18572,0
2017-09-15,19:00:00,17.981,17.989,17.942,17.989,7542,0
2017-09-15,20:00:00,17.981,18.009,17.961,17.961,9030,0
2017-09-15,21:00:00,17.952,18.009,17.942,17.952,19397,0
2017-09-15,22:00:00,17.966,17.966,17.773,17.773,1101038,0
2017-09-18,16:00:00,17.83,17.952,17.783,17.857,23348,0
2017-09-18,17:00:00,17.914,17.914,17.84,17.877,24154,0
2017-09-18,18:00:00,17.877,17.914,17.877,17.887,14385,0
2017-09-18,19:00:00,17.904,17.904,17.887,17.9,12698,0
2017-09-18,20:00:00,17.904,17.904,17.895,17.904,5523,0
2017-09-18,21:00:00,17.9,17.914,17.83,17.867,36738,0
2017-09-18,22:00:00,17.857,17.895,17.84,17.84,94141,0
2017-09-19,16:00:00,17.867,17.904,17.454,17.5,58565,0
2017-09-19,17:00:00,17.481,17.698,17.481,17.557,67539,0
2017-09-19,18:00:00,17.575,17.67,17.557,17.661,47420,0
2017-09-19,19:00:00,17.661,17.783,17.544,17.557,42826,0
2017-09-19,20:00:00,17.557,17.641,17.557,17.575,21823,0
2017-09-19,21:00:00,17.594,17.604,17.567,17.584,18323,0
2017-09-19,22:00:00,17.567,17.604,17.567,17.604,75452,0
2017-09-20,16:00:00,17.594,17.625,17.567,17.614,7685,0
2017-09-20,17:00:00,17.619,17.755,17.614,17.717,28414,0
2017-09-20,18:00:00,17.708,17.755,17.651,17.688,19378,0
2017-09-20,19:00:00,17.726,17.726,17.651,17.717,21557,0
2017-09-20,20:00:00,17.717,17.82,17.688,17.793,30175,0
2017-09-20,21:00:00,17.745,17.783,17.726,17.783,23896,0
2017-09-20,22:00:00,17.783,17.793,17.688,17.698,64296,0
2017-09-21,16:00:00,17.763,17.877,17.763,17.84,5705,0
2017-09-21,17:00:00,17.84,17.952,17.81,17.867,22007,0
2017-09-21,18:00:00,17.867,17.887,17.867,17.887,12974,0
2017-09-21,19:00:00,17.895,17.895,17.867,17.895,12918,0
2017-09-21,20:00:00,17.887,17.895,17.877,17.887,4568,0
2017-09-21,21:00:00,17.887,17.895,17.793,17.887,33863,0
2017-09-21,22:00:00,17.887,17.914,17.877,17.914,27571,0
2017-09-22,16:00:00,17.887,17.924,17.885,17.887,12358,0
2017-09-22,17:00:00,17.904,17.924,17.895,17.924,13249,0
2017-09-22,18:00:00,17.904,17.904,17.849,17.862,14849,0
2017-09-22,19:00:00,17.857,17.924,17.857,17.924,14371,0
2017-09-22,20:00:00,17.901,17.924,17.862,17.867,7689,0
2017-09-22,21:00:00,17.877,17.914,17.849,17.895,21139,0
2017-09-22,22:00:00,17.895,17.904,17.865,17.904,36037,0
2017-09-25,16:00:00,17.904,17.904,17.904,17.904,1306,0
2017-09-25,17:00:00,17.914,17.914,17.895,17.895,5234,0
2017-09-25,18:00:00,17.895,17.922,17.887,17.887,10182,0
2017-09-25,19:00:00,17.877,17.887,17.849,17.887,9318,0
2017-09-25,20:00:00,17.887,17.887,17.849,17.853,3997,0
2017-09-25,21:00:00,17.857,17.895,17.857,17.895,7251,0
2017-09-25,22:00:00,17.887,17.887,17.84,17.84,13832,0
2017-09-26,16:00:00,17.802,17.895,17.793,17.895,6774,0
2017-09-26,17:00:00,17.881,17.966,17.849,17.877,10308,0
2017-09-26,18:00:00,17.877,17.924,17.877,17.877,7775,0
2017-09-26,19:00:00,17.867,17.909,17.867,17.877,2658,0
2017-09-26,20:00:00,17.877,17.887,17.852,17.877,3741,0
2017-09-26,21:00:00,17.867,17.867,17.849,17.867,7388,0
2017-09-26,22:00:00,17.867,17.904,17.849,17.857,33030,0
2017-09-27,16:00:00,17.895,17.904,17.857,17.867,3729,0
2017-09-27,17:00:00,17.877,17.877,17.802,17.834,9023,0
2017-09-27,18:00:00,17.83,17.877,17.83,17.867,11356,0
2017-09-27,19:00:00,17.867,17.887,17.845,17.877,12180,0
2017-09-27,20:00:00,17.877,17.877,17.867,17.867,10941,0
2017-09-27,21:00:00,17.877,17.877,17.849,17.877,16801,0
2017-09-27,22:00:00,17.877,17.887,17.82,17.82,33582,0
2017-09-28,16:00:00,17.858,17.906,17.81,17.858,14662,0
2017-09-28,17:00:00,17.85,17.983,17.792,17.954,25478,0
2017-09-28,18:00:00,17.954,17.959,17.909,17.944,25317,0
2017-09-28,19:00:00,17.954,17.974,17.906,17.974,18885,0
2017-09-28,20:00:00,17.974,17.992,17.964,17.983,15891,0
2017-09-28,21:00:00,17.974,17.992,17.858,17.936,20613,0
2017-09-28,22:00:00,17.931,17.983,17.931,17.944,53780,0
2017-09-29,16:00:00,17.857,18.012,17.857,18.012,6005,0
2017-09-29,17:00:00,18.012,18.012,17.954,17.983,10029,0
2017-09-29,18:00:00,17.983,18.012,17.983,17.992,17516,0
2017-09-29,19:00:00,17.992,18.002,17.974,17.992,7672,0
2017-09-29,20:00:00,17.997,17.997,17.936,17.944,14485,0
2017-09-29,21:00:00,17.944,17.992,17.944,17.988,10364,0
2017-09-29,22:00:00,17.988,18.031,17.926,17.936,46732,0
2017-10-02,16:00:00,17.944,18.04,17.944,17.944,3145,0
2017-10-02,17:00:00,18.002,18.06,18.002,18.06,17495,0
2017-10-02,18:00:00,18.06,18.098,18.05,18.098,25272,0
2017-10-02,19:00:00,18.108,18.156,18.098,18.146,15416,0
2017-10-02,20:00:00,18.165,18.184,18.156,18.184,11100,0
2017-10-02,21:00:00,18.184,18.184,18.136,18.136,11598,0
2017-10-02,22:00:00,18.136,18.174,18.104,18.126,29499,0
2017-10-03,16:00:00,18.098,18.194,18.098,18.156,7072,0
2017-10-03,17:00:00,18.165,18.222,18.156,18.184,21258,0
2017-10-03,18:00:00,18.165,18.17,18.103,18.126,32172,0
2017-10-03,19:00:00,18.117,18.184,18.04,18.184,22035,0
2017-10-03,20:00:00,18.17,18.184,18.165,18.184,5874,0
2017-10-03,21:00:00,18.179,18.194,18.174,18.194,4205,0
2017-10-03,22:00:00,18.184,18.261,18.184,18.261,64816,0
2017-10-04,16:00:00,18.29,18.29,18.223,18.242,7038,0
2017-10-04,17:00:00,18.251,18.28,18.242,18.28,8007,0
2017-10-04,18:00:00,18.28,18.29,18.261,18.28,51020,0
2017-10-04,19:00:00,18.28,18.29,18.27,18.27,19269,0
2017-10-04,20:00:00,18.279,18.29,18.27,18.28,10339,0
2017-10-04,21:00:00,18.29,18.299,18.28,18.29,7037,0
2017-10-04,22:00:00,18.299,18.299,18.261,18.261,50249,0
2017-10-05,16:00:00,18.299,18.299,18.232,18.238,3864,0
2017-10-05,17:00:00,18.242,18.299,18.242,18.261,7048,0
2017-10-05,18:00:00,18.275,18.28,18.27,18.28,4883,0
2017-10-05,19:00:00,18.28,18.28,18.265,18.275,3684,0
2017-10-05,20:00:00,18.27,18.28,18.27,18.28,1880,0
2017-10-05,21:00:00,18.28,18.28,18.27,18.28,1671,0
2017-10-05,22:00:00,18.28,18.29,18.27,18.27,25695,0
2017-10-06,16:00:00,18.222,18.29,18.222,18.253,3656,0
2017-10-06,17:00:00,18.214,18.222,18.146,18.213,6172,0
2017-10-06,18:00:00,18.203,18.222,18.203,18.22,7928,0
2017-10-06,19:00:00,18.218,18.222,18.208,18.213,4316,0
2017-10-06,20:00:00,18.203,18.222,18.174,18.208,3133,0
2017-10-06,21:00:00,18.207,18.207,18.174,18.174,8050,0
2017-10-06,22:00:00,18.179,18.18,18.136,18.136,18624,0
2017-10-09,16:00:00,18.194,18.251,18.156,18.251,7548,0
2017-10-09,17:00:00,18.232,18.232,18.222,18.222,313,0
2017-10-09,18:00:00,18.213,18.222,18.174,18.203,1969,0
2017-10-09,19:00:00,18.165,18.194,18.165,18.165,1148,0
2017-10-09,20:00:00,18.165,18.203,18.136,18.151,4386,0
2017-10-09,21:00:00,18.146,18.174,18.146,18.165,3446,0
2017-10-09,22:00:00,18.165,18.165,18.098,18.098,21006,0
2017-10-10,16:00:00,18.136,18.174,18.136,18.174,2875,0
2017-10-10,17:00:00,18.174,18.179,18.146,18.174,7071,0
2017-10-10,18:00:00,18.174,18.222,18.174,18.213,7449,0
2017-10-10,19:00:00,18.208,18.213,18.165,18.208,8332,0
2017-10-10,20:00:00,18.213,18.222,18.203,18.213,5885,0
2017-10-10,21:00:00,18.222,18.251,18.213,18.242,9255,0
2017-10-10,22:00:00,18.232,18.242,18.136,18.136,26107,0
2017-10-11,16:00:00,18.126,18.165,18.088,18.165,2388,0
2017-10-11,17:00:00,18.158,18.165,18.121,18.134,15692,0
2017-10-11,18:00:00,18.136,18.146,18.131,18.146,9086,0
2017-10-11,19:00:00,18.136,18.165,18.136,18.165,11270,0
2017-10-11,20:00:00,18.165,18.174,18.156,18.174,3717,0
2017-10-11,21:00:00,18.17,18.194,18.17,18.189,12736,0
2017-10-11,22:00:00,18.194,18.194,18.165,18.165,21154,0
2017-10-12,16:00:00,18.222,18.222,18.098,18.098,7162,0
2017-10-12,17:00:00,18.098,18.165,18.098,18.146,6618,0
2017-10-12,18:00:00,18.146,18.162,18.146,18.156,2153,0
2017-10-12,19:00:00,18.156,18.165,18.156,18.156,2371,0
2017-10-12,20:00:00,18.156,18.156,18.108,18.131,7683,0
2017-10-12,21:00:00,18.136,18.165,18.131,18.165,5228,0
2017-10-12,22:00:00,18.165,18.165,18.117,18.146,29444,0
2017-10-13,16:00:00,18.174,18.195,18.136,18.184,3267,0
2017-10-13,17:00:00,18.156,18.184,18.156,18.184,2629,0
2017-10-13,18:00:00,18.194,18.203,18.136,18.194,4004,0
2017-10-13,19:00:00,18.203,18.203,18.184,18.184,5497,0
2017-10-13,20:00:00,18.194,18.194,18.136,18.156,3394,0
2017-10-13,21:00:00,18.165,18.165,18.156,18.165,2537,0
2017-10-13,22:00:00,18.165,18.165,18.098,18.098,17092,0
2017-10-16,16:00:00,18.126,18.184,18.108,18.165,3651,0
2017-10-16,17:00:00,18.184,18.184,18.156,18.174,8282,0
2017-10-16,18:00:00,18.165,18.174,18.156,18.165,5784,0
2017-10-16,19:00:00,18.165,18.189,18.158,18.174,7185,0
2017-10-16,20:00:00,18.174,18.184,18.174,18.184,3655,0
2017-10-16,21:00:00,18.184,18.184,18.156,18.165,5617,0
2017-10-16,22:00:00,18.156,18.174,18.146,18.156,26988,0
2017-10-17,16:00:00,18.184,18.184,18.108,18.165,1264,0
2017-10-17,17:00:00,18.13,18.203,18.13,18.203,13685,0
2017-10-17,18:00:00,18.203,18.203,18.146,18.174,5108,0
2017-10-17,19:00:00,18.156,18.165,18.146,18.165,6982,0
2017-10-17,20:00:00,18.165,18.174,18.146,18.156,6862,0
2017-10-17,21:00:00,18.156,18.203,18.156,18.16,9705,0
2017-10-17,22:00:00,18.16,18.184,18.156,18.165,21049,0
2017-10-18,16:00:00,18.174,18.174,18.165,18.174,941,0
2017-10-18,17:00:00,18.194,18.213,18.05,18.098,21206,0
2017-10-18,18:00:00,18.126,18.136,17.983,18.002,35798,0
2017-10-18,19:00:00,18.002,18.07,17.983,18.002,23794,0
2017-10-18,20:00:00,18.002,18.079,17.992,17.992,58391,0
2017-10-18,21:00:00,18,18.04,17.954,17.959,29066,0
2017-10-18,22:00:00,17.964,17.964,17.896,17.896,36435,0
2017-10-19,16:00:00,17.916,17.964,17.878,17.936,9488,0
2017-10-19,17:00:00,17.91,17.926,17.878,17.888,20351,0
2017-10-19,18:00:00,17.888,17.901,17.83,17.84,27661,0
2017-10-19,19:00:00,17.83,17.916,17.81,17.916,17624,0
2017-10-19,20:00:00,17.916,17.916,17.762,17.792,32810,0
2017-10-19,21:00:00,17.792,17.868,17.696,17.711,56619,0
2017-10-19,22:00:00,17.711,17.858,17.59,17.62,103272,0
2017-10-20,16:00:00,17.734,17.777,17.638,17.777,6569,0
2017-10-20,17:00:00,17.782,17.983,17.62,17.672,258539,0
2017-10-20,18:00:00,17.667,17.715,17.62,17.715,58075,0
2017-10-20,19:00:00,17.715,17.715,17.686,17.715,11807,0
2017-10-20,20:00:00,17.715,17.715,17.706,17.706,11962,0
2017-10-20,21:00:00,17.711,17.715,17.706,17.711,12157,0
2017-10-20,22:00:00,17.715,17.715,17.62,17.62,83770,0
2017-10-23,16:00:00,17.61,17.676,17.59,17.653,5549,0
2017-10-23,17:00:00,17.672,17.676,17.62,17.624,17536,0
2017-10-23,18:00:00,17.624,17.628,17.61,17.624,25011,0
2017-10-23,19:00:00,17.624,17.638,17.62,17.638,18366,0
2017-10-23,20:00:00,17.638,17.681,17.624,17.653,16170,0
2017-10-23,21:00:00,17.653,17.658,17.59,17.59,20338,0
2017-10-23,22:00:00,17.59,17.6,17.495,17.524,62266,0
2017-10-24,16:00:00,17.581,17.648,17.581,17.638,9600,0
2017-10-24,17:00:00,17.648,17.667,17.59,17.658,26121,0
2017-10-24,18:00:00,17.658,17.667,17.605,17.616,30296,0
2017-10-24,19:00:00,17.619,17.638,17.572,17.59,26057,0
2017-10-24,20:00:00,17.59,17.648,17.59,17.62,17162,0
2017-10-24,21:00:00,17.62,17.628,17.552,17.581,21653,0
2017-10-24,22:00:00,17.581,17.628,17.581,17.6,125649,0
2017-10-25,16:00:00,17.572,17.638,17.533,17.542,7519,0
2017-10-25,17:00:00,17.562,17.581,17.552,17.562,22655,0
2017-10-25,18:00:00,17.552,17.552,17.476,17.495,61571,0
2017-10-25,19:00:00,17.495,17.499,17.293,17.408,79500,0
2017-10-25,20:00:00,17.413,17.456,17.408,17.447,65339,0
2017-10-25,21:00:00,17.447,17.485,17.399,17.485,53648,0
2017-10-25,22:00:00,17.485,17.61,17.466,17.504,90659,0
2017-10-26,16:00:00,17.466,17.638,17.466,17.628,19726,0
2017-10-26,17:00:00,17.628,17.638,17.524,17.62,51636,0
2017-10-26,18:00:00,17.61,17.667,17.572,17.579,32704,0
2017-10-26,19:00:00,17.562,17.576,17.509,17.526,23640,0
2017-10-26,20:00:00,17.524,17.571,17.476,17.495,15735,0
2017-10-26,21:00:00,17.504,17.514,17.408,17.408,34767,0
2017-10-26,22:00:00,17.418,17.428,17.332,17.361,59205,0
2017-10-27,16:00:00,17.466,17.62,17.466,17.524,19516,0
2017-10-27,17:00:00,17.533,17.547,17.428,17.456,46688,0
2017-10-27,18:00:00,17.476,17.495,17.466,17.495,45766,0
2017-10-27,19:00:00,17.514,17.552,17.514,17.542,43826,0
2017-10-27,20:00:00,17.533,17.61,17.524,17.61,53437,0
2017-10-27,21:00:00,17.61,17.658,17.581,17.62,39465,0
2017-10-27,22:00:00,17.62,17.85,17.61,17.754,180062,0
2017-10-30,15:00:00,17.676,17.802,17.667,17.792,8249,0
2017-10-30,16:00:00,17.802,17.893,17.792,17.84,61202,0
2017-10-30,17:00:00,17.858,17.888,17.82,17.835,39110,0
2017-10-30,18:00:00,17.84,17.888,17.83,17.868,32022,0
2017-10-30,19:00:00,17.873,17.888,17.724,17.792,37700,0
2017-10-30,20:00:00,17.744,17.878,17.744,17.82,44327,0
2017-10-30,21:00:00,17.835,17.858,17.715,17.754,131774,0
2017-10-31,15:00:00,17.81,17.868,17.734,17.81,22420,0
2017-10-31,16:00:00,17.858,18.002,17.82,17.944,81243,0
2017-10-31,17:00:00,17.936,17.979,17.899,17.936,90016,0
2017-10-31,18:00:00,17.94,17.954,17.901,17.921,58858,0
2017-10-31,19:00:00,17.916,17.916,17.734,17.797,99572,0
2017-10-31,20:00:00,17.792,17.81,17.792,17.805,46899,0
2017-10-31,21:00:00,17.81,17.82,17.734,17.762,118088,0
2017-11-01,15:00:00,17.81,17.944,17.734,17.944,10530,0
2017-11-01,16:00:00,17.964,18.088,17.802,18.07,54217,0
2017-11-01,17:00:00,18.04,18.088,17.896,18.022,46502,0
2017-11-01,18:00:00,18.022,18.079,17.964,18.002,33106,0
2017-11-01,19:00:00,18.012,18.045,17.964,18.007,40048,0
2017-11-01,20:00:00,18.002,18.117,17.992,18.07,68977,0
2017-11-01,21:00:00,18.07,18.083,17.954,17.983,123566,0
2017-11-02,15:00:00,17.83,17.83,17.437,17.592,124264,0
2017-11-02,16:00:00,17.583,17.782,17.485,17.524,191674,0
2017-11-02,17:00:00,17.537,17.537,17.255,17.26,228930,0
2017-11-02,18:00:00,17.265,17.322,17.18,17.241,407543,0
2017-11-02,19:00:00,17.241,17.447,17.207,17.437,461268,0
2017-11-02,20:00:00,17.428,17.638,17.399,17.524,179505,0
2017-11-02,21:00:00,17.524,17.533,16.949,17.007,1901664,0
2017-11-03,15:00:00,17.093,17.303,17.064,17.246,126001,0
2017-11-03,16:00:00,17.236,17.332,17.227,17.274,187994,0
2017-11-03,17:00:00,17.279,17.332,17.188,17.265,198144,0
2017-11-03,18:00:00,17.265,17.327,17.236,17.236,71327,0
2017-11-03,19:00:00,17.236,17.274,17.198,17.236,94954,0
2017-11-03,20:00:00,17.236,17.255,17.073,17.098,115400,0
2017-11-03,21:00:00,17.093,17.332,17.05,17.073,614428,0
2017-11-06,16:00:00,17.083,17.093,16.901,17.035,124981,0
2017-11-06,17:00:00,17.035,17.064,16.891,16.911,230468,0
2017-11-06,18:00:00,16.909,16.921,16.853,16.853,173521,0
2017-11-06,19:00:00,16.853,16.882,16.795,16.815,229165,0
2017-11-06,20:00:00,16.81,16.939,16.805,16.901,190136,0
2017-11-06,21:00:00,16.906,16.959,16.825,16.843,117533,0
2017-11-06,22:00:00,16.843,17.198,16.843,17.198,2509572,0
2017-11-07,16:00:00,16.997,17.188,16.911,16.992,147558,0
2017-11-07,17:00:00,16.992,17.179,16.757,16.757,236146,0
2017-11-07,19:00:00,16.623,16.719,16.608,16.671,205104,0
2017-11-07,20:00:00,16.669,16.939,16.643,16.772,161047,0
2017-11-07,21:00:00,16.772,16.891,16.757,16.795,167802,0
2017-11-07,22:00:00,16.795,16.891,16.777,16.825,475897,0
2017-11-08,16:00:00,16.527,16.699,16.509,16.643,244600,0
2017-11-08,17:00:00,16.635,16.681,16.527,16.557,317646,0
2017-11-08,18:00:00,16.566,16.566,16.298,16.451,462587,0
2017-11-08,19:00:00,16.451,16.557,16.384,16.527,244160,0
2017-11-08,20:00:00,16.527,16.719,16.527,16.656,225851,0
2017-11-08,21:00:00,16.653,16.671,16.527,16.628,260032,0
2017-11-08,22:00:00,16.628,16.729,16.585,16.709,677394,0
2017-11-09,16:00:00,16.757,16.757,16.595,16.6,142988,0
2017-11-09,17:00:00,16.575,16.623,16.461,16.566,374128,0
2017-11-09,18:00:00,16.548,16.681,16.547,16.661,107141,0
2017-11-09,19:00:00,16.653,16.719,16.547,16.661,87976,0
2017-11-09,20:00:00,16.661,16.882,16.653,16.825,147211,0
2017-11-09,21:00:00,16.815,16.901,16.777,16.863,194261,0
2017-11-09,22:00:00,16.868,17.045,16.757,17.045,509177,0
2017-11-10,16:00:00,17.045,17.064,16.863,16.911,66033,0
2017-11-10,17:00:00,16.905,16.949,16.747,16.853,216502,0
2017-11-10,18:00:00,16.858,17.141,16.795,17.064,105390,0
2017-11-10,19:00:00,17.068,17.073,16.843,16.886,104492,0
2017-11-10,20:00:00,16.882,16.911,16.805,16.911,102524,0
2017-11-10,21:00:00,16.908,16.997,16.901,16.911,78534,0
2017-11-10,22:00:00,16.901,17.025,16.901,17.025,400365,0
2017-11-13,16:00:00,16.882,16.901,16.757,16.843,74281,0
2017-11-13,17:00:00,16.853,16.855,16.709,16.729,126010,0
2017-11-13,18:00:00,16.739,16.795,16.709,16.747,129616,0
2017-11-13,19:00:00,16.757,16.757,16.709,16.739,119406,0
2017-11-13,20:00:00,16.739,16.873,16.699,16.863,80713,0
2017-11-13,21:00:00,16.863,16.873,16.739,16.747,69561,0
2017-11-13,22:00:00,16.752,16.853,16.719,16.815,250074,0
2017-11-14,16:00:00,16.929,16.987,16.795,16.921,79672,0
2017-11-14,17:00:00,16.921,16.977,16.843,16.963,102754,0
2017-11-14,18:00:00,16.968,16.987,16.853,16.886,89159,0
2017-11-14,19:00:00,16.882,16.949,16.853,16.921,102476,0
2017-11-14,20:00:00,16.929,17.045,16.921,16.944,104346,0
2017-11-14,21:00:00,16.939,17.045,16.939,17.035,115848,0
2017-11-14,22:00:00,17.04,17.045,16.959,17.025,332901,0
2017-11-15,16:00:00,16.997,17.016,16.805,16.805,38434,0
2017-11-15,17:00:00,16.805,17.025,16.805,17.007,150380,0
2017-11-15,18:00:00,17.007,17.169,16.977,17.016,167395,0
2017-11-15,19:00:00,17.016,17.054,16.997,17.016,67554,0
2017-11-15,20:00:00,17.016,17.121,16.987,17.102,56465,0
2017-11-15,21:00:00,17.102,17.121,17.064,17.102,94582,0
2017-11-15,22:00:00,17.102,17.131,17.03,17.131,264805,0
2017-11-16,16:00:00,17.207,17.207,17.064,17.141,52797,0
2017-11-16,17:00:00,17.141,17.217,17.112,17.188,69911,0
2017-11-16,18:00:00,17.188,17.227,17.073,17.073,72519,0
2017-11-16,19:00:00,17.083,17.15,17.054,17.093,47370,0
2017-11-16,20:00:00,17.083,17.207,17.083,17.102,68524,0
2017-11-16,21:00:00,17.102,17.15,17.054,17.117,100199,0
2017-11-16,22:00:00,17.112,17.131,17.093,17.093,172419,0
2017-11-17,16:00:00,17.045,17.284,17.035,17.284,96892,0
2017-11-17,17:00:00,17.274,17.428,17.274,17.322,121638,0
2017-11-17,18:00:00,17.322,17.351,17.236,17.342,120301,0
2017-11-17,19:00:00,17.347,17.399,17.255,17.389,122194,0
2017-11-17,20:00:00,17.399,17.428,17.332,17.354,157907,0
2017-11-17,21:00:00,17.351,17.361,17.236,17.255,93590,0
2017-11-17,22:00:00,17.246,17.351,17.236,17.332,183735,0
2017-11-20,16:00:00,17.246,17.284,17.054,17.093,59313,0
2017-11-20,17:00:00,17.098,17.121,16.959,17.007,146938,0
2017-11-20,18:00:00,17.007,17.093,16.978,17.002,80712,0
2017-11-20,19:00:00,16.997,17.112,16.987,17.025,47390,0
2017-11-20,20:00:00,17.025,17.096,16.949,17.083,100826,0
2017-11-20,21:00:00,17.083,17.121,17.045,17.054,83977,0
2017-11-20,22:00:00,17.064,17.068,16.959,16.987,208490,0
2017-11-21,16:00:00,17.054,17.083,17.007,17.054,28510,0
2017-11-21,17:00:00,17.064,17.073,17.016,17.064,41822,0
2017-11-21,18:00:00,17.064,17.073,16.949,17.011,65145,0
2017-11-21,19:00:00,17.008,17.035,16.977,17.007,47950,0
2017-11-21,20:00:00,17.007,17.016,16.929,16.977,120455,0
2017-11-21,21:00:00,16.968,16.988,16.959,16.968,87102,0
2017-11-21,22:00:00,16.977,17.035,16.973,17.016,154585,0
2017-11-22,16:00:00,16.997,17.073,16.959,17.064,25012,0
2017-11-22,17:00:00,17.064,17.15,17.026,17.116,56597,0
2017-11-22,18:00:00,17.112,17.236,17.093,17.188,65035,0
2017-11-22,19:00:00,17.188,17.274,17.188,17.265,35839,0
2017-11-22,20:00:00,17.265,17.271,17.198,17.265,29977,0
2017-11-22,21:00:00,17.255,17.322,17.236,17.296,45175,0
2017-11-22,22:00:00,17.294,17.313,17.236,17.274,111533,0
2017-11-24,16:00:00,17.274,17.274,17.103,17.131,16619,0
2017-11-24,17:00:00,17.102,17.227,17.076,17.083,38586,0
2017-11-24,18:00:00,17.073,17.188,17.073,17.141,26520,0
2017-11-24,19:00:00,17.121,17.246,17.073,17.207,44903,0
2017-11-24,20:00:00,17.198,17.198,17.188,17.188,9298,0
2017-11-27,16:00:00,17.121,17.188,17.102,17.121,30031,0
2017-11-27,17:00:00,17.128,17.169,17.083,17.159,33603,0
2017-11-27,18:00:00,17.159,17.169,17.083,17.131,52627,0
2017-11-27,19:00:00,17.131,17.169,17.102,17.169,29426,0
2017-11-27,20:00:00,17.169,17.265,17.169,17.236,34692,0
2017-11-27,21:00:00,17.223,17.227,17.083,17.112,64617,0
2017-11-27,22:00:00,17.103,17.131,17.054,17.102,104934,0
2017-11-28,16:00:00,17.064,17.159,17.025,17.159,19402,0
2017-11-28,17:00:00,17.094,17.207,17.064,17.188,43548,0
2017-11-28,18:00:00,17.188,17.265,17.121,17.201,59058,0
2017-11-28,19:00:00,17.207,17.227,17.131,17.185,32532,0
2017-11-28,20:00:00,17.188,17.188,17.121,17.15,39427,0
2017-11-28,21:00:00,17.159,17.217,17.121,17.207,50469,0
2017-11-28,22:00:00,17.207,17.217,17.131,17.15,245012,0
2017-11-29,16:00:00,17.15,17.227,17.093,17.198,11458,0
2017-11-29,17:00:00,17.207,17.227,17.141,17.141,34183,0
2017-11-29,18:00:00,17.159,17.169,17.025,17.064,60113,0
2017-11-29,19:00:00,17.073,17.227,17.073,17.179,27206,0
2017-11-29,20:00:00,17.179,17.227,17.15,17.212,17278,0
2017-11-29,21:00:00,17.212,17.265,17.198,17.207,33945,0
2017-11-29,22:00:00,17.198,17.274,17.198,17.236,148195,0
2017-11-30,16:00:00,17.255,17.274,17.198,17.229,17412,0
2017-11-30,17:00:00,17.246,17.294,17.246,17.284,13766,0
2017-11-30,18:00:00,17.284,17.322,17.159,17.217,36959,0
2017-11-30,19:00:00,17.21,17.342,17.198,17.291,34868,0
2017-11-30,20:00:00,17.291,17.38,17.274,17.294,52061,0
2017-11-30,21:00:00,17.313,17.342,17.284,17.284,32559,0
2017-11-30,22:00:00,17.284,17.322,17.141,17.188,454021,0
2017-12-01,16:00:00,17.188,17.236,17.093,17.093,17568,0
2017-12-01,17:00:00,17.054,17.198,17.025,17.154,53138,0
2017-12-01,18:00:00,17.15,17.179,16.709,16.882,92936,0
2017-12-01,19:00:00,16.901,17.093,16.901,17.083,17346,0
2017-12-01,20:00:00,17.093,17.198,17.083,17.159,38136,0
2017-12-01,21:00:00,17.188,17.212,17.131,17.207,26216,0
2017-12-01,22:00:00,17.207,17.227,17.112,17.198,108060,0
2017-12-04,16:00:00,17.236,17.284,17.227,17.265,15495,0
2017-12-04,17:00:00,17.265,17.38,17.236,17.284,44684,0
2017-12-04,18:00:00,17.289,17.289,17.217,17.236,34392,0
2017-12-04,19:00:00,17.24,17.255,17.198,17.236,28377,0
2017-12-04,20:00:00,17.237,17.303,17.207,17.284,29177,0
2017-12-04,21:00:00,17.284,17.284,17.227,17.236,23842,0
2017-12-04,22:00:00,17.236,17.342,17.236,17.332,149580,0
2017-12-05,16:00:00,17.332,17.342,17.141,17.251,26058,0
2017-12-05,17:00:00,17.246,17.332,17.227,17.227,35363,0
2017-12-05,18:00:00,17.227,17.255,17.15,17.179,27014,0
2017-12-05,19:00:00,17.169,17.207,17.15,17.176,16721,0
2017-12-05,20:00:00,17.176,17.206,17.141,17.178,20311,0
2017-12-05,21:00:00,17.188,17.207,17.054,17.093,68669,0
2017-12-05,22:00:00,17.093,17.169,17.066,17.073,136499,0
2017-12-06,16:00:00,17.073,17.169,17.073,17.102,9062,0
2017-12-06,17:00:00,17.131,17.198,17.093,17.169,56672,0
2017-12-06,18:00:00,17.159,17.159,16.929,16.949,70490,0
2017-12-06,19:00:00,16.946,17.016,16.882,16.929,37449,0
2017-12-06,20:00:00,16.921,16.959,16.877,16.891,44673,0
2017-12-06,21:00:00,16.904,16.939,16.882,16.929,50379,0
2017-12-06,22:00:00,16.939,16.977,16.891,16.891,141830,0
2017-12-07,16:00:00,16.691,16.921,16.691,16.865,68544,0
2017-12-07,17:00:00,16.873,16.968,16.825,16.825,84758,0
2017-12-07,18:00:00,16.834,16.891,16.815,16.853,40551,0
2017-12-07,19:00:00,16.873,16.891,16.795,16.834,43610,0
2017-12-07,20:00:00,16.843,16.873,16.805,16.815,52582,0
2017-12-07,21:00:00,16.815,16.891,16.757,16.891,112076,0
2017-12-07,22:00:00,16.877,16.929,16.853,16.891,355940,0
2017-12-08,16:00:00,17.217,17.217,16.901,17.102,80704,0
2017-12-08,17:00:00,17.116,17.198,17.073,17.141,103321,0
2017-12-08,18:00:00,17.15,17.169,17.025,17.04,48614,0
2017-12-08,19:00:00,17.025,17.15,17.016,17.141,32770,0
2017-12-08,20:00:00,17.145,17.26,17.121,17.236,117829,0
2017-12-08,21:00:00,17.231,17.231,17.064,17.107,107882,0
2017-12-08,22:00:00,17.112,17.188,17.073,17.112,214960,0
2017-12-11,16:00:00,17.179,17.198,17.054,17.159,51181,0
2017-12-11,17:00:00,17.15,17.179,17.102,17.131,50434,0
2017-12-11,18:00:00,17.141,17.141,17.03,17.054,37339,0
2017-12-11,19:00:00,17.054,17.093,16.987,17.05,56174,0
2017-12-11,20:00:00,17.045,17.083,17.016,17.059,46488,0
2017-12-11,21:00:00,17.06,17.073,16.997,17.007,37242,0
2017-12-11,22:00:00,17.016,17.035,16.987,17.007,131535,0
2017-12-12,16:00:00,17.045,17.141,16.997,17.14,25738,0
2017-12-12,17:00:00,17.093,17.198,17.083,17.121,95613,0
2017-12-12,18:00:00,17.112,17.179,17.093,17.121,36742,0
2017-12-12,19:00:00,17.104,17.141,17.064,17.064,41540,0
2017-12-12,20:00:00,17.073,17.102,17.042,17.042,35407,0
2017-12-12,21:00:00,17.045,17.093,17.025,17.064,37789,0
2017-12-12,22:00:00,17.069,17.102,17.025,17.035,98659,0
2017-12-13,16:00:00,17.016,17.073,16.987,17.025,29706,0
2017-12-13,17:00:00,17.016,17.119,16.977,16.977,64486,0
2017-12-13,18:00:00,16.977,17.059,16.959,17.016,70632,0
2017-12-13,19:00:00,17.016,17.064,16.977,17.054,61698,0
2017-12-13,20:00:00,17.064,17.064,16.997,17.011,42688,0
2017-12-13,21:00:00,17.011,17.131,17.007,17.131,63591,0
2017-12-13,22:00:00,17.122,17.131,17.007,17.073,268308,0
2017-12-14,16:00:00,17.093,17.121,17.025,17.069,48187,0
2017-12-14,17:00:00,17.064,17.131,17.045,17.063,64109,0
2017-12-14,18:00:00,17.059,17.207,17.045,17.198,70442,0
2017-12-14,19:00:00,17.207,17.207,17.131,17.179,45024,0
2017-12-14,20:00:00,17.164,17.179,17.025,17.045,46700,0
2017-12-14,21:00:00,17.025,17.121,17.016,17.064,69420,0
2017-12-14,22:00:00,17.064,17.169,17.064,17.073,186672,0
2017-12-15,16:00:00,17.083,17.177,17.073,17.159,84928,0
2017-12-15,17:00:00,17.121,17.188,17.093,17.121,30330,0
2017-12-15,18:00:00,17.131,17.184,17.112,17.179,34334,0
2017-12-15,19:00:00,17.198,17.207,17.121,17.141,36291,0
2017-12-15,20:00:00,17.141,17.207,17.131,17.179,35907,0
2017-12-15,21:00:00,17.159,17.188,17.121,17.15,49924,0
2017-12-15,22:00:00,17.15,17.246,17.141,17.236,358571,0
2017-12-18,16:00:00,17.284,17.38,17.236,17.284,36516,0
2017-12-18,17:00:00,17.303,17.418,17.294,17.332,39629,0
2017-12-18,18:00:00,17.332,17.389,17.313,17.38,25688,0
2017-12-18,19:00:00,17.389,17.389,17.342,17.361,16297,0
2017-12-18,20:00:00,17.351,17.399,17.351,17.38,24299,0
2017-12-18,21:00:00,17.38,17.399,17.32,17.361,41885,0
2017-12-18,22:00:00,17.351,17.399,17.342,17.399,216004,0
2017-12-19,16:00:00,17.476,17.504,17.407,17.418,49601,0
2017-12-19,17:00:00,17.399,17.447,17.37,17.428,52681,0
2017-12-19,18:00:00,17.437,17.456,17.38,17.399,38508,0
2017-12-19,19:00:00,17.389,17.389,17.303,17.313,37482,0
2017-12-19,20:00:00,17.314,17.361,17.294,17.321,33386,0
2017-12-19,21:00:00,17.313,17.322,17.255,17.303,33413,0
2017-12-19,22:00:00,17.302,17.342,17.169,17.236,174553,0
2017-12-20,16:00:00,17.265,17.342,17.265,17.341,74331,0
2017-12-20,17:00:00,17.342,17.504,17.342,17.476,89620,0
2017-12-20,18:00:00,17.476,17.476,17.37,17.37,59661,0
2017-12-20,19:00:00,17.361,17.389,17.32,17.351,31534,0
2017-12-20,20:00:00,17.356,17.399,17.342,17.385,29634,0
2017-12-20,21:00:00,17.408,17.418,17.359,17.389,42945,0
2017-12-20,22:00:00,17.38,17.399,17.332,17.342,78448,0
2017-12-21,16:00:00,17.408,17.456,17.342,17.418,29416,0
2017-12-21,17:00:00,17.418,17.514,17.38,17.499,50421,0
2017-12-21,18:00:00,17.504,17.562,17.437,17.485,28290,0
2017-12-21,19:00:00,17.476,17.504,17.389,17.413,32668,0
2017-12-21,20:00:00,17.413,17.49,17.408,17.437,34686,0
2017-12-21,21:00:00,17.451,17.476,17.447,17.476,29679,0
2017-12-21,22:00:00,17.476,17.476,17.389,17.437,95299,0
2017-12-22,16:00:00,17.437,17.437,17.389,17.396,11348,0
2017-12-22,17:00:00,17.394,17.418,17.351,17.389,41166,0
2017-12-22,18:00:00,17.389,17.399,17.294,17.303,38054,0
2017-12-22,19:00:00,17.303,17.361,17.265,17.284,32094,0
2017-12-22,20:00:00,17.274,17.332,17.255,17.313,30903,0
2017-12-22,21:00:00,17.322,17.37,17.303,17.342,26448,0
2017-12-22,22:00:00,17.361,17.418,17.342,17.361,121329,0
2017-12-26,16:00:00,17.38,17.418,17.332,17.332,32949,0
2017-12-26,17:00:00,17.332,17.342,17.227,17.265,66818,0
2017-12-26,18:00:00,17.264,17.265,17.227,17.251,54591,0
2017-12-26,19:00:00,17.236,17.332,17.236,17.32,45254,0
2017-12-26,20:00:00,17.303,17.322,17.274,17.298,22662,0
2017-12-26,21:00:00,17.284,17.361,17.284,17.342,36814,0
2017-12-26,22:00:00,17.342,17.37,17.331,17.37,77063,0
2017-12-27,16:00:00,17.342,17.393,17.342,17.38,17814,0
2017-12-27,17:00:00,17.38,17.398,17.351,17.361,33375,0
2017-12-27,18:00:00,17.361,17.542,17.346,17.504,130714,0
2017-12-27,19:00:00,17.504,17.524,17.428,17.447,77502,0
2017-12-27,20:00:00,17.447,17.628,17.38,17.6,190673,0
2017-12-27,21:00:00,17.59,17.638,17.524,17.61,140569,0
2017-12-27,22:00:00,17.572,17.62,17.418,17.504,188409,0
2017-12-28,16:00:00,17.651,17.651,17.543,17.612,65293,0
2017-12-28,17:00:00,17.602,17.671,17.543,17.587,137943,0
2017-12-28,18:00:00,17.592,17.612,17.455,17.475,114550,0
2017-12-28,19:00:00,17.475,17.534,17.471,17.504,46391,0
2017-12-28,20:00:00,17.504,17.514,17.475,17.485,20091,0
2017-12-28,21:00:00,17.475,17.485,17.367,17.387,36556,0
2017-12-28,22:00:00,17.382,17.407,17.348,17.377,117100,0
2017-12-29,16:00:00,17.358,17.407,17.328,17.348,46447,0
2017-12-29,17:00:00,17.356,17.372,17.309,17.328,56190,0
2017-12-29,18:00:00,17.328,17.382,17.319,17.367,19356,0
2017-12-29,19:00:00,17.358,17.367,17.338,17.348,29280,0
2017-12-29,20:00:00,17.358,17.363,17.338,17.348,18285,0
2017-12-29,21:00:00,17.343,17.382,17.338,17.358,49815,0
2017-12-29,22:00:00,17.358,17.407,17.338,17.348,85893,0
2018-01-02,16:00:00,17.407,17.426,17.328,17.416,34453,0
2018-01-02,17:00:00,17.426,17.534,17.358,17.377,48162,0
2018-01-02,18:00:00,17.395,17.416,17.358,17.397,97972,0
2018-01-02,19:00:00,17.397,17.475,17.397,17.436,26269,0
2018-01-02,20:00:00,17.428,17.465,17.426,17.446,49452,0
2018-01-02,21:00:00,17.436,17.436,17.367,17.397,37290,0
2018-01-02,22:00:00,17.402,17.436,17.377,17.407,140124,0
2018-01-03,16:00:00,17.455,17.497,17.413,17.436,13302,0
2018-01-03,17:00:00,17.443,17.483,17.416,17.421,26535,0
2018-01-03,18:00:00,17.426,17.455,17.367,17.377,29814,0
2018-01-03,19:00:00,17.372,17.416,17.358,17.397,26060,0
2018-01-03,20:00:00,17.397,17.416,17.358,17.397,30370,0
2018-01-03,21:00:00,17.403,17.407,17.367,17.395,35257,0
2018-01-03,22:00:00,17.387,17.416,17.367,17.407,118038,0
2018-01-04,16:00:00,17.377,17.446,17.358,17.367,31853,0
2018-01-04,17:00:00,17.358,17.397,17.24,17.397,73585,0
2018-01-04,18:00:00,17.383,17.397,17.348,17.349,48314,0
2018-01-04,19:00:00,17.358,17.377,17.358,17.358,26180,0
2018-01-04,20:00:00,17.363,17.367,17.338,17.348,28192,0
2018-01-04,21:00:00,17.361,17.367,17.338,17.367,45456,0
2018-01-04,22:00:00,17.358,17.377,17.348,17.367,83638,0
2018-01-05,16:00:00,17.367,17.416,17.289,17.328,20211,0
2018-01-05,17:00:00,17.333,17.377,17.319,17.327,29378,0
2018-01-05,18:00:00,17.328,17.358,17.323,17.348,29328,0
2018-01-05,19:00:00,17.333,17.367,17.328,17.367,31034,0
2018-01-05,20:00:00,17.367,17.367,17.348,17.367,15371,0
2018-01-05,21:00:00,17.348,17.367,17.338,17.358,37966,0
2018-01-05,22:00:00,17.348,17.387,17.338,17.348,87763,0
2018-01-08,16:00:00,17.309,17.396,17.309,17.387,15869,0
2018-01-08,17:00:00,17.358,17.436,17.309,17.387,30159,0
2018-01-08,18:00:00,17.407,17.407,17.358,17.362,15809,0
2018-01-08,19:00:00,17.363,17.397,17.338,17.358,36610,0
2018-01-08,20:00:00,17.394,17.455,17.394,17.407,28767,0
2018-01-08,21:00:00,17.455,17.455,17.407,17.426,32738,0
2018-01-08,22:00:00,17.436,17.446,17.387,17.436,133820,0
2018-01-09,16:00:00,17.397,17.397,17.338,17.367,17152,0
2018-01-09,17:00:00,17.367,17.371,17.338,17.338,40092,0
2018-01-09,18:00:00,17.358,17.387,17.358,17.382,21416,0
2018-01-09,19:00:00,17.387,17.397,17.358,17.387,16163,0
2018-01-09,20:00:00,17.387,17.397,17.348,17.377,12043,0
2018-01-09,21:00:00,17.377,17.377,17.338,17.348,32671,0
2018-01-09,22:00:00,17.358,17.358,17.211,17.211,196316,0
2018-01-10,16:00:00,17.211,17.24,16.966,17.123,72229,0
2018-01-10,17:00:00,17.103,17.133,17.054,17.074,65368,0
2018-01-10,18:00:00,17.074,17.094,17.054,17.064,31650,0
2018-01-10,19:00:00,17.094,17.172,17.094,17.172,21244,0
2018-01-10,20:00:00,17.142,17.201,17.133,17.133,36924,0
2018-01-10,21:00:00,17.133,17.142,17.084,17.094,27257,0
2018-01-10,22:00:00,17.094,17.133,17.084,17.103,69801,0
2018-01-11,16:00:00,17.103,17.162,17.074,17.113,10882,0
2018-01-11,17:00:00,17.147,17.167,17.074,17.094,260802,0
2018-01-11,18:00:00,17.094,17.123,17.035,17.113,37247,0
2018-01-11,19:00:00,17.113,17.23,17.094,17.211,36045,0
2018-01-11,20:00:00,17.211,17.24,17.152,17.172,62515,0
2018-01-11,21:00:00,17.172,17.24,17.162,17.182,32841,0
2018-01-11,22:00:00,17.182,17.191,17.133,17.162,98398,0
2018-01-12,16:00:00,17.172,17.299,17.143,17.277,17743,0
2018-01-12,17:00:00,17.274,17.309,17.23,17.289,26854,0
2018-01-12,18:00:00,17.289,17.299,17.23,17.23,29766,0
2018-01-12,19:00:00,17.247,17.247,17.201,17.211,16074,0
2018-01-12,20:00:00,17.221,17.252,17.206,17.252,9426,0
2018-01-12,21:00:00,17.25,17.26,17.211,17.221,36455,0
2018-01-12,22:00:00,17.221,17.221,17.113,17.133,95422,0
2018-01-16,16:00:00,17.133,17.23,17.064,17.113,62084,0
2018-01-16,17:00:00,17.103,17.133,17.084,17.113,75258,0
2018-01-16,18:00:00,17.113,17.123,17.084,17.084,67827,0
2018-01-16,19:00:00,17.084,17.123,17.074,17.118,49525,0
2018-01-16,20:00:00,17.116,17.133,17.113,17.113,70557,0
2018-01-16,21:00:00,17.113,17.123,17.113,17.118,74201,0
2018-01-16,22:00:00,17.113,17.123,17.064,17.064,212804,0
2018-01-17,16:00:00,17.025,17.113,17.006,17.084,15854,0
2018-01-17,17:00:00,17.084,17.123,17.025,17.025,41616,0
2018-01-17,18:00:00,17.033,17.094,17.006,17.045,46248,0
2018-01-17,19:00:00,17.019,17.074,17.015,17.035,22634,0
2018-01-17,20:00:00,17.035,17.064,17.035,17.045,11927,0
2018-01-17,21:00:00,17.064,17.113,17.035,17.113,31193,0
2018-01-17,22:00:00,17.106,17.123,17.045,17.045,93635,0
2018-01-18,16:00:00,17.113,17.162,17.084,17.113,38113,0
2018-01-18,17:00:00,17.094,17.123,17.084,17.113,47966,0
2018-01-18,18:00:00,17.118,17.123,17.103,17.113,29398,0
2018-01-18,19:00:00,17.113,17.123,17.094,17.094,22166,0
2018-01-18,20:00:00,17.094,17.123,17.089,17.113,43105,0
2018-01-18,21:00:00,17.108,17.123,17.103,17.113,34069,0
2018-01-18,22:00:00,17.113,17.123,17.084,17.084,108874,0
2018-01-19,16:00:00,17.064,17.089,17.025,17.059,25845,0
2018-01-19,17:00:00,17.061,17.123,17.015,17.084,52419,0
2018-01-19,18:00:00,17.084,17.123,17.064,17.123,30340,0
2018-01-19,19:00:00,17.118,17.123,17.113,17.113,39286,0
2018-01-19,20:00:00,17.113,17.123,17.113,17.123,88228,0
2018-01-19,21:00:00,17.123,17.123,17.113,17.113,34238,0
2018-01-19,22:00:00,17.113,17.123,17.094,17.113,212693,0
2018-01-22,16:00:00,17.162,17.191,17.094,17.113,32646,0
2018-01-22,17:00:00,17.101,17.126,17.025,17.025,38832,0
2018-01-22,18:00:00,17.025,17.035,17.001,17.025,36644,0
2018-01-22,19:00:00,17.03,17.113,17.03,17.094,35061,0
2018-01-22,20:00:00,17.064,17.113,17.064,17.094,12976,0
2018-01-22,21:00:00,17.103,17.113,17.025,17.03,32534,0
2018-01-22,22:00:00,17.025,17.054,17.015,17.054,82448,0
2018-01-23,16:00:00,17.015,17.113,17.015,17.035,11103,0
2018-01-23,17:00:00,17.025,17.054,17.005,17.035,65513,0
2018-01-23,18:00:00,17.016,17.035,17.006,17.015,32756,0
2018-01-23,19:00:00,17.019,17.035,17.006,17.019,39060,0
2018-01-23,20:00:00,17.015,17.045,16.996,17.023,44062,0
2018-01-23,21:00:00,17.025,17.045,17.01,17.035,23210,0
2018-01-23,22:00:00,17.035,17.054,17.006,17.054,61238,0
2018-01-24,16:00:00,17.015,17.128,17.015,17.084,18993,0
2018-01-24,17:00:00,17.084,17.084,17.025,17.03,21457,0
2018-01-24,18:00:00,17.025,17.074,16.966,17.059,105463,0
2018-01-24,19:00:00,17.074,17.074,17.015,17.025,17377,0
2018-01-24,20:00:00,17.035,17.074,17.015,17.025,32437,0
2018-01-24,21:00:00,17.023,17.035,17.015,17.016,17364,0
2018-01-24,22:00:00,17.015,17.035,16.996,17.006,92325,0
2018-01-25,16:00:00,17.015,17.035,16.966,17.02,33268,0
2018-01-25,17:00:00,17.015,17.035,16.986,17.006,110547,0
2018-01-25,18:00:00,17.015,17.025,17.006,17.015,53766,0
2018-01-25,19:00:00,17.022,17.094,17.006,17.094,36662,0
2018-01-25,20:00:00,17.086,17.113,17.045,17.084,47577,0
2018-01-25,21:00:00,17.089,17.103,17.015,17.068,41356,0
2018-01-25,22:00:00,17.069,17.094,17.015,17.054,84715,0
2018-01-26,16:00:00,17.025,17.103,16.984,17.035,10920,0
2018-01-26,17:00:00,17.04,17.045,16.859,16.869,121235,0
2018-01-26,18:00:00,16.869,16.918,16.83,16.878,46786,0
2018-01-26,19:00:00,16.878,16.986,16.869,16.986,30484,0
2018-01-26,20:00:00,16.986,16.986,16.878,16.893,35495,0
2018-01-26,21:00:00,16.878,16.903,16.869,16.869,31455,0
2018-01-26,22:00:00,16.878,16.957,16.869,16.888,86974,0
2018-01-29,16:00:00,16.83,16.878,16.79,16.826,31523,0
2018-01-29,17:00:00,16.82,16.888,16.79,16.869,40543,0
2018-01-29,18:00:00,16.869,16.918,16.849,16.849,83849,0
2018-01-29,19:00:00,16.849,16.898,16.82,16.898,50424,0
2018-01-29,20:00:00,16.874,17.006,16.869,16.996,45777,0
2018-01-29,21:00:00,16.996,17.02,16.947,17.006,35356,0
2018-01-29,22:00:00,17.006,17.025,16.947,16.947,75260,0
2018-01-30,16:00:00,16.888,16.898,16.795,16.864,29665,0
2018-01-30,17:00:00,16.849,16.918,16.79,16.878,36815,0
2018-01-30,18:00:00,16.878,16.927,16.849,16.909,30020,0
2018-01-30,19:00:00,16.888,16.888,16.8,16.8,30809,0
2018-01-30,20:00:00,16.79,16.888,16.781,16.839,27882,0
2018-01-30,21:00:00,16.82,16.859,16.82,16.83,43247,0
2018-01-30,22:00:00,16.834,16.849,16.82,16.82,105187,0
2018-01-31,16:00:00,16.849,16.93,16.849,16.859,7294,0
2018-01-31,17:00:00,16.849,16.898,16.82,16.82,13346,0
2018-01-31,18:00:00,16.82,16.859,16.771,16.8,59501,0
2018-01-31,19:00:00,16.8,16.927,16.781,16.927,128617,0
2018-01-31,20:00:00,16.908,16.918,16.81,16.82,35648,0
2018-01-31,21:00:00,16.82,16.888,16.79,16.888,55309,0
2018-01-31,22:00:00,16.888,16.888,16.82,16.859,169558,0
2018-02-01,16:00:00,16.859,16.918,16.804,16.831,17504,0
2018-02-01,17:00:00,16.82,16.866,16.751,16.781,43914,0
2018-02-01,18:00:00,16.771,16.849,16.761,16.82,36716,0
2018-02-01,19:00:00,16.82,16.83,16.82,16.82,45424,0
2018-02-01,20:00:00,16.825,16.83,16.761,16.766,35043,0
2018-02-01,21:00:00,16.771,16.771,16.742,16.751,21800,0
2018-02-01,22:00:00,16.757,16.761,16.712,16.742,61325,0
2018-02-02,16:00:00,16.712,16.81,16.703,16.722,18020,0
2018-02-02,17:00:00,16.751,16.765,16.712,16.727,16667,0
2018-02-02,18:00:00,16.722,16.732,16.683,16.703,36397,0
2018-02-02,19:00:00,16.693,16.702,16.644,16.658,19069,0
2018-02-02,20:00:00,16.654,16.663,16.634,16.644,22104,0
2018-02-02,21:00:00,16.644,16.654,16.536,16.536,55714,0
2018-02-02,22:00:00,16.536,16.549,16.487,16.517,106757,0
2018-02-05,16:00:00,16.478,16.526,16.438,16.45,48030,0
2018-02-05,17:00:00,16.46,16.468,16.438,16.465,61656,0
2018-02-05,18:00:00,16.465,16.487,16.429,16.438,78186,0
2018-02-05,19:00:00,16.429,16.437,16.38,16.399,42537,0
2018-02-05,20:00:00,16.399,16.399,16.331,16.371,73006,0
2018-02-05,21:00:00,16.372,16.409,16.301,16.321,56986,0
2018-02-05,22:00:00,16.321,16.458,16.272,16.321,178937,0
2018-02-06,16:00:00,16.184,16.36,16.125,16.243,36894,0
2018-02-06,17:00:00,16.262,16.399,16.262,16.283,42808,0
2018-02-06,18:00:00,16.283,16.341,16.262,16.313,38276,0
2018-02-06,19:00:00,16.311,16.38,16.311,16.341,22059,0
2018-02-06,20:00:00,16.341,16.37,16.321,16.331,42675,0
2018-02-06,21:00:00,16.331,16.468,16.331,16.448,50685,0
2018-02-06,22:00:00,16.468,16.556,16.468,16.546,140513,0
2018-02-07,16:00:00,16.526,16.595,16.497,16.556,23767,0
2018-02-07,17:00:00,16.526,16.556,16.478,16.507,49551,0
2018-02-07,18:00:00,16.517,16.566,16.497,16.513,53753,0
2018-02-07,19:00:00,16.512,16.634,16.478,16.624,149416,0
2018-02-07,20:00:00,16.624,16.624,16.517,16.526,38002,0
2018-02-07,21:00:00,16.517,16.551,16.429,16.497,39419,0
2018-02-07,22:00:00,16.507,16.605,16.39,16.429,118435,0
2018-02-08,16:00:00,16.429,16.486,16.331,16.453,18399,0
2018-02-08,17:00:00,16.453,16.468,16.301,16.341,32709,0
2018-02-08,18:00:00,16.341,16.419,16.282,16.301,37480,0
2018-02-08,19:00:00,16.292,16.302,16.233,16.243,62988,0
2018-02-08,20:00:00,16.243,16.301,16.233,16.233,49338,0
2018-02-08,21:00:00,16.233,16.243,16.135,16.145,82788,0
2018-02-08,22:00:00,16.145,16.184,16.008,16.018,215413,0
2018-02-09,16:00:00,16.057,16.135,16.018,16.047,10701,0
2018-02-09,17:00:00,16.047,16.067,15.959,15.969,61723,0
2018-02-09,18:00:00,15.979,16.018,15.881,15.989,69819,0
2018-02-09,19:00:00,15.989,15.989,15.793,15.918,83828,0
2018-02-09,20:00:00,15.93,15.93,15.842,15.871,53483,0
2018-02-09,21:00:00,15.871,16.067,15.871,15.901,51880,0
2018-02-09,22:00:00,15.891,16.165,15.871,16.067,153773,0
2018-02-12,16:00:00,16.086,16.096,16.013,16.057,39470,0
2018-02-12,17:00:00,16.047,16.106,16.015,16.057,30653,0
2018-02-12,18:00:00,16.057,16.233,16.028,16.233,47604,0
2018-02-12,19:00:00,16.213,16.334,16.213,16.272,15814,0
2018-02-12,20:00:00,16.277,16.36,16.253,16.36,28639,0
2018-02-12,21:00:00,16.355,16.38,16.311,16.321,29826,0
2018-02-12,22:00:00,16.311,16.399,16.292,16.37,86293,0
2018-02-13,16:00:00,16.331,16.341,16.282,16.282,7993,0
2018-02-13,17:00:00,16.282,16.38,16.272,16.37,14915,0
2018-02-13,18:00:00,16.38,16.487,16.331,16.478,23504,0
2018-02-13,19:00:00,16.458,16.463,16.438,16.448,6293,0
2018-02-13,20:00:00,16.448,16.536,16.448,16.517,9354,0
2018-02-13,21:00:00,16.522,16.575,16.517,16.575,24582,0
2018-02-13,22:00:00,16.575,16.614,16.517,16.517,58055,0
2018-02-14,16:00:00,16.458,16.575,16.448,16.556,14596,0
2018-02-14,17:00:00,16.507,16.673,16.507,16.644,15069,0
2018-02-14,18:00:00,16.673,16.673,16.517,16.536,18470,0
2018-02-14,19:00:00,16.536,16.585,16.536,16.566,15108,0
2018-02-14,20:00:00,16.556,16.644,16.547,16.614,30177,0
2018-02-14,21:00:00,16.644,16.663,16.556,16.556,16650,0
2018-02-14,22:00:00,16.556,16.577,16.517,16.536,43348,0
2018-02-15,16:00:00,16.575,16.702,16.575,16.673,12975,0
2018-02-15,17:00:00,16.673,16.746,16.673,16.702,48302,0
2018-02-15,18:00:00,16.673,16.771,16.673,16.705,19800,0
2018-02-15,19:00:00,16.706,16.82,16.702,16.81,42432,0
2018-02-15,20:00:00,16.81,16.82,16.79,16.8,27504,0
2018-02-15,21:00:00,16.8,16.82,16.79,16.8,23363,0
2018-02-15,22:00:00,16.8,16.869,16.79,16.869,46061,0
2018-02-16,16:00:00,16.82,16.965,16.82,16.965,10184,0
2018-02-16,17:00:00,16.947,17.113,16.947,17.108,39034,0
2018-02-16,18:00:00,17.113,17.133,17.074,17.102,47655,0
2018-02-16,19:00:00,17.113,17.113,17.035,17.064,15515,0
2018-02-16,20:00:00,17.074,17.113,17.074,17.094,18790,0
2018-02-16,21:00:00,17.094,17.113,16.986,17.015,23579,0
2018-02-16,22:00:00,17.015,17.025,16.888,16.947,92659,0
2018-02-20,16:00:00,16.878,16.966,16.859,16.927,10392,0
2018-02-20,17:00:00,16.927,16.927,16.762,16.781,38325,0
2018-02-20,18:00:00,16.79,16.839,16.781,16.82,36489,0
2018-02-20,19:00:00,16.82,16.829,16.79,16.795,18311,0
2018-02-20,20:00:00,16.79,16.8,16.751,16.766,41885,0
2018-02-20,21:00:00,16.761,16.771,16.693,16.707,26465,0
2018-02-20,22:00:00,16.702,16.707,16.575,16.575,122458,0
2018-02-21,16:00:00,16.605,16.79,16.585,16.702,21610,0
2018-02-21,17:00:00,16.707,16.707,16.507,16.556,65428,0
2018-02-21,18:00:00,16.546,16.614,16.526,16.546,56191,0
2018-02-21,19:00:00,16.556,16.614,16.517,16.575,36245,0
2018-02-21,20:00:00,16.575,16.575,16.536,16.551,22946,0
2018-02-21,21:00:00,16.546,16.575,16.497,16.531,34678,0
2018-02-21,22:00:00,16.546,16.546,16.399,16.399,85737,0
2018-02-22,16:00:00,16.409,16.673,16.409,16.658,16940,0
2018-02-22,17:00:00,16.654,16.663,16.556,16.605,35334,0
2018-02-22,18:00:00,16.614,16.761,16.614,16.634,34959,0
2018-02-22,19:00:00,16.654,16.883,16.654,16.849,40163,0
2018-02-22,20:00:00,16.821,16.849,16.722,16.761,28320,0
2018-02-22,21:00:00,16.761,16.82,16.673,16.683,41294,0
2018-02-22,22:00:00,16.683,16.79,16.683,16.79,90384,0
2018-02-23,16:00:00,16.839,16.898,16.81,16.863,12073,0
2018-02-23,17:00:00,16.877,16.878,16.82,16.82,16063,0
2018-02-23,18:00:00,16.83,16.888,16.82,16.888,24864,0
2018-02-23,19:00:00,16.878,16.904,16.859,16.874,21319,0
2018-02-23,20:00:00,16.874,16.908,16.869,16.898,12886,0
2018-02-23,21:00:00,16.888,16.957,16.888,16.952,18505,0
2018-02-23,22:00:00,16.957,17.015,16.947,16.986,52269,0
2018-02-26,16:00:00,16.927,17.074,16.878,17.025,27325,0
2018-02-26,17:00:00,17.02,17.094,16.957,17.025,28942,0
2018-02-26,18:00:00,17.015,17.05,16.986,17.05,19034,0
2018-02-26,19:00:00,17.035,17.064,17.015,17.015,30585,0
2018-02-26,20:00:00,17.035,17.094,17.015,17.089,22109,0
2018-02-26,21:00:00,17.094,17.142,17.084,17.113,42856,0
2018-02-26,22:00:00,17.123,17.138,17.074,17.084,113194,0
2018-02-27,16:00:00,17.113,17.211,17.05,17.113,130035,0
2018-02-27,17:00:00,17.113,17.162,17.064,17.084,107404,0
2018-02-27,18:00:00,17.074,17.084,16.986,17.04,30912,0
2018-02-27,19:00:00,17.04,17.045,16.869,16.927,25851,0
2018-02-27,20:00:00,16.927,16.927,16.839,16.839,30012,0
2018-02-27,21:00:00,16.849,16.908,16.781,16.83,29465,0
2018-02-27,22:00:00,16.82,16.82,16.751,16.79,91759,0
2018-02-28,16:00:00,16.81,16.839,16.761,16.82,3492,0
2018-02-28,17:00:00,16.839,16.839,16.702,16.742,9596,0
2018-02-28,18:00:00,16.73,16.79,16.693,16.732,12564,0
2018-02-28,19:00:00,16.702,16.732,16.585,16.592,72194,0
2018-02-28,20:00:00,16.585,16.59,16.507,16.556,40537,0
2018-02-28,21:00:00,16.566,16.566,16.478,16.487,32215,0
2018-02-28,22:00:00,16.487,16.497,16.38,16.478,268620,0
2018-03-01,16:00:00,16.429,16.478,16.35,16.39,10209,0
2018-03-01,17:00:00,16.399,16.438,16.331,16.35,53586,0
2018-03-01,18:00:00,16.341,16.419,16.341,16.419,28966,0
2018-03-01,19:00:00,16.414,16.458,16.36,16.36,76596,0
2018-03-01,20:00:00,16.36,16.38,16.282,16.282,35059,0
2018-03-01,21:00:00,16.282,16.341,16.233,16.262,33694,0
2018-03-01,22:00:00,16.262,16.39,16.262,16.39,91403,0
2018-03-02,16:00:00,16.292,16.35,16.282,16.282,2818,0
2018-03-02,17:00:00,16.316,16.39,16.279,16.37,6195,0
2018-03-02,18:00:00,16.341,16.468,16.341,16.458,20585,0
2018-03-02,19:00:00,16.458,16.546,16.448,16.526,17815,0
2018-03-02,20:00:00,16.497,16.507,16.301,16.37,124826,0
2018-03-02,21:00:00,16.37,16.38,16.331,16.36,20538,0
2018-03-02,22:00:00,16.341,16.448,16.301,16.448,141675,0
2018-03-05,16:00:00,16.409,16.536,16.409,16.526,9777,0
2018-03-05,17:00:00,16.497,16.546,16.497,16.525,15567,0
2018-03-05,18:00:00,16.536,16.654,16.526,16.644,29687,0
2018-03-05,19:00:00,16.642,16.722,16.634,16.688,14896,0
2018-03-05,20:00:00,16.683,16.732,16.614,16.634,18963,0
2018-03-05,21:00:00,16.644,16.683,16.595,16.683,21286,0
2018-03-05,22:00:00,16.673,16.702,16.605,16.654,76554,0
2018-03-06,16:00:00,16.673,16.673,16.548,16.575,5554,0
2018-03-06,17:00:00,16.605,16.644,16.507,16.526,10310,0
2018-03-06,18:00:00,16.516,16.614,16.487,16.526,15235,0
2018-03-06,19:00:00,16.546,16.585,16.526,16.551,24377,0
2018-03-06,20:00:00,16.585,16.673,16.556,16.639,20138,0
2018-03-06,21:00:00,16.654,16.722,16.605,16.722,35214,0
2018-03-06,22:00:00,16.722,16.82,16.693,16.732,66028,0
2018-03-07,16:00:00,16.644,16.761,16.644,16.693,5605,0
2018-03-07,17:00:00,16.683,16.771,16.654,16.673,11800,0
2018-03-07,18:00:00,16.673,16.693,16.624,16.654,8905,0
2018-03-07,19:00:00,16.629,16.673,16.614,16.644,15441,0
2018-03-07,20:00:00,16.644,16.751,16.634,16.742,11755,0
2018-03-07,21:00:00,16.742,16.761,16.683,16.683,10894,0
2018-03-07,22:00:00,16.678,16.712,16.654,16.663,51290,0
2018-03-08,16:00:00,16.654,16.742,16.634,16.644,2795,0
2018-03-08,17:00:00,16.673,16.693,16.585,16.585,15727,0
2018-03-08,18:00:00,16.605,16.673,16.536,16.644,64877,0
2018-03-08,19:00:00,16.654,16.673,16.556,16.595,14105,0
2018-03-08,20:00:00,16.614,16.683,16.605,16.634,16824,0
2018-03-08,21:00:00,16.634,16.634,16.585,16.605,15870,0
2018-03-08,22:00:00,16.615,16.639,16.566,16.585,59757,0
2018-03-09,16:00:00,16.673,16.673,16.526,16.546,8047,0
2018-03-09,17:00:00,16.58,16.673,16.566,16.654,10141,0
2018-03-09,18:00:00,16.644,16.742,16.644,16.702,15818,0
2018-03-09,19:00:00,16.732,16.8,16.712,16.8,10346,0
2018-03-09,20:00:00,16.781,16.79,16.751,16.79,54159,0
2018-03-09,21:00:00,16.799,16.839,16.79,16.81,11137,0
2018-03-09,22:00:00,16.81,16.918,16.81,16.918,57151,0
2018-03-12,15:00:00,16.898,17.015,16.85,17.006,7799,0
2018-03-12,16:00:00,17.015,17.103,16.957,17.084,20343,0
2018-03-12,17:00:00,17.084,17.113,16.976,16.991,16256,0
2018-03-12,18:00:00,16.966,17.074,16.966,17.006,13832,0
2018-03-12,19:00:00,17.006,17.035,16.966,17.01,14479,0
2018-03-12,20:00:00,17.035,17.035,16.947,16.981,16387,0
2018-03-12,21:00:00,16.996,17.064,16.979,17.054,102875,0
2018-03-13,15:00:00,17.054,17.054,16.996,17.035,4563,0
2018-03-13,16:00:00,17.015,17.025,16.878,16.908,27603,0
2018-03-13,17:00:00,16.932,16.986,16.898,16.927,13543,0
2018-03-13,18:00:00,16.927,16.957,16.83,16.888,23044,0
2018-03-13,19:00:00,16.908,16.918,16.849,16.869,17373,0
2018-03-13,20:00:00,16.869,16.878,16.79,16.79,11426,0
2018-03-13,21:00:00,16.8,16.82,16.712,16.781,84277,0
2018-03-14,15:00:00,16.82,16.888,16.8,16.878,6089,0
2018-03-14,16:00:00,16.878,16.918,16.82,16.839,20169,0
2018-03-14,17:00:00,16.83,16.859,16.79,16.849,14285,0
2018-03-14,18:00:00,16.859,16.862,16.79,16.81,12602,0
2018-03-14,19:00:00,16.81,16.878,16.781,16.859,16734,0
2018-03-14,20:00:00,16.869,16.908,16.82,16.908,17877,0
2018-03-14,21:00:00,16.898,16.937,16.839,16.849,89545,0
2018-03-15,15:00:00,16.849,16.849,16.732,16.771,4353,0
2018-03-15,16:00:00,16.712,16.781,16.702,16.702,16425,0
2018-03-15,17:00:00,16.702,16.79,16.673,16.712,30717,0
2018-03-15,18:00:00,16.712,16.751,16.663,16.673,16062,0
2018-03-15,19:00:00,16.673,16.722,16.654,16.658,13225,0
2018-03-15,20:00:00,16.654,16.722,16.624,16.673,23403,0
2018-03-15,21:00:00,16.673,16.751,16.673,16.751,81547,0
2018-03-16,15:00:00,16.742,16.829,16.716,16.829,61596,0
2018-03-16,16:00:00,16.83,16.888,16.751,16.822,10790,0
2018-03-16,17:00:00,16.81,16.849,16.761,16.771,15303,0
2018-03-16,18:00:00,16.82,16.83,16.732,16.79,9147,0
2018-03-16,19:00:00,16.786,16.81,16.742,16.756,4212,0
2018-03-16,20:00:00,16.742,16.751,16.654,16.683,17121,0
2018-03-16,21:00:00,16.693,16.722,16.634,16.712,98632,0
2018-03-19,15:00:00,16.693,16.757,16.663,16.737,5497,0
2018-03-19,16:00:00,16.742,16.79,16.71,16.751,12475,0
2018-03-19,17:00:00,16.72,16.771,16.712,16.771,4390,0
2018-03-19,18:00:00,16.79,16.79,16.693,16.702,6768,0
2018-03-19,19:00:00,16.693,16.732,16.659,16.722,8928,0
2018-03-19,20:00:00,16.722,16.781,16.702,16.781,7642,0
2018-03-19,21:00:00,16.786,16.937,16.751,16.878,64703,0
2018-03-20,15:00:00,16.849,16.849,16.775,16.839,3150,0
2018-03-20,16:00:00,16.839,16.957,16.839,16.937,11837,0
2018-03-20,17:00:00,16.947,16.947,16.83,16.883,9988,0
2018-03-20,18:00:00,16.898,16.898,16.82,16.859,7777,0
2018-03-20,19:00:00,16.859,16.918,16.849,16.878,11207,0
2018-03-20,20:00:00,16.893,16.957,16.888,16.957,15370,0
2018-03-20,21:00:00,16.947,16.996,16.937,16.947,77425,0
2018-03-21,15:00:00,16.888,16.957,16.855,16.913,4149,0
2018-03-21,16:00:00,16.878,17.094,16.878,17.074,34912,0
2018-03-21,17:00:00,17.064,17.152,17.015,17.123,28429,0
2018-03-21,18:00:00,17.133,17.152,17.103,17.133,12653,0
2018-03-21,19:00:00,17.133,17.162,17.113,17.152,17656,0
2018-03-21,20:00:00,17.142,17.172,17.064,17.103,19250,0
2018-03-21,21:00:00,17.094,17.103,17.045,17.074,59678,0
2018-03-22,15:00:00,16.986,17.108,16.981,17.108,7659,0
2018-03-22,16:00:00,17.108,17.191,17.074,17.152,39828,0
2018-03-22,17:00:00,17.142,17.201,17.133,17.191,17180,0
2018-03-22,18:00:00,17.172,17.172,17.074,17.152,77299,0
2018-03-22,19:00:00,17.142,17.172,17.123,17.142,16288,0
2018-03-22,20:00:00,17.162,17.162,17.094,17.103,26416,0
2018-03-22,21:00:00,17.089,17.152,16.918,16.918,69367,0
2018-03-23,15:00:00,16.908,17.074,16.898,17.045,11883,0
2018-03-23,16:00:00,17.064,17.084,17.006,17.03,76055,0
2018-03-23,17:00:00,17.035,17.074,16.996,16.996,73343,0
2018-03-23,18:00:00,16.976,17.015,16.976,16.986,13971,0
2018-03-23,19:00:00,16.986,16.996,16.966,16.974,8539,0
2018-03-23,20:00:00,16.975,16.986,16.927,16.927,36955,0
2018-03-23,21:00:00,16.927,16.947,16.79,16.79,80817,0
2018-03-26,16:00:00,16.898,16.918,16.761,16.781,5744,0
2018-03-26,17:00:00,16.822,16.859,16.742,16.83,21903,0
2018-03-26,18:00:00,16.849,16.908,16.8,16.849,22786,0
2018-03-26,19:00:00,16.839,16.878,16.761,16.761,18201,0
2018-03-26,20:00:00,16.722,16.786,16.722,16.761,19690,0
2018-03-26,21:00:00,16.771,16.83,16.693,16.732,44964,0
2018-03-26,22:00:00,16.732,16.859,16.732,16.781,69703,0
2018-03-27,16:00:00,16.976,17.045,16.742,16.761,33522,0
2018-03-27,17:00:00,16.771,16.851,16.761,16.82,43867,0
2018-03-27,18:00:00,16.81,16.966,16.781,16.966,46683,0
2018-03-27,19:00:00,16.976,16.995,16.927,16.947,22747,0
2018-03-27,20:00:00,16.937,16.937,16.82,16.859,32475,0
2018-03-27,21:00:00,16.859,16.947,16.859,16.947,30209,0
2018-03-27,22:00:00,16.927,16.947,16.805,16.81,111778,0
2018-03-28,16:00:00,16.8,16.85,16.62,16.68,20641,0
2018-03-28,17:00:00,16.67,16.74,16.65,16.65,60251,0
2018-03-28,18:00:00,16.65,16.69,16.62,16.64,39668,0
2018-03-28,19:00:00,16.65,16.69,16.63,16.65,14698,0
2018-03-28,20:00:00,16.65,16.7,16.63,16.69,30180,0
2018-03-28,21:00:00,16.67,16.73,16.67,16.71,31214,0
2018-03-28,22:00:00,16.7,16.73,16.66,16.72,92583,0
2018-03-29,16:00:00,16.7,16.81,16.61,16.62,26538,0
2018-03-29,17:00:00,16.64,16.65,16.55,16.6,43486,0
2018-03-29,18:00:00,16.6,16.66,16.56,16.6,27330,0
2018-03-29,19:00:00,16.59,16.64,16.5899,16.6,21114,0
2018-03-29,20:00:00,16.6,16.66,16.57,16.64,31801,0
2018-03-29,21:00:00,16.63,16.665,16.59,16.59,28958,0
2018-03-29,22:00:00,16.59,16.6332,16.5,16.54,191011,0
