Date,Time,Open,High,Low,Close,Volume,OpenInt
2016-02-03,16:00:00,27.05,27.05,27.05,27.05,422,0
2016-02-03,17:00:00,26.95,27.112,26.95,27.112,1535,0
2016-02-03,18:00:00,27,27.02,27,27,911,0
2016-02-03,19:00:00,27.0499,27.0499,27.0499,27.0499,570,0
2016-02-03,22:00:00,27.05,27.05,26.996,26.996,400,0
2016-02-04,18:00:00,26.75,26.78,26.68,26.7,1000,0
2016-02-05,17:00:00,27.19,27.19,26.8,26.8,1715,0
2016-02-08,18:00:00,27.19,27.28,27.19,27.27,824,0
2016-02-08,19:00:00,26.98,26.98,26.98,26.98,300,0
2016-02-09,20:00:00,26.8,27,26.8,27,200,0
2016-02-09,21:00:00,26.95,26.95,26.95,26.95,200,0
2016-02-12,17:00:00,27.26,27.26,27.26,27.26,100,0
2016-02-12,20:00:00,27.2999,27.3,26.935,26.935,800,0
2016-02-16,17:00:00,27.2111,27.2111,27.2111,27.2111,575,0
2016-02-17,16:00:00,27.27,27.27,27.27,27.27,740,0
2016-02-17,17:00:00,26.93,26.93,26.93,26.93,100,0
2016-02-17,22:00:00,27.1007,27.1007,27.1007,27.1007,740,0
2016-02-18,17:00:00,27.28,27.32,27.28,27.29,1024,0
2016-02-18,18:00:00,27.01,27.01,27.01,27.01,100,0
2016-02-18,19:00:00,27.02,27.02,27.02,27.02,100,0
2016-02-18,22:00:00,27.2,27.3,27.2,27.3,300,0
2016-02-19,21:00:00,27.31,27.32,27.29,27.32,1815,0
2016-02-19,22:00:00,27.03,27.03,27.03,27.03,100,0
2016-02-22,16:00:00,26.82,27.29,26.82,27.29,720,0
2016-02-22,17:00:00,27.05,27.05,27.05,27.05,100,0
2016-02-22,20:00:00,27.27,27.32,27.27,27.32,1838,0
2016-02-22,22:00:00,27.3,27.3,27.3,27.3,100,0
2016-02-23,18:00:00,27.29,27.29,27.29,27.29,238,0
2016-02-23,19:00:00,26.9501,26.9501,26.9501,26.9501,1500,0
2016-02-23,20:00:00,27.1,27.2,27.06,27.2,1600,0
2016-02-23,21:00:00,27.2,27.2,27.11,27.11,400,0
2016-02-23,22:00:00,27.1548,27.1548,27.1,27.1,3900,0
2016-02-24,18:00:00,27.2406,27.2406,27.2406,27.2406,200,0
2016-02-25,18:00:00,27.0198,27.0198,27.0198,27.0198,200,0
2016-02-26,16:00:00,27.29,27.29,27.29,27.29,404,0
2016-02-26,19:00:00,27.0237,27.0237,27.0237,27.0237,600,0
2016-02-26,21:00:00,27.02,27.05,27.01,27.0101,3200,0
2016-02-26,22:00:00,27.11,27.19,27.11,27.13,1100,0
2016-02-29,16:00:00,27.2,27.2,27.2,27.2,100,0
2016-02-29,17:00:00,27.25,27.25,26.95,26.95,4100,0
2016-02-29,18:00:00,26.95,27.24,26.95,27.24,206,0
2016-02-29,20:00:00,27.17,27.2,27.115,27.1486,1379,0
2016-02-29,22:00:00,27.15,27.15,27.03,27.03,200,0
2016-03-02,19:00:00,27.1999,27.72,27.1999,27.4,32800,0
2016-03-02,20:00:00,27.22,27.22,27.22,27.22,900,0
2016-03-03,17:00:00,27.7,27.7,27.6,27.69,1300,0
2016-03-03,19:00:00,27.678,27.678,27.678,27.678,159,0
2016-03-03,22:00:00,27.25,27.35,27.25,27.31,1000,0
2016-03-07,19:00:00,27.41,27.41,27.361,27.361,800,0
2016-03-07,20:00:00,27.36,27.36,27.36,27.36,100,0
2016-03-08,16:00:00,27.62,27.63,27.24,27.24,800,0
2016-03-08,17:00:00,27.14,27.3,27.1101,27.3,1100,0
2016-03-08,18:00:00,27.31,27.31,27.31,27.31,100,0
2016-03-08,20:00:00,27.32,27.5544,27.32,27.5544,840,0
2016-03-08,22:00:00,27.1375,27.1375,27.1375,27.1375,500,0
2016-03-09,16:00:00,28.21,28.21,27.26,27.3,300,0
2016-03-09,17:00:00,27.88,27.97,27.81,27.81,300,0
2016-03-09,21:00:00,27.78,27.78,27.78,27.78,593,0
2016-03-10,17:00:00,27.78,27.78,27.78,27.78,100,0
2016-03-10,20:00:00,27.76,27.76,27.76,27.76,100,0
2016-03-11,22:00:00,27.79,27.79,27.79,27.79,100,0
2016-03-14,16:00:00,27.6,27.6,27.6,27.6,986,0
2016-03-14,18:00:00,27.55,27.55,27.55,27.55,2000,0
2016-03-15,15:00:00,28.05,28.05,28.05,28.05,600,0
2016-03-15,19:00:00,27.6,27.6,27.55,27.55,1505,0
2016-03-18,16:00:00,27.261,27.261,27.261,27.261,110,0
2016-03-18,18:00:00,27.03,27.03,27.03,27.03,500,0
2016-03-18,20:00:00,27.45,27.45,27.45,27.45,300,0
2016-03-18,21:00:00,27.42,27.45,27.41,27.41,500,0
2016-03-21,17:00:00,27.297,27.297,27.297,27.297,535,0
2016-03-22,19:00:00,27.45,27.45,27.45,27.45,350,0
2016-03-22,21:00:00,27.45,27.45,27.45,27.45,965,0
2016-03-23,15:00:00,27.45,27.45,27.44,27.4499,1587,0
2016-03-24,18:00:00,27.7536,27.7536,27.7536,27.7536,340,0
2016-03-28,16:00:00,28.02,28.03,27.9198,27.9198,1250,0
2016-03-28,18:00:00,27.75,27.75,27.1,27.4172,900,0
2016-03-28,21:00:00,27.3,27.3,27.3,27.3,400,0
2016-03-29,22:00:00,27.15,27.2,27.15,27.2,435,0
2016-03-31,16:00:00,26.93,26.93,26.93,26.93,100,0
2016-03-31,17:00:00,26.95,26.95,26.95,26.95,220,0
2016-03-31,21:00:00,26.95,26.95,26.95,26.95,880,0
2016-04-01,16:00:00,26.95,26.95,26.95,26.95,200,0
2016-04-05,21:00:00,26.6001,26.6001,26.6,26.6,400,0
2016-04-06,18:00:00,26.92,26.92,26.9199,26.9199,483,0
2016-04-07,18:00:00,26.91,26.91,26.91,26.91,700,0
2016-04-11,19:00:00,26.91,26.91,26.87,26.87,1000,0
2016-04-11,20:00:00,26.91,26.91,26.91,26.91,100,0
2016-04-11,21:00:00,26.94,26.9499,26.94,26.9499,300,0
2016-04-12,16:00:00,26.9,26.9005,26.9,26.9005,1100,0
2016-04-12,17:00:00,26.947,26.947,26.947,26.947,800,0
2016-04-12,19:00:00,26.8885,26.8885,26.86,26.86,1475,0
2016-04-12,22:00:00,26.8999,26.8999,26.8999,26.8999,825,0
2016-04-13,20:00:00,26.8378,26.8378,26.8378,26.8378,360,0
2016-04-14,17:00:00,26.8496,26.8496,26.8496,26.8496,724,0
2016-04-14,18:00:00,26.9,26.9,26.9,26.9,546,0
2016-04-14,20:00:00,26.89,26.9,26.89,26.9,1000,0
2016-04-14,21:00:00,26.9,26.9,26.7777,26.7777,367,0
2016-04-19,17:00:00,26.9,26.9,26.9,26.9,950,0
2016-04-19,22:00:00,26.78,26.78,26.78,26.78,141,0
2016-04-20,19:00:00,26.8139,26.9,26.8122,26.9,300,0
2016-04-20,20:00:00,26.85,26.85,26.85,26.85,180,0
2016-04-21,17:00:00,26.9,26.9,26.9,26.9,300,0
2016-04-21,22:00:00,26.9,26.9,26.9,26.9,361,0
2016-04-22,19:00:00,26.9,26.9,26.8087,26.8087,689,0
2016-04-25,16:00:00,26.96,26.99,26.96,26.99,1975,0
2016-04-27,16:00:00,26.99,26.99,26.99,26.99,600,0
2016-05-02,20:00:00,26.98,26.98,26.98,26.98,300,0
2016-05-03,17:00:00,26.98,26.99,26.9204,26.98,2400,0
2016-05-03,21:00:00,26.99,26.99,26.99,26.99,230,0
2016-05-05,17:00:00,26.98,26.98,26.98,26.98,500,0
2016-05-05,19:00:00,26.6001,26.6001,26.6001,26.6001,200,0
2016-05-05,20:00:00,26.98,26.98,26.9799,26.9799,500,0
2016-05-06,16:00:00,26.9799,26.9799,26.9799,26.9799,600,0
2016-05-06,21:00:00,26.98,26.98,26.98,26.98,300,0
2016-05-06,22:00:00,26.9887,26.9887,26.9887,26.9887,314,0
2016-05-09,20:00:00,26.8764,26.8764,26.8764,26.8764,435,0
2016-05-09,21:00:00,26.7464,26.7464,26.7464,26.7464,100,0
2016-05-09,22:00:00,26.8484,26.8484,26.8484,26.8484,162,0
2016-05-10,16:00:00,27.18,27.18,27.18,27.18,371,0
2016-05-10,21:00:00,26.97,26.97,26.97,26.97,194,0
2016-05-11,16:00:00,27.17,27.17,27.17,27.17,334,0
2016-05-12,18:00:00,26.8701,26.8701,26.8701,26.8701,109,0
2016-05-12,22:00:00,26.8034,26.8034,26.8034,26.8034,289,0
2016-05-13,22:00:00,27.0712,27.0712,27.0712,27.0712,365,0
2016-05-16,16:00:00,26.9016,26.9016,26.9016,26.9016,1000,0
2016-05-16,18:00:00,27.15,27.15,27.15,27.15,300,0
2016-05-17,18:00:00,27.18,27.18,27.18,27.18,2486,0
2016-05-17,22:00:00,27.17,27.17,27.17,27.17,194,0
2016-05-18,18:00:00,27.04,27.05,27.04,27.05,200,0
2016-05-18,22:00:00,26.9227,26.9227,26.9227,26.9227,800,0
2016-05-19,16:00:00,27.18,27.18,27.18,27.18,250,0
2016-05-19,17:00:00,27.16,27.16,27.0956,27.0956,700,0
2016-05-19,22:00:00,26.9714,26.9714,26.9701,26.9701,666,0
2016-05-20,22:00:00,27.0031,27.0031,27.0031,27.0031,222,0
2016-05-23,16:00:00,26.9661,27,26.9661,27,1638,0
2016-05-23,17:00:00,27.0001,27.01,27,27,5262,0
2016-05-23,21:00:00,27.01,27.0315,27,27,3000,0
2016-05-24,17:00:00,27.0375,27.0375,27.0375,27.0375,735,0
2016-05-24,18:00:00,27.15,27.15,27.15,27.15,300,0
2016-05-24,19:00:00,27.1499,27.1499,27.0757,27.0757,288,0
2016-05-25,21:00:00,27.18,27.18,27.18,27.18,369,0
2016-05-26,22:00:00,27,27.1699,27,27.1084,1256,0
2016-05-27,17:00:00,27.18,27.18,27.18,27.18,400,0
2016-05-27,18:00:00,27.18,27.18,27.1799,27.18,705,0
2016-05-27,22:00:00,27.17,27.17,27.1115,27.1115,526,0
2016-05-31,16:00:00,27.18,27.18,27.18,27.18,3720,0
2016-05-31,19:00:00,27.2499,27.2499,27.2499,27.2499,800,0
2016-05-31,20:00:00,27.2104,27.2104,27.2104,27.2104,109,0
2016-05-31,22:00:00,27.22,27.22,27.22,27.22,200,0
2016-06-01,17:00:00,27.3,27.42,27.27,27.42,1335,0
2016-06-01,18:00:00,27.42,27.42,27.42,27.42,100,0
2016-06-01,19:00:00,27.39,27.39,27.39,27.39,100,0
2016-06-01,20:00:00,27.35,27.35,27.35,27.35,100,0
2016-06-02,19:00:00,27.3634,27.3634,27.1784,27.1784,380,0
2016-06-02,20:00:00,26.8099,27.04,26.8099,27.04,354,0
2016-06-02,21:00:00,27.25,27.25,27.25,27.25,900,0
2016-06-02,22:00:00,27.1699,27.32,27.1699,27.23,1930,0
2016-06-03,16:00:00,27.42,27.42,27.42,27.42,100,0
2016-06-03,17:00:00,27.42,27.42,27.29,27.42,500,0
2016-06-03,18:00:00,27.42,27.42,27.42,27.42,400,0
2016-06-03,19:00:00,27.41,27.41,27.41,27.41,200,0
2016-06-03,20:00:00,27.41,27.41,27.41,27.41,300,0
2016-06-03,22:00:00,27.31,27.3111,27.31,27.3101,3852,0
2016-06-06,16:00:00,26.9399,27.2,26.9399,27.2,500,0
2016-06-06,17:00:00,27.1,27.1,27.1,27.1,100,0
2016-06-06,22:00:00,26.7159,27.02,26.7159,26.7357,1258,0
2016-06-07,18:00:00,27.2513,27.2513,27.2513,27.2513,900,0
2016-06-07,19:00:00,27.24,27.2513,26.745,26.745,1820,0
2016-06-08,21:00:00,27.27,27.3,27.27,27.3,1100,0
2016-06-08,22:00:00,27.38,27.38,27.38,27.38,420,0
2016-06-09,18:00:00,27.035,27.035,27.035,27.035,100,0
2016-06-09,22:00:00,27.35,27.35,26.92,26.92,300,0
2016-06-10,16:00:00,26.86,26.86,26.86,26.86,1000,0
2016-06-10,19:00:00,27.14,27.14,27.14,27.14,320,0
2016-06-10,22:00:00,27.2219,27.2219,27.2219,27.2219,400,0
2016-06-13,21:00:00,26.85,27.01,26.8,27.0001,700,0
2016-06-13,22:00:00,27.1099,27.11,27,27,734,0
2016-06-14,16:00:00,27.09,27.09,27.09,27.09,100,0
2016-06-14,17:00:00,27.09,27.09,27.09,27.09,100,0
2016-06-14,18:00:00,27.09,27.15,27.09,27.15,680,0
2016-06-14,19:00:00,27.12,27.12,26.76,26.76,1500,0
2016-06-14,20:00:00,27.14,27.14,27.14,27.14,100,0
2016-06-14,22:00:00,26.82,26.82,26.73,26.75,4000,0
2016-06-15,16:00:00,26.76,26.76,26.71,26.71,1000,0
2016-06-15,19:00:00,26.83,26.83,26.83,26.83,1300,0
2016-06-15,20:00:00,26.97,27,26.97,27,800,0
2016-06-16,16:00:00,26.78,26.78,26.78,26.78,1000,0
2016-06-16,17:00:00,26.8199,26.8199,26.8199,26.8199,1000,0
2016-06-16,21:00:00,26.38,26.69,26.38,26.69,200,0
2016-06-17,19:00:00,26.7,26.7,26.7,26.7,100,0
2016-06-20,19:00:00,26.6,26.6,26.6,26.6,300,0
2016-06-20,20:00:00,26.7,26.7,26.7,26.7,100,0
2016-06-20,22:00:00,26.7236,26.7236,26.6,26.7,575,0
2016-06-21,17:00:00,26.8499,26.85,26.82,26.85,2850,0
2016-06-21,18:00:00,26.7971,26.7971,26.7971,26.7971,395,0
2016-06-21,21:00:00,26.75,26.75,26.625,26.625,335,0
2016-06-22,16:00:00,26.74,26.74,26.74,26.74,525,0
2016-06-22,21:00:00,26.7,26.74,26.63,26.73,3525,0
2016-06-23,18:00:00,26.51,26.5594,26.51,26.5594,1000,0
2016-06-23,19:00:00,26.69,26.69,26.69,26.69,100,0
2016-06-24,16:00:00,26.576,26.576,26.576,26.576,1300,0
2016-06-24,17:00:00,26.58,26.6,26.58,26.6,1300,0
2016-06-27,16:00:00,26.51,26.51,26.51,26.51,100,0
2016-06-28,16:00:00,26.7,26.7,26.7,26.7,1200,0
2016-06-28,18:00:00,26.8388,26.8388,26.8388,26.8388,187,0
2016-06-28,21:00:00,26.73,26.77,26.73,26.77,1000,0
2016-06-30,20:00:00,26.76,26.89,26.76,26.81,700,0
2016-07-01,17:00:00,26.71,26.96,26.71,26.74,300,0
2016-07-01,22:00:00,27.02,27.02,26.77,26.77,750,0
2016-07-05,17:00:00,26.71,26.95,26.71,26.94,400,0
2016-07-05,18:00:00,26.74,26.74,26.74,26.74,100,0
2016-07-05,22:00:00,26.855,26.855,26.855,26.855,325,0
2016-07-06,17:00:00,26.76,26.98,26.76,26.97,800,0
2016-07-06,18:00:00,26.73,26.73,26.73,26.73,100,0
2016-07-06,19:00:00,26.91,26.91,26.91,26.91,100,0
2016-07-06,20:00:00,26.9599,26.9599,26.8422,26.8422,500,0
2016-07-06,21:00:00,26.96,26.96,26.96,26.96,400,0
2016-07-07,16:00:00,26.76,26.79,26.76,26.79,300,0
2016-07-07,17:00:00,27.01,27.01,26.76,26.88,800,0
2016-07-08,17:00:00,27.0699,27.0699,27.0699,27.0699,400,0
2016-07-08,21:00:00,26.76,26.76,26.7201,26.7201,400,0
2016-07-11,18:00:00,26.81,26.91,26.81,26.91,200,0
2016-07-12,17:00:00,26.81,27.05,26.81,27.05,200,0
2016-07-12,18:00:00,27.0699,27.135,27.0699,27.135,700,0
2016-07-12,19:00:00,27.11,27.14,27.11,27.14,200,0
2016-07-12,21:00:00,27.1,27.1,27.07,27.07,2568,0
2016-07-13,16:00:00,26.875,26.875,26.875,26.875,100,0
2016-07-14,16:00:00,27.0699,27.0699,27.0699,27.0699,600,0
2016-07-14,18:00:00,27.0294,27.07,26.8,27.07,2009,0
2016-07-14,19:00:00,26.82,26.98,26.81,26.97,400,0
2016-07-14,20:00:00,26.8,26.97,26.8,26.95,500,0
2016-07-14,21:00:00,26.9414,26.9414,26.7848,26.7848,2611,0
2016-07-14,22:00:00,26.82,27.05,26.82,27.05,300,0
2016-07-15,19:00:00,26.78,27.01,26.78,26.83,400,0
2016-07-15,20:00:00,26.97,26.97,26.9,26.9,200,0
2016-07-18,19:00:00,26.81,26.95,26.81,26.94,800,0
2016-07-18,20:00:00,26.82,27.0399,26.82,27.0399,700,0
2016-07-18,22:00:00,27.01,27.02,26.825,27.02,300,0
2016-07-19,17:00:00,27.04,27.04,26.983,26.983,1100,0
2016-07-19,18:00:00,27.07,27.07,27.07,27.07,1199,0
2016-07-20,21:00:00,26.9638,26.9638,26.9638,26.9638,361,0
2016-07-21,17:00:00,26.83,26.99,26.83,26.97,400,0
2016-07-21,18:00:00,26.86,26.98,26.86,26.98,200,0
2016-07-21,19:00:00,26.86,26.92,26.86,26.92,200,0
2016-07-22,17:00:00,26.87,26.95,26.86,26.93,600,0
2016-07-22,18:00:00,26.92,27.06,26.85,26.9001,500,0
2016-07-25,16:00:00,26.68,26.68,26.68,26.68,100,0
2016-07-25,18:00:00,26.75,26.75,26.75,26.75,200,0
2016-07-26,16:00:00,26.73,27.07,26.73,27.07,1500,0
2016-07-26,17:00:00,26.72,27.005,26.72,26.94,700,0
2016-07-26,21:00:00,26.9539,26.9539,26.9539,26.9539,650,0
2016-07-27,16:00:00,27.05,27.07,27.0261,27.0261,1620,0
2016-07-27,18:00:00,27.07,27.07,26.935,26.935,260,0
2016-07-28,17:00:00,26.74,26.98,26.74,26.91,400,0
2016-07-28,18:00:00,26.74,26.8,26.74,26.8,300,0
2016-07-29,18:00:00,26.65,26.95,26.65,26.7101,500,0
2016-07-29,19:00:00,26.7675,26.7675,26.61,26.61,500,0
2016-07-29,21:00:00,26.64,26.64,26.64,26.64,100,0
2016-08-01,17:00:00,26.74,26.92,26.74,26.92,300,0
2016-08-01,19:00:00,27.07,27.31,26.9462,27.31,1296,0
2016-08-01,21:00:00,27.1047,27.1047,27.1047,27.1047,547,0
2016-08-02,20:00:00,26.83,26.96,26.81,26.96,1000,0
2016-08-03,18:00:00,27.06,27.06,26.83,26.96,500,0
2016-08-03,19:00:00,26.83,26.98,26.83,26.97,400,0
2016-08-03,20:00:00,26.84,26.96,26.84,26.96,200,0
2016-08-04,17:00:00,26.83,26.98,26.83,26.85,300,0
2016-08-04,18:00:00,26.98,27.07,26.87,27.07,2500,0
2016-08-04,19:00:00,26.89,26.99,26.89,26.99,200,0
2016-08-05,17:00:00,26.87,26.98,26.87,26.98,400,0
2016-08-05,18:00:00,27.07,27.07,26.93,26.93,200,0
2016-08-05,19:00:00,26.94,26.95,26.91,26.91,400,0
2016-08-08,18:00:00,26.94,26.94,26.89,26.89,200,0
2016-08-08,21:00:00,26.82,26.85,26.82,26.85,800,0
2016-08-09,18:00:00,26.781,26.781,26.781,26.781,200,0
2016-08-09,20:00:00,27.0299,27.0299,26.9587,26.9587,373,0
2016-08-09,22:00:00,27.02,27.02,26.914,26.916,638,0
2016-08-10,19:00:00,27.0031,27.0031,27.0031,27.0031,250,0
2016-08-10,21:00:00,27.04,27.08,27.04,27.07,2122,0
2016-08-10,22:00:00,27.03,27.03,27.03,27.03,1427,0
2016-08-12,16:00:00,26.77,26.95,26.77,26.95,400,0
2016-08-12,17:00:00,27.05,27.05,26.9,26.9,700,0
2016-08-16,16:00:00,27.0599,27.0599,27.0599,27.0599,400,0
2016-08-16,17:00:00,26.87,26.99,26.87,26.8882,800,0
2016-08-16,18:00:00,27.05,27.05,26.86,26.98,750,0
2016-08-16,20:00:00,27.05,27.05,26.9673,26.9673,600,0
2016-08-16,21:00:00,26.8026,26.8026,26.8026,26.8026,750,0
2016-08-17,17:00:00,26.87,26.98,26.87,26.98,400,0
2016-08-17,18:00:00,26.87,26.98,26.87,26.98,400,0
2016-08-18,16:00:00,27.04,27.04,26.87,26.99,800,0
2016-08-19,16:00:00,26.87,27.24,26.87,27.2,700,0
2016-08-19,21:00:00,27.06,27.294,27.06,27.07,870,0
2016-08-19,22:00:00,27.07,27.07,26.9701,26.9701,1300,0
2016-08-22,18:00:00,27.02,27.3,27.02,27.3,1050,0
2016-08-22,19:00:00,27.02,27.11,27.01,27.11,400,0
2016-08-22,21:00:00,27.1,27.1,27.0795,27.1,1050,0
2016-08-23,19:00:00,27.1,27.1,27.1,27.1,900,0
2016-08-24,17:00:00,27.02,27.22,27.02,27.22,400,0
2016-08-24,18:00:00,27.03,27.1,26.95,27.1,300,0
2016-08-24,21:00:00,27.0702,27.3,27.0702,27.3,1090,0
2016-08-24,22:00:00,27.3,27.3,27.3,27.3,753,0
2016-08-25,16:00:00,27.0055,27.0055,27.0055,27.0055,111,0
2016-08-25,18:00:00,27.02,27.12,27.02,27.12,300,0
2016-08-25,20:00:00,27,27,27,27,1000,0
2016-08-25,21:00:00,27.31,27.31,27.27,27.27,300,0
2016-08-25,22:00:00,27.25,27.25,27.25,27.25,300,0
2016-08-26,17:00:00,27.15,27.37,27.15,27.37,200,0
2016-08-26,19:00:00,27.04,27.33,27.04,27.26,600,0
2016-08-26,20:00:00,27.04,27.24,27.04,27.24,200,0
2016-08-26,21:00:00,27.05,27.2957,27.05,27.2,494,0
2016-08-29,16:00:00,27.04,27.14,27.04,27.14,800,0
2016-08-29,18:00:00,27,27.2,27,27.16,1365,0
2016-08-29,20:00:00,27.09,27.174,27.09,27.174,765,0
2016-08-29,22:00:00,27.15,27.15,27.15,27.15,100,0
2016-08-30,16:00:00,27.1,27.1,27.1,27.1,100,0
2016-08-30,19:00:00,27.1,27.1,27.0548,27.061,2121,0
2016-08-30,21:00:00,27.035,27.1,27.035,27.0999,1740,0
2016-08-30,22:00:00,27.0999,27.0999,27.0999,27.0999,700,0
2016-08-31,22:00:00,27.0601,27.0601,27.02,27.02,300,0
2016-09-01,16:00:00,27.07,27.07,27.07,27.07,699,0
2016-09-01,17:00:00,27,27,27,27,100,0
2016-09-01,18:00:00,27.05,27.07,27.05,27.057,2850,0
2016-09-01,20:00:00,27.029,27.05,27.029,27.05,400,0
2016-09-01,21:00:00,27.05,27.05,27.05,27.05,17136,0
2016-09-02,16:00:00,27.05,27.05,27,27,3301,0
2016-09-02,18:00:00,27,27,26.96,27,13849,0
2016-09-02,19:00:00,27,27,27,27,10000,0
2016-09-02,21:00:00,27,27.035,27,27,4500,0
2016-09-02,22:00:00,27,27,27,27,2200,0
2016-09-06,20:00:00,27,27,27,27,2040,0
2016-09-06,22:00:00,27,27,26.9876,27,1275,0
2016-09-07,17:00:00,27.12,27.12,27.08,27.12,1920,0
2016-09-07,18:00:00,27.06,27.06,27.05,27.05,200,0
2016-09-07,19:00:00,27.05,27.05,27.05,27.05,100,0
2016-09-07,20:00:00,27.09,27.09,27.09,27.09,200,0
2016-09-07,22:00:00,27.12,27.12,27.12,27.12,294,0
2016-09-08,16:00:00,27.12,27.12,26.98,27.057,1649,0
2016-09-08,18:00:00,27.0612,27.0612,27.0612,27.0612,750,0
2016-09-08,21:00:00,27.0664,27.0664,27.0664,27.0664,1200,0
2016-09-09,16:00:00,27.11,27.11,27.11,27.11,100,0
2016-09-09,17:00:00,27.105,27.11,27.105,27.11,2261,0
2016-09-09,19:00:00,26.9592,26.9592,26.9501,26.9501,2000,0
2016-09-09,20:00:00,26.9794,27.03,26.95,26.95,4815,0
2016-09-09,22:00:00,26.95,26.95,26.825,26.83,1942,0
2016-09-12,16:00:00,26.95,26.95,26.95,26.95,500,0
2016-09-12,17:00:00,26.94,26.95,26.94,26.95,400,0
2016-09-12,18:00:00,26.95,26.95,26.95,26.95,1000,0
2016-09-12,19:00:00,26.95,26.9894,26.79,26.97,862,0
2016-09-12,20:00:00,27.08,27.09,26.92,27.01,1200,0
2016-09-12,21:00:00,26.96,27.09,26.89,27,700,0
2016-09-12,22:00:00,27.09,27.09,27.08,27.09,1785,0
2016-09-13,16:00:00,26.74,27.12,26.74,27.02,700,0
2016-09-13,18:00:00,26.8,27.07,26.8,27.01,400,0
2016-09-13,20:00:00,26.98,26.98,26.98,26.98,100,0
2016-09-13,21:00:00,26.97,26.97,26.97,26.97,100,0
2016-09-13,22:00:00,26.92,26.92,26.92,26.92,216,0
2016-09-14,16:00:00,26.83,26.9,26.83,26.9,600,0
2016-09-14,18:00:00,26.84,26.87,26.84,26.87,200,0
2016-09-14,21:00:00,26.87,26.87,26.87,26.87,400,0
2016-09-14,22:00:00,26.87,26.87,26.87,26.87,100,0
2016-09-15,16:00:00,26.74,26.74,26.36,26.64,600,0
2016-09-15,17:00:00,26.67,26.69,26.47,26.53,500,0
2016-09-15,21:00:00,26.6877,26.6877,26.6877,26.6877,746,0
2016-09-15,22:00:00,26.56,26.56,26.56,26.56,209,0
2016-09-16,16:00:00,26.43,26.43,26.43,26.43,100,0
2016-09-16,17:00:00,26.73,26.74,26.6707,26.6707,1502,0
2016-09-16,18:00:00,26.89,26.89,26.5799,26.58,600,0
2016-09-16,21:00:00,26.75,26.75,26.63,26.73,300,0
2016-09-16,22:00:00,26.67,26.67,26.67,26.67,100,0
2016-09-19,16:00:00,26.51,26.88,26.51,26.88,1500,0
2016-09-19,17:00:00,26.88,26.9,26.63,26.72,2053,0
2016-09-19,18:00:00,26.7699,26.95,26.7699,26.95,601,0
2016-09-19,19:00:00,26.95,26.95,26.9,26.9,500,0
2016-09-19,20:00:00,26.9,26.9,26.9,26.9,600,0
2016-09-19,21:00:00,26.9,26.9,26.6701,26.9,1145,0
2016-09-19,22:00:00,26.877,26.9,26.8425,26.8425,1284,0
2016-09-20,16:00:00,26.65,26.87,26.65,26.87,300,0
2016-09-20,19:00:00,26.87,26.95,26.87,26.91,740,0
2016-09-20,20:00:00,26.8934,26.8934,26.8934,26.8934,440,0
2016-09-21,16:00:00,26.95,26.95,26.68,26.91,980,0
2016-09-21,17:00:00,26.72,26.92,26.72,26.92,200,0
2016-09-21,18:00:00,26.842,26.842,26.842,26.842,700,0
2016-09-21,19:00:00,26.78,26.9,26.78,26.78,300,0
2016-09-21,20:00:00,26.91,26.92,26.69,26.88,3000,0
2016-09-21,21:00:00,26.73,26.91,26.73,26.89,400,0
2016-09-21,22:00:00,26.85,26.87,26.85,26.87,200,0
2016-09-22,16:00:00,26.85,27.08,26.85,27.04,400,0
2016-09-22,18:00:00,26.9799,26.98,26.92,26.92,1200,0
2016-09-22,19:00:00,26.93,26.93,26.92,26.92,400,0
2016-09-22,20:00:00,26.98,26.98,26.98,26.98,186,0
2016-09-23,19:00:00,26.8735,26.8735,26.8735,26.8735,1000,0
2016-09-23,22:00:00,26.94,26.94,26.9103,26.9103,1600,0
2016-09-26,16:00:00,26.69,26.69,26.69,26.69,200,0
2016-09-26,17:00:00,26.87,26.88,26.73,26.88,300,0
2016-09-26,18:00:00,26.87,26.87,26.76,26.86,2700,0
2016-09-26,19:00:00,26.81,26.89,26.7001,26.7001,1302,0
2016-09-26,20:00:00,26.86,26.87,26.77,26.87,1300,0
2016-09-26,21:00:00,26.79,26.87,26.79,26.87,3300,0
2016-09-26,22:00:00,26.86,26.89,26.84,26.89,1200,0
2016-09-27,16:00:00,26.79,26.89,26.78,26.8001,1400,0
2016-09-27,18:00:00,26.79,26.82,26.64,26.7001,4600,0
2016-09-27,19:00:00,26.73,26.836,26.66,26.836,969,0
2016-09-27,20:00:00,26.77,26.8355,26.6701,26.6701,4249,0
2016-09-27,21:00:00,26.8199,26.83,26.76,26.82,2200,0
2016-09-29,18:00:00,26.7982,26.9764,26.7,26.8,1999,0
2016-09-29,20:00:00,26.6301,26.6301,26.6301,26.6301,255,0
2016-09-29,21:00:00,26.816,26.816,26.7236,26.7808,779,0
2016-09-29,22:00:00,26.64,26.64,26.64,26.64,100,0
2016-09-30,18:00:00,26.9764,26.9764,26.9764,26.9764,400,0
2016-09-30,20:00:00,26.8494,26.8494,26.8494,26.8494,175,0
2016-09-30,21:00:00,26.8259,26.98,26.8259,26.98,963,0
2016-09-30,22:00:00,26.68,26.97,26.68,26.7,1159,0
2016-10-03,21:00:00,26.7555,26.7555,26.7555,26.7555,229,0
2016-10-04,20:00:00,26.9,26.9,26.9,26.9,100,0
2016-10-04,21:00:00,26.98,26.98,26.9799,26.9799,1150,0
2016-10-04,22:00:00,26.9666,26.9666,26.9666,26.9666,300,0
2016-10-05,19:00:00,26.6904,26.6904,26.6904,26.6904,400,0
2016-10-05,21:00:00,26.5732,26.7835,26.5732,26.7835,475,0
2016-10-06,22:00:00,26.98,26.98,26.5601,26.5824,554,0
2016-10-07,19:00:00,26.6824,26.6824,26.6824,26.6824,400,0
2016-10-07,20:00:00,26.56,26.6,26.55,26.57,3100,0
2016-10-07,22:00:00,26.8304,26.85,26.74,26.76,1165,0
2016-10-10,19:00:00,26.7559,26.7559,26.7009,26.7009,390,0
2016-10-12,18:00:00,26.95,26.95,26.8,26.8,475,0
2016-10-12,20:00:00,26.6942,26.7065,26.63,26.63,2008,0
2016-10-12,21:00:00,26.6317,26.66,26.6317,26.6317,5000,0
2016-10-12,22:00:00,26.65,26.65,26.65,26.65,100,0
2016-10-13,17:00:00,26.7427,26.7626,26.7427,26.7626,649,0
2016-10-14,16:00:00,26.76,26.76,26.76,26.76,100,0
2016-10-14,18:00:00,26.719,26.719,26.62,26.62,400,0
2016-10-14,22:00:00,26.66,26.66,26.6505,26.6505,200,0
2016-10-17,16:00:00,26.66,26.66,26.66,26.66,100,0
2016-10-17,19:00:00,26.68,26.69,26.67,26.69,500,0
2016-10-17,21:00:00,26.76,26.94,26.76,26.92,1075,0
2016-10-17,22:00:00,26.8,26.82,26.8,26.82,675,0
2016-10-19,16:00:00,26.96,26.96,26.7501,26.7501,592,0
2016-10-21,16:00:00,26.97,26.97,26.97,26.97,928,0
2016-10-21,17:00:00,26.75,26.75,26.75,26.75,112,0
2016-10-24,17:00:00,26.86,26.86,26.86,26.86,363,0
2016-10-24,20:00:00,26.8566,26.8566,26.8566,26.8566,363,0
2016-10-24,21:00:00,26.8581,26.8581,26.8581,26.8581,264,0
2016-10-25,17:00:00,26.9329,26.9329,26.8463,26.8463,895,0
2016-10-25,22:00:00,26.92,26.95,26.92,26.95,300,0
2016-10-26,16:00:00,26.92,26.92,26.92,26.92,100,0
2016-10-26,18:00:00,26.79,26.95,26.79,26.95,500,0
2016-10-26,20:00:00,26.8005,26.8005,26.76,26.76,490,0
2016-10-26,21:00:00,26.6301,26.77,26.6301,26.77,200,0
2016-10-27,16:00:00,26.9199,26.9199,26.9199,26.9199,800,0
2016-10-31,15:00:00,26.91,26.91,26.91,26.91,286,0
2016-10-31,16:00:00,26.78,26.78,26.78,26.78,100,0
2016-11-01,16:00:00,26.9199,26.92,26.9199,26.92,200,0
2016-11-01,17:00:00,26.94,26.94,26.94,26.94,100,0
2016-11-01,18:00:00,26.93,27,26.89,27,300,0
2016-11-01,19:00:00,27.1,27.1,27.1,27.1,100,0
2016-11-01,21:00:00,27.1,27.1,27.1,27.1,160,0
2016-11-02,15:00:00,27,27,27,27,100,0
2016-11-02,18:00:00,26.79,26.79,26.79,26.79,100,0
2016-11-03,15:00:00,27.1,27.1,27.08,27.08,607,0
2016-11-03,16:00:00,26.79,27.08,26.79,27.08,200,0
2016-11-03,17:00:00,27.08,27.08,27.08,27.08,200,0
2016-11-03,18:00:00,27.08,27.08,27.08,27.08,100,0
2016-11-03,19:00:00,27.08,27.08,27.08,27.08,200,0
2016-11-07,17:00:00,26.924,26.924,26.924,26.924,633,0
2016-11-08,16:00:00,27.08,27.08,27.08,27.08,100,0
2016-11-09,16:00:00,26.55,26.85,26.55,26.85,2893,0
2016-11-09,20:00:00,26.55,26.9,26.55,26.9,500,0
2016-11-09,22:00:00,26.54,26.54,26.54,26.54,100,0
2016-11-10,17:00:00,26.43,26.7999,26.25,26.25,2377,0
2016-11-10,19:00:00,26.344,26.344,26.344,26.344,125,0
2016-11-10,20:00:00,26.3,26.3,26.3,26.3,100,0
2016-11-10,21:00:00,26.27,26.3094,26.27,26.3094,200,0
2016-11-10,22:00:00,26.26,26.26,26.26,26.26,400,0
2016-11-11,16:00:00,26.45,26.45,26.45,26.45,100,0
2016-11-11,18:00:00,26.265,26.265,26.265,26.265,100,0
2016-11-11,20:00:00,25.84,25.84,25.84,25.84,100,0
2016-11-14,16:00:00,26.23,26.23,26.23,26.23,100,0
2016-11-14,17:00:00,26.19,26.2,26.19,26.2,800,0
2016-11-14,18:00:00,26.2,26.2,26.2,26.2,295,0
2016-11-15,17:00:00,26.09,26.09,26.09,26.09,200,0
2016-11-15,18:00:00,26.05,26.09,26.0243,26.0645,1600,0
2016-11-15,19:00:00,26.1707,26.1707,26.09,26.09,2400,0
2016-11-15,20:00:00,26.09,26.09,26.09,26.09,2400,0
2016-11-15,22:00:00,26.2,26.2,26.1999,26.1999,2000,0
2016-11-16,16:00:00,25.97,26.09,25.8888,26.09,3300,0
2016-11-16,22:00:00,26.47,26.49,26.43,26.4899,710,0
2016-11-17,19:00:00,26.05,26.1091,25.75,25.75,2700,0
2016-11-17,20:00:00,25.82,25.83,25.82,25.8299,400,0
2016-11-17,21:00:00,25.99,26.49,25.9186,26.4029,1544,0
2016-11-18,18:00:00,26.2058,26.2058,25.85,25.85,554,0
2016-11-18,19:00:00,25.9,26.0463,25.9,26.0463,2300,0
2016-11-18,20:00:00,25.9,25.989,25.9,25.9,900,0
2016-11-18,21:00:00,26.01,26.01,25.9,25.95,400,0
2016-11-18,22:00:00,25.95,26.029,25.9,25.9,1466,0
2016-11-21,16:00:00,25.74,26.05,25.74,26.05,1100,0
2016-11-21,18:00:00,26.3207,26.3632,26.3207,26.3632,745,0
2016-11-21,20:00:00,26,26,26,26,100,0
2016-11-21,21:00:00,26,26.16,26,26.16,300,0
2016-11-22,16:00:00,26.15,26.15,26.15,26.15,590,0
2016-11-22,17:00:00,26.15,26.3363,26.15,26.15,3834,0
2016-11-22,21:00:00,25.94,26.0178,25.91,25.987,2620,0
2016-11-22,22:00:00,25.81,25.81,25.81,25.81,160,0
2016-11-23,19:00:00,26.33,26.34,26.33,26.34,660,0
2016-11-23,20:00:00,26.3409,26.3409,25.9978,25.9978,492,0
2016-11-23,21:00:00,26,26,26,26,100,0
2016-11-28,19:00:00,26.1626,26.1626,26.1626,26.1626,700,0
2016-11-28,20:00:00,26.2,26.2,26.2,26.2,700,0
2016-11-28,22:00:00,26.2,26.2,26.2,26.2,200,0
2016-11-29,18:00:00,26.1228,26.1228,26.1228,26.1228,315,0
2016-12-02,19:00:00,26.3,26.34,25.7307,25.7307,900,0
2016-12-05,16:00:00,25.75,25.75,25.75,25.75,1040,0
2016-12-05,17:00:00,25.8688,25.8688,25.8688,25.8688,900,0
2016-12-05,18:00:00,25.75,25.75,25.75,25.75,900,0
2016-12-05,22:00:00,26.15,26.32,26.1242,26.2942,628,0
2016-12-06,16:00:00,26.3,26.3,26.3,26.3,489,0
2016-12-06,20:00:00,26,26,26,26,300,0
2016-12-07,17:00:00,26,26,26,26,1000,0
2016-12-07,18:00:00,26,26,26,26,960,0
2016-12-07,19:00:00,26,26,25.9021,26,1806,0
2016-12-07,20:00:00,26,26,26,26,4000,0
2016-12-07,21:00:00,26,26,26,26,4922,0
2016-12-09,16:00:00,26.5,26.5,26.1346,26.1346,1469,0
2016-12-09,17:00:00,26,26,26,26,100,0
2016-12-09,18:00:00,25.7509,25.7509,25.7509,25.7509,750,0
2016-12-09,21:00:00,26.1912,26.1912,25.7625,25.7625,392,0
2016-12-12,21:00:00,26,26,26,26,1500,0
2016-12-12,22:00:00,26,26,26,26,100,0
2016-12-13,21:00:00,25.895,25.9043,25.81,25.81,900,0
2016-12-13,22:00:00,25.8,25.8773,25.76,25.76,800,0
2016-12-14,19:00:00,25.95,25.95,25.95,25.95,100,0
2016-12-14,20:00:00,25.63,25.7068,25.6,25.6968,1210,0
2016-12-14,22:00:00,25.66,25.66,25.66,25.66,200,0
2016-12-15,16:00:00,25.5,25.5,25.5,25.5,200,0
2016-12-15,20:00:00,25.34,25.5225,25.31,25.5225,2727,0
2016-12-15,22:00:00,25.33,25.33,25.3,25.3,470,0
2016-12-16,19:00:00,25.6199,25.6199,25.6199,25.6199,1000,0
2016-12-16,21:00:00,25.38,25.38,25.38,25.38,200,0
2016-12-16,22:00:00,25.31,25.31,25.31,25.31,212,0
2016-12-19,17:00:00,25.3,25.3,25.2998,25.2998,2000,0
2016-12-19,18:00:00,25.59,25.6,25.57,25.6,400,0
2016-12-19,20:00:00,25.41,25.41,25.41,25.41,100,0
2016-12-20,22:00:00,25.38,25.38,25.04,25.3,3620,0
2016-12-21,16:00:00,25.21,25.21,25.21,25.21,100,0
2016-12-21,18:00:00,25.25,25.25,25.25,25.25,296,0
2016-12-21,20:00:00,25.25,25.3558,25.25,25.3258,1184,0
2016-12-21,22:00:00,25.3485,25.3512,25.31,25.31,3421,0
2016-12-22,21:00:00,25.4061,25.4061,25.187,25.187,2046,0
2016-12-23,22:00:00,25.23,25.28,25.23,25.28,600,0
2016-12-27,16:00:00,25.26,25.3,25.26,25.3,4154,0
2016-12-27,19:00:00,25.37,25.37,25.37,25.37,200,0
2016-12-27,20:00:00,25.3701,25.3701,25.37,25.37,1900,0
2016-12-27,21:00:00,25.36,25.37,25.3599,25.37,1300,0
2016-12-27,22:00:00,25.42,25.5,25.4199,25.5,2200,0
2016-12-28,17:00:00,25.539,25.54,25.5383,25.5384,3500,0
2016-12-28,22:00:00,25.45,25.45,25.45,25.45,100,0
2016-12-29,22:00:00,25.37,25.4552,25.37,25.37,4500,0
2016-12-30,16:00:00,25.37,25.37,25.37,25.37,100,0
2017-01-03,17:00:00,25.7874,25.7874,25.7874,25.7874,321,0
2017-01-04,21:00:00,25.42,25.5253,25.42,25.42,478,0
2017-01-05,17:00:00,25.83,25.84,25.6779,25.84,1130,0
2017-01-05,21:00:00,25.6035,25.73,25.6035,25.6754,1090,0
2017-01-05,22:00:00,25.74,25.74,25.74,25.74,293,0
2017-01-06,21:00:00,25.75,25.75,25.75,25.75,200,0
2017-01-06,22:00:00,25.8,25.8,25.79,25.8,490,0
2017-01-09,18:00:00,25.82,25.82,25.82,25.82,357,0
2017-01-10,17:00:00,25.46,25.46,25.4501,25.46,1250,0
2017-01-10,18:00:00,25.51,25.5483,25.4701,25.51,1884,0
2017-01-10,19:00:00,25.6585,25.6585,25.51,25.51,208,0
2017-01-10,22:00:00,25.6,25.67,25.6,25.67,400,0
2017-01-11,20:00:00,25.7087,25.7087,25.55,25.5883,800,0
2017-01-11,21:00:00,25.65,25.85,25.65,25.7725,1147,0
2017-01-11,22:00:00,25.87,25.87,25.87,25.87,100,0
2017-01-13,16:00:00,25.9,25.9,25.9,25.9,966,0
2017-01-13,22:00:00,25.806,25.806,25.806,25.806,701,0
2017-01-17,17:00:00,25.6,25.6,25.6,25.6,475,0
2017-01-19,18:00:00,26.0131,26.0323,26.0131,26.0323,639,0
2017-01-19,20:00:00,26,26,25.96,25.96,1331,0
2017-01-19,21:00:00,25.6,25.6,25.6,25.6,579,0
2017-01-20,16:00:00,25.96,25.96,25.96,25.96,400,0
2017-01-20,19:00:00,26.02,26.2202,26.02,26.2202,750,0
2017-01-23,17:00:00,26.23,26.23,26.2243,26.2243,518,0
2017-01-23,18:00:00,26.2837,26.2837,26.259,26.259,1226,0
2017-01-23,19:00:00,26.27,26.29,26.27,26.29,1084,0
2017-01-23,21:00:00,26.28,26.28,26.28,26.28,416,0
2017-01-23,22:00:00,26.28,26.28,25.78,25.795,1284,0
2017-01-25,18:00:00,26.23,26.24,25.98,25.98,600,0
2017-01-26,16:00:00,25.83,25.83,25.83,25.83,200,0
2017-01-26,21:00:00,26.21,26.226,25.9525,26.1855,900,0
2017-01-26,22:00:00,25.76,26.23,25.75,26.23,1200,0
2017-01-27,21:00:00,26.2,26.2,26.2,26.2,600,0
2017-01-27,22:00:00,26.2173,26.2173,26.2173,26.2173,500,0
2017-01-30,22:00:00,26.25,26.25,26.25,26.25,500,0
2017-01-31,16:00:00,25.74,25.7858,25.72,25.7458,1803,0
2017-01-31,19:00:00,26,26,26,26,700,0
2017-01-31,20:00:00,25.75,26.23,25.75,26.23,640,0
2017-02-01,16:00:00,26.26,26.26,26.2599,26.2599,300,0
2017-02-01,18:00:00,26.17,26.2,26.17,26.2,400,0
2017-02-01,20:00:00,26.2911,26.2911,26.2911,26.2911,200,0
2017-02-02,16:00:00,26.33,26.33,26.1956,26.1956,743,0
2017-02-02,22:00:00,26.28,26.28,26.28,26.28,165,0
2017-02-03,17:00:00,26.03,26.03,26.03,26.03,200,0
2017-02-03,21:00:00,26.07,26.1482,26.07,26.1482,110,0
2017-02-06,21:00:00,25.9908,25.9908,25.9908,25.9908,1300,0
2017-02-08,16:00:00,26.3,26.3,26.3,26.3,1183,0
2017-02-08,21:00:00,25.9787,25.9787,25.9787,25.9787,144,0
2017-02-08,22:00:00,26.29,26.29,26.29,26.29,369,0
2017-02-09,19:00:00,25.93,25.93,25.93,25.93,100,0
2017-02-10,21:00:00,26.192,26.29,26.192,26.26,986,0
2017-02-10,22:00:00,26.29,26.29,26.29,26.29,451,0
2017-02-13,21:00:00,26.2808,26.2808,26.2808,26.2808,418,0
2017-02-13,22:00:00,26.43,26.43,26.42,26.42,400,0
2017-02-14,22:00:00,26.44,26.44,26.44,26.44,200,0
2017-02-15,22:00:00,26.26,26.49,26.26,26.3628,2676,0
2017-02-22,20:00:00,26.41,26.4208,26.41,26.4208,1024,0
2017-02-22,22:00:00,26.41,26.41,26.41,26.41,1607,0
2017-02-23,18:00:00,26.41,26.41,26.41,26.41,200,0
2017-02-23,21:00:00,25.995,25.995,25.995,25.995,200,0
2017-02-24,16:00:00,26.49,26.49,26.49,26.49,100,0
2017-02-24,22:00:00,26.3265,26.3265,26.3265,26.3265,172,0
2017-02-28,16:00:00,26.49,26.49,26.49,26.49,100,0
2017-02-28,18:00:00,26.48,26.48,26.4408,26.4508,521,0
2017-03-02,21:00:00,26.72,26.72,26.45,26.45,800,0
2017-03-03,18:00:00,26.15,26.15,26.0901,26.0901,1000,0
2017-03-03,20:00:00,26.63,26.63,26.63,26.63,1000,0
2017-03-06,22:00:00,26.4086,26.4086,26.4086,26.4086,295,0
2017-03-09,19:00:00,26.11,26.1952,26.1,26.1,2300,0
2017-03-09,20:00:00,26.15,26.15,26.15,26.15,196,0
2017-03-10,16:00:00,26.08,26.08,26.08,26.08,100,0
2017-03-10,17:00:00,26.0848,26.0999,26.0848,26.0999,498,0
2017-03-10,18:00:00,26.1093,26.1093,26.1093,26.1093,382,0
2017-03-10,20:00:00,25.9495,25.9495,25.9495,25.9495,500,0
2017-03-14,19:00:00,26.0252,26.0252,26.0252,26.0252,452,0
2017-03-15,15:00:00,25.99,26.03,25.99,26.03,200,0
2017-03-15,19:00:00,25.95,25.95,25.95,25.95,600,0
2017-03-15,21:00:00,26.05,26.05,26.05,26.05,100,0
2017-03-16,15:00:00,25.89,25.89,25.89,25.89,200,0
2017-03-17,15:00:00,25.89,25.89,25.89,25.89,100,0
2017-03-17,17:00:00,26.05,26.05,26.0185,26.0185,1190,0
2017-03-17,18:00:00,26.0254,26.0254,26.0254,26.0254,290,0
2017-03-22,15:00:00,26.22,26.22,26.22,26.22,160,0
2017-03-22,21:00:00,26.22,26.22,26.1282,26.1282,1344,0
2017-03-24,19:00:00,25.9872,25.9872,25.9872,25.9872,500,0
2017-03-27,16:00:00,26.02,26.02,26.02,26.02,100,0
2017-03-27,22:00:00,26.06,26.06,26.06,26.06,200,0
2017-03-30,16:00:00,26.07,26.07,26.07,26.07,100,0
2017-03-31,16:00:00,26.09,26.09,26.09,26.09,100,0
2017-03-31,17:00:00,26.21,26.23,26.21,26.23,380,0
2017-03-31,21:00:00,26.34,26.43,26.34,26.391,1100,0
2017-03-31,22:00:00,26.3265,26.47,26.3265,26.3265,449,0
2017-04-03,16:00:00,26.49,26.49,26.49,26.49,100,0
2017-04-05,16:00:00,26.49,26.49,26.49,26.49,100,0
2017-04-17,16:00:00,26.5,26.5,26.5,26.5,100,0
2017-04-17,22:00:00,26.4333,26.5,26.2767,26.2767,1500,0
2017-04-18,20:00:00,26.18,26.2202,26.18,26.2202,600,0
2017-04-20,21:00:00,26.65,27.28,26.65,27.275,1062,0
2017-04-20,22:00:00,26.72,26.72,26.72,26.72,125,0
2017-04-21,16:00:00,26.98,26.98,26.98,26.98,440,0
2017-04-21,20:00:00,26.81,26.83,26.7999,26.7999,1316,0
2017-04-24,16:00:00,26.77,26.77,26.77,26.77,100,0
2017-04-25,16:00:00,26.77,26.77,26.77,26.77,200,0
2017-04-25,17:00:00,26.4317,26.4317,26.4317,26.4317,345,0
2017-04-26,16:00:00,26.76,26.76,26.76,26.76,179,0
2017-04-28,18:00:00,26.33,26.33,26.32,26.32,300,0
2017-05-01,17:00:00,26.8,26.8,26.8,26.8,346,0
2017-05-02,16:00:00,26.74,26.74,26.52,26.52,300,0
2017-05-02,18:00:00,26.3727,26.3727,26.3727,26.3727,570,0
2017-05-05,20:00:00,26.38,26.42,26.37,26.37,3000,0
2017-05-05,22:00:00,26.6,26.6,26.6,26.6,586,0
2017-05-08,20:00:00,26.6,26.6,26.6,26.6,600,0
2017-05-11,16:00:00,26.37,26.37,26.37,26.37,646,0
2017-05-11,17:00:00,26.49,26.5,26.49,26.5,500,0
2017-05-16,16:00:00,26.44,26.575,26.42,26.575,600,0
2017-05-16,18:00:00,26.6898,26.7008,26.6898,26.7008,712,0
2017-05-16,21:00:00,26.88,26.88,26.88,26.88,211,0
2017-05-16,22:00:00,26.88,26.9,26.88,26.9,639,0
2017-05-17,20:00:00,26.9,26.9,26.9,26.9,500,0
2017-05-18,16:00:00,26.87,26.87,26.87,26.87,100,0
2017-05-19,21:00:00,26.74,26.75,26.74,26.75,5161,0
2017-05-22,22:00:00,26.9,26.9,26.9,26.9,100,0
2017-05-23,20:00:00,26.5,26.64,26.47,26.64,3109,0
2017-05-26,17:00:00,26.66,26.66,26.66,26.66,200,0
2017-05-26,22:00:00,26.66,26.76,26.655,26.72,650,0
2017-05-31,22:00:00,26.7573,26.7573,26.7573,26.7573,646,0
2017-06-01,16:00:00,26.88,26.88,26.88,26.88,577,0
2017-06-01,17:00:00,26.89,26.95,26.89,26.95,210,0
2017-06-01,18:00:00,26.8524,26.8524,26.8524,26.8524,400,0
2017-06-01,22:00:00,26.98,26.98,26.98,26.98,902,0
2017-06-02,16:00:00,27.14,27.14,27.119,27.119,500,0
2017-06-02,20:00:00,27.2,27.21,27.2,27.21,300,0
2017-06-05,16:00:00,27.21,27.21,27.21,27.21,750,0
2017-06-05,17:00:00,26.7573,26.7573,26.7573,26.7573,200,0
2017-06-05,21:00:00,26.81,26.86,26.78,26.86,1900,0
2017-06-05,22:00:00,26.9,26.9,26.9,26.9,100,0
2017-06-06,20:00:00,27.0055,27.0055,27.0055,27.0055,1000,0
2017-06-07,17:00:00,27.01,27.0401,26.96,27.0401,2000,0
2017-06-07,19:00:00,27.0144,27.0144,27.0144,27.0144,200,0
2017-06-07,22:00:00,26.94,26.94,26.94,26.94,160,0
2017-06-08,19:00:00,27.23,27.479,27.23,27.479,611,0
2017-06-08,21:00:00,27.1764,27.1764,27.1764,27.1764,310,0
2017-06-08,22:00:00,27.39,27.39,27.35,27.35,600,0
2017-06-09,20:00:00,27.39,27.39,27.39,27.39,100,0
2017-06-09,21:00:00,27.3,27.3,27.3,27.3,200,0
2017-06-09,22:00:00,27.3,27.48,27.3,27.48,426,0
2017-06-12,19:00:00,27.52,27.5699,27.4796,27.5699,688,0
2017-06-12,20:00:00,27.53,27.55,27.4327,27.4429,2188,0
2017-06-12,22:00:00,27.01,27.01,27.01,27.01,100,0
2017-06-14,16:00:00,26.98,26.98,26.98,26.98,100,0
2017-06-15,18:00:00,27.35,27.35,27.35,27.35,300,0
2017-06-16,19:00:00,27.42,27.42,27.42,27.42,400,0
2017-06-16,20:00:00,27.44,27.48,27.44,27.48,800,0
2017-06-19,16:00:00,26.9,26.9,26.9,26.9,100,0
2017-06-19,20:00:00,27,27,27,27,634,0
2017-06-19,21:00:00,27,27,27,27,366,0
2017-06-21,16:00:00,27.44,27.44,27.44,27.44,100,0
2017-06-21,17:00:00,27,27,26.58,26.65,500,0
2017-06-23,19:00:00,26.83,26.83,26.83,26.83,100,0
2017-06-23,21:00:00,27.0536,27.0536,26.8839,26.8839,540,0
2017-06-26,22:00:00,27.23,27.23,26.69,26.69,500,0
2017-06-27,20:00:00,26.82,26.82,26.78,26.78,216,0
2017-06-27,21:00:00,27.2,27.25,27.2,27.25,400,0
2017-06-27,22:00:00,27.21,27.21,27.21,27.21,800,0
2017-06-28,16:00:00,27.06,27.06,27.0094,27.0094,684,0
2017-06-28,17:00:00,26.71,26.71,26.71,26.71,100,0
2017-06-28,19:00:00,26.83,27.33,26.83,27.33,2000,0
2017-06-28,21:00:00,27.33,27.33,27.33,27.33,200,0
2017-06-29,19:00:00,27.39,27.39,27.39,27.39,700,0
2017-06-29,22:00:00,27.1456,27.35,27.1456,27.35,960,0
2017-06-30,21:00:00,27.35,27.37,27.35,27.37,302,0
2017-07-03,16:00:00,27.07,27.07,27,27,375,0
2017-07-05,17:00:00,26.7601,26.7601,26.7601,26.7601,181,0
2017-07-05,18:00:00,27.2,27.2,27.2,27.2,100,0
2017-07-06,16:00:00,27.23,27.23,27.23,27.23,640,0
2017-07-06,20:00:00,27.3,27.3,27.3,27.3,546,0
2017-07-07,21:00:00,27.33,27.33,27.32,27.32,400,0
2017-07-07,22:00:00,27.35,27.35,27.31,27.31,300,0
2017-07-10,17:00:00,27.35,27.35,27.35,27.35,250,0
2017-07-11,19:00:00,27.37,27.37,27.37,27.37,300,0
2017-07-11,22:00:00,27.0788,27.0788,27.0788,27.0788,397,0
2017-07-13,22:00:00,27.1623,27.1623,27.1623,27.1623,400,0
2017-07-17,16:00:00,27.3068,27.3068,27.3068,27.3068,688,0
2017-07-17,21:00:00,27.0736,27.0736,27.0736,27.0736,400,0
2017-07-18,20:00:00,27.38,27.38,27.2819,27.2819,1858,0
2017-07-19,20:00:00,27.3197,27.3197,27.3197,27.3197,100,0
2017-07-20,16:00:00,27.32,27.32,27.32,27.32,250,0
2017-07-25,18:00:00,26.9798,26.9798,26.9798,26.9798,102,0
2017-07-25,19:00:00,27.2372,27.36,27.2372,27.36,1799,0
2017-07-25,22:00:00,27.36,27.36,27.32,27.32,400,0
2017-07-26,16:00:00,27.34,27.34,27.2999,27.2999,600,0
2017-07-27,16:00:00,26.984,26.984,26.984,26.984,280,0
2017-07-31,16:00:00,26.99,26.99,26.99,26.99,100,0
2017-08-01,22:00:00,27.2715,27.2715,27.2715,27.2715,100,0
2017-08-02,21:00:00,27.0957,27.0957,27.0957,27.0957,200,0
2017-08-03,18:00:00,27.31,27.31,27.31,27.31,1799,0
2017-08-04,19:00:00,26.8963,26.8963,26.8963,26.8963,1000,0
2017-08-04,21:00:00,26.76,26.8937,26.73,26.73,600,0
2017-08-08,17:00:00,27,27,27,27,100,0
2017-08-09,16:00:00,27,27,27,27,100,0
2017-08-10,17:00:00,27.25,27.25,27.25,27.25,1359,0
2017-08-11,22:00:00,27.0955,27.0955,27.0955,27.0955,545,0
2017-08-14,16:00:00,27.15,27.15,27.15,27.15,105,0
2017-08-14,22:00:00,27.23,27.23,27.23,27.23,141,0
2017-08-17,16:00:00,27.23,27.23,27.23,27.23,100,0
2017-08-17,18:00:00,26.81,26.8904,26.784,26.784,400,0
2017-08-17,19:00:00,27.15,27.15,27.15,27.15,400,0
2017-08-17,22:00:00,26.78,26.78,26.78,26.78,200,0
2017-08-18,16:00:00,27.23,27.23,27.23,27.23,100,0
2017-08-18,21:00:00,26.9266,26.9266,26.9266,26.9266,100,0
2017-08-21,16:00:00,27.22,27.22,27.128,27.128,369,0
2017-08-21,17:00:00,26.6701,26.6701,26.6701,26.6701,700,0
2017-08-21,18:00:00,27,27,27,27,400,0
2017-08-22,16:00:00,27.05,27.05,27.05,27.05,100,0
2017-08-22,18:00:00,26.95,26.9698,26.95,26.96,900,0
2017-08-22,22:00:00,27.0499,27.05,26.98,26.98,587,0
2017-08-24,21:00:00,27.15,27.15,26.8104,26.8104,874,0
2017-08-24,22:00:00,26.8402,26.85,26.8402,26.85,971,0
2017-08-25,19:00:00,27.22,27.22,27.22,27.22,300,0
2017-08-25,22:00:00,26.7811,26.7811,26.7811,26.7811,103,0
2017-08-28,19:00:00,26.79,26.79,26.79,26.79,400,0
2017-08-28,22:00:00,27.134,27.134,27.134,27.134,590,0
2017-08-29,17:00:00,26.9597,26.9597,26.9597,26.9597,250,0
2017-09-01,17:00:00,27.2149,27.2149,27.2149,27.2149,100,0
2017-09-01,18:00:00,27.2,27.2099,27.131,27.131,1261,0
2017-09-01,19:00:00,27.21,27.21,27.21,27.21,500,0
2017-09-05,16:00:00,27.22,27.22,27.22,27.22,100,0
2017-09-07,17:00:00,27.22,27.22,27.1474,27.1474,1000,0
2017-09-08,16:00:00,27.22,27.22,27.22,27.22,100,0
2017-09-11,19:00:00,26.88,26.88,26.88,26.88,195,0
2017-09-19,22:00:00,27.18,27.22,27.17,27.22,635,0
2017-09-20,16:00:00,27.19,27.19,27.19,27.19,100,0
2017-09-20,21:00:00,27.02,27.1,27.02,27.0634,1200,0
2017-09-21,16:00:00,27.1,27.1,27.0963,27.0963,400,0
2017-09-22,16:00:00,27.1,27.1,27.1,27.1,100,0
2017-09-22,17:00:00,27.05,27.05,27.05,27.05,227,0
2017-09-22,18:00:00,26.6,26.63,26.6,26.63,400,0
2017-09-22,19:00:00,26.61,26.66,26.61,26.6508,600,0
2017-09-25,22:00:00,26.6755,26.6755,26.6755,26.6755,124,0
2017-09-26,21:00:00,26.97,27.05,26.97,27.05,1236,0
2017-09-26,22:00:00,27.09,27.19,27.025,27.025,1227,0
2017-09-27,22:00:00,27.08,27.1,27.0549,27.1,1386,0
2017-09-28,16:00:00,27.15,27.15,26.9,26.9,2846,0
2017-09-28,22:00:00,27.1,27.1,27.1,27.1,185,0
2017-09-29,16:00:00,27.1,27.1,26.911,26.911,200,0
2017-09-29,20:00:00,27.0877,27.0899,27.0877,27.0899,685,0
2017-09-29,22:00:00,26.92,26.92,26.92,26.92,200,0
2017-10-04,16:00:00,26.92,26.92,26.92,26.92,100,0
2017-10-04,17:00:00,26.58,26.58,26.55,26.55,300,0
2017-10-04,22:00:00,26.66,26.66,26.66,26.66,100,0
2017-10-06,16:00:00,26.92,26.92,26.92,26.92,100,0
2017-10-09,21:00:00,26.61,26.61,26.6,26.6,1607,0
2017-10-09,22:00:00,26.61,26.61,26.59,26.59,500,0
2017-10-10,21:00:00,26.8,26.8,26.77,26.8,1185,0
2017-10-11,19:00:00,26.7479,26.7479,26.7479,26.7479,120,0
2017-10-12,17:00:00,26.57,26.6232,26.57,26.6132,900,0
2017-10-13,18:00:00,26.79,26.79,26.79,26.79,370,0
2017-10-17,16:00:00,26.75,26.75,26.75,26.75,100,0
2017-10-18,16:00:00,26.72,26.72,26.6674,26.6674,580,0
2017-10-18,17:00:00,26.75,26.75,26.6974,26.75,1364,0
2017-10-18,19:00:00,26.6322,26.6322,26.6322,26.6322,370,0
2017-10-18,21:00:00,26.78,26.9,26.6689,26.8027,2720,0
2017-10-19,16:00:00,26.92,26.92,26.92,26.92,100,0
2017-10-19,19:00:00,26.84,26.84,26.84,26.84,185,0
2017-10-19,22:00:00,26.92,27.05,26.828,27.05,1432,0
2017-10-23,17:00:00,27.04,27.04,26.824,26.824,200,0
2017-10-24,20:00:00,27.04,27.04,26.9469,26.9469,1054,0
2017-10-24,21:00:00,26.5731,26.5731,26.5731,26.5731,145,0
2017-10-25,20:00:00,26.682,26.85,26.682,26.85,1200,0
2017-10-31,20:00:00,26.85,27,26.85,27,1477,0
2017-11-02,18:00:00,27,27,26.9474,26.9474,1150,0
2017-11-03,17:00:00,26.9,26.9,26.8471,26.8471,3450,0
2017-11-03,18:00:00,26.9,26.9,26.7678,26.7678,2926,0
2017-11-07,17:00:00,26.98,27.06,26.68,26.68,1474,0
2017-11-08,20:00:00,26.545,26.5518,26.545,26.5518,1574,0
2017-11-08,22:00:00,26.55,26.55,26.4971,26.4971,200,0
2017-11-09,16:00:00,26.38,26.38,26.38,26.38,100,0
2017-11-09,17:00:00,26.48,26.48,26.48,26.48,100,0
2017-11-09,19:00:00,26.8706,26.8706,26.8706,26.8706,101,0
2017-11-09,22:00:00,26.48,26.48,26.48,26.48,100,0
2017-11-14,16:00:00,26.37,26.37,26.37,26.37,100,0
2017-11-14,17:00:00,26.43,26.43,26.43,26.43,100,0
2017-11-15,17:00:00,26.41,26.42,26.41,26.42,200,0
2017-11-15,21:00:00,26.87,26.87,26.87,26.87,190,0
2017-11-15,22:00:00,26.92,26.92,26.92,26.92,100,0
2017-11-16,16:00:00,26.51,26.51,26.51,26.51,100,0
2017-11-16,22:00:00,26.9,26.9,26.9,26.9,100,0
2017-11-17,17:00:00,26.598,26.598,26.598,26.598,148,0
2017-11-22,18:00:00,26.5,26.5,26.5,26.5,100,0
2017-11-24,18:00:00,26.53,26.53,26.5101,26.5101,1000,0
2017-12-01,21:00:00,26.9,26.9,26.9,26.9,422,0
2017-12-04,16:00:00,26.9,26.9,26.9,26.9,530,0
2017-12-05,16:00:00,26.89,26.89,26.89,26.89,100,0
2017-12-05,17:00:00,26.88,26.88,26.88,26.88,315,0
2017-12-05,19:00:00,26.8786,26.8786,26.8786,26.8786,500,0
2017-12-05,20:00:00,26.88,26.88,26.88,26.88,485,0
2017-12-06,16:00:00,26.88,26.88,26.88,26.88,100,0
2017-12-06,18:00:00,26.881,26.9,26.88,26.9,500,0
2017-12-07,16:00:00,26.9,26.9,26.9,26.9,100,0
2017-12-07,17:00:00,26.75,26.75,26.75,26.75,100,0
2017-12-07,18:00:00,26.75,26.75,26.75,26.75,300,0
2017-12-07,19:00:00,26.75,26.76,26.75,26.76,200,0
2017-12-07,20:00:00,26.75,26.75,26.75,26.75,200,0
2017-12-07,21:00:00,26.75,26.75,26.75,26.75,700,0
2017-12-07,22:00:00,26.725,26.725,26.725,26.725,1000,0
2017-12-11,17:00:00,26.73,26.73,26.73,26.73,400,0
2017-12-12,18:00:00,26.76,26.83,26.76,26.7899,3016,0
2017-12-12,20:00:00,26.82,26.82,26.82,26.82,500,0
2017-12-13,16:00:00,26.65,26.6892,26.38,26.4528,1498,0
2017-12-13,19:00:00,26.7759,26.7759,26.7759,26.7759,100,0
2017-12-13,21:00:00,26.78,26.8712,26.775,26.8712,3168,0
2017-12-13,22:00:00,26.8905,26.8905,26.87,26.87,684,0
2017-12-14,18:00:00,26.929,26.93,26.848,26.848,1720,0
2017-12-14,21:00:00,26.93,26.99,26.8769,26.99,480,0
2017-12-15,16:00:00,26.79,26.79,26.57,26.57,940,0
2017-12-15,17:00:00,26.56,26.65,26.56,26.65,200,0
2017-12-15,22:00:00,26.21,26.21,26.21,26.21,100,0
2017-12-18,16:00:00,26.75,26.75,26.75,26.75,230,0
2017-12-18,18:00:00,26.25,26.7,26.21,26.3481,6080,0
2017-12-18,22:00:00,26.24,26.24,26.24,26.24,100,0
2017-12-19,21:00:00,26.19,26.3024,26.19,26.23,1800,0
2017-12-20,21:00:00,26.395,26.57,26.395,26.49,683,0
2017-12-21,16:00:00,26.45,26.45,26.45,26.45,100,0
2017-12-21,19:00:00,26.24,26.2754,26.194,26.2605,1200,0
2017-12-21,22:00:00,26.3,26.3,26.07,26.07,400,0
2017-12-22,17:00:00,26.2305,26.2305,26.2305,26.2305,200,0
2017-12-22,20:00:00,26.12,26.12,26.12,26.12,1950,0
2017-12-22,21:00:00,26.116,26.116,26.116,26.116,300,0
2017-12-22,22:00:00,26.11,26.11,26.11,26.11,200,0
2017-12-26,16:00:00,26.15,26.15,26.15,26.15,100,0
2017-12-26,22:00:00,26.2103,26.2103,26.13,26.13,300,0
2017-12-28,16:00:00,26.14,26.14,26.14,26.14,100,0
2017-12-28,17:00:00,26.14,26.14,26.14,26.14,100,0
2017-12-28,22:00:00,26.2236,26.2236,26.2236,26.2236,125,0
2017-12-29,20:00:00,26.3377,26.37,26.2577,26.2577,660,0
2017-12-29,22:00:00,26.3,26.38,26.2576,26.3276,1842,0
2018-01-02,22:00:00,26.35,26.3899,26.2976,26.3375,508,0
2018-01-03,18:00:00,26.38,26.39,26.3277,26.3377,464,0
2018-01-03,20:00:00,26.39,26.49,26.3426,26.424,817,0
2018-01-05,19:00:00,26.2925,26.2925,26.2925,26.2925,225,0
2018-01-05,21:00:00,26.6,26.6,26.56,26.58,1385,0
2018-01-09,20:00:00,26.28,26.31,26.26,26.31,950,0
2018-01-09,21:00:00,26.4763,26.4763,26.4763,26.4763,283,0
2018-01-10,20:00:00,26.1021,26.1253,26.1021,26.1253,400,0
2018-01-10,22:00:00,26.37,26.37,26.37,26.37,100,0
2018-01-11,16:00:00,26.16,26.16,26.16,26.16,320,0
2018-01-11,21:00:00,26.405,26.61,26.405,26.59,1907,0
2018-01-12,18:00:00,26.4427,26.4427,26.4427,26.4427,214,0
2018-01-12,19:00:00,26.19,26.22,26.19,26.2109,600,0
2018-01-16,20:00:00,26.4006,26.4006,26.4006,26.4006,190,0
2018-01-16,21:00:00,26.2582,26.2582,26.2582,26.2582,100,0
2018-01-16,22:00:00,26.1884,26.1884,26.1884,26.1884,283,0
2018-01-17,19:00:00,26.4,26.44,26.4,26.44,200,0
2018-01-19,17:00:00,26.16,26.16,26.13,26.13,200,0
2018-01-22,22:00:00,26.2602,26.2602,26.2602,26.2602,283,0
2018-01-23,16:00:00,26.06,26.06,26.06,26.06,100,0
2018-01-25,18:00:00,26.3386,26.3386,26.3386,26.3386,351,0
2018-01-25,22:00:00,26.15,26.16,26.15,26.15,800,0
2018-01-26,16:00:00,26.1,26.1,26.1,26.1,300,0
2018-01-26,17:00:00,26.1,26.1,26.1,26.1,700,0
2018-01-26,18:00:00,26.33,26.33,26.28,26.2903,526,0
2018-01-26,20:00:00,26.14,26.14,26.12,26.12,900,0
2018-01-26,22:00:00,26.15,26.17,26.15,26.1684,300,0
2018-01-29,19:00:00,26.1,26.1,26.1,26.1,570,0
2018-01-29,21:00:00,26.12,26.1722,25.76,25.8115,4000,0
2018-01-30,16:00:00,25.86,25.86,25.85,25.85,400,0
2018-02-01,16:00:00,25.87,25.87,25.87,25.87,400,0
2018-02-05,18:00:00,25.92,25.94,25.92,25.94,488,0
2018-02-07,17:00:00,25.79,25.8001,25.79,25.8,2200,0
2018-02-08,18:00:00,25.73,25.73,25.72,25.72,346,0
2018-02-08,19:00:00,25.72,25.72,25.71,25.71,346,0
2018-02-08,22:00:00,25.691,25.691,25.691,25.691,1000,0
2018-02-09,16:00:00,25.62,25.62,25.5601,25.5601,1100,0
2018-02-09,19:00:00,25.5554,25.6,25.5554,25.6,859,0
2018-02-09,21:00:00,25.6,25.6,25.6,25.6,341,0
2018-02-09,22:00:00,25.88,25.88,25.88,25.88,300,0
2018-02-12,20:00:00,25.85,25.87,25.85,25.8699,684,0
2018-02-12,22:00:00,25.84,25.87,25.84,25.8699,700,0
2018-02-13,16:00:00,25.93,25.93,25.55,25.55,2300,0
2018-02-13,17:00:00,25.91,25.92,25.8606,25.8788,1966,0
2018-02-14,16:00:00,25.6312,25.6312,25.6312,25.6312,172,0
2018-02-15,18:00:00,25.72,25.72,25.72,25.72,100,0
2018-02-15,22:00:00,25.74,25.74,25.72,25.72,600,0
2018-02-23,20:00:00,25.85,25.85,25.85,25.85,100,0
2018-02-23,21:00:00,25.89,25.89,25.89,25.89,100,0
2018-02-23,22:00:00,25.9,25.9,25.9,25.9,200,0
2018-02-26,18:00:00,26.06,26.06,26.06,26.06,100,0
2018-02-28,16:00:00,26.05,26.05,26.05,26.05,100,0
2018-02-28,18:00:00,26.0199,26.0199,26.0199,26.0199,500,0
2018-02-28,21:00:00,26.01,26.01,25.9272,25.9272,1069,0
2018-02-28,22:00:00,25.7,25.7514,25.68,25.7514,800,0
2018-03-01,16:00:00,25.96,25.96,25.96,25.96,100,0
2018-03-01,17:00:00,25.885,25.885,25.885,25.885,200,0
2018-03-01,18:00:00,25.7601,25.77,25.76,25.76,2000,0
2018-03-01,20:00:00,25.938,25.9505,25.77,25.77,1300,0
2018-03-01,22:00:00,25.9,25.99,25.9,25.99,642,0
2018-03-05,17:00:00,25.85,25.85,25.85,25.85,500,0
2018-03-05,18:00:00,25.8,25.8,25.75,25.77,998,0
2018-03-05,21:00:00,25.9498,25.9498,25.9498,25.9498,376,0
2018-03-05,22:00:00,25.899,25.899,25.8916,25.8916,200,0
2018-03-06,16:00:00,25.79,25.79,25.79,25.79,100,0
2018-03-06,22:00:00,25.926,25.926,25.926,25.926,300,0
2018-03-07,22:00:00,25.9,25.9,25.9,25.9,100,0
2018-03-08,17:00:00,25.9,25.9,25.9,25.9,300,0
2018-03-08,19:00:00,25.91,25.91,25.91,25.91,158,0
2018-03-08,20:00:00,25.9,25.9,25.9,25.9,100,0
2018-03-08,22:00:00,25.9001,25.9001,25.9001,25.9001,208,0
2018-03-09,20:00:00,26.02,26.02,25.965,25.965,600,0
2018-03-12,19:00:00,26.04,26.04,26.04,26.04,100,0
2018-03-13,18:00:00,26.05,26.05,26.05,26.05,300,0
2018-03-14,18:00:00,26.08,26.12,26.0281,26.0781,1265,0
2018-03-14,20:00:00,25.9808,25.9808,25.9,25.933,6720,0
2018-03-15,16:00:00,26.07,26.07,26.07,26.07,400,0
2018-03-15,17:00:00,25.8974,25.8974,25.85,25.85,2091,0
2018-03-15,20:00:00,25.88,25.88,25.88,25.88,100,0
2018-03-15,21:00:00,25.87,25.87,25.87,25.87,300,0
2018-03-16,15:00:00,25.66,25.66,25.66,25.66,240,0
2018-03-19,15:00:00,25.64,25.64,25.64,25.64,100,0
2018-03-19,16:00:00,25.64,25.64,25.64,25.64,100,0
2018-03-19,19:00:00,25.49,25.5214,25.49,25.5214,618,0
2018-03-19,21:00:00,25.51,25.51,25.51,25.51,100,0
2018-03-20,16:00:00,25.63,25.64,25.63,25.63,521,0
2018-03-22,15:00:00,25.63,25.63,25.63,25.63,100,0
2018-03-22,18:00:00,25.5,25.563,25.5,25.563,2000,0
2018-03-22,20:00:00,25.61,25.61,25.5,25.551,1214,0
2018-03-23,17:00:00,25.5,25.5,25.5,25.5,600,0
2018-03-23,21:00:00,25.53,25.53,25.53,25.53,100,0
2018-03-26,16:00:00,25.6,25.6099,25.6,25.6099,600,0
2018-03-26,17:00:00,25.63,25.66,25.63,25.66,200,0
2018-03-26,20:00:00,25.55,25.5811,25.55,25.5811,1400,0
2018-03-26,21:00:00,25.59,25.6,25.56,25.597,2582,0
2018-03-26,22:00:00,25.67,25.67,25.6189,25.6189,1200,0
2018-03-27,16:00:00,25.67,25.67,25.67,25.67,100,0
2018-03-27,17:00:00,25.6388,25.6388,25.56,25.56,3100,0
2018-03-27,21:00:00,25.67,25.72,25.6483,25.72,980,0
2018-03-27,22:00:00,25.7,25.72,25.7,25.72,572,0
2018-03-28,17:00:00,25.72,25.72,25.6224,25.6224,1958,0
2018-03-28,19:00:00,25.73,25.73,25.7287,25.7287,600,0
2018-03-28,20:00:00,25.77,25.86,25.75,25.8015,3104,0
2018-03-28,21:00:00,25.76,25.76,25.75,25.75,1322,0
2018-03-28,22:00:00,25.75,25.75,25.75,25.75,100,0
2018-03-29,17:00:00,25.72,25.7715,25.72,25.7715,700,0
