Date,Time,Open,High,Low,Close,Volume,OpenInt
2017-07-19,16:00:00,49.239,49.422,49.239,49.422,321,0
2017-07-19,17:00:00,49.409,49.42,49.347,49.42,1754,0
2017-07-19,18:00:00,49.452,49.459,49.399,49.459,1027,0
2017-07-19,19:00:00,49.479,49.479,49.479,49.479,1002,0
2017-07-19,20:00:00,49.499,49.529,49.499,49.524,2305,0
2017-07-19,21:00:00,49.539,49.549,49.529,49.549,451,0
2017-07-19,22:00:00,49.559,49.559,49.525,49.534,2102,0
2017-07-20,17:00:00,49.539,49.549,49.478,49.478,1704,0
2017-07-20,18:00:00,49.584,49.584,49.549,49.549,1221,0
2017-07-20,21:00:00,49.624,49.629,49.549,49.549,813,0
2017-07-20,22:00:00,49.63,49.639,49.628,49.628,523,0
2017-07-21,16:00:00,49.888,49.888,49.888,49.888,201,0
2017-07-21,17:00:00,49.539,49.539,49.459,49.522,1303,0
2017-07-21,20:00:00,49.626,49.626,49.626,49.626,100,0
2017-07-21,22:00:00,49.579,49.605,49.569,49.592,501,0
2017-07-24,16:00:00,49.599,49.609,49.549,49.559,4711,0
2017-07-24,17:00:00,49.649,49.649,49.649,49.649,100,0
2017-07-24,20:00:00,49.717,49.717,49.694,49.694,401,0
2017-07-24,22:00:00,49.738,49.738,49.677,49.677,1617,0
2017-07-25,17:00:00,49.808,49.808,49.808,49.808,842,0
2017-07-25,18:00:00,49.753,49.753,49.753,49.753,1002,0
2017-07-25,19:00:00,49.842,49.842,49.829,49.829,582,0
2017-07-25,20:00:00,49.813,49.858,49.808,49.818,1904,0
2017-07-25,21:00:00,49.878,49.878,49.828,49.828,2806,0
2017-07-25,22:00:00,49.821,49.838,49.754,49.778,4110,0
2017-07-26,17:00:00,49.888,49.908,49.888,49.888,1403,0
2017-07-26,18:00:00,49.938,49.938,49.938,49.938,351,0
2017-07-26,19:00:00,49.938,49.938,49.938,49.938,100,0
2017-07-26,21:00:00,49.918,49.918,49.908,49.908,200,0
2017-07-26,22:00:00,49.888,49.908,49.858,49.888,651,0
2017-07-27,17:00:00,50.187,50.247,50.187,50.247,1301,0
2017-07-27,18:00:00,50.207,50.227,50.169,50.204,4029,0
2017-07-27,19:00:00,50.222,50.237,49.888,49.888,3829,0
2017-07-27,20:00:00,49.868,49.868,49.522,49.549,1303,0
2017-07-27,21:00:00,49.679,49.679,49.679,49.679,200,0
2017-07-27,22:00:00,49.647,49.788,49.647,49.756,621,0
2017-07-28,16:00:00,49.768,49.768,49.768,49.768,200,0
2017-07-28,19:00:00,49.908,49.908,49.908,49.908,100,0
2017-07-28,20:00:00,49.898,49.898,49.848,49.878,601,0
2017-07-28,21:00:00,49.858,49.948,49.858,49.948,200,0
2017-07-28,22:00:00,49.858,49.918,49.858,49.908,1904,0
2017-07-31,17:00:00,49.948,49.948,49.818,49.839,2421,0
2017-07-31,19:00:00,49.954,49.988,49.954,49.988,251,0
2017-07-31,21:00:00,49.928,49.928,49.878,49.904,1816,0
2017-07-31,22:00:00,49.918,49.948,49.908,49.908,1483,0
2017-08-01,16:00:00,50.048,50.048,50.048,50.048,1904,0
2017-08-01,19:00:00,50.072,50.072,50.059,50.059,2683,0
2017-08-01,20:00:00,50.065,50.065,50.028,50.028,42490,0
2017-08-01,21:00:00,50.088,50.088,50.059,50.086,401,0
2017-08-01,22:00:00,50.058,50.078,50.038,50.038,5871,0
2017-08-02,16:00:00,49.938,49.958,49.906,49.906,701,0
2017-08-02,17:00:00,49.938,49.938,49.619,49.619,1303,0
2017-08-02,18:00:00,49.659,49.778,49.58,49.704,9570,0
2017-08-02,19:00:00,49.808,49.808,49.808,49.808,340,0
2017-08-02,22:00:00,49.908,49.988,49.858,49.978,2175,0
2017-08-03,17:00:00,49.808,49.808,49.808,49.808,100,0
2017-08-03,19:00:00,49.837,49.837,49.825,49.825,432,0
2017-08-03,20:00:00,49.858,49.858,49.846,49.846,463,0
2017-08-03,22:00:00,49.798,49.798,49.738,49.776,1321,0
2017-08-04,16:00:00,49.788,49.798,49.788,49.798,200,0
2017-08-04,18:00:00,49.943,49.943,49.931,49.931,901,0
2017-08-04,19:00:00,49.888,49.888,49.846,49.846,351,0
2017-08-04,20:00:00,49.848,49.848,49.848,49.848,169,0
2017-08-04,21:00:00,49.868,49.888,49.848,49.848,581,0
2017-08-07,16:00:00,49.888,49.998,49.888,49.973,351,0
2017-08-07,17:00:00,50.007,50.058,49.978,50.008,2640,0
2017-08-07,18:00:00,50.045,50.045,50.045,50.045,100,0
2017-08-07,19:00:00,50.038,50.038,50.01,50.038,4892,0
2017-08-07,20:00:00,50.033,50.033,50.033,50.033,100,0
2017-08-07,21:00:00,49.988,49.988,49.988,49.988,100,0
2017-08-07,22:00:00,50.018,50.078,50.018,50.078,401,0
2017-08-08,17:00:00,49.938,50.128,49.938,50.128,2286,0
2017-08-08,18:00:00,50.291,50.291,50.289,50.289,200,0
2017-08-08,19:00:00,50.287,50.287,50.287,50.287,100,0
2017-08-08,20:00:00,50.168,50.168,50.098,50.098,701,0
2017-08-08,22:00:00,50.108,50.108,49.868,49.904,1246,0
2017-08-09,16:00:00,49.988,49.988,49.988,49.988,148,0
2017-08-09,17:00:00,49.79,49.858,49.79,49.858,701,0
2017-08-09,18:00:00,49.867,49.867,49.804,49.834,752,0
2017-08-09,19:00:00,49.816,49.816,49.816,49.816,301,0
2017-08-09,20:00:00,49.968,49.968,49.809,49.809,2463,0
2017-08-09,22:00:00,49.805,49.805,49.718,49.718,225,0
2017-08-10,16:00:00,49.698,49.698,49.654,49.654,200,0
2017-08-10,17:00:00,49.485,49.544,49.485,49.544,685,0
2017-08-10,18:00:00,49.297,49.297,49.297,49.297,301,0
2017-08-10,21:00:00,49.249,49.3,49.249,49.3,571,0
2017-08-10,22:00:00,49.195,49.269,48.97,48.97,2112,0
2017-08-11,16:00:00,49.05,49.05,48.79,48.956,505,0
2017-08-11,17:00:00,49.107,49.21,49.107,49.187,2831,0
2017-08-11,18:00:00,49.14,49.14,49.099,49.099,2054,0
2017-08-11,20:00:00,49.202,49.202,49.202,49.202,150,0
2017-08-11,21:00:00,49.252,49.299,49.162,49.162,6496,0
2017-08-11,22:00:00,49.249,49.269,49.185,49.269,1504,0
2017-08-14,16:00:00,49.718,49.728,49.718,49.718,3117,0
2017-08-14,17:00:00,49.748,49.898,49.748,49.898,1603,0
2017-08-14,18:00:00,49.838,49.838,49.838,49.838,401,0
2017-08-14,21:00:00,49.808,49.808,49.808,49.808,111,0
2017-08-14,22:00:00,49.858,49.918,49.858,49.918,7517,0
2017-08-15,16:00:00,50.062,50.062,49.818,49.818,18692,0
2017-08-15,17:00:00,49.808,49.838,49.788,49.788,501,0
2017-08-15,18:00:00,49.818,49.818,49.748,49.748,1155,0
2017-08-15,19:00:00,49.848,49.858,49.848,49.858,2021,0
2017-08-15,21:00:00,49.768,49.828,49.768,49.817,501,0
2017-08-15,22:00:00,49.818,49.828,49.758,49.758,401,0
2017-08-16,16:00:00,49.863,49.863,49.863,49.863,200,0
2017-08-16,18:00:00,49.918,50.018,49.918,49.991,476,0
2017-08-16,19:00:00,49.968,49.968,49.968,49.968,100,0
2017-08-16,20:00:00,49.837,49.878,49.837,49.878,302,0
2017-08-16,21:00:00,49.858,49.928,49.778,49.778,401,0
2017-08-16,22:00:00,49.848,49.918,49.848,49.902,902,0
2017-08-17,16:00:00,49.858,49.858,49.858,49.858,351,0
2017-08-17,17:00:00,49.748,49.748,49.495,49.568,1303,0
2017-08-17,18:00:00,49.604,49.698,49.604,49.698,4530,0
2017-08-17,19:00:00,49.379,49.379,49.269,49.269,210,0
2017-08-17,20:00:00,49.319,49.319,49.319,49.319,100,0
2017-08-17,21:00:00,49.329,49.329,49.319,49.319,466,0
2017-08-18,16:00:00,48.924,48.925,48.823,48.823,1503,0
2017-08-18,17:00:00,48.731,49.06,48.731,49.06,1403,0
2017-08-18,18:00:00,49.02,49.289,48.99,49.186,1203,0
2017-08-18,19:00:00,49.16,49.239,49.16,49.239,200,0
2017-08-18,20:00:00,49.279,49.279,49.17,49.17,2896,0
2017-08-18,22:00:00,49.17,49.2,49.04,49.04,727,0
2017-08-21,19:00:00,49.09,49.09,49.09,49.09,1043,0
2017-08-21,20:00:00,49.066,49.066,49.066,49.066,203,0
2017-08-22,16:00:00,49.479,49.479,49.479,49.479,401,0
2017-08-22,17:00:00,49.513,49.549,49.512,49.549,601,0
2017-08-22,19:00:00,49.634,49.658,49.634,49.634,301,0
2017-08-22,20:00:00,49.718,49.718,49.704,49.708,1223,0
2017-08-22,21:00:00,49.668,49.748,49.668,49.748,301,0
2017-08-22,22:00:00,49.748,49.809,49.728,49.809,7309,0
2017-08-23,16:00:00,49.624,49.624,49.624,49.624,160,0
2017-08-23,17:00:00,49.629,49.634,49.629,49.634,351,0
2017-08-23,18:00:00,49.738,49.768,49.728,49.768,3507,0
2017-08-23,19:00:00,49.708,49.708,49.67,49.708,661,0
2017-08-23,20:00:00,49.698,49.698,49.698,49.698,948,0
2017-08-23,21:00:00,49.636,49.707,49.631,49.707,409,0
2017-08-23,22:00:00,49.665,49.679,49.629,49.679,1253,0
2017-08-24,19:00:00,49.493,49.493,49.493,49.493,150,0
2017-08-24,22:00:00,49.668,49.668,49.668,49.668,251,0
2017-08-25,17:00:00,49.835,49.835,49.835,49.835,200,0
2017-08-25,18:00:00,49.589,49.589,49.589,49.589,100,0
2017-08-25,21:00:00,49.645,49.655,49.645,49.655,301,0
2017-08-25,22:00:00,49.635,49.635,49.629,49.629,601,0
2017-08-28,16:00:00,49.818,49.818,49.469,49.469,401,0
2017-08-28,17:00:00,49.389,49.429,49.389,49.409,651,0
2017-08-28,18:00:00,49.461,49.461,49.419,49.426,1593,0
2017-08-28,19:00:00,49.389,49.389,49.389,49.389,100,0
2017-08-28,20:00:00,49.359,49.375,49.349,49.375,701,0
2017-08-28,21:00:00,49.429,49.429,49.429,49.429,2004,0
2017-08-29,16:00:00,49.2,49.2,49.07,49.125,301,0
2017-08-29,17:00:00,49.219,49.219,49.219,49.219,501,0
2017-08-29,18:00:00,49.386,49.389,49.386,49.389,401,0
2017-08-29,19:00:00,49.389,49.389,49.364,49.364,301,0
2017-08-29,20:00:00,49.389,49.389,49.389,49.389,295,0
2017-08-29,22:00:00,49.499,49.499,49.499,49.499,102,0
2017-08-30,16:00:00,49.639,49.649,49.563,49.563,952,0
2017-08-30,17:00:00,49.659,49.659,49.583,49.648,501,0
2017-08-30,18:00:00,49.687,49.773,49.687,49.773,852,0
2017-08-30,19:00:00,49.738,49.807,49.738,49.778,1603,0
2017-08-30,21:00:00,49.992,49.998,49.968,49.988,501,0
2017-08-30,22:00:00,49.998,50.013,49.923,49.978,4360,0
2017-08-31,16:00:00,50.277,50.277,50.236,50.236,369,0
2017-08-31,17:00:00,50.2,50.217,50.197,50.197,913,0
2017-08-31,18:00:00,50.177,50.229,50.177,50.229,304,0
2017-08-31,19:00:00,50.242,50.257,50.242,50.257,441,0
2017-08-31,21:00:00,50.312,50.351,50.312,50.351,601,0
2017-08-31,22:00:00,50.37,50.37,50.367,50.367,399,0
2017-09-01,16:00:00,50.646,50.646,50.559,50.559,701,0
2017-09-01,17:00:00,50.411,50.549,50.411,50.549,6735,0
2017-09-01,18:00:00,50.567,50.567,50.547,50.547,401,0
2017-09-01,19:00:00,50.597,50.607,50.557,50.557,1022,0
2017-09-01,21:00:00,50.514,50.514,50.514,50.514,100,0
2017-09-05,16:00:00,50.637,50.637,50.136,50.197,11346,0
2017-09-05,17:00:00,50.317,50.317,50.257,50.257,1203,0
2017-09-05,18:00:00,50.202,50.207,50.158,50.193,1403,0
2017-09-05,19:00:00,49.886,49.886,49.829,49.829,701,0
2017-09-05,20:00:00,49.805,49.961,49.748,49.961,451,0
2017-09-05,21:00:00,49.943,50.028,49.935,49.938,1979,0
2017-09-05,22:00:00,50.008,50.048,49.965,49.998,1307,0
2017-09-06,17:00:00,49.95,49.958,49.928,49.953,1403,0
2017-09-06,18:00:00,49.988,49.988,49.901,49.901,806,0
2017-09-06,19:00:00,49.9,49.9,49.9,49.9,162,0
2017-09-06,20:00:00,50.148,50.148,50.138,50.138,401,0
2017-09-06,22:00:00,50.173,50.223,50.173,50.187,2031,0
2017-09-07,16:00:00,50.447,50.447,50.207,50.207,204,0
2017-09-07,17:00:00,50.094,50.143,50.068,50.078,14761,0
2017-09-07,18:00:00,50.183,50.183,50.183,50.183,200,0
2017-09-07,19:00:00,49.988,50.018,49.968,49.968,701,0
2017-09-07,20:00:00,50.068,50.068,50.068,50.068,100,0
2017-09-08,18:00:00,49.938,49.938,49.938,49.938,100,0
2017-09-08,20:00:00,49.848,49.848,49.848,49.848,100,0
2017-09-08,21:00:00,49.858,49.858,49.858,49.858,200,0
2017-09-08,22:00:00,49.858,49.887,49.858,49.887,1570,0
2017-09-11,16:00:00,50.267,50.267,50.267,50.267,100,0
2017-09-11,17:00:00,50.317,50.375,50.317,50.375,251,0
2017-09-11,18:00:00,50.327,50.367,50.327,50.367,200,0
2017-09-11,19:00:00,50.427,50.467,50.427,50.457,401,0
2017-09-11,20:00:00,50.457,50.477,50.447,50.477,802,0
2017-09-11,21:00:00,50.477,50.477,50.407,50.407,1519,0
2017-09-11,22:00:00,50.427,50.427,50.337,50.397,1960,0
2017-09-12,16:00:00,50.47,50.47,50.47,50.47,200,0
2017-09-12,17:00:00,50.437,50.437,50.437,50.437,100,0
2017-09-12,18:00:00,50.486,50.486,50.486,50.486,1503,0
2017-09-12,19:00:00,50.527,50.547,50.527,50.547,200,0
2017-09-12,20:00:00,50.577,50.597,50.577,50.597,301,0
2017-09-12,22:00:00,50.567,50.598,50.567,50.598,200,0
2017-09-13,17:00:00,50.746,50.746,50.746,50.746,200,0
2017-09-13,22:00:00,50.804,50.804,50.746,50.774,501,0
2017-09-14,16:00:00,50.649,50.649,50.587,50.587,1182,0
2017-09-14,17:00:00,50.734,50.751,50.734,50.751,601,0
2017-09-14,21:00:00,50.67,50.67,50.67,50.67,100,0
2017-09-14,22:00:00,50.556,50.582,50.556,50.582,805,0
2017-09-15,17:00:00,50.568,50.568,50.568,50.568,100,0
2017-09-15,21:00:00,50.587,50.617,50.55,50.617,3178,0
2017-09-15,22:00:00,50.585,50.585,50.585,50.585,175,0
2017-09-18,16:00:00,50.676,50.831,50.676,50.831,200,0
2017-09-18,17:00:00,50.809,50.809,50.809,50.809,501,0
2017-09-18,20:00:00,50.876,50.876,50.876,50.876,200,0
2017-09-18,21:00:00,50.906,50.906,50.775,50.775,1122,0
2017-09-18,22:00:00,50.831,50.831,50.789,50.789,304,0
2017-09-19,16:00:00,50.825,50.825,50.825,50.825,196,0
2017-09-19,17:00:00,50.91,50.91,50.91,50.91,110,0
2017-09-19,18:00:00,50.886,50.946,50.866,50.946,842,0
2017-09-19,19:00:00,50.986,51.016,50.946,51.016,2135,0
2017-09-19,20:00:00,51.025,51.025,51.025,51.025,1343,0
2017-09-19,21:00:00,51.016,51.016,50.982,50.986,2335,0
2017-09-19,22:00:00,50.994,50.996,50.956,50.986,2143,0
2017-09-20,16:00:00,50.756,51.061,50.756,51.061,209,0
2017-09-20,17:00:00,50.986,50.986,50.986,50.986,100,0
2017-09-20,18:00:00,50.843,50.956,50.843,50.954,1242,0
2017-09-20,19:00:00,50.996,50.996,50.965,50.965,2004,0
2017-09-20,20:00:00,50.926,50.929,50.926,50.929,412,0
2017-09-20,21:00:00,50.986,50.986,50.766,50.936,1068,0
2017-09-20,22:00:00,50.936,50.996,50.936,50.976,300,0
2017-09-21,16:00:00,50.846,50.846,50.846,50.846,1300,0
2017-09-21,17:00:00,50.676,50.736,50.656,50.736,1801,0
2017-09-21,18:00:00,50.846,50.846,50.818,50.846,2002,0
2017-09-21,19:00:00,50.866,50.866,50.866,50.866,301,0
2017-09-21,20:00:00,50.866,50.916,50.843,50.886,2103,0
2017-09-21,21:00:00,50.885,50.885,50.885,50.885,301,0
2017-09-21,22:00:00,50.836,50.836,50.836,50.836,150,0
2017-09-22,17:00:00,50.883,50.883,50.801,50.803,1108,0
2017-09-22,20:00:00,50.813,50.827,50.813,50.827,405,0
2017-09-22,21:00:00,50.833,50.863,50.833,50.863,577,0
2017-09-22,22:00:00,50.893,50.913,50.893,50.893,600,0
2017-09-25,16:00:00,50.567,50.567,50.567,50.567,138,0
2017-09-25,17:00:00,50.553,50.623,50.553,50.623,200,0
2017-09-25,18:00:00,50.293,50.331,50.293,50.331,200,0
2017-09-25,19:00:00,50.183,50.183,50.128,50.128,1100,0
2017-09-25,20:00:00,50.283,50.293,50.243,50.293,1272,0
2017-09-25,21:00:00,50.223,50.242,50.223,50.242,200,0
2017-09-26,17:00:00,50.473,50.503,50.473,50.503,1800,0
2017-09-26,19:00:00,50.433,50.443,50.399,50.399,800,0
2017-09-26,22:00:00,50.473,50.493,50.423,50.443,5360,0
2017-09-27,17:00:00,50.783,50.783,50.523,50.613,360,0
2017-09-27,20:00:00,50.753,50.753,50.753,50.753,138,0
2017-09-27,21:00:00,50.823,50.823,50.823,50.823,100,0
2017-09-27,22:00:00,50.865,50.865,50.771,50.793,1238,0
2017-09-28,16:00:00,50.973,50.973,50.643,50.643,340,0
2017-09-28,18:00:00,50.667,50.683,50.667,50.683,400,0
2017-09-28,19:00:00,50.658,50.693,50.658,50.693,900,0
2017-09-28,20:00:00,50.767,50.767,50.763,50.763,594,0
2017-09-28,21:00:00,50.723,50.723,50.723,50.723,100,0
2017-09-28,22:00:00,50.723,50.723,50.723,50.723,1100,0
2017-09-29,16:00:00,50.823,50.841,50.703,50.703,2100,0
2017-09-29,17:00:00,50.833,50.833,50.833,50.833,102,0
2017-09-29,19:00:00,50.963,51.063,50.963,51.063,1162,0
2017-09-29,20:00:00,50.997,50.997,50.997,50.997,277,0
2017-09-29,22:00:00,51.013,51.063,51.013,51.063,500,0
2017-10-02,16:00:00,51.273,51.273,51.273,51.273,2397,0
2017-10-02,17:00:00,51.303,51.353,51.293,51.323,1455,0
2017-10-02,18:00:00,51.293,51.293,51.243,51.243,300,0
2017-10-02,19:00:00,51.263,51.323,51.243,51.243,16047,0
2017-10-02,20:00:00,51.261,51.261,51.243,51.256,686,0
2017-10-02,21:00:00,51.243,51.273,51.243,51.273,300,0
2017-10-02,22:00:00,51.273,51.273,51.263,51.263,900,0
2017-10-03,17:00:00,51.533,51.533,51.533,51.533,100,0
2017-10-03,18:00:00,51.476,51.482,51.473,51.473,2180,0
2017-10-03,19:00:00,51.493,51.498,51.453,51.493,950,0
2017-10-03,21:00:00,51.493,51.493,51.493,51.493,100,0
2017-10-03,22:00:00,51.493,51.493,51.493,51.493,107,0
2017-10-04,16:00:00,51.693,51.693,51.693,51.693,2133,0
2017-10-04,17:00:00,51.623,51.633,51.515,51.515,1000,0
2017-10-04,18:00:00,51.653,51.662,51.623,51.662,2700,0
2017-10-04,19:00:00,51.753,51.753,51.693,51.693,400,0
2017-10-04,20:00:00,51.643,51.643,51.584,51.584,870,0
2017-10-04,21:00:00,51.573,51.633,51.573,51.633,485,0
2017-10-04,22:00:00,51.643,51.643,51.633,51.633,1071,0
2017-10-05,17:00:00,51.796,51.796,51.796,51.796,100,0
2017-10-05,18:00:00,51.803,51.873,51.803,51.873,3974,0
2017-10-05,19:00:00,51.963,51.973,51.943,51.973,1705,0
2017-10-05,21:00:00,52.023,52.023,52.023,52.023,100,0
2017-10-05,22:00:00,52.023,52.023,52.023,52.023,100,0
2017-10-06,17:00:00,51.993,51.993,51.993,51.993,1220,0
2017-10-06,18:00:00,52.023,52.023,52.023,52.023,144,0
2017-10-06,19:00:00,52.022,52.023,52.022,52.023,1275,0
2017-10-06,21:00:00,52.053,52.053,52.023,52.053,2122,0
2017-10-09,17:00:00,52.093,52.093,52.093,52.093,150,0
2017-10-09,18:00:00,52.123,52.123,52.123,52.123,1500,0
2017-10-09,20:00:00,52.122,52.123,52.095,52.118,1227,0
2017-10-09,21:00:00,52.093,52.093,52.093,52.093,600,0
2017-10-10,17:00:00,52.151,52.163,52.151,52.163,1200,0
2017-10-10,18:00:00,52.111,52.133,52.111,52.133,200,0
2017-10-10,19:00:00,52.093,52.093,52.093,52.093,200,0
2017-10-10,20:00:00,52.134,52.163,52.134,52.135,1564,0
2017-10-10,21:00:00,52.123,52.143,52.123,52.143,820,0
2017-10-10,22:00:00,52.192,52.223,52.146,52.223,1568,0
2017-10-11,16:00:00,52.113,52.173,52.113,52.173,484,0
2017-10-11,17:00:00,52.183,52.223,52.183,52.223,300,0
2017-10-11,18:00:00,52.213,52.213,52.153,52.193,1156,0
2017-10-11,20:00:00,52.273,52.273,52.243,52.253,425,0
2017-10-11,21:00:00,52.293,52.293,52.263,52.273,1000,0
2017-10-11,22:00:00,52.283,52.313,52.283,52.293,1012,0
2017-10-12,16:00:00,52.493,52.493,52.493,52.493,127,0
2017-10-12,17:00:00,52.148,52.148,52.133,52.133,250,0
2017-10-12,18:00:00,52.121,52.121,52.121,52.121,250,0
2017-10-12,19:00:00,52.182,52.182,52.14,52.153,500,0
2017-10-12,20:00:00,52.142,52.163,52.111,52.111,4851,0
2017-10-12,21:00:00,52.132,52.132,52.003,52.003,10826,0
2017-10-12,22:00:00,51.993,52.063,51.993,51.993,3160,0
2017-10-13,18:00:00,52.08,52.08,52.08,52.08,500,0
2017-10-13,19:00:00,52.086,52.086,52.086,52.086,302,0
2017-10-13,21:00:00,52.143,52.143,52.143,52.143,200,0
2017-10-13,22:00:00,52.135,52.14,52.093,52.093,698,0
2017-10-16,17:00:00,52.151,52.151,52.151,52.151,200,0
2017-10-16,18:00:00,52.153,52.153,52.153,52.153,1000,0
2017-10-16,21:00:00,52.187,52.202,52.163,52.188,1353,0
2017-10-16,22:00:00,52.233,52.283,52.187,52.283,1269,0
2017-10-17,16:00:00,52.073,52.233,52.073,52.233,230,0
2017-10-17,17:00:00,52.303,52.303,52.248,52.248,666,0
2017-10-17,18:00:00,52.206,52.206,52.163,52.163,300,0
2017-10-17,20:00:00,52.193,52.193,52.15,52.162,600,0
2017-10-17,22:00:00,52.115,52.153,52.115,52.153,225,0
2017-10-18,16:00:00,52.433,52.433,52.433,52.433,324,0
2017-10-18,17:00:00,52.273,52.273,52.266,52.266,1100,0
2017-10-18,18:00:00,52.196,52.233,52.133,52.133,1036,0
2017-10-18,19:00:00,52.283,52.283,52.283,52.283,346,0
2017-10-18,21:00:00,52.258,52.258,52.215,52.253,5226,0
2017-10-18,22:00:00,52.283,52.283,52.208,52.21,2518,0
2017-10-19,16:00:00,51.833,51.833,51.473,51.763,9668,0
2017-10-19,17:00:00,51.624,51.803,51.623,51.803,31057,0
2017-10-19,18:00:00,51.93,51.943,51.923,51.923,575,0
2017-10-19,19:00:00,51.893,51.9,51.893,51.9,399,0
2017-10-19,20:00:00,51.933,51.993,51.929,51.993,1509,0
2017-10-19,21:00:00,51.973,51.973,51.954,51.963,2055,0
2017-10-19,22:00:00,52.042,52.043,52.007,52.043,896,0
2017-10-20,16:00:00,52.463,52.463,52.463,52.463,165,0
2017-10-20,17:00:00,52.27,52.27,52.27,52.27,396,0
2017-10-20,19:00:00,52.342,52.352,52.342,52.343,1217,0
2017-10-20,20:00:00,52.393,52.393,52.361,52.393,12403,0
2017-10-20,21:00:00,52.383,52.392,52.343,52.348,850,0
2017-10-20,22:00:00,52.343,52.343,52.253,52.253,1415,0
2017-10-23,17:00:00,52.303,52.303,52.2,52.2,800,0
2017-10-23,18:00:00,52.203,52.203,52.203,52.203,632,0
2017-10-23,19:00:00,52.153,52.252,52.153,52.196,1500,0
2017-10-23,20:00:00,52.173,52.173,52.173,52.173,387,0
2017-10-23,21:00:00,52.118,52.118,52.113,52.113,705,0
2017-10-23,22:00:00,52.016,52.042,51.926,51.973,2298,0
2017-10-24,16:00:00,52.036,52.036,52.036,52.036,200,0
2017-10-24,17:00:00,52.058,52.058,52.057,52.057,973,0
2017-10-24,18:00:00,52.063,52.103,52.063,52.103,456,0
2017-10-24,19:00:00,52.108,52.108,52.083,52.083,700,0
2017-10-24,20:00:00,52.059,52.081,52.059,52.081,463,0
2017-10-24,22:00:00,52.082,52.102,52.082,52.102,760,0
2017-10-25,17:00:00,52.153,52.153,51.949,51.949,467,0
2017-10-25,18:00:00,51.683,51.813,51.633,51.769,2856,0
2017-10-25,19:00:00,51.711,51.816,51.593,51.816,2700,0
2017-10-25,20:00:00,51.77,51.818,51.77,51.816,652,0
2017-10-25,21:00:00,51.893,51.963,51.893,51.903,1753,0
2017-10-25,22:00:00,51.873,51.953,51.817,51.913,6422,0
2017-10-26,18:00:00,51.843,51.843,51.696,51.696,1020,0
2017-10-26,19:00:00,51.733,51.743,51.693,51.693,800,0
2017-10-26,20:00:00,51.742,51.743,51.742,51.743,200,0
2017-10-26,21:00:00,51.763,51.802,51.663,51.693,1506,0
2017-10-26,22:00:00,51.762,51.762,51.663,51.673,600,0
2017-10-27,16:00:00,51.983,51.983,51.363,51.512,545,0
2017-10-27,17:00:00,51.673,51.703,51.563,51.703,10727,0
2017-10-27,18:00:00,51.773,51.803,51.743,51.803,1353,0
2017-10-27,19:00:00,51.893,51.943,51.893,51.923,3948,0
2017-10-27,20:00:00,51.943,51.943,51.943,51.943,975,0
2017-10-27,21:00:00,51.993,52.013,51.993,52.013,200,0
2017-10-27,22:00:00,52.017,52.093,52.017,52.073,1291,0
2017-10-30,15:00:00,52.036,52.036,52.036,52.036,100,0
2017-10-30,16:00:00,52.083,52.153,52.083,52.104,600,0
2017-10-30,17:00:00,52.133,52.143,52.022,52.065,4113,0
2017-10-30,18:00:00,52.033,52.033,51.925,51.925,1100,0
2017-10-30,19:00:00,52.013,52.033,51.985,52.013,4278,0
2017-10-30,20:00:00,52.033,52.063,52.003,52.063,700,0
2017-10-30,21:00:00,52.062,52.123,52.052,52.123,554,0
2017-10-31,15:00:00,52.303,52.303,52.303,52.303,1970,0
2017-10-31,16:00:00,52.343,52.373,52.293,52.373,666,0
2017-10-31,19:00:00,52.401,52.401,52.401,52.401,168,0
2017-10-31,20:00:00,52.52,52.533,52.488,52.488,618,0
2017-10-31,21:00:00,52.553,52.568,52.518,52.563,1403,0
2017-11-01,15:00:00,52.713,52.833,52.713,52.767,2574,0
2017-11-01,16:00:00,52.723,52.723,52.693,52.694,454,0
2017-11-01,17:00:00,52.688,52.688,52.603,52.623,1413,0
2017-11-01,18:00:00,52.648,52.648,52.616,52.618,656,0
2017-11-01,19:00:00,52.563,52.583,52.563,52.583,400,0
2017-11-01,20:00:00,52.603,52.603,52.554,52.581,728,0
2017-11-01,21:00:00,52.633,52.633,52.557,52.571,4593,0
2017-11-02,16:00:00,52.503,52.503,52.434,52.434,643,0
2017-11-02,18:00:00,52.483,52.508,52.432,52.508,800,0
2017-11-02,19:00:00,52.463,52.463,52.463,52.463,252,0
2017-11-02,20:00:00,52.453,52.453,52.373,52.373,400,0
2017-11-02,21:00:00,52.502,52.593,52.502,52.563,1180,0
2017-11-03,16:00:00,52.473,52.473,52.406,52.452,1120,0
2017-11-03,18:00:00,52.578,52.578,52.543,52.543,300,0
2017-11-03,20:00:00,52.572,52.598,52.528,52.598,700,0
2017-11-03,21:00:00,52.572,52.582,52.528,52.528,1150,0
2017-11-06,17:00:00,52.76,52.76,52.76,52.76,225,0
2017-11-06,18:00:00,52.793,52.793,52.788,52.788,800,0
2017-11-06,19:00:00,52.808,52.808,52.793,52.793,300,0
2017-11-06,20:00:00,52.783,52.783,52.753,52.753,389,0
2017-11-06,21:00:00,52.813,52.853,52.813,52.853,840,0
2017-11-07,17:00:00,52.693,52.713,52.678,52.678,1099,0
2017-11-07,18:00:00,52.585,52.585,52.585,52.585,137,0
2017-11-07,19:00:00,52.453,52.493,52.453,52.46,415,0
2017-11-07,20:00:00,52.454,52.513,52.454,52.513,300,0
2017-11-07,22:00:00,52.452,52.456,52.433,52.456,615,0
2017-11-08,16:00:00,52.663,52.663,52.083,52.353,599,0
2017-11-08,18:00:00,52.413,52.413,52.356,52.383,1356,0
2017-11-08,19:00:00,52.496,52.523,52.488,52.523,434,0
2017-11-08,20:00:00,52.463,52.463,52.463,52.463,142,0
2017-11-08,21:00:00,52.433,52.433,52.359,52.433,568,0
2017-11-08,22:00:00,52.398,52.398,52.335,52.335,950,0
2017-11-09,16:00:00,51.765,51.765,51.765,51.765,100,0
2017-11-09,17:00:00,51.803,51.978,51.803,51.978,240,0
2017-11-09,18:00:00,52.063,52.063,51.921,51.921,924,0
2017-11-09,19:00:00,51.733,51.733,51.663,51.663,600,0
2017-11-09,20:00:00,51.723,51.723,51.723,51.723,100,0
2017-11-09,21:00:00,51.873,51.873,51.843,51.843,900,0
2017-11-09,22:00:00,51.983,52.038,51.983,52.038,1797,0
2017-11-10,16:00:00,52.423,52.423,52.093,52.093,400,0
2017-11-10,17:00:00,52.043,52.043,52.043,52.043,1421,0
2017-11-10,19:00:00,52.1,52.1,52.1,52.1,254,0
2017-11-10,22:00:00,52.223,52.223,52.168,52.213,8756,0
2017-11-13,16:00:00,52.213,52.213,52.023,52.033,866,0
2017-11-13,17:00:00,52.103,52.155,52.093,52.155,802,0
2017-11-13,18:00:00,52.13,52.263,52.13,52.21,931,0
2017-11-13,19:00:00,52.283,52.318,52.283,52.318,1205,0
2017-11-13,21:00:00,52.216,52.283,52.193,52.193,2499,0
2017-11-13,22:00:00,52.293,52.343,52.293,52.293,936,0
2017-11-14,17:00:00,51.793,51.803,51.744,51.744,4911,0
2017-11-14,19:00:00,51.793,51.793,51.763,51.763,1794,0
2017-11-14,20:00:00,51.748,51.752,51.678,51.752,2372,0
2017-11-14,21:00:00,51.783,51.792,51.783,51.792,961,0
2017-11-14,22:00:00,51.75,51.776,51.75,51.776,341,0
2017-11-15,16:00:00,52.103,52.103,51.273,51.273,1770,0
2017-11-15,17:00:00,51.434,51.482,51.434,51.482,200,0
2017-11-15,18:00:00,51.673,51.722,51.673,51.722,300,0
2017-11-15,19:00:00,51.63,51.742,51.608,51.742,1640,0
2017-11-15,20:00:00,51.699,51.699,51.699,51.699,499,0
2017-11-15,21:00:00,51.713,51.803,51.713,51.803,1104,0
2017-11-15,22:00:00,51.723,51.723,51.677,51.677,505,0
2017-11-16,17:00:00,52.023,52.293,52.003,52.293,3439,0
2017-11-16,18:00:00,52.313,52.333,52.277,52.277,9838,0
2017-11-16,20:00:00,52.403,52.403,52.332,52.403,1555,0
2017-11-16,21:00:00,52.453,52.453,52.453,52.453,100,0
2017-11-16,22:00:00,52.453,52.453,52.423,52.423,1305,0
2017-11-17,16:00:00,52.533,52.533,52.343,52.373,3718,0
2017-11-17,17:00:00,52.303,52.323,52.273,52.293,2081,0
2017-11-17,18:00:00,52.373,52.373,52.373,52.373,100,0
2017-11-17,19:00:00,52.442,52.442,52.403,52.403,400,0
2017-11-17,21:00:00,52.388,52.388,52.373,52.373,771,0
2017-11-20,16:00:00,52.503,52.503,52.393,52.393,1250,0
2017-11-20,17:00:00,52.343,52.433,52.343,52.433,4981,0
2017-11-20,18:00:00,52.453,52.483,52.453,52.463,700,0
2017-11-20,19:00:00,52.433,52.433,52.388,52.423,2125,0
2017-11-20,20:00:00,52.39,52.483,52.39,52.483,1108,0
2017-11-20,21:00:00,52.473,52.473,52.412,52.412,1636,0
2017-11-20,22:00:00,52.433,52.433,52.363,52.363,591,0
2017-11-21,16:00:00,52.603,52.603,52.603,52.603,957,0
2017-11-21,17:00:00,52.843,52.893,52.843,52.893,1588,0
2017-11-21,18:00:00,52.863,52.883,52.863,52.883,4390,0
2017-11-21,19:00:00,52.851,52.883,52.851,52.883,852,0
2017-11-21,20:00:00,52.873,52.903,52.763,52.893,8202,0
2017-11-21,21:00:00,52.843,52.883,52.823,52.883,3551,0
2017-11-21,22:00:00,52.893,52.893,52.778,52.873,3659,0
2017-11-22,16:00:00,53.233,53.233,53.233,53.233,198,0
2017-11-22,17:00:00,52.771,52.771,52.771,52.771,200,0
2017-11-22,18:00:00,52.833,52.833,52.741,52.741,673,0
2017-11-22,19:00:00,52.823,52.833,52.77,52.77,2179,0
2017-11-22,20:00:00,52.791,52.833,52.747,52.811,2361,0
2017-11-22,21:00:00,52.739,52.807,52.723,52.807,600,0
2017-11-22,22:00:00,52.812,52.843,52.757,52.823,943,0
2017-11-24,16:00:00,52.881,52.881,52.881,52.881,144,0
2017-11-24,17:00:00,52.933,52.933,52.861,52.893,2902,0
2017-11-24,19:00:00,52.95,53.043,52.95,53.043,1159,0
2017-11-27,16:00:00,53.533,53.533,53.085,53.085,397,0
2017-11-27,17:00:00,52.858,53.003,52.858,52.885,1752,0
2017-11-27,18:00:00,52.881,52.923,52.713,52.802,9250,0
2017-11-27,20:00:00,52.843,52.843,52.753,52.778,411,0
2017-11-27,22:00:00,52.803,52.803,52.763,52.763,1316,0
2017-11-28,17:00:00,52.738,52.743,52.738,52.743,1528,0
2017-11-28,18:00:00,52.823,52.943,52.793,52.943,654,0
2017-11-28,19:00:00,52.993,52.993,52.928,52.928,450,0
2017-11-28,20:00:00,52.963,52.963,52.913,52.913,924,0
2017-11-28,21:00:00,52.843,52.973,52.753,52.973,3213,0
2017-11-28,22:00:00,52.983,53.003,52.951,52.986,7137,0
2017-11-29,16:00:00,53.193,53.193,52.693,52.723,4143,0
2017-11-29,17:00:00,52.569,52.569,52.178,52.178,7981,0
2017-11-29,18:00:00,52.246,52.246,51.953,51.953,2251,0
2017-11-29,19:00:00,51.962,52.14,51.883,52.14,1648,0
2017-11-29,20:00:00,52.22,52.263,52.145,52.145,2622,0
2017-11-29,21:00:00,52.133,52.223,52.133,52.165,2095,0
2017-11-29,22:00:00,52.173,52.233,52.113,52.233,2130,0
2017-11-30,16:00:00,52.363,52.415,52.253,52.253,1501,0
2017-11-30,17:00:00,52.273,52.443,52.263,52.443,5083,0
2017-11-30,18:00:00,52.523,52.523,52.448,52.473,2047,0
2017-11-30,19:00:00,52.452,52.61,52.452,52.593,2761,0
2017-11-30,20:00:00,52.573,52.573,52.503,52.503,300,0
2017-11-30,21:00:00,52.563,52.563,52.523,52.523,1284,0
2017-11-30,22:00:00,52.443,52.523,52.433,52.463,3144,0
2017-12-01,16:00:00,52.513,52.513,52.38,52.38,318,0
2017-12-01,17:00:00,52.393,52.643,52.393,52.643,23141,0
2017-12-01,18:00:00,52.603,52.622,51.733,52.023,38798,0
2017-12-01,19:00:00,52.243,52.283,52.103,52.283,28104,0
2017-12-01,20:00:00,52.203,52.329,52.203,52.293,2334,0
2017-12-01,21:00:00,52.293,52.313,52.213,52.213,3300,0
2017-12-01,22:00:00,52.203,52.309,52.203,52.309,3042,0
2017-12-04,17:00:00,52.343,52.343,51.903,51.943,7535,0
2017-12-04,18:00:00,51.923,52.073,51.863,52.023,7889,0
2017-12-04,19:00:00,52.02,52.143,52.003,52.143,4800,0
2017-12-04,20:00:00,52.173,52.223,52.142,52.223,3852,0
2017-12-04,21:00:00,52.156,52.156,51.993,52.003,10840,0
2017-12-04,22:00:00,51.963,51.963,51.743,51.813,7939,0
2017-12-05,16:00:00,51.303,51.863,51.303,51.863,916,0
2017-12-05,17:00:00,52.083,52.083,52.043,52.043,1700,0
2017-12-05,18:00:00,52.103,52.103,52.103,52.103,1958,0
2017-12-05,20:00:00,52.006,52.093,52.006,52.048,8304,0
2017-12-05,21:00:00,52.053,52.053,51.774,51.774,4501,0
2017-12-05,22:00:00,51.761,51.821,51.69,51.726,4357,0
2017-12-06,16:00:00,51.723,51.723,51.693,51.708,968,0
2017-12-06,17:00:00,51.713,51.765,51.713,51.765,489,0
2017-12-06,19:00:00,51.752,51.753,51.703,51.712,1665,0
2017-12-06,20:00:00,51.723,51.723,51.675,51.675,1297,0
2017-12-06,21:00:00,51.803,51.813,51.775,51.798,1655,0
2017-12-06,22:00:00,51.783,51.813,51.753,51.776,1823,0
2017-12-07,17:00:00,51.958,52.133,51.939,51.993,2873,0
2017-12-07,18:00:00,52.203,52.203,52.123,52.128,800,0
2017-12-07,19:00:00,52.187,52.198,52.187,52.198,700,0
2017-12-07,20:00:00,52.253,52.273,52.213,52.213,600,0
2017-12-07,21:00:00,52.218,52.218,52.123,52.123,1300,0
2017-12-07,22:00:00,52.188,52.213,52.183,52.213,1103,0
2017-12-08,16:00:00,52.143,52.565,52.143,52.493,1093,0
2017-12-08,17:00:00,52.383,52.463,52.323,52.433,12164,0
2017-12-08,18:00:00,52.523,52.523,52.433,52.433,590,0
2017-12-08,19:00:00,52.503,52.503,52.464,52.503,1600,0
2017-12-08,22:00:00,52.298,52.353,52.298,52.311,789,0
2017-12-11,17:00:00,52.483,52.485,52.409,52.409,647,0
2017-12-11,18:00:00,52.413,52.413,52.394,52.394,200,0
2017-12-11,21:00:00,52.487,52.503,52.487,52.503,1142,0
2017-12-11,22:00:00,52.453,52.453,52.453,52.453,164,0
2017-12-12,17:00:00,52.523,52.523,52.523,52.523,150,0
2017-12-12,18:00:00,52.663,52.663,52.627,52.627,600,0
2017-12-12,19:00:00,52.605,52.643,52.532,52.583,858,0
2017-12-12,20:00:00,52.592,52.593,52.513,52.513,2548,0
2017-12-13,16:00:00,53.523,53.523,52.493,52.623,2758,0
2017-12-13,17:00:00,52.633,52.643,52.633,52.643,380,0
2017-12-13,18:00:00,52.611,52.663,52.611,52.663,1855,0
2017-12-13,19:00:00,52.523,52.523,52.523,52.523,100,0
2017-12-13,20:00:00,52.553,52.553,52.515,52.515,1115,0
2017-12-13,21:00:00,52.593,52.603,52.443,52.573,2547,0
2017-12-13,22:00:00,52.453,52.453,52.453,52.453,358,0
2017-12-14,17:00:00,52.633,52.714,52.592,52.714,1503,0
2017-12-14,19:00:00,52.627,52.627,52.627,52.627,135,0
2017-12-14,21:00:00,52.483,52.483,52.461,52.461,903,0
2017-12-14,22:00:00,52.473,52.473,52.43,52.43,408,0
2017-12-15,16:00:00,52.593,52.593,52.593,52.593,100,0
2017-12-15,17:00:00,52.591,52.593,52.555,52.592,865,0
2017-12-15,18:00:00,52.593,52.593,52.593,52.593,504,0
2017-12-15,21:00:00,52.804,52.804,52.798,52.798,200,0
2017-12-15,22:00:00,52.837,52.842,52.779,52.779,859,0
2017-12-18,16:00:00,53.963,53.963,53.133,53.143,32316,0
2017-12-18,17:00:00,53.173,53.213,53.173,53.207,1496,0
2017-12-18,18:00:00,53.213,53.213,53.193,53.202,1485,0
2017-12-18,19:00:00,53.231,53.231,53.211,53.211,419,0
2017-12-18,20:00:00,53.203,53.223,53.203,53.206,542,0
2017-12-18,21:00:00,53.203,53.203,53.194,53.194,446,0
2017-12-18,22:00:00,53.193,53.208,53.151,53.151,30487,0
2017-12-19,16:00:00,53.173,53.173,53.123,53.163,500,0
2017-12-19,17:00:00,52.935,52.983,52.931,52.973,1700,0
2017-12-19,19:00:00,52.843,52.868,52.843,52.868,200,0
2017-12-19,20:00:00,52.883,52.883,52.852,52.852,1002,0
2017-12-19,21:00:00,52.891,52.891,52.853,52.853,400,0
2017-12-19,22:00:00,52.843,52.843,52.843,52.843,800,0
2017-12-20,16:00:00,52.993,52.993,52.793,52.813,1100,0
2017-12-20,17:00:00,52.823,52.823,52.823,52.823,100,0
2017-12-20,18:00:00,52.893,52.893,52.893,52.893,132,0
2017-12-20,19:00:00,52.933,52.943,52.907,52.943,414,0
2017-12-20,20:00:00,52.943,52.943,52.887,52.923,910,0
2017-12-20,21:00:00,52.883,52.903,52.883,52.903,700,0
2017-12-20,22:00:00,52.899,52.899,52.899,52.899,153,0
2017-12-21,16:00:00,52.992,52.993,52.968,52.968,739,0
2017-12-21,17:00:00,52.975,53.058,52.975,53.058,1377,0
2017-12-21,18:00:00,53.093,53.093,53.049,53.089,1869,0
2017-12-21,19:00:00,53.103,53.103,53.073,53.083,2592,0
2017-12-21,20:00:00,53.243,53.263,53.229,53.229,909,0
2017-12-21,21:00:00,53.222,53.222,53.222,53.222,223,0
2017-12-21,22:00:00,53.223,53.233,53.118,53.118,5285,0
2017-12-22,16:00:00,53.073,53.073,53.04,53.04,600,0
2017-12-22,17:00:00,53.093,53.093,53.036,53.036,1140,0
2017-12-22,18:00:00,53.033,53.033,52.963,52.963,1952,0
2017-12-22,19:00:00,53.052,53.052,53.052,53.052,655,0
2017-12-22,20:00:00,53.181,53.181,53.181,53.181,469,0
2017-12-22,22:00:00,53.219,53.226,53.206,53.219,1066,0
2017-12-26,16:00:00,52.978,52.978,52.948,52.948,400,0
2017-12-26,17:00:00,52.968,52.968,52.968,52.968,1286,0
2017-12-26,20:00:00,53.003,53.043,52.995,52.995,1331,0
2017-12-26,21:00:00,53.038,53.038,53.038,53.038,600,0
2017-12-26,22:00:00,53.012,53.063,53.012,53.063,290,0
2017-12-27,16:00:00,53.293,53.293,53.293,53.293,189,0
2017-12-27,17:00:00,53.113,53.113,53.093,53.093,200,0
2017-12-27,18:00:00,53.096,53.096,53.043,53.077,491,0
2017-12-27,19:00:00,53.043,53.043,53.043,53.043,2958,0
2017-12-27,21:00:00,53.003,53.003,52.971,53.001,1510,0
2017-12-27,22:00:00,52.969,52.981,52.968,52.968,1452,0
2017-12-28,17:00:00,53.053,53.053,53.033,53.038,1228,0
2017-12-28,18:00:00,53.04,53.093,53.04,53.093,211,0
2017-12-28,19:00:00,53.143,53.143,53.109,53.143,729,0
2017-12-28,21:00:00,53.133,53.133,53.118,53.118,1185,0
2017-12-28,22:00:00,53.223,53.233,53.143,53.143,300,0
2017-12-29,16:00:00,53.123,53.123,53.123,53.123,200,0
2017-12-29,18:00:00,52.991,53.043,52.989,53.015,4120,0
2017-12-29,19:00:00,53.098,53.098,53.072,53.072,1327,0
2017-12-29,20:00:00,53.066,53.099,53.066,53.066,2032,0
2017-12-29,22:00:00,53.098,53.102,52.943,52.953,2646,0
2018-01-02,16:00:00,53.243,53.265,53.173,53.207,12156,0
2018-01-02,17:00:00,53.473,53.473,53.443,53.443,500,0
2018-01-02,18:00:00,53.493,53.503,53.433,53.433,1200,0
2018-01-02,19:00:00,53.521,53.521,53.443,53.443,1890,0
2018-01-02,20:00:00,53.502,53.504,53.493,53.493,2223,0
2018-01-02,21:00:00,53.533,53.533,53.503,53.503,1685,0
2018-01-02,22:00:00,53.533,53.633,53.533,53.633,480,0
2018-01-03,16:00:00,53.883,53.883,53.883,53.883,509,0
2018-01-03,17:00:00,53.983,53.983,53.941,53.943,568,0
2018-01-03,18:00:00,53.913,53.913,53.913,53.913,100,0
2018-01-03,22:00:00,54.003,54.026,54.003,54.026,1155,0
2018-01-04,16:00:00,54.363,54.403,54.218,54.218,559,0
2018-01-04,17:00:00,54.257,54.382,54.254,54.342,4629,0
2018-01-04,18:00:00,54.324,54.324,54.17,54.208,1291,0
2018-01-04,22:00:00,54.245,54.252,54.245,54.252,552,0
2018-01-05,16:00:00,54.613,54.613,54.373,54.373,3972,0
2018-01-05,17:00:00,54.333,54.388,54.333,54.388,200,0
2018-01-05,18:00:00,54.511,54.511,54.511,54.511,100,0
2018-01-05,21:00:00,54.553,54.623,54.553,54.623,1326,0
2018-01-05,22:00:00,54.623,54.633,54.587,54.633,2100,0
2018-01-08,16:00:00,54.853,54.853,54.583,54.619,3200,0
2018-01-08,17:00:00,54.595,54.753,54.595,54.603,9266,0
2018-01-08,18:00:00,54.693,54.753,54.693,54.723,2097,0
2018-01-08,19:00:00,54.693,54.693,54.633,54.683,3970,0
2018-01-08,20:00:00,54.663,54.663,54.663,54.663,100,0
2018-01-08,21:00:00,54.753,54.763,54.753,54.763,757,0
2018-01-08,22:00:00,54.713,54.745,54.713,54.743,324,0
2018-01-09,16:00:00,54.734,54.734,54.734,54.734,220,0
2018-01-09,17:00:00,54.769,54.769,54.702,54.702,536,0
2018-01-09,18:00:00,54.75,54.75,54.75,54.75,109,0
2018-01-09,19:00:00,54.809,54.849,54.809,54.849,647,0
2018-01-09,20:00:00,54.873,54.883,54.859,54.883,1785,0
2018-01-09,21:00:00,54.893,54.893,54.838,54.865,5437,0
2018-01-09,22:00:00,54.862,54.883,54.785,54.785,3091,0
2018-01-10,16:00:00,54.813,54.813,54.813,54.813,250,0
2018-01-10,17:00:00,54.51,54.513,54.463,54.513,525,0
2018-01-10,18:00:00,54.553,54.603,54.553,54.603,400,0
2018-01-10,19:00:00,54.553,54.683,54.553,54.663,554,0
2018-01-10,20:00:00,54.666,54.725,54.666,54.725,1231,0
2018-01-10,21:00:00,54.683,54.683,54.603,54.622,3575,0
2018-01-10,22:00:00,54.602,54.643,54.594,54.643,653,0
2018-01-11,16:00:00,54.893,54.963,54.893,54.91,2919,0
2018-01-11,17:00:00,54.993,54.993,54.923,54.923,2050,0
2018-01-11,19:00:00,55.013,55.013,55.013,55.013,600,0
2018-01-11,20:00:00,55.113,55.121,55.113,55.121,700,0
2018-01-11,21:00:00,55.203,55.203,55.172,55.172,326,0
2018-01-11,22:00:00,55.163,55.293,55.163,55.293,275,0
2018-01-12,16:00:00,55.333,55.333,55.193,55.253,5207,0
2018-01-12,17:00:00,55.273,55.463,55.243,55.463,7781,0
2018-01-12,18:00:00,55.423,55.433,55.403,55.43,2840,0
2018-01-12,19:00:00,55.463,55.513,55.403,55.513,13601,0
2018-01-12,20:00:00,55.423,55.492,55.423,55.492,1887,0
2018-01-12,21:00:00,55.443,55.523,55.443,55.443,8101,0
2018-01-12,22:00:00,55.503,55.552,55.403,55.473,15494,0
2018-01-16,16:00:00,55.932,56.065,55.932,56.065,2060,0
2018-01-16,17:00:00,56.007,56.007,55.912,55.912,1392,0
2018-01-16,19:00:00,55.922,55.922,55.922,55.922,235,0
2018-01-16,21:00:00,55.263,55.263,55.26,55.26,630,0
2018-01-16,22:00:00,55.313,55.443,55.313,55.431,4052,0
2018-01-17,16:00:00,55.373,55.373,55.269,55.269,650,0
2018-01-17,17:00:00,55.372,55.372,55.258,55.273,1900,0
2018-01-17,18:00:00,55.28,55.437,55.28,55.413,1010,0
2018-01-17,19:00:00,55.459,55.459,55.459,55.459,100,0
2018-01-17,20:00:00,55.573,55.643,55.573,55.643,2300,0
2018-01-17,21:00:00,55.712,55.714,55.674,55.714,3923,0
2018-01-17,22:00:00,55.726,55.752,55.722,55.722,943,0
2018-01-18,17:00:00,55.628,55.628,55.628,55.628,135,0
2018-01-18,18:00:00,55.682,55.682,55.682,55.682,100,0
2018-01-18,19:00:00,55.643,55.722,55.643,55.692,3000,0
2018-01-18,20:00:00,55.702,55.792,55.702,55.782,2001,0
2018-01-18,21:00:00,55.755,55.836,55.755,55.772,795,0
2018-01-18,22:00:00,55.781,55.816,55.684,55.712,2190,0
2018-01-19,17:00:00,55.774,55.85,55.774,55.85,683,0
2018-01-19,18:00:00,55.783,55.877,55.783,55.877,508,0
2018-01-19,19:00:00,55.863,55.947,55.863,55.947,498,0
2018-01-19,21:00:00,56.052,56.052,56.052,56.052,151,0
2018-01-19,22:00:00,55.992,56.042,55.992,56.042,800,0
2018-01-22,16:00:00,55.948,55.978,55.948,55.978,300,0
2018-01-22,17:00:00,56.052,56.052,56.052,56.052,100,0
2018-01-22,18:00:00,56.178,56.212,56.178,56.212,714,0
2018-01-22,20:00:00,56.302,56.312,56.302,56.312,900,0
2018-01-22,21:00:00,56.342,56.342,56.342,56.342,450,0
2018-01-22,22:00:00,56.337,56.532,56.282,56.512,4642,0
2018-01-23,17:00:00,56.732,56.732,56.732,56.732,105,0
2018-01-23,19:00:00,56.683,56.752,56.683,56.72,2469,0
2018-01-23,20:00:00,56.702,56.752,56.702,56.752,790,0
2018-01-23,21:00:00,56.792,56.832,56.689,56.802,10853,0
2018-01-23,22:00:00,56.772,56.862,56.732,56.832,29702,0
2018-01-24,16:00:00,56.962,56.962,56.922,56.942,1000,0
2018-01-24,17:00:00,57.082,57.192,57.062,57.062,3847,0
2018-01-24,18:00:00,56.922,56.942,56.792,56.792,1377,0
2018-01-24,19:00:00,56.692,56.692,56.692,56.692,199,0
2018-01-24,20:00:00,56.534,56.534,56.534,56.534,159,0
2018-01-24,21:00:00,56.798,56.942,56.798,56.873,942,0
2018-01-24,22:00:00,56.822,56.892,56.822,56.842,2648,0
2018-01-25,16:00:00,56.812,56.812,56.812,56.812,919,0
2018-01-25,17:00:00,56.842,56.882,56.829,56.882,1170,0
2018-01-25,18:00:00,56.912,57.012,56.877,57.002,1461,0
2018-01-25,19:00:00,57.035,57.035,56.992,56.992,896,0
2018-01-25,20:00:00,56.912,56.932,56.912,56.932,384,0
2018-01-25,21:00:00,56.857,56.913,56.792,56.792,1381,0
2018-01-26,16:00:00,57.262,57.262,57.262,57.262,273,0
2018-01-26,17:00:00,56.982,57.042,56.954,57.042,1400,0
2018-01-26,18:00:00,57.042,57.052,56.892,56.892,2466,0
2018-01-26,20:00:00,56.972,57.023,56.972,56.999,901,0
2018-01-26,21:00:00,57.122,57.122,57.022,57.022,2011,0
2018-01-26,22:00:00,57.145,57.352,57.145,57.352,850,0
2018-01-29,16:00:00,57.2,57.257,57.182,57.257,450,0
2018-01-29,17:00:00,57.127,57.127,56.992,56.992,475,0
2018-01-29,19:00:00,57.032,57.036,57.032,57.036,1440,0
2018-01-29,21:00:00,56.996,57.022,56.919,56.919,2335,0
2018-01-29,22:00:00,56.872,56.882,56.792,56.792,1161,0
2018-01-30,16:00:00,56.302,56.35,56.26,56.35,600,0
2018-01-30,17:00:00,56.285,56.366,56.285,56.366,300,0
2018-01-30,18:00:00,56.388,56.388,56.388,56.388,498,0
2018-01-30,19:00:00,56.273,56.273,56.16,56.253,800,0
2018-01-30,20:00:00,56.342,56.342,56.342,56.342,100,0
2018-01-30,21:00:00,56.406,56.435,56.406,56.435,1300,0
2018-01-30,22:00:00,56.382,56.382,56.382,56.382,100,0
2018-01-31,16:00:00,56.332,56.752,56.332,56.752,625,0
2018-01-31,17:00:00,56.712,56.753,56.712,56.753,284,0
2018-01-31,18:00:00,56.672,56.702,56.579,56.579,3210,0
2018-01-31,19:00:00,56.598,56.722,56.598,56.692,2196,0
2018-01-31,20:00:00,56.684,56.752,56.684,56.712,3350,0
2018-01-31,21:00:00,56.762,56.762,56.542,56.542,10711,0
2018-01-31,22:00:00,56.482,56.582,56.482,56.582,209,0
2018-02-01,16:00:00,56.412,56.412,56.412,56.412,100,0
2018-02-01,18:00:00,56.432,56.454,56.432,56.454,571,0
2018-02-01,20:00:00,56.665,56.676,56.659,56.667,1569,0
2018-02-01,21:00:00,56.447,56.454,56.38,56.454,586,0
2018-02-01,22:00:00,56.485,56.492,56.392,56.392,552,0
2018-02-02,16:00:00,56.482,56.482,56.092,56.092,514,0
2018-02-02,17:00:00,55.752,55.792,55.752,55.764,325,0
2018-02-02,18:00:00,55.865,55.928,55.865,55.928,220,0
2018-02-02,19:00:00,55.925,55.925,55.925,55.925,300,0
2018-02-02,20:00:00,55.975,55.975,55.975,55.975,200,0
2018-02-02,21:00:00,55.778,55.778,55.692,55.692,350,0
2018-02-02,22:00:00,55.433,55.463,55.343,55.387,1551,0
2018-02-05,16:00:00,54.763,54.913,54.763,54.913,1175,0
2018-02-05,17:00:00,55.023,55.453,55.014,55.413,1275,0
2018-02-05,18:00:00,55.262,55.262,55.139,55.139,200,0
2018-02-05,19:00:00,55.199,55.208,54.994,54.994,1250,0
2018-02-05,20:00:00,54.843,54.857,54.643,54.857,950,0
2018-02-05,21:00:00,54.493,54.493,54.123,54.123,7751,0
2018-02-05,22:00:00,53.993,53.993,53.393,53.989,1000,0
2018-02-06,16:00:00,52.923,53.993,52.493,53.993,2577,0
2018-02-06,17:00:00,53.903,53.903,53.183,53.223,2149,0
2018-02-06,18:00:00,53.003,53.113,52.953,53.113,400,0
2018-02-06,19:00:00,53.443,53.443,53.335,53.393,7566,0
2018-02-06,21:00:00,53.118,53.503,53.118,53.503,1352,0
2018-02-06,22:00:00,53.913,54.213,53.913,54.158,634,0
2018-02-07,16:00:00,54.153,54.243,53.733,54.193,2089,0
2018-02-07,17:00:00,54.763,54.763,54.552,54.585,590,0
2018-02-07,18:00:00,54.733,54.733,54.733,54.733,100,0
2018-02-07,20:00:00,54.439,54.439,54.183,54.268,2875,0
2018-02-07,21:00:00,54.341,54.341,54.073,54.073,730,0
2018-02-07,22:00:00,54.384,54.384,54.383,54.383,606,0
2018-02-08,16:00:00,54.343,54.343,53.58,53.728,1914,0
2018-02-08,17:00:00,53.878,53.878,53.572,53.572,655,0
2018-02-08,18:00:00,53.269,53.269,53.269,53.269,102,0
2018-02-08,20:00:00,52.563,52.902,52.563,52.902,388,0
2018-02-08,21:00:00,52.823,52.944,52.613,52.712,3326,0
2018-02-08,22:00:00,52.442,52.442,51.813,51.813,2992,0
2018-02-09,16:00:00,52.314,52.314,52.123,52.293,1800,0
2018-02-09,17:00:00,52.211,52.211,51.663,51.663,2000,0
2018-02-09,18:00:00,51.716,51.716,51.58,51.58,609,0
2018-02-09,20:00:00,50.798,51.153,50.493,51.153,5587,0
2018-02-09,21:00:00,51.772,51.993,51.567,51.567,6920,0
2018-02-09,22:00:00,51.556,52.432,51.556,52.043,2231,0
2018-02-12,16:00:00,52.763,52.868,52.763,52.868,4220,0
2018-02-12,17:00:00,52.469,52.469,52.469,52.469,125,0
2018-02-12,18:00:00,52.804,52.804,52.804,52.804,250,0
2018-02-12,20:00:00,53.052,53.052,53.033,53.043,3000,0
2018-02-12,21:00:00,53.203,53.271,53.114,53.158,1290,0
2018-02-12,22:00:00,53.134,53.134,53.134,53.134,500,0
2018-02-13,16:00:00,53.173,53.173,52.851,52.851,226,0
2018-02-13,17:00:00,53.086,53.086,53.086,53.086,100,0
2018-02-13,18:00:00,52.993,52.993,52.993,52.993,100,0
2018-02-13,19:00:00,53.089,53.089,53.089,53.089,131,0
2018-02-13,20:00:00,53.113,53.295,53.113,53.295,338,0
2018-02-13,21:00:00,53.31,53.445,53.31,53.383,627,0
2018-02-13,22:00:00,53.363,53.373,53.293,53.327,3458,0
2018-02-14,16:00:00,53.273,53.383,53.232,53.232,300,0
2018-02-14,17:00:00,53.653,53.713,53.623,53.713,558,0
2018-02-14,18:00:00,53.641,53.641,53.641,53.641,100,0
2018-02-14,19:00:00,53.643,53.842,53.643,53.842,686,0
2018-02-14,20:00:00,53.963,54.018,53.963,54.018,304,0
2018-02-14,21:00:00,54.083,54.083,54.083,54.083,188,0
2018-02-14,22:00:00,54.183,54.193,54.163,54.191,3876,0
2018-02-15,16:00:00,54.583,54.583,54.378,54.378,611,0
2018-02-15,17:00:00,54.333,54.333,54.333,54.333,100,0
2018-02-15,19:00:00,54.403,54.403,54.399,54.399,540,0
2018-02-15,20:00:00,54.439,54.552,54.439,54.542,658,0
2018-02-15,21:00:00,54.596,54.596,54.596,54.596,733,0
2018-02-16,17:00:00,54.893,54.893,54.893,54.893,915,0
2018-02-16,20:00:00,54.703,54.793,54.665,54.783,3262,0
2018-02-16,22:00:00,54.832,54.832,54.653,54.653,2563,0
2018-02-20,17:00:00,54.883,54.883,54.729,54.805,980,0
2018-02-20,20:00:00,54.986,55.112,54.986,55.023,3078,0
2018-02-20,21:00:00,54.913,54.913,54.904,54.904,1400,0
2018-02-20,22:00:00,54.703,54.843,54.633,54.843,933,0
2018-02-21,17:00:00,55.162,55.261,55.162,55.22,709,0
2018-02-21,18:00:00,55.242,55.382,55.223,55.223,552,0
2018-02-21,19:00:00,55.143,55.27,55.143,55.27,622,0
2018-02-21,20:00:00,55.263,55.313,55.263,55.312,708,0
2018-02-21,21:00:00,55.408,55.532,55.332,55.332,900,0
2018-02-21,22:00:00,55.273,55.273,54.693,54.693,726,0
2018-02-22,17:00:00,54.889,54.903,54.823,54.841,2750,0
2018-02-22,18:00:00,54.983,55.083,54.979,55.068,1675,0
2018-02-22,19:00:00,54.928,54.928,54.813,54.838,1664,0
2018-02-22,21:00:00,54.743,54.77,54.735,54.77,748,0
2018-02-22,22:00:00,54.536,54.662,54.536,54.662,350,0
2018-02-23,17:00:00,55.021,55.021,55.021,55.021,290,0
2018-02-23,18:00:00,55.136,55.198,55.043,55.198,1020,0
2018-02-23,19:00:00,55.203,55.292,55.203,55.203,800,0
2018-02-23,20:00:00,55.203,55.293,55.178,55.293,548,0
2018-02-23,21:00:00,55.293,55.363,55.273,55.337,1800,0
2018-02-23,22:00:00,55.513,55.578,55.487,55.573,2944,0
2018-02-26,16:00:00,56.022,56.022,55.87,55.87,1965,0
2018-02-26,18:00:00,55.901,55.901,55.901,55.901,249,0
2018-02-26,19:00:00,55.902,56.041,55.902,56.041,1775,0
2018-02-26,20:00:00,55.952,56.052,55.952,55.989,1414,0
2018-02-26,21:00:00,56.013,56.013,55.982,55.982,797,0
2018-02-26,22:00:00,56.082,56.121,56.051,56.051,2300,0
2018-02-27,16:00:00,56.442,56.442,55.942,55.942,4308,0
2018-02-27,17:00:00,56.05,56.05,55.682,55.682,650,0
2018-02-27,19:00:00,55.682,55.828,55.682,55.828,600,0
2018-02-27,21:00:00,55.702,55.732,55.633,55.732,640,0
2018-02-27,22:00:00,55.553,55.675,55.503,55.503,2602,0
2018-02-28,16:00:00,55.752,55.752,55.752,55.752,177,0
2018-02-28,17:00:00,55.742,55.802,55.593,55.593,1100,0
2018-02-28,18:00:00,55.493,55.643,55.483,55.483,500,0
2018-02-28,19:00:00,55.654,55.813,55.613,55.752,2350,0
2018-02-28,21:00:00,55.892,55.932,55.573,55.573,2700,0
2018-02-28,22:00:00,55.583,55.583,55.143,55.143,3444,0
2018-03-01,16:00:00,55.722,55.722,54.973,54.983,2212,0
2018-03-01,17:00:00,55.083,55.173,55.003,55.126,600,0
2018-03-01,18:00:00,55.051,55.113,55.051,55.053,500,0
2018-03-01,19:00:00,55.023,55.023,54.933,54.953,1800,0
2018-03-01,20:00:00,54.649,54.649,54.405,54.405,3510,0
2018-03-01,21:00:00,54.242,54.36,54.143,54.36,7404,0
2018-03-01,22:00:00,54.333,54.732,54.263,54.465,1360,0
2018-03-02,16:00:00,53.893,53.923,53.663,53.677,2001,0
2018-03-02,17:00:00,53.949,53.949,53.949,53.949,367,0
2018-03-02,18:00:00,54.042,54.042,54.042,54.042,200,0
2018-03-02,19:00:00,54.383,54.558,54.343,54.558,2020,0
2018-03-02,20:00:00,54.433,54.433,54.433,54.433,200,0
2018-03-02,21:00:00,54.394,54.408,54.394,54.408,300,0
2018-03-02,22:00:00,54.353,54.623,54.353,54.623,3677,0
2018-03-05,16:00:00,54.393,54.393,54.323,54.323,975,0
2018-03-05,17:00:00,54.383,54.383,54.383,54.383,100,0
2018-03-05,18:00:00,54.787,54.787,54.787,54.787,380,0
2018-03-05,19:00:00,55.131,55.131,55.131,55.131,100,0
2018-03-05,21:00:00,55.033,55.372,55.033,55.372,2327,0
2018-03-05,22:00:00,55.447,55.447,55.393,55.393,800,0
2018-03-06,16:00:00,55.043,55.602,55.043,55.543,700,0
2018-03-06,17:00:00,55.493,55.493,55.493,55.493,125,0
2018-03-06,20:00:00,55.623,55.623,55.582,55.582,600,0
2018-03-06,21:00:00,55.573,55.573,55.557,55.557,500,0
2018-03-06,22:00:00,55.563,55.563,55.553,55.553,1332,0
2018-03-07,16:00:00,55.563,55.563,55.513,55.513,1215,0
2018-03-07,17:00:00,55.513,55.712,55.493,55.712,13302,0
2018-03-07,18:00:00,55.715,55.715,55.508,55.603,2648,0
2018-03-07,19:00:00,55.582,55.582,55.528,55.528,230,0
2018-03-07,20:00:00,55.573,55.633,55.573,55.633,200,0
2018-03-07,21:00:00,55.692,55.752,55.692,55.747,1535,0
2018-03-07,22:00:00,55.752,55.992,55.752,55.922,6913,0
2018-03-08,16:00:00,56.812,56.812,56.129,56.129,1653,0
2018-03-08,17:00:00,56.132,56.132,56.09,56.09,554,0
2018-03-08,18:00:00,56.177,56.177,56.077,56.082,717,0
2018-03-08,20:00:00,55.882,55.882,55.882,55.882,175,0
2018-03-08,21:00:00,56.052,56.132,56.052,56.132,275,0
2018-03-08,22:00:00,56.192,56.194,56.145,56.145,1048,0
2018-03-09,16:00:00,56.452,56.612,56.452,56.578,1579,0
2018-03-09,17:00:00,56.612,56.762,56.612,56.762,3224,0
2018-03-09,18:00:00,56.762,56.802,56.762,56.801,1751,0
2018-03-09,19:00:00,56.802,56.89,56.802,56.89,574,0
2018-03-09,20:00:00,56.947,56.947,56.912,56.912,3413,0
2018-03-09,21:00:00,56.991,56.991,56.946,56.961,1121,0
2018-03-09,22:00:00,56.992,57.152,56.982,57.142,4982,0
2018-03-12,15:00:00,57.962,57.962,57.332,57.472,1432,0
2018-03-12,16:00:00,57.422,57.422,57.318,57.318,750,0
2018-03-12,17:00:00,57.238,57.392,57.238,57.34,1110,0
2018-03-12,18:00:00,57.342,57.442,57.342,57.43,1808,0
2018-03-12,19:00:00,57.462,57.462,57.436,57.436,1700,0
2018-03-12,20:00:00,57.452,57.452,57.262,57.262,600,0
2018-03-12,21:00:00,57.382,57.417,57.382,57.382,356,0
2018-03-13,15:00:00,57.842,57.842,57.361,57.361,368,0
2018-03-13,16:00:00,57.443,57.443,57.443,57.443,100,0
2018-03-13,17:00:00,56.992,56.992,56.992,56.992,300,0
2018-03-13,18:00:00,56.842,56.842,56.842,56.842,200,0
2018-03-13,20:00:00,56.816,56.827,56.722,56.722,782,0
2018-03-13,21:00:00,56.712,56.712,56.492,56.582,2100,0
2018-03-14,15:00:00,57.042,57.042,56.752,56.752,753,0
2018-03-14,16:00:00,56.682,56.682,56.651,56.651,300,0
2018-03-14,17:00:00,56.638,56.638,56.332,56.352,841,0
2018-03-14,18:00:00,56.356,56.492,56.312,56.492,637,0
2018-03-14,19:00:00,56.463,56.515,56.463,56.515,458,0
2018-03-14,20:00:00,56.715,56.715,56.432,56.432,430,0
2018-03-14,21:00:00,56.502,56.522,56.432,56.432,1426,0
2018-03-15,15:00:00,56.862,56.862,56.862,56.862,100,0
2018-03-15,16:00:00,56.477,56.477,56.454,56.454,225,0
2018-03-15,17:00:00,56.722,56.722,56.542,56.542,1647,0
2018-03-15,18:00:00,56.523,56.523,56.462,56.502,1595,0
2018-03-15,19:00:00,56.476,56.476,56.329,56.329,522,0
2018-03-15,20:00:00,56.325,56.325,56.325,56.325,220,0
2018-03-15,21:00:00,56.394,56.394,56.282,56.332,1889,0
2018-03-16,20:00:00,56.451,56.451,56.43,56.43,400,0
2018-03-16,21:00:00,56.452,56.452,56.394,56.442,4936,0
2018-03-19,15:00:00,56.032,56.062,56.032,56.062,200,0
2018-03-19,16:00:00,55.932,55.932,55.782,55.782,1900,0
2018-03-19,17:00:00,55.692,55.692,55.455,55.455,600,0
2018-03-19,18:00:00,55.423,55.526,55.328,55.328,1000,0
2018-03-19,19:00:00,55.293,55.333,55.223,55.333,300,0
2018-03-19,21:00:00,55.333,55.583,55.313,55.553,4835,0
2018-03-20,15:00:00,55.742,55.742,55.742,55.742,100,0
2018-03-20,16:00:00,55.772,55.782,55.7,55.7,322,0
2018-03-20,17:00:00,55.625,55.625,55.625,55.625,1078,0
2018-03-20,18:00:00,55.847,55.847,55.812,55.812,200,0
2018-03-20,20:00:00,55.702,55.872,55.702,55.872,884,0
2018-03-20,21:00:00,55.812,55.872,55.782,55.792,659,0
2018-03-21,15:00:00,55.772,55.772,55.653,55.692,1194,0
2018-03-21,17:00:00,55.842,55.842,55.832,55.832,400,0
2018-03-21,18:00:00,55.917,55.917,55.917,55.917,100,0
2018-03-21,19:00:00,55.862,55.862,55.862,55.862,825,0
2018-03-21,20:00:00,55.812,55.812,55.634,55.634,590,0
2018-03-21,21:00:00,55.816,55.816,55.816,55.816,527,0
2018-03-22,15:00:00,54.963,55.023,54.933,55.023,300,0
2018-03-22,16:00:00,54.983,55.033,54.713,54.713,500,0
2018-03-22,17:00:00,54.753,54.753,54.473,54.608,750,0
2018-03-22,18:00:00,54.563,54.693,54.523,54.693,500,0
2018-03-22,20:00:00,54.703,54.753,54.703,54.753,1200,0
2018-03-22,21:00:00,54.618,54.618,54.133,54.233,4721,0
2018-03-23,15:00:00,54.2,54.2,54.03,54.03,651,0
2018-03-23,16:00:00,54.07,54.2553,54.07,54.2553,400,0
2018-03-23,17:00:00,53.78,53.805,53.63,53.67,8448,0
2018-03-23,18:00:00,53.7021,53.7044,53.7,53.7044,590,0
2018-03-23,19:00:00,53.8689,53.8689,53.794,53.794,1100,0
2018-03-23,20:00:00,53.6389,53.6389,53.4,53.4,600,0
2018-03-23,21:00:00,53.31,53.3584,52.89,52.92,17774,0
2018-03-26,16:00:00,53.9333,53.9333,53.775,53.775,600,0
2018-03-26,17:00:00,53.4932,53.4932,53.4931,53.4931,1000,0
2018-03-26,18:00:00,53.4181,53.47,53.4181,53.47,675,0
2018-03-26,19:00:00,53.54,53.54,53.54,53.54,186,0
2018-03-26,20:00:00,53.66,53.67,53.65,53.65,3600,0
2018-03-26,21:00:00,53.68,54.048,53.68,54.048,1500,0
2018-03-26,22:00:00,53.95,54.33,53.95,54.32,5975,0
2018-03-27,16:00:00,54.87,54.87,54.3324,54.3324,1189,0
2018-03-27,17:00:00,54.47,54.55,54.2794,54.281,851,0
2018-03-27,18:00:00,54.315,54.53,54.315,54.4804,415,0
2018-03-27,19:00:00,54.4,54.4,54.223,54.223,1761,0
2018-03-27,20:00:00,54.28,54.28,54.18,54.18,2600,0
2018-03-27,21:00:00,53.63,53.6794,53.63,53.6794,200,0
2018-03-27,22:00:00,53.36,53.375,52.79,53.06,4246,0
2018-03-28,16:00:00,52.75,52.75,52.6,52.6,300,0
2018-03-28,17:00:00,53.1067,53.1067,52.37,52.38,900,0
2018-03-28,18:00:00,52.5797,52.755,52.5797,52.72,2182,0
2018-03-28,20:00:00,52.619,52.7182,52.619,52.7182,500,0
2018-03-28,21:00:00,52.7148,52.8817,52.7148,52.8817,2364,0
2018-03-28,22:00:00,52.6301,52.66,52.51,52.51,402,0
2018-03-29,16:00:00,52.5794,52.5794,52.5794,52.5794,500,0
2018-03-29,17:00:00,52.67,52.91,52.67,52.91,2421,0
2018-03-29,18:00:00,53.18,53.18,53.15,53.1552,667,0
2018-03-29,19:00:00,53.2453,53.2453,53.2453,53.2453,156,0
2018-03-29,21:00:00,53.41,53.7453,53.41,53.7453,1048,0
2018-03-29,22:00:00,53.605,53.72,53.58,53.61,1603,0
