Date,Time,Open,High,Low,Close,Volume,OpenInt
2017-02-09,16:00:00,24.58,24.58,24.58,24.58,306,0
2017-02-09,17:00:00,24.589,24.6,24.585,24.59,3216,0
2017-02-09,18:00:00,24.61,24.61,24.61,24.61,204,0
2017-02-09,19:00:00,24.62,24.62,24.62,24.62,204,0
2017-02-09,20:00:00,24.615,24.62,24.615,24.62,306,0
2017-02-09,21:00:00,24.629,24.639,24.629,24.639,408,0
2017-02-09,22:00:00,24.634,24.634,24.62,24.62,683,0
2017-02-10,20:00:00,24.62,24.649,24.62,24.649,235,0
2017-02-13,16:00:00,24.796,24.796,24.796,24.796,521,0
2017-02-13,18:00:00,24.699,24.699,24.699,24.699,102,0
2017-02-13,20:00:00,24.719,24.729,24.693,24.729,3451,0
2017-02-13,21:00:00,24.748,24.748,24.741,24.741,606,0
2017-02-13,22:00:00,24.711,24.729,24.705,24.709,2320,0
2017-02-14,16:00:00,24.659,24.669,24.634,24.644,3243,0
2017-02-14,17:00:00,24.61,24.61,24.548,24.548,2947,0
2017-02-14,18:00:00,24.589,24.59,24.586,24.59,1221,0
2017-02-14,19:00:00,24.58,24.58,24.57,24.57,1174,0
2017-02-14,22:00:00,24.649,24.649,24.649,24.649,102,0
2017-02-15,16:00:00,24.522,24.57,24.522,24.57,408,0
2017-02-15,17:00:00,24.59,24.62,24.59,24.6,1531,0
2017-02-15,18:00:00,24.659,24.669,24.659,24.659,408,0
2017-02-15,19:00:00,24.659,24.669,24.649,24.659,516,0
2017-02-15,20:00:00,24.659,24.699,24.644,24.699,511,0
2017-02-15,22:00:00,24.669,24.709,24.669,24.699,1217,0
2017-02-16,16:00:00,24.799,24.799,24.799,24.799,1210,0
2017-02-16,17:00:00,24.806,24.816,24.792,24.816,1079,0
2017-02-16,18:00:00,24.795,24.816,24.795,24.816,1349,0
2017-02-16,19:00:00,24.816,24.816,24.816,24.816,832,0
2017-02-16,20:00:00,24.833,24.846,24.822,24.846,1418,0
2017-02-16,21:00:00,24.836,24.836,24.826,24.826,408,0
2017-02-16,22:00:00,24.875,24.875,24.865,24.875,3987,0
2017-02-17,16:00:00,24.953,24.953,24.856,24.856,666,0
2017-02-17,17:00:00,24.85,24.885,24.85,24.883,973,0
2017-02-17,20:00:00,24.938,24.953,24.938,24.953,408,0
2017-02-21,17:00:00,24.855,24.865,24.854,24.855,4641,0
2017-02-21,18:00:00,24.876,24.914,24.869,24.907,4593,0
2017-02-21,19:00:00,24.9,24.926,24.9,24.926,306,0
2017-02-21,20:00:00,24.914,24.914,24.895,24.895,204,0
2017-02-21,22:00:00,24.953,24.953,24.953,24.953,1020,0
2017-02-22,16:00:00,24.914,24.914,24.885,24.885,511,0
2017-02-22,17:00:00,24.914,25.013,24.914,24.943,1326,0
2017-02-22,18:00:00,24.933,24.963,24.933,24.963,408,0
2017-02-22,19:00:00,24.963,24.983,24.963,24.973,612,0
2017-02-22,20:00:00,24.968,24.973,24.953,24.973,910,0
2017-02-22,21:00:00,25.013,25.013,25.013,25.013,102,0
2017-02-22,22:00:00,25.022,25.022,25.022,25.022,245,0
2017-02-23,16:00:00,25.159,25.159,25.09,25.09,448,0
2017-02-23,17:00:00,25.08,25.08,25.08,25.08,102,0
2017-02-23,18:00:00,25.09,25.09,25.072,25.072,204,0
2017-02-23,19:00:00,25.119,25.119,25.1,25.1,306,0
2017-02-23,22:00:00,25.118,25.129,25.09,25.09,769,0
2017-02-24,22:00:00,24.886,24.924,24.886,24.924,627,0
2017-02-27,21:00:00,24.953,24.953,24.953,24.953,735,0
2017-02-27,22:00:00,24.935,24.935,24.935,24.935,192,0
2017-02-28,16:00:00,25.002,25.003,25.002,25.003,554,0
2017-02-28,22:00:00,24.983,24.983,24.983,24.983,351,0
2017-03-01,16:00:00,25.11,25.11,25.11,25.11,102,0
2017-03-01,17:00:00,25.149,25.149,25.149,25.149,102,0
2017-03-01,18:00:00,25.149,25.198,25.149,25.198,1070,0
2017-03-01,19:00:00,25.198,25.198,25.198,25.198,392,0
2017-03-01,20:00:00,25.218,25.218,25.208,25.208,552,0
2017-03-01,21:00:00,25.228,25.228,25.228,25.228,102,0
2017-03-01,22:00:00,25.198,25.198,25.198,25.198,102,0
2017-03-02,16:00:00,25.129,25.159,25.129,25.159,450,0
2017-03-03,18:00:00,25.049,25.049,25.049,25.049,301,0
2017-03-03,19:00:00,25.072,25.099,25.061,25.082,5415,0
2017-03-06,16:00:00,25.1,25.1,25.1,25.1,306,0
2017-03-06,17:00:00,25.08,25.08,25.08,25.08,102,0
2017-03-06,18:00:00,25.069,25.09,25.062,25.072,3114,0
2017-03-06,20:00:00,25.11,25.11,25.11,25.11,102,0
2017-03-06,21:00:00,25.119,25.119,25.115,25.115,1493,0
2017-03-07,18:00:00,25.022,25.022,25.022,25.022,1445,0
2017-03-07,20:00:00,25.072,25.072,25.072,25.072,408,0
2017-03-07,21:00:00,25.042,25.042,25.042,25.042,562,0
2017-03-08,20:00:00,25.003,25.003,25.003,25.003,1020,0
2017-03-08,21:00:00,24.983,24.983,24.982,24.982,2040,0
2017-03-10,17:00:00,25.198,25.247,25.198,25.247,612,0
2017-03-13,15:00:00,25.395,25.395,25.346,25.346,408,0
2017-03-13,16:00:00,25.356,25.366,25.356,25.366,612,0
2017-03-13,17:00:00,25.366,25.385,25.366,25.385,612,0
2017-03-13,18:00:00,25.356,25.356,25.356,25.356,306,0
2017-03-13,19:00:00,25.346,25.346,25.346,25.346,306,0
2017-03-13,20:00:00,25.344,25.346,25.336,25.346,2717,0
2017-03-13,21:00:00,25.356,25.385,25.356,25.385,1631,0
2017-03-14,15:00:00,25.306,25.306,25.266,25.266,306,0
2017-03-14,16:00:00,25.266,25.286,25.266,25.286,714,0
2017-03-14,17:00:00,25.316,25.326,25.316,25.326,306,0
2017-03-14,18:00:00,25.326,25.336,25.306,25.336,1242,0
2017-03-14,19:00:00,25.306,25.316,25.306,25.316,204,0
2017-03-14,21:00:00,25.306,25.306,25.306,25.306,2040,0
2017-03-15,17:00:00,25.279,25.279,25.279,25.279,158,0
2017-03-15,20:00:00,25.425,25.492,25.425,25.492,1020,0
2017-03-16,17:00:00,25.616,25.616,25.616,25.616,511,0
2017-03-20,21:00:00,25.798,25.798,25.798,25.798,255,0
2017-03-21,21:00:00,25.748,25.749,25.748,25.749,816,0
2017-03-22,15:00:00,25.699,25.699,25.699,25.699,133,0
2017-03-22,20:00:00,25.707,25.718,25.693,25.709,3802,0
2017-03-23,16:00:00,25.749,25.806,25.749,25.796,7037,0
2017-03-23,21:00:00,25.749,25.749,25.749,25.749,204,0
2017-03-24,18:00:00,25.884,25.884,25.786,25.816,7343,0
2017-03-24,20:00:00,25.854,25.854,25.854,25.854,621,0
2017-03-27,16:00:00,25.944,25.944,25.944,25.944,101,0
2017-03-27,17:00:00,25.934,25.934,25.899,25.899,231,0
2017-03-27,19:00:00,25.974,25.993,25.974,25.974,3905,0
2017-03-28,16:00:00,25.974,25.974,25.974,25.974,738,0
2017-03-29,17:00:00,25.924,25.924,25.924,25.924,101,0
2017-03-29,18:00:00,25.914,25.914,25.902,25.904,4158,0
2017-03-29,20:00:00,25.964,25.964,25.964,25.964,101,0
2017-03-29,22:00:00,25.981,25.993,25.981,25.993,3235,0
2017-03-30,17:00:00,25.924,25.924,25.924,25.924,211,0
2017-03-30,18:00:00,25.934,25.934,25.934,25.934,101,0
2017-03-30,21:00:00,25.904,25.904,25.901,25.901,2081,0
2017-03-31,20:00:00,25.943,25.943,25.943,25.943,508,0
2017-03-31,22:00:00,25.914,25.914,25.914,25.914,431,0
2017-04-03,17:00:00,25.884,25.884,25.864,25.864,304,0
2017-04-03,18:00:00,25.812,25.812,25.803,25.803,808,0
2017-04-03,19:00:00,25.738,25.738,25.738,25.738,101,0
2017-04-03,20:00:00,25.824,25.825,25.815,25.815,1410,0
2017-04-03,21:00:00,25.816,25.816,25.813,25.813,1894,0
2017-04-04,18:00:00,25.899,25.899,25.899,25.899,385,0
2017-04-05,21:00:00,25.914,25.944,25.914,25.944,334,0
2017-04-06,17:00:00,25.937,25.954,25.937,25.954,2510,0
2017-04-06,18:00:00,25.927,25.934,25.927,25.934,203,0
2017-04-07,17:00:00,25.894,25.894,25.894,25.894,101,0
2017-04-07,18:00:00,25.911,25.911,25.911,25.911,121,0
2017-04-07,21:00:00,25.924,25.924,25.924,25.924,929,0
2017-04-10,16:00:00,25.894,25.894,25.894,25.894,101,0
2017-04-10,21:00:00,25.974,25.974,25.963,25.963,1014,0
2017-04-11,16:00:00,26.043,26.043,26.043,26.043,101,0
2017-04-11,17:00:00,26.013,26.013,26.013,26.013,101,0
2017-04-11,20:00:00,26.083,26.083,26.083,26.083,101,0
2017-04-12,19:00:00,26.092,26.101,26.092,26.1,433,0
2017-04-12,21:00:00,26.101,26.101,26.089,26.089,1678,0
2017-04-13,18:00:00,26.143,26.143,26.134,26.134,339,0
2017-04-13,20:00:00,26.079,26.079,26.079,26.079,131,0
2017-04-13,22:00:00,26.073,26.073,26.073,26.073,188,0
2017-04-17,16:00:00,26.17,26.19,26.17,26.19,203,0
2017-04-17,18:00:00,26.23,26.23,26.21,26.21,203,0
2017-04-17,19:00:00,26.2,26.2,26.2,26.2,151,0
2017-04-17,20:00:00,26.21,26.21,26.21,26.21,304,0
2017-04-18,19:00:00,26.053,26.053,26.045,26.045,1825,0
2017-04-18,22:00:00,26.159,26.159,26.153,26.153,203,0
2017-04-19,17:00:00,26.247,26.25,26.246,26.246,1771,0
2017-04-19,19:00:00,26.156,26.164,26.147,26.164,1140,0
2017-04-19,20:00:00,26.16,26.16,26.16,26.16,699,0
2017-04-19,21:00:00,26.15,26.15,26.15,26.15,382,0
2017-04-19,22:00:00,26.123,26.123,26.101,26.111,1349,0
2017-04-20,18:00:00,26.359,26.359,26.349,26.349,304,0
2017-04-20,22:00:00,26.288,26.288,26.288,26.288,183,0
2017-04-21,17:00:00,26.2,26.2,26.2,26.2,154,0
2017-04-21,20:00:00,26.15,26.15,26.15,26.15,1622,0
2017-04-21,21:00:00,26.18,26.18,26.18,26.18,477,0
2017-04-24,17:00:00,26.821,26.821,26.821,26.821,191,0
2017-04-24,18:00:00,26.817,26.83,26.817,26.824,4665,0
2017-04-26,16:00:00,27.039,27.039,27.039,27.039,101,0
2017-04-26,17:00:00,27.068,27.068,27.068,27.068,304,0
2017-04-26,18:00:00,27.049,27.049,27.049,27.049,203,0
2017-04-26,19:00:00,27.019,27.019,27.019,27.019,203,0
2017-04-26,20:00:00,27.019,27.019,27.019,27.019,101,0
2017-04-26,22:00:00,27.029,27.029,27.029,27.029,188,0
2017-04-27,16:00:00,27.068,27.068,27.068,27.068,183,0
2017-04-27,19:00:00,27.09,27.107,27.081,27.081,1059,0
2017-04-27,20:00:00,27.144,27.144,27.144,27.144,294,0
2017-04-27,22:00:00,27.157,27.157,27.138,27.138,1472,0
2017-04-28,16:00:00,27.236,27.236,27.236,27.236,284,0
2017-04-28,18:00:00,27.147,27.147,27.147,27.147,689,0
2017-04-28,21:00:00,27.147,27.147,27.137,27.137,1132,0
2017-04-28,22:00:00,27.137,27.137,27.127,27.127,617,0
2017-05-01,16:00:00,27.226,27.226,27.226,27.226,101,0
2017-05-01,17:00:00,27.226,27.256,27.226,27.256,304,0
2017-05-01,18:00:00,27.236,27.256,27.236,27.256,203,0
2017-05-01,19:00:00,27.246,27.246,27.246,27.246,101,0
2017-05-01,20:00:00,27.246,27.266,27.246,27.266,203,0
2017-05-01,22:00:00,27.296,27.306,27.296,27.306,1805,0
2017-05-02,18:00:00,27.354,27.354,27.354,27.354,304,0
2017-05-02,19:00:00,27.404,27.404,27.404,27.404,730,0
2017-05-03,16:00:00,27.442,27.442,27.442,27.442,101,0
2017-05-03,17:00:00,27.412,27.412,27.364,27.364,1318,0
2017-05-03,18:00:00,27.442,27.442,27.442,27.442,101,0
2017-05-03,19:00:00,27.429,27.452,27.429,27.452,811,0
2017-05-03,20:00:00,27.447,27.447,27.424,27.424,858,0
2017-05-03,22:00:00,27.412,27.412,27.412,27.412,146,0
2017-05-04,22:00:00,27.631,27.631,27.631,27.631,101,0
2017-05-05,17:00:00,27.709,27.709,27.709,27.709,136,0
2017-05-08,16:00:00,27.669,27.669,27.621,27.621,2173,0
2017-05-08,17:00:00,27.64,27.669,27.64,27.669,423,0
2017-05-08,22:00:00,27.669,27.669,27.659,27.659,1450,0
2017-05-09,16:00:00,27.768,27.768,27.768,27.768,486,0
2017-05-09,17:00:00,27.729,27.729,27.729,27.729,304,0
2017-05-09,18:00:00,27.719,27.719,27.679,27.689,1916,0
2017-05-09,20:00:00,27.665,27.665,27.659,27.659,508,0
2017-05-09,21:00:00,27.66,27.66,27.66,27.66,203,0
2017-05-10,16:00:00,27.65,27.65,27.65,27.65,101,0
2017-05-10,17:00:00,27.621,27.621,27.621,27.621,163,0
2017-05-10,18:00:00,27.621,27.64,27.607,27.64,4449,0
2017-05-10,19:00:00,27.66,27.66,27.66,27.66,101,0
2017-05-10,20:00:00,27.65,27.65,27.65,27.65,927,0
2017-05-10,21:00:00,27.64,27.65,27.621,27.65,500,0
2017-05-10,22:00:00,27.631,27.631,27.631,27.631,254,0
2017-05-11,16:00:00,27.601,27.601,27.601,27.601,406,0
2017-05-11,20:00:00,27.521,27.521,27.521,27.521,165,0
2017-05-11,22:00:00,27.554,27.561,27.534,27.561,4564,0
2017-05-12,16:00:00,27.621,27.631,27.61,27.631,2419,0
2017-05-12,17:00:00,27.611,27.611,27.611,27.611,101,0
2017-05-12,18:00:00,27.729,27.729,27.729,27.729,252,0
2017-05-12,19:00:00,27.709,27.709,27.709,27.709,101,0
2017-05-12,21:00:00,27.719,27.719,27.708,27.708,1185,0
2017-05-12,22:00:00,27.727,27.748,27.727,27.748,925,0
2017-05-15,16:00:00,27.827,27.827,27.768,27.768,1192,0
2017-05-15,17:00:00,27.778,27.788,27.768,27.778,832,0
2017-05-15,18:00:00,27.798,27.818,27.778,27.818,597,0
2017-05-15,19:00:00,27.808,27.808,27.808,27.808,203,0
2017-05-15,20:00:00,27.818,27.818,27.808,27.808,203,0
2017-05-15,21:00:00,27.798,27.808,27.798,27.808,203,0
2017-05-16,17:00:00,27.985,27.985,27.985,27.985,109,0
2017-05-16,21:00:00,28.025,28.03,28.013,28.03,1066,0
2017-05-16,22:00:00,28.045,28.045,28.015,28.015,428,0
2017-05-17,16:00:00,27.907,27.907,27.887,27.887,1147,0
2017-05-17,18:00:00,27.837,27.847,27.837,27.847,203,0
2017-05-17,19:00:00,27.827,27.827,27.818,27.818,203,0
2017-05-17,20:00:00,27.808,27.808,27.808,27.808,101,0
2017-05-17,21:00:00,27.788,27.788,27.788,27.788,101,0
2017-05-17,22:00:00,27.748,27.758,27.709,27.709,5710,0
2017-05-18,22:00:00,27.768,27.768,27.748,27.753,609,0
2017-05-19,16:00:00,27.887,27.887,27.887,27.887,356,0
2017-05-19,17:00:00,28.045,28.045,28.045,28.045,203,0
2017-05-19,18:00:00,28.065,28.065,28.065,28.065,304,0
2017-05-19,22:00:00,28.114,28.114,28.094,28.094,883,0
2017-05-22,20:00:00,28.205,28.205,28.205,28.205,117,0
2017-05-22,21:00:00,28.222,28.222,28.222,28.222,646,0
2017-05-22,22:00:00,28.222,28.222,28.222,28.222,508,0
2017-05-23,16:00:00,28.261,28.261,28.261,28.261,178,0
2017-05-23,17:00:00,28.251,28.251,28.251,28.251,264,0
2017-05-23,20:00:00,28.193,28.193,28.193,28.193,203,0
2017-05-23,21:00:00,28.202,28.202,28.202,28.202,486,0
2017-05-23,22:00:00,28.202,28.202,28.173,28.181,1014,0
2017-05-24,16:00:00,28.163,28.163,28.163,28.163,301,0
2017-05-24,17:00:00,28.212,28.212,28.183,28.183,408,0
2017-05-24,19:00:00,28.193,28.193,28.184,28.184,406,0
2017-05-24,22:00:00,28.29,28.29,28.251,28.251,1876,0
2017-05-25,16:00:00,28.322,28.322,28.322,28.322,705,0
2017-05-25,17:00:00,28.355,28.37,28.354,28.354,1394,0
2017-05-25,18:00:00,28.35,28.35,28.35,28.35,101,0
2017-05-25,20:00:00,28.33,28.33,28.33,28.33,101,0
2017-05-26,18:00:00,28.261,28.261,28.248,28.248,456,0
2017-05-26,20:00:00,28.271,28.271,28.271,28.271,101,0
2017-05-26,21:00:00,28.251,28.28,28.251,28.271,6998,0
2017-05-26,22:00:00,28.28,28.29,28.28,28.29,915,0
2017-05-30,17:00:00,28.271,28.271,28.271,28.271,101,0
2017-05-30,19:00:00,28.237,28.251,28.237,28.251,203,0
2017-05-30,21:00:00,28.271,28.271,28.271,28.271,206,0
2017-05-31,16:00:00,28.448,28.448,28.419,28.419,304,0
2017-05-31,17:00:00,28.359,28.359,28.359,28.359,452,0
2017-05-31,18:00:00,28.419,28.419,28.35,28.35,406,0
2017-05-31,20:00:00,28.37,28.37,28.37,28.37,101,0
2017-05-31,21:00:00,28.36,28.39,28.36,28.39,203,0
2017-05-31,22:00:00,28.35,28.35,28.34,28.34,707,0
2017-06-01,16:00:00,28.548,28.548,28.548,28.548,303,0
2017-06-01,21:00:00,28.508,28.528,28.508,28.528,27924,0
2017-06-02,18:00:00,28.748,28.748,28.748,28.748,1014,0
2017-06-02,19:00:00,28.755,28.781,28.755,28.781,450,0
2017-06-05,16:00:00,28.764,28.784,28.594,28.594,6650,0
2017-06-05,17:00:00,28.629,28.646,28.629,28.646,228,0
2017-06-05,18:00:00,28.606,28.606,28.606,28.606,101,0
2017-06-05,21:00:00,28.626,28.626,28.626,28.626,101,0
2017-06-05,22:00:00,28.636,28.636,28.636,28.636,280,0
2017-06-06,17:00:00,28.478,28.478,28.478,28.478,101,0
2017-06-06,19:00:00,28.488,28.488,28.488,28.488,313,0
2017-06-06,20:00:00,28.468,28.468,28.463,28.463,1318,0
2017-06-07,17:00:00,28.498,28.498,28.498,28.498,641,0
2017-06-07,20:00:00,28.422,28.422,28.422,28.422,103,0
2017-06-07,21:00:00,28.447,28.448,28.419,28.448,2791,0
2017-06-08,16:00:00,28.39,28.39,28.3,28.3,666,0
2017-06-08,17:00:00,28.261,28.271,28.261,28.271,2840,0
2017-06-08,18:00:00,28.251,28.251,28.222,28.222,1825,0
2017-06-08,19:00:00,28.222,28.222,28.212,28.212,609,0
2017-06-08,20:00:00,28.251,28.251,28.251,28.251,101,0
2017-06-08,21:00:00,28.242,28.242,28.242,28.242,101,0
2017-06-08,22:00:00,28.232,28.251,28.232,28.251,3752,0
2017-06-09,16:00:00,28.232,28.232,28.163,28.193,4452,0
2017-06-09,18:00:00,28.251,28.271,28.251,28.271,203,0
2017-06-09,19:00:00,28.251,28.251,28.232,28.232,406,0
2017-06-09,20:00:00,28.242,28.242,28.212,28.212,203,0
2017-06-09,21:00:00,28.183,28.193,28.084,28.104,1923,0
2017-06-12,16:00:00,27.972,27.972,27.972,27.972,145,0
2017-06-12,17:00:00,27.97,27.97,27.97,27.97,1736,0
2017-06-12,18:00:00,27.966,27.966,27.966,27.966,183,0
2017-06-12,21:00:00,27.956,27.966,27.935,27.935,2351,0
2017-06-12,22:00:00,27.985,27.985,27.985,27.985,971,0
2017-06-13,16:00:00,28.065,28.251,28.065,28.212,1014,0
2017-06-13,17:00:00,28.202,28.232,28.183,28.193,913,0
2017-06-13,18:00:00,28.173,28.212,28.173,28.212,1115,0
2017-06-13,19:00:00,28.202,28.222,28.193,28.222,1115,0
2017-06-13,20:00:00,28.222,28.222,28.212,28.212,508,0
2017-06-13,21:00:00,28.202,28.242,28.202,28.232,1318,0
2017-06-13,22:00:00,28.232,28.232,28.202,28.212,1622,0
2017-06-14,16:00:00,28.558,28.558,28.558,28.558,464,0
2017-06-14,17:00:00,28.408,28.408,28.408,28.408,1774,0
2017-06-14,18:00:00,28.422,28.422,28.422,28.422,1014,0
2017-06-14,19:00:00,28.399,28.399,28.385,28.385,605,0
2017-06-15,16:00:00,27.887,27.897,27.867,27.867,406,0
2017-06-15,17:00:00,27.907,27.927,27.897,27.927,710,0
2017-06-15,18:00:00,27.975,27.995,27.966,27.966,609,0
2017-06-15,19:00:00,27.946,27.975,27.946,27.975,406,0
2017-06-15,20:00:00,27.985,27.995,27.966,27.966,406,0
2017-06-15,21:00:00,27.966,28.005,27.966,28.005,1693,0
2017-06-19,17:00:00,28.488,28.498,28.488,28.498,9126,0
2017-06-19,18:00:00,28.478,28.478,28.478,28.478,637,0
2017-06-19,19:00:00,28.478,28.478,28.478,28.478,304,0
2017-06-19,22:00:00,28.478,28.487,28.456,28.456,12674,0
2017-06-20,17:00:00,28.33,28.33,28.33,28.33,304,0
2017-06-20,18:00:00,28.251,28.251,28.251,28.251,381,0
2017-06-20,19:00:00,28.202,28.202,28.202,28.202,345,0
2017-06-20,20:00:00,28.222,28.222,28.193,28.193,1805,0
2017-06-20,22:00:00,28.222,28.222,28.222,28.222,101,0
2017-06-21,16:00:00,28.222,28.222,28.222,28.222,178,0
2017-06-22,22:00:00,28.183,28.202,28.183,28.202,577,0
2017-06-26,16:00:00,28.505,28.515,28.505,28.515,302,0
2017-06-26,17:00:00,28.505,28.505,28.445,28.445,806,0
2017-06-26,18:00:00,28.415,28.425,28.41,28.415,403,0
2017-06-26,19:00:00,28.435,28.435,28.396,28.415,403,0
2017-06-26,20:00:00,28.405,28.425,28.405,28.415,403,0
2017-06-26,21:00:00,28.425,28.425,28.396,28.405,1007,0
2017-06-26,22:00:00,28.405,28.415,28.405,28.415,836,0
2017-06-27,16:00:00,28.376,28.376,28.256,28.256,1434,0
2017-06-27,17:00:00,28.326,28.331,28.296,28.315,1108,0
2017-06-27,18:00:00,28.336,28.361,28.336,28.361,403,0
2017-06-27,19:00:00,28.346,28.346,28.296,28.296,705,0
2017-06-27,20:00:00,28.286,28.296,28.256,28.256,705,0
2017-06-27,21:00:00,28.306,28.351,28.306,28.351,1317,0
2017-06-27,22:00:00,28.336,28.356,28.316,28.316,2795,0
2017-06-28,17:00:00,28.316,28.316,28.316,28.316,100,0
2017-06-29,16:00:00,28.05,28.05,28.05,28.05,297,0
2017-06-29,18:00:00,28.029,28.029,28.029,28.029,144,0
2017-06-30,18:00:00,27.969,27.998,27.949,27.949,2031,0
2017-06-30,21:00:00,28.049,28.049,28.049,28.049,202,0
2017-06-30,22:00:00,28.08,28.08,28.078,28.078,504,0
2017-07-03,16:00:00,28.088,28.088,28.088,28.088,100,0
2017-07-03,17:00:00,27.959,27.959,27.959,27.959,27204,0
2017-07-03,20:00:00,27.959,27.959,27.959,27.959,0,0
2017-07-05,16:00:00,27.85,27.9,27.83,27.83,7053,0
2017-07-05,18:00:00,27.91,27.91,27.91,27.91,403,0
2017-07-05,21:00:00,27.94,27.94,27.91,27.91,705,0
2017-07-06,16:00:00,27.76,27.76,27.76,27.76,106,0
2017-07-06,21:00:00,27.81,27.81,27.81,27.81,180,0
2017-07-07,17:00:00,27.717,27.717,27.717,27.717,1007,0
2017-07-07,18:00:00,27.75,27.75,27.75,27.75,100,0
2017-07-07,22:00:00,27.85,27.855,27.85,27.855,453,0
2017-07-10,16:00:00,27.87,27.87,27.85,27.85,270,0
2017-07-10,17:00:00,27.89,27.89,27.875,27.89,350,0
2017-07-10,18:00:00,27.89,27.89,27.89,27.89,100,0
2017-07-10,19:00:00,27.91,27.91,27.9,27.9,202,0
2017-07-10,20:00:00,27.91,27.92,27.91,27.92,202,0
2017-07-10,21:00:00,27.93,27.93,27.927,27.927,1007,0
2017-07-11,16:00:00,27.78,27.79,27.78,27.79,2015,0
2017-07-11,21:00:00,27.94,27.94,27.94,27.94,8979,0
2017-07-12,22:00:00,28.185,28.185,28.183,28.183,292,0
2017-07-13,17:00:00,28.266,28.266,28.266,28.266,100,0
2017-07-13,19:00:00,28.276,28.276,28.276,28.276,100,0
2017-07-13,21:00:00,28.326,28.326,28.326,28.326,705,0
2017-07-13,22:00:00,28.336,28.336,28.336,28.336,232,0
2017-07-14,18:00:00,28.495,28.495,28.495,28.495,100,0
2017-07-14,20:00:00,28.564,28.584,28.564,28.584,1813,0
2017-07-17,20:00:00,28.555,28.555,28.555,28.555,100,0
2017-07-17,21:00:00,28.548,28.548,28.548,28.548,172,0
2017-07-17,22:00:00,28.555,28.555,28.555,28.555,605,0
2017-07-18,20:00:00,28.531,28.531,28.531,28.531,337,0
2017-07-18,22:00:00,28.548,28.564,28.548,28.564,274,0
2017-07-19,17:00:00,28.652,28.704,28.652,28.704,2519,0
2017-07-19,18:00:00,28.664,28.664,28.664,28.664,100,0
2017-07-19,21:00:00,28.703,28.703,28.703,28.703,790,0
2017-07-19,22:00:00,28.701,28.704,28.689,28.704,1914,0
2017-07-20,18:00:00,28.833,28.853,28.833,28.853,1813,0
2017-07-20,19:00:00,28.843,28.843,28.843,28.843,505,0
2017-07-20,20:00:00,28.863,28.863,28.863,28.863,505,0
2017-07-20,22:00:00,28.85,28.85,28.843,28.843,296,0
2017-07-21,17:00:00,28.664,28.664,28.664,28.664,100,0
2017-07-21,21:00:00,28.753,28.753,28.753,28.753,222,0
2017-07-24,17:00:00,28.564,28.564,28.564,28.564,302,0
2017-07-24,18:00:00,28.535,28.564,28.535,28.564,605,0
2017-07-24,19:00:00,28.594,28.594,28.592,28.592,2926,0
2017-07-24,20:00:00,28.57,28.587,28.564,28.587,7262,0
2017-07-24,21:00:00,28.591,28.634,28.584,28.632,1194,0
2017-07-24,22:00:00,28.594,28.634,28.594,28.619,1853,0
2017-07-25,16:00:00,28.624,28.624,28.624,28.624,145,0
2017-07-25,17:00:00,28.624,28.624,28.624,28.624,357,0
2017-07-25,18:00:00,28.599,28.604,28.555,28.555,1577,0
2017-07-25,19:00:00,28.574,28.574,28.545,28.545,202,0
2017-07-25,21:00:00,28.604,28.604,28.604,28.604,277,0
2017-07-25,22:00:00,28.564,28.564,28.516,28.545,3123,0
2017-07-26,16:00:00,28.604,28.604,28.604,28.604,100,0
2017-07-26,17:00:00,28.604,28.654,28.604,28.654,302,0
2017-07-26,18:00:00,28.664,28.664,28.654,28.654,302,0
2017-07-26,20:00:00,28.684,28.704,28.684,28.704,202,0
2017-07-26,21:00:00,28.793,28.793,28.773,28.793,1495,0
2017-07-26,22:00:00,28.843,28.882,28.824,28.882,12816,0
2017-07-27,17:00:00,28.823,28.823,28.774,28.774,202,0
2017-07-27,18:00:00,28.743,28.743,28.743,28.743,100,0
2017-07-27,22:00:00,28.706,28.719,28.684,28.719,2370,0
2017-07-28,17:00:00,28.525,28.525,28.525,28.525,100,0
2017-07-28,21:00:00,28.664,28.674,28.664,28.674,1713,0
2017-07-31,20:00:00,28.674,28.674,28.674,28.674,697,0
2017-07-31,22:00:00,28.694,28.694,28.694,28.694,100,0
2017-08-01,17:00:00,28.902,28.912,28.902,28.906,1471,0
2017-08-01,18:00:00,28.863,28.863,28.854,28.854,1612,0
2017-08-01,20:00:00,28.867,28.867,28.867,28.867,932,0
2017-08-01,21:00:00,28.863,28.863,28.863,28.863,100,0
2017-08-02,17:00:00,28.892,28.892,28.892,28.892,100,0
2017-08-02,18:00:00,28.853,28.892,28.853,28.892,302,0
2017-08-02,20:00:00,28.932,28.932,28.921,28.921,342,0
2017-08-03,16:00:00,28.823,28.823,28.823,28.823,105,0
2017-08-03,18:00:00,28.982,28.982,28.982,28.982,100,0
2017-08-03,21:00:00,28.932,28.932,28.912,28.912,463,0
2017-08-03,22:00:00,28.919,28.922,28.919,28.922,250,0
2017-08-04,17:00:00,28.906,28.906,28.793,28.823,13759,0
2017-08-04,18:00:00,28.863,28.863,28.863,28.863,100,0
2017-08-04,20:00:00,28.85,28.85,28.85,28.85,156,0
2017-08-04,21:00:00,28.864,28.864,28.864,28.864,105,0
2017-08-04,22:00:00,28.892,28.892,28.892,28.892,100,0
2017-08-07,18:00:00,28.942,28.942,28.942,28.942,1003,0
2017-08-07,20:00:00,28.942,28.942,28.942,28.942,100,0
2017-08-07,22:00:00,28.945,28.962,28.942,28.942,843,0
2017-08-08,17:00:00,28.942,28.942,28.902,28.912,1210,0
2017-08-08,18:00:00,28.922,28.922,28.922,28.922,100,0
2017-08-08,19:00:00,28.912,28.912,28.9,28.902,2371,0
2017-08-08,20:00:00,28.882,28.882,28.882,28.882,100,0
2017-08-08,21:00:00,28.882,28.882,28.88,28.882,907,0
2017-08-08,22:00:00,28.793,28.804,28.793,28.804,1235,0
2017-08-09,17:00:00,28.849,28.849,28.849,28.849,101,0
2017-08-10,18:00:00,28.604,28.654,28.604,28.606,1461,0
2017-08-10,20:00:00,28.55,28.55,28.55,28.55,1813,0
2017-08-10,21:00:00,28.564,28.564,28.545,28.545,26272,0
2017-08-14,21:00:00,28.693,28.693,28.693,28.693,100,0
2017-08-14,22:00:00,28.684,28.684,28.684,28.684,302,0
2017-08-15,19:00:00,28.654,28.654,28.654,28.654,202,0
2017-08-15,22:00:00,28.644,28.644,28.644,28.644,100,0
2017-08-17,22:00:00,28.663,28.663,28.663,28.663,505,0
2017-08-22,17:00:00,28.773,28.778,28.763,28.778,2951,0
2017-08-23,17:00:00,28.783,28.783,28.783,28.783,100,0
2017-08-23,18:00:00,28.773,28.796,28.773,28.796,520,0
2017-08-23,19:00:00,28.796,28.796,28.763,28.763,531,0
2017-08-23,20:00:00,28.787,28.787,28.787,28.787,302,0
2017-08-23,22:00:00,28.833,28.833,28.818,28.818,343,0
2017-08-24,17:00:00,28.899,28.899,28.899,28.899,505,0
2017-08-24,22:00:00,28.853,28.853,28.853,28.853,215,0
2017-08-25,20:00:00,29.031,29.031,29.031,29.031,1512,0
2017-08-25,21:00:00,29.031,29.031,29.031,29.031,505,0
2017-08-28,16:00:00,29.031,29.031,29.031,29.031,505,0
2017-08-29,17:00:00,28.942,28.952,28.912,28.952,837,0
2017-08-29,21:00:00,28.942,28.942,28.942,28.942,125,0
2017-08-29,22:00:00,28.902,28.902,28.902,28.902,100,0
2017-08-30,19:00:00,28.831,28.833,28.831,28.833,810,0
2017-08-30,20:00:00,28.843,28.843,28.843,28.843,100,0
2017-08-31,17:00:00,28.992,28.992,28.992,28.992,100,0
2017-08-31,18:00:00,29.001,29.001,29.001,29.001,100,0
2017-08-31,19:00:00,29.031,29.031,29.031,29.031,100,0
2017-08-31,20:00:00,29.051,29.051,29.051,29.051,100,0
2017-08-31,21:00:00,29.09,29.09,29.09,29.09,100,0
2017-09-01,22:00:00,29.14,29.14,29.12,29.12,597,0
2017-09-05,20:00:00,28.863,28.863,28.863,28.863,1007,0
2017-09-05,21:00:00,28.892,28.892,28.892,28.892,202,0
2017-09-06,21:00:00,29.16,29.179,29.15,29.15,7052,0
2017-09-07,22:00:00,29.408,29.408,29.408,29.408,403,0
2017-09-08,21:00:00,29.398,29.398,29.398,29.398,287,0
2017-09-08,22:00:00,29.379,29.379,29.379,29.379,100,0
2017-09-11,19:00:00,29.577,29.577,29.577,29.577,100,0
2017-09-12,17:00:00,29.587,29.597,29.587,29.597,1108,0
2017-09-12,20:00:00,29.597,29.607,29.597,29.607,302,0
2017-09-12,21:00:00,29.587,29.587,29.587,29.587,100,0
2017-09-12,22:00:00,29.567,29.567,29.567,29.567,1350,0
2017-09-13,16:00:00,29.547,29.547,29.533,29.533,546,0
2017-09-13,18:00:00,29.438,29.438,29.437,29.438,605,0
2017-09-13,20:00:00,29.428,29.428,29.428,29.428,302,0
2017-09-14,16:00:00,29.468,29.468,29.468,29.468,237,0
2017-09-14,17:00:00,29.458,29.458,29.458,29.458,302,0
2017-09-14,19:00:00,29.478,29.478,29.478,29.478,505,0
2017-09-14,20:00:00,29.478,29.478,29.478,29.478,100,0
2017-09-15,21:00:00,29.667,29.667,29.667,29.667,680,0
2017-09-15,22:00:00,29.667,29.677,29.667,29.677,2892,0
2017-09-18,19:00:00,29.716,29.716,29.702,29.707,1029,0
2017-09-18,20:00:00,29.707,29.707,29.707,29.707,302,0
2017-09-18,21:00:00,29.687,29.687,29.687,29.687,302,0
2017-09-18,22:00:00,29.746,29.746,29.746,29.746,403,0
2017-09-19,17:00:00,29.824,29.824,29.824,29.824,821,0
2017-09-19,20:00:00,29.814,29.854,29.786,29.854,1090,0
2017-09-19,21:00:00,29.844,29.864,29.834,29.842,1612,0
2017-09-20,17:00:00,29.844,29.844,29.844,29.844,705,0
2017-09-20,21:00:00,29.776,29.776,29.776,29.776,1939,0
2017-09-20,22:00:00,29.781,29.781,29.781,29.781,100,0
2017-09-21,22:00:00,29.647,29.664,29.647,29.664,403,0
2017-09-22,22:00:00,29.716,29.716,29.716,29.716,403,0
2017-09-25,17:00:00,29.667,29.667,29.667,29.667,505,0
2017-09-25,20:00:00,29.537,29.537,29.537,29.537,100,0
2017-09-25,22:00:00,29.547,29.547,29.537,29.547,505,0
2017-09-26,16:00:00,29.378,29.378,29.378,29.378,100,0
2017-09-26,18:00:00,29.298,29.298,29.298,29.298,215,0
2017-09-26,21:00:00,29.418,29.418,29.41,29.41,721,0
2017-09-26,22:00:00,29.418,29.418,29.391,29.391,503,0
2017-09-27,19:00:00,29.358,29.378,29.358,29.378,353,0
2017-09-28,18:00:00,29.546,29.546,29.517,29.517,637,0
2017-09-28,21:00:00,29.587,29.587,29.581,29.581,617,0
2017-09-28,22:00:00,29.567,29.567,29.567,29.567,468,0
2017-09-29,20:00:00,29.687,29.687,29.673,29.673,379,0
2017-09-29,21:00:00,29.706,29.707,29.706,29.707,4521,0
2017-09-29,22:00:00,29.737,29.737,29.737,29.737,495,0
2017-10-02,16:00:00,29.707,29.707,29.707,29.707,351,0
2017-10-02,18:00:00,29.697,29.697,29.697,29.697,1682,0
2017-10-02,20:00:00,29.74,29.74,29.74,29.74,503,0
2017-10-02,21:00:00,29.753,29.753,29.753,29.753,321,0
2017-10-02,22:00:00,29.776,29.776,29.776,29.776,280,0
2017-10-03,16:00:00,29.795,29.795,29.795,29.795,1393,0
2017-10-03,17:00:00,29.787,29.815,29.787,29.815,2682,0
2017-10-03,22:00:00,29.845,29.845,29.845,29.845,201,0
2017-10-04,17:00:00,29.845,29.845,29.845,29.845,503,0
2017-10-04,18:00:00,29.865,29.865,29.865,29.865,100,0
2017-10-04,20:00:00,29.865,29.865,29.865,29.865,1004,0
2017-10-04,22:00:00,29.875,29.875,29.875,29.875,804,0
2017-10-06,16:00:00,29.557,29.557,29.557,29.557,251,0
2017-10-06,17:00:00,29.587,29.587,29.587,29.587,201,0
2017-10-06,18:00:00,29.587,29.587,29.587,29.587,230,0
2017-10-06,19:00:00,29.617,29.617,29.617,29.617,100,0
2017-10-06,21:00:00,29.617,29.627,29.617,29.627,4219,0
2017-10-06,22:00:00,29.637,29.637,29.637,29.637,1682,0
2017-10-09,17:00:00,29.647,29.647,29.647,29.647,804,0
2017-10-09,21:00:00,29.677,29.707,29.677,29.707,902,0
2017-10-10,16:00:00,29.905,29.905,29.905,29.905,1576,0
2017-10-10,17:00:00,29.885,29.885,29.875,29.875,201,0
2017-10-10,18:00:00,29.895,29.895,29.895,29.895,100,0
2017-10-10,19:00:00,29.875,29.875,29.875,29.875,152,0
2017-10-10,20:00:00,29.935,29.965,29.935,29.965,201,0
2017-10-10,21:00:00,29.965,29.965,29.965,29.965,100,0
2017-10-10,22:00:00,29.966,29.985,29.955,29.975,637,0
2017-10-11,18:00:00,30.005,30.005,29.998,29.998,1168,0
2017-10-11,20:00:00,29.979,29.979,29.979,29.979,503,0
2017-10-12,16:00:00,30.095,30.095,30.085,30.085,1206,0
2017-10-12,20:00:00,30.13,30.144,30.129,30.144,802,0
2017-10-12,21:00:00,30.124,30.124,30.124,30.124,402,0
2017-10-13,16:00:00,30.191,30.191,30.191,30.191,113,0
2017-10-13,19:00:00,30.176,30.223,30.176,30.223,984,0
2017-10-13,20:00:00,30.199,30.199,30.199,30.199,201,0
2017-10-13,21:00:00,30.174,30.174,30.174,30.174,263,0
2017-10-13,22:00:00,30.194,30.194,30.194,30.194,201,0
2017-10-16,17:00:00,30.193,30.194,30.161,30.161,1136,0
2017-10-16,19:00:00,30.174,30.174,30.174,30.174,208,0
2017-10-16,22:00:00,30.163,30.163,30.163,30.163,305,0
2017-10-17,17:00:00,30.065,30.065,30.065,30.065,100,0
2017-10-17,18:00:00,30.055,30.065,30.045,30.045,1387,0
2017-10-17,19:00:00,30.055,30.055,30.055,30.055,100,0
2017-10-17,20:00:00,30.085,30.085,30.085,30.085,100,0
2017-10-17,21:00:00,30.104,30.134,30.104,30.134,13929,0
2017-10-18,17:00:00,30.134,30.134,30.134,30.134,235,0
2017-10-18,18:00:00,30.174,30.174,30.174,30.174,100,0
2017-10-18,21:00:00,30.184,30.223,30.184,30.223,773,0
2017-10-18,22:00:00,30.234,30.234,30.204,30.212,620,0
2017-10-19,16:00:00,30.035,30.035,30.035,30.035,144,0
2017-10-19,18:00:00,30.025,30.025,30.025,30.025,402,0
2017-10-19,19:00:00,30.01,30.01,30.01,30.01,190,0
2017-10-19,20:00:00,29.994,29.994,29.994,29.994,135,0
2017-10-19,21:00:00,30.023,30.025,30.023,30.025,450,0
2017-10-19,22:00:00,30.015,30.015,30,30,301,0
2017-10-20,17:00:00,29.895,29.895,29.895,29.895,503,0
2017-10-23,16:00:00,29.935,29.935,29.935,29.935,336,0
2017-10-23,19:00:00,29.905,29.915,29.89,29.915,796,0
2017-10-23,21:00:00,29.874,29.874,29.874,29.874,100,0
2017-10-23,22:00:00,29.844,29.845,29.844,29.844,2411,0
2017-10-24,16:00:00,29.885,29.885,29.885,29.885,280,0
2017-10-24,19:00:00,29.884,29.884,29.884,29.884,1004,0
2017-10-24,20:00:00,29.852,29.852,29.852,29.852,332,0
2017-10-24,22:00:00,29.874,29.875,29.874,29.875,503,0
2017-10-25,20:00:00,29.815,29.815,29.802,29.802,454,0
2017-10-26,19:00:00,29.975,29.975,29.965,29.965,1579,0
2017-10-26,21:00:00,29.905,29.935,29.905,29.918,3216,0
2017-10-27,16:00:00,29.915,29.915,29.865,29.865,603,0
2017-10-27,17:00:00,29.875,29.875,29.865,29.865,4521,0
2017-10-27,19:00:00,29.846,29.846,29.835,29.835,243,0
2017-10-27,21:00:00,29.885,29.885,29.885,29.885,301,0
2017-10-30,15:00:00,29.945,29.945,29.865,29.865,2314,0
2017-10-30,18:00:00,29.896,29.93,29.876,29.93,2366,0
2017-10-31,17:00:00,30.104,30.119,30.104,30.119,1607,0
2017-10-31,18:00:00,30.164,30.164,30.162,30.162,683,0
2017-10-31,20:00:00,30.163,30.163,30.163,30.163,146,0
2017-10-31,21:00:00,30.154,30.154,30.142,30.144,1532,0
2017-11-01,20:00:00,30.093,30.093,30.075,30.085,778,0
2017-11-02,18:00:00,30.015,30.015,30.015,30.015,503,0
2017-11-02,19:00:00,30.029,30.029,30.029,30.029,224,0
2017-11-02,21:00:00,30.044,30.044,30.026,30.026,771,0
2017-11-03,18:00:00,30.09,30.09,30.09,30.09,201,0
2017-11-03,19:00:00,30.114,30.114,30.114,30.114,316,0
2017-11-06,16:00:00,30.095,30.095,30.085,30.085,571,0
2017-11-06,17:00:00,30.124,30.124,30.124,30.124,132,0
2017-11-06,20:00:00,30.163,30.163,30.149,30.149,546,0
2017-11-06,21:00:00,30.174,30.184,30.174,30.184,2144,0
2017-11-07,17:00:00,29.965,29.965,29.965,29.965,157,0
2017-11-07,19:00:00,29.925,29.955,29.925,29.954,653,0
2017-11-07,20:00:00,29.95,29.95,29.935,29.935,301,0
2017-11-07,22:00:00,29.965,29.965,29.963,29.965,804,0
2017-11-08,18:00:00,30.014,30.014,30.014,30.014,309,0
2017-11-08,20:00:00,30.035,30.035,30.035,30.035,201,0
2017-11-09,16:00:00,29.767,29.767,29.737,29.747,1155,0
2017-11-09,17:00:00,29.777,29.777,29.777,29.777,402,0
2017-11-09,18:00:00,29.777,29.777,29.777,29.777,703,0
2017-11-09,21:00:00,29.777,29.777,29.775,29.775,201,0
2017-11-10,19:00:00,29.795,29.795,29.795,29.795,200,0
2017-11-10,22:00:00,29.845,29.845,29.834,29.834,717,0
2017-11-13,16:00:00,29.567,29.567,29.567,29.567,503,0
2017-11-13,18:00:00,29.665,29.667,29.665,29.667,474,0
2017-11-13,22:00:00,29.707,29.717,29.707,29.717,2411,0
2017-11-14,16:00:00,29.697,29.736,29.697,29.736,261,0
2017-11-14,17:00:00,29.707,29.707,29.667,29.667,235,0
2017-11-14,18:00:00,29.72,29.72,29.72,29.72,442,0
2017-11-14,20:00:00,29.805,29.805,29.786,29.786,651,0
2017-11-14,21:00:00,29.795,29.795,29.795,29.795,231,0
2017-11-14,22:00:00,29.795,29.795,29.782,29.782,293,0
2017-11-15,16:00:00,29.627,29.627,29.627,29.627,251,0
2017-11-15,18:00:00,29.627,29.627,29.627,29.627,262,0
2017-11-15,19:00:00,29.647,29.687,29.647,29.687,703,0
2017-11-15,21:00:00,29.657,29.657,29.657,29.657,115,0
2017-11-15,22:00:00,29.666,29.666,29.647,29.647,1592,0
2017-11-16,19:00:00,29.965,29.965,29.935,29.954,1517,0
2017-11-16,20:00:00,29.945,29.945,29.905,29.905,5047,0
2017-11-16,22:00:00,29.964,29.964,29.964,29.964,100,0
2017-11-17,16:00:00,29.875,29.875,29.855,29.87,3918,0
2017-11-17,20:00:00,29.873,29.88,29.855,29.866,4173,0
2017-11-20,16:00:00,30.095,30.095,30.095,30.095,244,0
2017-11-20,19:00:00,30.119,30.119,30.119,30.119,653,0
2017-11-21,17:00:00,30.324,30.324,30.324,30.324,181,0
2017-11-21,19:00:00,30.354,30.354,30.354,30.354,1004,0
2017-11-21,20:00:00,30.364,30.364,30.364,30.364,402,0
2017-11-21,22:00:00,30.383,30.383,30.379,30.379,272,0
2017-11-22,18:00:00,30.364,30.364,30.364,30.364,1507,0
2017-11-22,21:00:00,30.346,30.346,30.346,30.346,528,0
2017-11-22,22:00:00,30.394,30.394,30.394,30.394,301,0
2017-11-24,17:00:00,30.582,30.582,30.572,30.573,1430,0
2017-11-24,18:00:00,30.599,30.602,30.599,30.602,2857,0
2017-11-24,20:00:00,30.602,30.602,30.602,30.602,0,0
2017-11-27,16:00:00,30.563,30.57,30.553,30.553,3100,0
2017-11-27,17:00:00,30.534,30.534,30.523,30.531,5224,0
2017-11-27,18:00:00,30.523,30.523,30.523,30.523,982,0
2017-11-28,17:00:00,30.503,30.503,30.503,30.503,201,0
2017-11-28,18:00:00,30.533,30.533,30.533,30.533,301,0
2017-11-28,19:00:00,30.553,30.563,30.553,30.563,603,0
2017-11-28,20:00:00,30.592,30.592,30.563,30.563,4319,0
2017-11-28,21:00:00,30.569,30.632,30.563,30.632,24905,0
2017-11-28,22:00:00,30.637,30.637,30.637,30.637,102,0
2017-11-29,16:00:00,30.533,30.533,30.533,30.533,201,0
2017-11-29,17:00:00,30.503,30.503,30.413,30.468,4696,0
2017-11-29,21:00:00,30.344,30.344,30.334,30.334,1447,0
2017-11-30,19:00:00,30.398,30.398,30.398,30.398,143,0
2017-11-30,20:00:00,30.404,30.404,30.383,30.384,1458,0
2017-11-30,22:00:00,30.324,30.324,30.254,30.254,1657,0
2017-12-01,16:00:00,30.234,30.234,30.234,30.234,100,0
2017-12-01,17:00:00,30.274,30.274,30.274,30.274,100,0
2017-12-01,18:00:00,30.214,30.214,30.214,30.214,183,0
2017-12-01,20:00:00,30.282,30.282,30.282,30.282,181,0
2017-12-01,21:00:00,30.254,30.283,30.254,30.283,231,0
2017-12-04,17:00:00,30.274,30.274,30.219,30.224,6695,0
2017-12-04,18:00:00,30.205,30.244,30.205,30.244,1647,0
2017-12-04,19:00:00,30.27,30.27,30.249,30.249,703,0
2017-12-05,16:00:00,30.114,30.114,30.114,30.114,205,0
2017-12-05,17:00:00,30.157,30.157,30.157,30.157,321,0
2017-12-05,18:00:00,30.204,30.204,30.204,30.204,503,0
2017-12-05,19:00:00,30.174,30.174,30.174,30.174,804,0
2017-12-05,21:00:00,30.129,30.129,30.129,30.129,251,0
2017-12-06,16:00:00,30.154,30.154,30.154,30.154,301,0
2017-12-06,18:00:00,30.184,30.184,30.184,30.184,159,0
2017-12-06,21:00:00,30.233,30.233,30.206,30.206,206,0
2017-12-06,22:00:00,30.244,30.244,30.229,30.229,201,0
2017-12-07,16:00:00,30.164,30.164,30.134,30.134,1196,0
2017-12-07,18:00:00,30.189,30.189,30.189,30.189,603,0
2017-12-07,21:00:00,30.159,30.183,30.159,30.183,844,0
2017-12-07,22:00:00,30.156,30.156,30.156,30.156,468,0
2017-12-08,18:00:00,30.244,30.264,30.224,30.224,3415,0
2017-12-08,20:00:00,30.284,30.284,30.284,30.284,2182,0
2017-12-08,22:00:00,30.294,30.294,30.294,30.294,131,0
2017-12-11,16:00:00,30.274,30.274,30.274,30.274,149,0
2017-12-11,18:00:00,30.254,30.264,30.244,30.254,3551,0
2017-12-11,21:00:00,30.299,30.299,30.284,30.284,276,0
2017-12-12,17:00:00,30.246,30.246,30.246,30.246,301,0
2017-12-12,18:00:00,30.279,30.294,30.244,30.294,3135,0
2017-12-12,20:00:00,30.314,30.314,30.274,30.284,7365,0
2017-12-12,22:00:00,30.304,30.313,30.299,30.304,1201,0
2017-12-13,17:00:00,30.364,30.364,30.364,30.364,1562,0
2017-12-13,21:00:00,30.473,30.473,30.452,30.452,3022,0
2017-12-13,22:00:00,30.469,30.469,30.343,30.364,7843,0
2017-12-14,18:00:00,30.284,30.313,30.284,30.313,703,0
2017-12-14,19:00:00,30.274,30.274,30.274,30.274,402,0
2017-12-14,21:00:00,30.269,30.269,30.264,30.264,793,0
2017-12-14,22:00:00,30.254,30.254,30.254,30.254,172,0
2017-12-15,16:00:00,30.184,30.184,30.184,30.184,761,0
2017-12-15,22:00:00,30.206,30.206,30.206,30.206,215,0
2017-12-18,16:00:00,30.553,30.572,30.553,30.572,568,0
2017-12-18,17:00:00,30.587,30.587,30.563,30.563,4826,0
2017-12-18,18:00:00,30.544,30.576,30.543,30.576,8823,0
2017-12-18,20:00:00,30.503,30.521,30.503,30.503,1744,0
2017-12-18,21:00:00,30.494,30.494,30.473,30.493,10871,0
2017-12-18,22:00:00,30.444,30.463,30.423,30.439,4496,0
2017-12-19,17:00:00,30.483,30.493,30.443,30.443,1601,0
2017-12-19,18:00:00,30.442,30.442,30.404,30.407,1126,0
2017-12-19,20:00:00,30.473,30.473,30.473,30.473,130,0
2017-12-20,17:00:00,30.373,30.373,30.344,30.344,465,0
2017-12-20,18:00:00,30.324,30.344,30.314,30.324,4443,0
2017-12-20,20:00:00,30.324,30.334,30.314,30.334,3457,0
2017-12-20,21:00:00,30.329,30.343,30.324,30.324,2407,0
2017-12-20,22:00:00,30.319,30.324,30.319,30.324,201,0
2017-12-21,16:00:00,30.423,30.424,30.423,30.424,1383,0
2017-12-21,19:00:00,30.502,30.503,30.502,30.503,1210,0
2017-12-21,20:00:00,30.503,30.503,30.503,30.503,100,0
2017-12-21,21:00:00,30.471,30.471,30.471,30.471,653,0
2017-12-22,17:00:00,30.443,30.443,30.443,30.443,396,0
2017-12-22,19:00:00,30.443,30.443,30.443,30.443,201,0
2017-12-22,20:00:00,30.473,30.473,30.473,30.473,271,0
2017-12-26,16:00:00,30.492,30.492,30.492,30.492,100,0
2017-12-26,17:00:00,30.532,30.532,30.532,30.532,100,0
2017-12-26,18:00:00,30.532,30.532,30.532,30.532,100,0
2017-12-26,22:00:00,30.507,30.507,30.507,30.507,100,0
2017-12-27,18:00:00,30.641,30.642,30.625,30.625,2782,0
2017-12-27,19:00:00,30.611,30.621,30.582,30.611,8841,0
2017-12-27,20:00:00,30.601,30.601,30.563,30.563,1247,0
2017-12-28,17:00:00,30.725,30.725,30.725,30.725,185,0
2017-12-28,19:00:00,30.661,30.681,30.661,30.681,1677,0
2017-12-28,20:00:00,30.659,30.659,30.651,30.659,1392,0
2017-12-28,21:00:00,30.661,30.669,30.642,30.651,2158,0
2017-12-28,22:00:00,30.681,30.681,30.681,30.681,126,0
2017-12-29,16:00:00,30.831,30.831,30.811,30.811,1023,0
2017-12-29,21:00:00,30.761,30.761,30.741,30.741,3504,0
2017-12-29,22:00:00,30.671,30.686,30.631,30.631,549,0
2018-01-02,18:00:00,30.791,30.794,30.731,30.731,10313,0
2018-01-02,19:00:00,30.718,30.718,30.711,30.711,530,0
2018-01-02,20:00:00,30.716,30.716,30.716,30.716,200,0
2018-01-02,21:00:00,30.719,30.719,30.719,30.719,266,0
2018-01-03,22:00:00,31.011,31.011,31.001,31.001,1602,0
2018-01-04,20:00:00,31.28,31.28,31.251,31.251,333,0
2018-01-04,21:00:00,31.061,31.061,30.312,30.312,2598,0
2018-01-04,22:00:00,31.281,31.281,31.241,31.241,1260,0
2018-01-05,16:00:00,31.331,31.331,31.321,31.321,15019,0
2018-01-05,21:00:00,31.425,31.425,31.425,31.425,100,0
2018-01-08,16:00:00,31.42,31.42,31.42,31.42,1181,0
2018-01-08,17:00:00,31.38,31.38,31.38,31.38,2203,0
2018-01-08,18:00:00,31.38,31.38,31.372,31.372,5507,0
2018-01-08,22:00:00,31.378,31.38,31.378,31.38,221,0
2018-01-09,16:00:00,31.351,31.351,31.351,31.351,1001,0
2018-01-09,18:00:00,31.39,31.39,31.39,31.39,1001,0
2018-01-09,20:00:00,31.405,31.405,31.405,31.405,138,0
2018-01-09,21:00:00,31.42,31.42,31.411,31.411,525,0
2018-01-10,17:00:00,31.231,31.261,31.231,31.261,872,0
2018-01-10,21:00:00,31.211,31.211,31.211,31.211,150,0
2018-01-10,22:00:00,31.225,31.225,31.225,31.225,100,0
2018-01-11,16:00:00,31.271,31.281,31.271,31.281,559,0
2018-01-11,17:00:00,31.351,31.351,31.302,31.302,4845,0
2018-01-11,18:00:00,31.341,31.341,31.341,31.341,2819,0
2018-01-11,22:00:00,31.4,31.4,31.38,31.392,1436,0
2018-01-12,16:00:00,31.49,31.49,31.49,31.49,140,0
2018-01-12,17:00:00,31.57,31.57,31.55,31.55,6436,0
2018-01-12,18:00:00,31.59,31.59,31.564,31.564,415,0
2018-01-12,20:00:00,31.634,31.634,31.634,31.634,136,0
2018-01-12,21:00:00,31.64,31.645,31.64,31.645,14618,0
2018-01-12,22:00:00,31.63,31.63,31.63,31.63,521,0
2018-01-16,18:00:00,31.72,31.72,31.72,31.72,182,0
2018-01-16,19:00:00,31.72,31.72,31.72,31.72,200,0
2018-01-16,20:00:00,31.72,31.72,31.72,31.72,100,0
2018-01-16,21:00:00,31.66,31.66,31.66,31.66,2003,0
2018-01-16,22:00:00,31.66,31.66,31.651,31.655,3609,0
2018-01-17,21:00:00,32,32,32,32,1001,0
2018-01-17,22:00:00,31.99,31.99,31.99,31.99,300,0
2018-01-18,16:00:00,31.89,31.92,31.89,31.92,501,0
2018-01-18,18:00:00,31.96,32.05,31.96,32.05,551,0
2018-01-18,19:00:00,31.927,31.95,31.927,31.94,1320,0
2018-01-18,21:00:00,31.95,31.99,31.95,31.99,17715,0
2018-01-18,22:00:00,31.945,31.945,31.936,31.936,204,0
2018-01-19,16:00:00,32.249,32.249,32.229,32.229,4175,0
2018-01-19,17:00:00,32.21,32.211,32.21,32.211,1492,0
2018-01-19,18:00:00,32.16,32.189,32.16,32.189,200,0
2018-01-19,20:00:00,32.209,32.209,32.209,32.209,224,0
2018-01-19,21:00:00,32.249,32.249,32.249,32.249,100,0
2018-01-19,22:00:00,32.269,32.279,32.269,32.279,1902,0
2018-01-22,16:00:00,32.309,32.309,32.309,32.309,230,0
2018-01-22,17:00:00,32.348,32.349,32.348,32.349,3440,0
2018-01-22,19:00:00,32.311,32.311,32.311,32.311,197,0
2018-01-22,20:00:00,32.409,32.409,32.409,32.409,215,0
2018-01-22,21:00:00,32.409,32.409,32.379,32.379,401,0
2018-01-22,22:00:00,32.436,32.436,32.436,32.436,200,0
2018-01-23,16:00:00,32.509,32.509,32.509,32.509,307,0
2018-01-23,17:00:00,32.589,32.589,32.589,32.589,380,0
2018-01-23,18:00:00,32.568,32.568,32.529,32.534,1850,0
2018-01-23,20:00:00,32.509,32.524,32.45,32.516,3539,0
2018-01-23,21:00:00,32.539,32.539,32.539,32.539,170,0
2018-01-23,22:00:00,32.549,32.579,32.549,32.567,1635,0
2018-01-24,16:00:00,32.669,32.669,32.649,32.649,559,0
2018-01-24,20:00:00,32.518,32.525,32.518,32.525,2465,0
2018-01-24,21:00:00,32.609,32.609,32.609,32.609,603,0
2018-01-25,16:00:00,32.634,32.634,32.579,32.579,454,0
2018-01-25,20:00:00,32.578,32.579,32.564,32.564,1791,0
2018-01-25,21:00:00,32.479,32.499,32.329,32.368,3989,0
2018-01-25,22:00:00,32.399,32.409,32.377,32.379,4772,0
2018-01-26,16:00:00,32.559,32.559,32.529,32.539,1041,0
2018-01-26,18:00:00,32.599,32.629,32.599,32.619,4885,0
2018-01-26,19:00:00,32.609,32.664,32.609,32.664,8681,0
2018-01-26,21:00:00,32.704,32.704,32.704,32.704,106,0
2018-01-26,22:00:00,32.709,32.709,32.709,32.709,108,0
2018-01-29,16:00:00,32.509,32.509,32.509,32.509,771,0
2018-01-29,17:00:00,32.489,32.489,32.464,32.464,1663,0
2018-01-29,18:00:00,32.387,32.409,32.387,32.409,601,0
2018-01-29,22:00:00,32.474,32.474,32.474,32.474,100,0
2018-01-30,18:00:00,32.369,32.369,32.359,32.359,501,0
2018-01-30,19:00:00,32.303,32.303,32.303,32.303,283,0
2018-01-30,21:00:00,32.319,32.339,32.318,32.339,932,0
2018-01-30,22:00:00,32.294,32.309,32.294,32.309,401,0
2018-01-31,16:00:00,32.399,32.399,32.399,32.399,387,0
2018-01-31,17:00:00,32.324,32.338,32.324,32.338,619,0
2018-01-31,18:00:00,32.338,32.339,32.209,32.339,1950,0
2018-01-31,19:00:00,32.309,32.309,32.309,32.309,200,0
2018-01-31,20:00:00,32.319,32.319,32.319,32.319,387,0
2018-01-31,21:00:00,32.299,32.299,32.269,32.269,3456,0
2018-01-31,22:00:00,32.379,32.379,32.379,32.379,100,0
2018-02-01,16:00:00,32.14,32.15,32.14,32.15,1402,0
2018-02-01,18:00:00,32.179,32.179,32.179,32.179,100,0
2018-02-01,21:00:00,32.229,32.239,32.229,32.239,930,0
2018-02-02,16:00:00,31.88,31.88,31.86,31.86,533,0
2018-02-02,17:00:00,31.739,31.739,31.723,31.723,627,0
2018-02-02,18:00:00,31.74,31.74,31.68,31.68,601,0
2018-02-02,19:00:00,31.76,31.76,31.76,31.76,150,0
2018-02-02,20:00:00,31.73,31.73,31.73,31.73,100,0
2018-02-02,21:00:00,31.69,31.69,31.61,31.61,1588,0
2018-02-02,22:00:00,31.61,31.61,31.52,31.52,1352,0
2018-02-05,16:00:00,31.151,31.151,31.141,31.141,307,0
2018-02-05,17:00:00,31.061,31.25,31.041,31.221,1930,0
2018-02-05,18:00:00,31.201,31.201,31.036,31.051,8822,0
2018-02-05,19:00:00,31.021,31.081,30.996,31.081,5730,0
2018-02-05,20:00:00,30.998,30.998,30.871,30.871,5710,0
2018-02-05,22:00:00,30.641,30.641,30.262,30.262,2503,0
2018-02-06,16:00:00,30.112,30.462,30.112,30.462,305,0
2018-02-06,17:00:00,30.481,30.481,30.262,30.262,1802,0
2018-02-06,18:00:00,30.291,30.322,30.291,30.322,1552,0
2018-02-06,20:00:00,30.452,30.462,30.452,30.462,851,0
2018-02-06,21:00:00,30.591,30.621,30.591,30.621,601,0
2018-02-06,22:00:00,30.741,30.761,30.671,30.711,1802,0
2018-02-07,16:00:00,30.591,30.591,30.591,30.591,170,0
2018-02-07,17:00:00,30.611,30.661,30.611,30.661,1202,0
2018-02-07,18:00:00,30.681,30.681,30.681,30.681,200,0
2018-02-07,22:00:00,30.488,30.488,30.431,30.431,951,0
2018-02-08,17:00:00,30.312,30.312,30.142,30.172,1802,0
2018-02-08,18:00:00,30.002,30.002,30.002,30.002,601,0
2018-02-08,19:00:00,29.937,29.937,29.937,29.937,250,0
2018-02-08,20:00:00,30.052,30.052,30.052,30.052,300,0
2018-02-08,21:00:00,30.087,30.087,29.972,29.972,1283,0
2018-02-08,22:00:00,29.842,29.851,29.778,29.778,901,0
2018-02-09,17:00:00,29.663,29.703,29.663,29.703,1802,0
2018-02-09,18:00:00,29.723,29.723,29.723,29.723,1812,0
2018-02-09,19:00:00,29.433,29.433,29.418,29.418,218,0
2018-02-09,20:00:00,29.403,29.423,29.403,29.423,1360,0
2018-02-09,21:00:00,29.735,29.735,29.735,29.735,250,0
2018-02-12,16:00:00,30.072,30.082,30.072,30.082,601,0
2018-02-12,17:00:00,30.112,30.112,30.112,30.112,300,0
2018-02-12,19:00:00,30.182,30.182,30.182,30.182,166,0
2018-02-12,21:00:00,30.302,30.302,30.282,30.292,1600,0
2018-02-12,22:00:00,30.262,30.262,30.262,30.262,100,0
2018-02-13,16:00:00,30.132,30.161,30.132,30.161,411,0
2018-02-13,17:00:00,30.179,30.179,30.179,30.179,129,0
2018-02-13,18:00:00,30.152,30.152,30.152,30.152,1001,0
2018-02-13,19:00:00,30.132,30.132,30.132,30.132,1502,0
2018-02-13,20:00:00,30.152,30.152,30.152,30.152,200,0
2018-02-13,21:00:00,30.202,30.242,30.202,30.242,826,0
2018-02-14,17:00:00,30.462,30.462,30.432,30.432,451,0
2018-02-14,18:00:00,30.567,30.582,30.552,30.552,3620,0
2018-02-14,20:00:00,30.701,30.701,30.701,30.701,2196,0
2018-02-14,21:00:00,30.721,30.721,30.721,30.721,137,0
2018-02-14,22:00:00,30.781,30.79,30.781,30.79,42263,0
2018-02-15,16:00:00,31.111,31.111,31.111,31.111,601,0
2018-02-15,17:00:00,31.068,31.068,31.068,31.068,891,0
2018-02-15,19:00:00,31.076,31.076,31.076,31.076,100,0
2018-02-15,20:00:00,31.141,31.151,31.141,31.151,461,0
2018-02-15,21:00:00,31.221,31.221,31.221,31.221,801,0
2018-02-15,22:00:00,31.192,31.192,31.192,31.192,599,0
2018-02-16,17:00:00,31.311,31.41,31.301,31.41,1767,0
2018-02-16,19:00:00,31.43,31.43,31.43,31.43,501,0
2018-02-16,21:00:00,31.331,31.331,31.331,31.331,1101,0
2018-02-20,16:00:00,31.111,31.111,31.111,31.111,100,0
2018-02-20,17:00:00,31.061,31.063,31.061,31.061,501,0
2018-02-20,19:00:00,31.171,31.171,31.171,31.171,225,0
2018-02-20,21:00:00,31.116,31.121,31.101,31.121,4454,0
2018-02-20,22:00:00,31.07,31.07,31.001,31.006,3511,0
2018-02-21,17:00:00,31.171,31.18,31.171,31.171,3703,0
2018-02-21,21:00:00,31.281,31.281,31.146,31.146,11854,0
2018-02-21,22:00:00,31.053,31.053,31.053,31.053,107,0
2018-02-22,16:00:00,31.08,31.08,31.071,31.071,1999,0
2018-02-22,18:00:00,31.178,31.178,31.178,31.178,1287,0
2018-02-22,21:00:00,31.081,31.081,31.081,31.081,186,0
2018-02-23,16:00:00,31.081,31.081,31.081,31.081,203,0
2018-02-23,17:00:00,31.081,31.081,31.081,31.081,132,0
2018-02-23,21:00:00,31.146,31.161,31.146,31.161,2042,0
2018-02-26,16:00:00,31.47,31.47,31.434,31.434,7309,0
2018-02-26,17:00:00,31.351,31.351,31.351,31.351,100,0
2018-02-26,18:00:00,31.39,31.43,31.389,31.42,1045,0
2018-02-26,19:00:00,31.393,31.41,31.393,31.41,701,0
2018-02-26,20:00:00,31.49,31.49,31.485,31.485,577,0
2018-02-26,21:00:00,31.51,31.51,31.51,31.51,300,0
2018-02-26,22:00:00,31.52,31.52,31.52,31.52,24853,0
2018-02-27,16:00:00,32.249,32.249,32.249,32.249,280,0
2018-02-27,18:00:00,31.111,31.111,31.111,31.111,100,0
2018-02-27,20:00:00,31.146,31.146,31.146,31.146,100,0
2018-02-27,21:00:00,31.081,31.11,31.053,31.11,7162,0
2018-02-28,16:00:00,30.941,30.941,30.92,30.92,1076,0
2018-02-28,18:00:00,30.806,30.806,30.806,30.806,164,0
2018-02-28,19:00:00,30.811,30.811,30.811,30.811,366,0
2018-02-28,20:00:00,30.791,30.791,30.791,30.791,100,0
2018-02-28,21:00:00,30.681,30.681,30.582,30.661,4613,0
2018-02-28,22:00:00,30.651,30.651,30.651,30.651,899,0
2018-03-01,16:00:00,30.352,30.352,30.352,30.352,150,0
2018-03-01,19:00:00,30.252,30.252,30.252,30.252,501,0
2018-03-01,21:00:00,29.962,30.052,29.962,30.052,1902,0
2018-03-01,22:00:00,30.101,30.122,30.053,30.12,6002,0
2018-03-02,17:00:00,30.032,30.033,30.032,30.033,1818,0
2018-03-02,18:00:00,30.012,30.052,30.012,30.052,1382,0
2018-03-02,19:00:00,30.151,30.151,30.151,30.151,232,0
2018-03-02,20:00:00,30.172,30.172,30.172,30.172,331,0
2018-03-05,19:00:00,30.422,30.468,30.422,30.468,10198,0
2018-03-05,21:00:00,30.442,30.466,30.442,30.466,354,0
2018-03-06,16:00:00,30.641,30.641,30.636,30.636,701,0
2018-03-06,21:00:00,30.701,30.701,30.701,30.701,1502,0
2018-03-06,22:00:00,30.681,30.711,30.681,30.681,2988,0
2018-03-07,16:00:00,30.586,30.586,30.586,30.586,428,0
2018-03-07,17:00:00,30.611,30.611,30.611,30.611,100,0
2018-03-07,18:00:00,30.64,30.64,30.611,30.611,241,0
2018-03-07,20:00:00,30.542,30.562,30.542,30.562,603,0
2018-03-07,21:00:00,30.641,30.641,30.641,30.641,100,0
2018-03-07,22:00:00,30.711,30.711,30.711,30.711,1229,0
2018-03-08,16:00:00,30.801,30.801,30.801,30.801,100,0
2018-03-08,18:00:00,30.901,30.901,30.9,30.9,1602,0
2018-03-08,19:00:00,30.831,30.831,30.801,30.816,764,0
2018-03-08,20:00:00,30.801,30.801,30.801,30.801,106,0
2018-03-08,21:00:00,30.87,30.87,30.87,30.87,100,0
2018-03-08,22:00:00,30.881,30.881,30.881,30.881,1101,0
2018-03-09,17:00:00,31.071,31.071,31.071,31.071,100,0
2018-03-09,18:00:00,31.101,31.141,31.081,31.141,2261,0
2018-03-09,20:00:00,31.121,31.121,31.12,31.12,239,0
2018-03-09,21:00:00,31.161,31.161,31.161,31.161,100,0
2018-03-09,22:00:00,31.171,31.171,31.136,31.136,701,0
2018-03-12,15:00:00,31.141,31.141,31.141,31.141,152,0
2018-03-12,16:00:00,31.137,31.137,31.137,31.137,200,0
2018-03-12,19:00:00,31.131,31.146,31.131,31.146,573,0
2018-03-12,20:00:00,31.131,31.131,31.126,31.131,882,0
2018-03-12,21:00:00,31.14,31.161,31.136,31.141,1461,0
2018-03-13,15:00:00,31.241,31.241,31.241,31.241,148,0
2018-03-13,16:00:00,31.211,31.211,31.211,31.211,200,0
2018-03-13,19:00:00,30.961,30.961,30.961,30.961,2503,0
2018-03-13,21:00:00,30.941,30.941,30.941,30.941,601,0
2018-03-14,16:00:00,31.111,31.111,31.111,31.111,856,0
2018-03-14,18:00:00,30.986,31.041,30.986,31.041,958,0
2018-03-14,19:00:00,31.051,31.061,31.038,31.038,3294,0
2018-03-14,20:00:00,31.046,31.046,31.046,31.046,145,0
2018-03-14,21:00:00,31.059,31.059,31.059,31.059,200,0
2018-03-15,15:00:00,31.041,31.071,31.041,31.071,1609,0
2018-03-15,16:00:00,31.061,31.061,31.061,31.061,104,0
2018-03-15,17:00:00,31.151,31.151,31.121,31.121,2180,0
2018-03-15,18:00:00,31.101,31.101,31.101,31.101,137,0
2018-03-15,19:00:00,31.101,31.119,31.071,31.119,1129,0
2018-03-15,21:00:00,31.096,31.096,31.081,31.081,764,0
2018-03-16,16:00:00,30.971,31.021,30.971,31.021,200,0
2018-03-16,17:00:00,30.971,30.971,30.971,30.971,100,0
2018-03-16,18:00:00,30.961,30.969,30.941,30.969,1244,0
2018-03-16,19:00:00,30.891,30.901,30.891,30.901,451,0
2018-03-16,20:00:00,30.921,30.981,30.911,30.981,11442,0
2018-03-16,21:00:00,30.961,30.961,30.951,30.951,3668,0
2018-03-19,15:00:00,30.881,30.881,30.881,30.881,222,0
2018-03-19,19:00:00,30.751,30.751,30.751,30.751,601,0
2018-03-19,20:00:00,30.701,30.741,30.701,30.741,1101,0
2018-03-20,16:00:00,30.799,30.799,30.799,30.799,230,0
2018-03-20,18:00:00,30.798,30.798,30.798,30.798,135,0
2018-03-20,19:00:00,30.78,30.78,30.78,30.78,492,0
2018-03-20,20:00:00,30.83,30.88,30.802,30.802,4305,0
2018-03-20,21:00:00,30.84,30.84,30.83,30.83,924,0
2018-03-22,15:00:00,30.54,30.54,30.54,30.54,182,0
2018-03-22,16:00:00,30.4752,30.4752,30.4698,30.4698,1300,0
2018-03-22,20:00:00,30.5,30.5,30.47,30.47,500,0
2018-03-22,21:00:00,30.4355,30.4355,30.43,30.43,518,0
2018-03-23,16:00:00,30.4202,30.4202,30.4202,30.4202,700,0
2018-03-23,18:00:00,30.2999,30.38,30.299,30.329,3082,0
2018-03-23,21:00:00,30.19,30.19,30.0848,30.0848,878,0
2018-03-26,17:00:00,30.3539,30.3539,30.35,30.3538,800,0
2018-03-26,21:00:00,30.51,30.51,30.51,30.51,200,0
2018-03-26,22:00:00,30.49,30.58,30.49,30.5588,1968,0
2018-03-27,16:00:00,30.59,30.59,30.5883,30.5883,1400,0
2018-03-27,17:00:00,30.5728,30.5728,30.5728,30.5728,500,0
2018-03-27,18:00:00,30.5322,30.68,30.5322,30.68,1532,0
2018-03-27,20:00:00,30.6101,30.6116,30.6101,30.6116,648,0
2018-03-27,21:00:00,30.4601,30.4601,30.4601,30.4601,162,0
2018-03-27,22:00:00,30.385,30.385,30.24,30.24,450,0
2018-03-28,16:00:00,30.48,30.5,30.48,30.5,3300,0
2018-03-28,18:00:00,30.6,30.6,30.6,30.6,100,0
2018-03-28,19:00:00,30.59,30.64,30.59,30.64,5115,0
2018-03-28,21:00:00,30.55,30.55,30.55,30.55,100,0
2018-03-28,22:00:00,30.52,30.54,30.49,30.54,780,0
2018-03-29,19:00:00,30.68,30.68,30.68,30.68,250,0
2018-03-29,21:00:00,30.84,30.84,30.84,30.84,100,0
2018-03-29,22:00:00,30.778,30.8,30.778,30.7999,753,0
