Date,Time,Open,High,Low,Close,Volume,OpenInt
2017-08-28,16:00:00,9.9,9.9,9.85,9.9,847,0
2017-08-28,17:00:00,9.9,9.95,9.9,9.95,833,0
2017-08-28,18:00:00,10,10,9.9,9.9,300,0
2017-08-28,19:00:00,9.9,9.95,9.9,9.95,400,0
2017-08-28,20:00:00,9.9,9.95,9.9,9.95,429,0
2017-08-28,21:00:00,9.9,9.95,9.85,9.85,2317,0
2017-08-28,22:00:00,9.8,9.85,9.75,9.8,4027,0
2017-08-29,16:00:00,9.75,9.75,9.65,9.75,658,0
2017-08-29,18:00:00,9.811,9.811,9.811,9.811,100,0
2017-08-29,19:00:00,9.85,9.85,9.85,9.85,200,0
2017-08-29,21:00:00,9.85,9.85,9.75,9.775,4093,0
2017-08-29,22:00:00,9.775,9.8,9.75,9.8,7292,0
2017-08-30,16:00:00,9.8,9.85,9.8,9.8,2387,0
2017-08-30,17:00:00,9.8,9.85,9.8,9.85,200,0
2017-08-30,18:00:00,9.8,9.85,9.6,9.725,6501,0
2017-08-30,19:00:00,9.75,9.9,9.725,9.85,3366,0
2017-08-30,20:00:00,9.9,9.9,9.8,9.8,2200,0
2017-08-30,21:00:00,9.8,9.9,9.8,9.825,1345,0
2017-08-30,22:00:00,9.825,9.9,9.8,9.85,4640,0
2017-08-31,16:00:00,9.85,9.9,9.75,9.9,529,0
2017-08-31,17:00:00,9.85,9.9,9.85,9.85,2092,0
2017-08-31,18:00:00,9.85,9.8771,9.85,9.875,1601,0
2017-08-31,19:00:00,9.85,9.9,9.85,9.85,1974,0
2017-08-31,20:00:00,9.9,9.9,9.85,9.85,1612,0
2017-08-31,21:00:00,9.9,9.95,9.85,9.9,3116,0
2017-08-31,22:00:00,9.9,9.95,9.9,9.9,10767,0
2017-09-01,16:00:00,9.95,9.95,9.85,9.85,387,0
2017-09-01,17:00:00,9.9,9.9,9.9,9.9,2927,0
2017-09-01,18:00:00,9.9,9.9,9.85,9.9,699,0
2017-09-01,19:00:00,9.85,9.9,9.8,9.8,2400,0
2017-09-01,20:00:00,9.875,9.875,9.85,9.8743,1700,0
2017-09-01,21:00:00,9.9,9.95,9.9,9.925,3510,0
2017-09-01,22:00:00,9.95,10,9.9,10,5241,0
2017-09-05,16:00:00,10.05,10.05,10.05,10.05,100,0
2017-09-05,17:00:00,10,10,9.9,9.9,4300,0
2017-09-05,18:00:00,9.925,9.95,9.919,9.95,300,0
2017-09-05,19:00:00,9.925,9.925,9.9,9.925,1000,0
2017-09-05,20:00:00,9.9,9.9,9.85,9.85,500,0
2017-09-05,21:00:00,9.875,9.9,9.85,9.9,600,0
2017-09-05,22:00:00,9.85,9.95,9.85,9.9,6987,0
2017-09-06,17:00:00,9.896,9.896,9.896,9.896,100,0
2017-09-06,18:00:00,9.85,9.85,9.85,9.85,400,0
2017-09-06,19:00:00,9.85,9.9,9.85,9.875,2057,0
2017-09-06,20:00:00,9.875,9.9,9.875,9.9,300,0
2017-09-06,21:00:00,9.875,9.9,9.85,9.85,2123,0
2017-09-06,22:00:00,9.875,9.9,9.85,9.9,11389,0
2017-09-07,17:00:00,9.95,9.95,9.9,9.9,621,0
2017-09-07,18:00:00,9.925,9.95,9.9,9.9,1400,0
2017-09-07,19:00:00,9.925,9.95,9.9,9.9,6964,0
2017-09-07,20:00:00,9.9,9.925,9.9,9.9,1700,0
2017-09-07,21:00:00,9.9,9.95,9.9,9.9,7678,0
2017-09-07,22:00:00,9.9,9.95,9.85,9.9,7537,0
2017-09-08,16:00:00,9.9,9.9,9.85,9.85,1187,0
2017-09-08,18:00:00,9.7,9.7647,9.7,9.75,600,0
2017-09-08,19:00:00,9.8,9.8,9.7,9.7,400,0
2017-09-08,20:00:00,9.75,9.77,9.7,9.77,3308,0
2017-09-08,21:00:00,9.7,9.8,9.7,9.725,2700,0
2017-09-08,22:00:00,9.7,9.75,9.65,9.75,4949,0
2017-09-11,16:00:00,9.7,9.75,9.7,9.7,1022,0
2017-09-11,17:00:00,9.8,9.8,9.8,9.8,200,0
2017-09-11,18:00:00,9.8,9.85,9.8,9.8,6316,0
2017-09-11,19:00:00,9.8,9.8,9.8,9.8,200,0
2017-09-11,20:00:00,9.75,9.755,9.75,9.755,511,0
2017-09-11,21:00:00,9.7,9.7,9.7,9.7,100,0
2017-09-11,22:00:00,9.75,9.75,9.65,9.75,4522,0
2017-09-12,16:00:00,9.8807,9.8807,9.75,9.775,2300,0
2017-09-12,17:00:00,9.775,9.8,9.7,9.7,700,0
2017-09-12,18:00:00,9.7,9.7,9.7,9.7,1300,0
2017-09-12,19:00:00,9.725,9.75,9.65,9.75,6900,0
2017-09-12,20:00:00,9.7,9.75,9.65,9.75,800,0
2017-09-12,21:00:00,9.75,9.75,9.7,9.75,1600,0
2017-09-12,22:00:00,9.75,9.8,9.75,9.8,4807,0
2017-09-13,16:00:00,9.8,9.85,9.8,9.8,1896,0
2017-09-13,17:00:00,9.85,9.95,9.85,9.9,5401,0
2017-09-13,18:00:00,9.9,9.95,9.9,9.95,2672,0
2017-09-13,19:00:00,9.95,9.95,9.9,9.95,5094,0
2017-09-13,20:00:00,9.95,10,9.95,10,2100,0
2017-09-13,21:00:00,10,10.05,9.95,10.025,12170,0
2017-09-13,22:00:00,10.05,10.1,9.95,10,17529,0
2017-09-14,16:00:00,9.9,9.9,9.85,9.85,2674,0
2017-09-14,17:00:00,9.85,9.875,9.85,9.85,1700,0
2017-09-14,19:00:00,9.875,9.875,9.85,9.85,2200,0
2017-09-14,20:00:00,9.9,9.9,9.884,9.884,229,0
2017-09-14,21:00:00,9.9,9.95,9.9,9.95,1900,0
2017-09-14,22:00:00,10,10,9.9,9.95,9891,0
2017-09-15,16:00:00,10,10,9.9,9.95,20153,0
2017-09-15,17:00:00,9.9,9.9,9.9,9.9,100,0
2017-09-15,18:00:00,10,10,9.95,10,800,0
2017-09-15,19:00:00,10,10,9.95,10,3400,0
2017-09-15,20:00:00,10,10.05,10,10,1566,0
2017-09-15,21:00:00,10,10.036,9.95,10,3171,0
2017-09-15,22:00:00,9.95,10,9.9,9.9,41086,0
2017-09-18,16:00:00,9.85,10,9.85,10,1048,0
2017-09-18,17:00:00,10.05,10.1,10.025,10.025,1000,0
2017-09-18,18:00:00,10.0007,10.05,10,10.05,1208,0
2017-09-18,19:00:00,10,10,10,10,700,0
2017-09-18,20:00:00,9.95,10,9.95,9.95,400,0
2017-09-18,21:00:00,9.975,10,9.875,9.925,4100,0
2017-09-18,22:00:00,9.95,9.95,9.8,9.85,15660,0
2017-09-19,16:00:00,9.9704,9.9704,9.95,9.95,415,0
2017-09-19,17:00:00,9.95,10,9.95,9.95,2465,0
2017-09-19,18:00:00,10,10,9.95,9.95,3069,0
2017-09-19,19:00:00,9.975,10,9.95,9.95,1800,0
2017-09-19,20:00:00,9.95,9.95,9.95,9.95,500,0
2017-09-19,21:00:00,9.975,10,9.95,9.975,4076,0
2017-09-19,22:00:00,10,10,9.85,9.9,20542,0
2017-09-20,16:00:00,9.9,9.9,9.9,9.9,300,0
2017-09-20,17:00:00,9.975,10.05,9.9,10.05,1600,0
2017-09-20,18:00:00,10.05,10.1,10,10.1,3082,0
2017-09-20,19:00:00,10.1,10.1,10.05,10.05,200,0
2017-09-20,21:00:00,10.05,10.1,10,10.005,3868,0
2017-09-20,22:00:00,10,10,9.95,9.95,4182,0
2017-09-21,16:00:00,10.05,10.05,10.05,10.05,200,0
2017-09-21,17:00:00,10,10,9.95,9.95,3000,0
2017-09-21,18:00:00,9.95,10.1,9.95,10.1,12310,0
2017-09-21,19:00:00,10.15,10.15,10.05,10.15,5736,0
2017-09-21,20:00:00,10.1,10.2,10.1,10.175,3048,0
2017-09-21,21:00:00,10.2,10.35,10.15,10.15,3205,0
2017-09-21,22:00:00,10.15,10.3,10.15,10.25,5165,0
2017-09-22,16:00:00,10.2,10.2,10.15,10.15,674,0
2017-09-22,17:00:00,10.1,10.2,10.1,10.15,800,0
2017-09-22,18:00:00,10.1,10.3,10.05,10.25,20558,0
2017-09-22,19:00:00,10.25,10.3,10.15,10.15,7013,0
2017-09-22,20:00:00,10.15,10.15,10.15,10.15,500,0
2017-09-22,21:00:00,10.15,10.2,10.15,10.15,800,0
2017-09-22,22:00:00,10.1,10.2,10.05,10.1,7527,0
2017-09-25,16:00:00,10,10.55,10,10.545,15195,0
2017-09-25,17:00:00,10.35,10.45,10.35,10.35,8981,0
2017-09-25,18:00:00,10.35,10.5,10.3,10.3,29580,0
2017-09-25,19:00:00,10.3,10.3752,10.2,10.25,2590,0
2017-09-25,20:00:00,10.25,10.495,10.15,10.3,21312,0
2017-09-25,21:00:00,10.3,10.45,10.3,10.375,3644,0
2017-09-25,22:00:00,10.45,10.45,10.3,10.3,5926,0
2017-09-26,16:00:00,10.45,10.65,10.3,10.45,9912,0
2017-09-26,17:00:00,10.45,10.5,10.35,10.395,15046,0
2017-09-26,18:00:00,10.4,10.7,10.4,10.65,12911,0
2017-09-26,19:00:00,10.65,11.05,10.65,11.045,9729,0
2017-09-26,20:00:00,10.9,11.05,10.85,11.05,12018,0
2017-09-26,21:00:00,11.025,11.45,11.025,11.25,25105,0
2017-09-26,22:00:00,11.3,11.3001,10.9,11.1,30907,0
2017-09-27,16:00:00,11.05,11.15,11.05,11.0806,700,0
2017-09-27,17:00:00,11.25,11.3,11.15,11.15,573,0
2017-09-27,19:00:00,11.1,11.2,11.1,11.2,1100,0
2017-09-27,20:00:00,11.2,11.4,11.2,11.35,3999,0
2017-09-27,21:00:00,11.3775,11.55,11.25,11.55,6197,0
2017-09-27,22:00:00,11.6,11.65,11.4,11.65,10750,0
2017-09-28,16:00:00,11.5,11.55,11.45,11.55,472,0
2017-09-28,17:00:00,11.55,11.55,11.45,11.45,550,0
2017-09-28,18:00:00,11.5,11.5,11.35,11.35,1940,0
2017-09-28,19:00:00,11.35,11.475,11.3,11.475,1350,0
2017-09-28,20:00:00,11.5,11.5,11.4,11.5,2584,0
2017-09-28,21:00:00,11.5,11.7,11.45,11.7,1767,0
2017-09-28,22:00:00,11.75,11.85,11.65,11.75,10523,0
2017-09-29,17:00:00,11.75,11.8,11.7,11.7,1928,0
2017-09-29,18:00:00,11.75,11.75,11.65,11.65,700,0
2017-09-29,19:00:00,11.7,11.8,11.6,11.7,5692,0
2017-09-29,20:00:00,11.7,11.7,11.55,11.55,3240,0
2017-09-29,21:00:00,11.55,11.7,11.5,11.65,5544,0
2017-09-29,22:00:00,11.5781,11.65,11.5,11.6,8969,0
2017-10-02,16:00:00,11.7,11.85,11.7,11.828,5029,0
2017-10-02,17:00:00,11.75,11.8,11.65,11.7,2000,0
2017-10-02,18:00:00,11.7,11.85,11.7,11.85,16331,0
2017-10-02,19:00:00,11.825,11.95,11.8,11.95,6434,0
2017-10-02,20:00:00,11.92,11.92,11.92,11.92,144,0
2017-10-02,21:00:00,11.85,12,11.85,12,4422,0
2017-10-02,22:00:00,12,12,11.9,11.95,9075,0
2017-10-03,16:00:00,12,12.1085,11.9767,12.1,14893,0
2017-10-03,17:00:00,12.05,12.05,12,12.05,5300,0
2017-10-03,18:00:00,12.05,12.05,12,12,300,0
2017-10-03,19:00:00,12,12.05,11.95,12,10788,0
2017-10-03,20:00:00,12,12.05,12,12.03,8238,0
2017-10-03,21:00:00,12,12.1,12,12.05,8298,0
2017-10-03,22:00:00,12.05,12.15,12,12.1,10515,0
2017-10-04,16:00:00,12.15,12.25,12.15,12.15,379,0
2017-10-04,17:00:00,12.25,12.25,12.1,12.1,865,0
2017-10-04,18:00:00,12.0782,12.1,11.9789,11.9789,4829,0
2017-10-04,19:00:00,12,12.05,11.9,12,5869,0
2017-10-04,20:00:00,11.95,11.95,11.9,11.9,1514,0
2017-10-04,21:00:00,11.85,11.9,11.7,11.7,4365,0
2017-10-04,22:00:00,11.75,11.8,11.4,11.65,14696,0
2017-10-05,16:00:00,11.6,11.8026,11.6,11.8026,443,0
2017-10-05,17:00:00,11.75,11.9,11.75,11.9,756,0
2017-10-05,18:00:00,11.7662,11.9,11.7662,11.8,1200,0
2017-10-05,20:00:00,11.8,11.9,11.8,11.8,7062,0
2017-10-05,21:00:00,11.8,11.8,11.775,11.8,2100,0
2017-10-05,22:00:00,11.8,11.9,11.75,11.9,6166,0
2017-10-06,16:00:00,11.65,11.85,11.65,11.85,5415,0
2017-10-06,17:00:00,11.85,11.9,11.8286,11.9,482,0
2017-10-06,18:00:00,11.9,11.9,11.8,11.9,2200,0
2017-10-06,19:00:00,11.85,11.9,11.85,11.9,1100,0
2017-10-06,20:00:00,11.9,11.9,11.85,11.85,1400,0
2017-10-06,21:00:00,11.9,11.95,11.85,11.95,6505,0
2017-10-06,22:00:00,11.95,12.2,11.95,12.15,13040,0
2017-10-09,17:00:00,11.85,12,11.85,11.9,700,0
2017-10-09,18:00:00,11.9,11.9,11.8375,11.85,2173,0
2017-10-09,19:00:00,11.9,11.9,11.9,11.9,100,0
2017-10-09,20:00:00,11.8,11.9,11.8,11.9,200,0
2017-10-09,21:00:00,11.8,11.85,11.8,11.85,300,0
2017-10-09,22:00:00,11.8,11.8,11.6,11.65,6980,0
2017-10-10,16:00:00,11.7,11.7,11.7,11.7,296,0
2017-10-10,17:00:00,11.8,11.85,11.76,11.85,1607,0
2017-10-10,18:00:00,11.9,11.9,11.9,11.9,100,0
2017-10-10,20:00:00,11.8,11.85,11.8,11.85,866,0
2017-10-10,21:00:00,11.75,11.82,11.75,11.82,1646,0
2017-10-10,22:00:00,11.7735,11.85,11.7,11.7,8119,0
2017-10-11,16:00:00,11.65,12,11.65,12,2514,0
2017-10-11,17:00:00,11.9,11.9,11.65,11.7,5859,0
2017-10-11,18:00:00,11.7,11.8,11.7,11.8,3420,0
2017-10-11,19:00:00,11.8,11.8,11.65,11.6733,3990,0
2017-10-11,20:00:00,11.75,11.75,11.55,11.6232,2163,0
2017-10-11,21:00:00,11.6,11.7,11.6,11.7,505,0
2017-10-11,22:00:00,11.7,11.75,11.65,11.65,4117,0
2017-10-12,16:00:00,11.65,11.7,11.65,11.7,500,0
2017-10-12,17:00:00,11.7,11.7,11.65,11.65,1300,0
2017-10-12,18:00:00,11.7,11.7,11.7,11.7,200,0
2017-10-12,19:00:00,11.7,11.75,11.6,11.6,1631,0
2017-10-12,20:00:00,11.65,11.65,11.6,11.625,1143,0
2017-10-12,21:00:00,11.65,11.65,11.6,11.6,637,0
2017-10-12,22:00:00,11.6,11.7,11.5,11.6,6151,0
2017-10-13,16:00:00,11.65,11.65,11.55,11.55,1707,0
2017-10-13,18:00:00,11.5,11.5,11.4,11.4,900,0
2017-10-13,19:00:00,11.3,11.3472,11.25,11.25,985,0
2017-10-13,20:00:00,11.25,11.3,11.2,11.3,2582,0
2017-10-13,21:00:00,11.3,11.4,11.2,11.4,4500,0
2017-10-13,22:00:00,11.4,11.45,11.25,11.35,11275,0
2017-10-16,16:00:00,11.4,11.4,11.2718,11.35,7735,0
2017-10-16,17:00:00,11.5,11.5,11.15,11.15,13806,0
2017-10-16,18:00:00,11,11.05,11,11.05,1200,0
2017-10-16,19:00:00,11.05,11.05,11,11,400,0
2017-10-16,20:00:00,11,11,11,11,300,0
2017-10-16,21:00:00,11,11.1,10.005,10.41,32330,0
2017-10-16,22:00:00,10.35,10.6,10.35,10.55,5565,0
2017-10-17,16:00:00,10.5,11.05,10.5,11.05,4455,0
2017-10-17,17:00:00,11,11,10.55,10.7043,12627,0
2017-10-17,18:00:00,10.65,10.75,10.6,10.65,6574,0
2017-10-17,19:00:00,10.65,10.75,10.65,10.7,700,0
2017-10-17,20:00:00,10.736,10.736,10.65,10.65,1373,0
2017-10-17,21:00:00,10.6,10.75,10.6,10.725,1221,0
2017-10-17,22:00:00,10.725,10.725,10.6,10.65,3820,0
2017-10-18,16:00:00,10.65,10.75,10.65,10.7014,530,0
2017-10-18,17:00:00,10.695,10.845,10.65,10.6857,6576,0
2017-10-18,18:00:00,10.75,10.75,10.7,10.7,200,0
2017-10-18,19:00:00,10.75,10.9623,10.75,10.9623,1569,0
2017-10-18,20:00:00,10.95,10.95,10.9,10.9,2915,0
2017-10-18,21:00:00,10.85,10.9,10.85,10.9,700,0
2017-10-18,22:00:00,10.9,10.9,10.8,10.8,6484,0
2017-10-19,16:00:00,10.9,10.9,10.85,10.85,1851,0
2017-10-19,17:00:00,10.85,10.85,10.4,10.55,15170,0
2017-10-19,18:00:00,10.595,10.75,10.45,10.65,7928,0
2017-10-19,19:00:00,10.65,10.7,10.55,10.575,3493,0
2017-10-19,20:00:00,10.6,10.7,10.6,10.6,12192,0
2017-10-19,21:00:00,10.6,10.65,10.55,10.55,1213,0
2017-10-19,22:00:00,10.55,10.6,10.5,10.5,10947,0
2017-10-20,16:00:00,10.65,10.65,10.65,10.65,3083,0
2017-10-20,17:00:00,10.75,10.75,10.35,10.6,20835,0
2017-10-20,18:00:00,10.65,10.65,10.55,10.65,500,0
2017-10-20,19:00:00,10.65,10.7,10.645,10.7,1991,0
2017-10-20,20:00:00,10.7,10.7,10.7,10.7,100,0
2017-10-20,21:00:00,10.7271,10.7271,10.7271,10.7271,877,0
2017-10-20,22:00:00,10.75,10.85,10.75,10.85,6204,0
2017-10-23,16:00:00,10.8,10.8,10.8,10.8,251,0
2017-10-23,17:00:00,10.8,10.8,10.65,10.65,800,0
2017-10-23,18:00:00,10.7,10.7,10.6,10.6,1205,0
2017-10-23,20:00:00,10.625,10.625,10.6,10.6,2600,0
2017-10-23,21:00:00,10.65,10.6738,10.6,10.625,2024,0
2017-10-23,22:00:00,10.65,10.65,10.55,10.55,8281,0
2017-10-24,16:00:00,10.6,10.85,10.6,10.85,659,0
2017-10-24,17:00:00,10.85,10.85,10.65,10.65,1958,0
2017-10-24,18:00:00,10.65,10.75,10.6,10.6,2000,0
2017-10-24,19:00:00,10.6,10.7,10.6,10.6,1513,0
2017-10-24,20:00:00,10.6,10.65,10.55,10.63,5307,0
2017-10-24,21:00:00,10.6,10.65,10.55,10.55,2912,0
2017-10-24,22:00:00,10.55,10.65,10.5,10.5,7967,0
2017-10-25,16:00:00,10.5,10.5,10.5,10.5,100,0
2017-10-25,18:00:00,10.502,10.502,9.95,10.15,27261,0
2017-10-25,19:00:00,10.25,10.4,10.2,10.4,1216,0
2017-10-25,20:00:00,10.45,10.45,10.4,10.4,200,0
2017-10-25,21:00:00,10.6,10.7,10.6,10.7,626,0
2017-10-25,22:00:00,10.55,10.65,10.55,10.6,5468,0
2017-10-26,16:00:00,10.7,10.7,10.7,10.7,147,0
2017-10-26,17:00:00,10.6582,10.7,10.6582,10.7,200,0
2017-10-26,18:00:00,10.65,10.653,10.4,10.4,15481,0
2017-10-26,19:00:00,10.4,10.4,10.35,10.35,600,0
2017-10-26,20:00:00,10.36,10.45,10.35,10.45,937,0
2017-10-26,21:00:00,10.4,10.4,10.4,10.4,300,0
2017-10-26,22:00:00,10.4,10.6,10.4,10.5,4969,0
2017-10-27,17:00:00,10.6,10.8,10.6,10.8,1280,0
2017-10-27,18:00:00,10.8,10.85,10.8,10.85,960,0
2017-10-27,19:00:00,10.82,10.85,10.8,10.8,1370,0
2017-10-27,20:00:00,10.85,10.85,10.85,10.85,100,0
2017-10-27,21:00:00,10.8,10.8,10.75,10.8,600,0
2017-10-27,22:00:00,10.75,10.75,10.65,10.7,6742,0
2017-10-30,16:00:00,10.5,10.5,10.3,10.35,900,0
2017-10-30,17:00:00,10.275,10.275,10.2,10.2,600,0
2017-10-30,18:00:00,10.1,10.1,10.1,10.1,100,0
2017-10-30,19:00:00,10.15,10.15,9.95,9.95,2520,0
2017-10-30,20:00:00,10,10.05,10,10.05,800,0
2017-10-30,21:00:00,10.075,10.15,9.95,10.1,10050,0
2017-10-31,15:00:00,10.1,10.15,10.1,10.15,300,0
2017-10-31,16:00:00,10.1,10.3,10.1,10.2,9433,0
2017-10-31,17:00:00,10.3,10.3,10.2,10.3,900,0
2017-10-31,18:00:00,10.35,10.35,10.3,10.3,300,0
2017-10-31,19:00:00,10.3,10.525,10.3,10.525,6300,0
2017-10-31,20:00:00,10.5,10.55,10.45,10.45,3600,0
2017-10-31,21:00:00,10.5,10.6,10.45,10.5,20315,0
2017-11-01,15:00:00,10.65,10.75,10.65,10.75,1280,0
2017-11-01,16:00:00,10.8,10.8,10.7,10.75,1300,0
2017-11-01,17:00:00,10.7,10.7,10.55,10.55,7849,0
2017-11-01,18:00:00,10.55,10.55,10.55,10.55,100,0
2017-11-01,19:00:00,10.55,10.6,10.45,10.5,14141,0
2017-11-01,20:00:00,10.5,10.6,10.455,10.55,4823,0
2017-11-01,21:00:00,10.6,10.6,10.45,10.45,5481,0
2017-11-02,15:00:00,10.5,10.5,10.5,10.5,100,0
2017-11-02,16:00:00,10.45,10.5,10.45,10.5,1947,0
2017-11-02,17:00:00,10.5,10.6,10.5,10.5,7672,0
2017-11-02,18:00:00,10.6,10.7,10.6,10.6678,800,0
2017-11-02,19:00:00,10.75,10.75,10.725,10.725,1375,0
2017-11-02,20:00:00,10.7237,10.75,10.7,10.7,1602,0
2017-11-02,21:00:00,10.75,10.75,10.65,10.75,4187,0
2017-11-03,16:00:00,10.7,10.75,10.7,10.75,800,0
2017-11-03,17:00:00,10.75,10.8,10.75,10.8,200,0
2017-11-03,18:00:00,10.7,10.7,10.6,10.6,1100,0
2017-11-03,19:00:00,10.55,10.55,10.45,10.45,800,0
2017-11-03,20:00:00,10.452,10.452,10.4,10.4,5627,0
2017-11-03,21:00:00,10.4,10.4,10.3,10.35,3898,0
2017-11-06,17:00:00,10.35,10.4,10.35,10.35,2416,0
2017-11-06,18:00:00,10.3019,10.4,10.05,10.1,24056,0
2017-11-06,19:00:00,10.1,10.2298,10.1,10.1,1000,0
2017-11-06,20:00:00,10.1,10.2,9.9,9.95,8196,0
2017-11-06,21:00:00,9.95,10.05,9.8,9.8,8004,0
2017-11-06,22:00:00,9.95,9.95,9.8,9.85,7634,0
2017-11-07,16:00:00,9.85,9.9,9.8,9.8,900,0
2017-11-07,17:00:00,9.8,9.8,9.6623,9.745,1592,0
2017-11-07,18:00:00,9.679,9.679,9.6,9.6,1034,0
2017-11-07,19:00:00,9.65,9.7,9.65,9.7,200,0
2017-11-07,20:00:00,9.7,9.7,9.5,9.55,4504,0
2017-11-07,21:00:00,9.5,9.55,9.5,9.5,2131,0
2017-11-07,22:00:00,9.5,9.519,9.35,9.45,15328,0
2017-11-08,16:00:00,9.3,9.4,9.3,9.4,1356,0
2017-11-08,17:00:00,9.4,9.4,9.3,9.3,3030,0
2017-11-08,18:00:00,9.25,9.25,9.15,9.15,2936,0
2017-11-08,20:00:00,9.15,9.25,9.105,9.2,19965,0
2017-11-08,21:00:00,9.15,9.2,9.1,9.1,1469,0
2017-11-08,22:00:00,9.1452,9.25,9.1,9.2,9152,0
2017-11-09,16:00:00,9,9.25,9,9.25,3742,0
2017-11-09,17:00:00,9.3,9.4,9.3,9.3,1100,0
2017-11-09,18:00:00,9.3,9.5,9.245,9.3,8500,0
2017-11-09,19:00:00,9.3,9.3,9.1,9.2,4190,0
2017-11-09,20:00:00,9.25,9.4,9.25,9.4,2900,0
2017-11-09,21:00:00,9.4,9.45,9.35,9.425,4265,0
2017-11-09,22:00:00,9.45,9.7,9.45,9.6,5219,0
2017-11-10,16:00:00,9.7,9.895,9.7,9.895,577,0
2017-11-10,17:00:00,9.9,9.9,9.9,9.9,100,0
2017-11-10,18:00:00,9.9,9.95,9.9,9.9,1450,0
2017-11-10,20:00:00,9.85,9.862,9.85,9.862,300,0
2017-11-10,21:00:00,9.85,9.9,9.8,9.9,893,0
2017-11-10,22:00:00,9.85,9.9,9.8,9.85,7382,0
2017-11-13,16:00:00,9.95,9.95,9.825,9.825,1601,0
2017-11-13,17:00:00,9.85,9.9,9.82,9.9,4800,0
2017-11-13,18:00:00,9.955,10,9.86,9.86,940,0
2017-11-13,19:00:00,9.9,9.945,9.9,9.945,551,0
2017-11-13,20:00:00,9.9239,9.95,9.9,9.95,4180,0
2017-11-13,21:00:00,9.95,10,9.9,9.9,3903,0
2017-11-13,22:00:00,9.95,10,9.85,9.95,9262,0
2017-11-14,16:00:00,9.95,9.95,9.85,9.8593,1515,0
2017-11-14,17:00:00,9.9,9.9,9.8,9.85,7200,0
2017-11-14,18:00:00,9.85,9.9,9.8,9.9,5378,0
2017-11-14,19:00:00,9.85,9.85,9.85,9.85,148,0
2017-11-14,20:00:00,9.8347,9.98,9.8347,9.98,20067,0
2017-11-14,21:00:00,9.95,10.3,9.85,10.2,30056,0
2017-11-14,22:00:00,10.25,10.35,10.1,10.25,6728,0
2017-11-15,16:00:00,10.05,10.05,9.85,9.85,7650,0
2017-11-15,17:00:00,9.85,9.995,9.8,9.95,47220,0
2017-11-15,18:00:00,9.85,10,9.85,9.95,3206,0
2017-11-15,19:00:00,9.95,10.05,9.95,9.95,400,0
2017-11-15,20:00:00,10,10.05,9.9,10.05,12915,0
2017-11-15,21:00:00,10,10,9.95,10,1700,0
2017-11-15,22:00:00,10,10,9.9,9.9,8210,0
2017-11-16,16:00:00,9.9,9.9204,9.9,9.9204,2091,0
2017-11-16,17:00:00,9.9,9.9,9.9,9.9,200,0
2017-11-16,18:00:00,9.85,9.9,9.85,9.9,400,0
2017-11-16,19:00:00,9.9,10.15,9.85,10.15,2209,0
2017-11-16,20:00:00,10.1,10.15,10,10,2044,0
2017-11-16,21:00:00,9.95,10,9.9,9.95,3130,0
2017-11-16,22:00:00,9.95,9.95,9.85,9.9,7837,0
2017-11-17,16:00:00,9.8,9.8,9.8,9.8,1361,0
2017-11-17,17:00:00,9.85,9.85,9.8,9.8,4400,0
2017-11-17,18:00:00,9.8142,9.8142,9.8142,9.8142,500,0
2017-11-17,19:00:00,9.825,9.825,9.8,9.825,688,0
2017-11-17,20:00:00,9.825,9.85,9.8,9.8,2100,0
2017-11-17,21:00:00,9.85,9.85,9.8,9.85,2000,0
2017-11-17,22:00:00,9.8,9.85,9.75,9.75,12859,0
2017-11-20,16:00:00,9.8,9.85,9.75,9.75,1624,0
2017-11-20,17:00:00,9.85,9.85,9.8,9.8,1500,0
2017-11-20,18:00:00,9.8,9.8,9.75,9.8,403,0
2017-11-20,19:00:00,9.775,9.775,9.775,9.775,100,0
2017-11-20,20:00:00,9.75,9.85,9.75,9.8,1400,0
2017-11-20,22:00:00,9.8238,9.85,9.8,9.85,7412,0
2017-11-21,16:00:00,9.9248,9.95,9.9248,9.95,1189,0
2017-11-21,17:00:00,9.95,9.95,9.9,9.95,434,0
2017-11-21,18:00:00,9.95,9.95,9.9,9.9,500,0
2017-11-21,19:00:00,10,10,10,10,100,0
2017-11-21,21:00:00,9.995,9.995,9.85,9.95,1639,0
2017-11-21,22:00:00,10,10.1,9.9,10.05,5376,0
2017-11-22,16:00:00,10,10,9.95,9.95,534,0
2017-11-22,17:00:00,10,10.05,10,10,500,0
2017-11-22,18:00:00,10.05,10.05,9.95,10,1374,0
2017-11-22,19:00:00,9.95,9.95,9.95,9.95,100,0
2017-11-22,20:00:00,9.95,9.95,9.9,9.9,300,0
2017-11-22,21:00:00,9.9,9.95,9.9,9.95,200,0
2017-11-22,22:00:00,9.9,9.9,9.75,9.75,7293,0
2017-11-24,16:00:00,9.8,9.8,9.8,9.8,286,0
2017-11-24,17:00:00,9.8,9.8,9.8,9.8,211,0
2017-11-24,19:00:00,9.75,9.8012,9.7,9.7,500,0
2017-11-24,20:00:00,9.8,9.8,9.8,9.8,2049,0
2017-11-27,16:00:00,9.75,9.75,9.7,9.7,4596,0
2017-11-27,17:00:00,9.75,9.8,9.75,9.8,300,0
2017-11-27,18:00:00,9.7998,9.8,9.75,9.8,500,0
2017-11-27,20:00:00,9.8,9.9,9.8,9.9,1313,0
2017-11-27,21:00:00,9.9,9.9,9.85,9.85,400,0
2017-11-27,22:00:00,9.9,9.9,9.75,9.85,2238,0
2017-11-28,16:00:00,10,10,9.85,9.9,3471,0
2017-11-28,18:00:00,9.85,9.9,9.85,9.9,304,0
2017-11-28,19:00:00,9.85,9.85,9.85,9.85,100,0
2017-11-28,20:00:00,9.9,9.9,9.9,9.9,100,0
2017-11-28,21:00:00,9.9,9.9,9.85,9.9,1002,0
2017-11-28,22:00:00,9.9,10,9.85,10,15194,0
2017-11-29,16:00:00,10.15,10.15,10.05,10.05,300,0
2017-11-29,17:00:00,10.2,10.2,10.2,10.2,100,0
2017-11-29,18:00:00,10.2,10.3,10.2,10.2755,1073,0
2017-11-29,19:00:00,10.35,10.35,10.35,10.35,500,0
2017-11-29,20:00:00,10.45,10.45,10.305,10.4,10156,0
2017-11-29,21:00:00,10.45,10.45,10.4,10.45,400,0
2017-11-29,22:00:00,10.45,10.45,10.35,10.4,13884,0
2017-11-30,16:00:00,10.4,10.4,10.25,10.3,956,0
2017-11-30,17:00:00,10.2567,10.301,10,10,2217,0
2017-11-30,18:00:00,10.05,10.15,10,10,2100,0
2017-11-30,19:00:00,10.075,10.15,10,10.1,2489,0
2017-11-30,20:00:00,10.15,10.3,10.1,10.3,19827,0
2017-11-30,21:00:00,10.3,10.3,10.2,10.2,1100,0
2017-11-30,22:00:00,10.2,10.4,10.15,10.15,17806,0
2017-12-01,16:00:00,10.1,10.15,10.05,10.05,9404,0
2017-12-01,17:00:00,10.05,10.075,10,10,4599,0
2017-12-01,18:00:00,10,10,9.75,9.75,3100,0
2017-12-01,19:00:00,9.85,9.85,9.85,9.85,800,0
2017-12-01,20:00:00,9.85,9.85,9.85,9.85,100,0
2017-12-01,22:00:00,9.88,9.9,9.8,9.8,6890,0
2017-12-04,16:00:00,9.8,10.05,9.8,10.05,2087,0
2017-12-04,17:00:00,10,10,9.8,9.8,3632,0
2017-12-04,18:00:00,9.85,9.9,9.75,9.8,958,0
2017-12-04,19:00:00,9.85,9.9,9.85,9.85,31900,0
2017-12-04,20:00:00,9.8,9.85,9.75,9.85,8688,0
2017-12-04,21:00:00,9.85,9.95,9.8,9.95,2877,0
2017-12-04,22:00:00,9.95,9.95,9.7,9.7,12398,0
2017-12-05,16:00:00,9.8,10,9.75,9.85,1469,0
2017-12-05,17:00:00,9.8,10,9.8,9.9,5555,0
2017-12-05,18:00:00,9.9,9.9,9.8738,9.8738,58670,0
2017-12-05,19:00:00,9.9,10.15,9.9,10.15,7115,0
2017-12-05,20:00:00,10.15,10.5,10.15,10.5,7001,0
2017-12-05,21:00:00,10.5,10.5,10.4,10.45,2394,0
2017-12-05,22:00:00,10.45,10.45,10.35,10.35,5413,0
2017-12-06,16:00:00,10.35,10.35,10.25,10.25,1911,0
2017-12-06,17:00:00,10.3,10.45,10.3,10.45,600,0
2017-12-06,18:00:00,10.5,10.55,10.45,10.45,1400,0
2017-12-06,19:00:00,10.5,10.5,10.4,10.5,10500,0
2017-12-06,20:00:00,10.5,10.5,10.35,10.45,1100,0
2017-12-06,21:00:00,10.45,10.45,10.4294,10.45,1030,0
2017-12-06,22:00:00,10.4,10.55,10.3,10.3,28934,0
2017-12-07,16:00:00,10.3,10.4,10.3,10.4,673,0
2017-12-07,17:00:00,10.45,10.6,10.3,10.55,21124,0
2017-12-07,18:00:00,10.55,10.6,10.5427,10.6,5721,0
2017-12-07,19:00:00,10.55,10.6,10.5,10.55,2838,0
2017-12-07,20:00:00,10.5,10.55,10.46,10.5,4800,0
2017-12-07,21:00:00,10.5241,10.55,10.4709,10.55,620,0
2017-12-07,22:00:00,10.45,10.5,10.4,10.4,9807,0
2017-12-08,16:00:00,10.45,10.45,10.45,10.45,419,0
2017-12-08,17:00:00,10.55,10.55,10.45,10.5,1185,0
2017-12-08,18:00:00,10.45,10.5,10.4,10.4,1076,0
2017-12-08,19:00:00,10.5,10.5,10.45,10.45,2600,0
2017-12-08,20:00:00,10.55,10.55,10.4,10.5,400,0
2017-12-08,21:00:00,10.4,10.5,10.4,10.4,8000,0
2017-12-08,22:00:00,10.5,10.6,10.35,10.45,9142,0
2017-12-11,16:00:00,10.45,10.45,10.45,10.45,204,0
2017-12-11,17:00:00,10.35,10.35,10.2,10.25,1700,0
2017-12-11,18:00:00,10.15,10.15,10.15,10.15,300,0
2017-12-11,19:00:00,10.2,10.25,10.2,10.25,200,0
2017-12-11,20:00:00,10.25,10.25,10.2,10.2,200,0
2017-12-11,21:00:00,10.175,10.195,10.175,10.195,2403,0
2017-12-11,22:00:00,10.175,10.2,10.1,10.1,5434,0
2017-12-12,16:00:00,10.2,10.25,10.1,10.15,630,0
2017-12-12,17:00:00,10.2,10.2,10.1,10.1,1000,0
2017-12-12,19:00:00,10.2,10.2,10.1,10.1,400,0
2017-12-12,20:00:00,10.1,10.2,10.1,10.15,10902,0
2017-12-12,21:00:00,10.1,10.15,10.05,10.15,1652,0
2017-12-12,22:00:00,10.15,10.15,10,10,6816,0
2017-12-13,17:00:00,10.05,10.15,10.05,10.15,300,0
2017-12-13,18:00:00,10.15,10.15,10.15,10.15,100,0
2017-12-13,19:00:00,10.1411,10.15,10.1,10.1,3120,0
2017-12-13,20:00:00,10.15,10.15,10.1,10.15,2865,0
2017-12-13,21:00:00,10.1,10.15,10.05,10.05,38150,0
2017-12-13,22:00:00,10.1,10.45,10.1,10.3,11840,0
2017-12-14,16:00:00,10.25,10.55,10.25,10.45,1967,0
2017-12-14,17:00:00,10.4,10.4,10.4,10.4,14261,0
2017-12-14,18:00:00,10.35,10.4,10.25,10.25,9586,0
2017-12-14,19:00:00,10.275,10.275,10.275,10.275,100,0
2017-12-14,20:00:00,10.25,10.25,10.1692,10.1692,1000,0
2017-12-14,21:00:00,10.2746,10.3,10.2746,10.3,864,0
2017-12-14,22:00:00,10.1,10.1,9.95,9.95,6552,0
2017-12-15,16:00:00,9.95,10.15,9.95,10.15,21475,0
2017-12-15,17:00:00,10.15,10.2,10.15,10.2,1565,0
2017-12-15,18:00:00,10.1453,10.25,10.1453,10.25,2920,0
2017-12-15,19:00:00,10.2,10.3,10.2,10.2,844,0
2017-12-15,20:00:00,10.2,10.2,10.1,10.1142,2429,0
2017-12-15,21:00:00,10.1,10.1,9.9,9.95,7880,0
2017-12-15,22:00:00,10,10.05,9.95,10,20131,0
2017-12-18,16:00:00,10,10.2,9.9546,10.15,1148,0
2017-12-18,17:00:00,10.1,10.1,10.05,10.05,1900,0
2017-12-18,18:00:00,10,10.05,10,10,600,0
2017-12-18,19:00:00,10,10.05,10,10.0153,1210,0
2017-12-18,20:00:00,9.98,10,9.9,9.9453,2125,0
2017-12-18,21:00:00,9.95,9.95,9.85,9.95,1217,0
2017-12-18,22:00:00,9.9,9.95,9.8,9.9,8658,0
2017-12-19,16:00:00,9.95,10.25,9.95,10.25,2207,0
2017-12-19,17:00:00,10.1,10.2,10.1,10.2,400,0
2017-12-19,18:00:00,10.2,10.2,10.15,10.2,1100,0
2017-12-19,19:00:00,10.2,10.2,10.1,10.1505,300,0
2017-12-19,20:00:00,10.1,10.1,10.1,10.1,100,0
2017-12-19,21:00:00,10.2,10.2,9.98,10,5032,0
2017-12-19,22:00:00,10,10.1,9.95,10,8699,0
2017-12-20,16:00:00,10,10.1,9.95,10.1,6575,0
2017-12-20,17:00:00,10.2,10.2,10.1,10.1,504,0
2017-12-20,18:00:00,10.1,10.1,10.05,10.05,200,0
2017-12-20,19:00:00,10.1,10.15,10.05,10.1,860,0
2017-12-20,21:00:00,10.088,10.15,10.088,10.15,415,0
2017-12-20,22:00:00,10.1,10.1,9.95,9.95,6918,0
2017-12-21,16:00:00,10,10.05,9.95,10,720,0
2017-12-21,17:00:00,10.05,10.1,10,10.1,3218,0
2017-12-21,18:00:00,10.175,10.2,10.16,10.2,426,0
2017-12-21,19:00:00,10.2,10.2,10.15,10.15,1900,0
2017-12-21,20:00:00,10.25,10.25,10.25,10.25,520,0
2017-12-21,21:00:00,10.25,10.2746,10.25,10.25,657,0
2017-12-21,22:00:00,10.25,10.275,10.15,10.2,6867,0
2017-12-22,16:00:00,10.15,10.15,10,10.05,2130,0
2017-12-22,17:00:00,10,10.1,10,10,408,0
2017-12-22,18:00:00,10,10,10,10,744,0
2017-12-22,19:00:00,10,10,10,10,200,0
2017-12-22,20:00:00,10,10.05,10,10.05,489,0
2017-12-22,21:00:00,10.05,10.05,9.95,9.95,700,0
2017-12-22,22:00:00,10,10,9.75,9.75,8711,0
2017-12-26,16:00:00,9.8,9.8,9.75,9.8,1404,0
2017-12-26,17:00:00,9.75,9.8021,9.75,9.8021,850,0
2017-12-26,18:00:00,9.75,9.775,9.75,9.775,200,0
2017-12-26,19:00:00,9.8,9.8,9.75,9.75,450,0
2017-12-26,21:00:00,9.8,9.85,9.775,9.85,1754,0
2017-12-26,22:00:00,9.9,9.9,9.8,9.8,5023,0
2017-12-27,16:00:00,9.75,9.9303,9.75,9.91,1884,0
2017-12-27,17:00:00,9.95,9.99,9.9,9.9,4235,0
2017-12-27,18:00:00,9.85,9.9,9.8,9.85,1670,0
2017-12-27,19:00:00,10,10,10,10,500,0
2017-12-27,20:00:00,10,10,9.855,9.95,2541,0
2017-12-27,21:00:00,10,10.05,9.95,9.95,5142,0
2017-12-27,22:00:00,10,10.1,9.9,9.95,27026,0
2017-12-28,17:00:00,9.85,9.9,9.85,9.9,1600,0
2017-12-28,18:00:00,9.85,9.9,9.85,9.9,390,0
2017-12-28,19:00:00,9.8643,9.9,9.85,9.9,647,0
2017-12-28,20:00:00,9.85,9.85,9.85,9.85,100,0
2017-12-28,21:00:00,9.9,9.9,9.8196,9.85,7644,0
2017-12-28,22:00:00,9.85,9.9,9.8,9.8,3659,0
2017-12-29,16:00:00,9.8,9.95,9.8,9.9,1668,0
2017-12-29,18:00:00,9.8656,9.9,9.8656,9.9,385,0
2017-12-29,19:00:00,9.82,9.85,9.8,9.8,315,0
2017-12-29,20:00:00,9.8,9.8,9.77,9.77,248,0
2017-12-29,21:00:00,9.7,9.8,9.7,9.75,400,0
2017-12-29,22:00:00,9.7,9.85,9.7,9.7,9226,0
2018-01-02,16:00:00,9.7,9.7,9.65,9.65,6243,0
2018-01-02,17:00:00,9.6595,9.7018,9.65,9.65,1131,0
2018-01-02,18:00:00,9.75,9.75,9.75,9.75,100,0
2018-01-02,19:00:00,9.65,9.65,9.6,9.6,663,0
2018-01-02,20:00:00,9.65,9.7,9.4,9.4,27926,0
2018-01-02,21:00:00,9.4,9.5,9.4,9.5,9259,0
2018-01-02,22:00:00,9.45,9.6022,9.4,9.55,16486,0
2018-01-03,16:00:00,9.55,9.7,9.55,9.7,1307,0
2018-01-03,17:00:00,9.7,9.7149,9.65,9.65,8300,0
2018-01-03,18:00:00,9.7,9.75,9.675,9.75,2300,0
2018-01-03,19:00:00,9.715,9.725,9.6517,9.6609,1785,0
2018-01-03,21:00:00,9.6,9.7,9.6,9.6,557,0
2018-01-03,22:00:00,9.6,9.6,9.55,9.6,2078,0
2018-01-04,16:00:00,9.6,9.6,9.55,9.6,572,0
2018-01-04,17:00:00,9.65,9.7,9.65,9.65,5861,0
2018-01-04,18:00:00,9.65,9.6695,9.65,9.65,1020,0
2018-01-04,19:00:00,9.65,9.75,9.65,9.725,7800,0
2018-01-04,20:00:00,9.75,9.85,9.725,9.8,7130,0
2018-01-04,21:00:00,9.7,9.75,9.7,9.7,9017,0
2018-01-04,22:00:00,9.7,9.85,9.55,9.6,15080,0
2018-01-05,16:00:00,9.6,9.65,9.6,9.65,4770,0
2018-01-05,17:00:00,9.6,9.6,9.6,9.6,200,0
2018-01-05,18:00:00,9.6,9.7,9.6,9.7,315,0
2018-01-05,19:00:00,9.6,9.6,9.6,9.6,200,0
2018-01-05,20:00:00,9.7,9.7,9.7,9.7,200,0
2018-01-05,21:00:00,9.6,9.7308,9.6,9.65,4725,0
2018-01-05,22:00:00,9.65,9.65,9.6,9.6,3915,0
2018-01-08,16:00:00,9.6,9.65,9.35,9.35,3389,0
2018-01-08,17:00:00,9.45,9.5,9.45,9.5,1800,0
2018-01-08,18:00:00,9.6,9.625,9.6,9.6,7839,0
2018-01-08,19:00:00,9.55,9.65,9.55,9.55,600,0
2018-01-08,20:00:00,9.6,9.625,9.55,9.6,500,0
2018-01-08,21:00:00,9.6309,9.7,9.55,9.7,3188,0
2018-01-08,22:00:00,9.65,9.85,9.65,9.75,3735,0
2018-01-09,16:00:00,9.7,9.7,9.55,9.6,527,0
2018-01-09,17:00:00,9.684,9.7149,9.684,9.7149,562,0
2018-01-09,18:00:00,9.75,9.75,9.75,9.75,100,0
2018-01-09,19:00:00,9.75,9.75,9.7,9.7,438,0
2018-01-09,20:00:00,9.65,9.65,9.5,9.5,1350,0
2018-01-09,21:00:00,9.5,9.5,9.4,9.5,3300,0
2018-01-09,22:00:00,9.4303,9.5,9.4,9.4,3498,0
2018-01-10,16:00:00,9.4,9.4,9.4,9.4,200,0
2018-01-10,17:00:00,9.35,9.35,9.3,9.345,4433,0
2018-01-10,18:00:00,9.3,9.3,9.3,9.3,400,0
2018-01-10,19:00:00,9.35,9.4,9.3,9.3,1700,0
2018-01-10,20:00:00,9.3,9.3,9.3,9.3,300,0
2018-01-10,21:00:00,9.395,9.4,9.25,9.25,4280,0
2018-01-10,22:00:00,9.3,9.35,9.05,9.2,10290,0
2018-01-11,16:00:00,9.25,9.3,9.25,9.25,448,0
2018-01-11,17:00:00,9.3,9.35,9.2474,9.3,2551,0
2018-01-11,18:00:00,9.3,9.3,9.25,9.3,2446,0
2018-01-11,19:00:00,9.25,9.25,9.2,9.225,6200,0
2018-01-11,20:00:00,9.2132,9.2132,9.1,9.1,1096,0
2018-01-11,21:00:00,9.1,9.1818,9.1,9.15,834,0
2018-01-11,22:00:00,9.1,9.2,9.1,9.15,6024,0
2018-01-12,16:00:00,9.1,9.25,9.1,9.25,758,0
2018-01-12,17:00:00,9.3,9.3,9.2,9.2,14818,0
2018-01-12,18:00:00,9.2,9.2,9.15,9.2,4240,0
2018-01-12,19:00:00,9.175,9.2,9.15,9.175,600,0
2018-01-12,20:00:00,9.175,9.2,9.15,9.2,4953,0
2018-01-12,21:00:00,9.15,9.15,9.05,9.1,7930,0
2018-01-12,22:00:00,9.125,9.15,9.05,9.1,8011,0
2018-01-16,16:00:00,9.2,9.3,9.2,9.3,1432,0
2018-01-16,17:00:00,9.35,9.45,9.3149,9.425,9200,0
2018-01-16,18:00:00,9.45,9.45,9.4,9.425,4170,0
2018-01-16,19:00:00,9.4,9.45,9.4,9.4,3700,0
2018-01-16,20:00:00,9.45,9.45,9.4,9.45,3228,0
2018-01-16,21:00:00,9.45,9.45,9.35,9.35,16515,0
2018-01-16,22:00:00,9.35,9.35,9.2,9.25,10068,0
2018-01-17,16:00:00,9.35,9.35,9.3,9.3,200,0
2018-01-17,17:00:00,9.3,9.3,9.3,9.3,300,0
2018-01-17,18:00:00,9.35,9.445,9.345,9.4,3195,0
2018-01-17,19:00:00,9.375,9.4,9.35,9.4,5400,0
2018-01-17,20:00:00,9.35,9.45,9.35,9.4,663,0
2018-01-17,21:00:00,9.4313,9.45,9.4,9.4,2420,0
2018-01-17,22:00:00,9.4,9.45,9.35,9.4,20618,0
2018-01-18,16:00:00,9.4,9.4,9.35,9.35,400,0
2018-01-18,17:00:00,9.4,9.575,9.3743,9.5695,20366,0
2018-01-18,18:00:00,9.575,9.575,9.5,9.5,12728,0
2018-01-18,19:00:00,9.5,9.55,9.5,9.5,4613,0
2018-01-18,20:00:00,9.525,9.55,9.5,9.545,14982,0
2018-01-18,21:00:00,9.55,9.575,9.5,9.525,7837,0
2018-01-18,22:00:00,9.53,9.55,9.45,9.5,46446,0
2018-01-19,16:00:00,9.55,9.75,9.55,9.65,11548,0
2018-01-19,17:00:00,9.65,9.85,9.65,9.85,8910,0
2018-01-19,18:00:00,9.77,10,9.77,10,8425,0
2018-01-19,19:00:00,9.955,10.2,9.955,10.15,4597,0
2018-01-19,20:00:00,10.2,10.25,10.2,10.205,1269,0
2018-01-19,21:00:00,10.2,10.35,10.2,10.3,9421,0
2018-01-19,22:00:00,10.325,10.35,10.3,10.35,14064,0
2018-01-22,16:00:00,10.35,10.4,10,10,8116,0
2018-01-22,17:00:00,9.955,10.2,9.955,10.15,8300,0
2018-01-22,18:00:00,10.15,10.2,10.1,10.15,1944,0
2018-01-22,19:00:00,10.25,10.4,10.25,10.4,1557,0
2018-01-22,20:00:00,10.4,10.5,10.4,10.46,1543,0
2018-01-22,21:00:00,10.4742,10.5,10.4,10.45,5568,0
2018-01-22,22:00:00,10.45,10.55,10.4,10.5,5190,0
2018-01-23,16:00:00,10.45,10.45,10.2,10.225,2492,0
2018-01-23,17:00:00,10.2,10.25,10.075,10.1,6062,0
2018-01-23,18:00:00,10.125,10.2,10.1,10.15,988,0
2018-01-23,19:00:00,10.2,10.2,10.15,10.175,1667,0
2018-01-23,20:00:00,10.15,10.2,10.1,10.15,1980,0
2018-01-23,21:00:00,10.15,10.3,10.1,10.3,3703,0
2018-01-23,22:00:00,10.3,10.3,10.15,10.2,5404,0
2018-01-24,16:00:00,10.25,10.32,10.25,10.25,1980,0
2018-01-24,17:00:00,10.2,10.2,9.9608,9.975,8039,0
2018-01-24,18:00:00,9.95,10,9.8,9.8,2368,0
2018-01-24,19:00:00,9.8,9.8,9.525,9.525,2400,0
2018-01-24,20:00:00,9.525,9.6,9.45,9.5,19306,0
2018-01-24,21:00:00,9.5335,9.5335,9.4,9.45,5254,0
2018-01-24,22:00:00,9.475,9.7,9.45,9.65,11633,0
2018-01-25,16:00:00,9.65,9.65,9.6,9.625,3761,0
2018-01-25,17:00:00,9.625,9.9,9.625,9.9,2571,0
2018-01-25,18:00:00,9.9,9.95,9.625,9.625,6669,0
2018-01-25,19:00:00,9.6,9.7,9.525,9.525,3996,0
2018-01-25,20:00:00,9.6,9.65,9.5,9.55,14431,0
2018-01-25,21:00:00,9.55,9.7,9.5,9.6,8387,0
2018-01-25,22:00:00,9.55,9.6,9.55,9.6,8598,0
2018-01-26,16:00:00,9.631,9.631,9.6,9.6,4000,0
2018-01-26,17:00:00,9.75,9.75,9.7,9.7,1000,0
2018-01-26,18:00:00,9.75,9.75,9.7,9.7,1681,0
2018-01-26,19:00:00,9.695,10,9.695,10,3729,0
2018-01-26,20:00:00,10,10,9.95,9.95,689,0
2018-01-26,21:00:00,9.95,10.05,9.95,10.05,2846,0
2018-01-26,22:00:00,10.05,10.15,10.05,10.1,8892,0
2018-01-29,16:00:00,10,10,9.95,9.95,500,0
2018-01-29,17:00:00,9.95,9.95,9.95,9.95,100,0
2018-01-29,19:00:00,10.05,10.05,10.05,10.05,144,0
2018-01-29,20:00:00,10.05,10.05,9.9749,10,2389,0
2018-01-29,21:00:00,9.95,10,9.95,10,1506,0
2018-01-29,22:00:00,10.05,10.15,9.95,10.1,15022,0
2018-01-30,16:00:00,10.05,10.075,10,10.05,534,0
2018-01-30,17:00:00,10.05,10.25,10.05,10.25,1900,0
2018-01-30,18:00:00,10.25,10.25,10.05,10.05,1513,0
2018-01-30,19:00:00,9.95,10.05,9.95,9.988,1491,0
2018-01-30,20:00:00,9.95,9.95,9.85,9.85,2567,0
2018-01-30,21:00:00,9.838,9.9,9.8,9.8196,3282,0
2018-01-30,22:00:00,9.9,9.9,9.7,9.7,3942,0
2018-01-31,17:00:00,9.5,9.7,9.5,9.6,3649,0
2018-01-31,18:00:00,9.65,9.7,9.65,9.65,1161,0
2018-01-31,19:00:00,9.65,9.65,9.65,9.65,300,0
2018-01-31,20:00:00,9.7,9.7,9.65,9.65,300,0
2018-01-31,21:00:00,9.65,9.662,9.6,9.6519,6933,0
2018-01-31,22:00:00,9.65,9.75,9.6,9.65,10956,0
2018-02-01,16:00:00,9.65,9.65,9.6,9.6,4033,0
2018-02-01,17:00:00,9.645,9.65,9.6,9.65,550,0
2018-02-01,18:00:00,9.55,9.65,9.55,9.6002,576,0
2018-02-01,19:00:00,9.6,9.675,9.55,9.675,16550,0
2018-02-01,20:00:00,9.8,10,9.7,9.95,12876,0
2018-02-01,21:00:00,10,10.05,9.9,9.95,3969,0
2018-02-01,22:00:00,10,10.05,10,10,6955,0
2018-02-02,16:00:00,10,11.05,10,10.65,20482,0
2018-02-02,17:00:00,10.5997,10.6,10.5,10.6,10263,0
2018-02-02,18:00:00,10.5,10.55,10.3,10.4,11719,0
2018-02-02,19:00:00,10.3,10.45,10.3,10.45,7359,0
2018-02-02,20:00:00,10.45,10.6,10.35,10.4,12286,0
2018-02-02,21:00:00,10.33,10.3794,10.25,10.25,3976,0
2018-02-02,22:00:00,10.25,10.35,10.1,10.1,21642,0
2018-02-05,16:00:00,10.1,10.15,9.975,10.15,6728,0
2018-02-05,17:00:00,10.1,10.15,10,10.05,6740,0
2018-02-05,18:00:00,10.038,10.095,10,10,5827,0
2018-02-05,19:00:00,10,10,9.7,9.7,3603,0
2018-02-05,20:00:00,9.7017,9.75,9.65,9.65,4052,0
2018-02-05,21:00:00,9.6767,9.6767,9.6,9.6,3307,0
2018-02-05,22:00:00,9.55,9.65,9.55,9.65,17215,0
2018-02-06,16:00:00,9.2,9.7,9.1,9.7,5499,0
2018-02-06,17:00:00,9.75,9.75,9.4,9.545,4368,0
2018-02-06,18:00:00,9.45,9.45,8.7,9.0562,32712,0
2018-02-06,19:00:00,9.062,9.25,9,9.245,5857,0
2018-02-06,20:00:00,9.25,9.3,9.2,9.3,6881,0
2018-02-06,21:00:00,9.275,9.475,9.25,9.45,10813,0
2018-02-06,22:00:00,9.45,9.55,9.4,9.5,49664,0
2018-02-07,16:00:00,9.55,9.8,9.35,9.35,6250,0
2018-02-07,17:00:00,9.395,9.4,9.35,9.4,1189,0
2018-02-07,18:00:00,9.6,9.75,9.6,9.725,9094,0
2018-02-07,19:00:00,9.75,9.85,9.75,9.85,5636,0
2018-02-07,20:00:00,9.7,9.8,9.7,9.75,2702,0
2018-02-07,21:00:00,9.8,9.8,9.7,9.725,9308,0
2018-02-07,22:00:00,9.76,9.8,9.655,9.75,28251,0
2018-02-08,16:00:00,9.8,9.8,9.75,9.75,340,0
2018-02-08,17:00:00,9.7,9.7,9.65,9.65,1530,0
2018-02-08,18:00:00,9.7,9.8,9.7,9.8,1100,0
2018-02-08,19:00:00,9.7485,9.8,9.7485,9.8,977,0
2018-02-08,20:00:00,9.725,9.85,9.725,9.85,1922,0
2018-02-08,21:00:00,9.75,9.85,9.6,9.6,4741,0
2018-02-08,22:00:00,9.7,9.7,9.55,9.55,8161,0
2018-02-09,16:00:00,9.6,9.6,9.555,9.6,675,0
2018-02-09,17:00:00,9.6,9.65,9.2,9.3,7517,0
2018-02-09,18:00:00,9.2,9.35,9.2,9.3,6043,0
2018-02-09,19:00:00,9.3,9.35,9.25,9.3,9446,0
2018-02-09,20:00:00,9.25,9.3172,9.25,9.3,2710,0
2018-02-09,21:00:00,9.25,9.5,9.25,9.4,18309,0
2018-02-09,22:00:00,9.3,9.55,9.3,9.5,28763,0
2018-02-12,16:00:00,9.45,9.45,9.35,9.35,908,0
2018-02-12,17:00:00,9.3314,9.35,9.2,9.35,3700,0
2018-02-12,18:00:00,9.35,9.375,9.35,9.35,1100,0
2018-02-12,19:00:00,9.4,9.45,9.3,9.45,2492,0
2018-02-12,20:00:00,9.45,9.475,9.35,9.45,2326,0
2018-02-12,21:00:00,9.3737,9.45,9.3,9.3,5212,0
2018-02-12,22:00:00,9.25,9.4,9.25,9.3,11569,0
2018-02-13,16:00:00,9.15,9.4,9.15,9.35,300,0
2018-02-13,17:00:00,9.35,9.4,9.35,9.35,493,0
2018-02-13,18:00:00,9.325,9.35,9.325,9.35,375,0
2018-02-13,19:00:00,9.3,9.35,9.3,9.35,3502,0
2018-02-13,20:00:00,9.325,9.35,9.3,9.325,9553,0
2018-02-13,21:00:00,9.325,9.35,9.3,9.325,1600,0
2018-02-13,22:00:00,9.325,9.35,9.3,9.3,3259,0
2018-02-14,16:00:00,9.2,9.25,9.2,9.25,2390,0
2018-02-14,17:00:00,9.3,9.45,9.3,9.445,12100,0
2018-02-14,18:00:00,9.4,9.45,9.3,9.4,7237,0
2018-02-14,19:00:00,9.35,9.45,9.3,9.4,3600,0
2018-02-14,20:00:00,9.35,9.425,9.35,9.4,3999,0
2018-02-14,21:00:00,9.35,9.45,9.35,9.4,5668,0
2018-02-14,22:00:00,9.4,9.7,9.35,9.5,46425,0
2018-02-15,16:00:00,9.55,9.7,9.525,9.65,4807,0
2018-02-15,17:00:00,9.6,9.6,9.4,9.45,1900,0
2018-02-15,18:00:00,9.5,9.5,9.45,9.475,400,0
2018-02-15,19:00:00,9.5,9.5,9.475,9.475,200,0
2018-02-15,20:00:00,9.41,9.45,9.4,9.4,2147,0
2018-02-15,21:00:00,9.45,9.45,9.3803,9.3803,2101,0
2018-02-15,22:00:00,9.4,9.65,9.35,9.55,28194,0
2018-02-16,16:00:00,9.5,9.7,9.5,9.7,1957,0
2018-02-16,17:00:00,9.6,9.6,9.5,9.5,400,0
2018-02-16,18:00:00,9.45,9.45,9.45,9.45,180,0
2018-02-16,19:00:00,9.46,9.55,9.46,9.525,1350,0
2018-02-16,20:00:00,9.45,9.55,9.45,9.55,400,0
2018-02-16,21:00:00,9.47,9.475,9.35,9.38,2195,0
2018-02-16,22:00:00,9.4,9.5,9.35,9.4,6771,0
2018-02-20,16:00:00,9.25,9.4,9.25,9.4,1276,0
2018-02-20,17:00:00,9.35,9.5,9.35,9.5,741,0
2018-02-20,18:00:00,9.4,9.4,9.4,9.4,464,0
2018-02-20,19:00:00,9.355,9.45,9.35,9.35,1186,0
2018-02-20,20:00:00,9.35,9.4,9.3,9.4,1061,0
2018-02-20,21:00:00,9.3,9.35,9.3,9.3,4791,0
2018-02-20,22:00:00,9.35,9.35,9.25,9.25,6479,0
2018-02-21,16:00:00,9.35,9.35,9.2942,9.35,2674,0
2018-02-21,17:00:00,9.275,9.4,9.25,9.35,2880,0
2018-02-21,18:00:00,9.4,9.6,9.3,9.6,117121,0
2018-02-21,19:00:00,9.5,9.662,9.5,9.65,2773,0
2018-02-21,20:00:00,9.6,10.05,9.6,10.05,6494,0
2018-02-21,21:00:00,10,10.0742,9.75,9.75,3118,0
2018-02-21,22:00:00,9.75,9.75,9.5,9.55,8050,0
2018-02-22,16:00:00,9.65,9.65,9.45,9.65,9199,0
2018-02-22,17:00:00,9.65,9.85,9.65,9.8,14500,0
2018-02-22,18:00:00,9.8,10,9.8,10,3795,0
2018-02-22,19:00:00,10.05,10.075,10,10.05,4000,0
2018-02-22,20:00:00,10.1,10.1,10.05,10.05,5700,0
2018-02-22,21:00:00,10.05,10.1,10.025,10.05,3100,0
2018-02-22,22:00:00,10.05,10.15,10,10.05,7953,0
2018-02-23,16:00:00,9.905,10.15,9.905,10.1,660,0
2018-02-23,17:00:00,10.05,10.225,10,10.225,4790,0
2018-02-23,18:00:00,10.2,10.2261,10.2,10.225,1616,0
2018-02-23,19:00:00,10.225,10.25,10.15,10.15,7576,0
2018-02-23,20:00:00,10.15,10.175,10.1,10.1,3000,0
2018-02-23,21:00:00,10.1,10.15,10.1,10.1,1300,0
2018-02-23,22:00:00,10.15,10.15,10.1,10.15,8071,0
2018-02-26,16:00:00,10.2,10.2,10.05,10.05,412,0
2018-02-26,17:00:00,10.05,10.05,10,10,200,0
2018-02-26,18:00:00,10.05,10.1,10.05,10.1,300,0
2018-02-26,19:00:00,10.1,10.25,10,10.25,56209,0
2018-02-26,20:00:00,10.2,10.45,10.15,10.4,5337,0
2018-02-26,21:00:00,10.45,10.5,10.375,10.5,8530,0
2018-02-26,22:00:00,10.5,10.55,10.45,10.55,11519,0
2018-02-27,16:00:00,10.6,10.7,10.6,10.6,5385,0
2018-02-27,17:00:00,10.65,10.65,10.6,10.6,1083,0
2018-02-27,18:00:00,10.65,10.8,10.65,10.65,8450,0
2018-02-27,19:00:00,10.6537,10.6537,10.55,10.5922,2070,0
2018-02-27,20:00:00,10.55,10.55,10.5,10.55,8718,0
2018-02-27,21:00:00,10.5,10.55,10.45,10.45,4128,0
2018-02-27,22:00:00,10.45,10.45,10.2,10.3,8010,0
2018-02-28,16:00:00,10.3,10.312,10.3,10.312,841,0
2018-02-28,17:00:00,10.3,10.3,10.25,10.3,2600,0
2018-02-28,18:00:00,10.25,10.25,10.05,10.2,3061,0
2018-02-28,20:00:00,10.2204,10.2204,10.2,10.2,1200,0
2018-02-28,21:00:00,10.2796,10.32,10.15,10.15,3581,0
2018-02-28,22:00:00,10.2,10.2,9.9,9.9,18838,0
2018-03-01,16:00:00,9.9,10.15,9.9,10.15,955,0
2018-03-01,17:00:00,10,10,9.95,9.975,1000,0
2018-03-01,18:00:00,10,10.05,9.9,9.95,2046,0
2018-03-01,19:00:00,9.95,9.95,9.8,9.8,7177,0
2018-03-01,20:00:00,9.75,9.8,9.55,9.6,19899,0
2018-03-01,21:00:00,9.65,9.65,9.4,9.55,5808,0
2018-03-01,22:00:00,9.55,9.65,9.5,9.55,13025,0
2018-03-02,16:00:00,9.55,9.65,9.55,9.65,400,0
2018-03-02,17:00:00,9.7,9.8,9.7,9.75,1300,0
2018-03-02,18:00:00,9.9,9.9,9.8,9.8,1066,0
2018-03-02,19:00:00,9.8,9.85,9.75,9.775,4491,0
2018-03-02,20:00:00,9.775,9.9,9.775,9.85,6889,0
2018-03-02,21:00:00,9.8,9.925,9.8,9.909,2800,0
2018-03-02,22:00:00,9.85,9.95,9.75,9.8,23435,0
2018-03-05,16:00:00,9.65,9.85,9.65,9.85,2381,0
2018-03-05,17:00:00,9.85,9.96,9.85,9.9,7200,0
2018-03-05,18:00:00,9.85,10.05,9.85,10.05,2752,0
2018-03-05,19:00:00,9.95,10,9.95,10,300,0
2018-03-05,20:00:00,10,10,9.9,9.95,1133,0
2018-03-05,21:00:00,9.95,10,9.9,9.975,2700,0
2018-03-05,22:00:00,10,10.05,9.8,9.8,9434,0
2018-03-06,16:00:00,9.95,9.95,9.95,9.95,1200,0
2018-03-06,17:00:00,9.8,9.9,9.75,9.8,1807,0
2018-03-06,18:00:00,9.75,9.85,9.75,9.85,3200,0
2018-03-06,19:00:00,9.85,9.9,9.75,9.85,1900,0
2018-03-06,20:00:00,9.85,9.85,9.8,9.85,3682,0
2018-03-06,21:00:00,9.9,10,9.85,9.85,9360,0
2018-03-06,22:00:00,10,10,9.9,9.9,16724,0
2018-03-07,16:00:00,9.9044,9.9044,9.75,9.75,2872,0
2018-03-07,17:00:00,9.75,9.9,9.75,9.8,600,0
2018-03-07,18:00:00,9.75,9.85,9.75,9.8,1200,0
2018-03-07,19:00:00,9.85,9.85,9.85,9.85,400,0
2018-03-07,20:00:00,9.85,10,9.85,10,3154,0
2018-03-07,21:00:00,10,10.15,9.9,10.15,2700,0
2018-03-07,22:00:00,10.15,10.25,10,10.1,25865,0
2018-03-08,16:00:00,10.15,10.3,10.1,10.3,5461,0
2018-03-08,17:00:00,10.2,10.2,10.1,10.152,28982,0
2018-03-08,18:00:00,10.15,10.2,10.1,10.175,7912,0
2018-03-08,19:00:00,10.1,10.15,10,10.1,3119,0
2018-03-08,20:00:00,10.1,10.175,10.1,10.125,3500,0
2018-03-08,21:00:00,10.1,10.2,10.1,10.2,5451,0
2018-03-08,22:00:00,10.2,10.3,10.15,10.2,14900,0
2018-03-09,16:00:00,10.35,10.355,10.25,10.355,3974,0
2018-03-09,17:00:00,10.5,10.55,10.4,10.5,8246,0
2018-03-09,18:00:00,10.55,10.55,10.35,10.35,12850,0
2018-03-09,19:00:00,10.35,10.45,10.3,10.45,8372,0
2018-03-09,20:00:00,10.4759,10.8,10.4759,10.705,5262,0
2018-03-09,21:00:00,10.75,10.8,10.7,10.7,1900,0
2018-03-09,22:00:00,10.705,10.8,10.7,10.75,9202,0
2018-03-12,15:00:00,10.9,11.05,10.75,11.05,14264,0
2018-03-12,16:00:00,11.025,11.05,10.95,11.025,4514,0
2018-03-12,17:00:00,11,11.05,10.95,10.95,10240,0
2018-03-12,18:00:00,10.975,11,10.95,10.975,5200,0
2018-03-12,19:00:00,11,11,10.95,10.975,3300,0
2018-03-12,20:00:00,10.975,11.05,10.95,11.05,22220,0
2018-03-12,21:00:00,11.05,11.05,11,11.05,31636,0
2018-03-13,15:00:00,11.05,11.275,11.05,11.275,6842,0
2018-03-13,16:00:00,11.25,11.45,11.2,11.45,4294,0
2018-03-13,17:00:00,11.45,11.45,11.15,11.25,11340,0
2018-03-13,18:00:00,11.35,11.35,11.325,11.35,2230,0
2018-03-13,19:00:00,11.35,11.6,11.35,11.55,17652,0
2018-03-13,20:00:00,11.55,11.6,11.5,11.6,2304,0
2018-03-13,21:00:00,11.55,11.6,11.4,11.4,18524,0
2018-03-14,15:00:00,11.4,11.45,11.4,11.45,476,0
2018-03-14,16:00:00,11.4,11.45,11.35,11.35,1733,0
2018-03-14,17:00:00,11.35,11.45,11.305,11.45,12667,0
2018-03-14,18:00:00,11.45,11.45,11.4,11.4,1500,0
2018-03-14,19:00:00,11.425,11.45,11.4,11.4,7939,0
2018-03-14,20:00:00,11.35,11.45,11.35,11.35,6031,0
2018-03-14,21:00:00,11.4,11.45,11.35,11.45,24053,0
2018-03-15,15:00:00,11.45,11.55,11.45,11.55,2303,0
2018-03-15,16:00:00,11.55,11.6078,11.55,11.6,4054,0
2018-03-15,17:00:00,11.55,11.6,11.45,11.55,65075,0
2018-03-15,18:00:00,11.5,11.55,11.2,11.3,17200,0
2018-03-15,19:00:00,11.25,11.3,11.25,11.3,1800,0
2018-03-15,20:00:00,11.25,11.35,11.25,11.35,8600,0
2018-03-15,21:00:00,11.325,11.4,11.15,11.2,21047,0
2018-03-16,15:00:00,11.25,11.55,11.25,11.5,18040,0
2018-03-16,16:00:00,11.5,11.5,11.45,11.5,5977,0
2018-03-16,17:00:00,11.5,11.85,11.475,11.85,16496,0
2018-03-16,18:00:00,11.85,11.9,11.6,11.6,9868,0
2018-03-16,19:00:00,11.65,11.65,11.55,11.55,2800,0
2018-03-16,20:00:00,11.6,11.65,11.375,11.375,6397,0
2018-03-16,21:00:00,11.4,11.55,11.35,11.35,59544,0
2018-03-19,15:00:00,11.3,11.5,11.3,11.416,8713,0
2018-03-19,16:00:00,11.4,11.45,11.2,11.3,18016,0
2018-03-19,17:00:00,11.325,11.45,11.2,11.3,22036,0
2018-03-19,18:00:00,11.3,11.3,11.2,11.3,1200,0
2018-03-19,19:00:00,11.3,11.45,11.25,11.3,36210,0
2018-03-19,20:00:00,11.3,11.4,11.3,11.35,2167,0
2018-03-19,21:00:00,11.375,11.7,11.3,11.5,58094,0
2018-03-20,15:00:00,11.55,11.75,11.5,11.7,4955,0
2018-03-20,16:00:00,11.7,11.75,11.65,11.75,7085,0
2018-03-20,17:00:00,11.75,11.75,11.7,11.7157,2102,0
2018-03-20,18:00:00,11.75,11.8,11.6497,11.8,5190,0
2018-03-20,19:00:00,11.795,11.95,11.75,11.9,12950,0
2018-03-20,20:00:00,11.85,11.9,11.8,11.9,3081,0
2018-03-20,21:00:00,11.9,11.9,11.7,11.8,17750,0
2018-03-21,15:00:00,11.8,11.85,11.8,11.85,573,0
2018-03-21,16:00:00,11.77,11.85,11.65,11.85,13733,0
2018-03-21,17:00:00,11.85,11.85,11.75,11.8,3900,0
2018-03-21,18:00:00,11.8,11.8,11.7,11.75,4030,0
2018-03-21,19:00:00,11.725,11.75,11.5,11.55,4259,0
2018-03-21,20:00:00,11.55,11.75,11.45,11.6,2801,0
2018-03-21,21:00:00,11.55,11.7,11.55,11.65,15042,0
2018-03-22,15:00:00,11.5,11.6,11.5,11.55,2061,0
2018-03-22,16:00:00,11.6,11.65,11.55,11.55,1159,0
2018-03-22,17:00:00,11.6,11.6,11.45,11.55,1800,0
2018-03-22,18:00:00,11.55,11.6,11.55,11.575,1170,0
2018-03-22,19:00:00,11.55,11.6,11.5,11.55,5535,0
2018-03-22,20:00:00,11.5,11.55,11.45,11.55,1756,0
2018-03-22,21:00:00,11.5,11.55,11.4,11.5,7207,0
2018-03-23,15:00:00,11.45,11.55,11.2,11.55,1639,0
2018-03-23,16:00:00,11.5,11.5,11.35,11.35,2725,0
2018-03-23,17:00:00,11.4,11.45,11.35,11.35,3202,0
2018-03-23,18:00:00,11.35,11.35,11.3,11.3,4974,0
2018-03-23,19:00:00,11.3,11.35,11.3,11.3,2900,0
2018-03-23,20:00:00,11.25,11.3,11.2,11.2,3068,0
2018-03-23,21:00:00,11.2,11.2,10.95,11,16250,0
2018-03-26,16:00:00,11.25,11.35,11.25,11.275,2923,0
2018-03-26,17:00:00,11.3,11.35,11.2,11.35,8543,0
2018-03-26,18:00:00,11.4,11.4,11.25,11.35,3704,0
2018-03-26,19:00:00,11.35,11.35,11.275,11.35,3403,0
2018-03-26,20:00:00,11.4,11.55,11.4,11.5,5422,0
2018-03-26,21:00:00,11.5,11.65,11.5,11.6,7630,0
2018-03-26,22:00:00,11.6,11.65,11.5,11.55,65245,0
2018-03-27,16:00:00,11.5,11.5,11.4,11.4,2456,0
2018-03-27,17:00:00,11.55,11.55,11.25,11.55,3095,0
2018-03-27,18:00:00,11.55,11.55,11.45,11.55,11267,0
2018-03-27,19:00:00,11.55,11.55,11.4,11.5,9142,0
2018-03-27,20:00:00,11.5,11.55,11.45,11.45,1500,0
2018-03-27,21:00:00,11.45,11.45,11.3,11.35,2240,0
2018-03-27,22:00:00,11.35,11.35,11.25,11.3,3830,0
2018-03-28,16:00:00,11.35,11.45,11.225,11.225,2783,0
2018-03-28,17:00:00,11.3,11.3,11.2,11.2,6918,0
2018-03-28,18:00:00,11.15,11.15,11,11.05,3511,0
2018-03-28,19:00:00,11.05,11.05,11,11,2514,0
2018-03-28,20:00:00,10.95,11,10.95,10.95,5024,0
2018-03-28,21:00:00,10.95,10.95,10.75,10.95,3278,0
2018-03-28,22:00:00,10.95,11.05,10.85,11,12629,0
2018-03-29,16:00:00,11.05,11.1,11.05,11.1,2006,0
2018-03-29,17:00:00,11.1,11.1,11,11.05,1372,0
2018-03-29,18:00:00,11,11.05,10.95,11.05,1100,0
2018-03-29,19:00:00,11.05,11.3,11,11.3,4236,0
2018-03-29,20:00:00,11.275,11.3,11.2,11.225,2267,0
2018-03-29,21:00:00,11.225,11.25,11.2,11.25,6054,0
2018-03-29,22:00:00,11.25,11.525,11.2,11.45,29842,0
