Date,Time,Open,High,Low,Close,Volume,OpenInt
2017-09-01,16:00:00,9.714,9.724,9.695,9.695,23210,0
2017-09-01,17:00:00,9.712,9.721,9.695,9.721,11759,0
2017-09-01,19:00:00,9.695,9.713,9.687,9.712,8428,0
2017-09-01,20:00:00,9.714,9.724,9.705,9.706,8699,0
2017-09-01,21:00:00,9.714,9.724,9.714,9.714,3450,0
2017-09-01,22:00:00,9.705,9.711,9.695,9.695,1576,0
2017-09-05,16:00:00,9.724,9.724,9.724,9.724,5564,0
2017-09-05,17:00:00,9.705,9.724,9.701,9.721,31898,0
2017-09-05,18:00:00,9.724,9.744,9.721,9.734,26078,0
2017-09-05,19:00:00,9.734,9.744,9.734,9.734,11858,0
2017-09-05,20:00:00,9.734,9.744,9.734,9.744,19133,0
2017-09-05,21:00:00,9.734,9.739,9.724,9.724,31372,0
2017-09-05,22:00:00,9.733,9.744,9.714,9.734,29639,0
2017-09-06,16:00:00,9.731,9.731,9.724,9.724,14910,0
2017-09-06,17:00:00,9.714,9.718,9.686,9.695,46966,0
2017-09-06,18:00:00,9.695,9.704,9.675,9.695,18383,0
2017-09-06,19:00:00,9.699,9.705,9.675,9.692,26009,0
2017-09-06,20:00:00,9.695,9.695,9.665,9.694,24804,0
2017-09-06,21:00:00,9.691,9.695,9.685,9.695,15954,0
2017-09-06,22:00:00,9.695,9.714,9.685,9.705,41694,0
2017-09-07,16:00:00,9.705,9.724,9.705,9.705,2296,0
2017-09-07,17:00:00,9.705,9.705,9.665,9.675,43279,0
2017-09-07,18:00:00,9.675,9.695,9.665,9.695,22944,0
2017-09-07,19:00:00,9.685,9.705,9.675,9.705,24965,0
2017-09-07,20:00:00,9.695,9.714,9.665,9.705,17004,0
2017-09-07,21:00:00,9.705,9.714,9.705,9.705,3490,0
2017-09-07,22:00:00,9.705,9.724,9.705,9.705,11970,0
2017-09-08,16:00:00,9.734,9.734,9.705,9.705,8364,0
2017-09-08,17:00:00,9.695,9.734,9.695,9.734,18571,0
2017-09-08,18:00:00,9.734,9.734,9.705,9.714,19442,0
2017-09-08,19:00:00,9.714,9.734,9.695,9.734,20449,0
2017-09-08,20:00:00,9.734,9.734,9.705,9.714,7301,0
2017-09-08,21:00:00,9.714,9.714,9.695,9.714,28754,0
2017-09-08,22:00:00,9.695,9.714,9.695,9.714,1449,0
2017-09-11,16:00:00,9.734,9.734,9.707,9.734,3364,0
2017-09-11,17:00:00,9.714,9.724,9.705,9.714,14868,0
2017-09-11,18:00:00,9.713,9.714,9.695,9.695,19136,0
2017-09-11,19:00:00,9.704,9.72,9.702,9.72,5630,0
2017-09-11,20:00:00,9.724,9.724,9.705,9.71,14343,0
2017-09-11,21:00:00,9.71,9.714,9.685,9.695,22438,0
2017-09-11,22:00:00,9.695,9.705,9.695,9.695,8573,0
2017-09-12,16:00:00,9.685,9.685,9.685,9.685,8963,0
2017-09-12,17:00:00,9.701,9.705,9.692,9.705,4349,0
2017-09-12,18:00:00,9.696,9.705,9.696,9.705,9133,0
2017-09-12,19:00:00,9.695,9.705,9.695,9.695,23640,0
2017-09-12,20:00:00,9.695,9.702,9.685,9.685,11723,0
2017-09-12,21:00:00,9.685,9.703,9.675,9.685,14187,0
2017-09-12,22:00:00,9.685,9.695,9.675,9.685,27400,0
2017-09-13,16:00:00,9.685,9.688,9.685,9.688,1744,0
2017-09-13,17:00:00,9.695,9.705,9.665,9.685,27443,0
2017-09-13,18:00:00,9.695,9.703,9.687,9.687,11582,0
2017-09-13,19:00:00,9.686,9.705,9.686,9.7,10336,0
2017-09-13,20:00:00,9.702,9.705,9.702,9.702,6627,0
2017-09-13,21:00:00,9.705,9.705,9.695,9.698,20454,0
2017-09-13,22:00:00,9.695,9.724,9.695,9.705,22856,0
2017-09-14,16:00:00,9.734,9.734,9.714,9.714,5332,0
2017-09-14,17:00:00,9.714,9.725,9.714,9.725,7374,0
2017-09-14,18:00:00,9.725,9.734,9.724,9.731,6801,0
2017-09-14,19:00:00,9.724,9.724,9.695,9.714,26902,0
2017-09-14,20:00:00,9.714,9.724,9.714,9.724,8859,0
2017-09-14,21:00:00,9.723,9.724,9.711,9.724,9273,0
2017-09-14,22:00:00,9.714,9.724,9.714,9.722,9101,0
2017-09-15,17:00:00,9.734,9.773,9.734,9.773,41204,0
2017-09-15,18:00:00,9.773,9.81,9.734,9.81,37321,0
2017-09-15,19:00:00,9.81,9.81,9.763,9.763,47108,0
2017-09-15,20:00:00,9.783,9.792,9.776,9.792,12711,0
2017-09-15,21:00:00,9.792,9.792,9.744,9.753,19274,0
2017-09-15,22:00:00,9.753,9.763,9.724,9.724,41200,0
2017-09-18,16:00:00,9.753,9.753,9.746,9.749,3616,0
2017-09-18,17:00:00,9.753,9.763,9.734,9.734,13736,0
2017-09-18,18:00:00,9.744,9.753,9.734,9.753,14790,0
2017-09-18,19:00:00,9.734,9.753,9.734,9.753,10975,0
2017-09-18,20:00:00,9.753,9.763,9.734,9.763,6363,0
2017-09-18,21:00:00,9.763,9.773,9.744,9.76,7965,0
2017-09-18,22:00:00,9.772,9.773,9.753,9.766,16685,0
2017-09-19,16:00:00,9.744,9.763,9.744,9.756,6480,0
2017-09-19,17:00:00,9.753,9.753,9.744,9.745,6286,0
2017-09-19,18:00:00,9.752,9.753,9.724,9.744,19473,0
2017-09-19,19:00:00,9.734,9.753,9.728,9.728,10613,0
2017-09-19,20:00:00,9.727,9.753,9.724,9.753,9995,0
2017-09-19,21:00:00,9.753,9.753,9.734,9.753,10898,0
2017-09-19,22:00:00,9.753,9.773,9.744,9.763,18863,0
2017-09-20,16:00:00,9.773,9.783,9.773,9.773,5730,0
2017-09-20,17:00:00,9.783,9.81,9.763,9.786,111645,0
2017-09-20,18:00:00,9.773,9.8,9.773,9.8,10176,0
2017-09-20,19:00:00,9.795,9.795,9.763,9.773,14812,0
2017-09-20,20:00:00,9.773,9.792,9.753,9.763,21125,0
2017-09-20,21:00:00,9.763,9.792,9.763,9.78,20336,0
2017-09-20,22:00:00,9.783,9.8,9.763,9.8,14683,0
2017-09-21,16:00:00,9.773,9.773,9.773,9.773,1031,0
2017-09-21,17:00:00,9.772,9.808,9.772,9.795,24439,0
2017-09-21,18:00:00,9.793,9.793,9.782,9.783,9480,0
2017-09-21,19:00:00,9.783,9.787,9.763,9.779,14129,0
2017-09-21,20:00:00,9.792,9.792,9.773,9.775,3916,0
2017-09-21,21:00:00,9.773,9.786,9.77,9.77,3131,0
2017-09-21,22:00:00,9.763,9.773,9.763,9.771,10972,0
2017-09-22,16:00:00,9.783,9.788,9.783,9.786,8673,0
2017-09-22,17:00:00,9.783,9.783,9.759,9.759,10810,0
2017-09-22,18:00:00,9.764,9.773,9.764,9.773,1236,0
2017-09-22,19:00:00,9.763,9.773,9.763,9.763,12139,0
2017-09-22,20:00:00,9.753,9.763,9.753,9.754,14117,0
2017-09-22,21:00:00,9.758,9.773,9.758,9.773,3504,0
2017-09-22,22:00:00,9.763,9.773,9.753,9.753,21312,0
2017-09-25,16:00:00,9.763,9.773,9.763,9.773,473,0
2017-09-25,17:00:00,9.773,9.773,9.763,9.763,15147,0
2017-09-25,18:00:00,9.763,9.763,9.753,9.762,4722,0
2017-09-25,19:00:00,9.762,9.773,9.753,9.768,9902,0
2017-09-25,20:00:00,9.773,9.783,9.753,9.783,11976,0
2017-09-25,21:00:00,9.792,9.8,9.783,9.792,13721,0
2017-09-25,22:00:00,9.792,9.792,9.764,9.773,30395,0
2017-09-26,16:00:00,9.792,9.792,9.773,9.773,1546,0
2017-09-26,17:00:00,9.8,9.8,9.778,9.783,17811,0
2017-09-26,18:00:00,9.783,9.783,9.744,9.744,33285,0
2017-09-26,19:00:00,9.752,9.754,9.744,9.744,19418,0
2017-09-26,20:00:00,9.752,9.753,9.744,9.753,8347,0
2017-09-26,21:00:00,9.75,9.773,9.734,9.773,10648,0
2017-09-26,22:00:00,9.764,9.773,9.753,9.763,5014,0
2017-09-27,16:00:00,9.753,9.763,9.744,9.744,10704,0
2017-09-27,17:00:00,9.771,9.771,9.744,9.744,3051,0
2017-09-27,18:00:00,9.734,9.753,9.734,9.753,5469,0
2017-09-27,19:00:00,9.744,9.753,9.744,9.744,9573,0
2017-09-27,20:00:00,9.752,9.753,9.749,9.749,1236,0
2017-09-27,21:00:00,9.754,9.758,9.734,9.734,16252,0
2017-09-27,22:00:00,9.743,9.744,9.734,9.734,3637,0
2017-09-28,16:00:00,9.744,9.758,9.744,9.753,3069,0
2017-09-28,17:00:00,9.763,9.763,9.753,9.753,1708,0
2017-09-28,18:00:00,9.756,9.773,9.756,9.773,4226,0
2017-09-28,19:00:00,9.773,9.773,9.764,9.773,3706,0
2017-09-28,20:00:00,9.773,9.783,9.764,9.783,8728,0
2017-09-28,21:00:00,9.783,9.783,9.76,9.762,8449,0
2017-09-28,22:00:00,9.763,9.783,9.76,9.783,7084,0
2017-09-29,16:00:00,9.744,9.772,9.744,9.772,9116,0
2017-09-29,17:00:00,9.763,9.773,9.753,9.753,10201,0
2017-09-29,18:00:00,9.763,9.792,9.763,9.792,21844,0
2017-09-29,19:00:00,9.773,9.792,9.763,9.763,19021,0
2017-09-29,20:00:00,9.763,9.792,9.763,9.763,6126,0
2017-09-29,21:00:00,9.792,9.792,9.763,9.773,9377,0
2017-09-29,22:00:00,9.773,9.792,9.773,9.773,36669,0
2017-10-02,16:00:00,9.792,9.792,9.792,9.792,3348,0
2017-10-02,17:00:00,9.779,9.792,9.763,9.773,20621,0
2017-10-02,18:00:00,9.783,9.783,9.773,9.773,4004,0
2017-10-02,19:00:00,9.78,9.783,9.773,9.78,10573,0
2017-10-02,20:00:00,9.773,9.773,9.773,9.773,860,0
2017-10-02,21:00:00,9.776,9.792,9.776,9.792,6110,0
2017-10-02,22:00:00,9.792,9.792,9.774,9.783,15952,0
2017-10-03,16:00:00,9.792,9.792,9.788,9.788,21520,0
2017-10-03,17:00:00,9.785,9.792,9.776,9.792,8709,0
2017-10-03,18:00:00,9.787,9.788,9.783,9.788,482,0
2017-10-03,19:00:00,9.786,9.788,9.773,9.773,4122,0
2017-10-03,20:00:00,9.773,9.792,9.773,9.783,4635,0
2017-10-03,21:00:00,9.792,9.792,9.783,9.783,15399,0
2017-10-03,22:00:00,9.783,9.792,9.773,9.792,16883,0
2017-10-04,16:00:00,9.783,9.785,9.783,9.785,3967,0
2017-10-04,17:00:00,9.79,9.8,9.79,9.799,10274,0
2017-10-04,18:00:00,9.792,9.8,9.792,9.793,29092,0
2017-10-04,19:00:00,9.8,9.8,9.783,9.8,9490,0
2017-10-04,20:00:00,9.784,9.8,9.773,9.773,16594,0
2017-10-04,21:00:00,9.792,9.792,9.773,9.773,31130,0
2017-10-04,22:00:00,9.776,9.8,9.773,9.8,23982,0
2017-10-05,16:00:00,9.8,9.8,9.792,9.8,3121,0
2017-10-05,17:00:00,9.784,9.8,9.783,9.783,35234,0
2017-10-05,18:00:00,9.783,9.792,9.773,9.773,27771,0
2017-10-05,19:00:00,9.788,9.792,9.778,9.792,8809,0
2017-10-05,20:00:00,9.783,9.783,9.763,9.783,8553,0
2017-10-05,21:00:00,9.783,9.783,9.763,9.763,7759,0
2017-10-05,22:00:00,9.76,9.783,9.753,9.783,10817,0
2017-10-06,16:00:00,9.783,9.783,9.783,9.783,105,0
2017-10-06,17:00:00,9.792,9.792,9.773,9.773,10695,0
2017-10-06,18:00:00,9.783,9.783,9.773,9.783,8862,0
2017-10-06,19:00:00,9.783,9.792,9.773,9.78,4431,0
2017-10-06,20:00:00,9.792,9.792,9.779,9.792,4420,0
2017-10-06,21:00:00,9.773,9.792,9.773,9.783,4693,0
2017-10-06,22:00:00,9.797,9.8,9.792,9.793,3256,0
2017-10-09,17:00:00,9.783,9.783,9.773,9.773,2782,0
2017-10-09,18:00:00,9.778,9.783,9.763,9.783,8347,0
2017-10-09,19:00:00,9.777,9.783,9.763,9.783,7490,0
2017-10-09,20:00:00,9.778,9.8,9.778,9.8,34478,0
2017-10-09,21:00:00,9.797,9.81,9.797,9.807,11521,0
2017-10-09,22:00:00,9.8,9.81,9.787,9.792,7842,0
2017-10-10,16:00:00,9.81,9.81,9.798,9.798,3298,0
2017-10-10,17:00:00,9.792,9.8,9.792,9.8,15087,0
2017-10-10,18:00:00,9.792,9.8,9.792,9.8,3183,0
2017-10-10,19:00:00,9.792,9.8,9.783,9.795,14611,0
2017-10-10,20:00:00,9.792,9.8,9.792,9.8,16549,0
2017-10-10,21:00:00,9.797,9.8,9.753,9.753,36895,0
2017-10-10,22:00:00,9.763,9.79,9.734,9.753,53458,0
2017-10-11,16:00:00,9.763,9.763,9.734,9.734,5711,0
2017-10-11,17:00:00,9.744,9.753,9.734,9.753,10613,0
2017-10-11,18:00:00,9.763,9.773,9.753,9.753,22849,0
2017-10-11,19:00:00,9.753,9.783,9.734,9.783,11130,0
2017-10-11,20:00:00,9.783,9.792,9.767,9.783,8862,0
2017-10-11,21:00:00,9.763,9.81,9.753,9.8,52717,0
2017-10-11,22:00:00,9.8,9.81,9.783,9.81,37875,0
2017-10-12,16:00:00,9.85,9.85,9.792,9.8,1912,0
2017-10-12,17:00:00,9.8,9.8,9.753,9.773,69850,0
2017-10-12,18:00:00,9.782,9.792,9.766,9.779,48648,0
2017-10-12,19:00:00,9.773,9.82,9.763,9.813,32627,0
2017-10-12,20:00:00,9.8,9.822,9.8,9.81,17241,0
2017-10-12,21:00:00,9.81,9.81,9.81,9.81,6460,0
2017-10-12,22:00:00,9.82,9.82,9.806,9.81,5884,0
2017-10-13,16:00:00,9.83,9.83,9.81,9.81,7691,0
2017-10-13,17:00:00,9.83,9.85,9.83,9.85,16072,0
2017-10-13,18:00:00,9.84,9.85,9.792,9.81,28736,0
2017-10-13,19:00:00,9.84,9.84,9.825,9.84,8174,0
2017-10-13,20:00:00,9.82,9.85,9.81,9.85,8612,0
2017-10-13,21:00:00,9.85,9.85,9.81,9.81,23791,0
2017-10-13,22:00:00,9.818,9.84,9.81,9.84,11020,0
2017-10-16,16:00:00,9.8,9.81,9.8,9.81,8829,0
2017-10-16,17:00:00,9.82,9.83,9.82,9.828,10655,0
2017-10-16,18:00:00,9.83,9.83,9.82,9.83,5725,0
2017-10-16,19:00:00,9.83,9.83,9.823,9.83,3225,0
2017-10-16,20:00:00,9.83,9.83,9.82,9.83,14813,0
2017-10-16,21:00:00,9.83,9.844,9.83,9.844,9685,0
2017-10-16,22:00:00,9.849,9.859,9.84,9.854,8102,0
2017-10-17,16:00:00,9.859,9.859,9.82,9.82,5179,0
2017-10-17,17:00:00,9.85,9.85,9.83,9.84,4707,0
2017-10-17,19:00:00,9.85,9.859,9.85,9.859,17927,0
2017-10-17,20:00:00,9.859,9.859,9.859,9.859,1410,0
2017-10-17,21:00:00,9.859,9.879,9.85,9.859,11412,0
2017-10-17,22:00:00,9.869,9.879,9.854,9.869,18806,0
2017-10-18,16:00:00,9.869,9.869,9.82,9.85,14133,0
2017-10-18,17:00:00,9.82,9.869,9.82,9.856,23071,0
2017-10-18,18:00:00,9.85,9.869,9.845,9.869,21895,0
2017-10-18,19:00:00,9.864,9.869,9.82,9.82,17037,0
2017-10-18,20:00:00,9.82,9.85,9.82,9.84,21001,0
2017-10-18,21:00:00,9.859,9.859,9.84,9.859,9412,0
2017-10-18,22:00:00,9.859,9.859,9.82,9.82,21994,0
2017-10-19,16:00:00,9.81,9.81,9.8,9.8,6255,0
2017-10-19,17:00:00,9.8,9.84,9.8,9.82,20651,0
2017-10-19,18:00:00,9.83,9.859,9.823,9.834,35624,0
2017-10-19,19:00:00,9.839,9.859,9.834,9.84,22212,0
2017-10-19,20:00:00,9.84,9.85,9.82,9.83,24045,0
2017-10-19,21:00:00,9.84,9.84,9.81,9.82,10016,0
2017-10-19,22:00:00,9.82,9.83,9.81,9.82,8101,0
2017-10-20,16:00:00,9.84,9.84,9.82,9.82,7178,0
2017-10-20,17:00:00,9.825,9.859,9.825,9.859,52287,0
2017-10-20,18:00:00,9.858,9.869,9.83,9.83,46761,0
2017-10-20,19:00:00,9.835,9.841,9.835,9.841,10029,0
2017-10-20,20:00:00,9.84,9.859,9.84,9.859,9279,0
2017-10-20,21:00:00,9.869,9.889,9.869,9.889,24048,0
2017-10-20,22:00:00,9.889,9.899,9.869,9.879,32243,0
2017-10-23,16:00:00,9.879,9.879,9.866,9.866,3635,0
2017-10-23,17:00:00,9.869,9.872,9.86,9.869,7679,0
2017-10-23,18:00:00,9.879,9.899,9.859,9.869,19843,0
2017-10-23,19:00:00,9.869,9.879,9.85,9.859,24213,0
2017-10-23,20:00:00,9.859,9.879,9.854,9.879,7742,0
2017-10-23,21:00:00,9.879,9.889,9.859,9.889,14338,0
2017-10-23,22:00:00,9.889,9.889,9.85,9.859,36188,0
2017-10-24,16:00:00,9.869,9.869,9.869,9.869,1107,0
2017-10-24,17:00:00,9.859,9.863,9.85,9.85,8408,0
2017-10-24,18:00:00,9.85,9.869,9.85,9.859,4258,0
2017-10-24,19:00:00,9.85,9.858,9.85,9.85,6203,0
2017-10-24,20:00:00,9.854,9.869,9.83,9.869,33848,0
2017-10-24,21:00:00,9.869,9.869,9.851,9.862,7544,0
2017-10-24,22:00:00,9.85,9.854,9.83,9.83,16923,0
2017-10-25,16:00:00,9.83,9.83,9.83,9.83,5206,0
2017-10-25,17:00:00,9.84,9.84,9.81,9.828,15352,0
2017-10-25,18:00:00,9.821,9.83,9.81,9.83,17028,0
2017-10-25,19:00:00,9.823,9.869,9.82,9.852,23361,0
2017-10-25,20:00:00,9.859,9.859,9.848,9.848,8619,0
2017-10-25,21:00:00,9.81,9.83,9.8,9.8,14552,0
2017-10-25,22:00:00,9.8,9.81,9.783,9.783,56068,0
2017-10-26,16:00:00,9.8,9.8,9.795,9.8,6665,0
2017-10-26,17:00:00,9.8,9.81,9.773,9.773,48637,0
2017-10-26,18:00:00,9.774,9.782,9.773,9.773,7884,0
2017-10-26,19:00:00,9.782,9.783,9.773,9.773,15135,0
2017-10-26,20:00:00,9.782,9.783,9.773,9.783,16400,0
2017-10-26,21:00:00,9.783,9.783,9.782,9.783,2050,0
2017-10-26,22:00:00,9.783,9.8,9.763,9.763,21023,0
2017-10-27,16:00:00,9.783,9.783,9.783,9.783,3608,0
2017-10-27,17:00:00,9.791,9.8,9.783,9.792,18489,0
2017-10-27,18:00:00,9.799,9.8,9.792,9.792,1025,0
2017-10-27,19:00:00,9.789,9.789,9.783,9.783,1640,0
2017-10-27,20:00:00,9.792,9.81,9.783,9.792,8922,0
2017-10-27,21:00:00,9.789,9.82,9.783,9.82,35702,0
2017-10-27,22:00:00,9.815,9.83,9.797,9.8,11894,0
2017-10-30,15:00:00,9.792,9.83,9.792,9.83,7507,0
2017-10-30,16:00:00,9.82,9.82,9.783,9.8,37135,0
2017-10-30,17:00:00,9.795,9.8,9.795,9.797,5346,0
2017-10-30,18:00:00,9.797,9.797,9.797,9.797,118,0
2017-10-30,19:00:00,9.8,9.8,9.792,9.792,8818,0
2017-10-30,20:00:00,9.8,9.82,9.8,9.816,23915,0
2017-10-30,21:00:00,9.82,9.83,9.81,9.812,24301,0
2017-10-31,15:00:00,9.82,9.827,9.82,9.827,2564,0
2017-10-31,16:00:00,9.83,9.83,9.8,9.822,22805,0
2017-10-31,17:00:00,9.82,9.82,9.803,9.81,6099,0
2017-10-31,18:00:00,9.81,9.81,9.8,9.8,4542,0
2017-10-31,19:00:00,9.807,9.839,9.8,9.824,40868,0
2017-10-31,20:00:00,9.82,9.84,9.82,9.833,12413,0
2017-10-31,21:00:00,9.84,9.85,9.8,9.82,37656,0
2017-11-01,15:00:00,9.859,9.859,9.82,9.825,16097,0
2017-11-01,16:00:00,9.829,9.859,9.829,9.849,17435,0
2017-11-01,17:00:00,9.841,9.85,9.84,9.843,8786,0
2017-11-01,18:00:00,9.84,9.84,9.81,9.828,32718,0
2017-11-01,19:00:00,9.839,9.84,9.81,9.81,4717,0
2017-11-01,20:00:00,9.839,9.85,9.81,9.84,35269,0
2017-11-01,21:00:00,9.84,9.85,9.84,9.85,14764,0
2017-11-02,15:00:00,9.83,9.843,9.82,9.83,3538,0
2017-11-02,16:00:00,9.837,9.837,9.83,9.83,315,0
2017-11-02,17:00:00,9.84,9.85,9.84,9.84,1098,0
2017-11-02,18:00:00,9.846,9.85,9.84,9.85,615,0
2017-11-02,19:00:00,9.85,9.859,9.84,9.84,29379,0
2017-11-02,20:00:00,9.85,9.869,9.84,9.869,19312,0
2017-11-02,21:00:00,9.864,9.869,9.85,9.869,21125,0
2017-11-03,15:00:00,9.83,9.84,9.83,9.832,4631,0
2017-11-03,16:00:00,9.839,9.84,9.82,9.83,9376,0
2017-11-03,17:00:00,9.83,9.84,9.824,9.837,28019,0
2017-11-03,18:00:00,9.84,9.859,9.839,9.859,4862,0
2017-11-03,19:00:00,9.832,9.869,9.832,9.869,5998,0
2017-11-03,20:00:00,9.869,9.879,9.864,9.879,3667,0
2017-11-03,21:00:00,9.879,9.879,9.859,9.869,10465,0
2017-11-06,16:00:00,9.85,9.87,9.85,9.87,2667,0
2017-11-06,17:00:00,9.85,9.859,9.84,9.852,13027,0
2017-11-06,18:00:00,9.869,9.869,9.84,9.84,3497,0
2017-11-06,19:00:00,9.845,9.879,9.82,9.869,20983,0
2017-11-06,20:00:00,9.864,9.879,9.852,9.852,3889,0
2017-11-06,21:00:00,9.854,9.87,9.854,9.866,5140,0
2017-11-06,22:00:00,9.85,9.869,9.85,9.869,19451,0
2017-11-07,16:00:00,9.85,9.85,9.85,9.85,2050,0
2017-11-07,17:00:00,9.879,9.879,9.85,9.85,3179,0
2017-11-07,19:00:00,9.83,9.845,9.81,9.81,13140,0
2017-11-07,20:00:00,9.81,9.83,9.8,9.8,26412,0
2017-11-07,21:00:00,9.8,9.81,9.792,9.792,19051,0
2017-11-07,22:00:00,9.792,9.82,9.792,9.8,22534,0
2017-11-08,16:00:00,9.82,9.82,9.82,9.82,2050,0
2017-11-08,17:00:00,9.81,9.82,9.792,9.8,11934,0
2017-11-08,18:00:00,9.8,9.82,9.792,9.82,7252,0
2017-11-08,19:00:00,9.81,9.82,9.8,9.81,10295,0
2017-11-08,20:00:00,9.81,9.82,9.81,9.81,3756,0
2017-11-08,21:00:00,9.81,9.82,9.81,9.81,14149,0
2017-11-08,22:00:00,9.815,9.82,9.8,9.81,14679,0
2017-11-09,16:00:00,9.81,9.82,9.81,9.82,620,0
2017-11-09,17:00:00,9.83,9.83,9.783,9.792,30210,0
2017-11-09,18:00:00,9.787,9.792,9.783,9.783,9332,0
2017-11-09,19:00:00,9.783,9.792,9.783,9.783,12612,0
2017-11-09,20:00:00,9.783,9.792,9.783,9.783,4406,0
2017-11-09,21:00:00,9.783,9.792,9.783,9.783,13274,0
2017-11-09,22:00:00,9.783,9.792,9.783,9.783,5351,0
2017-11-10,16:00:00,9.783,9.783,9.783,9.783,450,0
2017-11-10,17:00:00,9.791,9.8,9.783,9.8,38105,0
2017-11-10,18:00:00,9.785,9.8,9.763,9.773,33463,0
2017-11-10,19:00:00,9.763,9.782,9.763,9.763,6086,0
2017-11-10,20:00:00,9.763,9.773,9.763,9.763,5640,0
2017-11-10,21:00:00,9.763,9.77,9.763,9.763,17766,0
2017-11-10,22:00:00,9.763,9.783,9.763,9.776,14173,0
2017-11-13,16:00:00,9.763,9.773,9.763,9.773,7386,0
2017-11-13,17:00:00,9.773,9.773,9.747,9.749,99665,0
2017-11-13,18:00:00,9.752,9.753,9.744,9.752,30045,0
2017-11-13,19:00:00,9.753,9.753,9.744,9.747,32839,0
2017-11-13,20:00:00,9.753,9.753,9.75,9.75,34862,0
2017-11-13,21:00:00,9.753,9.753,9.744,9.753,7998,0
2017-11-13,22:00:00,9.753,9.753,9.744,9.753,18672,0
2017-11-14,16:00:00,9.763,9.768,9.763,9.768,3122,0
2017-11-14,17:00:00,9.753,9.763,9.744,9.753,13322,0
2017-11-14,18:00:00,9.753,9.763,9.744,9.763,15244,0
2017-11-14,19:00:00,9.76,9.773,9.756,9.773,7855,0
2017-11-14,20:00:00,9.776,9.8,9.776,9.797,29467,0
2017-11-14,21:00:00,9.783,9.792,9.783,9.785,17616,0
2017-11-14,22:00:00,9.783,9.8,9.783,9.783,17819,0
2017-11-15,16:00:00,9.763,9.782,9.744,9.744,8877,0
2017-11-15,17:00:00,9.783,9.783,9.747,9.753,6779,0
2017-11-15,18:00:00,9.753,9.753,9.714,9.737,17345,0
2017-11-15,19:00:00,9.724,9.743,9.719,9.743,9245,0
2017-11-15,20:00:00,9.734,9.744,9.714,9.734,27336,0
2017-11-15,21:00:00,9.734,9.744,9.722,9.722,38629,0
2017-11-15,22:00:00,9.72,9.744,9.715,9.734,36136,0
2017-11-16,16:00:00,9.744,9.744,9.714,9.723,14916,0
2017-11-16,17:00:00,9.714,9.744,9.709,9.714,26475,0
2017-11-16,18:00:00,9.705,9.734,9.704,9.714,31648,0
2017-11-16,19:00:00,9.709,9.714,9.704,9.714,2469,0
2017-11-16,20:00:00,9.704,9.704,9.685,9.704,26982,0
2017-11-16,21:00:00,9.705,9.714,9.704,9.704,17359,0
2017-11-16,22:00:00,9.704,9.739,9.694,9.694,32769,0
2017-11-17,16:00:00,9.694,9.732,9.694,9.721,12680,0
2017-11-17,17:00:00,9.721,9.753,9.714,9.753,15342,0
2017-11-17,18:00:00,9.75,9.75,9.734,9.737,6151,0
2017-11-17,19:00:00,9.735,9.735,9.724,9.733,8672,0
2017-11-17,20:00:00,9.734,9.744,9.724,9.726,13906,0
2017-11-17,21:00:00,9.737,9.737,9.714,9.721,2720,0
2017-11-17,22:00:00,9.714,9.724,9.704,9.704,17102,0
2017-11-20,16:00:00,9.704,9.704,9.694,9.7,4147,0
2017-11-20,17:00:00,9.701,9.704,9.674,9.677,50408,0
2017-11-20,18:00:00,9.674,9.684,9.654,9.669,28289,0
2017-11-20,19:00:00,9.66,9.661,9.656,9.66,5203,0
2017-11-20,20:00:00,9.674,9.677,9.664,9.671,8582,0
2017-11-20,21:00:00,9.671,9.684,9.671,9.684,6291,0
2017-11-20,22:00:00,9.684,9.694,9.684,9.694,8896,0
2017-11-21,16:00:00,9.644,9.644,9.624,9.634,51285,0
2017-11-21,17:00:00,9.634,9.664,9.634,9.654,29014,0
2017-11-21,18:00:00,9.664,9.664,9.644,9.664,15617,0
2017-11-21,19:00:00,9.664,9.684,9.657,9.664,31576,0
2017-11-21,20:00:00,9.664,9.664,9.634,9.644,10956,0
2017-11-21,21:00:00,9.644,9.654,9.634,9.654,45035,0
2017-11-21,22:00:00,9.644,9.654,9.64,9.654,46705,0
2017-11-22,16:00:00,9.654,9.674,9.654,9.674,9862,0
2017-11-22,17:00:00,9.664,9.674,9.664,9.674,8923,0
2017-11-22,18:00:00,9.665,9.674,9.664,9.674,4387,0
2017-11-22,19:00:00,9.674,9.684,9.674,9.683,5514,0
2017-11-22,20:00:00,9.681,9.684,9.664,9.674,17259,0
2017-11-22,21:00:00,9.674,9.674,9.667,9.674,2059,0
2017-11-22,22:00:00,9.674,9.674,9.654,9.674,15712,0
2017-11-24,16:00:00,9.674,9.677,9.674,9.674,3148,0
2017-11-24,17:00:00,9.664,9.674,9.664,9.666,10174,0
2017-11-24,18:00:00,9.674,9.694,9.674,9.694,28405,0
2017-11-24,19:00:00,9.689,9.693,9.689,9.693,229,0
2017-11-24,20:00:00,9.694,9.694,9.694,9.694,102,0
2017-11-27,16:00:00,9.674,9.694,9.674,9.684,15122,0
2017-11-27,17:00:00,9.684,9.685,9.674,9.674,15081,0
2017-11-27,18:00:00,9.684,9.694,9.674,9.684,28178,0
2017-11-27,19:00:00,9.684,9.694,9.674,9.674,8195,0
2017-11-27,20:00:00,9.664,9.684,9.664,9.667,16222,0
2017-11-27,21:00:00,9.664,9.674,9.654,9.654,13501,0
2017-11-27,22:00:00,9.654,9.684,9.654,9.674,28959,0
2017-11-28,16:00:00,9.684,9.684,9.684,9.684,6733,0
2017-11-28,17:00:00,9.682,9.694,9.667,9.694,14447,0
2017-11-28,18:00:00,9.694,9.724,9.684,9.699,44460,0
2017-11-28,19:00:00,9.704,9.704,9.694,9.694,9692,0
2017-11-28,20:00:00,9.703,9.703,9.664,9.664,33448,0
2017-11-28,21:00:00,9.664,9.674,9.654,9.654,16781,0
2017-11-28,22:00:00,9.654,9.714,9.646,9.664,97020,0
2017-11-29,16:00:00,9.674,9.704,9.674,9.674,19287,0
2017-11-29,17:00:00,9.674,9.694,9.674,9.694,13956,0
2017-11-29,18:00:00,9.694,9.694,9.654,9.654,25739,0
2017-11-29,19:00:00,9.664,9.694,9.654,9.674,30034,0
2017-11-29,20:00:00,9.684,9.714,9.674,9.704,25879,0
2017-11-29,21:00:00,9.695,9.714,9.674,9.692,21653,0
2017-11-29,22:00:00,9.694,9.694,9.684,9.684,2054,0
2017-11-30,16:00:00,9.694,9.704,9.664,9.692,19691,0
2017-11-30,17:00:00,9.675,9.694,9.675,9.694,17371,0
2017-11-30,18:00:00,9.704,9.704,9.684,9.694,3877,0
2017-11-30,19:00:00,9.694,9.714,9.684,9.7,14200,0
2017-11-30,20:00:00,9.7,9.714,9.678,9.684,14475,0
2017-11-30,21:00:00,9.694,9.714,9.684,9.714,19793,0
2017-11-30,22:00:00,9.714,9.724,9.684,9.714,17467,0
2017-12-01,16:00:00,9.724,9.734,9.722,9.734,5538,0
2017-12-01,17:00:00,9.734,9.744,9.719,9.744,12353,0
2017-12-01,18:00:00,9.744,9.753,9.704,9.714,12118,0
2017-12-01,19:00:00,9.714,9.753,9.694,9.753,15111,0
2017-12-01,20:00:00,9.753,9.773,9.714,9.773,11937,0
2017-12-01,21:00:00,9.773,9.773,9.753,9.773,4182,0
2017-12-01,22:00:00,9.773,9.773,9.753,9.773,13140,0
2017-12-04,16:00:00,9.792,9.792,9.734,9.744,4503,0
2017-12-04,17:00:00,9.755,9.773,9.744,9.768,10067,0
2017-12-04,18:00:00,9.744,9.773,9.734,9.773,17891,0
2017-12-04,19:00:00,9.773,9.773,9.744,9.763,19676,0
2017-12-04,20:00:00,9.773,9.783,9.724,9.753,15755,0
2017-12-04,21:00:00,9.724,9.753,9.714,9.714,6019,0
2017-12-04,22:00:00,9.744,9.783,9.734,9.744,13036,0
2017-12-05,16:00:00,9.744,9.786,9.744,9.786,10316,0
2017-12-05,17:00:00,9.748,9.748,9.694,9.714,17181,0
2017-12-05,18:00:00,9.734,9.753,9.724,9.744,9794,0
2017-12-05,19:00:00,9.753,9.783,9.747,9.773,20647,0
2017-12-05,21:00:00,9.774,9.774,9.724,9.724,57011,0
2017-12-05,22:00:00,9.724,9.734,9.724,9.734,13468,0
2017-12-06,16:00:00,9.773,9.773,9.773,9.773,510,0
2017-12-06,17:00:00,9.773,9.8,9.763,9.783,15686,0
2017-12-06,18:00:00,9.792,9.8,9.791,9.792,11222,0
2017-12-06,19:00:00,9.792,9.799,9.784,9.784,11362,0
2017-12-06,20:00:00,9.783,9.8,9.783,9.792,12868,0
2017-12-06,21:00:00,9.792,9.792,9.763,9.773,16321,0
2017-12-06,22:00:00,9.773,9.784,9.773,9.773,6763,0
2017-12-07,16:00:00,9.783,9.783,9.773,9.781,11433,0
2017-12-07,17:00:00,9.773,9.85,9.773,9.82,20410,0
2017-12-07,18:00:00,9.828,9.85,9.828,9.84,20142,0
2017-12-07,19:00:00,9.85,9.85,9.84,9.84,4999,0
2017-12-07,20:00:00,9.847,9.85,9.847,9.85,7489,0
2017-12-07,21:00:00,9.84,9.84,9.84,9.84,5306,0
2017-12-07,22:00:00,9.841,9.85,9.84,9.84,29535,0
2017-12-08,16:00:00,9.84,9.84,9.783,9.84,8703,0
2017-12-08,17:00:00,9.797,9.84,9.797,9.84,7358,0
2017-12-08,18:00:00,9.83,9.84,9.83,9.84,6193,0
2017-12-08,19:00:00,9.83,9.83,9.783,9.8,7951,0
2017-12-08,20:00:00,9.82,9.85,9.82,9.85,7345,0
2017-12-08,21:00:00,9.84,9.85,9.84,9.85,7550,0
2017-12-08,22:00:00,9.84,9.84,9.8,9.8,6035,0
2017-12-11,16:00:00,9.8,9.8,9.8,9.8,2474,0
2017-12-11,17:00:00,9.792,9.8,9.792,9.799,5283,0
2017-12-11,18:00:00,9.797,9.8,9.795,9.795,6019,0
2017-12-11,19:00:00,9.792,9.8,9.792,9.8,1836,0
2017-12-11,20:00:00,9.794,9.8,9.792,9.795,10297,0
2017-12-11,21:00:00,9.797,9.8,9.792,9.792,14149,0
2017-12-11,22:00:00,9.797,9.87,9.795,9.87,21561,0
2017-12-12,16:00:00,9.831,9.831,9.831,9.831,3061,0
2017-12-12,17:00:00,9.84,9.841,9.83,9.83,1801,0
2017-12-12,18:00:00,9.81,9.83,9.81,9.824,3378,0
2017-12-12,19:00:00,9.815,9.83,9.8,9.821,14605,0
2017-12-12,20:00:00,9.83,9.83,9.827,9.83,4096,0
2017-12-12,21:00:00,9.83,9.846,9.821,9.846,8192,0
2017-12-12,22:00:00,9.86,9.87,9.85,9.85,21632,0
2017-12-13,16:00:00,9.85,9.87,9.841,9.87,8468,0
2017-12-13,17:00:00,9.855,9.86,9.84,9.84,2958,0
2017-12-13,18:00:00,9.86,9.86,9.84,9.85,9219,0
2017-12-13,19:00:00,9.855,9.86,9.85,9.86,15346,0
2017-12-13,20:00:00,9.858,9.86,9.84,9.85,5510,0
2017-12-13,21:00:00,9.84,9.89,9.839,9.88,19795,0
2017-12-13,22:00:00,9.88,9.9,9.86,9.89,22109,0
2017-12-14,16:00:00,9.88,9.88,9.83,9.83,5643,0
2017-12-14,17:00:00,9.85,9.86,9.772,9.772,15958,0
2017-12-14,18:00:00,9.772,9.792,9.762,9.762,17899,0
2017-12-14,19:00:00,9.762,9.792,9.762,9.782,19441,0
2017-12-14,20:00:00,9.772,9.81,9.772,9.8,12204,0
2017-12-14,21:00:00,9.809,9.84,9.8,9.84,13748,0
2017-12-14,22:00:00,9.84,9.85,9.83,9.85,5177,0
2017-12-15,16:00:00,9.86,9.86,9.83,9.83,203,0
2017-12-15,17:00:00,9.84,9.843,9.81,9.825,14364,0
2017-12-15,18:00:00,9.84,9.84,9.82,9.82,2233,0
2017-12-15,19:00:00,9.809,9.81,9.8,9.807,20052,0
2017-12-15,20:00:00,9.8,9.81,9.8,9.803,13485,0
2017-12-15,21:00:00,9.81,9.82,9.797,9.818,18984,0
2017-12-15,22:00:00,9.82,9.82,9.81,9.81,3238,0
2017-12-18,16:00:00,9.84,9.84,9.805,9.805,609,0
2017-12-18,17:00:00,9.81,9.818,9.8,9.8,22688,0
2017-12-18,18:00:00,9.8,9.81,9.8,9.8,3147,0
2017-12-18,19:00:00,9.8,9.826,9.8,9.82,8629,0
2017-12-18,20:00:00,9.801,9.816,9.8,9.8,9072,0
2017-12-18,21:00:00,9.82,9.82,9.8,9.805,22169,0
2017-12-18,22:00:00,9.806,9.82,9.804,9.81,8750,0
2017-12-19,17:00:00,9.809,9.84,9.809,9.84,7614,0
2017-12-19,18:00:00,9.82,9.82,9.81,9.81,8756,0
2017-12-19,19:00:00,9.807,9.81,9.782,9.782,19456,0
2017-12-19,20:00:00,9.782,9.8,9.772,9.772,15138,0
2017-12-19,21:00:00,9.772,9.782,9.723,9.723,27254,0
2017-12-19,22:00:00,9.723,9.743,9.723,9.733,10711,0
2017-12-20,16:00:00,9.733,9.78,9.733,9.78,3721,0
2017-12-20,17:00:00,9.768,9.768,9.762,9.762,914,0
2017-12-20,18:00:00,9.762,9.8,9.762,9.772,19699,0
2017-12-20,19:00:00,9.752,9.779,9.752,9.772,6294,0
2017-12-20,20:00:00,9.755,9.782,9.755,9.762,11107,0
2017-12-20,21:00:00,9.772,9.772,9.752,9.77,7055,0
2017-12-20,22:00:00,9.772,9.782,9.762,9.777,20472,0
2017-12-21,16:00:00,9.757,9.764,9.757,9.764,2030,0
2017-12-21,17:00:00,9.77,9.772,9.762,9.762,18933,0
2017-12-21,18:00:00,9.766,9.77,9.713,9.731,43195,0
2017-12-21,19:00:00,9.732,9.752,9.732,9.752,3553,0
2017-12-21,21:00:00,9.75,9.75,9.733,9.734,4810,0
2017-12-21,22:00:00,9.733,9.751,9.683,9.693,43976,0
2017-12-22,16:00:00,9.693,9.713,9.693,9.713,16542,0
2017-12-22,17:00:00,9.728,9.728,9.713,9.72,22868,0
2017-12-22,18:00:00,9.719,9.733,9.673,9.673,33738,0
2017-12-22,19:00:00,9.673,9.703,9.673,9.7,37182,0
2017-12-22,20:00:00,9.683,9.688,9.663,9.673,57220,0
2017-12-22,21:00:00,9.681,9.681,9.612,9.673,133678,0
2017-12-22,22:00:00,9.673,9.683,9.643,9.673,50750,0
2017-12-26,16:00:00,9.703,9.703,9.653,9.699,22832,0
2017-12-26,17:00:00,9.701,9.712,9.673,9.696,27779,0
2017-12-26,18:00:00,9.698,9.743,9.673,9.743,158389,0
2017-12-26,19:00:00,9.743,9.75,9.728,9.738,14515,0
2017-12-26,20:00:00,9.738,9.752,9.733,9.743,17083,0
2017-12-26,21:00:00,9.743,9.772,9.733,9.76,33777,0
2017-12-26,22:00:00,9.757,9.792,9.723,9.723,46869,0
2017-12-27,16:00:00,9.772,9.772,9.723,9.752,6252,0
2017-12-27,17:00:00,9.748,9.757,9.729,9.757,14009,0
2017-12-27,18:00:00,9.748,9.748,9.729,9.743,2132,0
2017-12-27,19:00:00,9.743,9.743,9.734,9.734,2213,0
2017-12-27,20:00:00,9.752,9.752,9.733,9.733,5157,0
2017-12-27,21:00:00,9.738,9.772,9.733,9.772,20665,0
2017-12-27,22:00:00,9.769,9.772,9.703,9.762,28653,0
2017-12-28,16:00:00,9.8,9.8,9.752,9.772,5785,0
2017-12-28,17:00:00,9.772,9.8,9.762,9.8,20913,0
2017-12-28,18:00:00,9.801,9.82,9.766,9.792,11782,0
2017-12-28,19:00:00,9.792,9.8,9.782,9.782,9058,0
2017-12-28,20:00:00,9.8,9.8,9.788,9.788,2070,0
2017-12-28,21:00:00,9.8,9.8,9.703,9.709,29647,0
2017-12-28,22:00:00,9.709,9.772,9.709,9.772,22660,0
2017-12-29,16:00:00,9.792,9.8,9.757,9.762,5569,0
2017-12-29,17:00:00,9.772,9.772,9.703,9.703,14090,0
2017-12-29,18:00:00,9.703,9.752,9.693,9.752,11673,0
2017-12-29,19:00:00,9.752,9.792,9.752,9.792,12636,0
2017-12-29,20:00:00,9.792,9.83,9.787,9.813,15837,0
2017-12-29,21:00:00,9.83,9.83,9.81,9.815,26301,0
2017-12-29,22:00:00,9.815,9.83,9.772,9.81,81614,0
2018-01-02,17:00:00,9.792,9.795,9.762,9.762,4137,0
2018-01-02,18:00:00,9.762,9.781,9.762,9.762,812,0
2018-01-02,19:00:00,9.767,9.782,9.762,9.769,10263,0
2018-01-02,20:00:00,9.782,9.782,9.752,9.762,15883,0
2018-01-02,21:00:00,9.77,9.781,9.752,9.752,6809,0
2018-01-02,22:00:00,9.752,9.792,9.723,9.723,15163,0
2018-01-03,16:00:00,9.772,9.772,9.757,9.757,4737,0
2018-01-03,17:00:00,9.762,9.791,9.757,9.777,11700,0
2018-01-03,18:00:00,9.771,9.792,9.768,9.777,10417,0
2018-01-03,19:00:00,9.792,9.82,9.777,9.82,12766,0
2018-01-03,20:00:00,9.82,9.82,9.782,9.782,4813,0
2018-01-03,21:00:00,9.798,9.82,9.798,9.82,21307,0
2018-01-03,22:00:00,9.8,9.82,9.8,9.82,2778,0
2018-01-04,16:00:00,9.83,9.83,9.782,9.804,4164,0
2018-01-04,17:00:00,9.79,9.79,9.782,9.782,1980,0
2018-01-04,18:00:00,9.8,9.81,9.772,9.772,5583,0
2018-01-04,19:00:00,9.773,9.777,9.752,9.752,29182,0
2018-01-04,20:00:00,9.752,9.767,9.733,9.748,30906,0
2018-01-04,21:00:00,9.748,9.752,9.733,9.743,31783,0
2018-01-04,22:00:00,9.743,9.772,9.743,9.752,3613,0
2018-01-05,16:00:00,9.8,9.8,9.762,9.762,26635,0
2018-01-05,17:00:00,9.762,9.771,9.762,9.762,11325,0
2018-01-05,18:00:00,9.772,9.8,9.772,9.782,24622,0
2018-01-05,19:00:00,9.782,9.82,9.782,9.792,17581,0
2018-01-05,20:00:00,9.8,9.8,9.8,9.8,5401,0
2018-01-05,21:00:00,9.797,9.81,9.782,9.81,12265,0
2018-01-05,22:00:00,9.772,9.8,9.772,9.8,23519,0
2018-01-08,16:00:00,9.8,9.8,9.748,9.772,27366,0
2018-01-08,17:00:00,9.772,9.782,9.762,9.782,14502,0
2018-01-08,18:00:00,9.775,9.782,9.762,9.762,22511,0
2018-01-08,19:00:00,9.759,9.792,9.752,9.792,24110,0
2018-01-08,20:00:00,9.8,9.8,9.772,9.793,8502,0
2018-01-08,21:00:00,9.8,9.8,9.781,9.8,4162,0
2018-01-08,22:00:00,9.78,9.8,9.772,9.8,12085,0
2018-01-09,16:00:00,9.792,9.792,9.782,9.782,6777,0
2018-01-09,17:00:00,9.782,9.792,9.782,9.782,15120,0
2018-01-09,18:00:00,9.791,9.8,9.782,9.799,46196,0
2018-01-09,19:00:00,9.792,9.809,9.792,9.809,23416,0
2018-01-09,20:00:00,9.801,9.801,9.762,9.772,24709,0
2018-01-09,21:00:00,9.772,9.772,9.733,9.752,47417,0
2018-01-09,22:00:00,9.753,9.762,9.743,9.762,16420,0
2018-01-10,16:00:00,9.762,9.762,9.723,9.736,24221,0
2018-01-10,17:00:00,9.733,9.733,9.713,9.713,14009,0
2018-01-10,18:00:00,9.713,9.733,9.713,9.723,28635,0
2018-01-10,19:00:00,9.723,9.732,9.703,9.713,44271,0
2018-01-10,20:00:00,9.703,9.713,9.673,9.711,29842,0
2018-01-10,21:00:00,9.705,9.713,9.703,9.703,33707,0
2018-01-10,22:00:00,9.703,9.713,9.683,9.703,36925,0
2018-01-11,16:00:00,9.743,9.757,9.738,9.743,14971,0
2018-01-11,17:00:00,9.75,9.75,9.743,9.749,9783,0
2018-01-11,18:00:00,9.752,9.772,9.748,9.769,16962,0
2018-01-11,19:00:00,9.766,9.777,9.752,9.776,10453,0
2018-01-11,20:00:00,9.778,9.782,9.752,9.762,8738,0
2018-01-11,21:00:00,9.772,9.801,9.763,9.772,30699,0
2018-01-11,22:00:00,9.765,9.801,9.763,9.801,18105,0
2018-01-12,16:00:00,9.831,9.832,9.752,9.752,5752,0
2018-01-12,17:00:00,9.782,9.792,9.772,9.772,13943,0
2018-01-12,18:00:00,9.786,9.786,9.773,9.779,8145,0
2018-01-12,19:00:00,9.781,9.781,9.752,9.772,12264,0
2018-01-12,20:00:00,9.763,9.763,9.752,9.752,10807,0
2018-01-12,21:00:00,9.759,9.759,9.733,9.733,19941,0
2018-01-12,22:00:00,9.738,9.782,9.733,9.782,4864,0
2018-01-16,16:00:00,9.743,9.762,9.743,9.761,14322,0
2018-01-16,17:00:00,9.752,9.772,9.752,9.762,18131,0
2018-01-16,18:00:00,9.76,9.762,9.754,9.756,2471,0
2018-01-16,19:00:00,9.759,9.782,9.752,9.782,7737,0
2018-01-16,20:00:00,9.782,9.782,9.777,9.779,20790,0
2018-01-16,21:00:00,9.782,9.782,9.773,9.782,22566,0
2018-01-16,22:00:00,9.772,9.772,9.733,9.743,32699,0
2018-01-17,16:00:00,9.733,9.752,9.733,9.752,9015,0
2018-01-17,17:00:00,9.752,9.762,9.752,9.752,4140,0
2018-01-17,18:00:00,9.752,9.752,9.743,9.752,15885,0
2018-01-17,19:00:00,9.743,9.745,9.743,9.743,4444,0
2018-01-17,20:00:00,9.743,9.752,9.743,9.752,15948,0
2018-01-17,21:00:00,9.752,9.772,9.752,9.752,25636,0
2018-01-17,22:00:00,9.753,9.753,9.743,9.752,13083,0
2018-01-18,16:00:00,9.723,9.76,9.723,9.723,2063,0
2018-01-18,17:00:00,9.754,9.757,9.703,9.71,12487,0
2018-01-18,18:00:00,9.717,9.752,9.716,9.723,22322,0
2018-01-18,19:00:00,9.737,9.738,9.726,9.726,7397,0
2018-01-18,20:00:00,9.723,9.752,9.693,9.723,31452,0
2018-01-18,21:00:00,9.703,9.723,9.693,9.713,12058,0
2018-01-18,22:00:00,9.713,9.733,9.703,9.733,16266,0
2018-01-19,16:00:00,9.703,9.706,9.693,9.693,6910,0
2018-01-19,17:00:00,9.712,9.712,9.703,9.703,3043,0
2018-01-19,18:00:00,9.712,9.713,9.663,9.663,34503,0
2018-01-19,19:00:00,9.663,9.683,9.653,9.683,50699,0
2018-01-19,20:00:00,9.683,9.693,9.653,9.683,36018,0
2018-01-19,21:00:00,9.683,9.683,9.653,9.653,16514,0
2018-01-19,22:00:00,9.683,9.713,9.663,9.683,24287,0
2018-01-22,16:00:00,9.693,9.703,9.683,9.684,8989,0
2018-01-22,17:00:00,9.683,9.743,9.683,9.743,13936,0
2018-01-22,18:00:00,9.734,9.743,9.723,9.723,9648,0
2018-01-22,19:00:00,9.704,9.723,9.703,9.723,7565,0
2018-01-22,20:00:00,9.706,9.723,9.698,9.713,8021,0
2018-01-22,21:00:00,9.704,9.743,9.683,9.74,32735,0
2018-01-22,22:00:00,9.738,9.743,9.723,9.743,12359,0
2018-01-23,16:00:00,9.752,9.752,9.736,9.749,4126,0
2018-01-23,17:00:00,9.752,9.782,9.752,9.779,24514,0
2018-01-23,18:00:00,9.773,9.782,9.772,9.775,8282,0
2018-01-23,19:00:00,9.777,9.801,9.773,9.801,32073,0
2018-01-23,20:00:00,9.797,9.801,9.772,9.772,19511,0
2018-01-23,21:00:00,9.772,9.772,9.752,9.752,27065,0
2018-01-23,22:00:00,9.752,9.759,9.743,9.752,38225,0
2018-01-24,16:00:00,9.752,9.782,9.752,9.776,6477,0
2018-01-24,17:00:00,9.782,9.782,9.768,9.772,17790,0
2018-01-24,18:00:00,9.772,9.772,9.748,9.752,15426,0
2018-01-24,19:00:00,9.756,9.772,9.743,9.767,10325,0
2018-01-24,20:00:00,9.762,9.772,9.762,9.762,30806,0
2018-01-24,21:00:00,9.762,9.774,9.762,9.774,22372,0
2018-01-24,22:00:00,9.772,9.774,9.762,9.762,9124,0
2018-01-25,16:00:00,9.782,9.782,9.782,9.782,247,0
2018-01-25,17:00:00,9.778,9.792,9.778,9.789,3131,0
2018-01-25,18:00:00,9.782,9.782,9.762,9.762,3793,0
2018-01-25,19:00:00,9.777,9.811,9.752,9.752,56144,0
2018-01-25,20:00:00,9.769,9.769,9.749,9.762,15276,0
2018-01-25,21:00:00,9.753,9.772,9.743,9.745,21065,0
2018-01-25,22:00:00,9.743,9.762,9.743,9.762,23373,0
2018-01-26,16:00:00,9.762,9.762,9.713,9.743,19451,0
2018-01-26,17:00:00,9.743,9.762,9.743,9.743,9989,0
2018-01-26,18:00:00,9.733,9.733,9.706,9.713,48545,0
2018-01-26,19:00:00,9.718,9.729,9.713,9.719,15888,0
2018-01-26,20:00:00,9.733,9.733,9.703,9.704,45108,0
2018-01-26,21:00:00,9.703,9.723,9.693,9.701,31357,0
2018-01-26,22:00:00,9.696,9.713,9.683,9.713,40973,0
2018-01-29,16:00:00,9.683,9.693,9.657,9.69,18876,0
2018-01-29,17:00:00,9.673,9.674,9.653,9.663,25528,0
2018-01-29,18:00:00,9.663,9.673,9.643,9.65,21050,0
2018-01-29,19:00:00,9.643,9.647,9.584,9.603,100769,0
2018-01-29,20:00:00,9.603,9.633,9.594,9.603,45275,0
2018-01-29,21:00:00,9.603,9.623,9.594,9.623,63140,0
2018-01-29,22:00:00,9.623,9.633,9.608,9.613,24475,0
2018-01-30,16:00:00,9.603,9.623,9.603,9.613,7432,0
2018-01-30,17:00:00,9.603,9.613,9.603,9.613,41430,0
2018-01-30,18:00:00,9.61,9.613,9.603,9.603,18576,0
2018-01-30,19:00:00,9.606,9.613,9.603,9.603,24921,0
2018-01-30,20:00:00,9.613,9.613,9.594,9.613,22652,0
2018-01-30,21:00:00,9.603,9.613,9.594,9.601,13938,0
2018-01-30,22:00:00,9.594,9.603,9.564,9.603,38720,0
2018-01-31,16:00:00,9.622,9.623,9.609,9.616,5252,0
2018-01-31,17:00:00,9.623,9.623,9.584,9.594,20194,0
2018-01-31,18:00:00,9.593,9.643,9.574,9.574,50854,0
2018-01-31,19:00:00,9.603,9.603,9.584,9.598,16363,0
2018-01-31,20:00:00,9.584,9.603,9.584,9.589,14022,0
2018-01-31,21:00:00,9.603,9.603,9.591,9.603,5153,0
2018-01-31,22:00:00,9.596,9.603,9.564,9.603,50904,0
2018-02-01,16:00:00,9.623,9.623,9.594,9.599,13811,0
2018-02-01,17:00:00,9.603,9.623,9.594,9.612,11690,0
2018-02-01,18:00:00,9.613,9.633,9.609,9.633,7082,0
2018-02-01,19:00:00,9.633,9.64,9.63,9.64,3737,0
2018-02-01,20:00:00,9.633,9.638,9.62,9.62,11860,0
2018-02-01,21:00:00,9.623,9.633,9.613,9.625,20429,0
2018-02-01,22:00:00,9.623,9.653,9.613,9.653,33428,0
2018-02-02,16:00:00,9.653,9.653,9.625,9.625,1974,0
2018-02-02,17:00:00,9.638,9.643,9.613,9.619,11455,0
2018-02-02,18:00:00,9.613,9.633,9.613,9.613,21918,0
2018-02-02,19:00:00,9.619,9.619,9.584,9.588,14253,0
2018-02-02,20:00:00,9.584,9.584,9.564,9.574,11760,0
2018-02-02,21:00:00,9.564,9.583,9.555,9.564,13940,0
2018-02-02,22:00:00,9.564,9.584,9.564,9.564,17575,0
2018-02-05,16:00:00,9.555,9.557,9.555,9.555,4194,0
2018-02-05,17:00:00,9.555,9.591,9.555,9.574,15622,0
2018-02-05,18:00:00,9.578,9.594,9.555,9.555,36526,0
2018-02-05,19:00:00,9.574,9.574,9.555,9.555,18913,0
2018-02-05,20:00:00,9.555,9.555,9.525,9.539,16616,0
2018-02-05,21:00:00,9.535,9.535,9.515,9.515,20738,0
2018-02-05,22:00:00,9.505,9.524,9.4255,9.4354,27895,0
2018-02-06,16:00:00,9.4057,9.603,9.4057,9.555,31355,0
2018-02-06,17:00:00,9.535,9.564,9.505,9.534,7594,0
2018-02-06,18:00:00,9.515,9.545,9.4751,9.545,23419,0
2018-02-06,19:00:00,9.545,9.545,9.524,9.528,10138,0
2018-02-06,20:00:00,9.525,9.545,9.495,9.535,22146,0
2018-02-06,21:00:00,9.505,9.545,9.495,9.515,23895,0
2018-02-06,22:00:00,9.515,9.584,9.498,9.575,45180,0
2018-02-07,16:00:00,9.653,9.663,9.603,9.644,36116,0
2018-02-07,17:00:00,9.663,9.683,9.663,9.663,6716,0
2018-02-07,18:00:00,9.672,9.693,9.66,9.683,33231,0
2018-02-07,19:00:00,9.683,9.703,9.663,9.663,13269,0
2018-02-07,20:00:00,9.684,9.684,9.613,9.643,27020,0
2018-02-07,21:00:00,9.633,9.693,9.594,9.683,71757,0
2018-02-07,22:00:00,9.683,9.743,9.683,9.733,27318,0
2018-02-08,17:00:00,9.633,9.673,9.633,9.643,4552,0
2018-02-08,18:00:00,9.653,9.653,9.643,9.643,7996,0
2018-02-08,19:00:00,9.653,9.653,9.603,9.623,26848,0
2018-02-08,20:00:00,9.622,9.683,9.584,9.683,24636,0
2018-02-08,21:00:00,9.653,9.693,9.643,9.643,10807,0
2018-02-08,22:00:00,9.685,9.703,9.643,9.673,17403,0
2018-02-09,16:00:00,9.653,9.695,9.653,9.683,2556,0
2018-02-09,17:00:00,9.693,9.713,9.693,9.693,14925,0
2018-02-09,18:00:00,9.693,9.723,9.673,9.713,16912,0
2018-02-09,19:00:00,9.693,9.713,9.663,9.682,27317,0
2018-02-09,20:00:00,9.673,9.677,9.613,9.643,25333,0
2018-02-09,21:00:00,9.633,9.693,9.633,9.643,11363,0
2018-02-09,22:00:00,9.674,9.683,9.653,9.673,11575,0
2018-02-12,16:00:00,9.703,9.752,9.703,9.752,15302,0
2018-02-12,17:00:00,9.723,9.724,9.703,9.723,12959,0
2018-02-12,18:00:00,9.723,9.723,9.683,9.693,11526,0
2018-02-12,19:00:00,9.693,9.693,9.683,9.683,8319,0
2018-02-12,20:00:00,9.683,9.703,9.673,9.683,11716,0
2018-02-12,21:00:00,9.683,9.683,9.653,9.663,29793,0
2018-02-12,22:00:00,9.663,9.703,9.653,9.673,14646,0
2018-02-13,16:00:00,9.673,9.683,9.664,9.676,2423,0
2018-02-13,17:00:00,9.663,9.683,9.663,9.683,10251,0
2018-02-13,18:00:00,9.683,9.683,9.653,9.653,33663,0
2018-02-13,19:00:00,9.653,9.659,9.633,9.633,13351,0
2018-02-13,20:00:00,9.643,9.643,9.613,9.643,30050,0
2018-02-13,21:00:00,9.653,9.682,9.648,9.653,19964,0
2018-02-13,22:00:00,9.653,9.672,9.643,9.653,22450,0
2018-02-14,16:00:00,9.643,9.703,9.603,9.626,14961,0
2018-02-14,17:00:00,9.633,9.653,9.633,9.653,6049,0
2018-02-14,18:00:00,9.653,9.673,9.653,9.673,3718,0
2018-02-14,19:00:00,9.665,9.693,9.665,9.683,6287,0
2018-02-14,20:00:00,9.697,9.697,9.653,9.653,21735,0
2018-02-14,21:00:00,9.648,9.673,9.603,9.673,48083,0
2018-02-14,22:00:00,9.653,9.653,9.594,9.623,66513,0
2018-02-15,16:00:00,9.643,9.643,9.613,9.613,3366,0
2018-02-15,17:00:00,9.623,9.623,9.554,9.554,30698,0
2018-02-15,18:00:00,9.577,9.584,9.534,9.56,25545,0
2018-02-15,19:00:00,9.564,9.584,9.554,9.563,34217,0
2018-02-15,20:00:00,9.583,9.594,9.554,9.575,35516,0
2018-02-15,21:00:00,9.554,9.59,9.544,9.588,32539,0
2018-02-15,22:00:00,9.575,9.594,9.574,9.594,21861,0
2018-02-16,16:00:00,9.554,9.564,9.544,9.544,15173,0
2018-02-16,17:00:00,9.544,9.554,9.524,9.524,53113,0
2018-02-16,18:00:00,9.524,9.564,9.514,9.544,15735,0
2018-02-16,19:00:00,9.544,9.573,9.524,9.554,29641,0
2018-02-16,20:00:00,9.569,9.574,9.557,9.573,4949,0
2018-02-16,21:00:00,9.573,9.584,9.564,9.564,10970,0
2018-02-16,22:00:00,9.554,9.584,9.524,9.544,62154,0
2018-02-20,16:00:00,9.554,9.554,9.554,9.554,157,0
2018-02-20,17:00:00,9.556,9.564,9.544,9.544,13536,0
2018-02-20,18:00:00,9.551,9.552,9.524,9.534,18629,0
2018-02-20,19:00:00,9.534,9.574,9.534,9.559,35327,0
2018-02-20,20:00:00,9.554,9.574,9.554,9.567,12963,0
2018-02-20,21:00:00,9.574,9.575,9.564,9.564,9843,0
2018-02-20,22:00:00,9.544,9.574,9.544,9.544,20445,0
2018-02-21,16:00:00,9.603,9.603,9.554,9.556,28953,0
2018-02-21,17:00:00,9.564,9.584,9.564,9.584,26829,0
2018-02-21,18:00:00,9.574,9.584,9.554,9.573,27686,0
2018-02-21,19:00:00,9.563,9.603,9.554,9.603,36775,0
2018-02-21,20:00:00,9.603,9.603,9.584,9.584,5527,0
2018-02-21,21:00:00,9.584,9.613,9.584,9.594,14779,0
2018-02-21,22:00:00,9.594,9.603,9.554,9.594,16678,0
2018-02-22,16:00:00,9.588,9.603,9.554,9.595,11144,0
2018-02-22,17:00:00,9.594,9.602,9.594,9.602,2764,0
2018-02-22,18:00:00,9.598,9.623,9.598,9.616,5243,0
2018-02-22,19:00:00,9.622,9.623,9.618,9.618,6431,0
2018-02-22,20:00:00,9.615,9.62,9.61,9.613,13762,0
2018-02-22,21:00:00,9.613,9.633,9.603,9.618,22110,0
2018-02-22,22:00:00,9.613,9.623,9.584,9.603,13541,0
2018-02-23,16:00:00,9.623,9.627,9.613,9.627,8447,0
2018-02-23,17:00:00,9.633,9.643,9.624,9.64,21906,0
2018-02-23,18:00:00,9.651,9.673,9.635,9.673,23542,0
2018-02-23,19:00:00,9.693,9.713,9.693,9.713,13835,0
2018-02-23,20:00:00,9.705,9.733,9.693,9.723,16908,0
2018-02-23,21:00:00,9.693,9.733,9.693,9.703,19394,0
2018-02-23,22:00:00,9.703,9.72,9.683,9.713,27531,0
2018-02-26,16:00:00,9.733,9.733,9.663,9.663,7818,0
2018-02-26,17:00:00,9.703,9.733,9.663,9.703,11600,0
2018-02-26,18:00:00,9.723,9.733,9.713,9.732,9776,0
2018-02-26,19:00:00,9.733,9.733,9.716,9.716,9071,0
2018-02-26,20:00:00,9.713,9.73,9.663,9.663,23242,0
2018-02-26,21:00:00,9.663,9.663,9.613,9.633,60112,0
2018-02-26,22:00:00,9.633,9.653,9.623,9.633,74071,0
2018-02-27,16:00:00,9.673,9.673,9.673,9.673,1235,0
2018-02-27,17:00:00,9.674,9.674,9.643,9.643,5577,0
2018-02-27,18:00:00,9.662,9.663,9.653,9.653,12637,0
2018-02-27,19:00:00,9.663,9.663,9.653,9.655,9870,0
2018-02-27,20:00:00,9.663,9.683,9.663,9.673,22258,0
2018-02-27,21:00:00,9.683,9.683,9.669,9.669,3266,0
2018-02-27,22:00:00,9.682,9.713,9.666,9.703,30550,0
2018-02-28,16:00:00,9.673,9.712,9.673,9.683,9848,0
2018-02-28,17:00:00,9.713,9.713,9.663,9.698,58080,0
2018-02-28,18:00:00,9.699,9.703,9.689,9.689,17913,0
2018-02-28,19:00:00,9.693,9.693,9.683,9.683,10901,0
2018-02-28,20:00:00,9.683,9.69,9.683,9.687,12711,0
2018-02-28,21:00:00,9.687,9.687,9.653,9.683,13944,0
2018-02-28,22:00:00,9.683,9.693,9.623,9.643,25783,0
2018-03-01,16:00:00,9.693,9.693,9.68,9.68,6219,0
2018-03-01,17:00:00,9.683,9.685,9.675,9.683,8657,0
2018-03-01,20:00:00,9.663,9.674,9.653,9.653,12708,0
2018-03-01,21:00:00,9.658,9.663,9.638,9.653,11104,0
2018-03-01,22:00:00,9.663,9.673,9.633,9.653,29863,0
2018-03-02,16:00:00,9.633,9.638,9.603,9.603,25708,0
2018-03-02,17:00:00,9.61,9.623,9.603,9.613,4435,0
2018-03-02,18:00:00,9.613,9.643,9.603,9.643,13825,0
2018-03-02,19:00:00,9.633,9.648,9.633,9.648,2311,0
2018-03-02,20:00:00,9.653,9.673,9.648,9.663,17573,0
2018-03-02,21:00:00,9.663,9.673,9.653,9.653,7235,0
2018-03-02,22:00:00,9.653,9.673,9.653,9.653,10401,0
2018-03-05,16:00:00,9.67,9.67,9.67,9.67,362,0
2018-03-05,17:00:00,9.673,9.696,9.673,9.693,10064,0
2018-03-05,18:00:00,9.683,9.693,9.681,9.681,6336,0
2018-03-05,19:00:00,9.673,9.673,9.623,9.633,7838,0
2018-03-05,20:00:00,9.63,9.637,9.623,9.633,8984,0
2018-03-05,21:00:00,9.624,9.628,9.603,9.622,18640,0
2018-03-05,22:00:00,9.623,9.638,9.623,9.633,19015,0
2018-03-06,16:00:00,9.623,9.623,9.613,9.613,15776,0
2018-03-06,17:00:00,9.618,9.622,9.612,9.612,4203,0
2018-03-06,18:00:00,9.613,9.623,9.606,9.623,10739,0
2018-03-06,19:00:00,9.614,9.62,9.614,9.618,1306,0
2018-03-06,20:00:00,9.623,9.653,9.623,9.638,6431,0
2018-03-06,21:00:00,9.629,9.653,9.629,9.653,16717,0
2018-03-06,22:00:00,9.653,9.653,9.643,9.643,4960,0
2018-03-07,16:00:00,9.628,9.647,9.623,9.647,5527,0
2018-03-07,17:00:00,9.64,9.643,9.613,9.613,31097,0
2018-03-07,18:00:00,9.632,9.637,9.613,9.63,9883,0
2018-03-07,19:00:00,9.628,9.641,9.628,9.633,9094,0
2018-03-07,20:00:00,9.613,9.633,9.613,9.623,3492,0
2018-03-07,21:00:00,9.63,9.653,9.623,9.653,9362,0
2018-03-07,22:00:00,9.652,9.663,9.643,9.653,21175,0
2018-03-08,16:00:00,9.663,9.673,9.66,9.662,3316,0
2018-03-08,17:00:00,9.663,9.678,9.644,9.678,17907,0
2018-03-08,18:00:00,9.669,9.693,9.663,9.683,31695,0
2018-03-08,19:00:00,9.683,9.693,9.668,9.673,11179,0
2018-03-08,20:00:00,9.69,9.693,9.633,9.643,36275,0
2018-03-08,21:00:00,9.646,9.651,9.643,9.643,5561,0
2018-03-08,22:00:00,9.653,9.683,9.646,9.673,13103,0
2018-03-09,16:00:00,9.653,9.669,9.653,9.669,6079,0
2018-03-09,17:00:00,9.683,9.683,9.663,9.67,9541,0
2018-03-09,18:00:00,9.663,9.683,9.663,9.683,4622,0
2018-03-09,19:00:00,9.693,9.693,9.683,9.683,6950,0
2018-03-09,20:00:00,9.693,9.713,9.688,9.713,18587,0
2018-03-09,21:00:00,9.713,9.713,9.703,9.713,3216,0
2018-03-09,22:00:00,9.703,9.713,9.693,9.693,5527,0
2018-03-12,15:00:00,9.683,9.693,9.683,9.693,382,0
2018-03-12,16:00:00,9.733,9.733,9.713,9.713,9090,0
2018-03-12,17:00:00,9.724,9.73,9.713,9.723,17231,0
2018-03-12,18:00:00,9.723,9.723,9.713,9.713,5080,0
2018-03-12,19:00:00,9.713,9.723,9.663,9.67,13912,0
2018-03-12,20:00:00,9.67,9.692,9.663,9.673,5398,0
2018-03-12,21:00:00,9.673,9.703,9.653,9.653,42390,0
2018-03-13,15:00:00,9.683,9.684,9.653,9.663,3082,0
2018-03-13,16:00:00,9.673,9.677,9.651,9.651,17906,0
2018-03-13,17:00:00,9.643,9.653,9.603,9.62,81772,0
2018-03-13,18:00:00,9.617,9.623,9.603,9.603,23549,0
2018-03-13,19:00:00,9.603,9.613,9.594,9.594,14066,0
2018-03-13,20:00:00,9.594,9.603,9.594,9.594,9848,0
2018-03-13,21:00:00,9.594,9.603,9.594,9.594,18239,0
2018-03-14,15:00:00,9.69,9.69,9.64,9.6593,8911,0
2018-03-14,16:00:00,9.64,9.64,9.6101,9.6101,2950,0
2018-03-14,17:00:00,9.62,9.63,9.61,9.63,12956,0
2018-03-14,18:00:00,9.62,9.65,9.61,9.65,6967,0
2018-03-14,19:00:00,9.64,9.6493,9.63,9.6337,28056,0
2018-03-14,20:00:00,9.6416,9.65,9.63,9.6437,20276,0
2018-03-14,21:00:00,9.65,9.67,9.6,9.61,43004,0
2018-03-15,15:00:00,9.6,9.647,9.6,9.647,4356,0
2018-03-15,16:00:00,9.6471,9.6471,9.62,9.6245,12829,0
2018-03-15,17:00:00,9.625,9.63,9.61,9.62,14473,0
2018-03-15,18:00:00,9.61,9.63,9.61,9.62,7009,0
2018-03-15,19:00:00,9.61,9.63,9.61,9.61,1425,0
2018-03-15,20:00:00,9.6101,9.64,9.61,9.638,22421,0
2018-03-15,21:00:00,9.62,9.64,9.62,9.64,16320,0
2018-03-16,15:00:00,9.649,9.649,9.6333,9.6333,8500,0
2018-03-16,16:00:00,9.65,9.66,9.6485,9.66,14567,0
2018-03-16,17:00:00,9.66,9.68,9.66,9.66,19403,0
2018-03-16,18:00:00,9.661,9.68,9.63,9.63,25102,0
2018-03-16,19:00:00,9.6499,9.65,9.6355,9.6355,3401,0
2018-03-16,20:00:00,9.6499,9.66,9.6434,9.66,19361,0
2018-03-16,21:00:00,9.6577,9.66,9.65,9.65,6200,0
2018-03-19,15:00:00,9.64,9.65,9.6316,9.644,9751,0
2018-03-19,16:00:00,9.64,9.64,9.6,9.6165,7987,0
2018-03-19,17:00:00,9.61,9.62,9.6,9.6076,13300,0
2018-03-19,18:00:00,9.601,9.6054,9.59,9.6,15500,0
2018-03-19,19:00:00,9.5999,9.6,9.59,9.59,14095,0
2018-03-19,20:00:00,9.5968,9.6,9.59,9.5966,7625,0
2018-03-19,21:00:00,9.6,9.6,9.57,9.57,32915,0
2018-03-20,15:00:00,9.6099,9.6099,9.59,9.5928,9669,0
2018-03-20,16:00:00,9.6,9.607,9.6,9.6043,6800,0
2018-03-20,17:00:00,9.5932,9.61,9.591,9.61,15800,0
2018-03-20,18:00:00,9.6042,9.61,9.6,9.61,5742,0
2018-03-20,19:00:00,9.6032,9.61,9.6,9.6,3450,0
2018-03-20,20:00:00,9.605,9.61,9.6013,9.61,10000,0
2018-03-20,21:00:00,9.61,9.61,9.6,9.61,18058,0
2018-03-21,15:00:00,9.65,9.65,9.605,9.61,8981,0
2018-03-21,16:00:00,9.6001,9.62,9.57,9.59,19325,0
2018-03-21,17:00:00,9.5892,9.598,9.5837,9.597,10360,0
2018-03-21,18:00:00,9.6,9.6,9.5819,9.5857,7600,0
2018-03-21,19:00:00,9.6,9.6,9.56,9.5899,13210,0
2018-03-21,20:00:00,9.57,9.59,9.57,9.59,15015,0
2018-03-21,21:00:00,9.57,9.61,9.57,9.61,29607,0
2018-03-22,15:00:00,9.6014,9.6044,9.6014,9.6044,2500,0
2018-03-22,16:00:00,9.585,9.61,9.585,9.6,19606,0
2018-03-22,17:00:00,9.601,9.61,9.6,9.6,2425,0
2018-03-22,18:00:00,9.6,9.62,9.6,9.61,4520,0
2018-03-22,19:00:00,9.61,9.62,9.59,9.59,18085,0
2018-03-22,20:00:00,9.59,9.61,9.57,9.57,32790,0
2018-03-22,21:00:00,9.57,9.61,9.56,9.58,23500,0
2018-03-23,15:00:00,9.5748,9.6,9.5701,9.6,2068,0
2018-03-23,16:00:00,9.6,9.62,9.5972,9.62,7348,0
2018-03-23,17:00:00,9.62,9.63,9.62,9.63,2300,0
2018-03-23,18:00:00,9.62,9.63,9.62,9.63,6902,0
2018-03-23,19:00:00,9.63,9.66,9.62,9.65,9274,0
2018-03-23,20:00:00,9.641,9.641,9.62,9.62,6874,0
2018-03-23,21:00:00,9.64,9.64,9.6201,9.64,15500,0
2018-03-26,16:00:00,9.59,9.63,9.59,9.6,23947,0
2018-03-26,17:00:00,9.59,9.61,9.58,9.6,16773,0
2018-03-26,18:00:00,9.6,9.61,9.59,9.61,15934,0
2018-03-26,19:00:00,9.61,9.61,9.6,9.61,700,0
2018-03-26,20:00:00,9.61,9.61,9.58,9.59,18039,0
2018-03-26,21:00:00,9.597,9.61,9.58,9.6,17379,0
2018-03-26,22:00:00,9.61,9.61,9.57,9.58,37965,0
2018-03-27,16:00:00,9.61,9.61,9.5801,9.6,6017,0
2018-03-27,17:00:00,9.5868,9.6,9.58,9.581,3751,0
2018-03-27,18:00:00,9.5875,9.5899,9.5831,9.5841,4200,0
2018-03-27,19:00:00,9.5899,9.6,9.57,9.5756,14475,0
2018-03-27,20:00:00,9.58,9.5952,9.57,9.588,12085,0
2018-03-27,21:00:00,9.58,9.5902,9.57,9.5899,16200,0
2018-03-27,22:00:00,9.58,9.59,9.57,9.59,7408,0
2018-03-28,16:00:00,9.6,9.6,9.59,9.6,3122,0
2018-03-28,17:00:00,9.5999,9.61,9.5938,9.5938,17541,0
2018-03-28,18:00:00,9.597,9.6,9.59,9.599,12350,0
2018-03-28,19:00:00,9.59,9.61,9.59,9.61,10195,0
2018-03-28,20:00:00,9.6099,9.61,9.6,9.61,8000,0
2018-03-28,21:00:00,9.6038,9.61,9.59,9.61,13383,0
2018-03-28,22:00:00,9.61,9.62,9.6,9.62,4929,0
2018-03-29,16:00:00,9.6001,9.62,9.6001,9.6144,5300,0
2018-03-29,17:00:00,9.616,9.625,9.609,9.6116,4437,0
2018-03-29,18:00:00,9.63,9.64,9.62,9.6265,17569,0
2018-03-29,19:00:00,9.621,9.63,9.62,9.6201,12884,0
2018-03-29,20:00:00,9.6299,9.6299,9.62,9.62,4722,0
2018-03-29,21:00:00,9.6269,9.66,9.62,9.631,29371,0
2018-03-29,22:00:00,9.66,9.67,9.63,9.67,13198,0
