Date,Time,Open,High,Low,Close,Volume,OpenInt
2017-08-29,16:00:00,6.65,6.7,6.6,6.7,1320,0
2017-08-29,17:00:00,6.7,6.7,6.7,6.7,100,0
2017-08-29,19:00:00,6.73,6.75,6.73,6.75,3200,0
2017-08-29,20:00:00,6.779,6.7832,6.75,6.7832,3300,0
2017-08-29,21:00:00,6.75,6.8,6.75,6.775,1600,0
2017-08-29,22:00:00,6.8,6.8,6.75,6.75,4045,0
2017-08-30,16:00:00,6.65,6.7167,6.55,6.7167,2699,0
2017-08-30,17:00:00,6.725,6.8,6.725,6.8,815,0
2017-08-30,18:00:00,6.75,6.85,6.75,6.85,4000,0
2017-08-30,19:00:00,6.825,6.9,6.805,6.9,4441,0
2017-08-30,20:00:00,6.9,6.95,6.9,6.9,500,0
2017-08-30,21:00:00,6.95,7,6.9208,6.95,4970,0
2017-08-30,22:00:00,6.95,7.35,6.95,7.2,51750,0
2017-08-31,16:00:00,7.15,7.3764,7,7.25,1200,0
2017-08-31,17:00:00,7.3,7.35,7.25,7.3,1838,0
2017-08-31,18:00:00,7.25,7.4,7.2,7.35,10255,0
2017-08-31,19:00:00,7.3,7.35,7.25,7.35,10069,0
2017-08-31,20:00:00,7.35,7.35,7.25,7.3,23394,0
2017-08-31,21:00:00,7.25,7.35,7.25,7.3,8762,0
2017-08-31,22:00:00,7.2793,7.35,7.25,7.25,17128,0
2017-09-01,16:00:00,7.3,7.3,7.2,7.2,400,0
2017-09-01,17:00:00,7.25,7.25,7.25,7.25,200,0
2017-09-01,18:00:00,7.2,7.2368,7.2,7.2368,2100,0
2017-09-01,19:00:00,7.15,7.175,7.15,7.175,200,0
2017-09-01,20:00:00,7.175,7.2,7.15,7.15,2600,0
2017-09-01,21:00:00,7.175,7.19,7.15,7.175,1393,0
2017-09-01,22:00:00,7.1123,7.2,7.1,7.2,14841,0
2017-09-05,16:00:00,7.2,7.2,7.2,7.2,100,0
2017-09-05,17:00:00,7.125,7.225,7.05,7.1,3454,0
2017-09-05,18:00:00,7.1,7.1,7,7,1500,0
2017-09-05,19:00:00,7.05,7.05,6.95,7,6000,0
2017-09-05,20:00:00,6.95,7,6.95,6.95,4000,0
2017-09-05,21:00:00,6.95,7,6.95,6.95,1640,0
2017-09-05,22:00:00,6.95,7,6.85,6.85,10275,0
2017-09-06,16:00:00,6.9,6.95,6.9,6.9,2856,0
2017-09-06,17:00:00,6.9,7,6.9,7,4092,0
2017-09-06,18:00:00,7,7.05,6.9,6.925,2370,0
2017-09-06,19:00:00,6.95,7,6.925,6.925,2240,0
2017-09-06,20:00:00,6.95,7.05,6.95,7,1739,0
2017-09-06,21:00:00,7,7.05,6.95,7,2000,0
2017-09-06,22:00:00,6.95,7.15,6.95,7.15,19947,0
2017-09-07,16:00:00,7.1,7.1,7.1,7.1,202,0
2017-09-07,17:00:00,7.1,7.1,7,7.1,3100,0
2017-09-07,18:00:00,7.1,7.2,7.05,7.2,3100,0
2017-09-07,19:00:00,7.15,7.2,7.15,7.15,1600,0
2017-09-07,20:00:00,7.2,7.2,7.1,7.15,1100,0
2017-09-07,21:00:00,7.15,7.15,7.1,7.1,59836,0
2017-09-07,22:00:00,7.1,7.1,7,7,23484,0
2017-09-08,16:00:00,7.05,7.05,7.03,7.03,30016,0
2017-09-08,17:00:00,7,7.024,6.95,6.95,900,0
2017-09-08,18:00:00,6.95,7.05,6.95,7.025,1572,0
2017-09-08,19:00:00,7,7.05,7,7.0276,4200,0
2017-09-08,20:00:00,7.025,7.05,6.95,6.975,2862,0
2017-09-08,21:00:00,6.95,7,6.95,6.95,10874,0
2017-09-08,22:00:00,6.975,7,6.9,6.9,6597,0
2017-09-11,16:00:00,6.95,6.95,6.8,6.9,2227,0
2017-09-11,17:00:00,6.85,7,6.85,6.925,17127,0
2017-09-11,18:00:00,6.925,6.925,6.875,6.875,3579,0
2017-09-11,19:00:00,6.875,6.875,6.8,6.85,700,0
2017-09-11,20:00:00,6.85,6.9,6.8,6.875,2000,0
2017-09-11,21:00:00,6.85,6.9,6.85,6.875,2600,0
2017-09-11,22:00:00,6.875,6.9,6.8,6.85,11441,0
2017-09-12,16:00:00,6.85,6.85,6.85,6.85,200,0
2017-09-12,17:00:00,6.8,6.95,6.8,6.95,1100,0
2017-09-12,18:00:00,6.95,7,6.9,6.95,25051,0
2017-09-12,19:00:00,7,7,6.975,7,2220,0
2017-09-12,20:00:00,7,7,6.95,7,3711,0
2017-09-12,21:00:00,7,7,6.95,6.975,1300,0
2017-09-12,22:00:00,7,7.2,6.95,7.125,34781,0
2017-09-13,16:00:00,7,7,6.975,7,33169,0
2017-09-13,17:00:00,7,7,6.95,7,4567,0
2017-09-13,18:00:00,7,7.025,6.95,7.025,9552,0
2017-09-13,19:00:00,7.025,7.05,7,7.025,4400,0
2017-09-13,20:00:00,7.025,7.05,7,7.025,4300,0
2017-09-13,21:00:00,7.05,7.15,6.95,7.1,17818,0
2017-09-13,22:00:00,7.1,7.3,7,7.05,18989,0
2017-09-14,16:00:00,7.1,7.1,7.1,7.1,206,0
2017-09-14,17:00:00,7.075,7.12,7.05,7.075,9799,0
2017-09-14,18:00:00,7.05,7.15,7.05,7.05,600,0
2017-09-14,19:00:00,7.1,7.25,7.1,7.2,4486,0
2017-09-14,20:00:00,7.15,7.25,7.1,7.2,6796,0
2017-09-14,21:00:00,7.2,7.25,7.15,7.25,2800,0
2017-09-14,22:00:00,7.25,7.25,7.15,7.15,5509,0
2017-09-15,16:00:00,7.2,7.2,7.15,7.1743,27315,0
2017-09-15,17:00:00,7.2,7.2,7.05,7.1,1300,0
2017-09-15,18:00:00,7.1,7.15,7.05,7.1,1000,0
2017-09-15,19:00:00,7.1,7.125,7.05,7.05,2220,0
2017-09-15,20:00:00,7.1,7.15,7.05,7.1,1774,0
2017-09-15,21:00:00,7.125,7.15,7.1,7.1,1223,0
2017-09-15,22:00:00,7.125,7.25,7.1,7.25,75131,0
2017-09-18,16:00:00,7.2,7.2,7.2,7.2,382,0
2017-09-18,17:00:00,7.2,7.2,7.15,7.175,5410,0
2017-09-18,18:00:00,7.175,7.175,7.175,7.175,100,0
2017-09-18,19:00:00,7.1743,7.2,7.1743,7.2,1400,0
2017-09-18,20:00:00,7.15,7.175,7.15,7.175,200,0
2017-09-18,21:00:00,7.15,7.2,7.15,7.2,5500,0
2017-09-18,22:00:00,7.175,7.2,7.15,7.15,7428,0
2017-09-19,16:00:00,7.2,7.2,7.2,7.2,100,0
2017-09-19,17:00:00,7.25,7.3,7.2,7.25,2475,0
2017-09-19,18:00:00,7.2,7.25,7.15,7.175,2947,0
2017-09-19,19:00:00,7.2,7.25,7.2,7.225,17381,0
2017-09-19,20:00:00,7.25,7.25,7.2,7.225,2500,0
2017-09-19,21:00:00,7.2,7.25,7.2,7.25,2690,0
2017-09-19,22:00:00,7.2,7.35,7.2,7.25,17117,0
2017-09-20,16:00:00,7.3,7.7,7.3,7.4,700,0
2017-09-20,17:00:00,7.35,7.45,7.35,7.45,1874,0
2017-09-20,18:00:00,7.405,7.65,7.405,7.6,13628,0
2017-09-20,19:00:00,7.6,7.65,7.5,7.6,12218,0
2017-09-20,20:00:00,7.65,7.7,7.62,7.65,8400,0
2017-09-20,21:00:00,7.65,7.7,7.6,7.65,6900,0
2017-09-20,22:00:00,7.65,7.7,7.55,7.65,29721,0
2017-09-21,16:00:00,7.7,7.8589,7.69,7.75,3164,0
2017-09-21,17:00:00,7.7,7.725,7.65,7.65,4716,0
2017-09-21,18:00:00,7.65,7.9,7.65,7.8,14478,0
2017-09-21,19:00:00,7.8,7.8,7.7,7.7,5590,0
2017-09-21,20:00:00,7.7,7.8,7.7,7.725,1200,0
2017-09-21,21:00:00,7.75,7.75,7.7,7.7,1100,0
2017-09-21,22:00:00,7.725,7.725,7.55,7.6,23120,0
2017-09-22,16:00:00,7.65,7.65,7.4973,7.6,2981,0
2017-09-22,17:00:00,7.6,7.645,7.6,7.645,2259,0
2017-09-22,18:00:00,7.6,7.65,7.6,7.6,1900,0
2017-09-22,19:00:00,7.55,7.575,7.55,7.55,800,0
2017-09-22,20:00:00,7.55,7.595,7.525,7.55,5146,0
2017-09-22,21:00:00,7.5,7.5,7.5,7.5,100,0
2017-09-22,22:00:00,7.5,7.55,7.45,7.55,22337,0
2017-09-25,16:00:00,7.7,7.7,7.5,7.5,2500,0
2017-09-25,18:00:00,7.5,7.55,7.45,7.55,11970,0
2017-09-25,19:00:00,7.55,7.55,7.525,7.55,300,0
2017-09-25,20:00:00,7.55,7.55,7.5,7.5,1000,0
2017-09-25,21:00:00,7.5,7.55,7.5,7.525,5520,0
2017-09-25,22:00:00,7.525,7.55,7.5,7.5,4738,0
2017-09-26,16:00:00,7.55,7.6,7.5,7.55,1264,0
2017-09-26,17:00:00,7.54,7.55,7.45,7.55,2573,0
2017-09-26,18:00:00,7.5,7.55,7.45,7.55,6154,0
2017-09-26,19:00:00,7.55,7.6,7.5,7.5,739,0
2017-09-26,20:00:00,7.54,7.55,7.5,7.55,1000,0
2017-09-26,21:00:00,7.55,7.55,7.55,7.55,900,0
2017-09-26,22:00:00,7.5066,7.6,7.5066,7.6,5717,0
2017-09-27,16:00:00,7.5,7.65,7.5,7.6,1532,0
2017-09-27,17:00:00,7.6,7.85,7.55,7.65,20514,0
2017-09-27,18:00:00,7.65,7.7,7.6,7.625,2075,0
2017-09-27,19:00:00,7.625,7.7,7.6,7.7,7180,0
2017-09-27,20:00:00,7.7,7.75,7.55,7.6,29722,0
2017-09-27,21:00:00,7.6,7.7,7.55,7.65,40162,0
2017-09-27,22:00:00,7.7,7.75,7.5,7.6,32067,0
2017-09-28,16:00:00,7.6,7.6,7.6,7.6,110,0
2017-09-28,17:00:00,7.5,7.5,7.43,7.5,2199,0
2017-09-28,18:00:00,7.5,7.55,7.5,7.5,450,0
2017-09-28,19:00:00,7.5,7.95,7.5,7.6,51414,0
2017-09-28,20:00:00,7.625,7.65,7.6234,7.65,900,0
2017-09-28,21:00:00,7.65,7.8,7.625,7.7,16110,0
2017-09-28,22:00:00,7.725,7.8249,7.55,7.6,23480,0
2017-09-29,16:00:00,7.65,7.68,7.65,7.65,1800,0
2017-09-29,17:00:00,7.5,7.575,7.5,7.575,700,0
2017-09-29,18:00:00,7.55,7.65,7.55,7.55,1118,0
2017-09-29,19:00:00,7.575,7.575,7.5,7.5,600,0
2017-09-29,21:00:00,7.51,7.51,7.4,7.425,11300,0
2017-09-29,22:00:00,7.4,7.6,7.4,7.5,23807,0
2017-10-02,16:00:00,7.5,7.65,7.35,7.35,1135,0
2017-10-02,17:00:00,7.4,7.7,7.4,7.65,5933,0
2017-10-02,18:00:00,7.6,7.6,7.55,7.55,500,0
2017-10-02,19:00:00,7.55,7.65,7.55,7.575,2500,0
2017-10-02,20:00:00,7.575,7.575,7.575,7.575,100,0
2017-10-02,21:00:00,7.55,7.55,7.5,7.5,900,0
2017-10-02,22:00:00,7.575,7.6,7.5,7.6,8831,0
2017-10-03,16:00:00,7.7,7.7,7.6,7.65,2908,0
2017-10-03,17:00:00,7.55,7.6,7.45,7.45,4238,0
2017-10-03,18:00:00,7.4701,7.5,7.35,7.35,10187,0
2017-10-03,19:00:00,7.4253,7.45,7.35,7.45,1325,0
2017-10-03,20:00:00,7.45,7.575,7.45,7.52,13856,0
2017-10-03,21:00:00,7.525,7.6,7.5,7.575,2350,0
2017-10-03,22:00:00,7.6,7.7,7.55,7.55,29001,0
2017-10-04,16:00:00,7.6,7.75,7.6,7.7,1006,0
2017-10-04,17:00:00,7.675,7.7,7.6,7.6,5437,0
2017-10-04,18:00:00,7.6,7.7,7.6,7.625,4959,0
2017-10-04,19:00:00,7.6,7.65,7.55,7.575,1811,0
2017-10-04,20:00:00,7.55,7.6,7.5,7.5,1500,0
2017-10-04,21:00:00,7.55,7.6,7.5,7.6,1600,0
2017-10-04,22:00:00,7.6,7.65,7.525,7.65,7200,0
2017-10-05,16:00:00,7.7,7.75,7.5,7.65,49480,0
2017-10-05,17:00:00,7.7,7.85,7.65,7.8025,27067,0
2017-10-05,18:00:00,7.9,7.975,7.6,7.8,42777,0
2017-10-05,19:00:00,7.75,7.8,7.6,7.6,49030,0
2017-10-05,20:00:00,7.6236,7.675,7.6,7.675,1100,0
2017-10-05,21:00:00,7.65,7.7,7.6,7.65,34177,0
2017-10-05,22:00:00,7.65,7.65,7.6,7.65,30003,0
2017-10-06,16:00:00,7.65,7.7,7.5,7.6,24550,0
2017-10-06,17:00:00,7.7,7.7,7.6,7.65,6440,0
2017-10-06,18:00:00,7.65,7.725,7.65,7.65,2500,0
2017-10-06,19:00:00,7.6,7.625,7.6,7.6,22568,0
2017-10-06,20:00:00,7.6,7.625,7.6,7.6,2500,0
2017-10-06,21:00:00,7.6,7.625,7.6,7.6,5163,0
2017-10-06,22:00:00,7.6,7.625,7.305,7.45,58401,0
2017-10-09,16:00:00,7.5,7.5,7.5,7.5,440,0
2017-10-09,17:00:00,7.5,7.5,7.45,7.45,600,0
2017-10-09,18:00:00,7.475,7.475,7.3,7.39,4108,0
2017-10-09,19:00:00,7.35,7.45,7.35,7.45,1000,0
2017-10-09,20:00:00,7.475,7.475,7.25,7.25,4600,0
2017-10-09,21:00:00,7.35,7.45,7.2,7.2,6429,0
2017-10-09,22:00:00,7.15,7.45,7.15,7.25,19822,0
2017-10-10,16:00:00,7.35,7.45,7.35,7.4,2211,0
2017-10-10,17:00:00,7.35,7.4,7.35,7.4,1300,0
2017-10-10,18:00:00,7.5,7.5786,7.45,7.45,10192,0
2017-10-10,19:00:00,7.45,7.55,7.45,7.5,2944,0
2017-10-10,20:00:00,7.5,7.5,7.5,7.5,400,0
2017-10-10,21:00:00,7.55,7.65,7.45,7.6,10925,0
2017-10-10,22:00:00,7.61,7.65,7.525,7.6,26896,0
2017-10-11,16:00:00,7.55,7.55,7.55,7.55,147,0
2017-10-11,17:00:00,7.55,7.65,7.5,7.65,9488,0
2017-10-11,18:00:00,7.65,7.65,7.6,7.6,500,0
2017-10-11,19:00:00,7.55,7.6,7.55,7.6,700,0
2017-10-11,20:00:00,7.6,7.6,7.55,7.575,800,0
2017-10-11,21:00:00,7.6,7.625,7.6,7.6,2500,0
2017-10-11,22:00:00,7.6,7.6,7.55,7.55,3785,0
2017-10-12,16:00:00,7.5,7.55,7.5,7.5,942,0
2017-10-12,17:00:00,7.45,7.5,7.45,7.45,500,0
2017-10-12,18:00:00,7.5,7.5,7.5,7.5,100,0
2017-10-12,19:00:00,7.5,7.525,7.5,7.525,1200,0
2017-10-12,20:00:00,7.55,7.55,7.55,7.55,100,0
2017-10-12,21:00:00,7.525,7.55,7.51,7.525,2301,0
2017-10-12,22:00:00,7.55,7.55,7.4,7.45,6696,0
2017-10-13,16:00:00,7.55,7.6,7.4,7.6,1458,0
2017-10-13,17:00:00,7.675,7.675,7.45,7.5,7079,0
2017-10-13,18:00:00,7.5,7.5,7.5,7.5,400,0
2017-10-13,19:00:00,7.45,7.5,7.45,7.45,1800,0
2017-10-13,20:00:00,7.4752,7.55,7.4,7.55,3265,0
2017-10-13,21:00:00,7.5,7.5,7.45,7.45,4400,0
2017-10-13,22:00:00,7.4,7.45,7.3,7.35,5490,0
2017-10-16,16:00:00,7.4,7.7,7.4,7.4,5546,0
2017-10-16,17:00:00,7.5,7.55,7.45,7.45,1150,0
2017-10-16,18:00:00,7.45,7.45,7.3,7.35,1200,0
2017-10-16,19:00:00,7.35,7.425,7.3,7.4,4054,0
2017-10-16,20:00:00,7.425,7.425,7.4,7.4,1600,0
2017-10-16,21:00:00,7.4,7.425,7.4,7.4,1800,0
2017-10-16,22:00:00,7.45,7.55,7.4,7.45,19133,0
2017-10-17,16:00:00,7.35,7.4,7.35,7.4,200,0
2017-10-17,17:00:00,7.4998,7.55,7.35,7.55,3622,0
2017-10-17,18:00:00,7.5,7.55,7.5,7.5,300,0
2017-10-17,19:00:00,7.525,7.75,7.5135,7.6,9190,0
2017-10-17,20:00:00,7.6,7.65,7.55,7.55,2100,0
2017-10-17,21:00:00,7.5728,7.5728,7.5728,7.5728,550,0
2017-10-17,22:00:00,7.6,7.65,7.5,7.6,5936,0
2017-10-18,16:00:00,7.55,7.55,7.5,7.5,3345,0
2017-10-18,17:00:00,7.5,7.525,7.5,7.525,5870,0
2017-10-18,18:00:00,7.5,7.525,7.4,7.45,2399,0
2017-10-18,19:00:00,7.4,7.5,7.4,7.4607,2337,0
2017-10-18,20:00:00,7.5,7.55,7.4,7.45,1881,0
2017-10-18,21:00:00,7.45,7.55,7.45,7.55,3549,0
2017-10-18,22:00:00,7.5,7.55,7.45,7.45,5881,0
2017-10-19,16:00:00,7.45,7.55,7.4,7.5,22783,0
2017-10-19,17:00:00,7.5,7.65,7.5,7.6,4318,0
2017-10-19,18:00:00,7.6,7.65,7.6,7.6,1200,0
2017-10-19,19:00:00,7.6356,7.6356,7.6,7.6,4500,0
2017-10-19,20:00:00,7.625,7.65,7.6,7.65,1100,0
2017-10-19,21:00:00,7.675,7.75,7.65,7.7,19914,0
2017-10-19,22:00:00,7.725,7.8,7.7,7.7,7252,0
2017-10-20,16:00:00,7.8,7.8,7.7,7.7,5791,0
2017-10-20,17:00:00,7.75,8.05,7.7,7.95,15159,0
2017-10-20,18:00:00,7.95,8,7.9,7.95,1203,0
2017-10-20,19:00:00,7.925,8.05,7.9,8,23563,0
2017-10-20,20:00:00,8,8,7.95,8,19000,0
2017-10-20,21:00:00,8,8,7.65,7.8,13067,0
2017-10-20,22:00:00,7.85,7.95,7.75,7.8,8992,0
2017-10-23,16:00:00,7.85,7.85,7.75,7.75,500,0
2017-10-23,17:00:00,7.7,7.7,7.5,7.5,12918,0
2017-10-23,18:00:00,7.6,7.6,7.5,7.55,800,0
2017-10-23,19:00:00,7.55,7.55,7.5,7.55,2500,0
2017-10-23,20:00:00,7.55,7.5514,7.55,7.55,855,0
2017-10-23,21:00:00,7.55,7.6,7.45,7.55,8073,0
2017-10-23,22:00:00,7.64,7.825,7.6,7.7,11957,0
2017-10-24,16:00:00,7.75,7.8,7.75,7.75,821,0
2017-10-24,17:00:00,7.8499,7.8499,7.75,7.75,3610,0
2017-10-24,18:00:00,7.75,7.8,7.75,7.75,1100,0
2017-10-24,19:00:00,7.75,7.8,7.75,7.775,1792,0
2017-10-24,20:00:00,7.75,7.8,7.75,7.8,5045,0
2017-10-24,21:00:00,7.78,7.85,7.75,7.85,6245,0
2017-10-24,22:00:00,7.8,7.85,7.75,7.75,9978,0
2017-10-25,16:00:00,7.75,7.75,7.75,7.75,102,0
2017-10-25,17:00:00,7.5827,7.5827,7.55,7.55,300,0
2017-10-25,18:00:00,7.6022,7.7,7.5,7.65,5100,0
2017-10-25,19:00:00,7.65,7.75,7.65,7.75,1188,0
2017-10-25,20:00:00,7.75,7.85,7.7,7.85,1500,0
2017-10-25,21:00:00,7.9,7.9,7.8,7.85,1764,0
2017-10-25,22:00:00,7.9,8,7.85,7.95,7017,0
2017-10-26,16:00:00,8,8.1,7.9,8.05,3864,0
2017-10-26,17:00:00,7.9964,8.05,7.95,7.95,1349,0
2017-10-26,18:00:00,8,8,8,8,950,0
2017-10-26,19:00:00,8,8,8,8,200,0
2017-10-26,20:00:00,8.05,8.05,8.05,8.05,100,0
2017-10-26,21:00:00,8.025,8.05,8,8.05,3565,0
2017-10-26,22:00:00,7.95,8.1,7.9,8.1,4246,0
2017-10-27,16:00:00,8,8.0002,7.95,7.9922,6500,0
2017-10-27,17:00:00,7.975,8,7.9,7.95,7447,0
2017-10-27,18:00:00,8,8.05,7.95,7.95,1978,0
2017-10-27,19:00:00,8,8.05,7.8,7.95,13620,0
2017-10-27,20:00:00,8,8,7.9,7.9,3341,0
2017-10-27,21:00:00,8,8,7.95,8,3900,0
2017-10-27,22:00:00,8,8.1,7.95,8.1,16292,0
2017-10-30,16:00:00,7.95,8,7.9,7.95,1161,0
2017-10-30,17:00:00,7.95,8,7.9,7.95,1200,0
2017-10-30,18:00:00,7.925,7.925,7.9,7.9,200,0
2017-10-30,19:00:00,7.9,7.9,7.8,7.8,2364,0
2017-10-30,20:00:00,7.85,7.85,7.65,7.7,2450,0
2017-10-30,21:00:00,7.7,7.8,7.65,7.8,6583,0
2017-10-31,15:00:00,7.8,7.95,7.6,7.85,4289,0
2017-10-31,16:00:00,7.75,7.75,7.6,7.75,2800,0
2017-10-31,17:00:00,7.7,7.7,7.65,7.65,700,0
2017-10-31,18:00:00,7.65,7.7,7.65,7.65,1600,0
2017-10-31,19:00:00,7.65,7.65,7.4,7.5,17615,0
2017-10-31,20:00:00,7.545,7.575,7.45,7.55,8639,0
2017-10-31,21:00:00,7.55,7.65,7.55,7.6,13894,0
2017-11-01,15:00:00,7.7,7.7,7.6584,7.7,927,0
2017-11-01,16:00:00,7.55,7.55,7.3,7.3,1400,0
2017-11-01,17:00:00,7.35,7.45,7.35,7.45,5379,0
2017-11-01,18:00:00,7.49,7.49,7.45,7.45,1295,0
2017-11-01,20:00:00,7.45,7.45,7.35,7.35,694,0
2017-11-01,21:00:00,7.35,7.45,7.35,7.4,8385,0
2017-11-02,15:00:00,7.45,7.45,7.45,7.45,2158,0
2017-11-02,16:00:00,7.4,7.4,7.35,7.375,1900,0
2017-11-02,17:00:00,7.425,7.55,7.35,7.45,4000,0
2017-11-02,18:00:00,7.55,7.55,7.45,7.45,2458,0
2017-11-02,19:00:00,7.4,7.4,7.35,7.39,3350,0
2017-11-02,20:00:00,7.35,7.39,7.35,7.35,1315,0
2017-11-02,21:00:00,7.395,7.44,7.3,7.35,33463,0
2017-11-03,15:00:00,7.4,7.5,7.4,7.45,2700,0
2017-11-03,16:00:00,7.3,7.35,7.3,7.35,1500,0
2017-11-03,17:00:00,7.3,7.445,7.3,7.4,1600,0
2017-11-03,18:00:00,7.4,7.5,7.4,7.45,2200,0
2017-11-03,20:00:00,7.45,7.4886,7.45,7.45,4300,0
2017-11-03,21:00:00,7.45,7.5,7.35,7.35,4360,0
2017-11-06,16:00:00,7.4,7.4,7.4,7.4,100,0
2017-11-06,17:00:00,7.35,7.35,7.255,7.3,9825,0
2017-11-06,18:00:00,7.3,7.35,7.3,7.305,673,0
2017-11-06,19:00:00,7.395,7.55,7.35,7.5,12973,0
2017-11-06,20:00:00,7.45,7.55,7.45,7.5,3500,0
2017-11-06,21:00:00,7.45,7.475,7.45,7.475,800,0
2017-11-06,22:00:00,7.5,7.55,7.45,7.45,6036,0
2017-11-07,16:00:00,7.4,7.4,7.4,7.4,100,0
2017-11-07,17:00:00,7.5,7.55,7.5,7.55,600,0
2017-11-07,18:00:00,7.5115,7.5115,7.4,7.4,4500,0
2017-11-07,19:00:00,7.45,7.46,7.4,7.46,600,0
2017-11-07,20:00:00,7.45,7.45,7.4,7.4,700,0
2017-11-07,21:00:00,7.35,7.425,7.35,7.4,800,0
2017-11-07,22:00:00,7.4,7.425,7.2,7.3,22408,0
2017-11-08,16:00:00,7.25,7.35,7.25,7.35,1515,0
2017-11-08,17:00:00,7.35,7.4,7.35,7.4,200,0
2017-11-08,18:00:00,7.35,7.4,7.35,7.4,5849,0
2017-11-08,19:00:00,7.375,7.39,7.35,7.35,1800,0
2017-11-08,20:00:00,7.35,7.4,7.35,7.35,400,0
2017-11-08,21:00:00,7.35,7.4,7.35,7.35,1200,0
2017-11-08,22:00:00,7.4,7.45,7.35,7.35,8814,0
2017-11-09,17:00:00,7.4,7.4,7.3747,7.3747,2027,0
2017-11-09,18:00:00,7.4223,7.425,7.4,7.425,500,0
2017-11-09,20:00:00,7.35,7.4,7.35,7.4,200,0
2017-11-09,21:00:00,7.45,7.45,7.35,7.35,200,0
2017-11-09,22:00:00,7.3622,7.4,7.35,7.4,9152,0
2017-11-10,16:00:00,7.35,7.4,7.35,7.4,437,0
2017-11-10,17:00:00,7.42,7.42,7.35,7.35,350,0
2017-11-10,20:00:00,7.35,7.355,7.35,7.355,1200,0
2017-11-10,21:00:00,7.375,7.4,7.375,7.4,200,0
2017-11-10,22:00:00,7.375,7.4,7.2,7.2,9092,0
2017-11-13,16:00:00,7.05,7.25,7,7.2,5747,0
2017-11-13,17:00:00,7.15,7.15,7,7.05,8102,0
2017-11-13,18:00:00,7.05,7.1,7,7.075,840,0
2017-11-13,19:00:00,7.1,7.1,7.0823,7.1,4564,0
2017-11-13,20:00:00,7.1,7.2,7.1,7.1,400,0
2017-11-13,21:00:00,7.15,7.15,7.1,7.1,400,0
2017-11-13,22:00:00,7.1,7.15,7.1,7.1,1031,0
2017-11-14,16:00:00,7.05,7.05,7,7.05,1863,0
2017-11-14,17:00:00,7.12,7.12,7,7.05,8211,0
2017-11-14,18:00:00,7.005,7.1,7.005,7.05,4567,0
2017-11-14,20:00:00,7,7,7,7,100,0
2017-11-14,22:00:00,7.1,7.1,7,7.05,3441,0
2017-11-15,16:00:00,7.05,7.105,7.05,7.05,2952,0
2017-11-15,17:00:00,7.1,7.1132,7.1,7.1132,4100,0
2017-11-15,18:00:00,7.14,7.14,7.045,7.045,13381,0
2017-11-15,19:00:00,7.095,7.2,7.095,7.1,15057,0
2017-11-15,20:00:00,7.1,7.1,7.05,7.1,900,0
2017-11-15,21:00:00,7.1,7.1,7.1,7.1,13425,0
2017-11-15,22:00:00,7.05,7.15,7.05,7.1,6989,0
2017-11-16,16:00:00,7.1,7.1,7,7.05,1227,0
2017-11-16,17:00:00,7.0398,7.15,7,7.125,15924,0
2017-11-16,18:00:00,7.1,7.2,7.075,7.15,53326,0
2017-11-16,19:00:00,7.15,7.15,7.1,7.1,1880,0
2017-11-16,20:00:00,7.1,7.15,7.1,7.1,300,0
2017-11-16,21:00:00,7.1,7.1,7.1,7.1,6109,0
2017-11-16,22:00:00,7,7.1,7,7.1,5233,0
2017-11-17,16:00:00,7.1,7.15,7.05,7.15,6031,0
2017-11-17,17:00:00,7.05,7.1,7.05,7.1,500,0
2017-11-17,18:00:00,7.05,7.1,7.05,7.1,200,0
2017-11-17,19:00:00,7.05,7.1,7.05,7.05,6600,0
2017-11-17,20:00:00,7.05,7.05,6.855,7,6088,0
2017-11-17,21:00:00,7.1,7.1,7.1,7.1,200,0
2017-11-17,22:00:00,7.05,7.09,6.95,7,5072,0
2017-11-20,16:00:00,7.05,7.05,7.05,7.05,131,0
2017-11-20,17:00:00,7.0813,7.0813,7,7.05,3501,0
2017-11-20,18:00:00,7,7,7,7,100,0
2017-11-20,20:00:00,7.05,7.05,7,7,405,0
2017-11-20,21:00:00,7.0305,7.05,7,7.05,414,0
2017-11-20,22:00:00,7,7.05,7,7.05,5427,0
2017-11-21,16:00:00,7.1,7.1,6.95,7,1345,0
2017-11-21,17:00:00,7.06,7.06,6.95,7,9465,0
2017-11-21,18:00:00,7,7,7,7,2562,0
2017-11-21,19:00:00,6.95,7.05,6.95,7.05,27600,0
2017-11-21,20:00:00,7,7.05,6.97,7.05,28201,0
2017-11-21,21:00:00,7,7.05,6.9761,7,17600,0
2017-11-21,22:00:00,7,7,6.95,7,16995,0
2017-11-22,16:00:00,7.05,7.05,6.95,7,10636,0
2017-11-22,17:00:00,6.975,7,6.975,7,900,0
2017-11-22,18:00:00,6.975,7,6.95,7,5777,0
2017-11-22,19:00:00,7,7,6.95,6.975,5800,0
2017-11-22,20:00:00,7,7.05,7,7,35326,0
2017-11-22,21:00:00,6.95,7.05,6.95,7,17889,0
2017-11-22,22:00:00,7,7,6.95,6.95,63974,0
2017-11-24,16:00:00,7,7,7,7,829,0
2017-11-24,17:00:00,7,7.07,7,7.05,4500,0
2017-11-24,18:00:00,7.1,7.1,7.0857,7.0857,2636,0
2017-11-24,19:00:00,7.1,7.195,7.05,7.15,13355,0
2017-11-24,20:00:00,7.2,7.2,7.2,7.2,1708,0
2017-11-27,16:00:00,7.05,7.075,7.05,7.075,4898,0
2017-11-27,17:00:00,7.075,7.1,7.05,7.075,4479,0
2017-11-27,18:00:00,7.05,7.05,6.8236,6.9,12761,0
2017-11-27,19:00:00,6.925,7,6.925,7,3745,0
2017-11-27,20:00:00,7,7,6.95,6.95,2036,0
2017-11-27,21:00:00,7,7.045,6.95,7,11333,0
2017-11-27,22:00:00,6.95,7.1,6.9238,7,29662,0
2017-11-28,16:00:00,7,7,6.9,6.9,412,0
2017-11-28,18:00:00,6.979,6.979,6.95,6.975,2941,0
2017-11-28,19:00:00,6.95,6.95,6.855,6.9,10420,0
2017-11-28,20:00:00,6.95,6.95,6.95,6.95,1036,0
2017-11-28,21:00:00,6.95,7.05,6.95,7.05,24992,0
2017-11-28,22:00:00,7,7.05,6.95,7.05,39342,0
2017-11-29,16:00:00,7,7,6.975,7,19489,0
2017-11-29,17:00:00,7.05,7.05,7.05,7.05,2171,0
2017-11-29,18:00:00,7.05,7.05,7,7,11000,0
2017-11-29,19:00:00,7.05,7.05,6.95,7,2282,0
2017-11-29,20:00:00,7,7,7,7,600,0
2017-11-29,21:00:00,7,7,6.95,6.95,5256,0
2017-11-29,22:00:00,7,7,6.9,7,16521,0
2017-11-30,16:00:00,7.05,7.1,7,7,5136,0
2017-11-30,17:00:00,7,7.0315,7,7,5348,0
2017-11-30,18:00:00,6.95,6.975,6.95,6.975,1622,0
2017-11-30,19:00:00,6.95,6.95,6.95,6.95,300,0
2017-11-30,20:00:00,6.99,6.99,6.975,6.975,3900,0
2017-11-30,21:00:00,6.9576,6.99,6.9576,6.99,1075,0
2017-11-30,22:00:00,7,7,6.95,6.95,8944,0
2017-12-01,16:00:00,6.85,6.9,6.85,6.9,1888,0
2017-12-01,17:00:00,6.9,6.9,6.85,6.85,400,0
2017-12-01,18:00:00,6.85,6.875,6.75,6.75,6595,0
2017-12-01,19:00:00,6.7,6.8,6.7,6.75,2500,0
2017-12-01,20:00:00,6.845,6.9,6.845,6.9,1600,0
2017-12-01,21:00:00,6.85,6.875,6.8,6.8,9377,0
2017-12-01,22:00:00,6.75,6.8,6.7,6.8,32135,0
2017-12-04,16:00:00,6.75,6.75,6.6968,6.75,7182,0
2017-12-04,17:00:00,6.75,6.8,6.74,6.8,700,0
2017-12-04,18:00:00,6.8,6.8,6.8,6.8,500,0
2017-12-04,19:00:00,6.8,6.8,6.7065,6.75,4054,0
2017-12-04,20:00:00,6.7,6.8,6.7,6.75,2400,0
2017-12-04,21:00:00,6.75,6.75,6.7,6.7,2000,0
2017-12-04,22:00:00,6.75,6.75,6.65,6.65,13650,0
2017-12-05,16:00:00,6.65,6.75,6.65,6.75,7508,0
2017-12-05,17:00:00,6.75,6.8,6.75,6.75,2100,0
2017-12-05,18:00:00,6.8,6.8,6.75,6.79,5515,0
2017-12-05,19:00:00,6.75,6.825,6.75,6.825,1890,0
2017-12-05,20:00:00,6.825,6.85,6.8,6.8,3300,0
2017-12-05,21:00:00,6.85,6.85,6.8,6.85,8100,0
2017-12-05,22:00:00,6.825,7,6.8,6.9,17006,0
2017-12-06,16:00:00,6.95,7.04,6.95,7.04,4786,0
2017-12-06,17:00:00,7,7.05,7,7,1300,0
2017-12-06,18:00:00,7,7.05,6.95,7,8104,0
2017-12-06,19:00:00,7.05,7.05,7,7,200,0
2017-12-06,21:00:00,7,7.0873,7,7.0873,1600,0
2017-12-06,22:00:00,7,7.2,7,7.1,21689,0
2017-12-07,16:00:00,7.1,7.2167,7.1,7.15,1307,0
2017-12-07,17:00:00,7.25,7.25,7.1998,7.25,500,0
2017-12-07,18:00:00,7.25,7.35,7.15,7.3,29317,0
2017-12-07,19:00:00,7.3,7.45,7.25,7.432,14076,0
2017-12-07,20:00:00,7.45,7.45,7.35,7.4,8028,0
2017-12-07,21:00:00,7.4,7.4,7.35,7.4,2000,0
2017-12-07,22:00:00,7.4,7.4,7.3,7.35,7519,0
2017-12-08,16:00:00,7.4,7.6,7.3,7.45,644,0
2017-12-08,17:00:00,7.45,7.5,7.3932,7.4322,8011,0
2017-12-08,18:00:00,7.5,7.65,7.4955,7.65,13903,0
2017-12-08,19:00:00,7.65,7.7,7.65,7.65,4703,0
2017-12-08,20:00:00,7.655,7.75,7.655,7.725,2400,0
2017-12-08,21:00:00,7.75,7.75,7.7,7.75,700,0
2017-12-08,22:00:00,7.7,7.75,7.628,7.65,10612,0
2017-12-11,16:00:00,7.6,7.74,7.6,7.7,1770,0
2017-12-11,17:00:00,7.675,7.7,7.65,7.7,4000,0
2017-12-11,18:00:00,7.675,7.675,7.65,7.65,500,0
2017-12-11,19:00:00,7.65,7.7,7.5,7.6,8329,0
2017-12-11,20:00:00,7.6,7.65,7.6,7.65,1500,0
2017-12-11,21:00:00,7.65,7.65,7.55,7.6,4100,0
2017-12-11,22:00:00,7.65,7.7,7.6,7.65,12790,0
2017-12-12,16:00:00,7.7,7.7,7.65,7.675,530,0
2017-12-12,17:00:00,7.65,7.7,7.6,7.65,1300,0
2017-12-12,18:00:00,7.65,7.8,7.65,7.75,11879,0
2017-12-12,19:00:00,7.65,7.75,7.65,7.7,1100,0
2017-12-12,20:00:00,7.75,7.75,7.65,7.65,3300,0
2017-12-12,21:00:00,7.65,7.7,7.6,7.6,1465,0
2017-12-12,22:00:00,7.55,7.55,7.45,7.45,3762,0
2017-12-13,16:00:00,7.45,7.5,7.45,7.5,1169,0
2017-12-13,17:00:00,7.55,7.65,7.55,7.65,2300,0
2017-12-13,18:00:00,7.65,7.7,7.65,7.7,1225,0
2017-12-13,19:00:00,7.675,7.675,7.675,7.675,1133,0
2017-12-13,20:00:00,7.65,7.8,7.65,7.775,10267,0
2017-12-13,21:00:00,7.8,7.85,7.75,7.85,4895,0
2017-12-13,22:00:00,7.85,7.85,7.75,7.8,11698,0
2017-12-14,16:00:00,7.8,8,7.8,8,357,0
2017-12-14,17:00:00,8,8.0002,7.9,7.95,3132,0
2017-12-14,18:00:00,7.85,7.9,7.85,7.9,1899,0
2017-12-14,19:00:00,7.9,7.9,7.75,7.9,1400,0
2017-12-14,20:00:00,7.8,7.85,7.75,7.85,2708,0
2017-12-14,21:00:00,7.7,7.85,7.6,7.85,2900,0
2017-12-14,22:00:00,7.75,7.8,7.65,7.7,5316,0
2017-12-15,16:00:00,7.65,7.7119,7.36,7.7,28995,0
2017-12-15,17:00:00,7.75,7.85,7.7,7.7,1000,0
2017-12-15,18:00:00,7.7,7.76,7.65,7.75,1200,0
2017-12-15,19:00:00,7.7749,7.8,7.75,7.8,2402,0
2017-12-15,20:00:00,7.8,7.8,7.75,7.75,6742,0
2017-12-15,21:00:00,7.75,8,7.75,8,13635,0
2017-12-15,22:00:00,8,8,7.9,7.9,21550,0
2017-12-18,16:00:00,8.05,8.1,7.9,8.1,2252,0
2017-12-18,17:00:00,8.0502,8.1,7.95,8,1541,0
2017-12-18,19:00:00,7.975,8.05,7.95,8,2800,0
2017-12-18,20:00:00,8.05,8.05,7.983,8,1281,0
2017-12-18,21:00:00,8,8,7.8,7.8,700,0
2017-12-18,22:00:00,7.65,7.8,7.65,7.8,8361,0
2017-12-19,16:00:00,7.85,7.85,7.8,7.8,219,0
2017-12-19,17:00:00,7.75,7.85,7.75,7.8,2487,0
2017-12-19,18:00:00,7.85,7.9,7.75,7.9,6279,0
2017-12-19,19:00:00,7.9,7.9,7.8,7.8,800,0
2017-12-19,20:00:00,7.75,7.85,7.75,7.85,300,0
2017-12-19,21:00:00,7.8169,7.95,7.75,7.95,1488,0
2017-12-19,22:00:00,7.95,8.5,7.95,8.5,43642,0
2017-12-20,16:00:00,8.5,8.55,8.4268,8.55,12260,0
2017-12-20,17:00:00,8.5,8.55,8.4,8.4,12869,0
2017-12-20,18:00:00,8.45,8.5,8.3,8.4,3460,0
2017-12-20,19:00:00,8.355,8.4,8.35,8.4,2573,0
2017-12-20,20:00:00,8.35,8.45,8.35,8.425,1000,0
2017-12-20,21:00:00,8.4,8.4,8.3,8.35,4100,0
2017-12-20,22:00:00,8.35,8.4,8.25,8.25,16898,0
2017-12-21,16:00:00,8.3,8.3,8.25,8.25,1319,0
2017-12-21,17:00:00,8.25,8.35,8.25,8.35,6600,0
2017-12-21,18:00:00,8.35,8.45,8.35,8.35,3100,0
2017-12-21,19:00:00,8.35,8.45,8.35,8.4,2500,0
2017-12-21,20:00:00,8.45,8.5,8.4,8.5,2490,0
2017-12-21,21:00:00,8.5,8.5,8.4,8.4,1300,0
2017-12-21,22:00:00,8.4,8.45,8.4,8.4,6285,0
2017-12-22,16:00:00,8.5,8.5,8.25,8.25,14202,0
2017-12-22,17:00:00,8.25,8.35,8.25,8.25,7857,0
2017-12-22,18:00:00,8.25,8.3,8.25,8.3,900,0
2017-12-22,19:00:00,8.25,8.25,8.25,8.25,200,0
2017-12-22,20:00:00,8.25,8.25,8.25,8.25,100,0
2017-12-22,21:00:00,8.25,8.25,8.25,8.25,400,0
2017-12-22,22:00:00,8.3,8.3,8.25,8.25,7157,0
2017-12-26,16:00:00,8.3,8.3985,8.3,8.3985,301,0
2017-12-26,17:00:00,8.3,8.3,8.25,8.25,200,0
2017-12-26,18:00:00,8.2765,8.2765,8.25,8.25,200,0
2017-12-26,19:00:00,8.35,8.35,8.35,8.35,100,0
2017-12-26,21:00:00,8.3,8.3,8.25,8.25,300,0
2017-12-26,22:00:00,8.3,8.3,8.25,8.25,4346,0
2017-12-27,17:00:00,8.3,8.35,8.3,8.35,600,0
2017-12-27,18:00:00,8.35,8.375,8.35,8.375,500,0
2017-12-27,19:00:00,8.4,8.5,8.4,8.45,3200,0
2017-12-27,20:00:00,8.45,8.45,8.4,8.45,2958,0
2017-12-27,21:00:00,8.375,8.4,8.355,8.4,2895,0
2017-12-27,22:00:00,8.375,8.6,8.35,8.55,13584,0
2017-12-28,16:00:00,8.5,8.6,8.5,8.6,2825,0
2017-12-28,17:00:00,8.55,8.55,8.55,8.55,800,0
2017-12-28,18:00:00,8.55,8.55,8.55,8.55,100,0
2017-12-28,19:00:00,8.525,8.55,8.525,8.5278,575,0
2017-12-28,20:00:00,8.5,8.55,8.5,8.525,7150,0
2017-12-28,21:00:00,8.55,8.55,8.5,8.5,2000,0
2017-12-28,22:00:00,8.5,8.5,8.45,8.45,2372,0
2017-12-29,16:00:00,8.45,8.55,8.45,8.45,1076,0
2017-12-29,17:00:00,8.5,8.525,8.5,8.525,700,0
2017-12-29,18:00:00,8.525,8.525,8.4,8.45,4386,0
2017-12-29,19:00:00,8.4,8.45,8.35,8.4,2100,0
2017-12-29,20:00:00,8.4,8.45,8.4,8.45,700,0
2017-12-29,21:00:00,8.36,8.5,8.36,8.5,1800,0
2017-12-29,22:00:00,8.5,8.5,8.35,8.35,8363,0
2018-01-02,16:00:00,8.45,8.45,8.45,8.45,100,0
2018-01-02,17:00:00,8.35,8.35,8.35,8.35,100,0
2018-01-02,18:00:00,8.3,8.4,8.3,8.35,1615,0
2018-01-02,19:00:00,8.3,8.3,8.3,8.3,100,0
2018-01-02,20:00:00,8.4,8.4,8.4,8.4,100,0
2018-01-02,21:00:00,8.4,8.4,8.4,8.4,100,0
2018-01-02,22:00:00,8.3,8.4,8.3,8.35,7419,0
2018-01-03,16:00:00,8.3,8.425,8.3,8.425,2190,0
2018-01-03,17:00:00,8.35,8.35,8.35,8.35,600,0
2018-01-03,18:00:00,8.3,8.35,8.3,8.35,200,0
2018-01-03,19:00:00,8.3,8.4,8.3,8.35,300,0
2018-01-03,20:00:00,8.35,8.35,8.35,8.35,200,0
2018-01-03,21:00:00,8.37,8.4,8.35,8.35,2701,0
2018-01-03,22:00:00,8.3738,8.3738,8.25,8.3,17353,0
2018-01-04,16:00:00,8.3,8.4,8.3,8.4,624,0
2018-01-04,17:00:00,8.25,8.25,8.25,8.25,101,0
2018-01-04,19:00:00,8.3,8.3,8.25,8.3,1482,0
2018-01-04,20:00:00,8.3,8.35,8.25,8.3,2821,0
2018-01-04,21:00:00,8.3,8.3,8.25,8.3,1000,0
2018-01-04,22:00:00,8.35,8.4,8.3,8.3,7255,0
2018-01-05,16:00:00,8.3,8.4,8.3,8.4,607,0
2018-01-05,17:00:00,8.375,8.45,8.35,8.4,700,0
2018-01-05,18:00:00,8.4,8.45,8.35,8.425,2000,0
2018-01-05,19:00:00,8.425,8.45,8.4,8.45,1000,0
2018-01-05,20:00:00,8.45,8.45,8.3,8.3,3700,0
2018-01-05,21:00:00,8.3,8.45,8.3,8.4,6869,0
2018-01-05,22:00:00,8.45,8.45,8.35,8.35,6719,0
2018-01-08,16:00:00,8.35,8.4,8.35,8.36,1687,0
2018-01-08,17:00:00,8.35,8.45,8.35,8.4,464,0
2018-01-08,18:00:00,8.45,8.5,8.4,8.5,11055,0
2018-01-08,19:00:00,8.5,8.7,8.4669,8.7,18857,0
2018-01-08,20:00:00,8.7,8.7,8.65,8.65,2900,0
2018-01-08,21:00:00,8.675,8.7,8.65,8.69,2906,0
2018-01-08,22:00:00,8.7,8.7,8.65,8.65,4400,0
2018-01-09,16:00:00,8.65,8.65,8.65,8.65,201,0
2018-01-09,17:00:00,8.53,8.55,8.53,8.55,2240,0
2018-01-09,18:00:00,8.425,8.65,8.405,8.65,11242,0
2018-01-09,19:00:00,8.5,8.65,8.5,8.65,2500,0
2018-01-09,21:00:00,8.64,8.65,8.64,8.65,550,0
2018-01-09,22:00:00,8.55,8.65,8.55,8.55,1478,0
2018-01-10,16:00:00,8.6,8.6,8.475,8.475,1114,0
2018-01-10,17:00:00,8.475,8.475,8.475,8.475,200,0
2018-01-10,18:00:00,8.4,8.45,8.375,8.4,2460,0
2018-01-10,19:00:00,8.4,8.4,8.35,8.4,1877,0
2018-01-10,20:00:00,8.35,8.4,8.35,8.35,2782,0
2018-01-10,21:00:00,8.45,8.5,8.45,8.5,900,0
2018-01-10,22:00:00,8.45,8.5,8.45,8.5,2100,0
2018-01-11,16:00:00,8.5,8.6,8.5,8.5,531,0
2018-01-11,17:00:00,8.6,8.6,8.6,8.6,504,0
2018-01-11,18:00:00,8.55,8.55,8.55,8.55,200,0
2018-01-11,19:00:00,8.55,8.6,8.55,8.6,500,0
2018-01-11,20:00:00,8.55,8.55,8.55,8.55,100,0
2018-01-11,21:00:00,8.6,8.6,8.6,8.6,1076,0
2018-01-11,22:00:00,8.6,8.6,8.55,8.6,4963,0
2018-01-12,16:00:00,8.65,8.65,8.65,8.65,910,0
2018-01-12,17:00:00,8.6,8.6,8.55,8.55,600,0
2018-01-12,18:00:00,8.65,8.7,8.65,8.675,1200,0
2018-01-12,19:00:00,8.65,8.7,8.65,8.7,300,0
2018-01-12,20:00:00,8.7,8.7,8.65,8.675,3522,0
2018-01-12,21:00:00,8.675,8.675,8.65,8.675,2084,0
2018-01-12,22:00:00,8.65,8.65,8.5,8.55,10024,0
2018-01-16,16:00:00,8.55,8.75,8.4875,8.74,3213,0
2018-01-16,17:00:00,8.75,8.75,8.675,8.7,9900,0
2018-01-16,18:00:00,8.7,8.75,8.65,8.65,900,0
2018-01-16,19:00:00,8.75,8.75,8.725,8.725,300,0
2018-01-16,20:00:00,8.75,8.75,8.65,8.65,2548,0
2018-01-16,21:00:00,8.7,8.7,8.6,8.6,700,0
2018-01-16,22:00:00,8.6,8.6143,8.5,8.6,4237,0
2018-01-17,16:00:00,8.7,8.7,8.7,8.7,128,0
2018-01-17,17:00:00,8.6,8.6,8.545,8.545,2382,0
2018-01-17,18:00:00,8.55,8.65,8.5,8.55,1600,0
2018-01-17,19:00:00,8.55,8.55,8.5,8.5,400,0
2018-01-17,20:00:00,8.5488,8.55,8.527,8.55,1311,0
2018-01-17,21:00:00,8.555,8.575,8.555,8.575,1137,0
2018-01-17,22:00:00,8.6,8.75,8.6,8.75,7627,0
2018-01-18,16:00:00,8.7,8.7,8.7,8.7,393,0
2018-01-18,17:00:00,8.7,8.7,8.675,8.7,600,0
2018-01-18,18:00:00,8.7,8.7,8.675,8.675,400,0
2018-01-18,19:00:00,8.7,8.7,8.65,8.65,600,0
2018-01-18,20:00:00,8.675,8.7,8.675,8.675,400,0
2018-01-18,22:00:00,8.7,8.75,8.65,8.75,11740,0
2018-01-19,16:00:00,8.75,8.75,8.6,8.6,4018,0
2018-01-19,17:00:00,8.5801,8.6049,8.55,8.55,965,0
2018-01-19,18:00:00,8.64,8.65,8.6,8.625,26100,0
2018-01-19,19:00:00,8.65,8.65,8.6,8.625,7331,0
2018-01-19,20:00:00,8.625,8.65,8.625,8.625,1600,0
2018-01-19,21:00:00,8.625,8.65,8.6,8.625,3768,0
2018-01-19,22:00:00,8.625,8.6802,8.6,8.65,27583,0
2018-01-22,16:00:00,8.65,8.69,8.65,8.69,1705,0
2018-01-22,17:00:00,8.64,8.75,8.64,8.725,3181,0
2018-01-22,18:00:00,8.71,8.75,8.7,8.7,2300,0
2018-01-22,19:00:00,8.75,8.75,8.729,8.729,3307,0
2018-01-22,20:00:00,8.725,8.725,8.7,8.7,200,0
2018-01-22,21:00:00,8.75,8.75,8.725,8.725,8600,0
2018-01-22,22:00:00,8.75,8.75,8.71,8.75,5001,0
2018-01-23,16:00:00,8.8,8.8,8.77,8.8,2918,0
2018-01-23,17:00:00,8.8,8.9,8.775,8.84,25960,0
2018-01-23,18:00:00,8.85,8.9,8.85,8.9,6869,0
2018-01-23,19:00:00,8.8634,8.875,8.815,8.855,6632,0
2018-01-23,21:00:00,8.8821,8.9,8.85,8.875,8026,0
2018-01-23,22:00:00,8.875,8.9,8.85,8.9,4150,0
2018-01-24,16:00:00,8.85,8.9266,8.85,8.9266,622,0
2018-01-24,17:00:00,8.915,8.95,8.915,8.95,1600,0
2018-01-24,18:00:00,8.9,8.9,8.8665,8.9,1665,0
2018-01-24,19:00:00,8.9,8.9,8.85,8.85,400,0
2018-01-24,20:00:00,8.9,8.9357,8.8857,8.9357,2500,0
2018-01-24,21:00:00,8.9,8.95,8.9,8.95,3230,0
2018-01-24,22:00:00,8.95,8.95,8.85,8.85,5253,0
2018-01-25,16:00:00,8.85,8.85,8.85,8.85,323,0
2018-01-25,17:00:00,8.85,8.85,8.8,8.8,500,0
2018-01-25,19:00:00,8.8,8.825,8.7,8.8,14100,0
2018-01-25,20:00:00,8.815,8.825,8.815,8.825,1100,0
2018-01-25,21:00:00,8.816,8.816,8.75,8.75,5700,0
2018-01-25,22:00:00,8.75,8.75,8.65,8.7,3294,0
2018-01-26,16:00:00,8.7,8.7,8.65,8.7,962,0
2018-01-26,17:00:00,8.74,8.74,8.65,8.65,429,0
2018-01-26,18:00:00,8.6,8.6,8.6,8.6,300,0
2018-01-26,19:00:00,8.55,8.7,8.55,8.7,2700,0
2018-01-26,20:00:00,8.7,8.7,8.65,8.7,893,0
2018-01-26,21:00:00,8.7,8.7,8.7,8.7,800,0
2018-01-26,22:00:00,8.7,8.7,8.65,8.7,3881,0
2018-01-29,16:00:00,8.7,8.7,8.7,8.7,200,0
2018-01-29,17:00:00,8.7,8.7,8.675,8.7,800,0
2018-01-29,18:00:00,8.7,8.7,8.7,8.7,600,0
2018-01-29,19:00:00,8.7,8.7,8.7,8.7,500,0
2018-01-29,20:00:00,8.7,8.7,8.675,8.7,1800,0
2018-01-29,21:00:00,8.65,8.7,8.65,8.7,200,0
2018-01-29,22:00:00,8.7,8.7,8.65,8.65,628,0
2018-01-30,16:00:00,8.65,8.65,8.65,8.65,370,0
2018-01-30,17:00:00,8.65,8.65,8.6,8.65,5691,0
2018-01-30,18:00:00,8.65,8.65,8.6,8.6,1566,0
2018-01-30,19:00:00,8.65,8.7,8.6,8.7,1300,0
2018-01-30,20:00:00,8.7,8.75,8.65,8.7,500,0
2018-01-30,21:00:00,8.7,8.7,8.65,8.7,500,0
2018-01-30,22:00:00,8.7,8.7,8.65,8.65,3629,0
2018-01-31,16:00:00,8.7,8.7,8.538,8.7,5065,0
2018-01-31,18:00:00,8.675,8.675,8.675,8.675,300,0
2018-01-31,19:00:00,8.6765,8.7,8.65,8.7,1210,0
2018-01-31,20:00:00,8.65,8.7,8.637,8.7,729,0
2018-01-31,21:00:00,8.65,8.7,8.65,8.7,1300,0
2018-01-31,22:00:00,8.65,8.7,8.65,8.65,6446,0
2018-02-01,16:00:00,8.7,8.7,8.6272,8.6272,1106,0
2018-02-01,17:00:00,8.65,8.65,8.65,8.65,2400,0
2018-02-01,19:00:00,8.65,8.7,8.65,8.7,592,0
2018-02-01,21:00:00,8.7,8.7,8.625,8.7,2300,0
2018-02-01,22:00:00,8.7,8.75,8.65,8.7,6718,0
2018-02-02,16:00:00,8.7,8.7,8.7,8.7,155,0
2018-02-02,17:00:00,8.7018,8.7018,8.7018,8.7018,400,0
2018-02-02,18:00:00,8.7,8.7,8.65,8.65,400,0
2018-02-02,19:00:00,8.6,8.7,8.6,8.7,12015,0
2018-02-02,20:00:00,8.65,8.7,8.6,8.7,13800,0
2018-02-02,21:00:00,8.675,8.7,8.65,8.7,600,0
2018-02-02,22:00:00,8.65,8.7,8.65,8.65,9549,0
2018-02-05,16:00:00,8.6,8.6,8.6,8.6,361,0
2018-02-05,17:00:00,8.69,8.69,8.65,8.65,1100,0
2018-02-05,18:00:00,8.6477,8.7,8.6477,8.65,492,0
2018-02-05,19:00:00,8.65,8.65,8.6,8.6,14900,0
2018-02-05,20:00:00,8.6,8.6252,8.6,8.6,6450,0
2018-02-05,21:00:00,8.6,8.65,8.5,8.6,7209,0
2018-02-05,22:00:00,8.6,8.6,8.5,8.5,7804,0
2018-02-06,16:00:00,8.45,8.45,8.425,8.45,533,0
2018-02-06,17:00:00,8.45,8.45,8.25,8.25,2178,0
2018-02-06,18:00:00,8.3,8.3,8.3,8.3,350,0
2018-02-06,19:00:00,8.25,8.25,8.25,8.25,100,0
2018-02-06,20:00:00,8.25,8.3306,8.25,8.3306,300,0
2018-02-06,21:00:00,8.25,8.3,8.25,8.3,400,0
2018-02-06,22:00:00,8.26,8.35,8.25,8.35,8951,0
2018-02-07,16:00:00,8.35,8.35,8.35,8.35,1296,0
2018-02-07,17:00:00,8.2,8.2,8.2,8.2,500,0
2018-02-07,18:00:00,8.2,8.2246,8.1,8.2,7200,0
2018-02-07,19:00:00,8.2,8.25,8.15,8.2,6158,0
2018-02-07,20:00:00,8.15,8.2,8.15,8.2,1450,0
2018-02-07,21:00:00,8.2,8.2,8.2,8.2,3500,0
2018-02-07,22:00:00,8.2,8.25,8.1,8.175,6842,0
2018-02-08,17:00:00,8.1,8.105,8,8,1490,0
2018-02-08,18:00:00,8,8.05,7.95,8.0161,7004,0
2018-02-08,19:00:00,7.9839,8,7.95,8,2000,0
2018-02-08,20:00:00,8,8,7.95,7.9663,728,0
2018-02-08,21:00:00,7.95,8,7.9,7.9,2200,0
2018-02-08,22:00:00,7.95,7.95,7.85,7.85,6037,0
2018-02-09,16:00:00,7.9,7.925,7.9,7.91,446,0
2018-02-09,17:00:00,7.95,7.95,7.943,7.95,1500,0
2018-02-09,18:00:00,7.925,7.95,7.855,7.855,5979,0
2018-02-09,19:00:00,8,8,7.9,7.95,1599,0
2018-02-09,20:00:00,7.875,8,7.85,8,4794,0
2018-02-09,21:00:00,8,8,7.86,7.86,11498,0
2018-02-09,22:00:00,7.8625,7.9,7.8,7.8,5891,0
2018-02-12,16:00:00,7.8,8.2503,7.75,7.85,4777,0
2018-02-12,17:00:00,7.875,8.045,7.8474,8.045,10147,0
2018-02-12,18:00:00,8,8,7.975,8,700,0
2018-02-12,19:00:00,8,8.05,8,8.05,6289,0
2018-02-12,20:00:00,8.05,8.05,8.0157,8.0157,1100,0
2018-02-12,21:00:00,8,8.05,8,8,4189,0
2018-02-12,22:00:00,8,8.05,8,8.05,10753,0
2018-02-13,16:00:00,7.95,8.05,7.95,8.05,1100,0
2018-02-13,17:00:00,8,8.05,8,8.025,1550,0
2018-02-13,18:00:00,8,8.05,8,8.05,21047,0
2018-02-13,19:00:00,8.025,8.05,7.9,8,8503,0
2018-02-13,20:00:00,8,8.05,7.95,8.05,7914,0
2018-02-13,21:00:00,8,8.05,7.95,8,15277,0
2018-02-13,22:00:00,7.95,8.05,7.9,7.95,11245,0
2018-02-14,16:00:00,7.85,7.85,7.85,7.85,2760,0
2018-02-14,17:00:00,7.85,7.9,7.8,7.85,8226,0
2018-02-14,18:00:00,7.9,8,7.8,8,17400,0
2018-02-14,19:00:00,8,8.05,7.9,7.9,4300,0
2018-02-14,20:00:00,7.9505,8.05,7.9,8.05,5672,0
2018-02-14,21:00:00,8.05,8.05,8,8.05,1200,0
2018-02-14,22:00:00,8.05,8.05,7.95,8,7866,0
2018-02-15,16:00:00,8,8,8,8,200,0
2018-02-15,17:00:00,8.05,8.05,7.995,8,1200,0
2018-02-15,18:00:00,8,8,8,8,100,0
2018-02-15,19:00:00,8,8.05,8,8,2549,0
2018-02-15,20:00:00,8.05,8.05,8,8.05,3935,0
2018-02-15,21:00:00,8.0252,8.05,8,8.025,2983,0
2018-02-15,22:00:00,8.05,8.05,8,8.05,12356,0
2018-02-16,16:00:00,8,8.05,7.9,7.9,1956,0
2018-02-16,17:00:00,8,8,7.95,8,1700,0
2018-02-16,18:00:00,7.95,8.075,7.95,8,86122,0
2018-02-16,19:00:00,8,8.05,7.95,8,6465,0
2018-02-16,20:00:00,8,8,7.95,8,2181,0
2018-02-16,21:00:00,8,8.05,7.95,8,4203,0
2018-02-16,22:00:00,8.025,8.025,7.85,7.9,25009,0
2018-02-20,16:00:00,7.95,8.1,7.95,8.1,210,0
2018-02-20,17:00:00,7.95,8,7.95,7.95,500,0
2018-02-20,18:00:00,7.95,8,7.95,8,800,0
2018-02-20,19:00:00,8,8.025,8,8,3193,0
2018-02-20,20:00:00,8.05,8.05,8,8,20045,0
2018-02-20,21:00:00,8,8.05,7.975,8.05,3710,0
2018-02-20,22:00:00,8.05,8.1,7.95,8.05,23461,0
2018-02-21,16:00:00,8.1,8.15,8.095,8.15,4218,0
2018-02-21,17:00:00,8.145,8.25,8.1145,8.2163,8091,0
2018-02-21,18:00:00,8.25,8.4,8.2254,8.4,5329,0
2018-02-21,19:00:00,8.45,8.45,8.3825,8.3825,1100,0
2018-02-21,20:00:00,8.45,8.45,8.4247,8.45,4700,0
2018-02-21,21:00:00,8.45,8.45,8.45,8.45,613,0
2018-02-21,22:00:00,8.45,8.55,8.4,8.5,5698,0
2018-02-22,16:00:00,8.55,8.6,8.5,8.5,1311,0
2018-02-22,17:00:00,8.35,8.35,8.2,8.2,600,0
2018-02-22,18:00:00,8.2008,8.25,8.15,8.25,4471,0
2018-02-22,19:00:00,8.25,8.25,8.15,8.25,300,0
2018-02-22,20:00:00,8.25,8.3,8.2,8.3,1000,0
2018-02-22,21:00:00,8.2403,8.2403,8.1,8.1,5427,0
2018-02-22,22:00:00,8.075,8.1,8,8.025,2238,0
2018-02-23,16:00:00,8.05,8.2,8.05,8.1,958,0
2018-02-23,17:00:00,8.15,8.15,8.15,8.15,100,0
2018-02-23,18:00:00,8.15,8.15,8.15,8.15,100,0
2018-02-23,19:00:00,8.15,8.15,8.15,8.15,100,0
2018-02-23,20:00:00,8.1,8.1,8.1,8.1,300,0
2018-02-23,21:00:00,8.066,8.1,8.05,8.05,777,0
2018-02-23,22:00:00,8.1,8.15,8.0842,8.15,3868,0
2018-02-26,16:00:00,8.35,8.35,8.3,8.3,1200,0
2018-02-26,19:00:00,8.3,8.3,8.3,8.3,200,0
2018-02-26,20:00:00,8.2736,8.2736,8.2736,8.2736,126,0
2018-02-26,21:00:00,8.2618,8.2618,8.2,8.2,5700,0
2018-02-26,22:00:00,8.3,8.3,8.25,8.3,1720,0
2018-02-27,16:00:00,8.3,8.3,8.3,8.3,300,0
2018-02-27,17:00:00,8.35,8.35,8.3,8.3,400,0
2018-02-27,18:00:00,8.25,8.25,8.25,8.25,100,0
2018-02-27,19:00:00,8.15,8.15,8.05,8.05,600,0
2018-02-27,20:00:00,8.05,8.05,8,8.05,1200,0
2018-02-27,21:00:00,8.05,8.05,8,8,500,0
2018-02-27,22:00:00,8,8.05,7.95,8,6396,0
2018-02-28,16:00:00,8,8.15,8,8.1,487,0
2018-02-28,17:00:00,8.05,8.1,7.975,7.975,5900,0
2018-02-28,18:00:00,8,8,8,8,2200,0
2018-02-28,19:00:00,8.05,8.05,8,8.05,400,0
2018-02-28,20:00:00,8,8,8,8,200,0
2018-02-28,21:00:00,8,8.05,8,8,500,0
2018-02-28,22:00:00,8,8.05,7.9,7.95,21914,0
2018-03-01,16:00:00,7.9,8,7.9,8,501,0
2018-03-01,17:00:00,8,8,8,8,200,0
2018-03-01,18:00:00,8,8.15,8,8.15,3647,0
2018-03-01,19:00:00,8.16,8.2,8.15,8.2,1798,0
2018-03-01,20:00:00,8.05,8.15,8.05,8.15,300,0
2018-03-01,21:00:00,8.05,8.05,8.05,8.05,900,0
2018-03-01,22:00:00,8.05,8.05,8,8,3325,0
2018-03-02,16:00:00,7.95,8.1,7.95,8.1,420,0
2018-03-02,17:00:00,8.1,8.1,8,8.05,2228,0
2018-03-02,19:00:00,8.1,8.1,8.05,8.074,400,0
2018-03-02,20:00:00,8.05,8.05,8.05,8.05,200,0
2018-03-02,21:00:00,8.075,8.1,8.05,8.1,700,0
2018-03-02,22:00:00,8.05,8.1,8,8.1,4873,0
2018-03-05,16:00:00,8.155,8.2,8.155,8.2,600,0
2018-03-05,17:00:00,8.055,8.2,8.055,8.1063,1835,0
2018-03-05,18:00:00,8.15,8.15,8,8.1,5345,0
2018-03-05,19:00:00,8.15,8.15,8.1,8.15,400,0
2018-03-05,20:00:00,8.1,8.15,8.1,8.1,1600,0
2018-03-05,21:00:00,8.1,8.105,8.025,8.1,5298,0
2018-03-05,22:00:00,8.05,8.1,8,8,5528,0
2018-03-06,16:00:00,8.05,8.1,8,8.1,21540,0
2018-03-06,17:00:00,8.1,8.15,8.05,8.15,4290,0
2018-03-06,18:00:00,8.1238,8.15,8.1,8.15,3100,0
2018-03-06,19:00:00,8.15,8.2,8.15,8.2,3505,0
2018-03-06,20:00:00,8.2,8.2,8.1,8.167,7132,0
2018-03-06,21:00:00,8.1495,8.2,8.1409,8.2,9858,0
2018-03-06,22:00:00,8.2,8.2,8,8,18220,0
2018-03-07,16:00:00,8,8.1,8,8.05,1113,0
2018-03-07,17:00:00,8.05,8.2,8.05,8.2,4400,0
2018-03-07,18:00:00,8.2,8.25,8.2,8.2,3000,0
2018-03-07,19:00:00,8.25,8.36,8.225,8.36,13027,0
2018-03-07,20:00:00,8.35,8.35,8.25,8.35,1795,0
2018-03-07,21:00:00,8.35,8.35,8.3,8.3,1300,0
2018-03-07,22:00:00,8.3,8.45,8.3,8.4,33673,0
2018-03-08,16:00:00,8.4,8.89,8.4,8.7,3758,0
2018-03-08,17:00:00,8.6,8.65,8.6,8.65,500,0
2018-03-08,19:00:00,8.64,8.65,8.5,8.55,1220,0
2018-03-08,20:00:00,8.6,8.6,8.5,8.5,500,0
2018-03-08,21:00:00,8.55,8.55,8.45,8.45,600,0
2018-03-08,22:00:00,8.5,8.6,8.4,8.5,60545,0
2018-03-09,16:00:00,8.6,8.6,8.4,8.55,833,0
2018-03-09,17:00:00,8.6,8.6,8.6,8.6,100,0
2018-03-09,18:00:00,8.6,8.75,8.55,8.75,5408,0
2018-03-09,19:00:00,8.75,8.7661,8.7,8.7661,7900,0
2018-03-09,20:00:00,8.8,8.8,8.75,8.75,800,0
2018-03-09,21:00:00,8.775,8.8,8.75,8.75,4923,0
2018-03-09,22:00:00,8.8758,8.9,8.8,8.9,4585,0
2018-03-12,15:00:00,8.9,9.3,8.9,9.25,57108,0
2018-03-12,16:00:00,9.15,9.45,9.15,9.25,43306,0
2018-03-12,17:00:00,9.25,9.4,9.25,9.3,10089,0
2018-03-12,18:00:00,9.2883,9.35,9.25,9.25,4400,0
2018-03-12,19:00:00,9.3,9.35,9.25,9.325,5922,0
2018-03-12,20:00:00,9.35,9.36,9.25,9.36,19200,0
2018-03-12,21:00:00,9.35,9.35,9.3,9.3,16491,0
2018-03-13,15:00:00,9.3,9.35,9.25,9.35,5398,0
2018-03-13,16:00:00,9.375,9.4,9.35,9.35,4323,0
2018-03-13,17:00:00,9.344,9.4,9.3,9.4,6999,0
2018-03-13,18:00:00,9.35,9.4,9.3,9.3,700,0
2018-03-13,19:00:00,9.35,9.35,9.35,9.35,100,0
2018-03-13,20:00:00,9.35,9.35,9.3,9.35,1400,0
2018-03-13,21:00:00,9.35,9.4,9.25,9.25,22542,0
2018-03-14,15:00:00,9.2,9.2,9.2,9.2,700,0
2018-03-14,16:00:00,9.25,9.25,9.05,9.2,3500,0
2018-03-14,18:00:00,9.25,9.3,9.25,9.3,1378,0
2018-03-14,19:00:00,9.3,9.4,9.3,9.4,4058,0
2018-03-14,20:00:00,9.4,9.4,9.4,9.4,100,0
2018-03-14,21:00:00,9.4,9.4,9.35,9.375,6897,0
2018-03-15,15:00:00,9.3,9.45,9.2,9.2,4700,0
2018-03-15,16:00:00,9.15,9.275,9.15,9.2,1200,0
2018-03-15,17:00:00,9.2,9.35,9.2,9.35,837,0
2018-03-15,18:00:00,9.25,9.3363,9.25,9.3363,2400,0
2018-03-15,19:00:00,9.35,9.35,9.3,9.3068,500,0
2018-03-15,20:00:00,9.3,9.3,9.15,9.25,10141,0
2018-03-15,21:00:00,9.25,9.3,9.16,9.2,9576,0
2018-03-16,15:00:00,9.15,9.15,9.15,9.15,21961,0
2018-03-16,16:00:00,9.35,9.35,9.2,9.2,930,0
2018-03-16,17:00:00,9.3,9.3,9.3,9.3,100,0
2018-03-16,18:00:00,9.3,9.35,9.3,9.35,1300,0
2018-03-16,19:00:00,9.3,9.35,9.3,9.35,200,0
2018-03-16,20:00:00,9.3,9.35,9.3,9.35,2510,0
2018-03-16,21:00:00,9.3,9.35,9.3,9.35,2508,0
2018-03-19,15:00:00,9.4,9.45,9.3998,9.45,5011,0
2018-03-19,16:00:00,9.44,9.44,9.3,9.3498,1771,0
2018-03-19,17:00:00,9.35,9.35,9.25,9.35,3600,0
2018-03-19,18:00:00,9.35,9.35,9.3,9.35,3600,0
2018-03-19,19:00:00,9.35,9.35,9.35,9.35,100,0
2018-03-19,20:00:00,9.325,9.4,9.325,9.325,1926,0
2018-03-19,21:00:00,9.35,9.45,9.3,9.4,36079,0
2018-03-20,15:00:00,9.4,9.45,9.4,9.45,9500,0
2018-03-20,16:00:00,9.45,9.45,9.35,9.4,3291,0
2018-03-20,17:00:00,9.4,9.4,9.4,9.4,100,0
2018-03-20,18:00:00,9.45,9.45,9.45,9.45,300,0
2018-03-20,19:00:00,9.35,9.4,9.25,9.4,4570,0
2018-03-20,20:00:00,9.45,9.45,9.35,9.35,300,0
2018-03-20,21:00:00,9.45,9.45,9.4,9.4,7540,0
2018-03-21,15:00:00,9.45,9.5,9.35,9.35,8450,0
2018-03-21,16:00:00,9.45,9.45,9.35,9.45,4851,0
2018-03-21,17:00:00,9.5,9.5,9.4,9.45,2100,0
2018-03-21,18:00:00,9.4835,9.49,9.4834,9.49,2239,0
2018-03-21,19:00:00,9.5,9.5,9.5,9.5,300,0
2018-03-21,20:00:00,9.5,9.5,9.4694,9.5,6858,0
2018-03-21,21:00:00,9.5,9.55,9.45,9.5,27552,0
2018-03-22,15:00:00,9.45,9.55,9.4,9.5,4545,0
2018-03-22,16:00:00,9.5,9.55,9.5,9.55,9600,0
2018-03-22,17:00:00,9.55,9.55,9.5,9.55,13953,0
2018-03-22,18:00:00,9.5173,9.6,9.5173,9.575,11933,0
2018-03-22,19:00:00,9.6,9.6,9.55,9.575,3100,0
2018-03-22,20:00:00,9.6,9.6,9.475,9.5,3100,0
2018-03-22,21:00:00,9.4739,9.55,9.205,9.35,24558,0
2018-03-23,15:00:00,9.4,9.4,9.3,9.4,931,0
2018-03-23,16:00:00,9.4,9.45,9.3,9.45,707,0
2018-03-23,17:00:00,9.3,9.4,9.3,9.3,2400,0
2018-03-23,18:00:00,9.25,9.3,9.1683,9.2,5706,0
2018-03-23,19:00:00,9.15,9.3,9.05,9.3,22498,0
2018-03-23,20:00:00,9.3,9.3,9.15,9.25,5357,0
2018-03-23,21:00:00,9.25,9.25,9.1,9.1,10735,0
2018-03-26,17:00:00,9.15,9.15,8.95,9.1,3621,0
2018-03-26,18:00:00,9.1,9.18,9.09,9.18,2400,0
2018-03-26,19:00:00,9.2,9.2,9.175,9.2,400,0
2018-03-26,20:00:00,9.175,9.175,9.175,9.175,100,0
2018-03-26,21:00:00,9.1795,9.2,9.1795,9.2,500,0
2018-03-26,22:00:00,9.2,9.3,9.1835,9.25,8115,0
2018-03-27,16:00:00,9.35,9.4,9.35,9.4,1650,0
2018-03-27,17:00:00,9.3885,9.45,9.2377,9.45,4971,0
2018-03-27,18:00:00,9.4,9.4311,9.3,9.35,2800,0
2018-03-27,19:00:00,9.3,9.3,9.3,9.3,200,0
2018-03-27,20:00:00,9.35,9.35,9.3,9.35,400,0
2018-03-27,21:00:00,9.35,9.35,9.292,9.35,1100,0
2018-03-27,22:00:00,9.35,9.35,9.2,9.2,8479,0
2018-03-28,16:00:00,9.25,9.25,9.15,9.15,690,0
2018-03-28,17:00:00,9.15,9.15,9.05,9.15,400,0
2018-03-28,20:00:00,9.09,9.2,9.09,9.2,700,0
2018-03-28,21:00:00,9.25,9.25,9.25,9.25,200,0
2018-03-28,22:00:00,9.245,9.35,9.245,9.3,5273,0
2018-03-29,16:00:00,9.45,9.45,9.35,9.4,1600,0
2018-03-29,17:00:00,9.4,9.5,9.375,9.45,4585,0
2018-03-29,18:00:00,9.5,9.5,9.359,9.4,8696,0
2018-03-29,19:00:00,9.4,9.5,9.4,9.45,6997,0
2018-03-29,20:00:00,9.5,9.5,9.45,9.45,3300,0
2018-03-29,21:00:00,9.5,9.5,9.45,9.475,6800,0
2018-03-29,22:00:00,9.5,9.5,9.4,9.45,22665,0
