Date,Time,Open,High,Low,Close,Volume,OpenInt
2017-09-05,16:00:00,3.09,3.125,3.075,3.105,365853,0
2017-09-05,17:00:00,3.11,3.12,3.02,3.05,382324,0
2017-09-05,18:00:00,3.05,3.05,2.95,2.98,406006,0
2017-09-05,19:00:00,2.98,3.045,2.92,3.02,462992,0
2017-09-05,20:00:00,3.02,3.09,3.01,3.075,460489,0
2017-09-05,21:00:00,3.075,3.09,3.04,3.06,287631,0
2017-09-05,22:00:00,3.05,3.135,3.04,3.05,1203198,0
2017-09-06,16:00:00,3.09,3.16,3.085,3.128,208710,0
2017-09-06,17:00:00,3.125,3.16,3.09,3.1,231990,0
2017-09-06,18:00:00,3.105,3.105,3.055,3.06,169479,0
2017-09-06,19:00:00,3.065,3.09,3.05,3.075,132318,0
2017-09-06,20:00:00,3.075,3.115,3.065,3.09,360617,0
2017-09-06,21:00:00,3.09,3.115,3.09,3.1,178190,0
2017-09-06,22:00:00,3.1,3.11,3.05,3.07,903994,0
2017-09-07,16:00:00,3.06,3.12,3.06,3.08,127505,0
2017-09-07,17:00:00,3.08,3.12,3.07,3.115,86172,0
2017-09-07,18:00:00,3.115,3.15,3.11,3.13,211252,0
2017-09-07,19:00:00,3.135,3.14,3.11,3.135,184356,0
2017-09-07,20:00:00,3.135,3.145,3.12,3.125,86955,0
2017-09-07,21:00:00,3.125,3.14,3.12,3.125,124208,0
2017-09-07,22:00:00,3.125,3.15,3.12,3.13,512080,0
2017-09-08,16:00:00,3.14,3.15,3.1,3.14,106781,0
2017-09-08,17:00:00,3.14,3.15,3.105,3.13,130185,0
2017-09-08,18:00:00,3.125,3.15,3.095,3.12,107017,0
2017-09-08,19:00:00,3.13,3.13,3.11,3.13,46838,0
2017-09-08,20:00:00,3.125,3.15,3.12,3.15,133967,0
2017-09-08,21:00:00,3.145,3.16,3.14,3.155,158732,0
2017-09-08,22:00:00,3.155,3.18,3.125,3.17,559251,0
2017-09-11,16:00:00,3.18,3.23,3.15,3.1664,172886,0
2017-09-11,17:00:00,3.1694,3.18,3.13,3.1425,187158,0
2017-09-11,18:00:00,3.1433,3.23,3.14,3.225,185442,0
2017-09-11,19:00:00,3.23,3.23,3.2,3.22,148333,0
2017-09-11,20:00:00,3.215,3.22,3.2,3.21,134258,0
2017-09-11,21:00:00,3.21,3.23,3.2,3.22,198987,0
2017-09-11,22:00:00,3.2225,3.235,3.2,3.205,391098,0
2017-09-12,16:00:00,3.23,3.23,3.2,3.22,85085,0
2017-09-12,17:00:00,3.22,3.22,3.185,3.2,192419,0
2017-09-12,18:00:00,3.2,3.245,3.2,3.215,136973,0
2017-09-12,19:00:00,3.21,3.22,3.19,3.195,79895,0
2017-09-12,20:00:00,3.195,3.2,3.19,3.195,80095,0
2017-09-12,21:00:00,3.19,3.2,3.19,3.19,75997,0
2017-09-12,22:00:00,3.19,3.22,3.17,3.22,422921,0
2017-09-13,16:00:00,3.22,3.28,3.22,3.2335,164757,0
2017-09-13,17:00:00,3.235,3.26,3.23,3.235,133881,0
2017-09-13,18:00:00,3.235,3.25,3.21,3.215,116878,0
2017-09-13,19:00:00,3.21,3.23,3.195,3.2,149464,0
2017-09-13,20:00:00,3.2,3.22,3.2,3.22,85258,0
2017-09-13,21:00:00,3.22,3.22,3.2,3.2,88076,0
2017-09-13,22:00:00,3.2,3.21,3.19,3.21,479094,0
2017-09-14,16:00:00,3.22,3.25,3.2,3.24,146666,0
2017-09-14,17:00:00,3.235,3.24,3.19,3.235,146669,0
2017-09-14,18:00:00,3.235,3.25,3.23,3.245,86275,0
2017-09-14,19:00:00,3.25,3.25,3.23,3.24,74469,0
2017-09-14,20:00:00,3.23,3.24,3.22,3.225,83455,0
2017-09-14,21:00:00,3.22,3.23,3.2,3.215,94790,0
2017-09-14,22:00:00,3.22,3.25,3.211,3.24,400512,0
2017-09-15,16:00:00,3.24,3.29,3.22,3.24,969277,0
2017-09-15,17:00:00,3.245,3.3,3.24,3.28,596744,0
2017-09-15,18:00:00,3.285,3.29,3.255,3.2758,306996,0
2017-09-15,19:00:00,3.275,3.29,3.27,3.28,127201,0
2017-09-15,20:00:00,3.285,3.32,3.27,3.295,307483,0
2017-09-15,21:00:00,3.3,3.31,3.29,3.305,123502,0
2017-09-15,22:00:00,3.305,3.31,3.28,3.28,3525994,0
2017-09-18,16:00:00,3.31,3.33,3.27,3.305,397348,0
2017-09-18,17:00:00,3.3015,3.36,3.3015,3.345,219786,0
2017-09-18,18:00:00,3.35,3.35,3.34,3.35,70870,0
2017-09-18,19:00:00,3.345,3.36,3.34,3.349,115379,0
2017-09-18,20:00:00,3.35,3.35,3.29,3.31,296318,0
2017-09-18,21:00:00,3.305,3.315,3.29,3.31,332644,0
2017-09-18,22:00:00,3.31,3.34,3.3,3.31,852827,0
2017-09-19,16:00:00,3.37,3.37,3.3,3.3328,90381,0
2017-09-19,17:00:00,3.335,3.35,3.32,3.33,102016,0
2017-09-19,18:00:00,3.325,3.33,3.31,3.31,138502,0
2017-09-19,19:00:00,3.31,3.32,3.28,3.299,137166,0
2017-09-19,20:00:00,3.295,3.31,3.29,3.295,206377,0
2017-09-19,21:00:00,3.295,3.3,3.28,3.285,123733,0
2017-09-19,22:00:00,3.285,3.305,3.28,3.29,535961,0
2017-09-20,16:00:00,3.31,3.31,3.26,3.285,219858,0
2017-09-20,17:00:00,3.28,3.305,3.2675,3.305,316181,0
2017-09-20,18:00:00,3.305,3.31,3.29,3.295,88732,0
2017-09-20,19:00:00,3.2999,3.31,3.29,3.29,54624,0
2017-09-20,20:00:00,3.29,3.3,3.29,3.3,110036,0
2017-09-20,21:00:00,3.29,3.3,3.26,3.28,234996,0
2017-09-20,22:00:00,3.29,3.31,3.28,3.31,388552,0
2017-09-21,16:00:00,3.32,3.32,3.28,3.28,45442,0
2017-09-21,17:00:00,3.285,3.31,3.28,3.2955,52266,0
2017-09-21,18:00:00,3.295,3.3,3.27,3.28,71099,0
2017-09-21,19:00:00,3.27,3.29,3.27,3.28,111806,0
2017-09-21,20:00:00,3.285,3.29,3.27,3.27,64964,0
2017-09-21,21:00:00,3.275,3.28,3.24,3.27,228687,0
2017-09-21,22:00:00,3.265,3.27,3.25,3.27,254662,0
2017-09-22,16:00:00,3.28,3.28,3.13,3.16,316178,0
2017-09-22,17:00:00,3.16,3.22,3.16,3.1811,112743,0
2017-09-22,18:00:00,3.19,3.195,3.13,3.16,154481,0
2017-09-22,19:00:00,3.155,3.16,3.12,3.129,185644,0
2017-09-22,20:00:00,3.125,3.14,3.12,3.12,96208,0
2017-09-22,21:00:00,3.13,3.135,3.11,3.1347,208281,0
2017-09-22,22:00:00,3.14,3.175,3.13,3.17,728661,0
2017-09-25,16:00:00,3.15,3.29,3.15,3.28,430377,0
2017-09-25,17:00:00,3.28,3.32,3.26,3.315,200243,0
2017-09-25,18:00:00,3.32,3.395,3.2901,3.39,504636,0
2017-09-25,19:00:00,3.39,3.42,3.35,3.39,690828,0
2017-09-25,20:00:00,3.39,3.41,3.38,3.4,215303,0
2017-09-25,21:00:00,3.4,3.405,3.39,3.4,144480,0
2017-09-25,22:00:00,3.4,3.4,3.34,3.36,784872,0
2017-09-26,16:00:00,3.37,3.43,3.34,3.35,114001,0
2017-09-26,17:00:00,3.35,3.405,3.35,3.39,116383,0
2017-09-26,18:00:00,3.385,3.4,3.38,3.4,76157,0
2017-09-26,19:00:00,3.395,3.4,3.34,3.37,140648,0
2017-09-26,20:00:00,3.37,3.395,3.35,3.385,147034,0
2017-09-26,21:00:00,3.39,3.4,3.36,3.37,92450,0
2017-09-26,22:00:00,3.37,3.375,3.34,3.36,329650,0
2017-09-27,16:00:00,3.36,3.4,3.3175,3.36,140229,0
2017-09-27,17:00:00,3.36,3.37,3.33,3.33,117506,0
2017-09-27,18:00:00,3.3332,3.37,3.32,3.34,101379,0
2017-09-27,19:00:00,3.34,3.4,3.335,3.39,158657,0
2017-09-27,20:00:00,3.4,3.41,3.38,3.3923,113124,0
2017-09-27,21:00:00,3.4,3.4,3.375,3.39,107751,0
2017-09-27,22:00:00,3.385,3.4,3.37,3.39,162935,0
2017-09-28,16:00:00,3.4,3.43,3.38,3.4,199723,0
2017-09-28,17:00:00,3.4,3.41,3.33,3.37,176660,0
2017-09-28,18:00:00,3.3799,3.4,3.37,3.39,135165,0
2017-09-28,19:00:00,3.39,3.4,3.37,3.38,120584,0
2017-09-28,20:00:00,3.38,3.39,3.36,3.3899,114723,0
2017-09-28,21:00:00,3.38,3.39,3.36,3.36,78524,0
2017-09-28,22:00:00,3.37,3.41,3.36,3.4,749448,0
2017-09-29,16:00:00,3.42,3.4232,3.37,3.38,94891,0
2017-09-29,17:00:00,3.38,3.41,3.37,3.39,312076,0
2017-09-29,18:00:00,3.385,3.41,3.38,3.41,61751,0
2017-09-29,19:00:00,3.41,3.42,3.38,3.385,98527,0
2017-09-29,20:00:00,3.38,3.39,3.37,3.385,84889,0
2017-09-29,21:00:00,3.38,3.405,3.37,3.39,108257,0
2017-09-29,22:00:00,3.3938,3.4,3.37,3.39,312500,0
2017-10-02,16:00:00,3.4,3.405,3.37,3.395,350014,0
2017-10-02,17:00:00,3.4,3.41,3.38,3.385,223290,0
2017-10-02,18:00:00,3.385,3.395,3.341,3.36,365326,0
2017-10-02,19:00:00,3.365,3.39,3.36,3.385,79649,0
2017-10-02,20:00:00,3.385,3.4,3.37,3.4,295013,0
2017-10-02,21:00:00,3.395,3.41,3.39,3.39,310722,0
2017-10-02,22:00:00,3.395,3.4,3.37,3.4,567832,0
2017-10-03,16:00:00,3.4,3.41,3.36,3.39,114770,0
2017-10-03,17:00:00,3.39,3.39,3.34,3.37,204692,0
2017-10-03,18:00:00,3.37,3.375,3.355,3.36,108052,0
2017-10-03,19:00:00,3.365,3.37,3.32,3.36,144251,0
2017-10-03,20:00:00,3.355,3.37,3.3433,3.35,106715,0
2017-10-03,21:00:00,3.35,3.355,3.34,3.35,103753,0
2017-10-03,22:00:00,3.35,3.38,3.35,3.38,541241,0
2017-10-04,16:00:00,3.39,3.39,3.3444,3.3836,252860,0
2017-10-04,17:00:00,3.388,3.44,3.38,3.39,401702,0
2017-10-04,18:00:00,3.39,3.47,3.385,3.455,184788,0
2017-10-04,19:00:00,3.45,3.48,3.43,3.46,252197,0
2017-10-04,20:00:00,3.46,3.47,3.441,3.45,170462,0
2017-10-04,21:00:00,3.45,3.46,3.44,3.46,162414,0
2017-10-04,22:00:00,3.455,3.47,3.44,3.45,274494,0
2017-10-05,16:00:00,3.47,3.48,3.45,3.47,65294,0
2017-10-05,17:00:00,3.47,3.49,3.46,3.46,86941,0
2017-10-05,18:00:00,3.46,3.48,3.45,3.46,121161,0
2017-10-05,19:00:00,3.465,3.465,3.43,3.44,58370,0
2017-10-05,20:00:00,3.44,3.44,3.41,3.44,59520,0
2017-10-05,21:00:00,3.43,3.45,3.43,3.445,54754,0
2017-10-05,22:00:00,3.445,3.45,3.4,3.41,416250,0
2017-10-06,16:00:00,3.4,3.45,3.4,3.45,73849,0
2017-10-06,17:00:00,3.45,3.455,3.41,3.415,91923,0
2017-10-06,18:00:00,3.415,3.43,3.415,3.43,46805,0
2017-10-06,19:00:00,3.43,3.43,3.395,3.405,143087,0
2017-10-06,20:00:00,3.41,3.425,3.401,3.42,50479,0
2017-10-06,21:00:00,3.41,3.42,3.4,3.42,61023,0
2017-10-06,22:00:00,3.42,3.425,3.4,3.42,229387,0
2017-10-09,16:00:00,3.42,3.47,3.36,3.446,325709,0
2017-10-09,17:00:00,3.44,3.45,3.42,3.44,59443,0
2017-10-09,18:00:00,3.44,3.46,3.42,3.44,93280,0
2017-10-09,19:00:00,3.445,3.445,3.42,3.43,51757,0
2017-10-09,20:00:00,3.43,3.435,3.41,3.42,67005,0
2017-10-09,21:00:00,3.415,3.425,3.4,3.41,105609,0
2017-10-09,22:00:00,3.41,3.415,3.38,3.4,332036,0
2017-10-10,16:00:00,3.43,3.43,3.36,3.41,115152,0
2017-10-10,17:00:00,3.42,3.46,3.4,3.46,188145,0
2017-10-10,18:00:00,3.4528,3.47,3.44,3.455,244692,0
2017-10-10,19:00:00,3.457,3.485,3.455,3.47,107777,0
2017-10-10,20:00:00,3.47,3.525,3.46,3.49,220942,0
2017-10-10,21:00:00,3.495,3.495,3.47,3.48,57850,0
2017-10-10,22:00:00,3.48,3.5,3.48,3.49,431626,0
2017-10-11,16:00:00,3.51,3.52,3.46,3.495,179769,0
2017-10-11,17:00:00,3.5,3.5,3.415,3.45,506395,0
2017-10-11,18:00:00,3.45,3.49,3.445,3.49,166501,0
2017-10-11,19:00:00,3.4801,3.49,3.46,3.47,137875,0
2017-10-11,20:00:00,3.47,3.49,3.45,3.46,205239,0
2017-10-11,21:00:00,3.46,3.47,3.43,3.445,161100,0
2017-10-11,22:00:00,3.44,3.46,3.42,3.46,1588838,0
2017-10-12,16:00:00,3.44,3.47,3.42,3.441,68941,0
2017-10-12,17:00:00,3.445,3.45,3.41,3.43,98094,0
2017-10-12,18:00:00,3.42,3.47,3.41,3.47,169253,0
2017-10-12,19:00:00,3.465,3.51,3.465,3.5,441771,0
2017-10-12,20:00:00,3.49,3.5,3.45,3.47,259100,0
2017-10-12,21:00:00,3.475,3.48,3.46,3.47,69509,0
2017-10-12,22:00:00,3.475,3.48,3.45,3.45,466000,0
2017-10-13,16:00:00,3.47,3.49,3.46,3.465,102222,0
2017-10-13,17:00:00,3.465,3.485,3.45,3.455,104861,0
2017-10-13,18:00:00,3.45,3.47,3.45,3.47,35684,0
2017-10-13,19:00:00,3.47,3.48,3.45,3.45,80799,0
2017-10-13,20:00:00,3.455,3.475,3.44,3.47,105630,0
2017-10-13,21:00:00,3.46,3.48,3.46,3.48,86277,0
2017-10-13,22:00:00,3.475,3.48,3.46,3.47,325863,0
2017-10-16,16:00:00,3.44,3.52,3.43,3.52,238957,0
2017-10-16,17:00:00,3.5143,3.53,3.48,3.5,182812,0
2017-10-16,18:00:00,3.5,3.52,3.465,3.48,183515,0
2017-10-16,19:00:00,3.47,3.4799,3.44,3.45,136406,0
2017-10-16,20:00:00,3.44,3.48,3.44,3.48,255973,0
2017-10-16,21:00:00,3.48,3.51,3.45,3.5,369314,0
2017-10-16,22:00:00,3.5,3.53,3.49,3.51,904089,0
2017-10-17,16:00:00,3.51,3.525,3.48,3.5,149660,0
2017-10-17,17:00:00,3.5,3.51,3.45,3.455,201984,0
2017-10-17,18:00:00,3.45,3.5,3.45,3.49,171392,0
2017-10-17,19:00:00,3.495,3.535,3.49,3.52,675224,0
2017-10-17,20:00:00,3.52,3.535,3.455,3.46,169979,0
2017-10-17,21:00:00,3.47,3.48,3.44,3.45,125611,0
2017-10-17,22:00:00,3.46,3.46,3.43,3.45,312098,0
2017-10-18,16:00:00,3.45,3.535,3.44,3.53,342771,0
2017-10-18,17:00:00,3.53,3.53,3.48,3.5,99280,0
2017-10-18,18:00:00,3.495,3.5,3.445,3.47,215549,0
2017-10-18,19:00:00,3.48,3.5,3.47,3.5,116110,0
2017-10-18,20:00:00,3.5,3.51,3.48,3.48,113199,0
2017-10-18,21:00:00,3.48,3.49,3.47,3.48,67712,0
2017-10-18,22:00:00,3.475,3.495,3.47,3.47,335996,0
2017-10-19,16:00:00,3.47,3.5,3.44,3.455,176899,0
2017-10-19,17:00:00,3.46,3.49,3.44,3.49,74486,0
2017-10-19,18:00:00,3.49,3.49,3.43,3.43,113946,0
2017-10-19,19:00:00,3.43,3.44,3.43,3.43,69007,0
2017-10-19,20:00:00,3.43,3.47,3.43,3.46,76934,0
2017-10-19,21:00:00,3.46,3.48,3.46,3.47,100105,0
2017-10-19,22:00:00,3.47,3.505,3.47,3.49,484988,0
2017-10-20,16:00:00,3.5,3.53,3.46,3.5,151668,0
2017-10-20,17:00:00,3.5,3.5,3.47,3.48,88994,0
2017-10-20,18:00:00,3.48,3.49,3.46,3.49,111854,0
2017-10-20,19:00:00,3.49,3.5,3.47,3.5,267038,0
2017-10-20,20:00:00,3.495,3.5,3.49,3.5,33028,0
2017-10-20,21:00:00,3.5,3.5,3.49,3.5,49142,0
2017-10-20,22:00:00,3.4963,3.5,3.475,3.5,305717,0
2017-10-23,16:00:00,3.5,3.505,3.46,3.495,228171,0
2017-10-23,17:00:00,3.49,3.5,3.47,3.5,152531,0
2017-10-23,18:00:00,3.5,3.51,3.49,3.5,252419,0
2017-10-23,19:00:00,3.505,3.549,3.505,3.52,315719,0
2017-10-23,20:00:00,3.52,3.54,3.51,3.525,195245,0
2017-10-23,21:00:00,3.525,3.53,3.52,3.53,71580,0
2017-10-23,22:00:00,3.53,3.53,3.495,3.51,455508,0
2017-10-24,16:00:00,3.51,3.515,3.43,3.44,227178,0
2017-10-24,17:00:00,3.43,3.46,3.3634,3.375,310862,0
2017-10-24,18:00:00,3.37,3.39,3.35,3.3501,171679,0
2017-10-24,19:00:00,3.35,3.359,3.27,3.29,322767,0
2017-10-24,20:00:00,3.29,3.296,3.22,3.235,280767,0
2017-10-24,21:00:00,3.2358,3.24,3.171,3.22,381176,0
2017-10-24,22:00:00,3.22,3.33,3.2074,3.3,1171963,0
2017-10-25,16:00:00,3.31,3.32,3.26,3.2612,242060,0
2017-10-25,17:00:00,3.26,3.29,3.25,3.255,172971,0
2017-10-25,18:00:00,3.26,3.26,3.171,3.23,306184,0
2017-10-25,19:00:00,3.24,3.24,3.18,3.23,186992,0
2017-10-25,20:00:00,3.225,3.24,3.21,3.24,140236,0
2017-10-25,21:00:00,3.24,3.24,3.2,3.205,132443,0
2017-10-25,22:00:00,3.205,3.22,3.18,3.2,391812,0
2017-10-26,16:00:00,3.19,3.26,2.93,2.955,793501,0
2017-10-26,17:00:00,2.96,3.03,2.92,3.015,982614,0
2017-10-26,18:00:00,3.02,3.02,2.9144,2.925,762041,0
2017-10-26,19:00:00,2.925,2.93,2.87,2.895,476320,0
2017-10-26,20:00:00,2.895,2.98,2.89,2.97,176244,0
2017-10-26,21:00:00,2.9648,2.97,2.9,2.91,151038,0
2017-10-26,22:00:00,2.91,2.96,2.89,2.96,706892,0
2017-10-27,16:00:00,2.94,2.99,2.9275,2.96,133527,0
2017-10-27,17:00:00,2.96,3.01,2.95,3.01,223360,0
2017-10-27,18:00:00,3.01,3.08,3,3.0652,465922,0
2017-10-27,19:00:00,3.07,3.08,3.025,3.06,140807,0
2017-10-27,20:00:00,3.0504,3.06,3.03,3.045,61588,0
2017-10-27,21:00:00,3.0441,3.055,3.02,3.035,147527,0
2017-10-27,22:00:00,3.035,3.06,3.01,3.05,593769,0
2017-10-30,15:00:00,3.09,3.09,2.995,3.02,136564,0
2017-10-30,16:00:00,3.03,3.14,3.02,3.02,657050,0
2017-10-30,17:00:00,3.02,3.02,2.96,2.97,490918,0
2017-10-30,18:00:00,2.97,2.97,2.92,2.94,142589,0
2017-10-30,19:00:00,2.93,2.97,2.93,2.94,111830,0
2017-10-30,20:00:00,2.935,2.95,2.93,2.95,61491,0
2017-10-30,21:00:00,2.95,2.975,2.93,2.96,1214115,0
2017-10-31,15:00:00,2.97,2.98,2.91,2.92,219075,0
2017-10-31,16:00:00,2.92,3.04,2.92,2.995,234014,0
2017-10-31,17:00:00,3,3.04,2.9933,3.035,199561,0
2017-10-31,18:00:00,3.04,3.06,3.03,3.035,171477,0
2017-10-31,19:00:00,3.04,3.04,3.02,3.035,68885,0
2017-10-31,20:00:00,3.0307,3.11,3.01,3.05,478480,0
2017-10-31,21:00:00,3.05,3.06,2.95,2.96,1263918,0
2017-11-01,15:00:00,2.97,3.01,2.96,2.9801,108759,0
2017-11-01,16:00:00,2.98,3,2.96,2.975,104492,0
2017-11-01,17:00:00,2.97,3,2.96,2.96,1029432,0
2017-11-01,18:00:00,2.9667,3,2.96,3,84206,0
2017-11-01,19:00:00,2.99,3.04,2.98,3.02,180530,0
2017-11-01,20:00:00,3.02,3.02,2.99,3,140122,0
2017-11-01,21:00:00,3,3.01,2.98,2.99,432301,0
2017-11-02,15:00:00,2.97,2.9991,2.93,2.96,278146,0
2017-11-02,16:00:00,2.95,3.02,2.94,3.02,139272,0
2017-11-02,17:00:00,3.02,3.04,3.005,3.02,117128,0
2017-11-02,18:00:00,3.0173,3.045,3,3.01,117458,0
2017-11-02,19:00:00,3.005,3.015,3,3.01,84513,0
2017-11-02,20:00:00,3.01,3.02,2.94,2.94,202900,0
2017-11-02,21:00:00,2.945,2.99,2.935,2.96,849111,0
2017-11-03,15:00:00,2.93,3.02,2.92,2.945,238888,0
2017-11-03,16:00:00,2.945,2.99,2.94,2.975,182829,0
2017-11-03,17:00:00,2.9752,3.03,2.97,3.025,164773,0
2017-11-03,18:00:00,3.025,3.12,3.02,3.07,204207,0
2017-11-03,19:00:00,3.07,3.09,3.06,3.07,86996,0
2017-11-03,20:00:00,3.07,3.08,3.01,3.05,173818,0
2017-11-03,21:00:00,3.055,3.09,3.04,3.08,997970,0
2017-11-06,16:00:00,3.04,3.05,3.02,3.04,149640,0
2017-11-06,17:00:00,3.03,3.1,3.03,3.09,235254,0
2017-11-06,18:00:00,3.085,3.12,3.08,3.1,287782,0
2017-11-06,19:00:00,3.095,3.11,3.08,3.09,166004,0
2017-11-06,20:00:00,3.09,3.1,3.06,3.065,183949,0
2017-11-06,21:00:00,3.065,3.09,3.03,3.09,338169,0
2017-11-06,22:00:00,3.09,3.1,3.07,3.08,560716,0
2017-11-07,16:00:00,3.11,3.11,3.05,3.065,159821,0
2017-11-07,17:00:00,3.06,3.11,3.06,3.09,266157,0
2017-11-07,19:00:00,3.098,3.14,3.09,3.135,109355,0
2017-11-07,20:00:00,3.135,3.15,3.11,3.11,100804,0
2017-11-07,21:00:00,3.12,3.14,3.09,3.095,116846,0
2017-11-07,22:00:00,3.095,3.11,3.08,3.08,427938,0
2017-11-08,16:00:00,3.08,3.1,3.05,3.05,78365,0
2017-11-08,17:00:00,3.05,3.06,3.03,3.05,88384,0
2017-11-08,18:00:00,3.045,3.05,3.03,3.035,85404,0
2017-11-08,19:00:00,3.035,3.095,3.02,3.085,287583,0
2017-11-08,20:00:00,3.09,3.09,3.06,3.065,113564,0
2017-11-08,21:00:00,3.0601,3.07,3.055,3.06,116360,0
2017-11-08,22:00:00,3.06,3.065,3.02,3.04,402435,0
2017-11-09,16:00:00,3.02,3.06,3.01,3.02,109543,0
2017-11-09,17:00:00,3.02,3.06,3.02,3.06,76982,0
2017-11-09,18:00:00,3.055,3.08,3.04,3.06,252253,0
2017-11-09,19:00:00,3.055,3.067,3.04,3.05,161344,0
2017-11-09,20:00:00,3.05,3.06,3.045,3.055,91212,0
2017-11-09,21:00:00,3.055,3.07,3.05,3.06,219769,0
2017-11-09,22:00:00,3.06,3.0688,3.03,3.03,369523,0
2017-11-10,16:00:00,3.04,3.05,2.96,3.0387,138762,0
2017-11-10,17:00:00,3.03,3.03,2.99,3.001,130061,0
2017-11-10,18:00:00,3.005,3.03,3,3.025,140867,0
2017-11-10,19:00:00,3.029,3.045,3.025,3.03,144553,0
2017-11-10,20:00:00,3.03,3.04,3.03,3.03,86155,0
2017-11-10,21:00:00,3.035,3.04,3.03,3.03,230700,0
2017-11-10,22:00:00,3.035,3.06,3.025,3.04,448237,0
2017-11-13,16:00:00,3.03,3.03,2.98,3,117877,0
2017-11-13,17:00:00,3,3.02,2.99,3.01,138964,0
2017-11-13,18:00:00,3.015,3.02,2.99,2.995,221532,0
2017-11-13,19:00:00,2.99,3,2.99,2.9908,108998,0
2017-11-13,20:00:00,2.99,3,2.99,2.995,83607,0
2017-11-13,21:00:00,2.995,3.065,2.99,3.06,238282,0
2017-11-13,22:00:00,3.06,3.07,3.055,3.06,333830,0
2017-11-14,16:00:00,3.02,3.04,2.91,2.9233,426350,0
2017-11-14,17:00:00,2.9233,2.9233,2.83,2.86,470263,0
2017-11-14,18:00:00,2.865,2.87,2.82,2.84,172809,0
2017-11-14,19:00:00,2.84,2.84,2.82,2.835,163170,0
2017-11-14,20:00:00,2.83,2.88,2.83,2.87,296009,0
2017-11-14,21:00:00,2.865,2.89,2.8,2.8,322873,0
2017-11-14,22:00:00,2.805,2.82,2.8,2.82,496590,0
2017-11-15,16:00:00,2.8,2.82,2.7,2.74,259757,0
2017-11-15,17:00:00,2.74,2.93,2.735,2.83,692145,0
2017-11-15,18:00:00,2.83,2.835,2.745,2.78,391591,0
2017-11-15,19:00:00,2.78,2.795,2.77,2.78,155032,0
2017-11-15,20:00:00,2.78,2.79,2.75,2.75,161493,0
2017-11-15,21:00:00,2.75,2.8,2.75,2.775,179287,0
2017-11-15,22:00:00,2.77,2.79,2.76,2.765,366614,0
2017-11-16,16:00:00,2.81,2.82,2.78,2.81,67374,0
2017-11-16,17:00:00,2.82,2.89,2.82,2.875,180332,0
2017-11-16,18:00:00,2.875,2.88,2.86,2.86,95988,0
2017-11-16,19:00:00,2.865,2.87,2.85,2.865,80887,0
2017-11-16,20:00:00,2.87,2.89,2.84,2.87,267542,0
2017-11-16,21:00:00,2.86,2.88,2.83,2.84,173507,0
2017-11-16,22:00:00,2.84,2.86,2.83,2.85,570758,0
2017-11-17,16:00:00,2.83,2.86,2.81,2.81,113943,0
2017-11-17,17:00:00,2.8128,2.815,2.8,2.8,47964,0
2017-11-17,18:00:00,2.805,2.85,2.78,2.835,217306,0
2017-11-17,19:00:00,2.835,2.85,2.835,2.845,60515,0
2017-11-17,20:00:00,2.845,2.86,2.845,2.85,81703,0
2017-11-17,21:00:00,2.85,2.86,2.85,2.85,68773,0
2017-11-17,22:00:00,2.85,2.8575,2.83,2.84,347446,0
2017-11-20,16:00:00,2.82,2.84,2.79,2.8092,112702,0
2017-11-20,17:00:00,2.805,2.84,2.79,2.8183,231195,0
2017-11-20,18:00:00,2.82,2.82,2.8,2.805,62331,0
2017-11-20,19:00:00,2.8,2.81,2.795,2.805,56181,0
2017-11-20,20:00:00,2.805,2.81,2.79,2.805,111372,0
2017-11-20,21:00:00,2.805,2.81,2.78,2.785,74486,0
2017-11-20,22:00:00,2.78,2.8,2.78,2.8,312768,0
2017-11-21,16:00:00,2.8,2.82,2.79,2.8,98496,0
2017-11-21,17:00:00,2.8,2.83,2.79,2.82,217713,0
2017-11-21,18:00:00,2.82,2.86,2.81,2.86,715454,0
2017-11-21,19:00:00,2.855,2.87,2.85,2.86,390092,0
2017-11-21,20:00:00,2.86,2.87,2.8508,2.865,229263,0
2017-11-21,21:00:00,2.87,2.88,2.86,2.87,235132,0
2017-11-21,22:00:00,2.87,2.89,2.86,2.88,375610,0
2017-11-22,16:00:00,2.9,2.9,2.87,2.875,72033,0
2017-11-22,17:00:00,2.875,2.89,2.86,2.885,145493,0
2017-11-22,18:00:00,2.8855,2.89,2.86,2.865,110950,0
2017-11-22,19:00:00,2.86,2.865,2.85,2.85,48699,0
2017-11-22,20:00:00,2.85,2.87,2.85,2.865,43559,0
2017-11-22,21:00:00,2.865,2.88,2.84,2.87,63957,0
2017-11-22,22:00:00,2.87,2.88,2.86,2.87,256066,0
2017-11-24,16:00:00,2.85,2.89,2.85,2.875,120417,0
2017-11-24,17:00:00,2.88,2.9,2.86,2.895,115477,0
2017-11-24,18:00:00,2.895,2.9,2.88,2.885,45687,0
2017-11-24,19:00:00,2.885,2.89,2.87,2.87,187557,0
2017-11-24,20:00:00,2.875,2.875,2.875,2.875,400,0
2017-11-27,16:00:00,2.88,2.88,2.84,2.88,77665,0
2017-11-27,17:00:00,2.875,2.88,2.86,2.87,52521,0
2017-11-27,18:00:00,2.865,2.87,2.85,2.86,96217,0
2017-11-27,19:00:00,2.86,2.87,2.86,2.86,48829,0
2017-11-27,20:00:00,2.865,2.88,2.86,2.875,84253,0
2017-11-27,21:00:00,2.87,2.88,2.87,2.87,70065,0
2017-11-27,22:00:00,2.87,2.89,2.84,2.85,560529,0
2017-11-28,16:00:00,2.85,2.89,2.84,2.87,87066,0
2017-11-28,17:00:00,2.87,2.88,2.86,2.875,78355,0
2017-11-28,18:00:00,2.88,2.88,2.87,2.875,138225,0
2017-11-28,19:00:00,2.88,2.88,2.87,2.88,89072,0
2017-11-28,20:00:00,2.88,2.935,2.875,2.91,170340,0
2017-11-28,21:00:00,2.915,2.94,2.9,2.94,169970,0
2017-11-28,22:00:00,2.935,2.96,2.93,2.95,305057,0
2017-11-29,16:00:00,2.98,2.98,2.94,2.96,94448,0
2017-11-29,17:00:00,2.967,2.97,2.9,2.91,198144,0
2017-11-29,18:00:00,2.91,2.95,2.89,2.9462,254956,0
2017-11-29,19:00:00,2.945,2.96,2.94,2.95,92382,0
2017-11-29,20:00:00,2.955,2.965,2.94,2.955,84406,0
2017-11-29,21:00:00,2.95,2.97,2.95,2.95,133371,0
2017-11-29,22:00:00,2.95,2.98,2.95,2.97,274623,0
2017-11-30,16:00:00,2.98,2.98,2.87,2.89,184291,0
2017-11-30,17:00:00,2.88,2.91,2.86,2.86,191912,0
2017-11-30,18:00:00,2.86,2.89,2.86,2.88,127717,0
2017-11-30,19:00:00,2.875,2.9,2.87,2.895,68261,0
2017-11-30,20:00:00,2.9,2.9,2.88,2.89,76893,0
2017-11-30,21:00:00,2.89,2.9,2.88,2.89,96288,0
2017-11-30,22:00:00,2.89,2.92,2.89,2.91,529096,0
2017-12-01,16:00:00,2.89,2.93,2.8701,2.915,50246,0
2017-12-01,17:00:00,2.92,2.96,2.9,2.93,162329,0
2017-12-01,18:00:00,2.92,2.935,2.79,2.89,256199,0
2017-12-01,19:00:00,2.885,2.95,2.88,2.94,121788,0
2017-12-01,20:00:00,2.94,2.99,2.92,2.98,175300,0
2017-12-01,21:00:00,2.98,2.98,2.945,2.96,130553,0
2017-12-01,22:00:00,2.96,2.98,2.95,2.95,380638,0
2017-12-04,16:00:00,2.98,3.04,2.931,3.02,157749,0
2017-12-04,17:00:00,3.02,3.0201,2.98,3.01,163820,0
2017-12-04,18:00:00,3.015,3.04,3.01,3.035,205065,0
2017-12-04,19:00:00,3.035,3.04,3.02,3.025,103059,0
2017-12-04,20:00:00,3.025,3.04,3.02,3.025,179942,0
2017-12-04,21:00:00,3.02,3.0299,2.9,2.9,497374,0
2017-12-04,22:00:00,2.9,2.93,2.86,2.89,661300,0
2017-12-05,16:00:00,2.91,2.991,2.9,2.99,97543,0
2017-12-05,17:00:00,2.9802,3.03,2.915,2.95,427292,0
2017-12-05,18:00:00,2.96,2.99,2.95,2.985,205651,0
2017-12-05,19:00:00,2.985,2.99,2.94,2.965,164431,0
2017-12-05,20:00:00,2.97,2.98,2.95,2.96,147096,0
2017-12-05,21:00:00,2.96,2.96,2.93,2.945,139892,0
2017-12-05,22:00:00,2.95,2.95,2.92,2.93,698659,0
2017-12-06,16:00:00,2.93,2.94,2.905,2.9237,76828,0
2017-12-06,17:00:00,2.925,2.94,2.9,2.925,64742,0
2017-12-06,18:00:00,2.93,2.93,2.91,2.9144,45916,0
2017-12-06,19:00:00,2.915,2.92,2.89,2.915,73721,0
2017-12-06,20:00:00,2.91,2.94,2.9,2.93,73341,0
2017-12-06,21:00:00,2.935,2.955,2.93,2.935,45060,0
2017-12-06,22:00:00,2.94,2.95,2.92,2.93,334948,0
2017-12-07,16:00:00,2.93,2.93,2.88,2.92,80764,0
2017-12-07,17:00:00,2.915,2.92,2.9,2.91,58321,0
2017-12-07,18:00:00,2.91,2.92,2.89,2.905,140785,0
2017-12-07,19:00:00,2.905,2.91,2.87,2.87,95596,0
2017-12-07,20:00:00,2.87,2.8799,2.83,2.84,158675,0
2017-12-07,21:00:00,2.845,2.845,2.8,2.81,206051,0
2017-12-07,22:00:00,2.805,2.81,2.76,2.79,724121,0
2017-12-08,16:00:00,2.78,2.785,2.74,2.775,165475,0
2017-12-08,17:00:00,2.78,2.83,2.78,2.83,129123,0
2017-12-08,18:00:00,2.83,2.84,2.81,2.83,75081,0
2017-12-08,19:00:00,2.825,2.865,2.82,2.84,102032,0
2017-12-08,20:00:00,2.84,2.85,2.84,2.8455,76317,0
2017-12-08,21:00:00,2.85,2.86,2.84,2.86,118569,0
2017-12-08,22:00:00,2.855,2.86,2.83,2.85,397662,0
2017-12-11,16:00:00,2.85,2.88,2.83,2.88,150207,0
2017-12-11,17:00:00,2.88,2.92,2.86,2.88,172917,0
2017-12-11,18:00:00,2.89,2.91,2.88,2.91,78315,0
2017-12-11,19:00:00,2.9,2.92,2.9,2.92,71753,0
2017-12-11,20:00:00,2.911,2.92,2.905,2.92,132406,0
2017-12-11,21:00:00,2.91,2.92,2.89,2.895,138512,0
2017-12-11,22:00:00,2.9,2.91,2.88,2.9,387132,0
2017-12-12,16:00:00,2.92,2.92,2.895,2.915,32436,0
2017-12-12,17:00:00,2.92,2.93,2.91,2.92,69338,0
2017-12-12,18:00:00,2.92,2.93,2.91,2.91,59613,0
2017-12-12,19:00:00,2.915,2.92,2.9,2.9037,85033,0
2017-12-12,20:00:00,2.9,2.91,2.9,2.9,64780,0
2017-12-12,21:00:00,2.9,2.94,2.9,2.93,198006,0
2017-12-12,22:00:00,2.93,2.94,2.92,2.92,274046,0
2017-12-13,16:00:00,2.91,2.98,2.91,2.965,87784,0
2017-12-13,17:00:00,2.96,2.96,2.93,2.94,96469,0
2017-12-13,18:00:00,2.94,2.95,2.92,2.945,115978,0
2017-12-13,19:00:00,2.95,2.95,2.92,2.93,112955,0
2017-12-13,20:00:00,2.925,2.93,2.92,2.92,75667,0
2017-12-13,21:00:00,2.92,2.95,2.92,2.93,126697,0
2017-12-13,22:00:00,2.93,2.95,2.915,2.94,408504,0
2017-12-14,16:00:00,2.93,2.93,2.89,2.925,57947,0
2017-12-14,17:00:00,2.925,2.9253,2.91,2.91,88017,0
2017-12-14,18:00:00,2.915,2.93,2.91,2.92,135719,0
2017-12-14,19:00:00,2.92,2.92,2.91,2.91,85402,0
2017-12-14,20:00:00,2.91,2.92,2.865,2.865,232412,0
2017-12-14,21:00:00,2.865,2.895,2.85,2.89,209970,0
2017-12-14,22:00:00,2.8899,2.89,2.84,2.87,403422,0
2017-12-15,16:00:00,2.86,2.89,2.85,2.87,383380,0
2017-12-15,17:00:00,2.875,2.9077,2.87,2.903,105175,0
2017-12-15,18:00:00,2.9,2.93,2.89,2.91,108375,0
2017-12-15,19:00:00,2.91,2.92,2.88,2.905,177474,0
2017-12-15,20:00:00,2.905,2.9399,2.9,2.935,232826,0
2017-12-15,21:00:00,2.93,2.99,2.93,2.99,348909,0
2017-12-15,22:00:00,2.99,3.065,2.97,3.055,1138354,0
2017-12-18,16:00:00,3.03,3.07,2.96,3.035,146938,0
2017-12-18,17:00:00,3.035,3.04,2.94,2.96,169950,0
2017-12-18,18:00:00,2.96,2.99,2.91,2.9459,225857,0
2017-12-18,19:00:00,2.95,2.97,2.91,2.93,140557,0
2017-12-18,20:00:00,2.93,2.94,2.91,2.915,96759,0
2017-12-18,21:00:00,2.9138,2.92,2.9,2.9,98973,0
2017-12-18,22:00:00,2.9,2.93,2.89,2.93,593804,0
2017-12-19,16:00:00,2.95,2.96,2.91,2.94,56389,0
2017-12-19,17:00:00,2.934,2.98,2.93,2.975,107638,0
2017-12-19,18:00:00,2.97,2.99,2.96,2.96,149384,0
2017-12-19,19:00:00,2.96,3.02,2.95,3,253120,0
2017-12-19,20:00:00,3.0099,3.04,3,3.025,145959,0
2017-12-19,21:00:00,3.025,3.035,3.01,3.03,105167,0
2017-12-19,22:00:00,3.03,3.03,2.99,3.01,291361,0
2017-12-20,16:00:00,3,3.0338,2.97,2.97,68964,0
2017-12-20,17:00:00,2.97,2.97,2.92,2.92,155712,0
2017-12-20,18:00:00,2.925,2.93,2.91,2.915,57618,0
2017-12-20,19:00:00,2.91,2.92,2.9,2.915,85046,0
2017-12-20,20:00:00,2.91,2.915,2.89,2.895,166756,0
2017-12-20,21:00:00,2.895,2.9,2.88,2.89,151082,0
2017-12-20,22:00:00,2.885,2.9,2.88,2.9,255504,0
2017-12-21,16:00:00,2.9,2.92,2.87,2.9,75848,0
2017-12-21,17:00:00,2.895,2.94,2.895,2.92,199537,0
2017-12-21,18:00:00,2.92,2.92,2.88,2.895,120537,0
2017-12-21,19:00:00,2.895,2.9,2.885,2.895,60558,0
2017-12-21,20:00:00,2.8999,2.9,2.89,2.8999,41262,0
2017-12-21,21:00:00,2.9,2.92,2.88,2.9,333968,0
2017-12-21,22:00:00,2.905,2.91,2.86,2.885,467881,0
2017-12-22,16:00:00,2.87,2.9,2.85,2.875,142899,0
2017-12-22,17:00:00,2.875,2.88,2.86,2.86,72608,0
2017-12-22,18:00:00,2.87,2.91,2.86,2.91,164459,0
2017-12-22,19:00:00,2.9,2.91,2.895,2.91,128088,0
2017-12-22,20:00:00,2.905,2.9416,2.905,2.93,106378,0
2017-12-22,21:00:00,2.93,2.94,2.92,2.9301,63088,0
2017-12-22,22:00:00,2.935,2.94,2.91,2.91,431938,0
2017-12-26,16:00:00,2.89,2.925,2.89,2.92,83416,0
2017-12-26,17:00:00,2.9101,2.94,2.895,2.935,80838,0
2017-12-26,18:00:00,2.935,2.96,2.93,2.935,116083,0
2017-12-26,19:00:00,2.93,2.9438,2.93,2.93,32043,0
2017-12-26,20:00:00,2.935,2.94,2.93,2.935,40558,0
2017-12-26,21:00:00,2.935,2.94,2.93,2.935,45600,0
2017-12-26,22:00:00,2.94,2.94,2.92,2.93,249870,0
2017-12-27,16:00:00,2.92,2.97,2.92,2.96,48685,0
2017-12-27,17:00:00,2.97,2.97,2.95,2.955,43296,0
2017-12-27,18:00:00,2.95,2.96,2.93,2.935,76359,0
2017-12-27,19:00:00,2.935,2.94,2.9,2.905,65384,0
2017-12-27,20:00:00,2.905,2.91,2.89,2.905,110487,0
2017-12-27,21:00:00,2.905,2.92,2.9,2.915,49634,0
2017-12-27,22:00:00,2.915,2.92,2.91,2.92,218225,0
2017-12-28,16:00:00,2.9,2.9039,2.87,2.87,47635,0
2017-12-28,17:00:00,2.87,2.91,2.87,2.895,102919,0
2017-12-28,18:00:00,2.9,2.915,2.87,2.87,183061,0
2017-12-28,19:00:00,2.875,2.89,2.87,2.89,41673,0
2017-12-28,20:00:00,2.88,2.89,2.86,2.86,110314,0
2017-12-28,21:00:00,2.86,2.885,2.86,2.88,95696,0
2017-12-28,22:00:00,2.875,2.89,2.87,2.885,142547,0
2017-12-29,16:00:00,2.89,2.92,2.85,2.85,87030,0
2017-12-29,17:00:00,2.855,2.86,2.83,2.84,172772,0
2017-12-29,18:00:00,2.84,2.8499,2.83,2.83,58668,0
2017-12-29,19:00:00,2.835,2.84,2.83,2.835,49506,0
2017-12-29,20:00:00,2.83,2.84,2.82,2.82,103647,0
2017-12-29,21:00:00,2.82,2.83,2.78,2.785,177933,0
2017-12-29,22:00:00,2.78,2.79,2.72,2.74,522772,0
2018-01-02,16:00:00,2.74,2.8,2.735,2.77,145747,0
2018-01-02,17:00:00,2.775,2.85,2.775,2.845,118153,0
2018-01-02,18:00:00,2.84,2.85,2.81,2.835,128822,0
2018-01-02,19:00:00,2.84,2.85,2.83,2.8399,93321,0
2018-01-02,20:00:00,2.835,2.85,2.83,2.84,104556,0
2018-01-02,21:00:00,2.85,2.85,2.83,2.835,137633,0
2018-01-02,22:00:00,2.83,2.88,2.83,2.87,491795,0
2018-01-03,16:00:00,2.88,2.9,2.83,2.87,91875,0
2018-01-03,17:00:00,2.865,2.9,2.86,2.9,126431,0
2018-01-03,18:00:00,2.9,2.94,2.9,2.92,201432,0
2018-01-03,19:00:00,2.93,2.93,2.91,2.92,88100,0
2018-01-03,20:00:00,2.92,2.95,2.92,2.935,129511,0
2018-01-03,21:00:00,2.935,2.94,2.89,2.91,151010,0
2018-01-03,22:00:00,2.91,2.915,2.87,2.88,477374,0
2018-01-04,16:00:00,2.89,2.91,2.85,2.864,99612,0
2018-01-04,17:00:00,2.86,2.87,2.83,2.85,177571,0
2018-01-04,18:00:00,2.845,2.85,2.83,2.835,53118,0
2018-01-04,19:00:00,2.835,2.88,2.831,2.875,110993,0
2018-01-04,20:00:00,2.875,2.89,2.871,2.885,41313,0
2018-01-04,21:00:00,2.8899,2.905,2.88,2.9,55846,0
2018-01-04,22:00:00,2.89,2.9,2.86,2.88,257142,0
2018-01-05,16:00:00,2.87,2.9,2.83,2.86,78158,0
2018-01-05,17:00:00,2.85,2.87,2.835,2.845,78685,0
2018-01-05,18:00:00,2.845,2.85,2.82,2.83,123824,0
2018-01-05,19:00:00,2.83,2.85,2.82,2.83,129830,0
2018-01-05,20:00:00,2.83,2.84,2.81,2.835,100450,0
2018-01-05,21:00:00,2.835,2.84,2.81,2.81,78604,0
2018-01-05,22:00:00,2.8188,2.85,2.81,2.84,298269,0
2018-01-08,16:00:00,2.81,2.84,2.78,2.795,128660,0
2018-01-08,17:00:00,2.79,2.79,2.755,2.78,363394,0
2018-01-08,18:00:00,2.78,2.81,2.78,2.81,52711,0
2018-01-08,19:00:00,2.805,2.82,2.8,2.8,64076,0
2018-01-08,20:00:00,2.805,2.825,2.78,2.78,223687,0
2018-01-08,21:00:00,2.785,2.8,2.77,2.795,264647,0
2018-01-08,22:00:00,2.795,2.805,2.76,2.79,653594,0
2018-01-09,16:00:00,2.78,2.805,2.77,2.77,69407,0
2018-01-09,17:00:00,2.77,2.785,2.75,2.77,173398,0
2018-01-09,18:00:00,2.78,2.79,2.77,2.77,112655,0
2018-01-09,19:00:00,2.77,2.795,2.77,2.795,113738,0
2018-01-09,20:00:00,2.8,2.815,2.77,2.8,123807,0
2018-01-09,21:00:00,2.8,2.815,2.78,2.78,173586,0
2018-01-09,22:00:00,2.78,2.79,2.77,2.79,391614,0
2018-01-10,16:00:00,2.76,2.78,2.74,2.76,83530,0
2018-01-10,17:00:00,2.76,2.78,2.74,2.755,62787,0
2018-01-10,18:00:00,2.76,2.78,2.75,2.77,118736,0
2018-01-10,19:00:00,2.765,2.78,2.76,2.775,50349,0
2018-01-10,20:00:00,2.775,2.81,2.77,2.81,59625,0
2018-01-10,21:00:00,2.8,2.81,2.79,2.79,80274,0
2018-01-10,22:00:00,2.8,2.81,2.78,2.79,286868,0
2018-01-11,16:00:00,2.78,2.79,2.73,2.765,52654,0
2018-01-11,17:00:00,2.77,2.785,2.75,2.785,143626,0
2018-01-11,18:00:00,2.78,2.81,2.78,2.805,41249,0
2018-01-11,19:00:00,2.805,2.825,2.8,2.815,93502,0
2018-01-11,20:00:00,2.8131,2.83,2.805,2.82,131571,0
2018-01-11,21:00:00,2.82,2.82,2.8,2.81,61302,0
2018-01-11,22:00:00,2.81,2.84,2.81,2.83,302358,0
2018-01-12,16:00:00,2.81,2.85,2.81,2.83,49373,0
2018-01-12,17:00:00,2.84,2.86,2.81,2.86,108838,0
2018-01-12,18:00:00,2.855,2.87,2.84,2.845,146176,0
2018-01-12,19:00:00,2.845,2.85,2.83,2.84,34102,0
2018-01-12,20:00:00,2.835,2.84,2.81,2.82,74078,0
2018-01-12,21:00:00,2.82,2.83,2.81,2.825,42580,0
2018-01-12,22:00:00,2.83,2.85,2.82,2.84,214544,0
2018-01-16,16:00:00,2.83,2.86,2.83,2.855,55416,0
2018-01-16,17:00:00,2.86,2.89,2.845,2.86,110581,0
2018-01-16,18:00:00,2.855,2.86,2.83,2.835,79434,0
2018-01-16,19:00:00,2.84,2.85,2.82,2.82,209814,0
2018-01-16,20:00:00,2.82,2.8299,2.79,2.8,63762,0
2018-01-16,21:00:00,2.8,2.83,2.78,2.83,120312,0
2018-01-16,22:00:00,2.825,2.83,2.78,2.79,364067,0
2018-01-17,16:00:00,2.79,2.81,2.78,2.78,68106,0
2018-01-17,17:00:00,2.78,2.83,2.76,2.76,139106,0
2018-01-17,18:00:00,2.76,2.77,2.75,2.76,296374,0
2018-01-17,19:00:00,2.76,2.81,2.76,2.8099,118102,0
2018-01-17,20:00:00,2.8,2.82,2.8,2.81,73684,0
2018-01-17,21:00:00,2.81,2.83,2.81,2.82,69216,0
2018-01-17,22:00:00,2.82,2.83,2.78,2.8,329339,0
2018-01-18,16:00:00,2.79,2.79,2.74,2.765,89333,0
2018-01-18,17:00:00,2.765,2.78,2.75,2.755,88788,0
2018-01-18,18:00:00,2.755,2.77,2.75,2.765,153652,0
2018-01-18,19:00:00,2.765,2.78,2.76,2.775,104621,0
2018-01-18,20:00:00,2.77,2.78,2.75,2.76,100436,0
2018-01-18,21:00:00,2.76,2.77,2.755,2.76,97712,0
2018-01-18,22:00:00,2.76,2.77,2.73,2.75,452070,0
2018-01-19,16:00:00,2.73,2.76,2.72,2.735,77127,0
2018-01-19,17:00:00,2.735,2.76,2.735,2.75,64553,0
2018-01-19,18:00:00,2.74,2.78,2.74,2.775,129608,0
2018-01-19,19:00:00,2.78,2.78,2.77,2.77,57677,0
2018-01-19,20:00:00,2.78,2.79,2.77,2.785,68375,0
2018-01-19,21:00:00,2.785,2.79,2.78,2.78,74976,0
2018-01-19,22:00:00,2.79,2.795,2.77,2.79,425636,0
2018-01-22,16:00:00,2.77,2.79,2.76,2.76,78235,0
2018-01-22,17:00:00,2.765,2.775,2.75,2.75,111795,0
2018-01-22,18:00:00,2.75,2.755,2.74,2.74,79649,0
2018-01-22,19:00:00,2.74,2.77,2.74,2.75,97637,0
2018-01-22,20:00:00,2.7599,2.76,2.75,2.7528,55752,0
2018-01-22,21:00:00,2.7599,2.76,2.75,2.7599,48282,0
2018-01-22,22:00:00,2.755,2.79,2.74,2.79,513159,0
2018-01-23,16:00:00,2.77,2.79,2.75,2.755,126267,0
2018-01-23,17:00:00,2.75,2.755,2.73,2.74,200395,0
2018-01-23,18:00:00,2.745,2.75,2.74,2.74,62616,0
2018-01-23,19:00:00,2.745,2.77,2.74,2.77,83185,0
2018-01-23,20:00:00,2.77,2.8,2.76,2.795,92767,0
2018-01-23,21:00:00,2.795,2.83,2.78,2.825,183553,0
2018-01-23,22:00:00,2.825,2.83,2.8,2.82,417566,0
2018-01-24,16:00:00,2.83,2.83,2.8,2.82,47227,0
2018-01-24,17:00:00,2.825,2.84,2.81,2.81,115779,0
2018-01-24,18:00:00,2.815,2.82,2.77,2.8,186388,0
2018-01-24,19:00:00,2.805,2.81,2.79,2.805,53071,0
2018-01-24,20:00:00,2.805,2.85,2.8,2.85,97253,0
2018-01-24,21:00:00,2.845,2.85,2.82,2.83,69137,0
2018-01-24,22:00:00,2.83,2.83,2.81,2.83,270959,0
2018-01-25,16:00:00,2.83,2.85,2.82,2.84,72683,0
2018-01-25,17:00:00,2.835,2.86,2.82,2.86,84496,0
2018-01-25,18:00:00,2.855,2.875,2.84,2.865,195102,0
2018-01-25,19:00:00,2.865,2.91,2.865,2.9,157781,0
2018-01-25,20:00:00,2.9,2.92,2.9,2.915,74292,0
2018-01-25,21:00:00,2.915,2.92,2.9,2.915,121171,0
2018-01-25,22:00:00,2.915,2.93,2.91,2.91,412782,0
2018-01-26,16:00:00,2.91,2.94,2.91,2.92,101189,0
2018-01-26,17:00:00,2.93,2.95,2.92,2.92,105209,0
2018-01-26,18:00:00,2.92,2.9288,2.905,2.91,121406,0
2018-01-26,19:00:00,2.92,2.92,2.9,2.9,33337,0
2018-01-26,20:00:00,2.905,2.93,2.9,2.92,61616,0
2018-01-26,21:00:00,2.93,2.93,2.91,2.91,43600,0
2018-01-26,22:00:00,2.91,2.93,2.895,2.91,405917,0
2018-01-29,16:00:00,2.88,2.95,2.88,2.945,109986,0
2018-01-29,17:00:00,2.95,2.975,2.94,2.97,317607,0
2018-01-29,18:00:00,2.97,2.98,2.97,2.97,96217,0
2018-01-29,19:00:00,2.97,2.98,2.97,2.97,40619,0
2018-01-29,20:00:00,2.975,2.99,2.975,2.98,107219,0
2018-01-29,21:00:00,2.985,3,2.98,2.995,92916,0
2018-01-29,22:00:00,2.995,3,2.95,2.95,497865,0
2018-01-30,16:00:00,2.94,2.9589,2.86,2.875,266346,0
2018-01-30,17:00:00,2.89,2.92,2.88,2.92,111982,0
2018-01-30,18:00:00,2.92,2.92,2.9,2.91,107976,0
2018-01-30,19:00:00,2.91,2.91,2.86,2.875,136547,0
2018-01-30,20:00:00,2.875,2.88,2.86,2.875,84324,0
2018-01-30,21:00:00,2.87,2.88,2.855,2.875,90145,0
2018-01-30,22:00:00,2.875,2.88,2.86,2.87,405900,0
2018-01-31,16:00:00,2.88,2.88,2.82,2.82,64250,0
2018-01-31,17:00:00,2.825,2.83,2.75,2.7552,113926,0
2018-01-31,18:00:00,2.756,2.79,2.75,2.775,100559,0
2018-01-31,19:00:00,2.77,2.78,2.77,2.7799,25531,0
2018-01-31,20:00:00,2.77,2.79,2.77,2.77,24896,0
2018-01-31,21:00:00,2.77,2.78,2.74,2.75,177176,0
2018-01-31,22:00:00,2.7564,2.765,2.74,2.76,563387,0
2018-02-01,16:00:00,2.75,2.795,2.74,2.79,66621,0
2018-02-01,17:00:00,2.79,2.79,2.76,2.765,60980,0
2018-02-01,18:00:00,2.76,2.79,2.76,2.785,76684,0
2018-02-01,19:00:00,2.785,2.8,2.78,2.795,36458,0
2018-02-01,20:00:00,2.795,2.81,2.79,2.8,69104,0
2018-02-01,21:00:00,2.8033,2.81,2.79,2.79,30895,0
2018-02-01,22:00:00,2.8,2.81,2.78,2.79,430034,0
2018-02-02,16:00:00,2.78,2.78,2.74,2.75,71653,0
2018-02-02,17:00:00,2.75,2.78,2.73,2.755,137855,0
2018-02-02,18:00:00,2.76,2.76,2.73,2.73,52020,0
2018-02-02,19:00:00,2.73,2.75,2.72,2.735,97233,0
2018-02-02,20:00:00,2.73,2.74,2.72,2.735,152321,0
2018-02-02,21:00:00,2.73,2.74,2.72,2.72,51557,0
2018-02-02,22:00:00,2.72,2.73,2.68,2.69,422895,0
2018-02-05,16:00:00,2.66,2.66,2.5862,2.6,204395,0
2018-02-05,17:00:00,2.6,2.62,2.56,2.605,222631,0
2018-02-05,18:00:00,2.605,2.62,2.6,2.61,69795,0
2018-02-05,19:00:00,2.615,2.6299,2.6,2.605,123164,0
2018-02-05,20:00:00,2.605,2.61,2.58,2.5899,98485,0
2018-02-05,21:00:00,2.59,2.6,2.56,2.565,126984,0
2018-02-05,22:00:00,2.5699,2.6,2.55,2.56,423710,0
2018-02-06,16:00:00,2.5,2.64,2.5,2.604,151371,0
2018-02-06,17:00:00,2.605,2.64,2.56,2.59,180519,0
2018-02-06,18:00:00,2.59,2.6,2.54,2.55,91987,0
2018-02-06,19:00:00,2.555,2.58,2.55,2.57,99452,0
2018-02-06,20:00:00,2.565,2.57,2.55,2.56,42410,0
2018-02-06,21:00:00,2.555,2.57,2.54,2.56,111124,0
2018-02-06,22:00:00,2.5662,2.59,2.55,2.55,769497,0
2018-02-07,16:00:00,2.58,2.645,2.58,2.62,159087,0
2018-02-07,17:00:00,2.61,2.625,2.61,2.615,150546,0
2018-02-07,18:00:00,2.61,2.62,2.61,2.615,69384,0
2018-02-07,19:00:00,2.62,2.715,2.61,2.68,597339,0
2018-02-07,20:00:00,2.685,2.6864,2.65,2.68,179957,0
2018-02-07,21:00:00,2.67,2.68,2.66,2.66,135950,0
2018-02-07,22:00:00,2.665,2.67,2.64,2.66,260984,0
2018-02-08,16:00:00,2.67,2.68,2.58,2.6,78571,0
2018-02-08,17:00:00,2.6,2.61,2.56,2.56,70225,0
2018-02-08,18:00:00,2.56,2.57,2.52,2.5399,144803,0
2018-02-08,19:00:00,2.535,2.54,2.5,2.51,89142,0
2018-02-08,20:00:00,2.5,2.54,2.49,2.52,140282,0
2018-02-08,21:00:00,2.51,2.52,2.48,2.485,111864,0
2018-02-08,22:00:00,2.49,2.49,2.39,2.39,752710,0
2018-02-09,16:00:00,2.4,2.46,2.39,2.445,289605,0
2018-02-09,17:00:00,2.45,2.46,2.38,2.42,396630,0
2018-02-09,18:00:00,2.42,2.43,2.33,2.335,242599,0
2018-02-09,19:00:00,2.331,2.34,2.29,2.31,231215,0
2018-02-09,20:00:00,2.31,2.4,2.29,2.381,198889,0
2018-02-09,21:00:00,2.385,2.43,2.38,2.41,137569,0
2018-02-09,22:00:00,2.4099,2.44,2.39,2.4,850723,0
2018-02-12,16:00:00,2.41,2.43,2.3707,2.43,170374,0
2018-02-12,17:00:00,2.43,2.44,2.39,2.405,95599,0
2018-02-12,18:00:00,2.405,2.43,2.4,2.425,118748,0
2018-02-12,19:00:00,2.42,2.43,2.41,2.42,93499,0
2018-02-12,20:00:00,2.425,2.46,2.42,2.455,149500,0
2018-02-12,21:00:00,2.455,2.48,2.45,2.4699,151048,0
2018-02-12,22:00:00,2.465,2.47,2.41,2.42,533536,0
2018-02-13,16:00:00,2.42,2.4372,2.4,2.415,73424,0
2018-02-13,17:00:00,2.415,2.45,2.4,2.44,87291,0
2018-02-13,18:00:00,2.44,2.455,2.43,2.455,100713,0
2018-02-13,19:00:00,2.455,2.4699,2.45,2.455,61911,0
2018-02-13,20:00:00,2.45,2.47,2.45,2.4601,101194,0
2018-02-13,21:00:00,2.465,2.48,2.45,2.45,141048,0
2018-02-13,22:00:00,2.45,2.46,2.42,2.43,437664,0
2018-02-14,16:00:00,2.42,2.46,2.42,2.44,64173,0
2018-02-14,17:00:00,2.44,2.49,2.44,2.48,62126,0
2018-02-14,18:00:00,2.48,2.49,2.46,2.475,67282,0
2018-02-14,19:00:00,2.47,2.48,2.46,2.46,54029,0
2018-02-14,20:00:00,2.46,2.49,2.46,2.48,71487,0
2018-02-14,21:00:00,2.485,2.5,2.47,2.47,88414,0
2018-02-14,22:00:00,2.47,2.49,2.46,2.48,261572,0
2018-02-15,16:00:00,2.51,2.51,2.46,2.475,68315,0
2018-02-15,17:00:00,2.47,2.495,2.465,2.47,134876,0
2018-02-15,18:00:00,2.47,2.51,2.47,2.5,106656,0
2018-02-15,19:00:00,2.505,2.505,2.47,2.48,98060,0
2018-02-15,20:00:00,2.485,2.49,2.48,2.48,30457,0
2018-02-15,21:00:00,2.4825,2.49,2.47,2.47,87530,0
2018-02-15,22:00:00,2.47,2.48,2.47,2.48,237587,0
2018-02-16,16:00:00,2.48,2.505,2.48,2.495,50536,0
2018-02-16,17:00:00,2.49,2.51,2.49,2.505,56186,0
2018-02-16,18:00:00,2.51,2.51,2.48,2.5,169205,0
2018-02-16,19:00:00,2.5,2.51,2.49,2.49,69724,0
2018-02-16,20:00:00,2.49,2.495,2.46,2.48,38044,0
2018-02-16,21:00:00,2.475,2.485,2.46,2.47,97400,0
2018-02-16,22:00:00,2.47,2.48,2.46,2.47,202510,0
2018-02-20,16:00:00,2.47,2.5,2.47,2.49,102991,0
2018-02-20,17:00:00,2.49,2.495,2.45,2.455,291356,0
2018-02-20,18:00:00,2.45,2.46,2.43,2.45,352980,0
2018-02-20,19:00:00,2.445,2.46,2.44,2.45,157142,0
2018-02-20,20:00:00,2.45,2.49,2.43,2.48,110758,0
2018-02-20,21:00:00,2.48,2.48,2.47,2.47,53033,0
2018-02-20,22:00:00,2.47,2.476,2.45,2.45,288231,0
2018-02-21,16:00:00,2.47,2.49,2.45,2.48,46644,0
2018-02-21,17:00:00,2.48,2.559,2.47,2.55,717009,0
2018-02-21,18:00:00,2.55,2.58,2.54,2.58,172532,0
2018-02-21,19:00:00,2.58,2.59,2.56,2.58,82800,0
2018-02-21,20:00:00,2.59,2.62,2.585,2.605,147553,0
2018-02-21,21:00:00,2.61,2.64,2.59,2.595,167642,0
2018-02-21,22:00:00,2.59,2.59,2.55,2.55,324833,0
2018-02-22,16:00:00,2.58,2.585,2.55,2.56,94571,0
2018-02-22,17:00:00,2.565,2.585,2.54,2.555,112967,0
2018-02-22,18:00:00,2.56,2.59,2.56,2.57,77556,0
2018-02-22,19:00:00,2.57,2.5799,2.55,2.56,62305,0
2018-02-22,20:00:00,2.565,2.5699,2.52,2.535,62530,0
2018-02-22,21:00:00,2.53,2.54,2.51,2.51,43794,0
2018-02-22,22:00:00,2.51,2.525,2.49,2.5,420589,0
2018-02-23,16:00:00,2.51,2.559,2.5,2.505,56396,0
2018-02-23,17:00:00,2.505,2.505,2.47,2.48,52947,0
2018-02-23,18:00:00,2.48,2.48,2.46,2.465,66960,0
2018-02-23,19:00:00,2.47,2.49,2.465,2.49,44554,0
2018-02-23,20:00:00,2.49,2.49,2.47,2.475,119148,0
2018-02-23,21:00:00,2.475,2.49,2.47,2.485,67065,0
2018-02-23,22:00:00,2.485,2.49,2.47,2.48,343014,0
2018-02-26,16:00:00,2.51,2.53,2.47,2.48,91623,0
2018-02-26,17:00:00,2.485,2.49,2.47,2.48,73624,0
2018-02-26,18:00:00,2.48,2.53,2.48,2.525,117289,0
2018-02-26,19:00:00,2.52,2.54,2.45,2.54,384610,0
2018-02-26,20:00:00,2.54,2.55,2.53,2.5499,184230,0
2018-02-26,21:00:00,2.545,2.56,2.545,2.55,89855,0
2018-02-26,22:00:00,2.56,2.585,2.55,2.56,357289,0
2018-02-27,16:00:00,2.56,2.59,2.53,2.575,152132,0
2018-02-27,17:00:00,2.575,2.58,2.53,2.535,201926,0
2018-02-27,18:00:00,2.545,2.57,2.52,2.545,137672,0
2018-02-27,19:00:00,2.545,2.545,2.48,2.495,166405,0
2018-02-27,20:00:00,2.49,2.505,2.48,2.48,137564,0
2018-02-27,21:00:00,2.485,2.49,2.46,2.46,113475,0
2018-02-27,22:00:00,2.46,2.4699,2.43,2.46,479289,0
2018-02-28,16:00:00,2.45,2.51,2.44,2.5,125677,0
2018-02-28,17:00:00,2.51,2.55,2.5,2.505,157861,0
2018-02-28,18:00:00,2.51,2.5299,2.49,2.51,46552,0
2018-02-28,19:00:00,2.51,2.51,2.47,2.48,38598,0
2018-02-28,20:00:00,2.48,2.485,2.44,2.455,71713,0
2018-02-28,21:00:00,2.455,2.459,2.41,2.42,101005,0
2018-02-28,22:00:00,2.424,2.43,2.4,2.4,347439,0
2018-03-01,16:00:00,2.4,2.42,2.35,2.39,143086,0
2018-03-01,17:00:00,2.395,2.425,2.39,2.405,114798,0
2018-03-01,18:00:00,2.405,2.425,2.39,2.41,86496,0
2018-03-01,19:00:00,2.41,2.415,2.38,2.395,159429,0
2018-03-01,20:00:00,2.39,2.39,2.345,2.35,103030,0
2018-03-01,21:00:00,2.34,2.37,2.33,2.36,95921,0
2018-03-01,22:00:00,2.35,2.43,2.34,2.415,776794,0
2018-03-02,16:00:00,2.41,2.425,2.39,2.4151,55993,0
2018-03-02,17:00:00,2.415,2.46,2.4,2.46,197994,0
2018-03-02,18:00:00,2.455,2.52,2.45,2.51,187696,0
2018-03-02,19:00:00,2.5101,2.515,2.47,2.505,137530,0
2018-03-02,20:00:00,2.51,2.519,2.49,2.5,196324,0
2018-03-02,21:00:00,2.5,2.52,2.49,2.51,145051,0
2018-03-02,22:00:00,2.51,2.54,2.5,2.54,416020,0
2018-03-05,16:00:00,2.51,2.545,2.475,2.48,296192,0
2018-03-05,17:00:00,2.48,2.49,2.42,2.445,408913,0
2018-03-05,18:00:00,2.44,2.449,2.39,2.43,713745,0
2018-03-05,19:00:00,2.425,2.43,2.355,2.355,254156,0
2018-03-05,20:00:00,2.35,2.38,2.35,2.35,346649,0
2018-03-05,21:00:00,2.35,2.3562,2.33,2.345,282629,0
2018-03-05,22:00:00,2.34,2.44,2.34,2.42,890830,0
2018-03-06,16:00:00,2.44,2.47,2.42,2.45,78170,0
2018-03-06,17:00:00,2.45,2.48,2.43,2.47,226385,0
2018-03-06,18:00:00,2.465,2.5,2.46,2.494,91387,0
2018-03-06,19:00:00,2.5,2.53,2.49,2.5138,162596,0
2018-03-06,20:00:00,2.52,2.54,2.49,2.51,275632,0
2018-03-06,21:00:00,2.51,2.52,2.49,2.5,76560,0
2018-03-06,22:00:00,2.505,2.52,2.5,2.52,303907,0
2018-03-07,16:00:00,2.5,2.52,2.48,2.49,77849,0
2018-03-07,17:00:00,2.49,2.52,2.48,2.52,89438,0
2018-03-07,18:00:00,2.5152,2.52,2.5,2.505,64253,0
2018-03-07,19:00:00,2.51,2.51,2.48,2.485,139137,0
2018-03-07,20:00:00,2.49,2.5,2.48,2.5,30193,0
2018-03-07,21:00:00,2.5,2.52,2.49,2.51,111735,0
2018-03-07,22:00:00,2.51,2.57,2.505,2.56,550124,0
2018-03-08,16:00:00,2.56,2.61,2.56,2.57,44191,0
2018-03-08,17:00:00,2.55,2.56,2.53,2.56,84105,0
2018-03-08,18:00:00,2.56,2.61,2.55,2.6,242310,0
2018-03-08,19:00:00,2.59,2.64,2.59,2.63,444541,0
2018-03-08,20:00:00,2.623,2.67,2.61,2.61,289062,0
2018-03-08,21:00:00,2.62,2.63,2.61,2.63,142149,0
2018-03-08,22:00:00,2.625,2.66,2.62,2.65,924110,0
2018-03-09,16:00:00,3.07,3.11,2.88,2.925,2449987,0
2018-03-09,17:00:00,2.92,3.07,2.83,3.0609,1343505,0
2018-03-09,18:00:00,3.07,3.15,3.04,3.07,1208117,0
2018-03-09,19:00:00,3.07,3.16,3.06,3.08,1084168,0
2018-03-09,20:00:00,3.075,3.08,3.01,3.04,473380,0
2018-03-09,21:00:00,3.035,3.06,2.97,3.06,368891,0
2018-03-09,22:00:00,3.06,3.09,3.01,3.04,979381,0
2018-03-12,15:00:00,3.07,3.1,3.045,3.05,219352,0
2018-03-12,16:00:00,3.055,3.06,2.98,3.035,329254,0
2018-03-12,17:00:00,3.035,3.045,3.01,3.03,167748,0
2018-03-12,18:00:00,3.035,3.0394,3.01,3.025,249127,0
2018-03-12,19:00:00,3.02,3.03,2.98,2.99,315375,0
2018-03-12,20:00:00,2.99,3,2.965,2.975,91813,0
2018-03-12,21:00:00,2.975,3,2.96,3,366157,0
2018-03-13,15:00:00,3.04,3.04,3.02,3.037,130152,0
2018-03-13,16:00:00,3.03,3.075,3.03,3.06,275751,0
2018-03-13,17:00:00,3.06,3.1,3.05,3.09,284745,0
2018-03-13,18:00:00,3.09,3.1,3.05,3.08,141282,0
2018-03-13,19:00:00,3.08,3.09,3.06,3.071,133289,0
2018-03-13,20:00:00,3.08,3.1,3.07,3.1,135514,0
2018-03-13,21:00:00,3.09,3.1,3.05,3.09,670099,0
2018-03-14,15:00:00,3.12,3.13,3.07,3.1225,155352,0
2018-03-14,16:00:00,3.13,3.15,3.08,3.0838,325202,0
2018-03-14,17:00:00,3.09,3.11,3.075,3.105,194057,0
2018-03-14,18:00:00,3.1,3.11,3.02,3.025,190671,0
2018-03-14,19:00:00,3.025,3.04,3.02,3.03,110488,0
2018-03-14,20:00:00,3.03,3.04,3,3.015,138753,0
2018-03-14,21:00:00,3.015,3.02,2.99,3.01,389132,0
2018-03-15,15:00:00,3.02,3.03,2.98,3.005,208518,0
2018-03-15,16:00:00,3,3.05,3,3.05,96728,0
2018-03-15,17:00:00,3.045,3.07,3.02,3.025,136390,0
2018-03-15,18:00:00,3.0299,3.03,2.96,2.995,369493,0
2018-03-15,19:00:00,2.99,3.01,2.99,3,147128,0
2018-03-15,20:00:00,3.005,3.005,2.94,2.95,324287,0
2018-03-15,21:00:00,2.95,2.96,2.93,2.96,566751,0
2018-03-16,15:00:00,2.91,2.96,2.91,2.94,502839,0
2018-03-16,16:00:00,2.945,2.95,2.88,2.915,327062,0
2018-03-16,17:00:00,2.91,2.92,2.88,2.885,111911,0
2018-03-16,18:00:00,2.89,2.915,2.87,2.915,132856,0
2018-03-16,19:00:00,2.915,2.92,2.88,2.89,233060,0
2018-03-16,20:00:00,2.895,2.9,2.88,2.88,101460,0
2018-03-16,21:00:00,2.885,2.89,2.84,2.85,510649,0
2018-03-19,15:00:00,2.86,2.93,2.86,2.915,142653,0
2018-03-19,16:00:00,2.91,2.95,2.89,2.91,235237,0
2018-03-19,17:00:00,2.91,2.91,2.87,2.88,106350,0
2018-03-19,18:00:00,2.89,2.91,2.87,2.89,129317,0
2018-03-19,19:00:00,2.88,2.9,2.85,2.9,113786,0
2018-03-19,20:00:00,2.9,2.91,2.88,2.9,125418,0
2018-03-19,21:00:00,2.9,2.93,2.87,2.92,468464,0
2018-03-20,15:00:00,2.92,2.92,2.86,2.86,43590,0
2018-03-20,16:00:00,2.86,2.87,2.82,2.845,170091,0
2018-03-20,17:00:00,2.845,2.85,2.821,2.84,80787,0
2018-03-20,18:00:00,2.835,2.85,2.82,2.825,135630,0
2018-03-20,19:00:00,2.825,2.83,2.8,2.81,61921,0
2018-03-20,20:00:00,2.8,2.82,2.78,2.8157,149241,0
2018-03-20,21:00:00,2.81,2.84,2.8,2.81,281432,0
2018-03-21,15:00:00,2.79,2.91,2.79,2.895,122590,0
2018-03-21,16:00:00,2.895,2.95,2.8848,2.94,150174,0
2018-03-21,17:00:00,2.94,2.96,2.94,2.955,133363,0
2018-03-21,18:00:00,2.955,2.96,2.95,2.955,56523,0
2018-03-21,19:00:00,2.95,2.98,2.95,2.96,144311,0
2018-03-21,20:00:00,2.97,2.98,2.94,2.95,134709,0
2018-03-21,21:00:00,2.95,2.97,2.95,2.96,351787,0
2018-03-22,15:00:00,2.95,2.98,2.91,2.979,127383,0
2018-03-22,16:00:00,2.97,3.04,2.96,3.01,292087,0
2018-03-22,17:00:00,3.01,3.01,2.9641,3,139727,0
2018-03-22,18:00:00,3.005,3.04,3,3.015,72128,0
2018-03-22,19:00:00,3.01,3.04,3.01,3.035,100757,0
2018-03-22,20:00:00,3.035,3.0399,3,3.005,55832,0
2018-03-22,21:00:00,3.005,3.01,2.97,2.98,483575,0
2018-03-23,15:00:00,3.01,3.02,2.965,2.99,98796,0
2018-03-23,16:00:00,2.99,3.02,2.98,3.01,142661,0
2018-03-23,17:00:00,3.01,3.02,2.97,2.97,78700,0
2018-03-23,18:00:00,2.975,3.01,2.97,2.9956,105285,0
2018-03-23,19:00:00,2.99,3.01,2.99,3.005,69958,0
2018-03-23,20:00:00,3,3.005,2.96,2.96,87987,0
2018-03-23,21:00:00,2.96,2.97,2.89,2.9,619454,0
2018-03-26,16:00:00,2.92,2.95,2.89,2.905,179200,0
2018-03-26,17:00:00,2.91,2.92,2.85,2.88,159698,0
2018-03-26,18:00:00,2.88,2.88,2.84,2.86,165349,0
2018-03-26,19:00:00,2.86,2.87,2.83,2.835,120325,0
2018-03-26,20:00:00,2.83,2.865,2.83,2.8646,65215,0
2018-03-26,21:00:00,2.865,2.91,2.86,2.905,105573,0
2018-03-26,22:00:00,2.905,2.945,2.9,2.94,352168,0
2018-03-27,16:00:00,2.93,2.94,2.88,2.935,85639,0
2018-03-27,17:00:00,2.935,2.96,2.92,2.94,212782,0
2018-03-27,18:00:00,2.935,3.005,2.93,3.005,206564,0
2018-03-27,19:00:00,3.005,3.005,2.94,2.9659,189281,0
2018-03-27,20:00:00,2.965,2.9859,2.945,2.965,189217,0
2018-03-27,21:00:00,2.965,2.985,2.93,2.94,131521,0
2018-03-27,22:00:00,2.94,2.96,2.86,2.87,394092,0
2018-03-28,16:00:00,2.87,2.915,2.85,2.91,197968,0
2018-03-28,17:00:00,2.91,2.925,2.88,2.9,141722,0
2018-03-28,18:00:00,2.905,2.985,2.9,2.94,149736,0
2018-03-28,19:00:00,2.94,2.97,2.925,2.955,153854,0
2018-03-28,20:00:00,2.955,3,2.945,2.98,313791,0
2018-03-28,21:00:00,2.99,2.99,2.94,2.94,242922,0
2018-03-28,22:00:00,2.945,2.945,2.91,2.93,508506,0
2018-03-29,16:00:00,2.96,2.97,2.94,2.9665,62275,0
2018-03-29,17:00:00,2.97,3,2.95,3,138076,0
2018-03-29,18:00:00,2.995,3.01,2.93,2.94,246395,0
2018-03-29,19:00:00,2.94,2.98,2.93,2.97,76732,0
2018-03-29,20:00:00,2.965,2.98,2.95,2.97,93435,0
2018-03-29,21:00:00,2.975,2.995,2.96,2.985,143065,0
2018-03-29,22:00:00,2.98,2.985,2.94,2.94,683187,0
