Date,Time,Open,High,Low,Close,Volume,OpenInt
2017-09-05,16:00:00,2.18,2.18,2.14,2.145,354339,0
2017-09-05,17:00:00,2.149,2.16,2.14,2.15,269905,0
2017-09-05,18:00:00,2.1489,2.15,2.12,2.14,444541,0
2017-09-05,19:00:00,2.135,2.14,2.09,2.115,749149,0
2017-09-05,20:00:00,2.115,2.13,2.105,2.12,282416,0
2017-09-05,21:00:00,2.1228,2.15,2.11,2.115,297200,0
2017-09-05,22:00:00,2.11,2.13,2.11,2.11,415633,0
2017-09-06,16:00:00,2.1,2.12,2.1,2.11,206123,0
2017-09-06,17:00:00,2.12,2.15,2.11,2.13,271101,0
2017-09-06,18:00:00,2.125,2.15,2.12,2.145,182724,0
2017-09-06,19:00:00,2.15,2.15,2.12,2.125,149144,0
2017-09-06,20:00:00,2.13,2.15,2.12,2.145,366506,0
2017-09-06,21:00:00,2.14,2.15,2.14,2.14,126949,0
2017-09-06,22:00:00,2.145,2.16,2.13,2.14,590370,0
2017-09-07,16:00:00,2.14,2.1455,2.11,2.12,224430,0
2017-09-07,17:00:00,2.12,2.155,2.12,2.1439,450488,0
2017-09-07,18:00:00,2.145,2.15,2.13,2.135,80511,0
2017-09-07,19:00:00,2.14,2.17,2.13,2.1683,294341,0
2017-09-07,20:00:00,2.17,2.175,2.14,2.165,447646,0
2017-09-07,21:00:00,2.17,2.19,2.16,2.185,478398,0
2017-09-07,22:00:00,2.1801,2.195,2.16,2.17,814753,0
2017-09-08,16:00:00,2.15,2.17,2.14,2.155,151254,0
2017-09-08,17:00:00,2.15,2.17,2.14,2.1564,495434,0
2017-09-08,18:00:00,2.1585,2.16,2.15,2.155,82074,0
2017-09-08,19:00:00,2.16,2.16,2.14,2.16,150508,0
2017-09-08,20:00:00,2.1562,2.16,2.13,2.13,171112,0
2017-09-08,21:00:00,2.13,2.15,2.13,2.15,228233,0
2017-09-08,22:00:00,2.15,2.16,2.13,2.13,291801,0
2017-09-11,16:00:00,2.14,2.15,2.12,2.125,353801,0
2017-09-11,17:00:00,2.12,2.15,2.12,2.135,367872,0
2017-09-11,18:00:00,2.135,2.15,2.13,2.145,100035,0
2017-09-11,19:00:00,2.15,2.15,2.14,2.145,62325,0
2017-09-11,20:00:00,2.14,2.16,2.14,2.15,315898,0
2017-09-11,21:00:00,2.16,2.16,2.14,2.14,182516,0
2017-09-11,22:00:00,2.14,2.17,2.14,2.17,506434,0
2017-09-12,16:00:00,2.18,2.18,2.15,2.15,173129,0
2017-09-12,17:00:00,2.155,2.17,2.15,2.165,164488,0
2017-09-12,18:00:00,2.16,2.19,2.16,2.18,367597,0
2017-09-12,19:00:00,2.19,2.19,2.16,2.16,228486,0
2017-09-12,20:00:00,2.16,2.17,2.15,2.165,150188,0
2017-09-12,21:00:00,2.16,2.17,2.15,2.16,210708,0
2017-09-12,22:00:00,2.16,2.17,2.15,2.17,689250,0
2017-09-13,16:00:00,2.18,2.33,2.18,2.325,3300978,0
2017-09-13,17:00:00,2.32,2.36,2.28,2.3465,3512170,0
2017-09-13,18:00:00,2.345,2.38,2.3,2.306,1764996,0
2017-09-13,19:00:00,2.3085,2.35,2.3,2.31,531165,0
2017-09-13,20:00:00,2.31,2.34,2.3,2.33,504103,0
2017-09-13,21:00:00,2.33,2.35,2.31,2.33,730752,0
2017-09-13,22:00:00,2.33,2.35,2.33,2.35,982253,0
2017-09-14,16:00:00,2.39,2.4,2.31,2.3101,1131356,0
2017-09-14,17:00:00,2.315,2.32,2.25,2.27,1179642,0
2017-09-14,18:00:00,2.265,2.27,2.23,2.26,893441,0
2017-09-14,19:00:00,2.2527,2.28,2.25,2.265,220031,0
2017-09-14,20:00:00,2.27,2.27,2.23,2.25,419447,0
2017-09-14,21:00:00,2.25,2.27,2.24,2.26,370272,0
2017-09-14,22:00:00,2.255,2.2599,2.21,2.23,978900,0
2017-09-15,16:00:00,2.22,2.23,2.1701,2.205,1168581,0
2017-09-15,17:00:00,2.2,2.23,2.2,2.225,498011,0
2017-09-15,18:00:00,2.225,2.25,2.22,2.235,295574,0
2017-09-15,19:00:00,2.235,2.24,2.23,2.2342,115153,0
2017-09-15,20:00:00,2.235,2.24,2.21,2.22,398095,0
2017-09-15,21:00:00,2.22,2.225,2.2,2.21,365619,0
2017-09-15,22:00:00,2.215,2.25,2.21,2.25,2873527,0
2017-09-18,16:00:00,2.25,2.31,2.25,2.295,651370,0
2017-09-18,17:00:00,2.3,2.32,2.28,2.29,693584,0
2017-09-18,18:00:00,2.285,2.31,2.28,2.3,410592,0
2017-09-18,19:00:00,2.295,2.3,2.29,2.29,177686,0
2017-09-18,20:00:00,2.295,2.31,2.28,2.305,327117,0
2017-09-18,21:00:00,2.3024,2.38,2.29,2.375,2680873,0
2017-09-18,22:00:00,2.3736,2.47,2.37,2.47,6245891,0
2017-09-19,16:00:00,2.47,2.535,2.41,2.4262,2436750,0
2017-09-19,17:00:00,2.42,2.45,2.38,2.41,1570715,0
2017-09-19,18:00:00,2.4,2.47,2.4,2.447,950745,0
2017-09-19,19:00:00,2.45,2.52,2.445,2.4862,1500178,0
2017-09-19,20:00:00,2.481,2.5077,2.46,2.47,854471,0
2017-09-19,21:00:00,2.47,2.47,2.42,2.43,653899,0
2017-09-19,22:00:00,2.4289,2.46,2.39,2.41,1088513,0
2017-09-20,16:00:00,2.41,2.51,2.41,2.51,1090900,0
2017-09-20,17:00:00,2.5093,2.68,2.48,2.645,5349403,0
2017-09-20,18:00:00,2.6485,2.69,2.6,2.61,3228485,0
2017-09-20,19:00:00,2.615,2.7,2.612,2.69,1884183,0
2017-09-20,20:00:00,2.69,2.695,2.62,2.68,1553158,0
2017-09-20,21:00:00,2.68,2.685,2.61,2.64,1250457,0
2017-09-20,22:00:00,2.63,2.75,2.63,2.74,6002386,0
2017-09-21,16:00:00,2.78,2.82,2.66,2.7101,3148434,0
2017-09-21,17:00:00,2.715,2.8,2.705,2.771,2296333,0
2017-09-21,18:00:00,2.776,2.79,2.75,2.7501,972761,0
2017-09-21,19:00:00,2.755,2.76,2.58,2.5992,3453562,0
2017-09-21,20:00:00,2.6,2.636,2.58,2.63,1288263,0
2017-09-21,21:00:00,2.63,2.635,2.51,2.51,3024793,0
2017-09-21,22:00:00,2.51,2.55,2.42,2.47,3656615,0
2017-09-22,16:00:00,2.51,2.58,2.485,2.58,1228330,0
2017-09-22,17:00:00,2.58,2.63,2.56,2.565,1563843,0
2017-09-22,18:00:00,2.565,2.6,2.56,2.565,519600,0
2017-09-22,19:00:00,2.5649,2.57,2.55,2.57,407481,0
2017-09-22,20:00:00,2.569,2.57,2.5501,2.565,179900,0
2017-09-22,21:00:00,2.565,2.6,2.56,2.5914,406847,0
2017-09-22,22:00:00,2.5951,2.5951,2.56,2.57,873548,0
2017-09-25,16:00:00,2.6,2.61,2.54,2.595,1039553,0
2017-09-25,17:00:00,2.595,2.72,2.5948,2.6236,3273410,0
2017-09-25,18:00:00,2.62,2.685,2.6,2.66,1169910,0
2017-09-25,19:00:00,2.66,2.66,2.61,2.635,662215,0
2017-09-25,20:00:00,2.6386,2.65,2.63,2.65,335703,0
2017-09-25,21:00:00,2.65,2.68,2.58,2.605,1156149,0
2017-09-25,22:00:00,2.605,2.62,2.59,2.6,908105,0
2017-09-26,16:00:00,2.61,2.635,2.511,2.6,1173494,0
2017-09-26,17:00:00,2.6,2.63,2.54,2.5504,1001566,0
2017-09-26,18:00:00,2.5555,2.58,2.54,2.55,538025,0
2017-09-26,19:00:00,2.55,2.55,2.51,2.5405,647094,0
2017-09-26,20:00:00,2.5474,2.59,2.54,2.58,464864,0
2017-09-26,21:00:00,2.58,2.58,2.55,2.58,284845,0
2017-09-26,22:00:00,2.58,2.61,2.57,2.6,873997,0
2017-09-27,16:00:00,2.6,2.66,2.5915,2.605,722819,0
2017-09-27,17:00:00,2.6027,2.64,2.59,2.595,543403,0
2017-09-27,18:00:00,2.595,2.64,2.585,2.6,586299,0
2017-09-27,19:00:00,2.6,2.64,2.58,2.64,362494,0
2017-09-27,20:00:00,2.63,2.65,2.61,2.643,370161,0
2017-09-27,21:00:00,2.65,2.65,2.63,2.64,405983,0
2017-09-27,22:00:00,2.6399,2.65,2.62,2.65,790366,0
2017-09-28,16:00:00,2.67,2.68,2.62,2.6442,509595,0
2017-09-28,17:00:00,2.645,2.66,2.58,2.58,964579,0
2017-09-28,18:00:00,2.5839,2.59,2.55,2.5875,663568,0
2017-09-28,19:00:00,2.59,2.615,2.58,2.605,321702,0
2017-09-28,20:00:00,2.605,2.61,2.565,2.6063,437871,0
2017-09-28,21:00:00,2.605,2.61,2.6,2.601,187845,0
2017-09-28,22:00:00,2.605,2.63,2.59,2.62,984123,0
2017-09-29,16:00:00,2.62,2.63,2.59,2.6054,307851,0
2017-09-29,17:00:00,2.61,2.65,2.59,2.63,597316,0
2017-09-29,18:00:00,2.6295,2.65,2.6117,2.64,361522,0
2017-09-29,19:00:00,2.64,2.645,2.61,2.625,250241,0
2017-09-29,20:00:00,2.625,2.63,2.61,2.6299,162141,0
2017-09-29,21:00:00,2.63,2.65,2.62,2.625,438082,0
2017-09-29,22:00:00,2.625,2.63,2.6,2.61,969624,0
2017-10-02,16:00:00,2.61,2.65,2.59,2.645,504582,0
2017-10-02,17:00:00,2.645,2.74,2.64,2.735,1718399,0
2017-10-02,18:00:00,2.735,2.85,2.71,2.795,3635943,0
2017-10-02,19:00:00,2.795,2.83,2.78,2.825,1054207,0
2017-10-02,20:00:00,2.8249,2.84,2.76,2.79,1059246,0
2017-10-02,21:00:00,2.8,2.8,2.72,2.75,1069961,0
2017-10-02,22:00:00,2.7536,2.77,2.72,2.75,1363315,0
2017-10-03,16:00:00,2.79,2.8,2.76,2.78,638621,0
2017-10-03,17:00:00,2.78,2.82,2.78,2.79,844102,0
2017-10-03,18:00:00,2.78,2.8,2.76,2.7695,519759,0
2017-10-03,19:00:00,2.77,2.786,2.7656,2.775,260636,0
2017-10-03,20:00:00,2.77,2.8,2.77,2.7958,263219,0
2017-10-03,21:00:00,2.8,2.8,2.77,2.776,463009,0
2017-10-03,22:00:00,2.775,2.8,2.77,2.79,761702,0
2017-10-04,16:00:00,2.81,2.85,2.8,2.825,768594,0
2017-10-04,17:00:00,2.8245,2.825,2.775,2.79,785600,0
2017-10-04,18:00:00,2.79,2.89,2.79,2.875,1916117,0
2017-10-04,19:00:00,2.875,2.89,2.82,2.82,1170395,0
2017-10-04,20:00:00,2.825,2.83,2.695,2.76,2453178,0
2017-10-04,21:00:00,2.755,2.765,2.73,2.75,783820,0
2017-10-04,22:00:00,2.75,2.77,2.74,2.77,733735,0
2017-10-05,16:00:00,2.77,2.82,2.73,2.75,580235,0
2017-10-05,17:00:00,2.75,2.83,2.745,2.82,993328,0
2017-10-05,18:00:00,2.82,2.9,2.81,2.825,2115297,0
2017-10-05,19:00:00,2.825,2.84,2.82,2.82,420806,0
2017-10-05,20:00:00,2.82,2.8599,2.82,2.8456,215413,0
2017-10-05,21:00:00,2.845,2.86,2.835,2.85,373658,0
2017-10-05,22:00:00,2.855,2.87,2.84,2.85,795189,0
2017-10-06,16:00:00,2.93,3.055,2.89,2.965,5116683,0
2017-10-06,17:00:00,2.96,3.02,2.95,2.9553,2149402,0
2017-10-06,18:00:00,2.955,2.9599,2.91,2.928,878271,0
2017-10-06,19:00:00,2.9201,2.97,2.9101,2.9671,721624,0
2017-10-06,20:00:00,2.9667,2.9667,2.91,2.93,729651,0
2017-10-06,21:00:00,2.927,2.95,2.92,2.935,513621,0
2017-10-06,22:00:00,2.93,3,2.92,2.97,2186292,0
2017-10-09,16:00:00,3.04,3.06,2.95,2.987,1501237,0
2017-10-09,17:00:00,2.985,3.07,2.97,3.001,1436522,0
2017-10-09,18:00:00,3.005,3.02,2.98,3.01,757229,0
2017-10-09,19:00:00,3.01,3.01,2.95,2.95,676187,0
2017-10-09,20:00:00,2.95,2.955,2.8625,2.8675,1628127,0
2017-10-09,21:00:00,2.86,2.91,2.85,2.89,875010,0
2017-10-09,22:00:00,2.885,2.89,2.85,2.88,1668167,0
2017-10-10,16:00:00,2.92,2.93,2.82,2.83,1219058,0
2017-10-10,17:00:00,2.83,2.84,2.75,2.82,2217818,0
2017-10-10,18:00:00,2.82,2.9,2.81,2.8895,975471,0
2017-10-10,19:00:00,2.88,2.89,2.8728,2.88,340626,0
2017-10-10,20:00:00,2.8736,2.8899,2.84,2.85,360136,0
2017-10-10,21:00:00,2.85,2.86,2.84,2.85,282457,0
2017-10-10,22:00:00,2.85,2.915,2.85,2.91,1334117,0
2017-10-11,16:00:00,2.94,2.95,2.8,2.8355,1311331,0
2017-10-11,17:00:00,2.835,2.84,2.75,2.77,2130332,0
2017-10-11,18:00:00,2.77,2.8,2.76,2.7825,738429,0
2017-10-11,19:00:00,2.785,2.85,2.78,2.845,1042091,0
2017-10-11,20:00:00,2.845,2.85,2.82,2.82,153801,0
2017-10-11,21:00:00,2.825,2.84,2.81,2.81,290940,0
2017-10-11,22:00:00,2.81,2.815,2.76,2.79,1818584,0
2017-10-12,16:00:00,2.78,2.81,2.7142,2.7419,1046080,0
2017-10-12,17:00:00,2.75,2.82,2.74,2.82,767528,0
2017-10-12,18:00:00,2.815,2.85,2.81,2.83,677372,0
2017-10-12,19:00:00,2.84,2.845,2.815,2.839,257164,0
2017-10-12,20:00:00,2.835,2.89,2.825,2.865,1207762,0
2017-10-12,21:00:00,2.86,2.9,2.85,2.865,817699,0
2017-10-12,22:00:00,2.865,2.88,2.86,2.87,603393,0
2017-10-13,16:00:00,2.88,2.9,2.84,2.865,421430,0
2017-10-13,17:00:00,2.865,2.87,2.81,2.84,720957,0
2017-10-13,18:00:00,2.845,2.8561,2.8,2.823,478775,0
2017-10-13,19:00:00,2.83,2.83,2.79,2.82,505287,0
2017-10-13,20:00:00,2.82,2.86,2.81,2.8487,458862,0
2017-10-13,21:00:00,2.845,2.85,2.82,2.84,167869,0
2017-10-13,22:00:00,2.835,2.84,2.78,2.8,1253596,0
2017-10-16,16:00:00,2.8,2.87,2.79,2.84,665054,0
2017-10-16,17:00:00,2.83,2.85,2.76,2.769,1010437,0
2017-10-16,18:00:00,2.76,2.8,2.75,2.79,393817,0
2017-10-16,19:00:00,2.785,2.79,2.75,2.7766,226733,0
2017-10-16,20:00:00,2.7754,2.785,2.76,2.77,266545,0
2017-10-16,21:00:00,2.765,2.77,2.75,2.755,239300,0
2017-10-16,22:00:00,2.76,2.77,2.75,2.77,437391,0
2017-10-17,16:00:00,2.74,2.78,2.724,2.7701,309258,0
2017-10-17,17:00:00,2.78,2.79,2.73,2.76,487332,0
2017-10-17,18:00:00,2.759,2.775,2.73,2.7401,453609,0
2017-10-17,19:00:00,2.74,2.75,2.71,2.715,441151,0
2017-10-17,20:00:00,2.7188,2.72,2.67,2.67,921636,0
2017-10-17,21:00:00,2.67,2.69,2.65,2.67,718807,0
2017-10-17,22:00:00,2.6638,2.68,2.65,2.67,633360,0
2017-10-18,16:00:00,2.66,2.69,2.645,2.685,672437,0
2017-10-18,17:00:00,2.685,2.687,2.59,2.6,1191715,0
2017-10-18,18:00:00,2.6,2.63,2.54,2.5601,1585600,0
2017-10-18,19:00:00,2.5601,2.615,2.5534,2.595,659896,0
2017-10-18,20:00:00,2.595,2.61,2.57,2.57,427629,0
2017-10-18,21:00:00,2.57,2.58,2.55,2.56,361802,0
2017-10-18,22:00:00,2.56,2.5674,2.55,2.55,686006,0
2017-10-19,16:00:00,2.53,2.5501,2.43,2.4458,1789981,0
2017-10-19,17:00:00,2.445,2.56,2.44,2.515,1214923,0
2017-10-19,18:00:00,2.52,2.53,2.46,2.46,421002,0
2017-10-19,19:00:00,2.46,2.49,2.46,2.485,418119,0
2017-10-19,20:00:00,2.48,2.53,2.47,2.505,419038,0
2017-10-19,21:00:00,2.5,2.54,2.5,2.535,296115,0
2017-10-19,22:00:00,2.54,2.54,2.52,2.53,361489,0
2017-10-20,16:00:00,2.55,2.61,2.54,2.575,737411,0
2017-10-20,17:00:00,2.575,2.64,2.55,2.64,740910,0
2017-10-20,18:00:00,2.64,2.68,2.63,2.6533,840052,0
2017-10-20,19:00:00,2.655,2.69,2.65,2.6799,595700,0
2017-10-20,20:00:00,2.675,2.69,2.67,2.675,282434,0
2017-10-20,21:00:00,2.675,2.725,2.67,2.675,796882,0
2017-10-20,22:00:00,2.67,2.71,2.66,2.7,922784,0
2017-10-23,16:00:00,2.77,2.79,2.7438,2.7722,920074,0
2017-10-23,17:00:00,2.775,2.7772,2.72,2.76,656261,0
2017-10-23,18:00:00,2.755,2.77,2.68,2.725,752833,0
2017-10-23,19:00:00,2.725,2.74,2.7134,2.735,294674,0
2017-10-23,20:00:00,2.74,2.74,2.7,2.705,406685,0
2017-10-23,21:00:00,2.705,2.72,2.69,2.695,240904,0
2017-10-23,22:00:00,2.695,2.7,2.65,2.66,915564,0
2017-10-24,16:00:00,2.73,2.73,2.68,2.7,487050,0
2017-10-24,17:00:00,2.7,2.74,2.69,2.74,497051,0
2017-10-24,18:00:00,2.735,2.77,2.72,2.73,620243,0
2017-10-24,19:00:00,2.73,2.76,2.73,2.745,304788,0
2017-10-24,20:00:00,2.745,2.76,2.72,2.75,449502,0
2017-10-24,21:00:00,2.75,2.76,2.73,2.73,264708,0
2017-10-24,22:00:00,2.73,2.7356,2.71,2.71,475378,0
2017-10-25,16:00:00,2.72,2.72,2.65,2.685,502694,0
2017-10-25,17:00:00,2.686,2.71,2.65,2.665,614813,0
2017-10-25,18:00:00,2.66,2.66,2.573,2.6,1030246,0
2017-10-25,19:00:00,2.595,2.68,2.595,2.67,549172,0
2017-10-25,20:00:00,2.67,2.7,2.65,2.68,315945,0
2017-10-25,21:00:00,2.69,2.69,2.65,2.65,203176,0
2017-10-25,22:00:00,2.655,2.68,2.65,2.67,471288,0
2017-10-26,16:00:00,2.65,2.69,2.63,2.67,285427,0
2017-10-26,17:00:00,2.67,2.75,2.65,2.72,885371,0
2017-10-26,18:00:00,2.72,2.745,2.6925,2.7,582534,0
2017-10-26,19:00:00,2.71,2.73,2.69,2.7025,196992,0
2017-10-26,20:00:00,2.71,2.72,2.7,2.71,131313,0
2017-10-26,21:00:00,2.72,2.72,2.7,2.7,238834,0
2017-10-26,22:00:00,2.705,2.707,2.665,2.69,513312,0
2017-10-27,16:00:00,2.75,2.79,2.7258,2.77,765796,0
2017-10-27,17:00:00,2.77,2.79,2.72,2.75,1064886,0
2017-10-27,18:00:00,2.755,2.79,2.745,2.77,604048,0
2017-10-27,19:00:00,2.77,2.8,2.76,2.775,652172,0
2017-10-27,20:00:00,2.775,2.78,2.76,2.78,315529,0
2017-10-27,21:00:00,2.78,2.79,2.75,2.76,290827,0
2017-10-27,22:00:00,2.755,2.78,2.74,2.75,696053,0
2017-10-30,15:00:00,2.75,2.78,2.72,2.76,427540,0
2017-10-30,16:00:00,2.7575,2.77,2.72,2.744,472374,0
2017-10-30,17:00:00,2.745,2.77,2.74,2.77,383365,0
2017-10-30,18:00:00,2.76,2.77,2.735,2.75,227410,0
2017-10-30,19:00:00,2.74,2.76,2.71,2.725,561554,0
2017-10-30,20:00:00,2.72,2.75,2.72,2.735,180007,0
2017-10-30,21:00:00,2.735,2.755,2.72,2.73,684218,0
2017-10-31,15:00:00,2.9,2.94,2.844,2.855,2406724,0
2017-10-31,16:00:00,2.855,2.93,2.85,2.88,1777077,0
2017-10-31,17:00:00,2.885,2.905,2.83,2.835,941918,0
2017-10-31,18:00:00,2.83,2.855,2.814,2.845,727706,0
2017-10-31,19:00:00,2.8465,2.87,2.8309,2.855,337667,0
2017-10-31,20:00:00,2.8568,2.89,2.85,2.855,515246,0
2017-10-31,21:00:00,2.8501,2.86,2.8341,2.85,647102,0
2017-11-01,15:00:00,2.9,2.9,2.84,2.8667,441255,0
2017-11-01,16:00:00,2.86,2.87,2.76,2.795,1055597,0
2017-11-01,17:00:00,2.797,2.81,2.76,2.81,802262,0
2017-11-01,18:00:00,2.805,2.85,2.803,2.815,331956,0
2017-11-01,19:00:00,2.815,2.835,2.79,2.82,298102,0
2017-11-01,20:00:00,2.815,2.835,2.79,2.825,320224,0
2017-11-01,21:00:00,2.825,2.84,2.81,2.82,436735,0
2017-11-02,15:00:00,2.84,2.87,2.797,2.83,616215,0
2017-11-02,16:00:00,2.83,2.87,2.8,2.845,585593,0
2017-11-02,17:00:00,2.845,2.9,2.83,2.88,768647,0
2017-11-02,18:00:00,2.876,2.905,2.86,2.875,623276,0
2017-11-02,19:00:00,2.875,2.95,2.87,2.89,1824649,0
2017-11-02,20:00:00,2.885,2.91,2.88,2.91,532820,0
2017-11-02,21:00:00,2.91,2.91,2.875,2.89,664922,0
2017-11-03,15:00:00,2.91,2.91,2.86,2.8705,811616,0
2017-11-03,16:00:00,2.8723,2.89,2.84,2.85,845061,0
2017-11-03,17:00:00,2.855,2.88,2.8443,2.88,396159,0
2017-11-03,18:00:00,2.8761,2.9,2.87,2.89,377768,0
2017-11-03,19:00:00,2.8901,2.9,2.87,2.875,363474,0
2017-11-03,20:00:00,2.875,2.885,2.86,2.87,528230,0
2017-11-03,21:00:00,2.875,2.88,2.85,2.87,636243,0
2017-11-06,16:00:00,2.88,2.95,2.8753,2.94,594912,0
2017-11-06,17:00:00,2.9301,2.98,2.93,2.9651,1151583,0
2017-11-06,18:00:00,2.965,2.98,2.95,2.955,574354,0
2017-11-06,19:00:00,2.95,3,2.95,3,853781,0
2017-11-06,20:00:00,2.995,3.09,2.99,3.085,2035165,0
2017-11-06,21:00:00,3.09,3.11,3.07,3.095,1430893,0
2017-11-06,22:00:00,3.09,3.15,3.07,3.15,1734797,0
2017-11-07,16:00:00,3.19,3.21,3.08,3.095,1731735,0
2017-11-07,17:00:00,3.09,3.155,2.98,3.025,2573031,0
2017-11-07,19:00:00,3.05,3.07,3.0349,3.055,445885,0
2017-11-07,20:00:00,3.0551,3.09,3.05,3.07,315916,0
2017-11-07,21:00:00,3.07,3.1,3.06,3.065,407536,0
2017-11-07,22:00:00,3.07,3.09,3.05,3.06,1480567,0
2017-11-08,16:00:00,2.8,2.87,2.71,2.71,2995379,0
2017-11-08,17:00:00,2.7101,2.715,2.62,2.6856,3528096,0
2017-11-08,18:00:00,2.685,2.77,2.6801,2.73,1509909,0
2017-11-08,19:00:00,2.73,2.78,2.72,2.735,839527,0
2017-11-08,20:00:00,2.735,2.735,2.62,2.625,1633505,0
2017-11-08,21:00:00,2.625,2.65,2.57,2.6,2610852,0
2017-11-08,22:00:00,2.605,2.61,2.57,2.575,1463204,0
2017-11-09,16:00:00,2.55,2.56,2.43,2.435,2530509,0
2017-11-09,17:00:00,2.435,2.54,2.43,2.54,2364858,0
2017-11-09,18:00:00,2.535,2.56,2.49,2.495,673615,0
2017-11-09,19:00:00,2.5,2.54,2.49,2.5,776761,0
2017-11-09,20:00:00,2.505,2.54,2.5,2.5201,274567,0
2017-11-09,21:00:00,2.5253,2.53,2.5,2.505,256185,0
2017-11-09,22:00:00,2.501,2.51,2.49,2.505,768332,0
2017-11-10,16:00:00,2.53,2.62,2.52,2.59,771954,0
2017-11-10,17:00:00,2.595,2.62,2.55,2.59,868453,0
2017-11-10,18:00:00,2.585,2.61,2.56,2.57,748889,0
2017-11-10,19:00:00,2.57,2.585,2.53,2.53,501501,0
2017-11-10,20:00:00,2.53,2.56,2.52,2.545,422715,0
2017-11-10,21:00:00,2.545,2.57,2.54,2.56,228995,0
2017-11-10,22:00:00,2.565,2.57,2.55,2.55,395009,0
2017-11-13,16:00:00,2.57,2.59,2.51,2.5365,802943,0
2017-11-13,17:00:00,2.535,2.54,2.46,2.475,1405153,0
2017-11-13,18:00:00,2.4747,2.505,2.44,2.4531,1235063,0
2017-11-13,19:00:00,2.45,2.47,2.44,2.47,1164531,0
2017-11-13,20:00:00,2.465,2.47,2.44,2.445,575072,0
2017-11-13,21:00:00,2.4401,2.46,2.43,2.4549,754717,0
2017-11-13,22:00:00,2.455,2.46,2.4,2.42,1507988,0
2017-11-14,16:00:00,2.42,2.44,2.36,2.3707,1048288,0
2017-11-14,17:00:00,2.37,2.38,2.24,2.275,3090966,0
2017-11-14,18:00:00,2.275,2.28,2.23,2.235,1106902,0
2017-11-14,19:00:00,2.235,2.25,2.19,2.19,1385355,0
2017-11-14,20:00:00,2.19,2.24,2.17,2.235,1392266,0
2017-11-14,21:00:00,2.24,2.28,2.2322,2.28,718340,0
2017-11-14,22:00:00,2.275,2.28,2.26,2.28,733601,0
2017-11-15,16:00:00,2.25,2.25,2.17,2.185,1069211,0
2017-11-15,17:00:00,2.185,2.23,2.1801,2.215,858850,0
2017-11-15,18:00:00,2.215,2.28,2.21,2.275,499071,0
2017-11-15,19:00:00,2.28,2.28,2.25,2.2587,470695,0
2017-11-15,20:00:00,2.255,2.27,2.25,2.2601,214387,0
2017-11-15,21:00:00,2.2694,2.27,2.26,2.2601,143606,0
2017-11-15,22:00:00,2.265,2.2693,2.25,2.25,418200,0
2017-11-16,16:00:00,2.27,2.31,2.27,2.31,625460,0
2017-11-16,17:00:00,2.305,2.39,2.305,2.375,1611084,0
2017-11-16,18:00:00,2.375,2.38,2.32,2.335,656518,0
2017-11-16,19:00:00,2.34,2.37,2.33,2.345,415805,0
2017-11-16,20:00:00,2.345,2.36,2.33,2.33,269772,0
2017-11-16,21:00:00,2.335,2.3399,2.3,2.305,394475,0
2017-11-16,22:00:00,2.3,2.31,2.3,2.3,402647,0
2017-11-17,16:00:00,2.31,2.33,2.27,2.295,589542,0
2017-11-17,17:00:00,2.295,2.31,2.28,2.295,397978,0
2017-11-17,18:00:00,2.3,2.34,2.29,2.335,412005,0
2017-11-17,19:00:00,2.34,2.35,2.33,2.35,368929,0
2017-11-17,20:00:00,2.345,2.36,2.31,2.325,364059,0
2017-11-17,21:00:00,2.325,2.35,2.32,2.345,161285,0
2017-11-17,22:00:00,2.345,2.35,2.31,2.32,526917,0
2017-11-20,16:00:00,2.35,2.38,2.32,2.38,344655,0
2017-11-20,17:00:00,2.38,2.4,2.37,2.375,714135,0
2017-11-20,18:00:00,2.37,2.4,2.37,2.38,406286,0
2017-11-20,19:00:00,2.385,2.39,2.36,2.375,319315,0
2017-11-20,20:00:00,2.375,2.385,2.37,2.375,131364,0
2017-11-20,21:00:00,2.38,2.38,2.355,2.37,122612,0
2017-11-20,22:00:00,2.37,2.38,2.36,2.38,359127,0
2017-11-21,16:00:00,2.41,2.52,2.41,2.4801,2428431,0
2017-11-21,17:00:00,2.48,2.5,2.44,2.48,1315328,0
2017-11-21,18:00:00,2.48,2.49,2.475,2.48,329014,0
2017-11-21,19:00:00,2.48,2.49,2.48,2.48,383565,0
2017-11-21,20:00:00,2.4875,2.49,2.48,2.485,175868,0
2017-11-21,21:00:00,2.48,2.49,2.46,2.46,380357,0
2017-11-21,22:00:00,2.465,2.47,2.45,2.47,556897,0
2017-11-22,16:00:00,2.49,2.51,2.45,2.4574,552910,0
2017-11-22,17:00:00,2.455,2.47,2.38,2.39,1055506,0
2017-11-22,18:00:00,2.39,2.4,2.351,2.38,825597,0
2017-11-22,19:00:00,2.38,2.38,2.36,2.365,239756,0
2017-11-22,20:00:00,2.36,2.38,2.36,2.38,256411,0
2017-11-22,21:00:00,2.375,2.4,2.375,2.395,192847,0
2017-11-22,22:00:00,2.39,2.4,2.37,2.39,725240,0
2017-11-24,16:00:00,2.38,2.44,2.38,2.435,360221,0
2017-11-24,17:00:00,2.43,2.44,2.4,2.425,346581,0
2017-11-24,18:00:00,2.42,2.44,2.41,2.415,181652,0
2017-11-24,19:00:00,2.41,2.415,2.37,2.38,393889,0
2017-11-24,20:00:00,2.385,2.39,2.38,2.39,35952,0
2017-11-27,16:00:00,2.38,2.445,2.371,2.39,720477,0
2017-11-27,17:00:00,2.39,2.4,2.36,2.36,425815,0
2017-11-27,18:00:00,2.37,2.37,2.31,2.33,796723,0
2017-11-27,19:00:00,2.33,2.33,2.31,2.315,351196,0
2017-11-27,20:00:00,2.32,2.34,2.31,2.3338,132972,0
2017-11-27,21:00:00,2.335,2.34,2.32,2.3303,458339,0
2017-11-27,22:00:00,2.335,2.34,2.32,2.32,307391,0
2017-11-28,16:00:00,2.32,2.36,2.3,2.31,399767,0
2017-11-28,17:00:00,2.315,2.32,2.28,2.315,752955,0
2017-11-28,18:00:00,2.32,2.32,2.3,2.315,170781,0
2017-11-28,19:00:00,2.31,2.32,2.31,2.31,153230,0
2017-11-28,20:00:00,2.32,2.32,2.3,2.3034,209832,0
2017-11-28,21:00:00,2.305,2.34,2.28,2.325,510625,0
2017-11-28,22:00:00,2.33,2.36,2.32,2.35,508295,0
2017-11-29,16:00:00,2.36,2.42,2.325,2.33,338640,0
2017-11-29,17:00:00,2.335,2.34,2.29,2.2986,802133,0
2017-11-29,18:00:00,2.295,2.309,2.27,2.275,583697,0
2017-11-29,19:00:00,2.2706,2.3,2.26,2.295,374685,0
2017-11-29,20:00:00,2.3,2.3,2.28,2.285,162326,0
2017-11-29,21:00:00,2.285,2.29,2.27,2.279,154132,0
2017-11-29,22:00:00,2.28,2.29,2.27,2.29,346854,0
2017-11-30,16:00:00,2.32,2.33,2.29,2.315,325683,0
2017-11-30,17:00:00,2.315,2.36,2.31,2.355,569844,0
2017-11-30,18:00:00,2.355,2.375,2.34,2.355,499346,0
2017-11-30,19:00:00,2.36,2.385,2.34,2.34,490334,0
2017-11-30,20:00:00,2.34,2.36,2.32,2.35,275259,0
2017-11-30,21:00:00,2.35,2.36,2.34,2.3499,205505,0
2017-11-30,22:00:00,2.345,2.38,2.31,2.37,755588,0
2017-12-01,16:00:00,2.42,2.55,2.42,2.475,2245430,0
2017-12-01,17:00:00,2.475,2.5,2.45,2.485,968941,0
2017-12-01,18:00:00,2.49,2.52,2.38,2.44,1496595,0
2017-12-01,19:00:00,2.435,2.47,2.43,2.47,520183,0
2017-12-01,20:00:00,2.47,2.52,2.465,2.4895,805173,0
2017-12-01,21:00:00,2.49,2.49,2.45,2.48,449251,0
2017-12-01,22:00:00,2.48,2.52,2.475,2.52,1189267,0
2017-12-04,16:00:00,2.58,2.59,2.48,2.49,700192,0
2017-12-04,17:00:00,2.49,2.49,2.4,2.415,1273272,0
2017-12-04,18:00:00,2.415,2.43,2.4,2.405,511726,0
2017-12-04,19:00:00,2.4,2.41,2.38,2.38,608157,0
2017-12-04,20:00:00,2.3899,2.3999,2.36,2.38,487819,0
2017-12-04,21:00:00,2.3785,2.41,2.37,2.39,294348,0
2017-12-04,22:00:00,2.385,2.4,2.36,2.36,667926,0
2017-12-05,16:00:00,2.35,2.42,2.35,2.375,360232,0
2017-12-05,17:00:00,2.37,2.39,2.32,2.3366,646847,0
2017-12-05,18:00:00,2.335,2.34,2.32,2.325,245915,0
2017-12-05,19:00:00,2.325,2.33,2.3,2.305,370141,0
2017-12-05,20:00:00,2.305,2.34,2.3,2.3314,277836,0
2017-12-05,21:00:00,2.34,2.36,2.32,2.325,324231,0
2017-12-05,22:00:00,2.32,2.34,2.32,2.33,573100,0
2017-12-06,16:00:00,2.36,2.36,2.31,2.3499,253923,0
2017-12-06,17:00:00,2.345,2.38,2.33,2.365,765751,0
2017-12-06,18:00:00,2.365,2.38,2.32,2.34,361146,0
2017-12-06,19:00:00,2.34,2.35,2.3,2.3355,347606,0
2017-12-06,20:00:00,2.335,2.35,2.33,2.34,173956,0
2017-12-06,21:00:00,2.35,2.35,2.33,2.33,133179,0
2017-12-06,22:00:00,2.335,2.35,2.32,2.34,567076,0
2017-12-07,16:00:00,2.34,2.38,2.33,2.3751,276492,0
2017-12-07,17:00:00,2.375,2.43,2.375,2.4299,1071667,0
2017-12-07,18:00:00,2.43,2.44,2.415,2.425,537119,0
2017-12-07,19:00:00,2.425,2.425,2.39,2.395,145865,0
2017-12-07,20:00:00,2.395,2.4,2.36,2.36,222151,0
2017-12-07,21:00:00,2.37,2.38,2.345,2.38,302233,0
2017-12-07,22:00:00,2.375,2.39,2.36,2.375,419445,0
2017-12-08,16:00:00,2.39,2.43,2.39,2.41,363199,0
2017-12-08,17:00:00,2.41,2.45,2.41,2.45,675155,0
2017-12-08,18:00:00,2.4423,2.47,2.42,2.43,876202,0
2017-12-08,19:00:00,2.435,2.46,2.42,2.4314,384691,0
2017-12-08,20:00:00,2.435,2.44,2.4,2.42,226304,0
2017-12-08,21:00:00,2.42,2.43,2.4,2.425,443637,0
2017-12-08,22:00:00,2.43,2.4367,2.4,2.41,688382,0
2017-12-11,16:00:00,2.43,2.46,2.4028,2.425,285188,0
2017-12-11,17:00:00,2.425,2.425,2.4,2.405,251524,0
2017-12-11,18:00:00,2.41,2.43,2.405,2.43,231623,0
2017-12-11,19:00:00,2.425,2.45,2.415,2.425,353048,0
2017-12-11,20:00:00,2.42,2.45,2.42,2.425,368075,0
2017-12-11,21:00:00,2.428,2.44,2.425,2.435,178528,0
2017-12-11,22:00:00,2.44,2.44,2.43,2.43,372653,0
2017-12-12,16:00:00,2.41,2.43,2.405,2.43,296846,0
2017-12-12,17:00:00,2.43,2.47,2.41,2.42,1115107,0
2017-12-12,18:00:00,2.43,2.43,2.4,2.41,687787,0
2017-12-12,19:00:00,2.415,2.42,2.38,2.38,398255,0
2017-12-12,20:00:00,2.38,2.39,2.36,2.37,306835,0
2017-12-12,21:00:00,2.37,2.4,2.365,2.38,700563,0
2017-12-12,22:00:00,2.38,2.395,2.37,2.38,596661,0
2017-12-13,16:00:00,2.38,2.41,2.38,2.405,194565,0
2017-12-13,17:00:00,2.4,2.41,2.38,2.39,509911,0
2017-12-13,18:00:00,2.395,2.4,2.3712,2.384,401411,0
2017-12-13,19:00:00,2.384,2.3885,2.36,2.38,281276,0
2017-12-13,20:00:00,2.375,2.4,2.37,2.395,160218,0
2017-12-13,21:00:00,2.4,2.41,2.38,2.41,139086,0
2017-12-13,22:00:00,2.41,2.41,2.38,2.39,309530,0
2017-12-14,16:00:00,2.36,2.4,2.36,2.4,181242,0
2017-12-14,17:00:00,2.395,2.42,2.36,2.4,364226,0
2017-12-14,18:00:00,2.405,2.41,2.38,2.4,556028,0
2017-12-14,19:00:00,2.4,2.4,2.36,2.38,458726,0
2017-12-14,20:00:00,2.3728,2.3898,2.31,2.3163,898246,0
2017-12-14,21:00:00,2.31,2.345,2.31,2.34,459229,0
2017-12-14,22:00:00,2.33,2.34,2.32,2.32,372198,0
2017-12-15,16:00:00,2.35,2.35,2.32,2.35,566900,0
2017-12-15,17:00:00,2.35,2.37,2.3452,2.37,285252,0
2017-12-15,18:00:00,2.36,2.39,2.35,2.35,726376,0
2017-12-15,19:00:00,2.35,2.36,2.3239,2.355,655600,0
2017-12-15,20:00:00,2.36,2.37,2.35,2.365,128608,0
2017-12-15,21:00:00,2.365,2.38,2.35,2.36,355271,0
2017-12-15,22:00:00,2.355,2.38,2.35,2.36,718043,0
2017-12-18,16:00:00,2.37,2.4,2.36,2.375,355682,0
2017-12-18,17:00:00,2.38,2.38,2.35,2.375,485617,0
2017-12-18,18:00:00,2.375,2.39,2.37,2.39,305100,0
2017-12-18,19:00:00,2.39,2.4,2.37,2.38,304783,0
2017-12-18,20:00:00,2.375,2.38,2.36,2.37,218383,0
2017-12-18,21:00:00,2.365,2.385,2.36,2.375,555107,0
2017-12-18,22:00:00,2.375,2.38,2.36,2.37,369640,0
2017-12-19,16:00:00,2.39,2.4,2.36,2.37,209726,0
2017-12-19,17:00:00,2.37,2.4,2.36,2.3936,592793,0
2017-12-19,18:00:00,2.4,2.42,2.39,2.405,452820,0
2017-12-19,19:00:00,2.405,2.43,2.4,2.42,534271,0
2017-12-19,20:00:00,2.42,2.43,2.4127,2.425,210383,0
2017-12-19,21:00:00,2.43,2.43,2.39,2.395,798774,0
2017-12-19,22:00:00,2.4,2.43,2.38,2.43,993788,0
2017-12-20,16:00:00,2.42,2.44,2.4,2.41,278751,0
2017-12-20,17:00:00,2.405,2.41,2.385,2.4,419276,0
2017-12-20,18:00:00,2.3965,2.43,2.39,2.425,633069,0
2017-12-20,19:00:00,2.4256,2.44,2.42,2.43,298578,0
2017-12-20,20:00:00,2.43,2.45,2.42,2.45,560366,0
2017-12-20,21:00:00,2.45,2.47,2.42,2.425,616768,0
2017-12-20,22:00:00,2.425,2.43,2.4,2.405,407686,0
2017-12-21,16:00:00,2.42,2.46,2.41,2.415,324512,0
2017-12-21,17:00:00,2.4149,2.45,2.41,2.435,517271,0
2017-12-21,18:00:00,2.435,2.48,2.43,2.47,691448,0
2017-12-21,19:00:00,2.465,2.48,2.4525,2.48,382923,0
2017-12-21,20:00:00,2.48,2.48,2.46,2.465,360437,0
2017-12-21,21:00:00,2.46,2.48,2.435,2.48,426871,0
2017-12-21,22:00:00,2.48,2.48,2.44,2.45,360628,0
2017-12-22,16:00:00,2.47,2.47,2.42,2.45,341658,0
2017-12-22,17:00:00,2.445,2.46,2.425,2.46,363197,0
2017-12-22,18:00:00,2.46,2.4693,2.45,2.46,263676,0
2017-12-22,19:00:00,2.46,2.46,2.43,2.4401,102731,0
2017-12-22,20:00:00,2.445,2.47,2.44,2.45,390858,0
2017-12-22,21:00:00,2.455,2.47,2.43,2.43,395465,0
2017-12-22,22:00:00,2.44,2.44,2.41,2.42,480450,0
2017-12-26,16:00:00,2.41,2.43,2.37,2.375,363257,0
2017-12-26,17:00:00,2.375,2.42,2.37,2.3999,504534,0
2017-12-26,18:00:00,2.395,2.4275,2.39,2.41,589325,0
2017-12-26,19:00:00,2.4098,2.45,2.4062,2.4299,536107,0
2017-12-26,20:00:00,2.4227,2.44,2.42,2.425,173855,0
2017-12-26,21:00:00,2.422,2.43,2.4,2.405,119039,0
2017-12-26,22:00:00,2.405,2.42,2.39,2.405,354752,0
2017-12-27,16:00:00,2.4,2.4674,2.4,2.444,327667,0
2017-12-27,17:00:00,2.445,2.46,2.44,2.4446,410082,0
2017-12-27,18:00:00,2.445,2.45,2.43,2.445,146936,0
2017-12-27,19:00:00,2.444,2.45,2.403,2.407,143329,0
2017-12-27,20:00:00,2.4049,2.4293,2.4,2.425,142165,0
2017-12-27,21:00:00,2.425,2.44,2.41,2.41,245115,0
2017-12-27,22:00:00,2.41,2.42,2.4,2.41,349859,0
2017-12-28,16:00:00,2.43,2.43,2.405,2.41,190046,0
2017-12-28,17:00:00,2.415,2.42,2.4,2.415,223283,0
2017-12-28,18:00:00,2.415,2.42,2.41,2.42,168386,0
2017-12-28,19:00:00,2.42,2.45,2.41,2.43,733710,0
2017-12-28,20:00:00,2.43,2.45,2.43,2.4388,200011,0
2017-12-28,21:00:00,2.435,2.45,2.42,2.42,572258,0
2017-12-28,22:00:00,2.425,2.44,2.41,2.43,609091,0
2017-12-29,16:00:00,2.43,2.44,2.4,2.41,216504,0
2017-12-29,17:00:00,2.405,2.41,2.38,2.39,504688,0
2017-12-29,18:00:00,2.3975,2.4095,2.36,2.36,1004924,0
2017-12-29,19:00:00,2.365,2.39,2.36,2.3848,453228,0
2017-12-29,20:00:00,2.38,2.41,2.375,2.395,448000,0
2017-12-29,21:00:00,2.395,2.4072,2.37,2.375,266090,0
2017-12-29,22:00:00,2.3751,2.38,2.35,2.36,794085,0
2018-01-02,16:00:00,2.38,2.41,2.32,2.41,616816,0
2018-01-02,17:00:00,2.41,2.44,2.38,2.3915,787638,0
2018-01-02,18:00:00,2.39,2.4,2.38,2.3828,147879,0
2018-01-02,19:00:00,2.3832,2.4194,2.38,2.395,501058,0
2018-01-02,20:00:00,2.395,2.405,2.39,2.395,211634,0
2018-01-02,21:00:00,2.39,2.4072,2.39,2.39,84334,0
2018-01-02,22:00:00,2.39,2.42,2.39,2.42,356069,0
2018-01-03,16:00:00,2.4,2.44,2.39,2.415,437053,0
2018-01-03,17:00:00,2.415,2.42,2.39,2.3987,196225,0
2018-01-03,18:00:00,2.3928,2.41,2.39,2.3948,266057,0
2018-01-03,19:00:00,2.395,2.42,2.38,2.405,372018,0
2018-01-03,20:00:00,2.41,2.42,2.4,2.415,184674,0
2018-01-03,21:00:00,2.415,2.42,2.3912,2.41,278203,0
2018-01-03,22:00:00,2.41,2.43,2.4,2.42,546873,0
2018-01-04,16:00:00,2.4,2.42,2.39,2.405,322632,0
2018-01-04,17:00:00,2.41,2.42,2.37,2.38,808568,0
2018-01-04,18:00:00,2.385,2.39,2.36,2.3862,578906,0
2018-01-04,19:00:00,2.385,2.4,2.38,2.4,168393,0
2018-01-04,20:00:00,2.4,2.4,2.39,2.4,119746,0
2018-01-04,21:00:00,2.4,2.4,2.39,2.4,117399,0
2018-01-04,22:00:00,2.395,2.4,2.39,2.395,268523,0
2018-01-05,16:00:00,2.43,2.43,2.37,2.385,226796,0
2018-01-05,17:00:00,2.385,2.4,2.37,2.3718,314927,0
2018-01-05,18:00:00,2.37,2.38,2.33,2.35,1273553,0
2018-01-05,19:00:00,2.36,2.36,2.33,2.34,555023,0
2018-01-05,20:00:00,2.35,2.38,2.34,2.375,207645,0
2018-01-05,21:00:00,2.375,2.375,2.36,2.37,186016,0
2018-01-05,22:00:00,2.36,2.37,2.36,2.36,380754,0
2018-01-08,16:00:00,2.35,2.38,2.3,2.3,837702,0
2018-01-08,17:00:00,2.3093,2.33,2.3,2.325,865071,0
2018-01-08,18:00:00,2.33,2.35,2.31,2.325,599649,0
2018-01-08,19:00:00,2.325,2.3394,2.31,2.31,484895,0
2018-01-08,20:00:00,2.31,2.335,2.31,2.3249,399145,0
2018-01-08,21:00:00,2.32,2.33,2.32,2.325,99920,0
2018-01-08,22:00:00,2.325,2.33,2.32,2.33,366032,0
2018-01-09,16:00:00,2.33,2.35,2.32,2.325,114001,0
2018-01-09,17:00:00,2.32,2.33,2.31,2.315,491624,0
2018-01-09,18:00:00,2.315,2.36,2.31,2.32,728062,0
2018-01-09,19:00:00,2.3239,2.36,2.31,2.35,367022,0
2018-01-09,20:00:00,2.3464,2.37,2.33,2.35,549858,0
2018-01-09,21:00:00,2.345,2.35,2.33,2.3347,161360,0
2018-01-09,22:00:00,2.335,2.3494,2.32,2.32,732487,0
2018-01-10,16:00:00,2.31,2.34,2.27,2.315,1055763,0
2018-01-10,17:00:00,2.315,2.33,2.3,2.31,288365,0
2018-01-10,18:00:00,2.31,2.34,2.31,2.335,423128,0
2018-01-10,19:00:00,2.335,2.35,2.33,2.33,350831,0
2018-01-10,20:00:00,2.335,2.35,2.33,2.34,335204,0
2018-01-10,21:00:00,2.345,2.35,2.32,2.335,223734,0
2018-01-10,22:00:00,2.33,2.34,2.32,2.34,517994,0
2018-01-11,16:00:00,2.35,2.4,2.3429,2.375,1114938,0
2018-01-11,17:00:00,2.375,2.39,2.36,2.375,646671,0
2018-01-11,18:00:00,2.375,2.38,2.3638,2.365,190321,0
2018-01-11,19:00:00,2.37,2.4,2.365,2.4,446855,0
2018-01-11,20:00:00,2.4,2.4,2.3599,2.37,349136,0
2018-01-11,21:00:00,2.37,2.39,2.3608,2.3899,164032,0
2018-01-11,22:00:00,2.3899,2.4,2.38,2.4,570579,0
2018-01-12,16:00:00,2.4,2.42,2.38,2.385,696040,0
2018-01-12,17:00:00,2.385,2.39,2.36,2.375,703379,0
2018-01-12,18:00:00,2.38,2.4,2.37,2.39,1001182,0
2018-01-12,19:00:00,2.3839,2.39,2.36,2.3675,334989,0
2018-01-12,20:00:00,2.37,2.38,2.34,2.35,923441,0
2018-01-12,21:00:00,2.36,2.36,2.34,2.35,393507,0
2018-01-12,22:00:00,2.355,2.36,2.34,2.35,491681,0
2018-01-16,16:00:00,2.37,2.38,2.32,2.325,568323,0
2018-01-16,17:00:00,2.33,2.365,2.32,2.3436,419288,0
2018-01-16,18:00:00,2.3401,2.345,2.32,2.32,338837,0
2018-01-16,19:00:00,2.32,2.33,2.3,2.305,538261,0
2018-01-16,20:00:00,2.3062,2.3062,2.29,2.29,389763,0
2018-01-16,21:00:00,2.29,2.2912,2.22,2.25,1282697,0
2018-01-16,22:00:00,2.25,2.29,2.24,2.28,440032,0
2018-01-17,16:00:00,2.3,2.3,2.28,2.285,171309,0
2018-01-17,17:00:00,2.27,2.29,2.26,2.29,265516,0
2018-01-17,18:00:00,2.29,2.29,2.26,2.29,309255,0
2018-01-17,19:00:00,2.285,2.31,2.281,2.31,169067,0
2018-01-17,20:00:00,2.305,2.33,2.3,2.325,197249,0
2018-01-17,21:00:00,2.33,2.33,2.31,2.315,185331,0
2018-01-17,22:00:00,2.32,2.32,2.3,2.31,235952,0
2018-01-18,16:00:00,2.31,2.32,2.26,2.275,289648,0
2018-01-18,17:00:00,2.27,2.3,2.27,2.29,161698,0
2018-01-18,18:00:00,2.29,2.31,2.28,2.28,113876,0
2018-01-18,19:00:00,2.28,2.3,2.28,2.29,54021,0
2018-01-18,20:00:00,2.29,2.3,2.275,2.285,196156,0
2018-01-18,21:00:00,2.285,2.29,2.27,2.27,101065,0
2018-01-18,22:00:00,2.275,2.28,2.27,2.27,245219,0
2018-01-19,16:00:00,2.26,2.27,2.24,2.245,462417,0
2018-01-19,17:00:00,2.25,2.28,2.24,2.2705,219694,0
2018-01-19,18:00:00,2.28,2.28,2.27,2.275,88033,0
2018-01-19,19:00:00,2.275,2.2883,2.27,2.285,151321,0
2018-01-19,20:00:00,2.285,2.29,2.27,2.27,147661,0
2018-01-19,21:00:00,2.27,2.28,2.27,2.2701,69920,0
2018-01-19,22:00:00,2.27,2.28,2.26,2.27,501861,0
2018-01-22,16:00:00,2.27,2.285,2.24,2.245,465989,0
2018-01-22,17:00:00,2.24,2.265,2.24,2.24,474433,0
2018-01-22,18:00:00,2.245,2.25,2.21,2.23,683758,0
2018-01-22,19:00:00,2.23,2.25,2.22,2.235,204093,0
2018-01-22,20:00:00,2.23,2.24,2.23,2.235,118186,0
2018-01-22,21:00:00,2.2336,2.25,2.225,2.245,314968,0
2018-01-22,22:00:00,2.245,2.26,2.24,2.25,304401,0
2018-01-23,16:00:00,2.25,2.25,2.21,2.215,479503,0
2018-01-23,17:00:00,2.215,2.23,2.2,2.2201,464295,0
2018-01-23,18:00:00,2.225,2.239,2.21,2.21,546029,0
2018-01-23,19:00:00,2.21,2.2199,2.2,2.205,282707,0
2018-01-23,20:00:00,2.2038,2.21,2.2,2.2001,285690,0
2018-01-23,21:00:00,2.205,2.22,2.2,2.22,245425,0
2018-01-23,22:00:00,2.215,2.22,2.2,2.21,394443,0
2018-01-24,16:00:00,2.2,2.23,2.2,2.215,196301,0
2018-01-24,17:00:00,2.215,2.23,2.2,2.21,330117,0
2018-01-24,18:00:00,2.21,2.21,2.17,2.185,389901,0
2018-01-24,19:00:00,2.185,2.19,2.16,2.19,366976,0
2018-01-24,20:00:00,2.189,2.2,2.17,2.19,236107,0
2018-01-24,21:00:00,2.185,2.22,2.18,2.22,282466,0
2018-01-24,22:00:00,2.22,2.23,2.2,2.21,473567,0
2018-01-25,16:00:00,2.25,2.25,2.18,2.1849,146432,0
2018-01-25,17:00:00,2.185,2.19,2.17,2.17,229854,0
2018-01-25,18:00:00,2.17,2.19,2.16,2.17,288019,0
2018-01-25,19:00:00,2.17,2.2,2.17,2.19,463791,0
2018-01-25,20:00:00,2.19,2.19,2.17,2.175,362129,0
2018-01-25,21:00:00,2.175,2.175,2.1,2.12,883276,0
2018-01-25,22:00:00,2.12,2.13,2.11,2.12,417131,0
2018-01-26,16:00:00,2.13,2.1407,2.1,2.115,334001,0
2018-01-26,17:00:00,2.115,2.12,2.09,2.0938,447528,0
2018-01-26,18:00:00,2.095,2.1,2.02,2.043,1294167,0
2018-01-26,19:00:00,2.05,2.08,2.04,2.07,352058,0
2018-01-26,20:00:00,2.075,2.08,2.07,2.07,179217,0
2018-01-26,21:00:00,2.075,2.08,2.06,2.0701,298451,0
2018-01-26,22:00:00,2.08,2.085,2.07,2.08,373931,0
2018-01-29,16:00:00,2.07,2.09,2.05,2.05,517594,0
2018-01-29,17:00:00,2.055,2.055,2.02,2.025,471168,0
2018-01-29,18:00:00,2.025,2.03,1.97,1.97,1952116,0
2018-01-29,19:00:00,1.98,1.99,1.96,1.97,799272,0
2018-01-29,20:00:00,1.979,1.98,1.96,1.97,603018,0
2018-01-29,21:00:00,1.9728,1.99,1.97,1.9849,577706,0
2018-01-29,22:00:00,1.985,2,1.96,2,833604,0
2018-01-30,16:00:00,2,2.01,1.89,1.9045,1163323,0
2018-01-30,17:00:00,1.905,1.92,1.89,1.91,926206,0
2018-01-30,18:00:00,1.91,1.93,1.91,1.92,768301,0
2018-01-30,19:00:00,1.92,1.93,1.92,1.92,244947,0
2018-01-30,20:00:00,1.92,1.925,1.9,1.9145,428853,0
2018-01-30,21:00:00,1.91,1.92,1.9,1.9,266871,0
2018-01-30,22:00:00,1.9,1.93,1.9,1.93,754319,0
2018-01-31,16:00:00,1.94,1.98,1.94,1.95,267062,0
2018-01-31,17:00:00,1.9599,1.96,1.93,1.935,323859,0
2018-01-31,18:00:00,1.935,1.95,1.92,1.95,137168,0
2018-01-31,19:00:00,1.945,1.95,1.94,1.945,73614,0
2018-01-31,20:00:00,1.945,1.95,1.94,1.94,126803,0
2018-01-31,21:00:00,1.95,1.96,1.92,1.92,290195,0
2018-01-31,22:00:00,1.92,1.94,1.92,1.93,607263,0
2018-02-01,16:00:00,1.94,1.9799,1.93,1.975,295669,0
2018-02-01,17:00:00,1.97,1.98,1.96,1.975,182483,0
2018-02-01,18:00:00,1.975,1.98,1.94,1.94,179358,0
2018-02-01,19:00:00,1.94,1.95,1.94,1.945,63615,0
2018-02-01,20:00:00,1.9454,1.95,1.94,1.94,71175,0
2018-02-01,21:00:00,1.9449,1.95,1.93,1.93,153627,0
2018-02-01,22:00:00,1.93,1.935,1.9,1.92,500766,0
2018-02-02,16:00:00,1.92,1.93,1.86,1.88,574984,0
2018-02-02,17:00:00,1.875,1.94,1.86,1.93,615052,0
2018-02-02,18:00:00,1.925,1.93,1.9,1.91,235145,0
2018-02-02,19:00:00,1.9139,1.95,1.91,1.935,260939,0
2018-02-02,20:00:00,1.9301,1.95,1.92,1.92,258061,0
2018-02-02,21:00:00,1.92,1.94,1.91,1.925,235231,0
2018-02-02,22:00:00,1.92,1.95,1.92,1.94,720163,0
2018-02-05,16:00:00,1.93,1.93,1.85,1.9,346187,0
2018-02-05,17:00:00,1.895,1.94,1.89,1.925,335679,0
2018-02-05,18:00:00,1.925,1.93,1.87,1.87,272319,0
2018-02-05,19:00:00,1.88,1.9,1.87,1.89,212375,0
2018-02-05,20:00:00,1.89,1.895,1.86,1.89,260175,0
2018-02-05,21:00:00,1.885,1.89,1.83,1.84,376385,0
2018-02-05,22:00:00,1.83,1.87,1.8,1.8,1318339,0
2018-02-06,16:00:00,1.78,1.83,1.76,1.805,730503,0
2018-02-06,17:00:00,1.81,1.84,1.73,1.735,1279110,0
2018-02-06,18:00:00,1.73,1.75,1.665,1.7299,1909932,0
2018-02-06,19:00:00,1.73,1.8,1.73,1.795,730726,0
2018-02-06,20:00:00,1.7999,1.8,1.77,1.7799,214586,0
2018-02-06,21:00:00,1.775,1.82,1.77,1.82,419719,0
2018-02-06,22:00:00,1.82,1.87,1.815,1.84,940916,0
2018-02-07,16:00:00,1.88,1.95,1.84,1.95,734295,0
2018-02-07,17:00:00,1.946,2.02,1.92,2.015,1526221,0
2018-02-07,18:00:00,2.01,2.05,2,2.015,750542,0
2018-02-07,19:00:00,2.015,2.02,1.97,1.98,519899,0
2018-02-07,20:00:00,1.99,1.99,1.96,1.9666,489573,0
2018-02-07,21:00:00,1.97,1.97,1.94,1.965,424465,0
2018-02-07,22:00:00,1.96,2.02,1.96,1.985,797638,0
2018-02-08,16:00:00,2.02,2.02,1.79,1.865,1164858,0
2018-02-08,17:00:00,1.86,1.91,1.77,1.855,1458812,0
2018-02-08,18:00:00,1.8593,1.86,1.82,1.84,331337,0
2018-02-08,19:00:00,1.835,1.84,1.83,1.83,128807,0
2018-02-08,20:00:00,1.83,1.83,1.82,1.825,427188,0
2018-02-08,21:00:00,1.825,1.83,1.78,1.785,604938,0
2018-02-08,22:00:00,1.78,1.79,1.71,1.72,1803524,0
2018-02-09,16:00:00,1.82,1.83,1.7245,1.825,1204406,0
2018-02-09,17:00:00,1.83,1.83,1.75,1.77,762790,0
2018-02-09,18:00:00,1.775,1.79,1.73,1.7462,588097,0
2018-02-09,19:00:00,1.741,1.75,1.65,1.66,862006,0
2018-02-09,20:00:00,1.66,1.66,1.53,1.63,1787159,0
2018-02-09,21:00:00,1.63,1.725,1.63,1.69,844167,0
2018-02-09,22:00:00,1.69,1.7,1.661,1.7,927919,0
2018-02-12,16:00:00,1.76,1.77,1.7,1.7,628452,0
2018-02-12,17:00:00,1.7001,1.71,1.63,1.665,699156,0
2018-02-12,18:00:00,1.665,1.7191,1.66,1.705,495302,0
2018-02-12,19:00:00,1.71,1.74,1.7091,1.74,297322,0
2018-02-12,20:00:00,1.74,1.75,1.72,1.731,234383,0
2018-02-12,21:00:00,1.7336,1.75,1.73,1.75,136618,0
2018-02-12,22:00:00,1.75,1.75,1.731,1.74,314618,0
2018-02-13,16:00:00,1.73,1.79,1.72,1.73,537780,0
2018-02-13,17:00:00,1.735,1.76,1.735,1.75,227320,0
2018-02-13,18:00:00,1.745,1.7691,1.72,1.7691,549412,0
2018-02-13,19:00:00,1.765,1.77,1.74,1.745,456929,0
2018-02-13,20:00:00,1.745,1.75,1.73,1.745,156501,0
2018-02-13,21:00:00,1.74,1.775,1.74,1.7638,419650,0
2018-02-13,22:00:00,1.77,1.78,1.76,1.77,431805,0
2018-02-14,16:00:00,1.75,1.77,1.72,1.755,358430,0
2018-02-14,17:00:00,1.7568,1.77,1.73,1.7599,234307,0
2018-02-14,18:00:00,1.755,1.78,1.75,1.7653,341099,0
2018-02-14,19:00:00,1.7638,1.8,1.7638,1.78,866087,0
2018-02-14,20:00:00,1.775,1.79,1.77,1.783,160620,0
2018-02-14,21:00:00,1.7862,1.8,1.775,1.78,344560,0
2018-02-14,22:00:00,1.785,1.79,1.77,1.78,358904,0
2018-02-15,16:00:00,1.78,1.789,1.75,1.75,214331,0
2018-02-15,17:00:00,1.755,1.78,1.73,1.73,417865,0
2018-02-15,18:00:00,1.73,1.76,1.72,1.755,280738,0
2018-02-15,19:00:00,1.76,1.77,1.75,1.76,156377,0
2018-02-15,20:00:00,1.765,1.79,1.76,1.785,515719,0
2018-02-15,21:00:00,1.788,1.82,1.78,1.82,363893,0
2018-02-15,22:00:00,1.82,1.835,1.8,1.83,963278,0
2018-02-16,16:00:00,1.83,1.85,1.82,1.84,210616,0
2018-02-16,17:00:00,1.845,1.885,1.84,1.86,784645,0
2018-02-16,18:00:00,1.86,1.88,1.85,1.865,661347,0
2018-02-16,19:00:00,1.86,1.9,1.86,1.8899,379449,0
2018-02-16,20:00:00,1.88,1.89,1.85,1.87,211225,0
2018-02-16,21:00:00,1.865,1.87,1.84,1.855,138097,0
2018-02-16,22:00:00,1.855,1.8688,1.84,1.845,561285,0
2018-02-20,16:00:00,1.85,1.87,1.815,1.87,175977,0
2018-02-20,17:00:00,1.8628,1.87,1.84,1.845,360322,0
2018-02-20,18:00:00,1.84,1.855,1.82,1.82,140295,0
2018-02-20,19:00:00,1.82,1.837,1.82,1.82,171509,0
2018-02-20,20:00:00,1.82,1.84,1.82,1.82,235594,0
2018-02-20,21:00:00,1.83,1.83,1.8,1.8,213246,0
2018-02-20,22:00:00,1.8,1.81,1.77,1.77,443032,0
2018-02-21,16:00:00,1.77,1.91,1.76,1.8701,771188,0
2018-02-21,17:00:00,1.875,2.13,1.8725,2.1001,4380275,0
2018-02-21,18:00:00,2.1,2.11,2.03,2.041,1775278,0
2018-02-21,19:00:00,2.045,2.048,1.98,2.005,1119717,0
2018-02-21,20:00:00,2.0099,2.055,2.005,2.015,1032287,0
2018-02-21,21:00:00,2.015,2.04,2,2.0165,330315,0
2018-02-21,22:00:00,2.015,2.02,1.98,1.99,525683,0
2018-02-22,16:00:00,2.02,2.04,1.9207,1.93,402143,0
2018-02-22,17:00:00,1.94,1.96,1.85,1.8799,1438512,0
2018-02-22,18:00:00,1.88,1.91,1.87,1.89,482631,0
2018-02-22,19:00:00,1.89,1.91,1.88,1.89,169281,0
2018-02-22,20:00:00,1.885,1.9,1.86,1.88,436200,0
2018-02-22,21:00:00,1.88,1.9099,1.871,1.875,324248,0
2018-02-22,22:00:00,1.8766,1.88,1.87,1.88,571137,0
2018-02-23,16:00:00,1.88,1.94,1.88,1.93,222259,0
2018-02-23,17:00:00,1.93,1.93,1.88,1.915,719440,0
2018-02-23,18:00:00,1.915,1.98,1.91,1.98,708377,0
2018-02-23,19:00:00,1.975,1.98,1.945,1.95,565846,0
2018-02-23,20:00:00,1.955,1.96,1.95,1.95,70864,0
2018-02-23,21:00:00,1.955,1.97,1.92,1.94,440780,0
2018-02-23,22:00:00,1.94,1.97,1.94,1.97,898553,0
2018-02-26,16:00:00,2,2.01,1.95,1.96,302966,0
2018-02-26,17:00:00,1.96,1.97,1.93,1.95,392854,0
2018-02-26,18:00:00,1.94,1.98,1.94,1.955,500054,0
2018-02-26,19:00:00,1.95,1.98,1.95,1.975,124040,0
2018-02-26,20:00:00,1.98,1.98,1.95,1.95,245692,0
2018-02-26,21:00:00,1.95,1.97,1.95,1.965,100925,0
2018-02-26,22:00:00,1.9664,1.98,1.95,1.96,404114,0
2018-02-27,16:00:00,1.95,1.97,1.93,1.935,1491435,0
2018-02-27,17:00:00,1.935,1.95,1.885,1.905,383353,0
2018-02-27,18:00:00,1.9001,1.915,1.88,1.9,793941,0
2018-02-27,19:00:00,1.905,1.93,1.9,1.93,108465,0
2018-02-27,20:00:00,1.93,1.93,1.91,1.93,77469,0
2018-02-27,21:00:00,1.92,1.93,1.9,1.915,180808,0
2018-02-27,22:00:00,1.91,1.92,1.88,1.9,435114,0
2018-02-28,16:00:00,1.89,1.91,1.88,1.89,97794,0
2018-02-28,17:00:00,1.89,1.92,1.86,1.8725,272475,0
2018-02-28,18:00:00,1.875,1.88,1.86,1.875,225860,0
2018-02-28,19:00:00,1.88,1.91,1.8739,1.905,82059,0
2018-02-28,20:00:00,1.91,1.915,1.89,1.915,162744,0
2018-02-28,21:00:00,1.92,1.93,1.87,1.87,856023,0
2018-02-28,22:00:00,1.87,1.905,1.86,1.86,1195466,0
2018-03-01,16:00:00,1.85,1.86,1.81,1.815,357323,0
2018-03-01,17:00:00,1.82,1.85,1.8,1.805,833578,0
2018-03-01,18:00:00,1.8062,1.84,1.8,1.84,252409,0
2018-03-01,19:00:00,1.83,1.84,1.81,1.8199,216320,0
2018-03-01,20:00:00,1.81,1.83,1.78,1.785,342980,0
2018-03-01,21:00:00,1.78,1.82,1.76,1.82,376858,0
2018-03-01,22:00:00,1.82,1.84,1.8,1.81,280218,0
2018-03-02,16:00:00,1.79,1.83,1.76,1.815,206614,0
2018-03-02,17:00:00,1.8199,1.84,1.8,1.835,218867,0
2018-03-02,18:00:00,1.835,1.86,1.82,1.855,432642,0
2018-03-02,19:00:00,1.855,1.8899,1.85,1.88,624661,0
2018-03-02,20:00:00,1.885,1.89,1.83,1.87,296097,0
2018-03-02,21:00:00,1.87,1.8999,1.87,1.895,188966,0
2018-03-02,22:00:00,1.895,1.9,1.87,1.89,407417,0
2018-03-05,16:00:00,1.89,1.92,1.85,1.92,334703,0
2018-03-05,17:00:00,1.92,1.98,1.89,1.97,710681,0
2018-03-05,18:00:00,1.975,1.995,1.94,1.96,1268221,0
2018-03-05,19:00:00,1.965,1.97,1.92,1.935,616378,0
2018-03-05,20:00:00,1.935,1.9695,1.92,1.945,1110958,0
2018-03-05,21:00:00,1.945,1.96,1.88,1.91,1106894,0
2018-03-05,22:00:00,1.91,1.91,1.885,1.89,445660,0
2018-03-06,16:00:00,1.9,1.93,1.88,1.895,264986,0
2018-03-06,17:00:00,1.89,1.895,1.82,1.825,737845,0
2018-03-06,18:00:00,1.82,1.86,1.82,1.85,249779,0
2018-03-06,19:00:00,1.85,1.88,1.85,1.875,164230,0
2018-03-06,20:00:00,1.875,1.88,1.86,1.86,166474,0
2018-03-06,21:00:00,1.86,1.88,1.86,1.875,88787,0
2018-03-06,22:00:00,1.87,1.89,1.85,1.88,1221885,0
2018-03-07,16:00:00,1.83,1.8701,1.8,1.82,583083,0
2018-03-07,17:00:00,1.811,1.9,1.81,1.88,817255,0
2018-03-07,18:00:00,1.89,1.89,1.82,1.8299,734600,0
2018-03-07,19:00:00,1.825,1.835,1.81,1.835,322206,0
2018-03-07,20:00:00,1.83,1.8399,1.81,1.83,302915,0
2018-03-07,21:00:00,1.8299,1.85,1.82,1.83,332175,0
2018-03-07,22:00:00,1.835,1.85,1.82,1.83,645953,0
2018-03-08,16:00:00,1.87,1.89,1.8601,1.89,249753,0
2018-03-08,17:00:00,1.89,1.935,1.865,1.92,1107254,0
2018-03-08,18:00:00,1.925,1.93,1.9,1.9049,350301,0
2018-03-08,19:00:00,1.9,1.93,1.9,1.91,408346,0
2018-03-08,20:00:00,1.9192,1.92,1.88,1.895,145995,0
2018-03-08,21:00:00,1.89,1.92,1.89,1.8901,554360,0
2018-03-08,22:00:00,1.89,1.92,1.88,1.89,654587,0
2018-03-09,16:00:00,1.91,1.93,1.8801,1.9,536055,0
2018-03-09,17:00:00,1.9,1.92,1.895,1.91,195300,0
2018-03-09,18:00:00,1.9011,1.92,1.89,1.915,304732,0
2018-03-09,19:00:00,1.9101,1.92,1.9,1.915,165649,0
2018-03-09,20:00:00,1.92,1.96,1.91,1.945,846567,0
2018-03-09,21:00:00,1.945,1.965,1.94,1.95,502644,0
2018-03-09,22:00:00,1.9427,1.95,1.94,1.94,194040,0
2018-03-12,15:00:00,1.97,2.05,1.96,1.995,1057010,0
2018-03-12,16:00:00,1.99,2.115,1.99,2.1058,1698364,0
2018-03-12,17:00:00,2.11,2.12,2.04,2.075,1008955,0
2018-03-12,18:00:00,2.08,2.1,2.07,2.08,327033,0
2018-03-12,19:00:00,2.085,2.11,2.08,2.0852,409112,0
2018-03-12,20:00:00,2.085,2.1,2.05,2.085,405307,0
2018-03-12,21:00:00,2.085,2.09,2.07,2.08,288514,0
2018-03-13,15:00:00,2.11,2.13,2.08,2.095,1132672,0
2018-03-13,16:00:00,2.1,2.11,2.02,2.03,722577,0
2018-03-13,17:00:00,2.03,2.045,2.01,2.03,1019786,0
2018-03-13,18:00:00,2.03,2.0388,1.98,2.025,1035351,0
2018-03-13,19:00:00,2.025,2.03,1.98,1.984,299691,0
2018-03-13,20:00:00,1.985,2.02,1.985,1.99,611599,0
2018-03-13,21:00:00,2,2,1.955,1.97,882724,0
2018-03-14,15:00:00,1.99,2.01,1.95,1.98,297814,0
2018-03-14,16:00:00,1.98,1.9975,1.93,1.935,489059,0
2018-03-14,17:00:00,1.935,1.95,1.91,1.93,438997,0
2018-03-14,18:00:00,1.925,1.93,1.91,1.91,120292,0
2018-03-14,19:00:00,1.91,1.965,1.91,1.955,435971,0
2018-03-14,20:00:00,1.95,1.96,1.94,1.95,98509,0
2018-03-14,21:00:00,1.95,1.96,1.93,1.94,364031,0
2018-03-15,15:00:00,1.94,1.98,1.92,1.975,304230,0
2018-03-15,16:00:00,1.98,2,1.965,1.975,399467,0
2018-03-15,17:00:00,1.98,1.98,1.95,1.95,125169,0
2018-03-15,18:00:00,1.95,1.97,1.94,1.965,190833,0
2018-03-15,19:00:00,1.97,1.97,1.95,1.95,33477,0
2018-03-15,20:00:00,1.95,1.95,1.93,1.95,154600,0
2018-03-15,21:00:00,1.949,1.97,1.945,1.96,605439,0
2018-03-16,15:00:00,1.96,1.97,1.92,1.935,436040,0
2018-03-16,16:00:00,1.93,1.99,1.93,1.97,370722,0
2018-03-16,17:00:00,1.97,2,1.96,1.98,573782,0
2018-03-16,18:00:00,1.98,2.02,1.98,2.02,263158,0
2018-03-16,19:00:00,2.0111,2.02,2,2.01,123350,0
2018-03-16,20:00:00,2.005,2.04,2,2.035,433842,0
2018-03-16,21:00:00,2.03,2.05,2.02,2.04,836277,0
2018-03-19,15:00:00,2.02,2.04,1.97,2.005,196416,0
2018-03-19,16:00:00,2.01,2.02,1.96,1.97,842193,0
2018-03-19,17:00:00,1.97,1.989,1.95,1.959,722909,0
2018-03-19,18:00:00,1.95,1.965,1.93,1.96,594135,0
2018-03-19,19:00:00,1.9546,1.98,1.935,1.98,292963,0
2018-03-19,20:00:00,1.98,1.98,1.95,1.96,212336,0
2018-03-19,21:00:00,1.965,1.985,1.96,1.98,394539,0
2018-03-20,15:00:00,2,2.0101,1.97,2,130480,0
2018-03-20,16:00:00,1.999,2.02,1.97,1.9712,908894,0
2018-03-20,17:00:00,1.975,1.985,1.94,1.96,535133,0
2018-03-20,18:00:00,1.96,1.98,1.95,1.955,138649,0
2018-03-20,19:00:00,1.955,1.97,1.94,1.96,306418,0
2018-03-20,20:00:00,1.96,1.99,1.95,1.975,553727,0
2018-03-20,21:00:00,1.98,1.99,1.95,1.96,363672,0
2018-03-21,15:00:00,1.96,1.985,1.95,1.97,153842,0
2018-03-21,16:00:00,1.9701,2,1.97,1.985,163779,0
2018-03-21,17:00:00,1.98,2.01,1.98,1.995,551032,0
2018-03-21,18:00:00,1.99,1.995,1.97,1.975,286053,0
2018-03-21,19:00:00,1.975,1.975,1.95,1.965,144775,0
2018-03-21,20:00:00,1.97,1.98,1.96,1.98,88930,0
2018-03-21,21:00:00,1.98,1.995,1.95,1.96,768007,0
2018-03-22,15:00:00,1.88,1.95,1.86,1.945,632297,0
2018-03-22,16:00:00,1.95,1.98,1.93,1.94,457246,0
2018-03-22,17:00:00,1.935,1.94,1.91,1.94,231000,0
2018-03-22,18:00:00,1.935,2,1.93,1.98,687332,0
2018-03-22,19:00:00,1.98,2,1.97,1.99,430888,0
2018-03-22,20:00:00,1.995,2,1.96,1.975,463982,0
2018-03-22,21:00:00,1.975,1.99,1.9,1.91,1233219,0
2018-03-23,15:00:00,1.9,1.94,1.87,1.9025,582975,0
2018-03-23,16:00:00,1.905,1.95,1.905,1.945,815973,0
2018-03-23,17:00:00,1.945,1.98,1.935,1.95,841784,0
2018-03-23,18:00:00,1.95,1.97,1.91,1.915,747609,0
2018-03-23,19:00:00,1.915,1.95,1.91,1.925,648324,0
2018-03-23,20:00:00,1.92,1.93,1.9,1.905,261415,0
2018-03-23,21:00:00,1.905,1.9277,1.86,1.89,908863,0
2018-03-26,16:00:00,1.92,1.94,1.9,1.9334,447357,0
2018-03-26,17:00:00,1.935,1.95,1.92,1.92,600765,0
2018-03-26,18:00:00,1.92,1.925,1.88,1.92,1082927,0
2018-03-26,19:00:00,1.915,1.93,1.88,1.895,1075813,0
2018-03-26,20:00:00,1.9,1.93,1.895,1.915,421369,0
2018-03-26,21:00:00,1.915,1.95,1.91,1.9319,548448,0
2018-03-26,22:00:00,1.93,1.98,1.93,1.95,1212253,0
2018-03-27,16:00:00,1.95,1.95,1.9,1.933,175724,0
2018-03-27,17:00:00,1.935,1.97,1.93,1.96,520616,0
2018-03-27,18:00:00,1.965,1.97,1.93,1.95,335853,0
2018-03-27,19:00:00,1.955,1.96,1.92,1.94,354845,0
2018-03-27,20:00:00,1.945,1.95,1.91,1.92,719647,0
2018-03-27,21:00:00,1.925,1.935,1.9,1.909,763063,0
2018-03-27,22:00:00,1.905,1.92,1.87,1.89,1540522,0
2018-03-28,16:00:00,1.91,1.93,1.88,1.91,336397,0
2018-03-28,17:00:00,1.91,1.92,1.85,1.869,712920,0
2018-03-28,18:00:00,1.865,1.9,1.83,1.9,836751,0
2018-03-28,19:00:00,1.89,1.92,1.89,1.9,259900,0
2018-03-28,20:00:00,1.9,1.9187,1.9,1.9,173533,0
2018-03-28,21:00:00,1.9,1.91,1.9,1.9,91448,0
2018-03-28,22:00:00,1.9,1.91,1.89,1.91,1053792,0
2018-03-29,16:00:00,1.91,1.925,1.895,1.91,135451,0
2018-03-29,17:00:00,1.915,1.95,1.9,1.93,1310547,0
2018-03-29,18:00:00,1.93,1.9399,1.9,1.91,1399349,0
2018-03-29,19:00:00,1.91,1.92,1.89,1.9,139007,0
2018-03-29,20:00:00,1.89,1.93,1.89,1.915,241791,0
2018-03-29,21:00:00,1.91,1.9195,1.89,1.905,765243,0
2018-03-29,22:00:00,1.91,1.91,1.88,1.89,697662,0
