Date,Time,Open,High,Low,Close,Volume,OpenInt
2017-09-05,16:00:00,15,15.06,14.78,14.92,1155,0
2017-09-05,17:00:00,14.72,15.09,14.72,14.91,7900,0
2017-09-05,18:00:00,14.89,14.89,14.8,14.84,2711,0
2017-09-05,19:00:00,14.81,14.87,14.43,14.43,14441,0
2017-09-05,20:00:00,14.43,14.88,14.3,14.7,11600,0
2017-09-05,21:00:00,14.63,14.635,14.32,14.32,7192,0
2017-09-05,22:00:00,14.32,14.495,14.21,14.23,24994,0
2017-09-06,16:00:00,14.34,14.47,14.16,14.22,1428,0
2017-09-06,17:00:00,14.17,14.3199,13.92,14.15,11727,0
2017-09-06,18:00:00,14.115,14.18,13.89,14.16,8966,0
2017-09-06,19:00:00,14.21,14.21,14.03,14.105,2500,0
2017-09-06,20:00:00,14.07,14.3,13.99,14.13,6782,0
2017-09-06,21:00:00,14.12,14.29,14.095,14.23,7640,0
2017-09-06,22:00:00,14.25,14.25,13.96,14.06,21062,0
2017-09-07,16:00:00,14.14,14.14,13.9,13.92,1151,0
2017-09-07,17:00:00,13.85,14.3,13.77,14,15007,0
2017-09-07,18:00:00,13.96,14.37,13.885,14.37,7794,0
2017-09-07,19:00:00,14.26,14.37,14.2,14.3,9424,0
2017-09-07,20:00:00,14.35,14.66,14.28,14.36,19617,0
2017-09-07,21:00:00,14.31,14.43,14.15,14.2,8850,0
2017-09-07,22:00:00,14.15,14.3,14.12,14.13,41740,0
2017-09-08,16:00:00,14.21,14.23,13.45,14.18,2159,0
2017-09-08,17:00:00,14.25,16.01,14.185,15.43,179721,0
2017-09-08,18:00:00,15.295,15.49,14.85,15.12,40468,0
2017-09-08,19:00:00,15.14,15.25,15,15.25,18640,0
2017-09-08,20:00:00,15.25,15.59,15.25,15.325,7898,0
2017-09-08,21:00:00,15.19,15.2854,14.94,14.95,13420,0
2017-09-08,22:00:00,14.96,15.61,14.96,15.15,30672,0
2017-09-11,16:00:00,15.14,15.14,14.74,15.02,1594,0
2017-09-11,17:00:00,15,15.02,14.625,14.72,8213,0
2017-09-11,18:00:00,14.665,14.82,14.365,14.365,11383,0
2017-09-11,19:00:00,14.4404,14.62,14.3,14.4008,22471,0
2017-09-11,20:00:00,14.44,14.65,14.32,14.48,11300,0
2017-09-11,21:00:00,14.5,14.5,14.3,14.3,10000,0
2017-09-11,22:00:00,14.255,14.48,14.255,14.44,28421,0
2017-09-12,16:00:00,14.45,14.45,14.095,14.15,4543,0
2017-09-12,17:00:00,14.3028,14.419,13.8,14.08,24162,0
2017-09-12,18:00:00,13.87,13.995,13.82,13.8997,9786,0
2017-09-12,19:00:00,13.97,14.13,13.87,13.98,7500,0
2017-09-12,20:00:00,14.07,14.08,13.83,13.83,6677,0
2017-09-12,21:00:00,13.83,14.11,13.52,14.04,20456,0
2017-09-12,22:00:00,14.0266,14.11,13.96,14.06,19402,0
2017-09-13,16:00:00,13.73,14.19,13.51,14.06,2100,0
2017-09-13,17:00:00,14.08,14.4,14.052,14.125,15442,0
2017-09-13,18:00:00,14.1,14.21,14,14.03,13567,0
2017-09-13,19:00:00,14.01,14.23,14,14.065,7725,0
2017-09-13,20:00:00,14.065,14.38,14,14.37,10091,0
2017-09-13,21:00:00,14.36,14.36,14.05,14.11,6600,0
2017-09-13,22:00:00,14.1,14.1,14.03,14.05,21121,0
2017-09-14,16:00:00,14.06,14.29,13.6,14.29,6310,0
2017-09-14,17:00:00,14.29,14.719,14.05,14.5,16661,0
2017-09-14,18:00:00,14.587,14.593,14.25,14.48,11398,0
2017-09-14,19:00:00,14.41,14.45,14.15,14.15,18212,0
2017-09-14,20:00:00,14.16,14.28,14.145,14.16,8764,0
2017-09-14,21:00:00,14.12,14.59,14.05,14.41,7988,0
2017-09-14,22:00:00,14.58,14.91,14.36,14.78,41982,0
2017-09-15,16:00:00,14.97,15.03,14.32,14.54,43438,0
2017-09-15,17:00:00,14.54,15.22,14.45,15.19,17941,0
2017-09-15,18:00:00,15.21,15.225,14.75,14.79,13336,0
2017-09-15,19:00:00,14.81,15.34,14.62,15.01,18600,0
2017-09-15,20:00:00,15.105,15.46,15.065,15.42,10992,0
2017-09-15,21:00:00,15.42,15.43,15.25,15.325,7330,0
2017-09-15,22:00:00,15.32,15.34,14.94,15.09,101524,0
2017-09-18,16:00:00,15.06,15.37,14.65,15.15,5468,0
2017-09-18,17:00:00,15.255,16.3,15.255,16.3,51750,0
2017-09-18,18:00:00,16.3,16.81,16.07,16.11,81889,0
2017-09-18,19:00:00,16.1,16.36,16,16,50773,0
2017-09-18,20:00:00,16.06,16.21,15.7517,15.82,38895,0
2017-09-18,21:00:00,15.78,15.78,15.26,15.52,18561,0
2017-09-18,22:00:00,15.56,15.71,15.31,15.44,59887,0
2017-09-19,16:00:00,15.4,15.4,15.07,15.09,2650,0
2017-09-19,17:00:00,15.09,16,14.88,15.75,90645,0
2017-09-19,18:00:00,15.75,15.9,15.48,15.9,13183,0
2017-09-19,19:00:00,15.82,15.82,15.51,15.51,8600,0
2017-09-19,20:00:00,15.56,15.56,15.1,15.1,10553,0
2017-09-19,21:00:00,15.28,15.52,15.25,15.31,8117,0
2017-09-19,22:00:00,15.25,15.25,14.935,15.04,19692,0
2017-09-20,16:00:00,14.98,15.1,14.82,15.05,2693,0
2017-09-20,17:00:00,15,15.32,15,15.14,15474,0
2017-09-20,18:00:00,15.18,15.23,15.08,15.23,13031,0
2017-09-20,19:00:00,15.23,15.25,15.06,15.09,7100,0
2017-09-20,20:00:00,15.05,15.27,15.04,15.15,19729,0
2017-09-20,21:00:00,15.165,15.17,14.87,15.07,19321,0
2017-09-20,22:00:00,15.06,15.13,15.01,15.04,35398,0
2017-09-21,16:00:00,14.65,14.76,14.57,14.6,2550,0
2017-09-21,17:00:00,14.58,15.37,14.53,15.12,39296,0
2017-09-21,18:00:00,15.14,15.21,14.86,14.86,8200,0
2017-09-21,19:00:00,14.87,14.9,14.7,14.81,4500,0
2017-09-21,20:00:00,14.82,14.93,14.6475,14.82,19063,0
2017-09-21,21:00:00,14.85,15.19,14.81,14.91,31981,0
2017-09-21,22:00:00,14.955,15.28,14.88,14.93,25636,0
2017-09-22,16:00:00,14.8,14.85,14.69,14.69,1080,0
2017-09-22,17:00:00,14.66,14.86,14.19,14.32,11439,0
2017-09-22,18:00:00,14.33,14.57,14.27,14.46,10000,0
2017-09-22,19:00:00,14.4404,14.525,14.23,14.45,15540,0
2017-09-22,20:00:00,14.4177,14.44,14.21,14.21,26010,0
2017-09-22,21:00:00,14.21,14.24,14.06,14.1,32774,0
2017-09-22,22:00:00,14.15,14.66,14.1,14.5,41818,0
2017-09-25,16:00:00,14.36,14.75,14.01,14.45,5949,0
2017-09-25,17:00:00,14.53,14.84,14.41,14.45,4756,0
2017-09-25,18:00:00,14.2808,14.75,14.2808,14.48,4236,0
2017-09-25,19:00:00,14.51,14.62,14.39,14.51,8200,0
2017-09-25,20:00:00,14.69,14.8,14.575,14.62,2400,0
2017-09-25,21:00:00,14.55,14.6,14.4,14.41,3145,0
2017-09-25,22:00:00,14.4511,14.6,14.4511,14.5,15687,0
2017-09-26,16:00:00,14.63,14.64,14.4,14.64,2660,0
2017-09-26,17:00:00,14.45,14.58,14.115,14.28,6800,0
2017-09-26,18:00:00,14.27,14.705,14.249,14.48,9408,0
2017-09-26,19:00:00,14.48,14.86,14.48,14.61,15502,0
2017-09-26,20:00:00,14.61,14.74,14.535,14.63,3820,0
2017-09-26,21:00:00,14.61,14.84,14.51,14.66,5571,0
2017-09-26,22:00:00,14.64,14.78,14.54,14.64,89426,0
2017-09-27,16:00:00,14.79,14.79,14.41,14.58,346,0
2017-09-27,17:00:00,14.74,15.14,14.73,14.85,6412,0
2017-09-27,18:00:00,14.76,15.04,14.73,14.91,3596,0
2017-09-27,19:00:00,14.86,15.03,14.86,14.975,1300,0
2017-09-27,20:00:00,15.11,15.35,15.11,15.25,6749,0
2017-09-27,21:00:00,15.19,15.295,15.04,15.04,13938,0
2017-09-27,22:00:00,15.08,15.11,14.83,14.9,20141,0
2017-09-28,16:00:00,15.07,15.15,14.3998,14.8632,4009,0
2017-09-28,17:00:00,14.83,14.95,14.7,14.91,6600,0
2017-09-28,18:00:00,14.82,14.875,14.4504,14.485,9740,0
2017-09-28,19:00:00,14.62,14.83,14.43,14.755,7330,0
2017-09-28,20:00:00,14.75,14.89,14.55,14.78,3900,0
2017-09-28,21:00:00,14.8,14.92,14.55,14.55,6100,0
2017-09-28,22:00:00,14.55,14.75,14.51,14.63,14071,0
2017-09-29,16:00:00,14.78,14.84,14.635,14.7,5540,0
2017-09-29,17:00:00,14.68,14.69,14.43,14.51,5100,0
2017-09-29,18:00:00,14.5,14.63,14.3,14.49,11393,0
2017-09-29,19:00:00,14.54,14.64,14.54,14.615,2153,0
2017-09-29,20:00:00,14.64,14.94,14.53,14.68,20656,0
2017-09-29,21:00:00,14.66,14.71,14.495,14.54,5595,0
2017-09-29,22:00:00,14.62,14.67,14.53,14.6,38222,0
2017-10-02,16:00:00,14.72,15.07,14.59,14.8,4223,0
2017-10-02,17:00:00,14.97,15.42,14.8201,15.105,17140,0
2017-10-02,18:00:00,15.12,15.48,15.09,15.325,9430,0
2017-10-02,19:00:00,15.355,15.4,15.085,15.1,7319,0
2017-10-02,20:00:00,15.14,15.23,15.14,15.23,6136,0
2017-10-02,21:00:00,15.18,15.28,15.13,15.2,5251,0
2017-10-02,22:00:00,15.21,15.31,15.01,15.31,45602,0
2017-10-03,16:00:00,15.46,15.46,15.1,15.22,3511,0
2017-10-03,17:00:00,15.12,15.12,14.5,14.82,21274,0
2017-10-03,18:00:00,14.88,15.08,14.83,14.93,5000,0
2017-10-03,19:00:00,14.99,15.095,14.62,14.82,10767,0
2017-10-03,20:00:00,14.94,14.94,14.66,14.8,6891,0
2017-10-03,21:00:00,14.7,14.82,14.61,14.78,3665,0
2017-10-03,22:00:00,14.79,14.79,14.55,14.77,24201,0
2017-10-04,16:00:00,14.83,14.83,14.5,14.65,2566,0
2017-10-04,17:00:00,14.8,14.94,14.51,14.91,10431,0
2017-10-04,18:00:00,14.91,14.96,14.64,14.7614,9012,0
2017-10-04,19:00:00,14.73,14.8,14.46,14.51,7843,0
2017-10-04,20:00:00,14.5,14.52,14.46,14.46,3489,0
2017-10-04,21:00:00,14.41,14.4698,14.31,14.4698,3114,0
2017-10-04,22:00:00,14.4525,14.47,14.27,14.35,20804,0
2017-10-05,16:00:00,14.33,14.4012,14.215,14.295,7266,0
2017-10-05,17:00:00,14.34,14.34,13.9474,13.97,19614,0
2017-10-05,18:00:00,13.97,14.09,13.84,13.87,14538,0
2017-10-05,19:00:00,13.92,13.96,13.77,13.9,12836,0
2017-10-05,20:00:00,13.96,13.99,13.81,13.885,23316,0
2017-10-05,21:00:00,13.88,14.04,13.83,13.9999,19948,0
2017-10-05,22:00:00,13.99,14.15,13.92,14.09,40909,0
2017-10-06,16:00:00,14.1,14.3508,14.02,14.25,7372,0
2017-10-06,17:00:00,14.2,14.34,14.12,14.15,3200,0
2017-10-06,18:00:00,14.24,14.26,14.21,14.25,6212,0
2017-10-06,19:00:00,14.2316,14.49,14.22,14.43,5940,0
2017-10-06,20:00:00,14.44,14.5,14.36,14.39,2300,0
2017-10-06,21:00:00,14.44,14.46,14.39,14.4,5024,0
2017-10-06,22:00:00,14.44,14.49,14.41,14.44,15886,0
2017-10-09,16:00:00,14.5,14.5,14.33,14.34,1893,0
2017-10-09,17:00:00,14.4,14.41,14.23,14.25,2200,0
2017-10-09,18:00:00,14.15,14.4,14.06,14.35,2900,0
2017-10-09,19:00:00,14.3,14.395,14.28,14.34,2334,0
2017-10-09,20:00:00,14.3525,14.3525,14.15,14.31,2200,0
2017-10-09,21:00:00,14.22,14.37,14.09,14.37,7794,0
2017-10-09,22:00:00,14.24,14.28,14.05,14.06,19038,0
2017-10-10,16:00:00,14.2,14.2,14.05,14.14,503,0
2017-10-10,17:00:00,14.055,14.12,14.02,14.085,5550,0
2017-10-10,18:00:00,14.08,14.13,13.795,13.88,8398,0
2017-10-10,19:00:00,13.88,13.9,13.8,13.9,2537,0
2017-10-10,20:00:00,13.86,14.07,13.82,13.89,8400,0
2017-10-10,21:00:00,13.89,13.98,13.851,13.9,5001,0
2017-10-10,22:00:00,13.94,14.195,13.901,14.05,22500,0
2017-10-11,16:00:00,14.17,14.21,14.17,14.21,831,0
2017-10-11,17:00:00,14.29,14.3085,14.24,14.25,1374,0
2017-10-11,18:00:00,14.25,14.42,14.23,14.42,2300,0
2017-10-11,19:00:00,14.43,14.55,14.41,14.42,4775,0
2017-10-11,20:00:00,14.44,14.46,14.18,14.29,5529,0
2017-10-11,21:00:00,14.32,14.6,14.32,14.5897,4370,0
2017-10-11,22:00:00,14.5625,14.66,14.35,14.46,12403,0
2017-10-12,16:00:00,14.6173,14.63,14.6,14.6,600,0
2017-10-12,17:00:00,14.43,14.61,14.37,14.39,3600,0
2017-10-12,18:00:00,14.41,14.55,14.32,14.54,5751,0
2017-10-12,19:00:00,14.53,14.58,14.475,14.48,4650,0
2017-10-12,20:00:00,14.5,14.66,14.41,14.57,13066,0
2017-10-12,21:00:00,14.6,14.68,14.57,14.675,7130,0
2017-10-12,22:00:00,14.63,14.74,14.42,14.63,25806,0
2017-10-13,16:00:00,14.75,14.835,14.75,14.805,1933,0
2017-10-13,17:00:00,14.815,14.85,14.77,14.84,4131,0
2017-10-13,18:00:00,14.84,14.86,14.79,14.84,4290,0
2017-10-13,19:00:00,14.85,14.9,14.85,14.88,8747,0
2017-10-13,20:00:00,14.91,15.415,14.91,15.24,24039,0
2017-10-13,21:00:00,15.2425,15.97,15.2082,15.665,37265,0
2017-10-13,22:00:00,15.7,15.87,15.55,15.82,26977,0
2017-10-16,16:00:00,15.87,16.44,15.87,16.42,11492,0
2017-10-16,17:00:00,16.44,16.7,16.31,16.55,32950,0
2017-10-16,18:00:00,16.52,16.5975,16.32,16.43,33739,0
2017-10-16,19:00:00,16.46,16.5899,16.27,16.5099,36124,0
2017-10-16,20:00:00,16.5,16.6,16.4,16.47,17111,0
2017-10-16,21:00:00,16.49,16.6025,16.41,16.46,14405,0
2017-10-16,22:00:00,16.5,16.52,16.23,16.38,59642,0
2017-10-17,16:00:00,16.48,17.06,16.48,16.8,6286,0
2017-10-17,17:00:00,16.94,17.9,16.94,17.75,51371,0
2017-10-17,18:00:00,17.7794,17.79,17.21,17.21,22711,0
2017-10-17,19:00:00,17.17,17.225,16.75,16.79,29166,0
2017-10-17,20:00:00,16.78,16.78,16.13,16.3,55291,0
2017-10-17,21:00:00,16.2,16.58,16.2,16.505,33225,0
2017-10-17,22:00:00,16.47,16.5,16.1,16.16,31528,0
2017-10-18,16:00:00,16.06,16.16,15.78,15.8385,12639,0
2017-10-18,17:00:00,15.7825,16.205,15.6,16.16,18604,0
2017-10-18,18:00:00,16.13,16.18,15.75,15.95,17887,0
2017-10-18,19:00:00,15.99,16.115,15.88,15.99,5950,0
2017-10-18,20:00:00,15.99,16.09,15.96,16.085,1100,0
2017-10-18,21:00:00,16.0112,16.1,15.8,16.035,5410,0
2017-10-18,22:00:00,16,16.05,15.95,16.01,10124,0
2017-10-19,17:00:00,15.9,15.91,15.72,15.91,800,0
2017-10-19,18:00:00,15.77,15.77,15.28,15.28,13002,0
2017-10-19,19:00:00,15.28,15.39,15.23,15.23,3934,0
2017-10-19,20:00:00,15.26,15.39,15.2,15.31,2990,0
2017-10-19,21:00:00,15.2723,15.42,15.26,15.26,6164,0
2017-10-19,22:00:00,15.31,15.51,15.25,15.36,19541,0
2017-10-20,16:00:00,15.54,15.55,14.7,14.99,10391,0
2017-10-20,17:00:00,14.85,15.38,14.8,15.26,41701,0
2017-10-20,18:00:00,15.25,15.43,15.15,15.18,7087,0
2017-10-20,19:00:00,15.13,15.45,15.13,15.33,16341,0
2017-10-20,20:00:00,15.25,15.5,15.21,15.27,26260,0
2017-10-20,21:00:00,15.4,15.49,15.1,15.16,3940,0
2017-10-20,22:00:00,15.125,15.3378,15.104,15.24,18953,0
2017-10-23,16:00:00,15.2,15.64,15.08,15.64,300,0
2017-10-23,17:00:00,15,15.19,14.93,15.03,26534,0
2017-10-23,18:00:00,15.04,15.14,14.97,15.08,8625,0
2017-10-23,19:00:00,15.1088,15.1202,14.98,15.0795,13016,0
2017-10-23,20:00:00,15.06,15.06,14.99,15.01,27659,0
2017-10-23,21:00:00,15.02,15.02,14.78,14.78,25062,0
2017-10-23,22:00:00,14.7798,14.95,14.75,14.8,11620,0
2017-10-24,16:00:00,14.91,15,14.715,14.7475,2100,0
2017-10-24,17:00:00,14.58,14.7601,14.41,14.6205,20889,0
2017-10-24,18:00:00,14.6,14.8,14.43,14.55,17456,0
2017-10-24,19:00:00,14.5,14.569,14.01,14.03,23273,0
2017-10-24,20:00:00,14.03,14.21,14.02,14.07,7751,0
2017-10-24,21:00:00,14.06,14.13,13.79,14.02,171458,0
2017-10-24,22:00:00,14.02,14.079,13.52,13.69,55915,0
2017-10-25,16:00:00,13.85,13.94,13.7,13.94,28607,0
2017-10-25,17:00:00,13.99,14.16,13.71,13.8648,11881,0
2017-10-25,18:00:00,13.85,13.8868,13.72,13.86,13928,0
2017-10-25,19:00:00,13.73,13.93,13.7,13.88,43595,0
2017-10-25,20:00:00,13.885,13.905,13.68,13.775,11216,0
2017-10-25,21:00:00,13.79,13.79,13.391,13.49,9407,0
2017-10-25,22:00:00,13.43,13.86,13.43,13.75,63233,0
2017-10-26,16:00:00,13.71,14.16,13.51,13.6,12607,0
2017-10-26,17:00:00,13.63,13.99,13.51,13.55,45899,0
2017-10-26,18:00:00,13.54,13.57,13.25,13.57,26227,0
2017-10-26,19:00:00,13.55,13.55,13.35,13.42,5500,0
2017-10-26,20:00:00,13.38,13.38,13.03,13.175,13889,0
2017-10-26,21:00:00,13.16,13.36,13.05,13.11,25334,0
2017-10-26,22:00:00,13.09,13.47,12.9004,13.45,35976,0
2017-10-27,16:00:00,13.44,13.61,13.405,13.5,5400,0
2017-10-27,17:00:00,13.53,13.58,13.335,13.47,22417,0
2017-10-27,18:00:00,13.47,13.65,13.4,13.48,18294,0
2017-10-27,19:00:00,13.53,13.58,13.45,13.49,6200,0
2017-10-27,20:00:00,13.5,13.505,13.23,13.365,35163,0
2017-10-27,21:00:00,13.37,13.37,13.115,13.19,6698,0
2017-10-27,22:00:00,13.19,13.3,12.95,13.21,51547,0
2017-10-30,15:00:00,14.449,14.449,13.25,13.47,7740,0
2017-10-30,16:00:00,13.4,13.69,13.36,13.38,8628,0
2017-10-30,17:00:00,13.48,13.59,13.23,13.2575,12350,0
2017-10-30,18:00:00,13.28,13.66,13.24,13.5503,26600,0
2017-10-30,19:00:00,13.6,13.63,13.25,13.26,25440,0
2017-10-30,20:00:00,13.29,13.44,13.25,13.28,10061,0
2017-10-30,21:00:00,13.33,13.6,13.33,13.55,37465,0
2017-10-31,15:00:00,13.67,13.75,13.42,13.42,5410,0
2017-10-31,16:00:00,13.47,13.62,13.27,13.27,37267,0
2017-10-31,17:00:00,13.39,13.39,13.15,13.285,22734,0
2017-10-31,18:00:00,13.25,13.46,13.2,13.45,24884,0
2017-10-31,19:00:00,13.43,13.44,13.31,13.42,19000,0
2017-10-31,20:00:00,13.41,13.64,13.18,13.27,43063,0
2017-10-31,21:00:00,13.28,13.29,13.11,13.14,57465,0
2017-11-01,15:00:00,13.31,13.38,13.09,13.22,11177,0
2017-11-01,16:00:00,13.14,13.14,12.82,12.825,10313,0
2017-11-01,17:00:00,12.86,12.89,12.36,12.53,43438,0
2017-11-01,18:00:00,12.61,12.66,12.41,12.42,8575,0
2017-11-01,19:00:00,12.4,12.4,12.26,12.3808,8135,0
2017-11-01,20:00:00,12.35,12.4125,12.2601,12.36,20802,0
2017-11-01,21:00:00,12.36,12.45,12.32,12.41,13897,0
2017-11-02,15:00:00,12.35,12.35,12.1,12.251,1663,0
2017-11-02,16:00:00,12.27,12.62,12.23,12.47,10630,0
2017-11-02,17:00:00,12.46,12.53,12.3798,12.49,11321,0
2017-11-02,18:00:00,12.48,12.67,12.35,12.35,11891,0
2017-11-02,19:00:00,12.32,12.56,12.31,12.42,14730,0
2017-11-02,20:00:00,12.38,12.41,12.25,12.34,5799,0
2017-11-02,21:00:00,12.36,12.43,12.32,12.4,12127,0
2017-11-03,15:00:00,12.5,12.5,12.03,12.14,5185,0
2017-11-03,16:00:00,12.16,12.38,12.11,12.26,4542,0
2017-11-03,17:00:00,12.2175,12.33,12.12,12.12,10883,0
2017-11-03,18:00:00,12.19,12.38,12.19,12.33,5300,0
2017-11-03,19:00:00,12.33,12.36,12.17,12.22,11486,0
2017-11-03,20:00:00,12.22,12.47,12.22,12.38,16782,0
2017-11-03,21:00:00,12.43,12.43,12.21,12.31,21709,0
2017-11-06,16:00:00,12.2,12.21,11.2,12.14,20376,0
2017-11-06,17:00:00,12.13,12.29,12.06,12.14,15223,0
2017-11-06,18:00:00,12.165,12.18,12.05,12.085,10030,0
2017-11-06,19:00:00,12.1,12.2,12.06,12.16,5300,0
2017-11-06,20:00:00,12.12,12.23,12.12,12.2,10397,0
2017-11-06,21:00:00,12.18,12.37,12.17,12.36,11085,0
2017-11-06,22:00:00,12.36,12.62,12.36,12.45,14850,0
2017-11-07,16:00:00,12.58,12.58,12.33,12.46,3508,0
2017-11-07,17:00:00,12.37,12.38,12.15,12.28,11126,0
2017-11-07,18:00:00,12.28,12.38,12.1,12.1,13314,0
2017-11-07,19:00:00,12.06,12.27,12.06,12.21,4900,0
2017-11-07,20:00:00,12.19,12.23,12.15,12.2,2600,0
2017-11-07,21:00:00,12.2,12.3,12.08,12.3,5556,0
2017-11-07,22:00:00,12.37,12.37,12.11,12.2,28272,0
2017-11-08,16:00:00,12.25,12.46,12.05,12.38,23819,0
2017-11-08,17:00:00,12.39,12.68,12.39,12.59,35853,0
2017-11-08,18:00:00,12.565,13,12.54,12.88,21346,0
2017-11-08,19:00:00,12.905,12.91,12.685,12.91,16485,0
2017-11-08,20:00:00,12.89,12.96,12.7,12.9,22254,0
2017-11-08,21:00:00,12.9,13.08,12.87,13,20084,0
2017-11-08,22:00:00,13.03,13.57,13,13.56,76084,0
2017-11-09,16:00:00,13.3,13.37,12.92,13.0371,6824,0
2017-11-09,17:00:00,13,13.2,12.94,13.02,12900,0
2017-11-09,18:00:00,13.09,13.11,12.79,12.8,10600,0
2017-11-09,19:00:00,12.76,12.82,12.51,12.82,33352,0
2017-11-09,20:00:00,12.75,12.88,12.64,12.785,7495,0
2017-11-09,21:00:00,12.74,12.83,12.59,12.68,16941,0
2017-11-09,22:00:00,12.65,12.76,12.6,12.68,19844,0
2017-11-10,16:00:00,13.85,13.89,13.26,13.3,20784,0
2017-11-10,17:00:00,13.525,13.77,13.46,13.58,11635,0
2017-11-10,18:00:00,13.69,14.4489,13.66,14.17,26361,0
2017-11-10,19:00:00,14.305,14.43,14.02,14.15,13430,0
2017-11-10,20:00:00,14.05,14.19,13.84,13.99,13627,0
2017-11-10,21:00:00,14.02,14.14,13.95,14.09,10250,0
2017-11-10,22:00:00,14.1,14.16,14,14.13,33662,0
2017-11-13,16:00:00,14.09,14.09,13.03,14.02,9171,0
2017-11-13,17:00:00,14.02,14.02,13.58,13.61,12216,0
2017-11-13,18:00:00,13.67,13.7,13.45,13.56,14300,0
2017-11-13,19:00:00,13.64,13.695,13.5,13.61,5700,0
2017-11-13,20:00:00,13.58,13.94,13.48,13.79,21331,0
2017-11-13,21:00:00,13.79,13.86,13.695,13.695,4800,0
2017-11-13,22:00:00,13.7,14.12,13.685,14.12,26267,0
2017-11-14,16:00:00,14.11,14.11,13.82,13.94,5289,0
2017-11-14,17:00:00,13.83,14.05,13.82,14,5860,0
2017-11-14,18:00:00,13.99,14.04,13.71,13.72,6000,0
2017-11-14,19:00:00,13.63,13.71,13.52,13.71,3499,0
2017-11-14,20:00:00,13.615,14.16,13.615,13.975,11800,0
2017-11-14,21:00:00,13.98,14.09,13.88,13.97,10857,0
2017-11-14,22:00:00,13.98,14.18,13.98,14.01,18317,0
2017-11-15,16:00:00,13.94,14.1,13.69,14.0766,2265,0
2017-11-15,17:00:00,14.24,14.27,14.08,14.22,6284,0
2017-11-15,18:00:00,14.155,14.4,14.155,14.21,9454,0
2017-11-15,19:00:00,14.13,14.215,14.06,14.06,3800,0
2017-11-15,20:00:00,14.05,14.15,13.9,14.11,9410,0
2017-11-15,21:00:00,14.0914,14.18,13.99,14.13,7900,0
2017-11-15,22:00:00,14.16,14.16,13.91,13.95,22844,0
2017-11-16,16:00:00,13.95,14,13.8,14,900,0
2017-11-16,17:00:00,14.16,14.5,14.16,14.42,2972,0
2017-11-16,18:00:00,14.46,14.59,14.41,14.49,5974,0
2017-11-16,19:00:00,14.455,14.58,14.38,14.42,6089,0
2017-11-16,20:00:00,14.45,14.46,14.31,14.36,11057,0
2017-11-16,21:00:00,14.35,14.58,14.35,14.5148,3811,0
2017-11-16,22:00:00,14.51,14.6,14.4,14.44,22502,0
2017-11-17,16:00:00,14.39,14.95,14.35,14.41,7290,0
2017-11-17,17:00:00,14.41,14.55,14.35,14.35,19787,0
2017-11-17,18:00:00,14.3498,14.42,14.3498,14.41,5852,0
2017-11-17,19:00:00,14.41,14.4275,14.38,14.425,7887,0
2017-11-17,20:00:00,14.425,14.44,14.4,14.4,4094,0
2017-11-17,21:00:00,14.42,14.42,14.345,14.39,4901,0
2017-11-17,22:00:00,14.41,14.45,14.24,14.27,23127,0
2017-11-20,16:00:00,14.33,14.33,14.24,14.25,1397,0
2017-11-20,17:00:00,14.24,14.274,14.17,14.19,10080,0
2017-11-20,18:00:00,14.21,14.26,14.04,14.04,8605,0
2017-11-20,19:00:00,14.08,14.0901,13.85,13.91,4069,0
2017-11-20,20:00:00,13.95,14.03,13.91,14.025,4511,0
2017-11-20,21:00:00,14.04,14.17,14.03,14.1,13264,0
2017-11-20,22:00:00,14.1,14.18,14.02,14.04,22426,0
2017-11-21,16:00:00,14.18,14.63,14.15,14.26,3367,0
2017-11-21,17:00:00,14.28,14.45,14.1,14.2,12779,0
2017-11-21,18:00:00,14.24,14.35,14.15,14.21,9675,0
2017-11-21,19:00:00,14.28,14.32,14.17,14.26,4514,0
2017-11-21,20:00:00,14.24,14.24,13.8,14.12,13100,0
2017-11-21,21:00:00,14.135,14.19,14.1,14.15,4954,0
2017-11-21,22:00:00,14.15,14.155,14.03,14.12,39899,0
2017-11-22,16:00:00,14.13,14.44,14.13,14.345,7326,0
2017-11-22,17:00:00,14.33,14.86,14.33,14.81,14947,0
2017-11-22,18:00:00,14.8,14.94,14.69,14.865,10638,0
2017-11-22,19:00:00,14.84,14.87,14.71,14.71,5263,0
2017-11-22,20:00:00,14.7,14.79,14.69,14.74,6101,0
2017-11-22,21:00:00,14.76,14.785,14.52,14.52,12386,0
2017-11-22,22:00:00,14.49,14.63,14.4,14.5,45527,0
2017-11-24,16:00:00,14.41,14.55,14.3,14.33,8690,0
2017-11-24,17:00:00,14.31,14.41,14.16,14.29,16286,0
2017-11-24,18:00:00,14.31,14.33,14.21,14.22,14843,0
2017-11-24,19:00:00,14.24,14.26,14.04,14.05,13333,0
2017-11-24,20:00:00,14.09,14.09,14.09,14.09,2847,0
2017-11-27,16:00:00,14.12,14.12,14.12,14.12,200,0
2017-11-27,17:00:00,14.17,14.21,13.861,13.91,13230,0
2017-11-27,18:00:00,13.92,14.05,13.92,13.98,8643,0
2017-11-27,19:00:00,13.98,14.14,13.95,14.14,8899,0
2017-11-27,20:00:00,14.14,14.39,14.09,14.15,9594,0
2017-11-27,21:00:00,14.075,14.22,14,14.22,5530,0
2017-11-27,22:00:00,14.22,14.26,14.05,14.09,32438,0
2017-11-28,16:00:00,14.05,14.09,13.79,13.79,2415,0
2017-11-28,17:00:00,13.82,14.13,13.77,14.11,14891,0
2017-11-28,18:00:00,14.12,14.24,14.08,14.09,8288,0
2017-11-28,19:00:00,14.15,14.16,13.93,13.94,3800,0
2017-11-28,20:00:00,13.865,14.09,13.85,14.08,6506,0
2017-11-28,21:00:00,14.01,14.08,13.9,14.03,10950,0
2017-11-28,22:00:00,14.055,14.13,13.94,14.08,20344,0
2017-11-29,16:00:00,14.05,14.41,14.05,14.2,1404,0
2017-11-29,17:00:00,14.16,14.73,14.13,14.18,13682,0
2017-11-29,18:00:00,14.15,14.42,13.94,14.01,21430,0
2017-11-29,19:00:00,14,14.17,13.87,14.06,21300,0
2017-11-29,20:00:00,14.06,14.26,13.93,14.09,12036,0
2017-11-29,21:00:00,14.04,14.12,13.81,13.92,33561,0
2017-11-29,22:00:00,13.95,14.07,13.8,13.93,55280,0
2017-11-30,16:00:00,13.95,14.26,13.95,14.1101,2323,0
2017-11-30,17:00:00,14.12,14.39,14.04,14.325,13311,0
2017-11-30,18:00:00,14.3,14.71,14.2,14.27,18655,0
2017-11-30,19:00:00,14.26,14.5,14.23,14.44,4129,0
2017-11-30,20:00:00,14.51,14.53,14.37,14.4,19907,0
2017-11-30,21:00:00,14.4127,14.59,14.37,14.53,9336,0
2017-11-30,22:00:00,14.54,14.55,14.2,14.26,32694,0
2017-12-01,16:00:00,14.25,14.6,14.16,14.6,3217,0
2017-12-01,17:00:00,14.64,14.66,14.33,14.33,2812,0
2017-12-01,18:00:00,14.34,14.4,13.74,13.82,16876,0
2017-12-01,19:00:00,13.853,14.195,13.8,13.95,7792,0
2017-12-01,20:00:00,13.98,14.315,13.91,14.2,6649,0
2017-12-01,21:00:00,14.19,14.26,14.04,14.165,23732,0
2017-12-01,22:00:00,14.15,14.3,14.08,14.23,22254,0
2017-12-04,16:00:00,13.44,13.44,10.25,10.4401,240819,0
2017-12-04,17:00:00,10.48,10.55,8.81,9.98,340845,0
2017-12-04,18:00:00,9.89,10.71,8.45,9.16,578543,0
2017-12-04,19:00:00,9.15,9.25,8.6701,9.161,272767,0
2017-12-04,20:00:00,9.16,9.78,9.0101,9.255,380578,0
2017-12-04,21:00:00,9.26,9.28,8.9,9.01,203282,0
2017-12-04,22:00:00,8.9773,9.25,8.811,8.92,265172,0
2017-12-05,16:00:00,9,9.19,8.7,8.73,138759,0
2017-12-05,17:00:00,8.71,8.86,8.3,8.3,187153,0
2017-12-05,18:00:00,8.3,8.55,8.2701,8.275,103366,0
2017-12-05,19:00:00,8.275,8.3245,7.86,8,180890,0
2017-12-05,20:00:00,8.01,8.1999,8,8.04,99225,0
2017-12-05,21:00:00,8.06,8.1,7.95,8.07,94564,0
2017-12-05,22:00:00,8.075,8.16,7.9,7.97,205920,0
2017-12-06,16:00:00,8,8.14,7.89,7.89,21351,0
2017-12-06,17:00:00,7.87,7.95,7.55,7.57,108053,0
2017-12-06,18:00:00,7.6,7.61,7.5,7.505,68109,0
2017-12-06,19:00:00,7.505,7.51,7.31,7.4092,74902,0
2017-12-06,20:00:00,7.4,7.45,7.38,7.42,34386,0
2017-12-06,21:00:00,7.42,7.46,7.4,7.4101,56168,0
2017-12-06,22:00:00,7.41,7.5,7.32,7.45,87805,0
2017-12-07,16:00:00,7.47,7.47,7.15,7.36,56935,0
2017-12-07,17:00:00,7.34,7.44,7.34,7.35,69868,0
2017-12-07,18:00:00,7.3647,7.41,7.31,7.35,56445,0
2017-12-07,19:00:00,7.37,7.44,7.32,7.39,40707,0
2017-12-07,20:00:00,7.37,7.41,7.35,7.3792,23820,0
2017-12-07,21:00:00,7.36,7.54,7.36,7.54,42189,0
2017-12-07,22:00:00,7.52,7.75,7.5,7.67,103066,0
2017-12-08,16:00:00,7.79,7.89,7.51,7.7,47877,0
2017-12-08,17:00:00,7.7,7.755,7.565,7.74,37529,0
2017-12-08,18:00:00,7.74,7.74,7.64,7.7046,15216,0
2017-12-08,19:00:00,7.68,7.755,7.66,7.6957,13919,0
2017-12-08,20:00:00,7.71,7.72,7.58,7.58,12352,0
2017-12-08,21:00:00,7.58,7.63,7.52,7.59,19553,0
2017-12-08,22:00:00,7.57,7.58,7.48,7.51,79449,0
2017-12-11,16:00:00,7.57,7.86,7.562,7.75,41446,0
2017-12-11,17:00:00,7.7356,7.75,7.45,7.54,41778,0
2017-12-11,18:00:00,7.57,7.67,7.5,7.6,17260,0
2017-12-11,19:00:00,7.6,7.67,7.51,7.605,18756,0
2017-12-11,20:00:00,7.62,7.62,7.43,7.49,59159,0
2017-12-11,21:00:00,7.49,7.5599,7.47,7.545,37904,0
2017-12-11,22:00:00,7.54,7.75,7.54,7.7,62939,0
2017-12-12,16:00:00,7.83,7.8399,7.77,7.81,42324,0
2017-12-12,17:00:00,7.81,7.83,7.76,7.78,29271,0
2017-12-12,18:00:00,7.78,8,7.77,7.87,73046,0
2017-12-12,19:00:00,7.87,7.98,7.81,7.81,26931,0
2017-12-12,20:00:00,7.8,7.89,7.7192,7.84,33891,0
2017-12-12,21:00:00,7.83,7.96,7.825,7.95,42686,0
2017-12-12,22:00:00,7.95,8.06,7.93,8,67477,0
2017-12-13,16:00:00,7.84,8.24,7.84,8.21,82167,0
2017-12-13,17:00:00,8.2,8.21,7.91,8.005,39091,0
2017-12-13,18:00:00,8.04,8.09,7.975,8.0589,18625,0
2017-12-13,19:00:00,8.05,8.09,8,8.09,13231,0
2017-12-13,20:00:00,8.09,8.09,7.92,8.03,34349,0
2017-12-13,21:00:00,8.03,8.18,8.02,8.15,25551,0
2017-12-13,22:00:00,8.1431,8.1431,7.94,8.06,91850,0
2017-12-14,16:00:00,8.12,8.19,8.06,8.1,7109,0
2017-12-14,17:00:00,8.15,8.1556,8,8.07,48166,0
2017-12-14,18:00:00,8.06,8.23,8.04,8.11,70410,0
2017-12-14,19:00:00,8.11,8.1299,8.03,8.05,59869,0
2017-12-14,20:00:00,8.04,8.05,7.76,7.7954,67337,0
2017-12-14,21:00:00,7.76,7.98,7.76,7.86,31444,0
2017-12-14,22:00:00,7.88,8.0123,7.86,7.95,68975,0
2017-12-15,16:00:00,7.95,8.13,7.8787,8.02,28053,0
2017-12-15,17:00:00,8.02,8.06,7.99,8.06,22300,0
2017-12-15,18:00:00,8.06,8.13,8.04,8.07,18304,0
2017-12-15,19:00:00,8.09,8.09,8.01,8.0408,8582,0
2017-12-15,20:00:00,8.0493,8.155,8.045,8.09,13419,0
2017-12-15,21:00:00,8.11,8.17,8.06,8.1564,35946,0
2017-12-15,22:00:00,8.13,8.35,8.13,8.2,112663,0
2017-12-18,16:00:00,8.32,8.565,8.2,8.21,31856,0
2017-12-18,17:00:00,8.21,8.3,8.02,8.22,26183,0
2017-12-18,18:00:00,8.24,8.24,8.02,8.09,88173,0
2017-12-18,19:00:00,8.09,8.23,8.06,8.1,24263,0
2017-12-18,20:00:00,8.11,8.22,8.11,8.22,19000,0
2017-12-18,21:00:00,8.21,8.24,8.17,8.17,24522,0
2017-12-18,22:00:00,8.17,8.17,7.89,7.97,102358,0
2017-12-19,16:00:00,8.11,8.12,7.84,8,17684,0
2017-12-19,17:00:00,7.96,8.21,7.94,8.09,55729,0
2017-12-19,18:00:00,8.09,8.165,8.03,8.04,18934,0
2017-12-19,19:00:00,8.04,8.05,7.87,7.97,24123,0
2017-12-19,20:00:00,7.97,8.07,7.95,8,25742,0
2017-12-19,21:00:00,7.98,8.06,7.97,8.01,14170,0
2017-12-19,22:00:00,7.98,8.1,7.95,8.06,47418,0
2017-12-20,16:00:00,8,8.0101,7.9277,7.94,19813,0
2017-12-20,17:00:00,7.97,8.1,7.97,8,9976,0
2017-12-20,18:00:00,7.99,8.03,7.93,7.98,5200,0
2017-12-20,19:00:00,7.98,7.989,7.85,7.92,18380,0
2017-12-20,20:00:00,7.941,7.99,7.91,7.99,7358,0
2017-12-20,21:00:00,7.96,7.98,7.86,7.91,7404,0
2017-12-20,22:00:00,7.92,7.97,7.84,7.87,30123,0
2017-12-21,16:00:00,7.88,7.95,7.88,7.9228,4492,0
2017-12-21,17:00:00,7.94,8.105,7.94,8.08,27015,0
2017-12-21,18:00:00,8.075,8.2,8.04,8.18,29993,0
2017-12-21,19:00:00,8.18,8.24,8.15,8.19,25405,0
2017-12-21,20:00:00,8.18,8.21,8.13,8.15,8056,0
2017-12-21,21:00:00,8.17,8.17,8.05,8.15,6426,0
2017-12-21,22:00:00,8.14,8.16,8.04,8.09,40214,0
2017-12-22,16:00:00,8.12,8.22,8.07,8.15,5558,0
2017-12-22,17:00:00,8.17,8.44,8.17,8.41,26424,0
2017-12-22,18:00:00,8.4238,8.45,8.02,8.02,32045,0
2017-12-22,19:00:00,8,8.15,8,8.1495,9684,0
2017-12-22,20:00:00,8.157,8.31,8.157,8.26,12374,0
2017-12-22,21:00:00,8.27,8.31,8.22,8.29,6305,0
2017-12-22,22:00:00,8.29,8.33,8.23,8.28,30962,0
2017-12-26,16:00:00,8.31,8.5499,8.31,8.49,18080,0
2017-12-26,17:00:00,8.5,8.69,8.37,8.46,27534,0
2017-12-26,18:00:00,8.49,8.64,8.49,8.58,18290,0
2017-12-26,19:00:00,8.57,8.7986,8.54,8.69,27660,0
2017-12-26,20:00:00,8.665,8.7,8.61,8.67,24450,0
2017-12-26,21:00:00,8.66,8.7,8.58,8.6,16272,0
2017-12-26,22:00:00,8.62,8.7,8.61,8.69,31487,0
2017-12-27,16:00:00,8.68,8.73,8.5501,8.67,8209,0
2017-12-27,17:00:00,8.66,8.68,8.55,8.55,29292,0
2017-12-27,18:00:00,8.56,8.58,8.47,8.58,18250,0
2017-12-27,19:00:00,8.58,8.585,8.53,8.54,15400,0
2017-12-27,20:00:00,8.54,8.55,8.51,8.52,14080,0
2017-12-27,21:00:00,8.53,8.55,8.47,8.49,10996,0
2017-12-27,22:00:00,8.48,8.53,8.47,8.5,49979,0
2017-12-28,16:00:00,8.5,8.66,8.5,8.58,6552,0
2017-12-28,17:00:00,8.59,8.59,8.3811,8.41,8912,0
2017-12-28,18:00:00,8.41,8.505,8.34,8.475,11637,0
2017-12-28,19:00:00,8.4899,8.55,8.47,8.5,8422,0
2017-12-28,20:00:00,8.53,8.58,8.53,8.53,3133,0
2017-12-28,21:00:00,8.54,8.54,8.43,8.51,7542,0
2017-12-28,22:00:00,8.48,8.55,8.44,8.47,26859,0
2017-12-29,16:00:00,8.45,8.54,8.4178,8.54,5470,0
2017-12-29,17:00:00,8.55,8.65,8.48,8.5,8356,0
2017-12-29,18:00:00,8.52,8.73,8.51,8.71,14685,0
2017-12-29,19:00:00,8.69,8.81,8.65,8.65,11801,0
2017-12-29,20:00:00,8.65,8.68,8.525,8.525,12277,0
2017-12-29,21:00:00,8.51,8.525,8.435,8.48,11169,0
2017-12-29,22:00:00,8.46,8.52,8.42,8.5,34149,0
2018-01-02,16:00:00,8.58,8.58,8.41,8.47,3759,0
2018-01-02,17:00:00,8.53,8.8,8.48,8.76,14997,0
2018-01-02,18:00:00,8.8,8.82,8.6401,8.82,21408,0
2018-01-02,19:00:00,8.82,8.82,8.61,8.69,20648,0
2018-01-02,20:00:00,8.715,8.82,8.59,8.82,16410,0
2018-01-02,21:00:00,8.81,8.82,8.73,8.76,7750,0
2018-01-02,22:00:00,8.79,8.85,8.69,8.83,37275,0
2018-01-03,16:00:00,8.84,8.885,8.68,8.82,6413,0
2018-01-03,17:00:00,8.86,9.22,8.78,9,30353,0
2018-01-03,18:00:00,9.02,9.1821,8.98,9.08,29639,0
2018-01-03,19:00:00,9.08,9.25,8.93,9.13,33292,0
2018-01-03,20:00:00,9.101,9.47,9.101,9.2296,43531,0
2018-01-03,21:00:00,9.23,9.34,9.14,9.22,22527,0
2018-01-03,22:00:00,9.23,9.31,9.1,9.19,25524,0
2018-01-04,16:00:00,9.25,9.4,8.94,9.06,8232,0
2018-01-04,17:00:00,9.0265,9.23,9.0265,9.14,8175,0
2018-01-04,18:00:00,9.12,9.12,8.99,9.03,17001,0
2018-01-04,19:00:00,9.02,9.14,9,9.1192,5912,0
2018-01-04,20:00:00,9.1539,9.35,9.11,9.31,27228,0
2018-01-04,21:00:00,9.2684,9.38,9.2,9.2,12560,0
2018-01-04,22:00:00,9.18,9.23,9.12,9.12,27990,0
2018-01-05,16:00:00,9.13,9.299,9.055,9.1,3581,0
2018-01-05,17:00:00,9.1609,9.17,8.93,9.03,18451,0
2018-01-05,18:00:00,9.02,9.05,8.945,8.98,4261,0
2018-01-05,19:00:00,9.03,9.03,8.85,8.903,13512,0
2018-01-05,20:00:00,8.93,8.97,8.815,8.95,11251,0
2018-01-05,21:00:00,8.95,8.98,8.89,8.98,5517,0
2018-01-05,22:00:00,8.94,8.98,8.88,8.95,18989,0
2018-01-08,16:00:00,8.92,8.9696,8.26,8.26,58450,0
2018-01-08,17:00:00,8.3,8.32,8.1,8.22,34064,0
2018-01-08,18:00:00,8.22,8.29,8.2,8.2,20187,0
2018-01-08,19:00:00,8.2,8.33,8.2,8.21,12689,0
2018-01-08,20:00:00,8.22,8.44,8.2,8.42,15655,0
2018-01-08,21:00:00,8.435,8.45,8.35,8.39,10299,0
2018-01-08,22:00:00,8.39,8.5,8.36,8.44,34873,0
2018-01-09,16:00:00,8.49,8.72,8.385,8.465,12173,0
2018-01-09,17:00:00,8.47,8.55,8.32,8.34,6100,0
2018-01-09,18:00:00,8.35,8.53,8.35,8.46,7796,0
2018-01-09,19:00:00,8.51,8.58,8.46,8.47,7204,0
2018-01-09,20:00:00,8.5,8.52,8.4,8.4,7178,0
2018-01-09,21:00:00,8.43,8.47,8.37,8.4,9734,0
2018-01-09,22:00:00,8.44,8.5,8.44,8.49,35317,0
2018-01-10,16:00:00,8.43,8.61,8.43,8.44,1798,0
2018-01-10,17:00:00,8.44,8.45,8.225,8.225,16749,0
2018-01-10,18:00:00,8.27,8.48,8.27,8.39,11121,0
2018-01-10,19:00:00,8.465,8.49,8.36,8.45,7083,0
2018-01-10,20:00:00,8.5,8.54,8.39,8.53,7490,0
2018-01-10,21:00:00,8.55,8.56,8.45,8.52,7710,0
2018-01-10,22:00:00,8.54,8.7,8.53,8.67,58500,0
2018-01-11,16:00:00,8.7,8.7,8.49,8.62,10889,0
2018-01-11,17:00:00,8.633,8.83,8.55,8.8,11215,0
2018-01-11,18:00:00,8.8478,8.85,8.77,8.85,12216,0
2018-01-11,19:00:00,8.85,8.85,8.665,8.81,54774,0
2018-01-11,20:00:00,8.81,8.84,8.7,8.78,6644,0
2018-01-11,21:00:00,8.78,8.78,8.58,8.61,13440,0
2018-01-11,22:00:00,8.62,8.74,8.53,8.61,42452,0
2018-01-12,16:00:00,8.59,8.67,8.59,8.67,862,0
2018-01-12,17:00:00,8.62,8.65,8.46,8.63,5688,0
2018-01-12,18:00:00,8.612,8.73,8.612,8.68,6762,0
2018-01-12,19:00:00,8.65,8.65,8.51,8.5886,8278,0
2018-01-12,20:00:00,8.6,8.6,8.48,8.5,8070,0
2018-01-12,21:00:00,8.5,8.53,8.475,8.5,2600,0
2018-01-12,22:00:00,8.49,8.54,8.45,8.49,18211,0
2018-01-16,16:00:00,8.51,8.6,8.46,8.6,3167,0
2018-01-16,17:00:00,8.57,8.57,8.44,8.44,4200,0
2018-01-16,18:00:00,8.39,8.4,8.29,8.29,3500,0
2018-01-16,19:00:00,8.31,8.34,7.99,8.01,17557,0
2018-01-16,20:00:00,8.03,8.15,8,8.14,29826,0
2018-01-16,21:00:00,8.12,8.13,8.08,8.125,10270,0
2018-01-16,22:00:00,8.12,8.23,8.09,8.11,22051,0
2018-01-17,16:00:00,8.2,8.389,8.155,8.175,9436,0
2018-01-17,17:00:00,8.21,8.22,8.12,8.2,2700,0
2018-01-17,18:00:00,8.17,8.17,7.98,8.03,37081,0
2018-01-17,19:00:00,8.06,8.0968,7.98,8.04,6491,0
2018-01-17,20:00:00,8.11,8.12,8,8.07,15002,0
2018-01-17,21:00:00,8.09,8.18,8.02,8.13,13208,0
2018-01-17,22:00:00,8.17,8.175,8.07,8.11,17990,0
2018-01-18,16:00:00,8.26,8.33,7.95,7.97,13147,0
2018-01-18,17:00:00,7.96,8.03,7.87,7.95,22637,0
2018-01-18,18:00:00,7.98,8.15,7.98,8.1,9720,0
2018-01-18,19:00:00,8.125,8.37,8.125,8.28,25009,0
2018-01-18,20:00:00,8.27,8.33,8.24,8.3226,11221,0
2018-01-18,21:00:00,8.33,8.33,8.24,8.28,10780,0
2018-01-18,22:00:00,8.31,8.34,8.17,8.18,30874,0
2018-01-19,16:00:00,8.14,8.35,8.14,8.22,4806,0
2018-01-19,17:00:00,8.1031,8.16,8.01,8.01,16540,0
2018-01-19,18:00:00,8.0428,8.15,8.04,8.05,9208,0
2018-01-19,19:00:00,8.05,8.095,7.94,7.94,26043,0
2018-01-19,20:00:00,8,8,7.99,8,5025,0
2018-01-19,21:00:00,8,8,7.92,8,10767,0
2018-01-19,22:00:00,8,8,7.97,8,31805,0
2018-01-22,16:00:00,8.08,8.2,8.06,8.08,5474,0
2018-01-22,17:00:00,8.15,8.27,8.09,8.1,23427,0
2018-01-22,18:00:00,8.115,8.25,8.11,8.24,16540,0
2018-01-22,19:00:00,8.24,8.36,8.19,8.23,14900,0
2018-01-22,20:00:00,8.2425,8.3202,8.17,8.23,23793,0
2018-01-22,21:00:00,8.22,8.32,8.18,8.25,32835,0
2018-01-22,22:00:00,8.28,8.28,8.12,8.16,40274,0
2018-01-23,16:00:00,7.98,8.245,7.98,8.05,16985,0
2018-01-23,17:00:00,8.05,8.37,8.05,8.3,21033,0
2018-01-23,18:00:00,8.2817,8.3,8.28,8.2846,22800,0
2018-01-23,19:00:00,8.3,8.3,8.25,8.29,16398,0
2018-01-23,20:00:00,8.29,8.3,8.26,8.27,27697,0
2018-01-23,21:00:00,8.28,8.3,8.22,8.265,21029,0
2018-01-23,22:00:00,8.26,8.36,8.26,8.28,26625,0
2018-01-24,16:00:00,8.33,8.33,8.23,8.23,3155,0
2018-01-24,17:00:00,8.23,8.29,8.03,8.05,32447,0
2018-01-24,18:00:00,8.05,8.109,8.01,8.05,26721,0
2018-01-24,19:00:00,8.07,8.095,8.03,8.095,14850,0
2018-01-24,20:00:00,8.08,8.1626,8.06,8.09,33000,0
2018-01-24,21:00:00,8.085,8.1,8.05,8.08,24798,0
2018-01-24,22:00:00,8.0877,8.09,7.92,7.96,113178,0
2018-01-25,16:00:00,7.96,8.04,7.92,7.966,6797,0
2018-01-25,17:00:00,7.94,7.97,7.795,7.87,17713,0
2018-01-25,18:00:00,7.86,7.86,7.59,7.71,21989,0
2018-01-25,19:00:00,7.69,7.79,7.511,7.64,17792,0
2018-01-25,20:00:00,7.64,7.78,7.63,7.77,4597,0
2018-01-25,21:00:00,7.765,7.79,7.6,7.67,13991,0
2018-01-25,22:00:00,7.63,7.81,7.56,7.8,44916,0
2018-01-26,16:00:00,7.85,7.85,7.5701,7.66,8995,0
2018-01-26,17:00:00,7.65,7.69,7.46,7.51,38846,0
2018-01-26,18:00:00,7.505,7.57,7.45,7.47,21354,0
2018-01-26,19:00:00,7.47,7.49,7.42,7.445,19252,0
2018-01-26,20:00:00,7.445,7.54,7.445,7.53,18287,0
2018-01-26,21:00:00,7.52,7.59,7.5,7.52,27670,0
2018-01-26,22:00:00,7.53,7.6,7.52,7.54,23857,0
2018-01-29,16:00:00,7.55,7.61,7.515,7.61,4141,0
2018-01-29,17:00:00,7.61,7.9,7.59,7.64,24787,0
2018-01-29,18:00:00,7.65,7.74,7.56,7.58,16103,0
2018-01-29,19:00:00,7.56,7.89,7.51,7.89,50848,0
2018-01-29,20:00:00,7.86,7.96,7.76,7.91,24310,0
2018-01-29,21:00:00,7.9,7.97,7.88,7.91,17600,0
2018-01-29,22:00:00,7.89,7.93,7.81,7.84,44938,0
2018-01-30,16:00:00,7.73,7.73,7.55,7.68,3895,0
2018-01-30,17:00:00,7.59,7.8,7.59,7.7668,3830,0
2018-01-30,18:00:00,7.77,7.85,7.75,7.83,4416,0
2018-01-30,19:00:00,7.78,7.79,7.7,7.79,4288,0
2018-01-30,20:00:00,7.74,7.74,7.62,7.6813,2800,0
2018-01-30,21:00:00,7.73,7.74,7.67,7.74,4000,0
2018-01-30,22:00:00,7.73,7.77,7.66,7.69,10410,0
2018-01-31,16:00:00,7.74,7.74,7.5,7.53,19335,0
2018-01-31,17:00:00,7.54,7.575,7.34,7.41,27585,0
2018-01-31,18:00:00,7.4,7.53,7.35,7.41,7350,0
2018-01-31,19:00:00,7.4467,7.48,7.4,7.42,6780,0
2018-01-31,20:00:00,7.41,7.5,7.38,7.42,8371,0
2018-01-31,21:00:00,7.445,7.47,7.35,7.36,10504,0
2018-01-31,22:00:00,7.36,7.44,7.33,7.36,45302,0
2018-02-01,16:00:00,7.33,7.42,7.2676,7.42,6135,0
2018-02-01,17:00:00,7.37,7.37,7.16,7.25,8350,0
2018-02-01,18:00:00,7.24,7.34,7.15,7.22,15413,0
2018-02-01,19:00:00,7.23,7.3601,7.23,7.3601,5405,0
2018-02-01,20:00:00,7.37,7.4,7.28,7.28,7337,0
2018-02-01,21:00:00,7.31,7.36,7.26,7.34,7200,0
2018-02-01,22:00:00,7.32,7.33,7.25,7.33,37533,0
2018-02-02,16:00:00,7.28,7.39,7.15,7.34,11787,0
2018-02-02,17:00:00,7.16,7.2452,7.06,7.14,27003,0
2018-02-02,18:00:00,7.11,7.14,7.02,7.09,13195,0
2018-02-02,19:00:00,7.06,7.2,7.02,7.11,9251,0
2018-02-02,20:00:00,7.08,7.18,7.08,7.13,12950,0
2018-02-02,21:00:00,7.14,7.2,7.08,7.09,13676,0
2018-02-02,22:00:00,7.1,7.11,6.94,7.02,32506,0
2018-02-05,16:00:00,6.97,7.03,6.76,6.89,16779,0
2018-02-05,17:00:00,6.8665,7.03,6.65,6.72,74854,0
2018-02-05,18:00:00,6.71,6.71,6.54,6.58,29427,0
2018-02-05,19:00:00,6.585,6.6102,6.47,6.6102,32158,0
2018-02-05,20:00:00,6.56,6.7,6.491,6.7,15084,0
2018-02-05,21:00:00,6.68,6.68,6.52,6.54,15318,0
2018-02-05,22:00:00,6.56,6.68,6.46,6.48,36215,0
2018-02-06,16:00:00,6.2,6.83,6.2,6.44,50577,0
2018-02-06,17:00:00,6.44,6.49,6.27,6.33,14083,0
2018-02-06,18:00:00,6.33,6.4,6.27,6.36,17362,0
2018-02-06,19:00:00,6.34,6.46,6.32,6.3525,16869,0
2018-02-06,20:00:00,6.33,6.39,6.271,6.34,15984,0
2018-02-06,21:00:00,6.34,6.51,6.32,6.48,16584,0
2018-02-06,22:00:00,6.48,6.515,6.35,6.41,36782,0
2018-02-07,16:00:00,6.38,7.15,6.25,6.4722,13616,0
2018-02-07,17:00:00,6.365,6.53,6.3,6.4999,12123,0
2018-02-07,18:00:00,6.47,6.57,6.42,6.475,12360,0
2018-02-07,19:00:00,6.495,6.56,6.48,6.51,8424,0
2018-02-07,20:00:00,6.5,6.6,6.48,6.6,10450,0
2018-02-07,21:00:00,6.6,6.6,6.51,6.57,8620,0
2018-02-07,22:00:00,6.56,6.61,6.51,6.56,30059,0
2018-02-08,16:00:00,6.59,6.67,6.46,6.66,6406,0
2018-02-08,17:00:00,6.64,6.65,6.5695,6.65,4480,0
2018-02-08,18:00:00,6.61,6.63,6.53,6.55,4700,0
2018-02-08,19:00:00,6.53,6.53,6.43,6.45,4500,0
2018-02-08,20:00:00,6.47,6.62,6.46,6.59,2700,0
2018-02-08,21:00:00,6.52,6.55,6.43,6.46,4800,0
2018-02-08,22:00:00,6.48,6.55,6.36,6.4,18683,0
2018-02-09,16:00:00,6.45,6.45,6.32,6.385,2491,0
2018-02-09,17:00:00,6.425,6.49,6.32,6.32,7014,0
2018-02-09,18:00:00,6.36,6.37,6.15,6.15,11743,0
2018-02-09,19:00:00,6.13,6.14,5.93,5.96,18572,0
2018-02-09,20:00:00,5.99,6.13,5.9,6.09,18725,0
2018-02-09,21:00:00,6.08,6.32,6.04,6.27,11746,0
2018-02-09,22:00:00,6.27,6.38,6.23,6.3,24802,0
2018-02-12,16:00:00,6.31,6.36,6.16,6.2,8954,0
2018-02-12,17:00:00,6.2,6.25,6.12,6.145,10500,0
2018-02-12,18:00:00,6.145,6.42,6.12,6.385,16077,0
2018-02-12,19:00:00,6.41,6.49,6.35,6.44,9838,0
2018-02-12,20:00:00,6.49,6.55,6.44,6.46,8192,0
2018-02-12,21:00:00,6.49,6.66,6.38,6.465,28561,0
2018-02-12,22:00:00,6.46,6.49,6.38,6.38,48936,0
2018-02-13,16:00:00,6.39,6.44,6.2,6.245,9161,0
2018-02-13,17:00:00,6.33,6.47,6.31,6.41,12387,0
2018-02-13,18:00:00,6.4,6.45,6.32,6.36,9507,0
2018-02-13,19:00:00,6.4,6.52,6.34,6.48,7562,0
2018-02-13,20:00:00,6.49,6.54,6.4,6.52,5650,0
2018-02-13,21:00:00,6.51,6.55,6.46,6.55,4292,0
2018-02-13,22:00:00,6.53,6.58,6.48,6.54,26526,0
2018-02-14,16:00:00,5.8,6.19,5.8,6.16,334694,0
2018-02-14,17:00:00,6.16,6.165,5.9901,6.05,194597,0
2018-02-14,18:00:00,6.05,6.07,6.01,6.04,124735,0
2018-02-14,19:00:00,6.04,6.045,6.01,6.035,73981,0
2018-02-14,20:00:00,6.035,6.29,6.01,6.27,200890,0
2018-02-14,21:00:00,6.27,6.29,6.15,6.24,177145,0
2018-02-14,22:00:00,6.24,6.65,6.2,6.5,371823,0
2018-02-15,16:00:00,6.56,6.65,6.405,6.56,16343,0
2018-02-15,17:00:00,6.59,6.64,6.5,6.5167,38571,0
2018-02-15,18:00:00,6.52,6.62,6.52,6.62,10824,0
2018-02-15,19:00:00,6.63,6.735,6.545,6.73,35029,0
2018-02-15,20:00:00,6.725,6.85,6.69,6.83,19007,0
2018-02-15,21:00:00,6.82,7.05,6.76,6.895,36304,0
2018-02-15,22:00:00,6.88,6.969,6.78,6.79,97456,0
2018-02-16,16:00:00,6.76,7.34,6.76,6.92,13236,0
2018-02-16,17:00:00,6.945,7.04,6.81,6.89,21882,0
2018-02-16,18:00:00,6.9,6.94,6.82,6.86,14000,0
2018-02-16,19:00:00,6.865,6.87,6.785,6.825,19622,0
2018-02-16,20:00:00,6.84,6.855,6.77,6.835,15150,0
2018-02-16,21:00:00,6.83,6.92,6.68,6.92,37096,0
2018-02-16,22:00:00,6.91,6.91,6.82,6.84,28690,0
2018-02-20,16:00:00,7.17,7.72,6.9,7.675,65071,0
2018-02-20,17:00:00,7.6999,7.79,7.39,7.725,64100,0
2018-02-20,18:00:00,7.75,8.04,7.58,7.69,115888,0
2018-02-20,19:00:00,7.7,7.8,7.61,7.72,45493,0
2018-02-20,20:00:00,7.725,7.943,7.69,7.78,81358,0
2018-02-20,21:00:00,7.76,7.84,7.69,7.84,38221,0
2018-02-20,22:00:00,7.83,7.89,7.67,7.74,83834,0
2018-02-21,16:00:00,7.67,7.8518,7.45,7.53,43710,0
2018-02-21,17:00:00,7.58,7.6,7.45,7.485,56515,0
2018-02-21,18:00:00,7.48,7.49,7.19,7.225,71826,0
2018-02-21,19:00:00,7.2129,7.25,7.111,7.24,46362,0
2018-02-21,20:00:00,7.2499,7.445,7.24,7.35,53424,0
2018-02-21,21:00:00,7.35,7.39,7.26,7.27,33445,0
2018-02-21,22:00:00,7.32,7.32,7.02,7.02,118537,0
2018-02-22,16:00:00,7.25,7.61,7.2,7.44,46545,0
2018-02-22,17:00:00,7.489,7.489,7.034,7.04,61668,0
2018-02-22,18:00:00,7.04,7.1,6.84,6.97,47260,0
2018-02-22,19:00:00,6.97,6.9872,6.85,6.9,32064,0
2018-02-22,20:00:00,6.89,6.91,6.715,6.8,50798,0
2018-02-22,21:00:00,6.8,6.82,6.76,6.77,25772,0
2018-02-22,22:00:00,6.75,6.815,6.73,6.75,85342,0
2018-02-23,16:00:00,6.77,6.969,6.635,6.81,24034,0
2018-02-23,17:00:00,6.84,6.89,6.72,6.795,35696,0
2018-02-23,18:00:00,6.81,6.88,6.73,6.79,29635,0
2018-02-23,19:00:00,6.79,6.87,6.76,6.84,30077,0
2018-02-23,20:00:00,6.84,6.864,6.76,6.82,33917,0
2018-02-23,21:00:00,6.83,6.85,6.77,6.81,36810,0
2018-02-23,22:00:00,6.81,6.9,6.73,6.74,168026,0
2018-02-26,16:00:00,6.81,6.98,6.6572,6.82,28431,0
2018-02-26,17:00:00,6.91,7.15,6.9,7.03,83795,0
2018-02-26,18:00:00,7.05,7.05,6.92,7,39384,0
2018-02-26,19:00:00,6.98,6.9901,6.82,6.91,32716,0
2018-02-26,20:00:00,6.9214,6.96,6.77,6.81,43252,0
2018-02-26,21:00:00,6.81,6.89,6.77,6.84,37654,0
2018-02-26,22:00:00,6.8586,6.88,6.68,6.71,132972,0
2018-02-27,16:00:00,6.5,6.5,6.275,6.29,63775,0
2018-02-27,17:00:00,6.27,6.35,6.18,6.32,53552,0
2018-02-27,18:00:00,6.32,6.32,6.206,6.21,60191,0
2018-02-27,19:00:00,6.22,6.25,6.16,6.2326,28108,0
2018-02-27,20:00:00,6.24,6.24,6.02,6.0307,49105,0
2018-02-27,21:00:00,6.06,6.23,6.01,6.2,40969,0
2018-02-27,22:00:00,6.2,6.2,6,6.15,273509,0
2018-02-28,16:00:00,6.24,6.29,6.1069,6.2013,32087,0
2018-02-28,17:00:00,6.2099,6.67,6.18,6.515,78054,0
2018-02-28,18:00:00,6.55,6.55,6.36,6.4,31927,0
2018-02-28,19:00:00,6.41,6.5018,6.36,6.46,20800,0
2018-02-28,20:00:00,6.4,6.5,6.36,6.42,22170,0
2018-02-28,21:00:00,6.45,6.45,6.36,6.38,17104,0
2018-02-28,22:00:00,6.39,6.43,6.33,6.38,49405,0
2018-03-01,16:00:00,6.41,6.5,6.35,6.44,8630,0
2018-03-01,17:00:00,6.47,6.51,6.4,6.45,25700,0
2018-03-01,18:00:00,6.44,6.65,6.44,6.58,50559,0
2018-03-01,19:00:00,6.58,6.63,6.5,6.53,54200,0
2018-03-01,20:00:00,6.54,6.58,6.5,6.52,32439,0
2018-03-01,21:00:00,6.51,6.58,6.5,6.55,74224,0
2018-03-01,22:00:00,6.55,6.65,6.5,6.55,91979,0
2018-03-02,16:00:00,6.51,6.51,6.22,6.4675,17555,0
2018-03-02,17:00:00,6.46,6.74,6.38,6.63,51932,0
2018-03-02,18:00:00,6.7,6.75,6.59,6.7,62222,0
2018-03-02,19:00:00,6.71,6.73,6.57,6.57,86891,0
2018-03-02,20:00:00,6.69,6.74,6.62,6.7,28938,0
2018-03-02,21:00:00,6.7,6.74,6.525,6.525,30988,0
2018-03-02,22:00:00,6.6,6.63,6.49,6.55,279547,0
2018-03-05,16:00:00,6.48,6.795,6.48,6.705,11531,0
2018-03-05,17:00:00,6.77,6.81,6.61,6.68,28556,0
2018-03-05,18:00:00,6.73,6.79,6.64,6.75,41057,0
2018-03-05,19:00:00,6.73,6.79,6.59,6.67,34336,0
2018-03-05,20:00:00,6.69,6.72,6.6,6.68,18814,0
2018-03-05,21:00:00,6.68,6.69,6.53,6.63,80093,0
2018-03-05,22:00:00,6.66,6.74,6.58,6.68,61043,0
2018-03-06,16:00:00,6.67,6.765,6.42,6.46,68632,0
2018-03-06,17:00:00,6.42,6.53,6.3,6.37,93025,0
2018-03-06,18:00:00,6.39,6.43,6.17,6.27,43771,0
2018-03-06,19:00:00,6.27,6.43,6.26,6.405,15666,0
2018-03-06,20:00:00,6.405,6.415,6.3,6.36,19554,0
2018-03-06,21:00:00,6.36,6.48,6.33,6.39,15287,0
2018-03-06,22:00:00,6.41,6.51,6.34,6.5,104617,0
2018-03-07,16:00:00,6.39,6.6,6.19,6.4,31949,0
2018-03-07,17:00:00,6.43,6.53,6.36,6.45,40092,0
2018-03-07,18:00:00,6.45,6.48,6.25,6.3,24200,0
2018-03-07,19:00:00,6.31,6.32,6.2,6.31,26943,0
2018-03-07,20:00:00,6.31,6.31,6.24,6.3,11351,0
2018-03-07,21:00:00,6.27,6.3,6.22,6.24,20130,0
2018-03-07,22:00:00,6.27,6.39,6.24,6.35,64091,0
2018-03-08,16:00:00,6.4,6.48,6.3,6.325,11644,0
2018-03-08,17:00:00,6.41,6.41,6.32,6.385,15650,0
2018-03-08,18:00:00,6.3999,6.64,6.345,6.54,95156,0
2018-03-08,19:00:00,6.54,6.61,6.46,6.61,41086,0
2018-03-08,20:00:00,6.61,6.72,6.57,6.64,44226,0
2018-03-08,21:00:00,6.64,6.7,6.61,6.69,26871,0
2018-03-08,22:00:00,6.6858,6.84,6.61,6.78,104765,0
2018-03-09,16:00:00,6.79,7.04,6.72,6.96,34353,0
2018-03-09,17:00:00,6.96,7.03,6.88,6.91,45752,0
2018-03-09,18:00:00,6.9268,7.3,6.92,7.23,57041,0
2018-03-09,19:00:00,7.22,7.3,7.085,7.21,79764,0
2018-03-09,20:00:00,7.2,7.4,7.16,7.3,25668,0
2018-03-09,21:00:00,7.28,7.55,7.28,7.52,31547,0
2018-03-09,22:00:00,7.5,7.56,7.36,7.45,74425,0
2018-03-12,15:00:00,7.58,7.68,7.3557,7.36,24439,0
2018-03-12,16:00:00,7.34,7.47,7.271,7.341,21169,0
2018-03-12,17:00:00,7.38,7.46,7.32,7.4,21437,0
2018-03-12,18:00:00,7.41,7.42,7.3225,7.36,11602,0
2018-03-12,19:00:00,7.36,7.4,7.25,7.25,38336,0
2018-03-12,20:00:00,7.265,7.5,7.26,7.47,41235,0
2018-03-12,21:00:00,7.49,7.59,7.47,7.49,60756,0
2018-03-13,15:00:00,7.5,7.629,7.335,7.45,18009,0
2018-03-13,16:00:00,7.7,7.73,7.428,7.51,33800,0
2018-03-13,17:00:00,7.51,7.56,7.41,7.46,20546,0
2018-03-13,18:00:00,7.48,7.5,7.33,7.47,13855,0
2018-03-13,19:00:00,7.455,7.48,7.32,7.41,14792,0
2018-03-13,20:00:00,7.41,7.46,7.22,7.22,17324,0
2018-03-13,21:00:00,7.22,7.335,7.2,7.28,68253,0
2018-03-14,15:00:00,7.28,7.46,7.13,7.1868,13769,0
2018-03-14,16:00:00,7.195,7.28,7.07,7.07,30374,0
2018-03-14,17:00:00,7.09,7.19,7.09,7.19,15398,0
2018-03-14,18:00:00,7.19,7.21,7.07,7.14,12300,0
2018-03-14,19:00:00,7.15,7.18,7.1,7.12,20702,0
2018-03-14,20:00:00,7.1688,7.41,7.1688,7.35,15834,0
2018-03-14,21:00:00,7.34,7.37,7.28,7.36,54077,0
2018-03-15,15:00:00,7.35,7.3644,7.0893,7.12,38651,0
2018-03-15,16:00:00,7.11,7.17,6.7901,6.93,52898,0
2018-03-15,17:00:00,6.95,6.99,6.65,6.69,80430,0
2018-03-15,18:00:00,6.675,6.9,6.56,6.86,50166,0
2018-03-15,19:00:00,6.87,6.95,6.85,6.92,14456,0
2018-03-15,20:00:00,6.91,6.92,6.85,6.92,17790,0
2018-03-15,21:00:00,6.96,6.96,6.86,6.88,104241,0
2018-03-16,15:00:00,6.82,7.05,6.74,6.85,33535,0
2018-03-16,16:00:00,6.86,6.86,6.65,6.72,30504,0
2018-03-16,17:00:00,6.77,6.77,6.56,6.64,41596,0
2018-03-16,18:00:00,6.62,6.64,6.52,6.59,15881,0
2018-03-16,19:00:00,6.59,6.6,6.55,6.59,15898,0
2018-03-16,20:00:00,6.58,6.58,6.52,6.54,41258,0
2018-03-16,21:00:00,6.5201,6.53,6.5,6.51,39774,0
2018-03-19,15:00:00,6.43,6.71,6.3106,6.41,19259,0
2018-03-19,16:00:00,6.41,6.51,6.32,6.49,103482,0
2018-03-19,17:00:00,6.5,6.5,6.28,6.325,50797,0
2018-03-19,18:00:00,6.33,6.4,6.265,6.32,20781,0
2018-03-19,19:00:00,6.31,6.35,6.28,6.3,14107,0
2018-03-19,20:00:00,6.32,6.4,6.3,6.38,15782,0
2018-03-19,21:00:00,6.37,6.46,6.34,6.43,42198,0
2018-03-20,15:00:00,6.45,6.49,6.26,6.34,9505,0
2018-03-20,16:00:00,6.38,6.46,6.25,6.27,24638,0
2018-03-20,17:00:00,6.275,6.2901,6.18,6.1848,26564,0
2018-03-20,18:00:00,6.19,6.23,6.12,6.18,18861,0
2018-03-20,19:00:00,6.189,6.23,6.13,6.14,27991,0
2018-03-20,20:00:00,6.14,6.22,6.12,6.19,17970,0
2018-03-20,21:00:00,6.19,6.289,6.18,6.2,59958,0
2018-03-21,15:00:00,6.21,6.23,6.16,6.19,1333,0
2018-03-21,16:00:00,6.19,6.27,6.12,6.21,25851,0
2018-03-21,17:00:00,6.21,6.2513,6.18,6.19,22292,0
2018-03-21,18:00:00,6.19,6.19,6.11,6.19,13809,0
2018-03-21,19:00:00,6.19,6.22,6.16,6.195,11754,0
2018-03-21,20:00:00,6.195,6.21,6.06,6.095,29147,0
2018-03-21,21:00:00,6.115,6.21,6.07,6.15,58862,0
2018-03-22,15:00:00,6.12,6.18,6.06,6.13,9843,0
2018-03-22,16:00:00,6.12,6.205,6.09,6.1,19782,0
2018-03-22,17:00:00,6.105,6.12,6.02,6.02,21846,0
2018-03-22,18:00:00,6.02,6.11,6.02,6.07,24846,0
2018-03-22,19:00:00,6.09,6.1,6.01,6.03,30454,0
2018-03-22,20:00:00,6.04,6.08,5.94,5.99,49543,0
2018-03-22,21:00:00,5.99,6.04,5.95,5.99,70895,0
2018-03-23,15:00:00,6.02,6.14,5.92,6.005,23953,0
2018-03-23,16:00:00,6.005,6.045,5.945,6.015,52062,0
2018-03-23,17:00:00,6.015,6.03,5.95,5.97,24820,0
2018-03-23,18:00:00,5.9899,6.02,5.96,5.98,13294,0
2018-03-23,19:00:00,5.975,6.01,5.95,6,14966,0
2018-03-23,20:00:00,6,6,5.91,5.95,13417,0
2018-03-23,21:00:00,5.95,5.97,5.85,5.85,76021,0
2018-03-26,16:00:00,5.96,6.06,5.83,5.83,10955,0
2018-03-26,17:00:00,5.86,5.96,5.8,5.85,39162,0
2018-03-26,18:00:00,5.85,5.95,5.85,5.92,15610,0
2018-03-26,19:00:00,5.925,5.925,5.76,5.76,44819,0
2018-03-26,20:00:00,5.79,5.91,5.77,5.88,26200,0
2018-03-26,21:00:00,5.925,6.05,5.89,5.97,18847,0
2018-03-26,22:00:00,5.98,6.01,5.93,5.96,38781,0
2018-03-27,16:00:00,5.96,6.18,5.85,5.97,7900,0
2018-03-27,17:00:00,5.98,6.015,5.88,5.97,9765,0
2018-03-27,18:00:00,5.94,6.0425,5.85,5.94,19200,0
2018-03-27,19:00:00,6,6,5.84,5.86,45000,0
2018-03-27,20:00:00,5.88,5.99,5.83,5.84,16264,0
2018-03-27,21:00:00,5.8501,5.86,5.76,5.81,21557,0
2018-03-27,22:00:00,5.79,5.81,5.41,5.51,167280,0
2018-03-28,16:00:00,5.5,5.62,5.3,5.5058,16668,0
2018-03-28,17:00:00,5.5299,5.6,5.3,5.33,27763,0
2018-03-28,18:00:00,5.36,5.44,5.29,5.35,20749,0
2018-03-28,19:00:00,5.33,5.45,5.3,5.37,32839,0
2018-03-28,20:00:00,5.38,5.45,5.37,5.4,12157,0
2018-03-28,21:00:00,5.415,5.43,5.35,5.35,10650,0
2018-03-28,22:00:00,5.35,5.37,5.23,5.3,57183,0
2018-03-29,16:00:00,5.32,5.4821,5.03,5.18,13569,0
2018-03-29,17:00:00,5.22,5.53,5.22,5.4448,36424,0
2018-03-29,18:00:00,5.425,5.515,5.35,5.475,25801,0
2018-03-29,19:00:00,5.49,5.51,5.45,5.465,5531,0
2018-03-29,20:00:00,5.455,5.48,5.41,5.48,9284,0
2018-03-29,21:00:00,5.47,5.5,5.43,5.455,17139,0
2018-03-29,22:00:00,5.46,5.4979,5.28,5.31,54033,0
