Date,Time,Open,High,Low,Close,Volume,OpenInt
2017-08-09,17:00:00,66.041,66.1,66.041,66.1,202,0
2017-08-09,18:00:00,66.15,66.22,66.14,66.209,1297,0
2017-08-09,19:00:00,66.215,66.246,66.17,66.17,6163,0
2017-08-09,20:00:00,66.22,66.298,66.216,66.298,15365,0
2017-08-09,21:00:00,66.279,66.318,66.23,66.23,1595,0
2017-08-09,22:00:00,66.308,66.348,66.308,66.318,1166,0
2017-08-10,16:00:00,65.398,65.398,65.398,65.398,432,0
2017-08-10,17:00:00,65.17,65.17,64.992,64.992,2728,0
2017-08-10,18:00:00,65.1,65.1,65.1,65.1,202,0
2017-08-10,19:00:00,64.972,64.972,64.853,64.932,1447,0
2017-08-10,20:00:00,65.002,65.002,65.002,65.002,101,0
2017-08-10,22:00:00,64.735,64.735,64.734,64.734,505,0
2017-08-11,17:00:00,64.903,64.922,64.903,64.922,525,0
2017-08-11,18:00:00,64.893,64.893,64.833,64.833,303,0
2017-08-11,20:00:00,65.042,65.042,65.012,65.032,463,0
2017-08-11,21:00:00,65.022,65.042,64.932,64.932,596,0
2017-08-11,22:00:00,64.843,64.932,64.843,64.906,655,0
2017-08-14,16:00:00,65.12,65.378,65.12,65.378,813,0
2017-08-14,17:00:00,65.466,65.585,65.466,65.585,202,0
2017-08-14,18:00:00,65.533,65.645,65.533,65.645,2184,0
2017-08-14,19:00:00,65.674,65.694,65.655,65.655,2899,0
2017-08-14,20:00:00,65.645,65.645,65.58,65.58,1426,0
2017-08-14,21:00:00,65.594,65.615,65.594,65.595,908,0
2017-08-14,22:00:00,65.546,65.546,65.546,65.546,101,0
2017-08-15,16:00:00,65.24,65.24,65.061,65.061,2423,0
2017-08-15,18:00:00,65.14,65.18,65.14,65.16,892,0
2017-08-15,19:00:00,65.24,65.249,65.22,65.22,373,0
2017-08-15,20:00:00,65.21,65.21,65.18,65.2,706,0
2017-08-15,21:00:00,65.22,65.22,65.22,65.22,227,0
2017-08-15,22:00:00,65.289,65.289,65.24,65.24,263,0
2017-08-16,16:00:00,65.625,65.625,65.625,65.625,202,0
2017-08-16,17:00:00,65.704,65.704,65.704,65.704,403,0
2017-08-16,18:00:00,65.674,65.674,65.635,65.669,971,0
2017-08-16,19:00:00,65.734,65.734,65.734,65.734,202,0
2017-08-16,21:00:00,65.822,65.822,65.822,65.822,759,0
2017-08-16,22:00:00,65.773,65.793,65.758,65.793,2492,0
2017-08-17,16:00:00,65.476,65.476,65.476,65.476,403,0
2017-08-17,17:00:00,65.436,65.436,65.436,65.436,232,0
2017-08-17,18:00:00,65.408,65.417,65.368,65.368,480,0
2017-08-17,20:00:00,65.056,65.13,65.056,65.13,970,0
2017-08-17,21:00:00,65.021,65.021,65.021,65.021,106,0
2017-08-17,22:00:00,64.903,64.903,64.7,64.73,1396,0
2017-08-18,16:00:00,65.042,65.042,64.962,64.962,805,0
2017-08-18,17:00:00,65.042,65.042,65.042,65.042,367,0
2017-08-18,18:00:00,65.299,65.299,65.298,65.299,1785,0
2017-08-18,19:00:00,65.309,65.309,65.309,65.309,101,0
2017-08-18,20:00:00,65.355,65.357,65.329,65.329,858,0
2017-08-21,17:00:00,65.319,65.319,65.268,65.319,3524,0
2017-08-21,18:00:00,65.388,65.426,65.378,65.415,1462,0
2017-08-21,19:00:00,65.408,65.436,65.408,65.436,253,0
2017-08-21,20:00:00,65.398,65.398,65.398,65.398,155,0
2017-08-21,22:00:00,65.269,65.398,65.269,65.374,641,0
2017-08-22,16:00:00,66.308,66.308,66.307,66.308,1112,0
2017-08-22,17:00:00,66.427,66.456,66.427,66.456,266,0
2017-08-22,18:00:00,66.507,66.556,66.477,66.556,1023,0
2017-08-22,19:00:00,66.582,66.582,66.582,66.582,101,0
2017-08-22,20:00:00,66.457,66.457,66.457,66.457,403,0
2017-08-22,22:00:00,66.577,66.577,66.527,66.527,2625,0
2017-08-23,17:00:00,66.358,66.358,66.358,66.358,101,0
2017-08-23,18:00:00,66.457,66.497,66.447,66.487,4140,0
2017-08-23,19:00:00,66.467,66.467,66.388,66.388,2474,0
2017-08-23,20:00:00,66.427,66.427,66.388,66.388,219,0
2017-08-23,22:00:00,66.537,66.537,66.527,66.527,202,0
2017-08-24,17:00:00,66.635,66.675,66.635,66.665,440,0
2017-08-24,18:00:00,66.605,66.605,66.605,66.605,885,0
2017-08-24,19:00:00,66.635,66.635,66.635,66.635,102,0
2017-08-24,20:00:00,66.695,66.695,66.695,66.695,101,0
2017-08-24,21:00:00,66.645,66.645,66.645,66.645,101,0
2017-08-24,22:00:00,66.635,66.635,66.635,66.635,101,0
2017-08-25,16:00:00,66.981,66.982,66.932,66.932,347,0
2017-08-25,17:00:00,67.113,67.113,67.111,67.111,887,0
2017-08-25,18:00:00,66.922,66.952,66.913,66.942,1810,0
2017-08-25,19:00:00,66.937,66.962,66.937,66.962,1069,0
2017-08-25,20:00:00,66.922,66.922,66.922,66.922,180,0
2017-08-25,21:00:00,66.894,66.94,66.894,66.94,250,0
2017-08-25,22:00:00,66.932,66.932,66.884,66.884,514,0
2017-08-28,17:00:00,66.745,66.745,66.745,66.745,403,0
2017-08-28,18:00:00,66.913,66.913,66.912,66.912,428,0
2017-08-28,19:00:00,66.725,66.725,66.725,66.725,303,0
2017-08-28,21:00:00,66.844,66.844,66.844,66.844,204,0
2017-08-29,16:00:00,66.19,66.308,66.19,66.308,606,0
2017-08-29,18:00:00,66.537,66.537,66.537,66.537,108,0
2017-08-29,20:00:00,66.602,66.604,66.602,66.604,343,0
2017-08-29,22:00:00,66.586,66.685,66.586,66.625,1166,0
2017-08-30,16:00:00,66.904,66.904,66.814,66.814,1339,0
2017-08-30,17:00:00,66.833,66.833,66.721,66.754,520,0
2017-08-30,19:00:00,66.844,66.844,66.844,66.844,164,0
2017-08-30,21:00:00,66.893,67.012,66.881,66.912,10784,0
2017-08-30,22:00:00,66.893,66.893,66.854,66.854,5162,0
2017-08-31,16:00:00,66.844,66.844,66.814,66.814,410,0
2017-08-31,17:00:00,66.814,66.874,66.794,66.794,1112,0
2017-08-31,18:00:00,66.834,66.844,66.774,66.844,2019,0
2017-08-31,19:00:00,66.932,66.942,66.922,66.922,706,0
2017-08-31,20:00:00,66.913,66.957,66.913,66.957,403,0
2017-08-31,21:00:00,66.952,67.041,66.952,67.032,463,0
2017-08-31,22:00:00,67.042,67.08,67.037,67.052,2625,0
2017-09-01,16:00:00,67.298,67.298,67.298,67.298,141,0
2017-09-01,17:00:00,67.141,67.259,67.141,67.23,576,0
2017-09-01,21:00:00,67.329,67.329,67.329,67.329,103,0
2017-09-01,22:00:00,67.324,67.324,67.324,67.324,258,0
2017-09-05,16:00:00,66.745,66.913,66.745,66.854,440,0
2017-09-05,17:00:00,66.913,66.913,66.913,66.913,13676,0
2017-09-05,18:00:00,66.744,66.744,66.684,66.695,1880,0
2017-09-05,20:00:00,66.21,66.287,66.21,66.287,214,0
2017-09-05,21:00:00,66.338,66.338,66.329,66.329,788,0
2017-09-05,22:00:00,66.368,66.368,66.351,66.367,476,0
2017-09-06,16:00:00,66.615,66.615,66.557,66.596,1465,0
2017-09-06,17:00:00,66.605,66.605,66.605,66.605,4088,0
2017-09-06,18:00:00,66.684,66.705,66.684,66.705,653,0
2017-09-06,20:00:00,66.874,66.874,66.874,66.874,1009,0
2017-09-06,21:00:00,66.834,66.864,66.827,66.834,571,0
2017-09-06,22:00:00,66.834,66.913,66.814,66.814,46620,0
2017-09-07,16:00:00,67.23,67.23,67.23,67.23,101,0
2017-09-07,17:00:00,67.21,67.408,67.21,67.395,726,0
2017-09-07,18:00:00,67.388,67.399,67.298,67.369,2290,0
2017-09-07,19:00:00,67.399,67.409,67.359,67.409,2470,0
2017-09-07,20:00:00,67.393,67.498,67.375,67.468,3487,0
2017-09-07,21:00:00,67.468,67.498,67.369,67.438,7918,0
2017-09-07,22:00:00,67.438,67.547,67.364,67.547,9608,0
2017-09-08,16:00:00,67.211,67.211,67.211,67.211,417,0
2017-09-08,17:00:00,67.181,67.181,67.022,67.022,2198,0
2017-09-08,18:00:00,67.09,67.09,66.922,66.922,17472,0
2017-09-08,19:00:00,66.942,67.041,66.942,67.002,3747,0
2017-09-08,21:00:00,66.991,66.991,66.884,66.884,808,0
2017-09-08,22:00:00,66.904,66.904,66.904,66.904,101,0
2017-09-11,17:00:00,67.814,67.814,67.753,67.804,6462,0
2017-09-11,18:00:00,67.705,67.745,67.705,67.745,904,0
2017-09-11,19:00:00,67.804,67.863,67.804,67.843,709,0
2017-09-11,20:00:00,67.893,67.893,67.893,67.893,246,0
2017-09-11,21:00:00,67.913,67.913,67.873,67.873,369,0
2017-09-11,22:00:00,67.853,67.932,67.824,67.824,4694,0
2017-09-12,16:00:00,67.764,67.764,67.764,67.764,101,0
2017-09-12,17:00:00,67.824,67.824,67.773,67.824,3407,0
2017-09-12,18:00:00,67.814,67.883,67.814,67.883,1970,0
2017-09-12,19:00:00,67.866,67.903,67.866,67.903,202,0
2017-09-12,20:00:00,67.853,67.853,67.824,67.834,2391,0
2017-09-12,21:00:00,67.834,67.834,67.814,67.814,1209,0
2017-09-12,22:00:00,67.725,67.744,67.695,67.695,706,0
2017-09-13,16:00:00,67.468,67.468,67.389,67.452,1819,0
2017-09-13,17:00:00,67.438,67.438,67.379,67.379,500,0
2017-09-13,18:00:00,67.339,67.339,67.191,67.201,783,0
2017-09-13,19:00:00,67.229,67.23,67.229,67.23,694,0
2017-09-13,20:00:00,67.269,67.316,67.269,67.316,754,0
2017-09-13,21:00:00,67.319,67.329,67.299,67.329,403,0
2017-09-14,16:00:00,67.23,67.23,67.191,67.2,2024,0
2017-09-14,17:00:00,67.18,67.211,67.18,67.211,622,0
2017-09-14,18:00:00,67.267,67.319,67.267,67.319,481,0
2017-09-14,19:00:00,67.319,67.319,67.22,67.22,303,0
2017-09-14,20:00:00,67.349,67.349,67.349,67.349,146,0
2017-09-14,21:00:00,67.329,67.329,67.319,67.319,202,0
2017-09-14,22:00:00,67.341,67.399,67.341,67.388,1475,0
2017-09-15,16:00:00,67.359,67.509,67.359,67.508,1757,0
2017-09-15,17:00:00,67.508,67.508,67.508,67.508,197,0
2017-09-15,18:00:00,67.595,67.645,67.595,67.645,11239,0
2017-09-15,20:00:00,67.764,67.764,67.764,67.764,172,0
2017-09-15,22:00:00,67.813,67.813,67.804,67.804,303,0
2017-09-18,18:00:00,68.25,68.25,68.15,68.15,2250,0
2017-09-18,19:00:00,68.17,68.17,68.121,68.121,618,0
2017-09-18,20:00:00,68.175,68.175,68.16,68.16,655,0
2017-09-18,21:00:00,68.17,68.17,68.022,68.032,756,0
2017-09-18,22:00:00,68.121,68.121,68.121,68.121,101,0
2017-09-19,16:00:00,68.299,68.299,68.299,68.299,327,0
2017-09-19,17:00:00,68.091,68.091,68.091,68.091,101,0
2017-09-19,18:00:00,67.988,68.062,67.988,68.062,644,0
2017-09-19,20:00:00,68.19,68.19,68.19,68.19,1009,0
2017-09-19,22:00:00,68.2,68.2,68.141,68.17,1468,0
2017-09-20,16:00:00,69.933,69.933,68.497,68.497,403,0
2017-09-20,17:00:00,68.359,68.379,68.299,68.299,3222,0
2017-09-20,18:00:00,68.279,68.299,68.279,68.299,632,0
2017-09-20,19:00:00,68.339,68.339,68.319,68.319,202,0
2017-09-20,20:00:00,68.259,68.259,68.19,68.19,303,0
2017-09-20,21:00:00,68.111,68.19,67.547,67.584,922,0
2017-09-20,22:00:00,67.803,67.952,67.803,67.952,303,0
2017-09-21,16:00:00,68.208,68.208,67.869,67.869,689,0
2017-09-21,17:00:00,67.81,67.82,67.79,67.82,351,0
2017-09-21,18:00:00,67.839,67.849,67.839,67.849,518,0
2017-09-21,19:00:00,67.879,67.899,67.879,67.899,301,0
2017-09-21,20:00:00,67.889,67.959,67.889,67.959,478,0
2017-09-21,21:00:00,67.949,67.949,67.888,67.889,1470,0
2017-09-21,22:00:00,67.919,67.919,67.919,67.919,543,0
2017-09-22,16:00:00,67.462,67.462,67.342,67.372,602,0
2017-09-22,17:00:00,67.382,67.424,67.382,67.424,1957,0
2017-09-22,18:00:00,67.402,67.402,67.402,67.402,197,0
2017-09-22,19:00:00,67.381,67.381,67.352,67.352,251,0
2017-09-22,20:00:00,67.302,67.302,67.302,67.302,171,0
2017-09-22,21:00:00,67.282,67.392,67.282,67.392,431,0
2017-09-22,22:00:00,67.452,67.452,67.452,67.452,201,0
2017-09-25,16:00:00,66.455,66.455,66.365,66.405,3915,0
2017-09-25,17:00:00,66.275,66.275,66.275,66.275,100,0
2017-09-25,18:00:00,66.126,66.126,66.002,66.002,343,0
2017-09-25,19:00:00,65.846,65.846,65.846,65.846,401,0
2017-09-25,20:00:00,65.896,65.896,65.847,65.877,1084,0
2017-09-25,21:00:00,65.887,65.887,65.887,65.887,100,0
2017-09-26,16:00:00,66.116,66.256,66.116,66.136,3513,0
2017-09-26,17:00:00,66.196,66.206,66.116,66.136,2333,0
2017-09-26,18:00:00,66.076,66.076,66.017,66.041,803,0
2017-09-26,19:00:00,66.046,66.046,66.026,66.046,3488,0
2017-09-26,20:00:00,66.024,66.024,66.024,66.024,129,0
2017-09-26,21:00:00,66.115,66.115,66.115,66.115,193,0
2017-09-26,22:00:00,66.126,66.165,66.036,66.036,833,0
2017-09-27,16:00:00,65.877,65.877,65.787,65.787,205,0
2017-09-27,17:00:00,65.72,65.72,65.677,65.677,288,0
2017-09-27,18:00:00,65.707,65.857,65.707,65.747,8344,0
2017-09-27,19:00:00,65.578,65.643,65.578,65.643,858,0
2017-09-27,20:00:00,65.717,65.717,65.717,65.717,1003,0
2017-09-27,21:00:00,65.747,65.877,65.747,65.877,4266,0
2017-09-27,22:00:00,65.917,65.917,65.907,65.907,803,0
2017-09-28,16:00:00,65.638,65.747,65.638,65.747,5018,0
2017-09-28,17:00:00,65.767,65.917,65.767,65.857,3910,0
2017-09-28,18:00:00,65.857,65.917,65.797,65.907,10173,0
2017-09-28,19:00:00,65.817,65.867,65.817,65.857,453,0
2017-09-28,20:00:00,65.927,65.967,65.917,65.967,401,0
2017-09-28,21:00:00,65.976,65.986,65.947,65.976,833,0
2017-09-28,22:00:00,65.967,65.967,65.957,65.957,602,0
2017-09-29,16:00:00,66.585,66.644,66.494,66.494,949,0
2017-09-29,17:00:00,66.525,66.714,66.525,66.694,1506,0
2017-09-29,18:00:00,66.734,66.734,66.654,66.654,2409,0
2017-09-29,19:00:00,66.684,66.684,66.684,66.684,167,0
2017-09-29,20:00:00,66.784,66.803,66.764,66.803,2787,0
2017-09-29,21:00:00,66.803,66.854,66.774,66.804,1210,0
2017-09-29,22:00:00,66.894,66.904,66.834,66.844,4510,0
2017-10-02,16:00:00,67.073,67.073,66.953,66.953,5232,0
2017-10-02,17:00:00,67.173,67.213,67.153,67.153,1946,0
2017-10-02,18:00:00,67.267,67.272,67.143,67.143,1601,0
2017-10-02,20:00:00,67.173,67.173,67.173,67.173,100,0
2017-10-02,21:00:00,67.203,67.203,67.203,67.203,435,0
2017-10-02,22:00:00,67.203,67.213,67.143,67.172,1666,0
2017-10-03,16:00:00,67.63,67.75,67.63,67.75,314,0
2017-10-03,17:00:00,67.75,67.828,67.73,67.828,914,0
2017-10-03,18:00:00,67.939,67.973,67.919,67.973,549,0
2017-10-03,19:00:00,68.024,68.069,68.019,68.019,1099,0
2017-10-03,20:00:00,67.999,68.019,67.988,67.988,5783,0
2017-10-03,21:00:00,68.039,68.059,67.999,68.049,2079,0
2017-10-03,22:00:00,68.029,68.089,68.009,68.079,1602,0
2017-10-04,16:00:00,68.099,68.099,68.028,68.028,525,0
2017-10-04,17:00:00,68.079,68.079,68.079,68.079,110,0
2017-10-04,18:00:00,68.054,68.054,68.054,68.054,201,0
2017-10-04,19:00:00,68.129,68.139,68.099,68.109,1466,0
2017-10-04,20:00:00,68.069,68.069,68.049,68.059,843,0
2017-10-04,21:00:00,68.119,68.119,68.079,68.099,722,0
2017-10-04,22:00:00,68.119,68.177,68.119,68.128,2367,0
2017-10-05,16:00:00,68.557,68.557,68.557,68.557,105,0
2017-10-05,17:00:00,68.338,68.458,68.338,68.418,912,0
2017-10-05,18:00:00,68.458,68.527,68.448,68.527,301,0
2017-10-05,19:00:00,68.527,68.607,68.527,68.537,803,0
2017-10-05,20:00:00,68.497,68.497,68.477,68.477,301,0
2017-10-05,21:00:00,68.458,68.458,68.418,68.418,301,0
2017-10-05,22:00:00,68.487,68.487,68.378,68.378,1137,0
2017-10-06,16:00:00,67.77,67.77,67.76,67.76,3111,0
2017-10-06,17:00:00,67.909,67.909,67.899,67.899,301,0
2017-10-06,18:00:00,67.909,67.959,67.899,67.899,1890,0
2017-10-06,19:00:00,67.909,67.959,67.899,67.951,1356,0
2017-10-06,22:00:00,68.009,68.009,67.984,67.999,2509,0
2017-10-09,16:00:00,67.82,67.82,67.69,67.69,201,0
2017-10-09,17:00:00,67.68,67.68,67.66,67.66,401,0
2017-10-09,18:00:00,67.66,67.67,67.648,67.648,678,0
2017-10-09,19:00:00,67.75,67.75,67.73,67.73,351,0
2017-10-09,20:00:00,67.8,67.8,67.8,67.8,100,0
2017-10-09,21:00:00,67.8,67.8,67.8,67.8,201,0
2017-10-09,22:00:00,67.749,67.749,67.749,67.749,226,0
2017-10-10,18:00:00,68.547,68.547,68.547,68.547,253,0
2017-10-10,20:00:00,68.497,68.497,68.497,68.497,201,0
2017-10-10,21:00:00,68.527,68.527,68.527,68.527,191,0
2017-10-10,22:00:00,68.527,68.527,68.527,68.527,100,0
2017-10-11,18:00:00,68.597,68.627,68.557,68.627,954,0
2017-10-11,19:00:00,68.567,68.617,68.567,68.587,318,0
2017-10-11,20:00:00,68.547,68.547,68.532,68.532,702,0
2017-10-11,21:00:00,68.587,68.597,68.587,68.597,453,0
2017-10-11,22:00:00,68.667,68.767,68.667,68.747,631,0
2017-10-12,17:00:00,68.906,68.906,68.856,68.856,331,0
2017-10-12,18:00:00,68.915,68.925,68.884,68.925,772,0
2017-10-12,19:00:00,68.921,68.926,68.921,68.926,212,0
2017-10-12,21:00:00,68.866,68.866,68.866,68.866,201,0
2017-10-12,22:00:00,68.846,68.846,68.747,68.747,1812,0
2017-10-13,16:00:00,69.375,69.375,69.365,69.365,1365,0
2017-10-13,17:00:00,69.354,69.375,69.354,69.375,744,0
2017-10-13,18:00:00,69.394,69.394,69.394,69.394,100,0
2017-10-13,19:00:00,69.524,69.524,69.474,69.484,554,0
2017-10-13,20:00:00,69.444,69.533,69.444,69.514,1266,0
2017-10-13,21:00:00,69.504,69.504,69.469,69.469,998,0
2017-10-16,16:00:00,69.534,69.534,69.534,69.534,126,0
2017-10-16,17:00:00,69.504,69.504,69.375,69.375,1188,0
2017-10-16,18:00:00,69.384,69.494,69.384,69.484,1561,0
2017-10-16,19:00:00,69.464,69.464,69.434,69.434,742,0
2017-10-16,20:00:00,69.484,69.484,69.484,69.484,100,0
2017-10-16,21:00:00,69.584,69.584,69.544,69.573,2325,0
2017-10-16,22:00:00,69.574,69.574,69.554,69.554,341,0
2017-10-17,16:00:00,69.255,69.255,69.165,69.165,730,0
2017-10-17,17:00:00,68.996,69.006,68.856,68.876,1861,0
2017-10-17,18:00:00,68.912,68.936,68.911,68.921,1109,0
2017-10-17,19:00:00,68.985,69.026,68.985,69.006,1622,0
2017-10-17,20:00:00,69.056,69.084,69.026,69.026,1263,0
2017-10-17,21:00:00,69.045,69.125,69.045,69.095,8358,0
2017-10-17,22:00:00,69.115,69.115,69.09,69.1,6210,0
2017-10-18,16:00:00,69.135,69.135,69.135,69.135,100,0
2017-10-18,17:00:00,69.026,69.026,68.986,68.986,1324,0
2017-10-18,18:00:00,68.976,69.016,68.946,69.016,1589,0
2017-10-18,19:00:00,69.001,69.12,69.001,69.12,26372,0
2017-10-18,20:00:00,69.215,69.225,69.185,69.19,7167,0
2017-10-18,21:00:00,69.27,69.27,69.26,69.26,401,0
2017-10-18,22:00:00,69.255,69.255,69.255,69.255,301,0
2017-10-19,17:00:00,68.408,68.537,68.408,68.537,529,0
2017-10-19,18:00:00,68.537,68.557,68.497,68.517,7093,0
2017-10-19,19:00:00,68.507,68.507,68.487,68.499,572,0
2017-10-19,20:00:00,68.527,68.607,68.527,68.607,828,0
2017-10-19,22:00:00,68.607,68.607,68.587,68.597,720,0
2017-10-20,16:00:00,68.956,68.956,68.896,68.896,391,0
2017-10-20,17:00:00,68.856,68.946,68.856,68.941,3008,0
2017-10-20,18:00:00,68.916,68.986,68.916,68.936,1947,0
2017-10-20,20:00:00,69.067,69.075,69.067,69.075,528,0
2017-10-20,21:00:00,69.081,69.085,69.081,69.085,205,0
2017-10-23,16:00:00,69.006,69.056,68.976,69.051,2308,0
2017-10-23,17:00:00,69.036,69.066,68.886,68.886,4416,0
2017-10-23,18:00:00,68.896,68.906,68.786,68.876,2960,0
2017-10-23,19:00:00,68.886,68.926,68.863,68.926,4100,0
2017-10-23,20:00:00,68.941,68.976,68.896,68.966,2409,0
2017-10-23,21:00:00,68.958,68.968,68.846,68.886,3571,0
2017-10-23,22:00:00,68.891,68.891,68.726,68.747,4315,0
2017-10-24,17:00:00,68.723,68.723,68.723,68.723,549,0
2017-10-24,18:00:00,68.752,68.752,68.752,68.752,602,0
2017-10-24,19:00:00,68.911,68.911,68.876,68.876,1857,0
2017-10-24,20:00:00,68.871,68.885,68.806,68.806,1957,0
2017-10-24,21:00:00,68.816,68.886,68.816,68.886,367,0
2017-10-24,22:00:00,68.851,68.851,68.796,68.796,2883,0
2017-10-25,16:00:00,69.105,69.105,68.982,68.982,513,0
2017-10-25,17:00:00,68.936,68.936,68.717,68.717,1706,0
2017-10-25,18:00:00,68.617,68.617,68.377,68.408,1202,0
2017-10-25,19:00:00,68.288,68.288,68.263,68.278,377,0
2017-10-25,20:00:00,68.388,68.44,68.388,68.44,870,0
2017-10-25,21:00:00,68.497,68.497,68.497,68.497,100,0
2017-10-25,22:00:00,68.497,68.597,68.497,68.562,1330,0
2017-10-26,16:00:00,68.597,68.597,68.324,68.445,2395,0
2017-10-26,17:00:00,68.526,68.556,68.441,68.537,1456,0
2017-10-26,18:00:00,68.527,68.527,68.381,68.381,559,0
2017-10-26,19:00:00,68.198,68.198,68.198,68.198,461,0
2017-10-26,21:00:00,68.108,68.188,68.089,68.124,1391,0
2017-10-26,22:00:00,68.129,68.129,68.028,68.048,780,0
2017-10-27,16:00:00,68.358,68.358,68.173,68.178,1283,0
2017-10-27,17:00:00,68.517,68.587,68.507,68.567,2123,0
2017-10-27,18:00:00,68.587,68.593,68.587,68.593,276,0
2017-10-27,19:00:00,68.666,68.666,68.666,68.666,145,0
2017-10-27,20:00:00,68.653,68.653,68.653,68.653,451,0
2017-10-27,21:00:00,68.705,68.705,68.705,68.705,221,0
2017-10-27,22:00:00,68.727,68.836,68.727,68.826,1361,0
2017-10-30,15:00:00,68.557,68.557,68.557,68.557,100,0
2017-10-30,16:00:00,68.537,68.554,68.486,68.486,636,0
2017-10-30,17:00:00,68.368,68.368,68.188,68.238,543,0
2017-10-30,18:00:00,68.152,68.152,68.152,68.152,100,0
2017-10-30,19:00:00,68.135,68.221,68.135,68.221,301,0
2017-10-30,20:00:00,68.232,68.232,68.168,68.168,1279,0
2017-10-31,15:00:00,68.697,68.697,68.697,68.697,152,0
2017-10-31,16:00:00,68.537,68.537,68.537,68.537,153,0
2017-10-31,17:00:00,68.657,68.728,68.657,68.728,572,0
2017-10-31,18:00:00,68.736,68.757,68.736,68.747,1421,0
2017-10-31,19:00:00,68.785,68.785,68.732,68.756,1435,0
2017-10-31,20:00:00,68.836,68.876,68.826,68.838,677,0
2017-10-31,21:00:00,68.876,68.886,68.717,68.717,2507,0
2017-11-01,15:00:00,69.335,69.335,69.225,69.225,797,0
2017-11-01,16:00:00,69.325,69.355,69.325,69.355,354,0
2017-11-01,17:00:00,69.192,69.202,69.192,69.193,649,0
2017-11-01,18:00:00,69.205,69.221,69.115,69.115,506,0
2017-11-01,19:00:00,69.105,69.105,69.051,69.051,390,0
2017-11-01,20:00:00,69.085,69.255,69.085,69.245,10755,0
2017-11-01,21:00:00,69.224,69.224,69.166,69.166,509,0
2017-11-02,15:00:00,68.896,68.896,68.896,68.896,141,0
2017-11-02,16:00:00,68.811,69.016,68.781,68.936,1843,0
2017-11-02,18:00:00,68.915,68.915,68.836,68.836,427,0
2017-11-02,19:00:00,68.925,68.925,68.886,68.886,401,0
2017-11-02,20:00:00,68.906,68.906,68.906,68.906,500,0
2017-11-02,21:00:00,68.996,69.046,68.996,69.046,1003,0
2017-11-03,15:00:00,68.806,68.806,68.647,68.647,702,0
2017-11-03,16:00:00,68.287,68.287,68.287,68.287,253,0
2017-11-03,18:00:00,68.62,68.707,68.617,68.707,372,0
2017-11-03,19:00:00,68.707,68.717,68.707,68.707,502,0
2017-11-03,20:00:00,68.776,68.826,68.776,68.826,602,0
2017-11-03,21:00:00,68.786,68.786,68.692,68.692,2048,0
2017-11-06,17:00:00,69.235,69.312,69.205,69.312,1912,0
2017-11-06,18:00:00,69.255,69.335,69.255,69.335,244,0
2017-11-06,19:00:00,69.365,69.365,69.365,69.365,100,0
2017-11-06,20:00:00,69.409,69.444,69.409,69.444,1205,0
2017-11-06,21:00:00,69.524,69.564,69.524,69.564,535,0
2017-11-06,22:00:00,69.614,69.614,69.584,69.584,393,0
2017-11-07,16:00:00,69.604,69.604,69.474,69.474,983,0
2017-11-07,17:00:00,69.384,69.384,69.195,69.195,1246,0
2017-11-07,19:00:00,69.105,69.105,69.104,69.104,385,0
2017-11-07,20:00:00,69.155,69.175,69.155,69.175,317,0
2017-11-07,21:00:00,69.125,69.125,69.081,69.081,789,0
2017-11-07,22:00:00,69.051,69.12,69.051,69.12,1115,0
2017-11-08,16:00:00,69.574,69.574,69.534,69.534,276,0
2017-11-08,17:00:00,69.434,69.483,69.434,69.471,515,0
2017-11-08,18:00:00,69.503,69.514,69.484,69.514,1126,0
2017-11-08,19:00:00,69.584,69.614,69.584,69.594,2041,0
2017-11-08,20:00:00,69.613,69.644,69.607,69.607,562,0
2017-11-08,21:00:00,69.627,69.627,69.627,69.627,100,0
2017-11-08,22:00:00,69.807,69.812,69.732,69.742,1455,0
2017-11-09,16:00:00,69.55,69.55,69.55,69.55,105,0
2017-11-09,17:00:00,69.474,69.474,69.474,69.474,201,0
2017-11-09,18:00:00,69.355,69.355,69.355,69.355,1583,0
2017-11-09,22:00:00,69.394,69.481,69.394,69.481,301,0
2017-11-10,16:00:00,69.155,69.155,69.155,69.155,100,0
2017-11-10,17:00:00,69.098,69.108,69.026,69.026,1583,0
2017-11-10,19:00:00,68.926,68.926,68.896,68.896,201,0
2017-11-10,22:00:00,68.942,68.976,68.936,68.946,2096,0
2017-11-13,17:00:00,68.846,68.846,68.846,68.846,100,0
2017-11-13,18:00:00,68.816,68.816,68.757,68.757,14097,0
2017-11-13,21:00:00,68.851,68.851,68.851,68.851,285,0
2017-11-13,22:00:00,69.025,69.025,68.822,68.822,694,0
2017-11-14,16:00:00,68.846,68.846,68.767,68.767,296,0
2017-11-14,17:00:00,68.562,68.562,68.562,68.562,411,0
2017-11-14,18:00:00,68.57,68.597,68.547,68.597,1448,0
2017-11-14,19:00:00,68.557,68.557,68.557,68.557,632,0
2017-11-14,20:00:00,68.487,68.487,68.487,68.487,201,0
2017-11-14,21:00:00,68.484,68.484,68.484,68.484,201,0
2017-11-14,22:00:00,68.487,68.517,68.438,68.517,1375,0
2017-11-15,16:00:00,68.318,68.318,68.278,68.278,1364,0
2017-11-15,17:00:00,68.158,68.438,68.158,68.437,652,0
2017-11-15,18:00:00,68.477,68.521,68.477,68.521,612,0
2017-11-15,19:00:00,68.438,68.507,68.418,68.507,1168,0
2017-11-15,20:00:00,68.444,68.458,68.428,68.428,552,0
2017-11-15,21:00:00,68.368,68.408,68.368,68.408,218,0
2017-11-15,22:00:00,68.447,68.462,68.393,68.462,1387,0
2017-11-16,16:00:00,69.185,69.185,69.145,69.145,602,0
2017-11-16,17:00:00,69.443,69.443,69.443,69.443,150,0
2017-11-16,18:00:00,69.374,69.374,69.374,69.374,702,0
2017-11-16,19:00:00,69.504,69.504,69.504,69.504,110,0
2017-11-16,21:00:00,69.514,69.514,69.514,69.514,702,0
2017-11-16,22:00:00,69.427,69.433,69.427,69.433,368,0
2017-11-17,16:00:00,69.225,69.385,69.225,69.345,1087,0
2017-11-17,18:00:00,69.434,69.584,69.434,69.584,413,0
2017-11-17,19:00:00,69.658,69.658,69.658,69.658,276,0
2017-11-17,20:00:00,69.662,69.662,69.662,69.662,174,0
2017-11-17,21:00:00,69.63,69.63,69.604,69.604,433,0
2017-11-17,22:00:00,69.583,69.583,69.544,69.554,342,0
2017-11-20,16:00:00,69.414,69.414,69.414,69.414,100,0
2017-11-20,17:00:00,69.443,69.444,69.391,69.391,381,0
2017-11-20,18:00:00,69.484,69.484,69.484,69.484,436,0
2017-11-20,19:00:00,69.484,69.484,69.404,69.404,255,0
2017-11-20,22:00:00,69.544,69.544,69.544,69.544,176,0
2017-11-21,17:00:00,70.251,70.251,70.251,70.251,113,0
2017-11-21,18:00:00,70.301,70.326,70.301,70.326,742,0
2017-11-21,19:00:00,70.35,70.37,70.345,70.345,804,0
2017-11-21,20:00:00,70.311,70.311,70.311,70.311,100,0
2017-11-21,21:00:00,70.2,70.2,70.2,70.2,185,0
2017-11-21,22:00:00,70.178,70.178,70.154,70.154,351,0
2017-11-22,16:00:00,70.42,70.42,70.42,70.42,347,0
2017-11-22,17:00:00,70.423,70.44,70.38,70.38,1394,0
2017-11-22,18:00:00,70.345,70.345,70.294,70.311,1812,0
2017-11-22,19:00:00,70.287,70.32,70.281,70.32,631,0
2017-11-22,21:00:00,70.375,70.41,70.375,70.41,451,0
2017-11-22,22:00:00,70.52,70.53,70.495,70.519,2070,0
2017-11-24,16:00:00,70.26,70.26,70.221,70.221,341,0
2017-11-24,17:00:00,70.222,70.33,70.222,70.33,265,0
2017-11-24,18:00:00,70.301,70.343,70.301,70.342,1047,0
2017-11-24,19:00:00,70.42,70.42,70.42,70.42,100,0
2017-11-27,16:00:00,69.822,69.822,69.732,69.732,491,0
2017-11-27,18:00:00,69.653,69.653,69.52,69.52,900,0
2017-11-27,19:00:00,69.434,69.434,69.429,69.429,254,0
2017-11-27,20:00:00,69.515,69.515,69.515,69.515,364,0
2017-11-27,22:00:00,69.458,69.458,69.434,69.434,790,0
2017-11-28,16:00:00,69.614,69.614,69.474,69.474,301,0
2017-11-28,17:00:00,69.434,69.584,69.434,69.563,542,0
2017-11-28,18:00:00,69.654,69.742,69.654,69.742,602,0
2017-11-28,19:00:00,69.737,69.792,69.737,69.792,1303,0
2017-11-28,20:00:00,69.669,69.742,69.669,69.712,907,0
2017-11-28,21:00:00,69.534,69.654,69.534,69.594,326,0
2017-11-28,22:00:00,69.684,69.684,69.684,69.684,100,0
2017-11-29,16:00:00,69.414,69.414,69.145,69.145,514,0
2017-11-29,17:00:00,68.912,68.912,68.912,68.912,142,0
2017-11-29,18:00:00,68.821,68.886,68.637,68.637,1882,0
2017-11-29,19:00:00,68.767,68.8,68.767,68.8,1684,0
2017-11-29,20:00:00,68.796,68.801,68.796,68.801,488,0
2017-11-29,21:00:00,68.737,68.756,68.737,68.737,2564,0
2017-11-29,22:00:00,68.657,68.657,68.657,68.657,100,0
2017-11-30,16:00:00,68.467,68.467,68.408,68.408,201,0
2017-11-30,17:00:00,68.452,68.477,68.423,68.477,1952,0
2017-11-30,18:00:00,68.587,68.637,68.368,68.368,5182,0
2017-11-30,19:00:00,68.577,68.577,68.577,68.577,100,0
2017-11-30,20:00:00,68.397,68.418,68.308,68.308,3549,0
2017-11-30,22:00:00,68.458,68.517,68.438,68.517,409,0
2017-12-01,16:00:00,68.198,68.198,68.198,68.198,141,0
2017-12-01,17:00:00,68.245,68.338,68.245,68.338,571,0
2017-12-01,18:00:00,68.247,68.247,67.919,68.059,1305,0
2017-12-01,19:00:00,68.298,68.322,67.989,68.322,1888,0
2017-12-01,20:00:00,68.109,68.187,68.109,68.128,1088,0
2017-12-01,21:00:00,68.129,68.198,68.119,68.129,625,0
2017-12-04,17:00:00,68.676,68.676,68.428,68.428,1488,0
2017-12-04,18:00:00,68.56,68.56,68.527,68.537,729,0
2017-12-04,19:00:00,68.645,68.645,68.577,68.577,1003,0
2017-12-04,20:00:00,68.786,68.793,68.786,68.793,287,0
2017-12-04,21:00:00,68.76,68.76,68.587,68.612,663,0
2017-12-04,22:00:00,68.58,68.587,68.537,68.537,1303,0
2017-12-05,16:00:00,68.507,68.587,68.507,68.587,350,0
2017-12-05,17:00:00,68.577,68.617,68.577,68.617,349,0
2017-12-05,18:00:00,68.734,68.756,68.727,68.756,1063,0
2017-12-05,19:00:00,68.607,68.607,68.606,68.606,445,0
2017-12-05,20:00:00,68.526,68.526,68.519,68.519,281,0
2017-12-05,21:00:00,68.474,68.474,68.248,68.248,1668,0
2017-12-05,22:00:00,68.302,68.318,68.258,68.268,2069,0
2017-12-06,16:00:00,67.412,67.521,67.402,67.521,1976,0
2017-12-06,17:00:00,67.541,67.541,67.407,67.512,2502,0
2017-12-06,18:00:00,67.551,67.57,67.347,67.347,983,0
2017-12-06,19:00:00,67.342,67.342,67.342,67.342,401,0
2017-12-06,20:00:00,67.367,67.502,67.367,67.502,12597,0
2017-12-06,22:00:00,67.7,67.74,67.646,67.669,1659,0
2017-12-07,16:00:00,67.143,67.392,67.143,67.362,1238,0
2017-12-07,17:00:00,67.402,67.7,67.392,67.68,13719,0
2017-12-07,19:00:00,67.64,67.683,67.64,67.683,384,0
2017-12-07,20:00:00,67.72,67.72,67.72,67.72,201,0
2017-12-07,21:00:00,67.615,67.617,67.615,67.617,552,0
2017-12-07,22:00:00,67.61,67.61,67.61,67.61,160,0
2017-12-08,16:00:00,68.202,68.202,68.202,68.202,121,0
2017-12-08,17:00:00,68.139,68.178,67.989,67.989,2973,0
2017-12-08,18:00:00,68.049,68.049,68.045,68.049,1069,0
2017-12-08,19:00:00,68.103,68.129,67.909,67.909,4144,0
2017-12-08,20:00:00,68.161,68.178,68.129,68.129,440,0
2017-12-08,21:00:00,68.059,68.081,67.999,67.999,5038,0
2017-12-08,22:00:00,68.019,68.019,67.77,67.77,38018,0
2017-12-11,16:00:00,68.258,68.547,68.089,68.178,1109,0
2017-12-11,17:00:00,68.298,68.457,68.248,68.268,5542,0
2017-12-11,18:00:00,68.208,68.298,68.208,68.258,2182,0
2017-12-11,19:00:00,68.278,68.308,68.278,68.278,1088,0
2017-12-11,20:00:00,68.298,68.298,68.208,68.239,4414,0
2017-12-11,21:00:00,68.243,68.243,68.198,68.218,664,0
2017-12-11,22:00:00,68.248,68.248,68.208,68.218,2156,0
2017-12-12,16:00:00,67.8,67.8,67.61,67.645,2272,0
2017-12-12,17:00:00,67.74,67.74,67.59,67.68,4284,0
2017-12-12,18:00:00,67.705,67.73,67.681,67.681,523,0
2017-12-12,19:00:00,67.71,67.71,67.62,67.62,1110,0
2017-12-12,20:00:00,67.73,67.73,67.68,67.68,1565,0
2017-12-12,21:00:00,67.72,67.789,67.72,67.789,340,0
2017-12-12,22:00:00,67.879,67.959,67.879,67.959,909,0
2017-12-13,17:00:00,68.587,68.647,68.587,68.647,299,0
2017-12-13,18:00:00,68.667,68.667,68.597,68.597,930,0
2017-12-13,19:00:00,68.593,68.593,68.517,68.517,301,0
2017-12-13,20:00:00,68.597,68.597,68.597,68.597,301,0
2017-12-13,22:00:00,68.744,68.744,68.744,68.744,278,0
2017-12-14,16:00:00,68.527,68.657,68.527,68.613,1637,0
2017-12-14,17:00:00,68.597,68.627,68.587,68.587,552,0
2017-12-14,18:00:00,68.536,68.547,68.478,68.536,1522,0
2017-12-14,19:00:00,68.537,68.537,68.537,68.537,401,0
2017-12-14,21:00:00,68.474,68.474,68.474,68.474,446,0
2017-12-14,22:00:00,68.487,68.487,68.487,68.487,123,0
2017-12-15,17:00:00,68.398,68.398,68.386,68.386,547,0
2017-12-15,18:00:00,68.398,68.577,68.398,68.577,682,0
2017-12-15,19:00:00,68.57,68.57,68.57,68.57,223,0
2017-12-15,20:00:00,68.567,68.567,68.567,68.567,453,0
2017-12-15,21:00:00,68.607,68.727,68.597,68.617,3004,0
2017-12-15,22:00:00,68.617,68.647,68.617,68.637,1142,0
2017-12-18,17:00:00,69.461,69.461,69.45,69.45,1005,0
2017-12-18,18:00:00,69.644,69.644,69.584,69.584,346,0
2017-12-18,20:00:00,69.564,69.564,69.534,69.534,974,0
2017-12-18,21:00:00,69.556,69.594,69.556,69.594,1155,0
2017-12-18,22:00:00,69.564,69.629,69.504,69.629,878,0
2017-12-19,16:00:00,69.544,69.544,69.245,69.245,759,0
2017-12-19,18:00:00,69.202,69.255,69.202,69.224,4251,0
2017-12-19,19:00:00,69.106,69.145,69.106,69.145,356,0
2017-12-19,20:00:00,69.19,69.19,69.19,69.19,376,0
2017-12-19,21:00:00,69.15,69.2,69.15,69.176,512,0
2017-12-19,22:00:00,69.191,69.211,69.18,69.195,986,0
2017-12-20,16:00:00,69.584,69.584,69.34,69.34,201,0
2017-12-20,17:00:00,69.335,69.34,69.325,69.325,416,0
2017-12-20,18:00:00,69.404,69.474,69.385,69.464,1003,0
2017-12-20,19:00:00,69.524,69.524,69.474,69.504,301,0
2017-12-20,20:00:00,69.494,69.584,69.494,69.544,752,0
2017-12-20,21:00:00,69.444,69.454,69.444,69.444,823,0
2017-12-20,22:00:00,69.434,69.464,69.434,69.454,1003,0
2017-12-21,17:00:00,69.332,69.478,69.332,69.408,1212,0
2017-12-21,18:00:00,69.418,69.418,69.418,69.418,100,0
2017-12-21,19:00:00,69.517,69.517,69.517,69.517,189,0
2017-12-21,20:00:00,69.494,69.494,69.47,69.47,425,0
2017-12-21,21:00:00,69.404,69.411,69.404,69.411,295,0
2017-12-21,22:00:00,69.378,69.418,69.373,69.408,1201,0
2017-12-22,17:00:00,69.498,69.498,69.488,69.488,234,0
2017-12-22,18:00:00,69.567,69.567,69.567,69.567,125,0
2017-12-22,19:00:00,69.588,69.588,69.588,69.588,110,0
2017-12-22,21:00:00,69.698,69.717,69.688,69.717,799,0
2017-12-22,22:00:00,69.807,69.807,69.79,69.79,258,0
2017-12-26,16:00:00,69.558,69.558,69.558,69.558,400,0
2017-12-26,17:00:00,69.437,69.437,69.373,69.373,335,0
2017-12-26,18:00:00,69.388,69.443,69.388,69.443,10388,0
2017-12-26,19:00:00,69.438,69.501,69.418,69.438,3160,0
2017-12-26,20:00:00,69.448,69.448,69.308,69.448,5102,0
2017-12-26,21:00:00,69.473,69.473,69.473,69.473,100,0
2017-12-26,22:00:00,69.438,69.488,69.438,69.468,2266,0
2017-12-27,16:00:00,69.378,69.417,69.358,69.417,714,0
2017-12-27,17:00:00,69.568,69.573,69.568,69.573,396,0
2017-12-27,18:00:00,69.528,69.618,69.498,69.498,3542,0
2017-12-27,19:00:00,69.428,69.449,69.428,69.449,539,0
2017-12-27,20:00:00,69.368,69.368,69.363,69.363,565,0
2017-12-27,21:00:00,69.388,69.422,69.387,69.422,1502,0
2017-12-27,22:00:00,69.438,69.448,69.418,69.428,4918,0
2017-12-28,16:00:00,70.157,70.157,70.157,70.157,400,0
2017-12-28,18:00:00,70.087,70.107,70.07,70.107,1442,0
2017-12-28,20:00:00,70.048,70.048,70.017,70.037,721,0
2017-12-28,21:00:00,70.01,70.037,70.01,70.037,379,0
2017-12-28,22:00:00,70.067,70.127,69.977,69.977,6614,0
2017-12-29,18:00:00,70.446,70.627,70.427,70.497,14305,0
2017-12-29,19:00:00,70.497,70.497,70.487,70.487,340,0
2017-12-29,20:00:00,70.497,70.506,70.447,70.467,1178,0
2017-12-29,21:00:00,70.457,70.457,70.415,70.417,9048,0
2017-12-29,22:00:00,70.367,70.417,70.367,70.417,1150,0
2018-01-02,16:00:00,71.766,71.776,71.727,71.776,400,0
2018-01-02,17:00:00,71.827,71.856,71.807,71.847,2651,0
2018-01-02,18:00:00,71.876,71.886,71.837,71.866,2133,0
2018-01-02,19:00:00,71.891,71.906,71.891,71.906,400,0
2018-01-02,20:00:00,71.986,72.006,71.986,72.006,700,0
2018-01-02,21:00:00,72.051,72.086,72.051,72.051,2236,0
2018-01-02,22:00:00,72.061,72.071,72.061,72.071,356,0
2018-01-03,16:00:00,72.506,72.506,72.506,72.506,292,0
2018-01-03,17:00:00,72.636,72.636,72.626,72.626,335,0
2018-01-03,18:00:00,72.706,72.706,72.706,72.706,100,0
2018-01-03,19:00:00,72.691,72.706,72.691,72.706,503,0
2018-01-03,20:00:00,72.756,72.756,72.719,72.746,310,0
2018-01-03,21:00:00,72.761,72.761,72.761,72.761,400,0
2018-01-03,22:00:00,72.789,72.841,72.776,72.776,1449,0
2018-01-04,16:00:00,73.226,73.325,73.026,73.192,5757,0
2018-01-04,17:00:00,73.245,73.406,73.226,73.372,14602,0
2018-01-04,18:00:00,73.346,73.346,73.32,73.325,762,0
2018-01-04,19:00:00,73.355,73.446,73.346,73.446,5588,0
2018-01-04,20:00:00,73.286,73.286,73.286,73.286,448,0
2018-01-04,21:00:00,73.306,73.406,73.251,73.251,6101,0
2018-01-04,22:00:00,73.266,73.291,73.246,73.276,1300,0
2018-01-05,16:00:00,73.586,73.626,73.586,73.625,1287,0
2018-01-05,17:00:00,73.685,73.722,73.685,73.706,992,0
2018-01-05,18:00:00,73.809,73.896,73.809,73.866,1008,0
2018-01-05,19:00:00,73.881,73.896,73.881,73.896,551,0
2018-01-05,20:00:00,73.965,73.965,73.922,73.922,436,0
2018-01-05,21:00:00,73.945,73.956,73.936,73.936,417,0
2018-01-05,22:00:00,73.995,74.035,73.986,74.035,735,0
2018-01-08,16:00:00,73.966,74.025,73.966,74.025,795,0
2018-01-08,17:00:00,74.105,74.115,74.105,74.115,1400,0
2018-01-08,18:00:00,74.05,74.085,74.042,74.079,1915,0
2018-01-08,19:00:00,74.045,74.088,74.045,74.088,810,0
2018-01-08,20:00:00,74.135,74.205,74.135,74.205,1236,0
2018-01-08,21:00:00,74.22,74.245,74.186,74.225,1552,0
2018-01-08,22:00:00,74.165,74.195,74.135,74.195,1860,0
2018-01-09,16:00:00,74.045,74.045,73.836,73.836,835,0
2018-01-09,17:00:00,73.846,73.846,73.846,73.846,100,0
2018-01-09,18:00:00,74.045,74.095,74.015,74.015,751,0
2018-01-09,19:00:00,73.986,74.014,73.986,73.992,1188,0
2018-01-09,20:00:00,74.04,74.055,74.04,74.055,200,0
2018-01-09,21:00:00,73.976,74.035,73.976,74.035,494,0
2018-01-09,22:00:00,74.015,74.115,74.015,74.015,5157,0
2018-01-10,16:00:00,73.626,73.626,73.336,73.336,1602,0
2018-01-10,17:00:00,73.386,73.565,73.386,73.536,756,0
2018-01-10,18:00:00,73.536,73.596,73.526,73.591,2785,0
2018-01-10,19:00:00,73.596,73.596,73.596,73.596,195,0
2018-01-10,20:00:00,73.696,73.835,73.696,73.835,972,0
2018-01-10,21:00:00,73.796,73.796,73.526,73.526,300,0
2018-01-10,22:00:00,73.606,73.676,73.536,73.676,4488,0
2018-01-11,16:00:00,73.786,73.786,73.786,73.786,100,0
2018-01-11,17:00:00,73.886,73.886,73.796,73.839,1351,0
2018-01-11,18:00:00,73.945,73.945,73.945,73.945,400,0
2018-01-11,19:00:00,73.856,73.926,73.842,73.926,5034,0
2018-01-11,20:00:00,73.936,73.936,73.925,73.936,1737,0
2018-01-11,21:00:00,73.971,74.085,73.971,74.085,481,0
2018-01-11,22:00:00,74.115,74.115,74.114,74.114,600,0
2018-01-12,16:00:00,74.275,74.275,74.275,74.275,259,0
2018-01-12,17:00:00,74.455,74.605,74.455,74.605,1819,0
2018-01-12,18:00:00,74.595,74.595,74.595,74.595,500,0
2018-01-12,19:00:00,74.708,74.708,74.708,74.708,130,0
2018-01-12,20:00:00,74.735,74.735,74.7,74.7,400,0
2018-01-12,21:00:00,74.758,74.775,74.705,74.738,2028,0
2018-01-12,22:00:00,74.767,74.835,74.755,74.835,1871,0
2018-01-16,16:00:00,74.855,75.045,74.855,75.045,446,0
2018-01-16,17:00:00,74.955,74.975,74.815,74.815,557,0
2018-01-16,18:00:00,74.74,74.755,74.655,74.655,815,0
2018-01-16,21:00:00,74.265,74.265,74.12,74.12,1158,0
2018-01-16,22:00:00,74.145,74.232,74.145,74.232,818,0
2018-01-17,18:00:00,74.854,75.005,74.854,75.005,764,0
2018-01-17,19:00:00,75.015,75.185,75.015,75.185,2430,0
2018-01-17,20:00:00,75.24,75.334,75.24,75.334,1470,0
2018-01-17,21:00:00,75.355,75.385,75.275,75.275,1884,0
2018-01-17,22:00:00,75.274,75.274,75.149,75.255,1642,0
2018-01-18,16:00:00,75.335,75.335,75.335,75.335,229,0
2018-01-18,17:00:00,75.294,75.294,75.241,75.241,1424,0
2018-01-18,18:00:00,75.25,75.318,75.245,75.245,761,0
2018-01-18,19:00:00,75.295,75.374,75.294,75.335,1319,0
2018-01-18,20:00:00,75.261,75.278,75.261,75.278,721,0
2018-01-18,21:00:00,75.375,75.425,75.375,75.415,1030,0
2018-01-18,22:00:00,75.42,75.42,75.325,75.325,312,0
2018-01-19,16:00:00,75.515,75.515,75.465,75.465,900,0
2018-01-19,18:00:00,75.512,75.512,75.495,75.508,679,0
2018-01-19,21:00:00,75.655,75.775,75.655,75.755,1664,0
2018-01-19,22:00:00,75.735,75.795,75.735,75.775,3144,0
2018-01-22,16:00:00,75.905,75.905,75.905,75.905,100,0
2018-01-22,17:00:00,76.084,76.084,76.072,76.072,816,0
2018-01-22,18:00:00,76.135,76.279,76.135,76.253,1649,0
2018-01-22,19:00:00,76.244,76.244,76.184,76.244,462,0
2018-01-22,20:00:00,76.194,76.234,76.139,76.139,1358,0
2018-01-22,21:00:00,76.15,76.213,76.15,76.213,351,0
2018-01-22,22:00:00,76.242,76.424,76.242,76.424,1082,0
2018-01-23,16:00:00,76.494,76.504,76.494,76.504,557,0
2018-01-23,17:00:00,76.483,76.694,76.483,76.694,1501,0
2018-01-23,18:00:00,76.794,76.794,76.764,76.764,500,0
2018-01-23,19:00:00,76.764,76.764,76.679,76.714,3576,0
2018-01-23,20:00:00,76.674,76.674,76.674,76.674,100,0
2018-01-23,21:00:00,76.714,76.714,76.604,76.705,4393,0
2018-01-23,22:00:00,76.654,76.824,76.654,76.794,17704,0
2018-01-24,16:00:00,77.624,77.764,77.623,77.764,1574,0
2018-01-24,17:00:00,77.788,77.894,77.773,77.893,1877,0
2018-01-24,18:00:00,77.784,77.784,77.373,77.374,1131,0
2018-01-24,19:00:00,77.35,77.35,77.35,77.35,125,0
2018-01-24,20:00:00,77.389,77.684,77.224,77.684,2014,0
2018-01-24,21:00:00,77.633,77.744,77.624,77.744,2105,0
2018-01-24,22:00:00,77.684,77.864,77.654,77.723,7543,0
2018-01-25,16:00:00,77.794,77.854,77.794,77.854,399,0
2018-01-25,17:00:00,77.743,77.924,77.743,77.924,1330,0
2018-01-25,18:00:00,78.044,78.264,78.024,78.243,2860,0
2018-01-25,19:00:00,78.413,78.413,78.392,78.392,427,0
2018-01-25,20:00:00,78.443,78.443,78.443,78.443,100,0
2018-01-25,21:00:00,78.403,78.403,77.893,77.893,1195,0
2018-01-25,22:00:00,78.074,78.074,77.894,77.894,934,0
2018-01-26,16:00:00,78.642,78.642,78.642,78.642,200,0
2018-01-26,17:00:00,78.673,78.673,78.673,78.673,636,0
2018-01-26,18:00:00,78.673,78.723,78.673,78.723,1631,0
2018-01-26,19:00:00,78.763,78.793,78.763,78.793,1025,0
2018-01-26,20:00:00,78.799,78.872,78.799,78.869,400,0
2018-01-26,21:00:00,78.913,78.923,78.823,78.866,1630,0
2018-01-26,22:00:00,78.933,79.003,78.923,78.993,1658,0
2018-01-29,16:00:00,78.313,78.323,78.313,78.323,374,0
2018-01-29,17:00:00,78.269,78.292,78.224,78.264,760,0
2018-01-29,18:00:00,78.277,78.277,78.253,78.253,428,0
2018-01-29,19:00:00,78.264,78.264,78.264,78.264,100,0
2018-01-29,20:00:00,78.288,78.293,78.194,78.293,52045,0
2018-01-29,21:00:00,78.284,78.293,78.254,78.293,9190,0
2018-01-29,22:00:00,78.293,78.313,78.063,78.204,44389,0
2018-01-30,17:00:00,76.894,76.954,76.844,76.954,1808,0
2018-01-30,18:00:00,76.854,76.944,76.814,76.844,2036,0
2018-01-30,19:00:00,76.944,76.944,76.894,76.903,500,0
2018-01-30,20:00:00,76.807,76.924,76.807,76.924,321,0
2018-01-30,21:00:00,76.927,76.954,76.927,76.953,369,0
2018-01-30,22:00:00,77.054,77.124,76.984,76.984,1283,0
2018-01-31,16:00:00,77.904,77.904,77.864,77.864,650,0
2018-01-31,17:00:00,77.774,77.774,77.764,77.764,500,0
2018-01-31,18:00:00,77.584,77.584,77.513,77.519,550,0
2018-01-31,19:00:00,77.514,77.524,77.354,77.394,1788,0
2018-01-31,20:00:00,77.397,77.484,77.397,77.433,1158,0
2018-01-31,21:00:00,77.244,77.244,77.204,77.233,487,0
2018-01-31,22:00:00,77.244,77.384,77.184,77.374,1406,0
2018-02-01,16:00:00,76.714,76.714,76.714,76.714,163,0
2018-02-01,17:00:00,76.984,77.004,76.984,77.004,590,0
2018-02-01,18:00:00,76.974,77.104,76.754,77.104,480,0
2018-02-01,19:00:00,77.094,77.094,77.004,77.004,752,0
2018-02-01,20:00:00,77.061,77.061,76.799,76.799,32247,0
2018-02-01,21:00:00,76.784,76.784,76.619,76.763,1227,0
2018-02-01,22:00:00,76.814,76.836,76.553,76.703,4316,0
2018-02-02,16:00:00,76.035,76.035,75.965,75.965,835,0
2018-02-02,17:00:00,75.361,75.608,75.345,75.608,1124,0
2018-02-02,18:00:00,75.555,75.595,75.535,75.555,890,0
2018-02-02,19:00:00,75.722,75.722,75.712,75.712,285,0
2018-02-02,20:00:00,75.625,75.675,75.625,75.675,600,0
2018-02-02,21:00:00,75.49,75.49,75.228,75.228,1305,0
2018-02-02,22:00:00,75.115,75.265,74.905,74.94,12207,0
2018-02-05,16:00:00,74.655,74.865,74.655,74.865,603,0
2018-02-05,17:00:00,75.336,75.461,75.336,75.461,1281,0
2018-02-05,18:00:00,75.305,75.305,75.244,75.244,326,0
2018-02-05,19:00:00,75.214,75.214,75.055,75.055,1033,0
2018-02-05,20:00:00,74.915,74.915,74.615,74.615,1000,0
2018-02-05,21:00:00,74.645,74.645,74.22,74.22,420,0
2018-02-05,22:00:00,73.683,73.866,73.121,73.121,2131,0
2018-02-06,16:00:00,73.124,73.446,73.124,73.162,2026,0
2018-02-06,17:00:00,73.351,73.386,72.716,73.156,2303,0
2018-02-06,18:00:00,72.746,73.146,72.746,73.146,500,0
2018-02-06,19:00:00,73.216,73.976,73.216,73.623,1273,0
2018-02-06,20:00:00,73.706,73.716,73.437,73.437,3288,0
2018-02-06,21:00:00,73.466,74.405,73.466,74.405,1589,0
2018-02-06,22:00:00,74.485,74.605,74.095,74.254,29100,0
2018-02-07,16:00:00,73.346,73.346,73.294,73.294,715,0
2018-02-07,17:00:00,73.631,73.631,73.456,73.496,4570,0
2018-02-07,18:00:00,73.537,73.656,73.536,73.555,2499,0
2018-02-07,19:00:00,73.575,73.575,73.006,73.006,1201,0
2018-02-07,20:00:00,72.786,72.786,72.691,72.691,2201,0
2018-02-07,21:00:00,72.606,72.802,72.406,72.646,4061,0
2018-02-07,22:00:00,72.766,73.036,72.187,72.305,9385,0
2018-02-08,16:00:00,72.446,72.446,72.096,72.236,995,0
2018-02-08,17:00:00,72.026,72.056,71.893,72.056,470,0
2018-02-08,18:00:00,71.277,71.349,71.167,71.349,760,0
2018-02-08,19:00:00,71.183,71.183,70.907,70.907,2192,0
2018-02-08,20:00:00,70.777,71.077,70.567,71.077,300,0
2018-02-08,21:00:00,71.077,71.137,70.687,70.687,6225,0
2018-02-08,22:00:00,70.606,70.606,69.929,69.929,2979,0
2018-02-09,16:00:00,70.947,70.987,70.617,70.987,1324,0
2018-02-09,17:00:00,70.917,70.947,70.317,70.427,797,0
2018-02-09,18:00:00,70.637,70.637,70.167,70.177,3702,0
2018-02-09,19:00:00,69.488,69.745,69.171,69.737,3371,0
2018-02-09,20:00:00,69.498,69.748,68.888,69.748,3279,0
2018-02-09,21:00:00,70.157,70.717,70.157,70.606,2828,0
2018-02-09,22:00:00,70.127,71.497,70.127,71.087,2754,0
2018-02-12,16:00:00,71.886,72.106,71.886,72.056,1039,0
2018-02-12,17:00:00,71.956,71.956,71.317,71.507,1201,0
2018-02-12,18:00:00,71.627,71.767,71.627,71.767,309,0
2018-02-12,19:00:00,72.116,72.116,72.056,72.056,930,0
2018-02-12,20:00:00,72.059,72.146,72.059,72.146,450,0
2018-02-12,21:00:00,72.426,72.426,72.246,72.246,962,0
2018-02-12,22:00:00,72.356,72.475,72.026,72.026,2586,0
2018-02-13,16:00:00,72.036,72.161,72.036,72.161,688,0
2018-02-13,17:00:00,72.491,72.491,72.416,72.486,602,0
2018-02-13,18:00:00,72.346,72.436,72.346,72.436,350,0
2018-02-13,20:00:00,72.362,72.546,72.362,72.546,1178,0
2018-02-13,21:00:00,72.566,72.626,72.506,72.606,1254,0
2018-02-13,22:00:00,72.586,72.646,72.526,72.596,2259,0
2018-02-14,16:00:00,72.496,72.866,72.496,72.826,1133,0
2018-02-14,17:00:00,73.076,73.525,73.076,73.525,690,0
2018-02-14,18:00:00,73.536,73.536,73.486,73.486,606,0
2018-02-14,19:00:00,73.569,73.776,73.526,73.776,1370,0
2018-02-14,20:00:00,73.996,74.116,73.968,74.115,1316,0
2018-02-14,21:00:00,74.304,74.305,74.255,74.305,475,0
2018-02-14,22:00:00,74.366,74.495,74.255,74.32,2528,0
2018-02-15,16:00:00,75.465,75.465,75.315,75.315,296,0
2018-02-15,17:00:00,75.645,75.645,74.865,74.865,2870,0
2018-02-15,18:00:00,74.845,75.165,74.755,75.165,1229,0
2018-02-15,19:00:00,75.205,75.205,75.075,75.174,2710,0
2018-02-15,21:00:00,75.428,75.448,75.422,75.422,490,0
2018-02-15,22:00:00,75.36,75.36,75.36,75.36,100,0
2018-02-16,16:00:00,75.295,75.43,75.215,75.43,1184,0
2018-02-16,17:00:00,75.64,75.655,75.605,75.621,2908,0
2018-02-16,18:00:00,75.721,75.735,75.721,75.735,294,0
2018-02-16,19:00:00,75.865,75.965,75.705,75.705,1243,0
2018-02-16,20:00:00,75.513,75.585,75.275,75.585,729,0
2018-02-16,21:00:00,75.225,75.404,75.225,75.404,865,0
2018-02-16,22:00:00,75.505,75.505,75.505,75.505,210,0
2018-02-20,16:00:00,74.525,74.525,74.525,74.525,200,0
2018-02-20,17:00:00,74.555,74.655,74.555,74.655,907,0
2018-02-20,18:00:00,74.567,74.915,74.567,74.915,650,0
2018-02-20,19:00:00,74.925,74.925,74.905,74.905,400,0
2018-02-20,20:00:00,74.854,74.854,74.854,74.854,167,0
2018-02-20,21:00:00,74.904,74.904,74.904,74.904,346,0
2018-02-20,22:00:00,74.738,74.805,74.565,74.77,1780,0
2018-02-21,17:00:00,75.695,75.71,75.635,75.71,400,0
2018-02-21,18:00:00,75.765,75.765,75.725,75.725,1251,0
2018-02-21,19:00:00,75.705,75.724,75.705,75.724,300,0
2018-02-21,20:00:00,75.825,75.825,75.795,75.795,350,0
2018-02-21,21:00:00,75.965,76.025,75.875,75.875,300,0
2018-02-21,22:00:00,75.475,75.485,75.235,75.235,1323,0
2018-02-22,16:00:00,75.165,75.165,75.005,75.005,669,0
2018-02-22,17:00:00,75.155,75.155,75.155,75.155,151,0
2018-02-22,18:00:00,75.384,75.384,75.384,75.384,415,0
2018-02-22,19:00:00,75.264,75.264,75.264,75.264,265,0
2018-02-22,20:00:00,75.075,75.075,74.991,74.991,900,0
2018-02-22,21:00:00,75.225,75.235,75.205,75.205,20316,0
2018-02-22,22:00:00,74.949,74.949,74.949,74.949,205,0
2018-02-23,17:00:00,75.649,75.674,75.649,75.674,709,0
2018-02-23,18:00:00,75.74,75.865,75.74,75.865,2163,0
2018-02-23,19:00:00,75.875,75.875,75.875,75.875,100,0
2018-02-23,20:00:00,75.855,75.955,75.855,75.955,937,0
2018-02-23,21:00:00,75.915,75.915,75.915,75.915,200,0
2018-02-23,22:00:00,76.264,76.274,76.234,76.274,1701,0
2018-02-26,16:00:00,76.509,76.509,76.354,76.354,1008,0
2018-02-26,17:00:00,76.204,76.234,76.125,76.234,2047,0
2018-02-26,19:00:00,76.514,76.515,76.514,76.515,1702,0
2018-02-26,20:00:00,76.614,76.614,76.549,76.557,1145,0
2018-02-27,16:00:00,75.975,75.975,75.975,75.975,201,0
2018-02-27,17:00:00,75.806,76.014,75.73,75.755,3176,0
2018-02-27,18:00:00,75.335,75.345,75.185,75.185,950,0
2018-02-27,19:00:00,75.198,75.385,75.198,75.385,250,0
2018-02-27,20:00:00,75.375,75.375,75.375,75.375,100,0
2018-02-27,21:00:00,75.208,75.211,75.101,75.178,532,0
2018-02-27,22:00:00,75.045,75.045,74.875,74.875,1594,0
2018-02-28,16:00:00,74.704,74.704,74.704,74.704,454,0
2018-02-28,18:00:00,74.215,74.215,74.215,74.215,467,0
2018-02-28,19:00:00,74.405,74.614,74.355,74.614,2432,0
2018-02-28,20:00:00,74.53,74.755,74.53,74.755,1419,0
2018-02-28,21:00:00,74.796,74.796,74.796,74.796,312,0
2018-02-28,22:00:00,74.335,74.414,74.06,74.06,1230,0
2018-03-01,16:00:00,74.395,74.535,74.395,74.535,329,0
2018-03-01,17:00:00,74.275,74.295,74.275,74.295,254,0
2018-03-01,18:00:00,74.414,74.595,74.414,74.595,913,0
2018-03-01,19:00:00,74.264,74.365,74.045,74.254,1695,0
2018-03-01,20:00:00,74.105,74.105,73.915,73.915,1074,0
2018-03-01,22:00:00,73.706,73.896,73.706,73.866,820,0
2018-03-02,16:00:00,72.896,72.896,72.555,72.555,1110,0
2018-03-02,18:00:00,72.791,72.791,72.791,72.791,100,0
2018-03-02,19:00:00,73.412,73.412,73.412,73.412,129,0
2018-03-02,21:00:00,73.456,73.595,73.446,73.456,15800,0
2018-03-02,22:00:00,73.456,73.976,73.446,73.976,9287,0
2018-03-05,16:00:00,73.281,73.281,73.281,73.281,100,0
2018-03-05,17:00:00,73.196,73.456,73.196,73.456,500,0
2018-03-05,18:00:00,73.815,73.996,73.815,73.996,769,0
2018-03-05,20:00:00,74.075,74.155,74.075,74.085,637,0
2018-03-05,21:00:00,74.074,74.074,74.025,74.025,803,0
2018-03-05,22:00:00,74.145,74.15,74.125,74.15,565,0
2018-03-06,17:00:00,75.085,75.185,75.085,75.095,892,0
2018-03-06,18:00:00,74.845,74.845,74.655,74.655,600,0
2018-03-06,19:00:00,74.871,74.875,74.858,74.858,863,0
2018-03-06,21:00:00,74.965,74.965,74.965,74.965,151,0
2018-03-06,22:00:00,74.957,74.957,74.805,74.819,1605,0
2018-03-07,16:00:00,74.295,74.435,74.295,74.435,1245,0
2018-03-07,17:00:00,74.365,74.615,74.365,74.615,272,0
2018-03-07,18:00:00,74.625,74.625,74.625,74.625,100,0
2018-03-07,19:00:00,74.225,74.269,74.225,74.269,489,0
2018-03-07,20:00:00,74.41,74.41,74.41,74.41,100,0
2018-03-07,21:00:00,74.605,74.605,74.605,74.605,100,0
2018-03-07,22:00:00,74.775,74.895,74.775,74.895,1435,0
2018-03-08,16:00:00,75.11,75.11,75.045,75.045,300,0
2018-03-08,17:00:00,74.84,74.894,74.752,74.752,889,0
2018-03-08,18:00:00,74.934,74.934,74.765,74.765,295555,0
2018-03-08,19:00:00,74.69,74.69,74.69,74.69,100,0
2018-03-08,20:00:00,74.708,74.708,74.65,74.685,546,0
2018-03-08,22:00:00,75.095,75.095,74.938,74.938,533,0
2018-03-09,17:00:00,75.955,76.088,75.955,76.088,1010,0
2018-03-09,18:00:00,76.04,76.194,76.04,76.194,580,0
2018-03-09,19:00:00,76.293,76.305,76.293,76.305,335,0
2018-03-09,22:00:00,76.334,76.451,76.334,76.451,484,0
2018-03-12,15:00:00,76.494,76.674,76.494,76.674,200,0
2018-03-12,16:00:00,76.614,76.624,76.614,76.623,424,0
2018-03-12,17:00:00,76.504,76.504,76.394,76.404,863,0
2018-03-12,18:00:00,76.471,76.471,76.397,76.451,1212,0
2018-03-12,19:00:00,76.467,76.494,76.444,76.494,964,0
2018-03-12,20:00:00,76.513,76.513,76.434,76.487,1816,0
2018-03-12,21:00:00,76.504,76.534,76.504,76.511,590,0
2018-03-13,15:00:00,77.334,77.334,77.273,77.273,375,0
2018-03-13,16:00:00,77.214,77.233,77.034,77.034,1956,0
2018-03-13,17:00:00,76.824,76.844,76.724,76.724,1216,0
2018-03-13,18:00:00,76.544,76.674,76.454,76.659,793,0
2018-03-13,20:00:00,76.384,76.384,76.384,76.384,100,0
2018-03-13,21:00:00,76.274,76.304,76.105,76.304,3120,0
2018-03-14,15:00:00,76.854,76.854,76.854,76.854,390,0
2018-03-14,16:00:00,76.784,76.784,76.614,76.614,13720,0
2018-03-14,17:00:00,76.344,76.384,76.149,76.204,5308,0
2018-03-14,18:00:00,76.234,76.474,76.234,76.369,700,0
2018-03-14,19:00:00,76.394,76.604,76.394,76.604,510,0
2018-03-14,20:00:00,76.584,76.584,76.434,76.434,56587,0
2018-03-14,21:00:00,76.434,76.464,76.434,76.464,456,0
2018-03-15,16:00:00,76.494,76.563,76.389,76.563,1018,0
2018-03-15,17:00:00,76.724,76.774,76.724,76.754,950,0
2018-03-15,18:00:00,76.554,76.564,76.424,76.424,4868,0
2018-03-15,19:00:00,76.479,76.504,76.214,76.214,899,0
2018-03-15,20:00:00,76.154,76.244,76.154,76.231,1428,0
2018-03-15,21:00:00,76.314,76.463,76.314,76.443,38478,0
2018-03-16,15:00:00,76.434,76.434,76.294,76.354,7103,0
2018-03-16,16:00:00,76.444,76.473,76.374,76.374,1393,0
2018-03-16,17:00:00,76.364,76.383,76.244,76.324,1407,0
2018-03-16,18:00:00,76.314,76.424,76.224,76.414,2369,0
2018-03-16,19:00:00,76.364,76.364,76.244,76.274,7312,0
2018-03-16,20:00:00,76.285,76.379,76.264,76.344,1234,0
2018-03-16,21:00:00,76.434,76.434,76.394,76.394,1107,0
2018-03-19,15:00:00,75.835,75.915,75.835,75.865,352,0
2018-03-19,16:00:00,75.905,75.995,75.705,75.705,567,0
2018-03-19,17:00:00,75.795,75.834,75.355,75.4,2028,0
2018-03-19,18:00:00,75.395,75.395,75.235,75.275,2244,0
2018-03-19,19:00:00,75.005,75.365,75.005,75.365,1393,0
2018-03-19,20:00:00,75.295,75.339,75.155,75.339,1685,0
2018-03-19,21:00:00,75.305,75.518,75.304,75.518,1446,0
2018-03-20,15:00:00,76.364,76.364,76.364,76.364,124,0
2018-03-20,16:00:00,76.293,76.293,76.224,76.224,289,0
2018-03-20,17:00:00,76.484,76.484,76.484,76.484,133,0
2018-03-20,18:00:00,76.511,76.511,76.374,76.374,561,0
2018-03-20,19:00:00,76.357,76.374,76.357,76.374,310,0
2018-03-20,20:00:00,76.454,76.584,76.444,76.584,63130,0
2018-03-20,21:00:00,76.475,76.475,76.449,76.449,1686,0
2018-03-21,15:00:00,76.125,76.125,76.095,76.095,1074,0
2018-03-21,16:00:00,76.184,76.184,76.184,76.184,487,0
2018-03-21,17:00:00,76.154,76.254,76.154,76.244,3206,0
2018-03-21,18:00:00,76.377,76.394,76.377,76.386,2192,0
2018-03-21,19:00:00,76.414,76.414,76.324,76.404,1436,0
2018-03-21,20:00:00,76.403,76.403,76.384,76.384,255,0
2018-03-21,21:00:00,76.654,76.784,76.654,76.784,800,0
2018-03-22,15:00:00,74.89,75.02,74.71,75.02,901,0
2018-03-22,16:00:00,75.1196,75.1196,74.64,74.64,1239,0
2018-03-22,17:00:00,74.495,74.495,74.07,74.25,800,0
2018-03-22,18:00:00,74.44,74.738,74.44,74.738,638,0
2018-03-22,19:00:00,74.46,74.89,74.46,74.89,1748,0
2018-03-22,20:00:00,74.63,74.66,74.57,74.6,7786,0
2018-03-22,21:00:00,74.44,74.4596,73.98,74.07,4228,0
2018-03-23,15:00:00,74.22,74.22,74.21,74.21,200,0
2018-03-23,16:00:00,73.92,73.92,73.78,73.8648,1170,0
2018-03-23,17:00:00,73.7999,73.8,73.765,73.7699,761,0
2018-03-23,19:00:00,73.609,73.609,73.5604,73.5604,313,0
2018-03-23,20:00:00,73.5248,73.5248,73.04,73.04,400,0
2018-03-23,21:00:00,72.97,73.22,72.5985,72.62,3575,0
2018-03-26,16:00:00,74.44,74.44,74.44,74.44,200,0
2018-03-26,17:00:00,74.47,74.47,74.196,74.21,2985,0
2018-03-26,18:00:00,74.04,74.04,74.04,74.04,100,0
2018-03-26,20:00:00,74.349,74.349,74.2649,74.2649,558,0
2018-03-26,21:00:00,74.63,74.73,74.58,74.68,8524,0
2018-03-26,22:00:00,74.663,74.815,74.663,74.815,418,0
2018-03-27,16:00:00,74.92,74.92,74.79,74.79,400,0
2018-03-27,17:00:00,74.83,74.83,74.71,74.7991,760,0
2018-03-27,18:00:00,74.66,75.01,74.66,75.01,276,0
2018-03-27,19:00:00,74.9394,74.9394,74.64,74.77,2017,0
2018-03-27,20:00:00,74.8,74.81,74.55,74.55,14642,0
2018-03-27,21:00:00,74.3993,74.4493,74.14,74.14,2555,0
2018-03-27,22:00:00,73.77,73.98,73.1258,73.1258,4800,0
2018-03-28,16:00:00,73.18,73.28,72.8701,73.1079,1092,0
2018-03-28,17:00:00,73.33,73.465,72.83,72.83,1580,0
2018-03-28,18:00:00,73.04,73.04,73,73,395,0
2018-03-28,19:00:00,73.059,73.469,73.059,73.26,1475,0
2018-03-28,20:00:00,73.04,73.179,73.04,73.1,881,0
2018-03-28,21:00:00,72.98,72.98,72.98,72.98,134,0
2018-03-28,22:00:00,72.9784,73.01,72.9784,73.01,313,0
2018-03-29,16:00:00,73.45,73.45,73.45,73.45,122,0
2018-03-29,17:00:00,73.67,73.94,73.66,73.92,2100,0
2018-03-29,18:00:00,73.85,74.12,73.79,73.945,1705,0
2018-03-29,19:00:00,73.9,74.13,73.85,74.13,3153,0
2018-03-29,20:00:00,74.21,74.4,74.18,74.4,872,0
2018-03-29,21:00:00,74.4813,74.4813,74.4813,74.4813,100,0
2018-03-29,22:00:00,74.7,74.7,74.345,74.52,677,0
