Date,Time,Open,High,Low,Close,Volume,OpenInt
2017-09-05,16:00:00,24.35,24.95,24.25,24.7,21257,0
2017-09-05,17:00:00,24.75,24.8,24.6,24.7,14899,0
2017-09-05,18:00:00,24.75,24.75,24.45,24.6,7577,0
2017-09-05,19:00:00,24.55,24.55,24.2,24.45,9877,0
2017-09-05,20:00:00,24.4,24.5,24.25,24.4,15443,0
2017-09-05,21:00:00,24.425,24.55,24.25,24.4,11973,0
2017-09-05,22:00:00,24.45,24.55,24.3,24.55,31772,0
2017-09-06,16:00:00,24.55,25.25,24.5,25.15,11450,0
2017-09-06,17:00:00,25.1,25.2,24.8,24.9,13293,0
2017-09-06,18:00:00,24.9,24.9,24.55,24.7,10299,0
2017-09-06,19:00:00,24.75,24.9,24.65,24.85,10564,0
2017-09-06,20:00:00,24.9,25.375,24.9,25.3082,22770,0
2017-09-06,21:00:00,25.3,25.4,25.2,25.225,9218,0
2017-09-06,22:00:00,25.25,25.3,25.15,25.25,25770,0
2017-09-07,16:00:00,25.45,25.45,25.05,25.45,12086,0
2017-09-07,17:00:00,25.35,25.6,25.15,25.45,12174,0
2017-09-07,18:00:00,25.45,25.55,25.2,25.25,13495,0
2017-09-07,19:00:00,25.3,25.7,25.25,25.55,24077,0
2017-09-07,20:00:00,25.53,25.75,25.3,25.3,8900,0
2017-09-07,21:00:00,25.35,25.4924,25.3,25.3961,5934,0
2017-09-07,22:00:00,25.4,25.75,25.4,25.7,29209,0
2017-09-08,16:00:00,25.7,26,25.55,26,5420,0
2017-09-08,17:00:00,26,26.05,25.45,25.55,9296,0
2017-09-08,18:00:00,25.6,25.65,25.45,25.55,9260,0
2017-09-08,19:00:00,25.65,25.85,25.6,25.75,6707,0
2017-09-08,20:00:00,25.75,25.75,25.6,25.6283,5592,0
2017-09-08,21:00:00,25.6,25.8,25.5999,25.64,10422,0
2017-09-08,22:00:00,25.65,25.8,25.55,25.65,28435,0
2017-09-11,16:00:00,25.85,25.95,25.3,25.6,6263,0
2017-09-11,17:00:00,25.65,25.65,25.125,25.25,11889,0
2017-09-11,18:00:00,25.2,25.35,25.0585,25.25,10496,0
2017-09-11,19:00:00,25.25,25.275,25.125,25.1638,9405,0
2017-09-11,20:00:00,25.15,25.3,25.15,25.275,19200,0
2017-09-11,21:00:00,25.3,25.3,25.05,25.05,22819,0
2017-09-11,22:00:00,25.05,25.3,25,25.25,55548,0
2017-09-12,16:00:00,25.4,25.4,24.75,24.9,8888,0
2017-09-12,17:00:00,24.9,25.05,24.75,24.75,8180,0
2017-09-12,18:00:00,24.75,24.95,24.7,24.8,14941,0
2017-09-12,19:00:00,24.8,24.8,24.35,24.35,14737,0
2017-09-12,20:00:00,24.3,24.5,24.15,24.15,25786,0
2017-09-12,21:00:00,24.2,24.4,24.15,24.25,38037,0
2017-09-12,22:00:00,24.3,24.55,24.3,24.55,39599,0
2017-09-13,16:00:00,24.4,24.8,24.4,24.55,3882,0
2017-09-13,17:00:00,24.5613,24.75,24.5,24.6,20301,0
2017-09-13,18:00:00,24.625,24.8,24.5852,24.65,4104,0
2017-09-13,19:00:00,24.7,24.81,24.65,24.7504,15357,0
2017-09-13,20:00:00,24.65,24.75,24.55,24.6,6339,0
2017-09-13,21:00:00,24.6,24.6,24.35,24.45,9832,0
2017-09-13,22:00:00,24.45,24.4524,24.3,24.4,24050,0
2017-09-14,16:00:00,24.2,24.399,24,24.2,7261,0
2017-09-14,17:00:00,24.125,24.5,24.125,24.45,8631,0
2017-09-14,18:00:00,24.5,24.7,24.5,24.699,15214,0
2017-09-14,19:00:00,24.6,24.65,24.5,24.55,8599,0
2017-09-14,20:00:00,24.55,24.65,24.525,24.65,6203,0
2017-09-14,21:00:00,24.7,24.8001,24.7,24.8,5900,0
2017-09-14,22:00:00,24.8,24.85,24.65,24.75,29840,0
2017-09-15,16:00:00,24.85,24.85,24.35,24.55,42291,0
2017-09-15,17:00:00,24.599,24.599,24.45,24.45,17495,0
2017-09-15,18:00:00,24.4,24.5,24.3,24.4,31544,0
2017-09-15,19:00:00,24.4,24.45,24.275,24.35,5700,0
2017-09-15,20:00:00,24.3968,24.5985,24.3499,24.45,36389,0
2017-09-15,21:00:00,24.5,24.55,24.32,24.325,15097,0
2017-09-15,22:00:00,24.325,24.6,24.25,24.6,81599,0
2017-09-18,16:00:00,24.55,24.85,24.5,24.7551,4062,0
2017-09-18,17:00:00,24.8,24.85,24.65,24.75,12277,0
2017-09-18,18:00:00,24.8,24.8,24.5,24.6,5519,0
2017-09-18,19:00:00,24.55,24.65,24.5,24.6,5600,0
2017-09-18,20:00:00,24.6,24.6151,24.45,24.45,4400,0
2017-09-18,21:00:00,24.5,24.5,24.2,24.3,11919,0
2017-09-18,22:00:00,24.25,24.45,24.2,24.4,36739,0
2017-09-19,16:00:00,24.4,24.55,24.05,24.2,15290,0
2017-09-19,17:00:00,24.1,24.1,23.8,23.82,23079,0
2017-09-19,18:00:00,23.8,24.05,23.71,23.95,18633,0
2017-09-19,19:00:00,24,24.15,23.95,24.1,7999,0
2017-09-19,20:00:00,24.1,24.15,24,24.1,3979,0
2017-09-19,21:00:00,24.1,24.1,23.925,23.925,5520,0
2017-09-19,22:00:00,23.95,24,23.8,23.9,32230,0
2017-09-20,16:00:00,23.8,24,23.35,23.6264,29871,0
2017-09-20,17:00:00,23.6,23.75,23.5,23.6,27834,0
2017-09-20,18:00:00,23.6,24.25,23.55,24.25,17221,0
2017-09-20,19:00:00,24.3,24.35,24.2,24.2,7630,0
2017-09-20,20:00:00,24.14,24.2,24.1,24.2,6123,0
2017-09-20,21:00:00,24.15,24.35,23.95,24.2,21275,0
2017-09-20,22:00:00,24.25,24.25,23.95,24.1,35331,0
2017-09-21,16:00:00,24.15,24.15,23.7,23.7,2754,0
2017-09-21,17:00:00,23.95,24.1,23.8,23.95,12877,0
2017-09-21,18:00:00,23.95,24.25,23.9,24.2,6802,0
2017-09-21,19:00:00,24.25,24.45,24.225,24.35,6349,0
2017-09-21,20:00:00,24.4,24.5,24.25,24.45,7966,0
2017-09-21,21:00:00,24.45,24.45,24.25,24.3,8383,0
2017-09-21,22:00:00,24.35,24.45,24.15,24.35,21272,0
2017-09-22,16:00:00,24.25,24.4,24.1584,24.35,3168,0
2017-09-22,17:00:00,24.3,24.3,23.7,24,22220,0
2017-09-22,18:00:00,24,24.2,23.9,23.9,12674,0
2017-09-22,19:00:00,23.955,24,23.8,23.9,9158,0
2017-09-22,20:00:00,23.95,24.35,23.9,24.275,9184,0
2017-09-22,21:00:00,24.3,24.4,24,24.0398,17000,0
2017-09-22,22:00:00,24.05,24.15,24.0369,24.1,16945,0
2017-09-25,16:00:00,24.2,24.35,24.1929,24.2,3705,0
2017-09-25,17:00:00,24.2,24.4,24,24.075,6679,0
2017-09-25,18:00:00,24,24.5,24,24.475,14665,0
2017-09-25,19:00:00,24.5,24.7,24.5,24.65,11490,0
2017-09-25,20:00:00,24.625,24.7,24.5,24.55,10649,0
2017-09-25,21:00:00,24.575,24.6,24.5,24.6,6420,0
2017-09-25,22:00:00,24.6,25.15,24.525,25.1,49921,0
2017-09-26,16:00:00,25.05,25.7,25.05,25.3,6697,0
2017-09-26,17:00:00,25.25,25.45,25,25.3916,7614,0
2017-09-26,18:00:00,25.35,25.75,25.2997,25.75,9223,0
2017-09-26,19:00:00,25.75,26,25.525,25.9,19081,0
2017-09-26,20:00:00,25.9,26.3,25.8,26.25,20400,0
2017-09-26,21:00:00,26.25,26.45,26.1,26.3,14279,0
2017-09-26,22:00:00,26.3,26.7,26.0363,26.6,73014,0
2017-09-27,16:00:00,26.55,27.05,26.4,26.9,19400,0
2017-09-27,17:00:00,27,27.75,27,27.55,37291,0
2017-09-27,18:00:00,27.55,27.95,27.35,27.6,42376,0
2017-09-27,19:00:00,27.5,28,27.4,27.9,22426,0
2017-09-27,20:00:00,27.8,28.55,27.8,28.55,37097,0
2017-09-27,21:00:00,28.65,28.7,28.2,28.45,39033,0
2017-09-27,22:00:00,28.45,28.6,28.1,28.1,81108,0
2017-09-28,16:00:00,28.15,28.65,27.85,28.3,11965,0
2017-09-28,17:00:00,28.3032,28.4,27.9568,28.1,9226,0
2017-09-28,18:00:00,28.05,28.15,27.85,27.95,29625,0
2017-09-28,19:00:00,28,28.05,27.615,27.8,13007,0
2017-09-28,20:00:00,27.7,27.8,27.55,27.65,14553,0
2017-09-28,21:00:00,27.65,27.8,27.2473,27.325,26199,0
2017-09-28,22:00:00,27.265,27.55,27.15,27.25,48459,0
2017-09-29,16:00:00,27.35,27.7455,26.95,27.05,5252,0
2017-09-29,17:00:00,27.1,27.35,27.0875,27.35,9750,0
2017-09-29,18:00:00,27.3,27.5,27.25,27.4,7919,0
2017-09-29,19:00:00,27.4,27.6,27.4,27.484,9218,0
2017-09-29,20:00:00,27.55,27.75,27.55,27.7,6200,0
2017-09-29,21:00:00,27.7,27.7,27.4,27.6,16282,0
2017-09-29,22:00:00,27.6,27.7,27.55,27.55,28981,0
2017-10-02,16:00:00,27.5,28.1431,27.5,28.075,15447,0
2017-10-02,17:00:00,28.1253,28.35,28.05,28.125,21800,0
2017-10-02,18:00:00,28.1,28.5,28.1,28.25,17519,0
2017-10-02,19:00:00,28.25,28.45,28.15,28.4,29175,0
2017-10-02,20:00:00,28.4,28.45,28.3,28.4,73434,0
2017-10-02,21:00:00,28.4,28.5,28.3,28.4,55273,0
2017-10-02,22:00:00,28.45,28.45,28.25,28.3,49509,0
2017-10-03,16:00:00,28.5,28.75,28,28.1,9328,0
2017-10-03,17:00:00,28,28,27.6,27.7,15216,0
2017-10-03,18:00:00,27.734,27.95,27.7,27.95,5768,0
2017-10-03,19:00:00,27.9,28.05,27.9,27.9,4641,0
2017-10-03,20:00:00,27.9483,28,27.8,27.95,7879,0
2017-10-03,21:00:00,27.95,27.9503,27.8,27.8,5984,0
2017-10-03,22:00:00,27.8,27.95,27.7,27.75,39905,0
2017-10-04,16:00:00,27.65,28,27.65,27.8,5143,0
2017-10-04,17:00:00,27.9,28.2,27.85,28.05,7316,0
2017-10-04,18:00:00,28.1,28.25,28,28.2,16838,0
2017-10-04,19:00:00,28.2,28.2,27.95,28.15,11666,0
2017-10-04,20:00:00,28.15,28.3,27.85,27.95,31786,0
2017-10-04,21:00:00,28,28.05,27.755,27.8,8951,0
2017-10-04,22:00:00,27.75,28,27.6,27.95,24700,0
2017-10-05,16:00:00,28,28.1,27.798,27.95,9337,0
2017-10-05,17:00:00,27.95,28.05,27.85,27.86,13460,0
2017-10-05,18:00:00,27.9,28,27.8,27.9,9085,0
2017-10-05,19:00:00,27.9459,28,27.75,27.9,4658,0
2017-10-05,20:00:00,27.95,28,27.9,28,3716,0
2017-10-05,21:00:00,28,28,27.95,27.95,10506,0
2017-10-05,22:00:00,27.95,27.95,27.8,27.95,23519,0
2017-10-06,16:00:00,27.9,27.9,27.55,27.7,6034,0
2017-10-06,17:00:00,27.7,27.75,27.35,27.35,16737,0
2017-10-06,18:00:00,27.45,27.55,27.3,27.35,9748,0
2017-10-06,19:00:00,27.325,27.55,27.3,27.5,5545,0
2017-10-06,20:00:00,27.45,27.5,27.4,27.45,6878,0
2017-10-06,21:00:00,27.5,27.65,27.4,27.4,38741,0
2017-10-06,22:00:00,27.475,27.55,27.275,27.35,50730,0
2017-10-09,16:00:00,27.3,27.5,27.1511,27.1511,1691,0
2017-10-09,17:00:00,27.15,27.35,27.051,27.25,4484,0
2017-10-09,18:00:00,27.3,27.45,27.215,27.35,4179,0
2017-10-09,19:00:00,27.35,27.4,27.2,27.2,2789,0
2017-10-09,20:00:00,27.25,27.3,27.15,27.275,2887,0
2017-10-09,21:00:00,27.2,27.3,27.1352,27.25,8719,0
2017-10-09,22:00:00,27.3,27.3,26.9,27,47338,0
2017-10-10,16:00:00,27.2,27.35,26.9,26.95,112933,0
2017-10-10,17:00:00,26.975,27.65,26.8,26.95,176611,0
2017-10-10,18:00:00,27.1,27.35,27.05,27.25,7269,0
2017-10-10,19:00:00,27.2,27.25,27.0686,27.1,11400,0
2017-10-10,20:00:00,27.1,27.2,27,27.1,21868,0
2017-10-10,21:00:00,27.05,27.05,26.9,26.95,7278,0
2017-10-10,22:00:00,26.9,27.1,26.9,27,31588,0
2017-10-11,16:00:00,27,27.6,27,27.6,10227,0
2017-10-11,17:00:00,27.65,27.7,26.9,27,154230,0
2017-10-11,18:00:00,27,27.05,26.881,26.9,24674,0
2017-10-11,19:00:00,26.9,27,26.8,26.875,8547,0
2017-10-11,20:00:00,26.875,27.1,26.875,27,9649,0
2017-10-11,21:00:00,27,27.05,26.75,26.85,20323,0
2017-10-11,22:00:00,26.85,26.9,26.7,26.85,27459,0
2017-10-12,16:00:00,26.7,26.75,26.4,26.575,7657,0
2017-10-12,17:00:00,26.6,26.9,26.5,26.725,17946,0
2017-10-12,18:00:00,26.75,26.95,26.7,26.95,8472,0
2017-10-12,19:00:00,26.9,26.95,26.7,26.75,8200,0
2017-10-12,20:00:00,26.75,27,26.7011,26.85,12375,0
2017-10-12,21:00:00,26.8,26.925,26.754,26.875,11523,0
2017-10-12,22:00:00,26.85,26.9,26.75,26.9,26392,0
2017-10-13,16:00:00,26.85,27.2,26.75,26.75,3059,0
2017-10-13,17:00:00,26.75,26.75,26.2,26.35,14895,0
2017-10-13,18:00:00,26.45,26.45,26.3497,26.35,8032,0
2017-10-13,19:00:00,26.35,26.55,26.35,26.405,16976,0
2017-10-13,20:00:00,26.55,26.8,26.55,26.8,6450,0
2017-10-13,21:00:00,26.85,26.85,26.55,26.55,8311,0
2017-10-13,22:00:00,26.65,26.9,26.6,26.75,37407,0
2017-10-16,16:00:00,26.9,27.3,26.9,27.25,4561,0
2017-10-16,17:00:00,27.3,27.3,26.975,27.1,8615,0
2017-10-16,18:00:00,27.05,27.1,26.9,27,9583,0
2017-10-16,19:00:00,26.95,27,26.7,26.75,7646,0
2017-10-16,20:00:00,26.8,26.9,26.6,26.8415,5374,0
2017-10-16,21:00:00,26.9,26.9,26.725,26.75,5200,0
2017-10-16,22:00:00,26.8,27,26.75,26.95,21379,0
2017-10-17,16:00:00,26.8,26.95,26.66,26.9,25333,0
2017-10-17,17:00:00,26.95,27.025,26.6,26.75,24582,0
2017-10-17,18:00:00,26.7499,26.8,26.6,26.6,3830,0
2017-10-17,19:00:00,26.5508,26.75,26.5,26.6,11247,0
2017-10-17,20:00:00,26.55,26.7,26.3,26.35,10875,0
2017-10-17,21:00:00,26.3,26.5,26.2,26.5,5157,0
2017-10-17,22:00:00,26.5,26.55,26.05,26.1,40708,0
2017-10-18,16:00:00,26.1,26.2,25.95,25.95,3724,0
2017-10-18,17:00:00,25.95,26.3,25.75,26.1,19288,0
2017-10-18,18:00:00,26.2,26.3,26.1,26.2,11329,0
2017-10-18,19:00:00,26.225,26.4,26.2,26.4,14939,0
2017-10-18,20:00:00,26.35,26.45,26.35,26.45,7400,0
2017-10-18,21:00:00,26.4,26.45,26.3,26.35,4689,0
2017-10-18,22:00:00,26.35,26.45,26.1,26.1,30155,0
2017-10-19,16:00:00,26.2,26.3,25.7656,25.8475,5928,0
2017-10-19,17:00:00,25.75,26.05,25.75,25.9,16402,0
2017-10-19,18:00:00,25.95,25.95,25.65,25.65,9209,0
2017-10-19,19:00:00,25.7,25.95,25.6,25.95,5233,0
2017-10-19,20:00:00,25.9,25.95,25.75,25.9,3700,0
2017-10-19,21:00:00,25.95,25.95,25.85,25.925,2617,0
2017-10-19,22:00:00,25.925,25.95,25.75,25.85,21984,0
2017-10-20,16:00:00,26,26,25.6,25.6,8836,0
2017-10-20,17:00:00,25.6,25.65,25.3,25.4,26911,0
2017-10-20,18:00:00,25.45,25.5,25.3,25.41,10403,0
2017-10-20,19:00:00,25.45,25.6,25.31,25.56,14120,0
2017-10-20,20:00:00,25.65,25.65,25.45,25.55,5200,0
2017-10-20,21:00:00,25.5,25.5,25.15,25.15,9917,0
2017-10-20,22:00:00,25.2,25.5,25.05,25.5,29252,0
2017-10-23,16:00:00,25.55,25.55,25.325,25.4,3630,0
2017-10-23,17:00:00,25.4,25.65,25.2,25.55,9600,0
2017-10-23,18:00:00,25.5,25.55,25.2,25.25,11410,0
2017-10-23,19:00:00,25.25,25.6,25.25,25.6,5903,0
2017-10-23,20:00:00,25.6,25.7,25.5,25.625,4089,0
2017-10-23,21:00:00,25.65,25.7,25.525,25.65,3724,0
2017-10-23,22:00:00,25.65,25.75,25.3,25.35,30997,0
2017-10-24,16:00:00,25.5,25.5,25.195,25.195,2368,0
2017-10-24,17:00:00,25.1,25.5,25.1,25.5,3850,0
2017-10-24,18:00:00,25.5,25.65,25.4,25.5,3600,0
2017-10-24,19:00:00,25.5,25.6,25.45,25.5,2500,0
2017-10-24,20:00:00,25.45,25.8,25.35,25.8,10069,0
2017-10-24,21:00:00,25.8,25.9,25.7,25.75,9536,0
2017-10-24,22:00:00,25.8,25.8,25.4,25.5,19979,0
2017-10-25,16:00:00,25.55,25.7,25.45,25.45,2431,0
2017-10-25,17:00:00,25.55,25.85,25.55,25.65,9260,0
2017-10-25,18:00:00,25.65,26,25.6,25.7,12698,0
2017-10-25,19:00:00,25.65,25.8965,25.615,25.85,10296,0
2017-10-25,20:00:00,26,26.3,26,26.15,12074,0
2017-10-25,21:00:00,26.2,26.2,25.781,25.9,4954,0
2017-10-25,22:00:00,25.9,26.1,25.9,26.05,17024,0
2017-10-26,16:00:00,25.95,26.1,25.7,25.95,9303,0
2017-10-26,17:00:00,25.85,26.5,25.8252,26.45,13113,0
2017-10-26,18:00:00,26.55,26.65,25.2,25.45,30997,0
2017-10-26,19:00:00,25.5,25.65,25.3,25.5,7871,0
2017-10-26,20:00:00,25.45,25.6,25.25,25.5,12524,0
2017-10-26,21:00:00,25.55,25.6,25.15,25.3,21835,0
2017-10-26,22:00:00,25.3,25.4,25.1,25.4,29847,0
2017-10-27,16:00:00,25.45,25.8,25.4,25.8,1400,0
2017-10-27,17:00:00,25.65,25.9,25.5,25.7,9063,0
2017-10-27,18:00:00,25.7,25.75,25.55,25.55,7004,0
2017-10-27,19:00:00,25.65,25.9,25.65,25.8,3521,0
2017-10-27,20:00:00,25.9,25.9167,25.7,25.85,6321,0
2017-10-27,21:00:00,25.85,26.05,25.8,25.9,9234,0
2017-10-27,22:00:00,25.9,26.248,25.9,26.15,32149,0
2017-10-30,15:00:00,26,26.799,25.751,26.55,34033,0
2017-10-30,16:00:00,26.55,27.4195,26.55,27.2,29465,0
2017-10-30,17:00:00,27.25,27.3,26.651,26.8,18563,0
2017-10-30,18:00:00,26.85,27.05,26.8,27,7560,0
2017-10-30,19:00:00,26.95,26.95,26.5,26.6,5773,0
2017-10-30,20:00:00,26.55,26.6001,26.4,26.5,6647,0
2017-10-30,21:00:00,26.5,26.9,26.35,26.85,34495,0
2017-10-31,15:00:00,26.85,27.3,26.35,26.35,12226,0
2017-10-31,16:00:00,26.35,26.6,26.15,26.4,16499,0
2017-10-31,17:00:00,26.4,26.6,26.25,26.55,40335,0
2017-10-31,18:00:00,26.65,26.65,26.05,26.25,43913,0
2017-10-31,19:00:00,26.225,26.35,25.7,25.9499,13914,0
2017-10-31,20:00:00,25.95,26.3,25.95,26.3,8314,0
2017-10-31,21:00:00,26.275,26.3,26,26,62855,0
2017-11-01,15:00:00,26.25,26.3,26.05,26.05,10799,0
2017-11-01,16:00:00,26.1,26.45,25.75,26.375,32938,0
2017-11-01,17:00:00,26.35,26.35,25.65,25.65,28251,0
2017-11-01,18:00:00,25.65,25.85,25.55,25.55,8077,0
2017-11-01,19:00:00,25.5,25.6,25.35,25.55,10754,0
2017-11-01,20:00:00,25.55,25.8,25.45,25.6786,7529,0
2017-11-01,21:00:00,25.65,25.95,25.65,25.8,17156,0
2017-11-02,15:00:00,25.85,26.05,25.6512,26,18525,0
2017-11-02,16:00:00,26.025,26.15,25.6,25.95,32841,0
2017-11-02,17:00:00,25.95,26,25.75,25.8068,7875,0
2017-11-02,18:00:00,25.75,25.95,25.65,25.75,19535,0
2017-11-02,19:00:00,25.75,25.9,25.7,25.75,18767,0
2017-11-02,20:00:00,25.739,25.85,25.7,25.75,13281,0
2017-11-02,21:00:00,25.75,25.95,25.7,25.9,40715,0
2017-11-03,15:00:00,25.8,26.25,25.3,25.7,27113,0
2017-11-03,16:00:00,25.675,25.9225,25.5,25.75,24169,0
2017-11-03,17:00:00,25.75,26.05,25.6,25.75,8667,0
2017-11-03,18:00:00,25.85,26.15,25.8,25.8,5500,0
2017-11-03,19:00:00,25.75,26.2,25.75,26,8067,0
2017-11-03,20:00:00,26.025,26.025,25.7,25.85,9931,0
2017-11-03,21:00:00,25.8,26.2,25.7,26.15,29320,0
2017-11-06,16:00:00,26.25,26.7,26.25,26.7,6224,0
2017-11-06,17:00:00,26.85,27.25,26.6,26.6,14676,0
2017-11-06,18:00:00,26.6,26.9,26.6,26.9,5254,0
2017-11-06,19:00:00,26.95,27.05,26.9,27,5440,0
2017-11-06,20:00:00,26.95,27.2,26.95,27.05,8311,0
2017-11-06,21:00:00,27,27.25,27,27.175,20168,0
2017-11-06,22:00:00,27.2,27.25,27,27.05,44450,0
2017-11-07,16:00:00,27.1,27.15,26.75,26.8,8714,0
2017-11-07,17:00:00,26.8,26.9,26.4,26.4,18481,0
2017-11-07,19:00:00,27,27.25,26.9,27.2,8699,0
2017-11-07,20:00:00,27.2,27.45,27.1,27.4,8234,0
2017-11-07,21:00:00,27.45,27.5,27.1,27.15,9028,0
2017-11-07,22:00:00,27.15,27.15,26.75,26.8,75875,0
2017-11-08,16:00:00,26.9,26.9,26.47,26.6,7887,0
2017-11-08,17:00:00,26.6,26.6,26.35,26.475,38277,0
2017-11-08,18:00:00,26.45,26.55,25.85,25.85,26767,0
2017-11-08,19:00:00,25.9,26.1,25.85,25.95,19670,0
2017-11-08,20:00:00,25.95,26.05,25.8,25.85,11382,0
2017-11-08,21:00:00,25.825,26.05,25.8,26.05,12890,0
2017-11-08,22:00:00,26.05,26.3,26,26.3,30044,0
2017-11-09,16:00:00,26,26,25.55,25.6,5384,0
2017-11-09,17:00:00,25.6,26.0915,25.6,25.8,17106,0
2017-11-09,18:00:00,25.9,26,25.434,25.55,13585,0
2017-11-09,19:00:00,25.5,25.5,25.25,25.45,10867,0
2017-11-09,20:00:00,25.45,25.75,25.45,25.7,7191,0
2017-11-09,21:00:00,25.7,26,25.55,25.65,11918,0
2017-11-09,22:00:00,25.55,25.8,25.5,25.7,21678,0
2017-11-10,16:00:00,25.95,27.35,25.8,27.25,28526,0
2017-11-10,17:00:00,27.3,27.6,27.1,27.45,40970,0
2017-11-10,18:00:00,27.425,27.7,27.25,27.4125,23805,0
2017-11-10,19:00:00,27.375,27.45,27.15,27.25,7610,0
2017-11-10,20:00:00,27.2,27.4,27.2,27.2,20742,0
2017-11-10,21:00:00,27.2,27.208,26.8,27.15,17427,0
2017-11-10,22:00:00,27.2,27.2,26.55,26.75,54110,0
2017-11-13,16:00:00,26.75,26.9,26.5,26.85,16191,0
2017-11-13,17:00:00,26.85,27.25,26.65,26.65,29775,0
2017-11-13,18:00:00,26.65,26.65,26.4,26.5,20912,0
2017-11-13,19:00:00,26.45,26.475,26.3,26.45,8415,0
2017-11-13,20:00:00,26.45,26.5,26.25,26.5,20104,0
2017-11-13,21:00:00,26.475,26.525,26.3,26.35,21365,0
2017-11-13,22:00:00,26.375,26.45,26.25,26.25,31021,0
2017-11-14,16:00:00,26.2,26.2,25.9,25.9727,9515,0
2017-11-14,17:00:00,25.9,26.1,25.8,25.85,18190,0
2017-11-14,18:00:00,25.9,25.95,25.6,25.75,12137,0
2017-11-14,19:00:00,25.8,26,25.6,25.65,16377,0
2017-11-14,20:00:00,25.6,25.85,25.325,25.325,30777,0
2017-11-14,21:00:00,25.35,25.45,25.0305,25.05,33877,0
2017-11-14,22:00:00,25.05,25.5,25.05,25.35,45776,0
2017-11-15,16:00:00,25.1,25.2,24.55,25.2,12720,0
2017-11-15,17:00:00,25.2,25.4,24.95,25.15,21964,0
2017-11-15,18:00:00,25.15,25.2,25.05,25.15,12958,0
2017-11-15,19:00:00,25.1,25.25,25.05,25.15,13694,0
2017-11-15,20:00:00,25.2,25.2,25.02,25.05,15340,0
2017-11-15,21:00:00,25.1,25.2,25,25.15,21122,0
2017-11-15,22:00:00,25.15,25.2,24.9,24.95,35317,0
2017-11-16,16:00:00,25.25,25.649,25.1,25.2,37701,0
2017-11-16,17:00:00,25.2,25.35,25.1,25.1,33771,0
2017-11-16,18:00:00,25.15,25.55,25,25.4,39931,0
2017-11-16,19:00:00,25.4,25.5,25.3127,25.4,28710,0
2017-11-16,20:00:00,25.35,25.6,25.35,25.5,36321,0
2017-11-16,21:00:00,25.55,25.8,25.5,25.56,37922,0
2017-11-16,22:00:00,25.595,25.65,25.45,25.5,72520,0
2017-11-17,16:00:00,26.1,26.8,26,26.525,83642,0
2017-11-17,17:00:00,26.475,26.7,26.25,26.55,123618,0
2017-11-17,18:00:00,26.55,26.6,26.2,26.5,45827,0
2017-11-17,19:00:00,26.5,26.6,26.35,26.4,32457,0
2017-11-17,20:00:00,26.45,26.55,26.35,26.4,188894,0
2017-11-17,21:00:00,26.45,26.45,25.9,26.15,53041,0
2017-11-17,22:00:00,26.15,26.2,25.8,25.95,96720,0
2017-11-20,16:00:00,26,26.1,25.7,25.9,8627,0
2017-11-20,17:00:00,25.9,26.15,25.65,25.7,14966,0
2017-11-20,18:00:00,25.7,25.7,25.3,25.45,17271,0
2017-11-20,19:00:00,25.45,25.45,25.131,25.145,32775,0
2017-11-20,20:00:00,25.1,25.2,24.8495,25.05,52090,0
2017-11-20,21:00:00,25.05,25.15,24.85,24.9305,38304,0
2017-11-20,22:00:00,24.95,25,24.55,24.6,94119,0
2017-11-21,16:00:00,24.75,24.95,24.6,24.9,12451,0
2017-11-21,17:00:00,24.8,25,24.7,24.7,36705,0
2017-11-21,18:00:00,24.725,24.7563,24.6,24.75,20783,0
2017-11-21,19:00:00,24.8,24.8,24.6,24.7,13882,0
2017-11-21,20:00:00,24.65,24.9,24.65,24.8,18434,0
2017-11-21,21:00:00,24.8,24.85,24.7,24.7,10562,0
2017-11-21,22:00:00,24.7,24.75,24.5,24.55,63957,0
2017-11-22,16:00:00,24.7,25.1,24.7,24.8,35516,0
2017-11-22,17:00:00,24.9,25.15,24.85,25,56989,0
2017-11-22,18:00:00,25,25.1,24.9,24.925,27977,0
2017-11-22,19:00:00,24.925,25.05,24.875,25,27380,0
2017-11-22,20:00:00,24.95,25.825,24.95,25.75,74971,0
2017-11-22,21:00:00,25.7,26.75,25.525,26.5541,101155,0
2017-11-22,22:00:00,26.51,26.55,25.9,26.05,115231,0
2017-11-24,16:00:00,26.2,26.5,26.05,26.1,34415,0
2017-11-24,17:00:00,26.055,26.15,25.8,26.05,24290,0
2017-11-24,18:00:00,26.038,26.5,26,26.45,30254,0
2017-11-24,19:00:00,26.4,26.55,26.25,26.5,32297,0
2017-11-24,20:00:00,26.5,26.5,26.5,26.5,4116,0
2017-11-27,16:00:00,26.75,27.15,26.65,26.75,52855,0
2017-11-27,17:00:00,26.75,27,26.2338,26.4,36935,0
2017-11-27,18:00:00,26.3805,26.6,26.3805,26.45,27240,0
2017-11-27,19:00:00,26.4,26.55,26.35,26.5,15677,0
2017-11-27,20:00:00,26.5,26.55,26.4,26.45,12548,0
2017-11-27,21:00:00,26.4,26.4,26.2,26.25,9590,0
2017-11-27,22:00:00,26.25,26.3,25.9,25.925,47668,0
2017-11-28,16:00:00,26.15,26.265,25.55,25.55,7776,0
2017-11-28,17:00:00,25.5,25.65,25.35,25.5,17491,0
2017-11-28,18:00:00,25.55,25.55,25.45,25.5,10202,0
2017-11-28,19:00:00,25.5,25.5,25.15,25.2,13821,0
2017-11-28,20:00:00,25.2,25.299,25.1473,25.15,8421,0
2017-11-28,21:00:00,25.15,25.5,25.15,25.45,9194,0
2017-11-28,22:00:00,25.4,25.6,25.35,25.5,35035,0
2017-11-29,16:00:00,25.6,26.05,25.589,25.6,43844,0
2017-11-29,17:00:00,25.6,26.025,25.55,25.75,45041,0
2017-11-29,18:00:00,25.75,26.05,25.7,25.9,26502,0
2017-11-29,19:00:00,25.85,26.05,25.75,26.01,11260,0
2017-11-29,20:00:00,26.05,26.4,25.95,26.35,38077,0
2017-11-29,21:00:00,26.35,26.45,26.325,26.4,25867,0
2017-11-29,22:00:00,26.45,27.65,26.4,27.05,231293,0
2017-11-30,16:00:00,27.05,27.6712,26.5,27.625,25883,0
2017-11-30,17:00:00,27.5995,28.2492,27.45,28.225,82487,0
2017-11-30,18:00:00,28.2465,28.35,27.4,27.65,119377,0
2017-11-30,19:00:00,27.65,27.75,27.2,27.6,78728,0
2017-11-30,20:00:00,27.65,27.7,27.45,27.675,86292,0
2017-11-30,21:00:00,27.7,27.95,27.55,27.85,64006,0
2017-11-30,22:00:00,27.8,28.05,27.55,27.75,191163,0
2017-12-01,16:00:00,27.75,28.25,27.05,27.8,45909,0
2017-12-01,17:00:00,27.701,28.35,27.6978,28.35,59378,0
2017-12-01,18:00:00,28.2,28.35,26.901,27.25,159879,0
2017-12-01,19:00:00,27.25,27.75,27.2,27.6,59592,0
2017-12-01,20:00:00,27.6,28.35,27.525,28,94851,0
2017-12-01,21:00:00,27.95,27.994,27.65,27.7,36919,0
2017-12-01,22:00:00,27.7,28.15,27.55,27.65,136233,0
2017-12-04,16:00:00,28,28.25,27.75,27.75,34340,0
2017-12-04,17:00:00,27.75,27.8,26.6,26.7262,45209,0
2017-12-04,18:00:00,26.75,27.05,26.6,27.05,25193,0
2017-12-04,19:00:00,27.1,27.25,26.8,26.8963,15269,0
2017-12-04,20:00:00,26.95,26.9705,26.6,26.6065,7749,0
2017-12-04,21:00:00,26.6,26.6,26.1,26.15,33991,0
2017-12-04,22:00:00,26.2,26.3,25.9,26,64027,0
2017-12-05,16:00:00,33.65,35.65,33,33.95,1795638,0
2017-12-05,17:00:00,33.934,35.55,33.1,35.5,1236564,0
2017-12-05,18:00:00,35.5001,36.5,35.35,35.5774,985144,0
2017-12-05,19:00:00,35.55,36.3,34.7,35.9665,599285,0
2017-12-05,20:00:00,35.95,36.45,35.6,36.125,475030,0
2017-12-05,21:00:00,36.1,37.2,35.1,35.55,773591,0
2017-12-05,22:00:00,35.5,35.85,34.1,34.75,1003679,0
2017-12-06,16:00:00,34.3,36.3499,34.201,35.65,461009,0
2017-12-06,17:00:00,35.6995,35.6995,34.05,34.2,320300,0
2017-12-06,18:00:00,34.245,34.35,33.35,33.4,208489,0
2017-12-06,19:00:00,33.35,33.5,32.31,33.2,207042,0
2017-12-06,20:00:00,33.2,33.934,32.9767,33.625,113605,0
2017-12-06,21:00:00,33.6,33.7,33.1,33.51,106131,0
2017-12-06,22:00:00,33.55,34.5758,33.25,33.65,593073,0
2017-12-07,16:00:00,31.3,32.5,31.25,32.25,981294,0
2017-12-07,17:00:00,32.3,32.9,31.8,32.4,492419,0
2017-12-07,18:00:00,32.4,32.7,32,32.475,252694,0
2017-12-07,19:00:00,32.5,33.2,32.45,33.05,169440,0
2017-12-07,20:00:00,33.05,33.1,32.6,33,111735,0
2017-12-07,21:00:00,33.05,33.05,32.35,32.85,124907,0
2017-12-07,22:00:00,32.8999,33,32.65,32.75,358809,0
2017-12-08,16:00:00,33.3,33.6,32.8,32.95,77089,0
2017-12-08,17:00:00,32.95,33.05,32.45,32.45,93599,0
2017-12-08,18:00:00,32.5,33.9,32.4,33.75,119372,0
2017-12-08,19:00:00,33.7,34.45,33.65,34.35,166229,0
2017-12-08,20:00:00,34.35,34.9,34.1,34.6179,104550,0
2017-12-08,21:00:00,34.6,35.25,34.35,34.95,109108,0
2017-12-08,22:00:00,35.025,35.1,34.5,34.65,191100,0
2017-12-11,16:00:00,34.85,35.25,33.8,34.1,40242,0
2017-12-11,17:00:00,34.1,34.2771,33.5,33.9,79738,0
2017-12-11,18:00:00,33.9,34.5,33.8,34.35,55219,0
2017-12-11,19:00:00,34.35,35,34.35,34.9,92985,0
2017-12-11,20:00:00,34.95,35.8,34.9,35.75,85669,0
2017-12-11,21:00:00,35.75,35.95,35.4326,35.475,95341,0
2017-12-11,22:00:00,35.475,36.1,35.2,35.95,311851,0
2017-12-12,16:00:00,35.85,36.55,35.45,35.7,67139,0
2017-12-12,17:00:00,35.65,36.05,35.1,35.3,49915,0
2017-12-12,18:00:00,35.325,35.6,34.35,34.5,75547,0
2017-12-12,19:00:00,34.4,34.948,34.25,34.6,63922,0
2017-12-12,20:00:00,34.61,34.61,34.2,34.5,38129,0
2017-12-12,21:00:00,34.55,35,34.35,34.55,40224,0
2017-12-12,22:00:00,34.55,34.65,34.15,34.2,120600,0
2017-12-13,16:00:00,34.1,34.8,34.1,34.5,38209,0
2017-12-13,17:00:00,34.45,34.45,33.3175,33.5,68054,0
2017-12-13,18:00:00,33.5,34.4842,33.45,34.3,70116,0
2017-12-13,19:00:00,34.3,34.35,33.475,33.55,40646,0
2017-12-13,20:00:00,33.55,34,33.5,33.95,82802,0
2017-12-13,21:00:00,34,34.5,34,34.45,35608,0
2017-12-13,22:00:00,34.375,34.375,33.95,34.15,83768,0
2017-12-14,16:00:00,34.05,34.4,33.2674,33.7,78529,0
2017-12-14,17:00:00,33.8,34.1,33.3,33.55,92739,0
2017-12-14,18:00:00,33.55,33.65,32.55,32.65,127910,0
2017-12-14,19:00:00,32.6558,32.7,32.2,32.45,76492,0
2017-12-14,20:00:00,32.45,32.5,31.25,31.85,203080,0
2017-12-14,21:00:00,31.8,32.2,31.75,32.066,116231,0
2017-12-14,22:00:00,32.05,32.6,31.75,32.15,182034,0
2017-12-15,16:00:00,32.25,32.754,32.1151,32.425,62835,0
2017-12-15,17:00:00,32.35,32.85,32.3,32.65,19799,0
2017-12-15,18:00:00,32.6,32.8,32.54,32.6501,21734,0
2017-12-15,19:00:00,32.75,32.75,32.25,32.25,26380,0
2017-12-15,20:00:00,32.4,32.45,32.05,32.35,48156,0
2017-12-15,21:00:00,32.35,32.55,32.35,32.4,42821,0
2017-12-15,22:00:00,32.45,32.6,32,32.05,280133,0
2017-12-18,16:00:00,32.4,33.4475,32.4,33.2,35852,0
2017-12-18,17:00:00,33.2,33.5,33,33.3,40179,0
2017-12-18,18:00:00,33.225,33.55,33.2,33.45,40285,0
2017-12-18,19:00:00,33.5,33.75,33.3,33.325,47866,0
2017-12-18,20:00:00,33.3,33.7,33.2,33.65,40102,0
2017-12-18,21:00:00,33.7,33.8,33.5,33.75,38240,0
2017-12-18,22:00:00,33.85,33.95,33.6,33.8,93683,0
2017-12-19,16:00:00,34.05,34.75,33.5,34.55,67029,0
2017-12-19,17:00:00,34.6,35.6567,34.58,35.6567,120570,0
2017-12-19,18:00:00,35.65,36.1,35.35,35.45,112325,0
2017-12-19,19:00:00,35.35,35.7,35.3331,35.4,74578,0
2017-12-19,20:00:00,35.4,35.8001,35.2,35.6,77214,0
2017-12-19,21:00:00,35.55,35.8,35.45,35.7,57137,0
2017-12-19,22:00:00,35.7,35.95,35.4,35.45,236805,0
2017-12-20,16:00:00,35.35,36,35.35,35.8,17872,0
2017-12-20,17:00:00,35.775,36,35.5,35.7,42521,0
2017-12-20,18:00:00,35.75,35.85,35.4,35.45,24199,0
2017-12-20,19:00:00,35.45,35.7,35.3999,35.55,22367,0
2017-12-20,20:00:00,35.575,35.75,35.5,35.675,35130,0
2017-12-20,21:00:00,35.65,35.75,35.48,35.55,19594,0
2017-12-20,22:00:00,35.55,35.75,35.25,35.25,75195,0
2017-12-21,16:00:00,35.25,35.9,35.25,35.65,9370,0
2017-12-21,17:00:00,35.7,36,35.65,35.9,26538,0
2017-12-21,18:00:00,35.95,36.7,35.9,36.0001,83584,0
2017-12-21,19:00:00,36.075,36.2,35.35,35.5,33222,0
2017-12-21,20:00:00,35.55,36.45,35.5,36.3,42930,0
2017-12-21,21:00:00,36.3,36.399,36.05,36.2,26793,0
2017-12-21,22:00:00,36.25,36.7,36,36.2,128859,0
2017-12-22,16:00:00,36.1,36.45,35.72,35.72,17547,0
2017-12-22,17:00:00,35.793,36.1,35.725,35.85,31357,0
2017-12-22,18:00:00,35.95,36,35.15,35.4,67920,0
2017-12-22,19:00:00,35.4,35.4,34.5498,34.75,45732,0
2017-12-22,20:00:00,34.85,35,34.3,34.65,34175,0
2017-12-22,21:00:00,34.55,34.65,34.3,34.45,48134,0
2017-12-22,22:00:00,34.4,35.575,34.4,34.8,445833,0
2017-12-26,16:00:00,34.8,35.3,34.65,34.95,10205,0
2017-12-26,17:00:00,34.85,35.55,34.85,35.4,17192,0
2017-12-26,18:00:00,35.35,35.85,35.35,35.5,23936,0
2017-12-26,19:00:00,35.5,35.6,35.35,35.6,8453,0
2017-12-26,20:00:00,35.55,35.7,35.45,35.5,20028,0
2017-12-26,21:00:00,35.525,35.75,35.5,35.5,13552,0
2017-12-26,22:00:00,35.5,35.75,35.4,35.7,71282,0
2017-12-27,16:00:00,35.85,36.85,35.75,36.8,23417,0
2017-12-27,17:00:00,36.7,36.7,36.25,36.5,26353,0
2017-12-27,18:00:00,36.5,36.8,36.25,36.7,63696,0
2017-12-27,19:00:00,36.8,36.8,36.4,36.4,14746,0
2017-12-27,20:00:00,36.35,36.4,36.1,36.2,14132,0
2017-12-27,21:00:00,36.25,36.4,36.1777,36.3,18632,0
2017-12-27,22:00:00,36.3,36.35,36.15,36.2,68853,0
2017-12-28,16:00:00,36.15,36.375,35.65,36.2,21876,0
2017-12-28,17:00:00,36.125,36.65,36,36.25,32556,0
2017-12-28,18:00:00,36.25,36.8,36.25,36.745,13312,0
2017-12-28,19:00:00,36.75,36.75,36.45,36.6,7384,0
2017-12-28,20:00:00,36.6,36.625,36.35,36.425,17246,0
2017-12-28,21:00:00,36.5,36.6,36.25,36.3,16100,0
2017-12-28,22:00:00,36.3,36.6,36.25,36.3,43812,0
2017-12-29,16:00:00,36.6,36.75,36.25,36.75,14039,0
2017-12-29,17:00:00,36.8,37.1,36.351,36.48,33633,0
2017-12-29,18:00:00,36.5,36.85,36.35,36.6,20441,0
2017-12-29,19:00:00,36.55,36.7,35.8,35.85,26780,0
2017-12-29,20:00:00,36,36.25,36,36.1,14368,0
2017-12-29,21:00:00,36.145,36.15,35.85,35.85,26501,0
2017-12-29,22:00:00,36,36,35.7,35.75,111730,0
2018-01-02,16:00:00,35.85,36.35,35.5,36.35,23970,0
2018-01-02,17:00:00,36.25,36.35,35.85,36.2,30171,0
2018-01-02,18:00:00,36.245,37.35,36.15,37.35,115220,0
2018-01-02,19:00:00,37.3,37.35,36.75,36.95,26925,0
2018-01-02,20:00:00,36.9538,37.45,36.9,36.9,34415,0
2018-01-02,21:00:00,36.95,37.15,36.8,36.9,39931,0
2018-01-02,22:00:00,36.9,37.45,36.55,37.4,169077,0
2018-01-03,16:00:00,37.45,37.45,36.4,36.5,16719,0
2018-01-03,17:00:00,36.5,36.8,36.15,36.5,34770,0
2018-01-03,18:00:00,36.65,37.3,36.65,37.25,27936,0
2018-01-03,19:00:00,37.15,37.3,36.6,36.6,15962,0
2018-01-03,20:00:00,36.7,36.75,36.3,36.55,29578,0
2018-01-03,21:00:00,36.55,36.65,35.4,35.4,63220,0
2018-01-03,22:00:00,35.45,35.8,35.45,35.8,85460,0
2018-01-04,16:00:00,36,36.25,34.75,35.1,48031,0
2018-01-04,17:00:00,35.1,36.45,35.05,36.375,69367,0
2018-01-04,18:00:00,36.3,36.35,35.7,35.75,48745,0
2018-01-04,19:00:00,35.8,35.85,35.4,35.4,16544,0
2018-01-04,20:00:00,35.4,35.75,35.35,35.35,22913,0
2018-01-04,21:00:00,35.35,35.6,35.3,35.5,22461,0
2018-01-04,22:00:00,35.5,35.95,35.45,35.9,88759,0
2018-01-05,16:00:00,35.7,36.025,35.4,35.4,78676,0
2018-01-05,17:00:00,35.4876,35.6,35.15,35.5,26474,0
2018-01-05,18:00:00,35.5,35.55,34.7,34.85,129906,0
2018-01-05,19:00:00,34.875,35.15,34.55,34.85,61847,0
2018-01-05,20:00:00,34.9,34.9,34.2,34.525,74252,0
2018-01-05,21:00:00,34.55,34.95,34.5,34.9,44128,0
2018-01-05,22:00:00,34.85,35.05,34.7,34.9,188824,0
2018-01-08,16:00:00,32.95,32.95,31.35,31.9,261718,0
2018-01-08,17:00:00,31.95,32.25,31.2,32.1,176935,0
2018-01-08,18:00:00,32.05,33.45,31.975,33.25,123133,0
2018-01-08,19:00:00,33.2,33.9,33.05,33.8,66948,0
2018-01-08,20:00:00,33.8,34.0977,33.675,33.85,50856,0
2018-01-08,21:00:00,33.85,34.05,33.7,33.741,25552,0
2018-01-08,22:00:00,33.7,33.75,33.15,33.2,120449,0
2018-01-09,16:00:00,32.15,33.35,32.15,33.201,37229,0
2018-01-09,17:00:00,33.2,33.25,32.975,33.025,33033,0
2018-01-09,18:00:00,33,33.7,33,33.45,22139,0
2018-01-09,19:00:00,33.45,33.7,33.4,33.6296,12944,0
2018-01-09,20:00:00,33.6,33.7,33.4,33.425,34091,0
2018-01-09,21:00:00,33.425,33.55,33.25,33.425,48647,0
2018-01-09,22:00:00,33.4,33.55,33.2,33.55,191510,0
2018-01-10,16:00:00,33.65,33.65,33.15,33.1625,9337,0
2018-01-10,17:00:00,33.25,33.45,32.95,33.0505,18906,0
2018-01-10,18:00:00,33.1,33.45,32.9,33.45,31768,0
2018-01-10,19:00:00,33.4,33.5,33,33.15,19579,0
2018-01-10,20:00:00,33.2,33.65,33,33.65,33622,0
2018-01-10,21:00:00,33.7,33.9,33.4,33.65,60743,0
2018-01-10,22:00:00,33.65,33.85,33.6,33.85,45234,0
2018-01-11,16:00:00,33.9,34.05,33.5179,33.95,12679,0
2018-01-11,17:00:00,34,34.15,33.75,33.9,47144,0
2018-01-11,18:00:00,33.95,33.95,33.55,33.85,37406,0
2018-01-11,19:00:00,33.85,33.85,33.4,33.65,14833,0
2018-01-11,20:00:00,33.55,33.65,33.325,33.5,12992,0
2018-01-11,21:00:00,33.55,33.9,33.5,33.875,30402,0
2018-01-11,22:00:00,33.9,34,33.7999,33.95,138036,0
2018-01-12,16:00:00,34.15,34.3487,33.95,34.125,13979,0
2018-01-12,17:00:00,34.2,34.6,34.15,34.575,35575,0
2018-01-12,18:00:00,34.575,34.85,34.4209,34.5,36204,0
2018-01-12,19:00:00,34.5,34.7,34.4501,34.65,12850,0
2018-01-12,20:00:00,34.7,34.75,34.5,34.65,37465,0
2018-01-12,21:00:00,34.6,34.65,34.4,34.45,16320,0
2018-01-12,22:00:00,34.45,34.6,34.4,34.5,44713,0
2018-01-16,16:00:00,34.6,34.85,34.4,34.45,13295,0
2018-01-16,17:00:00,34.35,34.95,34.1,34.1,46284,0
2018-01-16,18:00:00,34.125,34.125,33.65,33.85,19459,0
2018-01-16,19:00:00,33.85,33.9,33.3,33.375,40656,0
2018-01-16,20:00:00,33.4,33.8,33.4,33.6,40085,0
2018-01-16,21:00:00,33.55,33.85,33.4,33.65,26187,0
2018-01-16,22:00:00,33.65,33.85,33.5,33.6,153719,0
2018-01-17,16:00:00,34,34.4,33.67,34.075,19583,0
2018-01-17,17:00:00,34.075,34.175,32.9,33,42040,0
2018-01-17,18:00:00,33,33.25,32.75,33.15,28199,0
2018-01-17,19:00:00,33.2,33.35,33.2,33.35,13634,0
2018-01-17,20:00:00,33.375,33.55,33.15,33.55,20386,0
2018-01-17,21:00:00,33.55,33.625,33.3,33.35,27974,0
2018-01-17,22:00:00,33.4,33.65,33.325,33.55,91825,0
2018-01-18,16:00:00,33.5,33.6,32.75,33,26735,0
2018-01-18,17:00:00,33.05,33.4313,33,33.3,29153,0
2018-01-18,18:00:00,33.3,33.35,33.1,33.25,33647,0
2018-01-18,19:00:00,33.3,33.5,33.25,33.35,20793,0
2018-01-18,20:00:00,33.35,33.5,33.3,33.5,21562,0
2018-01-18,21:00:00,33.5,33.6,33.3,33.525,31996,0
2018-01-18,22:00:00,33.525,33.8,33.35,33.75,59722,0
2018-01-19,16:00:00,33.65,33.8,33.4,33.475,21395,0
2018-01-19,17:00:00,33.5,33.7,33.25,33.45,23828,0
2018-01-19,18:00:00,33.45,33.85,33.3,33.55,30293,0
2018-01-19,19:00:00,33.6,33.7,33.35,33.6,25093,0
2018-01-19,20:00:00,33.65,33.75,33.6,33.75,11800,0
2018-01-19,21:00:00,33.65,34,33.65,33.95,45969,0
2018-01-19,22:00:00,33.95,34.0875,33.775,33.95,90069,0
2018-01-22,16:00:00,34,34.5,33.85,33.9,30315,0
2018-01-22,17:00:00,33.8,34.275,33.65,34.2,20386,0
2018-01-22,18:00:00,34.2,34.35,34.05,34.2,44025,0
2018-01-22,19:00:00,34.225,34.35,33.85,33.85,10617,0
2018-01-22,20:00:00,33.75,33.9,33.7,33.9,9170,0
2018-01-22,21:00:00,33.95,34.2,33.75,34.125,20426,0
2018-01-22,22:00:00,34.05,34.3,33.975,34.25,59788,0
2018-01-23,16:00:00,34.4,34.758,33.8,34.45,14925,0
2018-01-23,17:00:00,34.3,34.85,34.25,34.8,22645,0
2018-01-23,18:00:00,34.8,34.8125,34.55,34.625,23782,0
2018-01-23,19:00:00,34.65,34.85,34.6,34.65,12725,0
2018-01-23,20:00:00,34.7,35,34.6,34.95,26623,0
2018-01-23,21:00:00,34.95,35.05,34.7,34.9,89774,0
2018-01-23,22:00:00,34.9,34.95,34.65,34.65,52466,0
2018-01-24,16:00:00,34.75,34.8175,34.2252,34.6,14469,0
2018-01-24,17:00:00,34.7,34.7,33.4,33.6,23015,0
2018-01-24,18:00:00,33.6,33.7,32.95,33.4,40843,0
2018-01-24,19:00:00,33.35,33.45,33.05,33.35,12719,0
2018-01-24,20:00:00,33.35,33.5,33.1,33.45,7279,0
2018-01-24,21:00:00,33.4,33.55,33.4,33.4,13521,0
2018-01-24,22:00:00,33.4,34.1,33.125,33.8,97902,0
2018-01-25,16:00:00,33.95,33.95,33.2,33.6,5869,0
2018-01-25,17:00:00,33.65,33.8,33.25,33.5,16476,0
2018-01-25,18:00:00,33.45,33.5,33.15,33.35,22783,0
2018-01-25,19:00:00,33.35,33.45,33,33.1,40817,0
2018-01-25,20:00:00,33.1001,33.25,32.85,33.2,72858,0
2018-01-25,21:00:00,33.25,33.325,32.95,32.95,23857,0
2018-01-25,22:00:00,32.95,33.3,32.875,33.125,102673,0
2018-01-26,16:00:00,33.4,33.625,33.25,33.55,16000,0
2018-01-26,17:00:00,33.5,33.615,33.3,33.475,22974,0
2018-01-26,18:00:00,33.4,33.6,32.85,33.05,43483,0
2018-01-26,19:00:00,33.05,33.3,33,33.2,14583,0
2018-01-26,20:00:00,33.15,33.6,33.15,33.45,17440,0
2018-01-26,21:00:00,33.4,33.5,33.3,33.35,17827,0
2018-01-26,22:00:00,33.4,33.65,33.35,33.5,33434,0
2018-01-29,16:00:00,33.3,33.95,33.3,33.825,16551,0
2018-01-29,17:00:00,33.85,34.2,33.8343,34.05,65385,0
2018-01-29,18:00:00,34,34.05,33.7,33.95,26654,0
2018-01-29,19:00:00,33.95,34.15,33.9,34.0764,39834,0
2018-01-29,20:00:00,34.05,34.3,34.021,34.075,48307,0
2018-01-29,21:00:00,34.1,34.325,34.05,34.25,14859,0
2018-01-29,22:00:00,34.225,34.25,33.995,34.1,74070,0
2018-01-30,16:00:00,33.75,33.85,33.45,33.8,22102,0
2018-01-30,17:00:00,33.9,34.3,33.899,34.25,29151,0
2018-01-30,18:00:00,34.15,34.15,33.85,33.95,35603,0
2018-01-30,19:00:00,33.975,34.15,33.8,34,20554,0
2018-01-30,20:00:00,33.95,34,33.8,33.85,32230,0
2018-01-30,21:00:00,33.9,34.225,33.825,34.1,33672,0
2018-01-30,22:00:00,34.1,34.2,33.95,34.1,49424,0
2018-01-31,16:00:00,34.2,34.4,33.85,33.85,40876,0
2018-01-31,17:00:00,33.8,33.8,33.25,33.35,82584,0
2018-01-31,18:00:00,33.3,33.7,33.3,33.5,22382,0
2018-01-31,19:00:00,33.45,33.4685,33.25,33.45,19654,0
2018-01-31,20:00:00,33.4252,33.55,33.1,33.25,27146,0
2018-01-31,21:00:00,33.225,33.25,32.5,32.8,52790,0
2018-01-31,22:00:00,32.75,32.85,32.25,32.3,174715,0
2018-02-01,16:00:00,32,32.7,32,32.6,43257,0
2018-02-01,17:00:00,32.5,32.9,32.2,32.6,45011,0
2018-02-01,18:00:00,32.6,32.65,32.15,32.15,18853,0
2018-02-01,19:00:00,32.2,32.2,31.8,32.2,37569,0
2018-02-01,20:00:00,32.2,32.45,32.2,32.2,14528,0
2018-02-01,21:00:00,32.25,32.6,32.2,32.5,38118,0
2018-02-01,22:00:00,32.55,32.625,32.05,32.3,50908,0
2018-02-02,16:00:00,32,32.45,31.95,31.95,9744,0
2018-02-02,17:00:00,31.95,32.4,31.7,32.325,13992,0
2018-02-02,18:00:00,32.4,32.65,32.2785,32.6,22683,0
2018-02-02,19:00:00,32.55,32.9,32.55,32.6,13839,0
2018-02-02,20:00:00,32.6,32.7,31.9,32.15,41553,0
2018-02-02,21:00:00,32.125,32.2,31.3,31.55,52431,0
2018-02-02,22:00:00,31.6,31.85,31.45,31.5,37540,0
2018-02-05,16:00:00,31.3,31.45,31.05,31.375,8305,0
2018-02-05,17:00:00,31.3,31.65,31.2,31.55,26396,0
2018-02-05,18:00:00,31.5,31.55,31.2,31.3189,14624,0
2018-02-05,19:00:00,31.4,31.45,30.85,31.1,36812,0
2018-02-05,20:00:00,31.1,31.25,30.833,30.95,28707,0
2018-02-05,21:00:00,31.035,31.05,30.15,30.225,39628,0
2018-02-05,22:00:00,30.225,30.8,29.55,30,73041,0
2018-02-06,16:00:00,29.6988,30.55,29.65,30.15,13541,0
2018-02-06,17:00:00,30.15,30.35,29.15,29.6,40039,0
2018-02-06,18:00:00,29.5,29.985,29.4,29.985,29022,0
2018-02-06,19:00:00,29.95,30.1,29.8,29.95,32982,0
2018-02-06,20:00:00,29.95,30.45,29.85,30.3,37292,0
2018-02-06,21:00:00,30.25,31,30.15,31,30869,0
2018-02-06,22:00:00,30.9945,31.25,30.525,30.6,67933,0
2018-02-07,16:00:00,30.5,30.7,30.05,30.3,20013,0
2018-02-07,17:00:00,30.2,30.45,29.95,30.35,11424,0
2018-02-07,18:00:00,30.4,30.65,30.1,30.3,15515,0
2018-02-07,19:00:00,30.325,30.425,30.05,30.15,13752,0
2018-02-07,20:00:00,30.1,30.2,29.95,30.2,27629,0
2018-02-07,21:00:00,30.25,30.4,30.1,30.3,30434,0
2018-02-07,22:00:00,30.3,30.7,30.15,30.6,77893,0
2018-02-08,16:00:00,30.7,30.9,29.85,30.55,18735,0
2018-02-08,17:00:00,30.5,30.6,29.85,29.95,22179,0
2018-02-08,18:00:00,29.95,30.3,29.85,30.25,12968,0
2018-02-08,19:00:00,30.3,30.35,29.85,30,11425,0
2018-02-08,20:00:00,29.95,30.45,29.7,30.175,46300,0
2018-02-08,21:00:00,30.2,30.25,29.4,29.6,16501,0
2018-02-08,22:00:00,29.6,29.85,29.1,29.15,49022,0
2018-02-09,16:00:00,29.45,29.55,28.85,29.45,23506,0
2018-02-09,17:00:00,29.5,29.59,28.675,29,35001,0
2018-02-09,18:00:00,29.05,29.3,28.75,28.8,37043,0
2018-02-09,19:00:00,28.75,28.8248,28.2,28.55,56296,0
2018-02-09,20:00:00,28.55,29.15,28.35,29.05,20825,0
2018-02-09,21:00:00,29.1,29.6,29.1,29.35,23327,0
2018-02-09,22:00:00,29.25,29.85,29,29.7,70658,0
2018-02-12,16:00:00,30.05,30.3,29.8,30,10646,0
2018-02-12,17:00:00,29.9106,30.25,29.7,29.85,40774,0
2018-02-12,18:00:00,29.85,30.65,29.675,30.25,28386,0
2018-02-12,19:00:00,30.3,30.45,30.1,30.35,14955,0
2018-02-12,20:00:00,30.35,30.55,30.25,30.35,14533,0
2018-02-12,21:00:00,30.3,30.55,30.1,30.1,19777,0
2018-02-12,22:00:00,30.1,30.5,30.05,30.1,32045,0
2018-02-13,16:00:00,29.95,30.1,29.675,29.9,8532,0
2018-02-13,17:00:00,29.95,30.25,29.95,30.175,13813,0
2018-02-13,18:00:00,30.1,30.3,29.95,30,15883,0
2018-02-13,19:00:00,30,30.55,30,30.2,19771,0
2018-02-13,20:00:00,30.25,30.65,30.2,30.45,12832,0
2018-02-13,21:00:00,30.45,31,30.45,30.7,26790,0
2018-02-13,22:00:00,30.65,30.8,30.45,30.75,49815,0
2018-02-14,16:00:00,30.65,31.1,30.45,31,11479,0
2018-02-14,17:00:00,30.95,31.35,30.9,31.275,12465,0
2018-02-14,18:00:00,31.3,31.5,31.15,31.4,22857,0
2018-02-14,19:00:00,31.4,31.5,31.15,31.15,14830,0
2018-02-14,20:00:00,31.15,31.65,31.125,31.65,20124,0
2018-02-14,21:00:00,31.7,31.9,31.7,31.9,18595,0
2018-02-14,22:00:00,31.9,32,31.5,31.65,56768,0
2018-02-15,16:00:00,31.85,32.05,31.15,32.05,18201,0
2018-02-15,17:00:00,32,32.2,31.4,31.45,13443,0
2018-02-15,18:00:00,31.35,31.85,31.3,31.85,27105,0
2018-02-15,19:00:00,31.85,32.05,31.7,32.05,54925,0
2018-02-15,20:00:00,32.1,32.2,31.9,32,10000,0
2018-02-15,21:00:00,32,32.05,31.8,31.85,15744,0
2018-02-15,22:00:00,31.8,32.025,31.7,31.75,43440,0
2018-02-16,16:00:00,31.6,32.7609,31.6,32.05,13447,0
2018-02-16,17:00:00,32.05,32.25,31.9,31.9,17072,0
2018-02-16,18:00:00,31.9,32.05,31.6,31.8,15736,0
2018-02-16,19:00:00,31.875,32.05,31.85,32.05,7274,0
2018-02-16,20:00:00,32.05,32.1,31.6,31.6,12900,0
2018-02-16,21:00:00,31.7,31.7,31.05,31.25,41183,0
2018-02-16,22:00:00,31.25,31.4,31.15,31.15,41821,0
2018-02-20,16:00:00,31.3,31.3,30.95,31,15288,0
2018-02-20,17:00:00,31,31.15,30.8,30.85,28064,0
2018-02-20,18:00:00,30.85,30.9,30.6,30.65,23970,0
2018-02-20,19:00:00,30.65,31,30.55,31,53293,0
2018-02-20,20:00:00,30.95,30.95,30.65,30.8,10602,0
2018-02-20,21:00:00,30.9,30.9,30.55,30.55,26701,0
2018-02-20,22:00:00,30.6,30.6,30.15,30.3,43212,0
2018-02-21,16:00:00,30.4,30.4742,30.25,30.45,13180,0
2018-02-21,17:00:00,30.65,30.95,30.5,30.9,42943,0
2018-02-21,18:00:00,30.95,31.6,30.9,31.5,16243,0
2018-02-21,19:00:00,31.45,31.55,31.25,31.398,8943,0
2018-02-21,20:00:00,31.4,31.6,31.4,31.45,10489,0
2018-02-21,21:00:00,31.45,31.55,30.95,30.95,15581,0
2018-02-21,22:00:00,30.9,30.9,30.3,30.35,50437,0
2018-02-22,16:00:00,30.6,32,30.4,31.6,41683,0
2018-02-22,17:00:00,31.9358,32.25,31.7,32.1,33727,0
2018-02-22,18:00:00,32.15,32.3,31.25,31.25,27543,0
2018-02-22,19:00:00,31.25,31.275,30.85,30.9,13791,0
2018-02-22,20:00:00,30.9,30.9,30.6,30.8,20950,0
2018-02-22,21:00:00,30.8,30.95,30.5,30.5,30493,0
2018-02-22,22:00:00,30.5,30.75,30.3,30.7,62180,0
2018-02-23,16:00:00,30.75,30.8894,30,30.1,13419,0
2018-02-23,17:00:00,30.075,30.15,29.4,29.95,30465,0
2018-02-23,18:00:00,30,30.3,30,30.3,19268,0
2018-02-23,19:00:00,30.325,30.55,30.15,30.35,25127,0
2018-02-23,20:00:00,30.3,30.55,30.15,30.5,18245,0
2018-02-23,21:00:00,30.5,31,30.3,30.75,48406,0
2018-02-23,22:00:00,30.8,30.9,30.45,30.5,78288,0
2018-02-26,16:00:00,30.4,31.35,30,30.35,56155,0
2018-02-26,17:00:00,30.35,31.0382,30.35,31.0382,17617,0
2018-02-26,18:00:00,31.05,32.8,30.95,32,57316,0
2018-02-26,19:00:00,32,32.4,31.7,32.3,26563,0
2018-02-26,20:00:00,32.2,32.2,31.65,31.875,10215,0
2018-02-26,21:00:00,31.9,31.95,31.775,31.85,12800,0
2018-02-26,22:00:00,31.751,32.25,31.751,32.15,59938,0
2018-02-27,16:00:00,31.8,33.049,31.55,32.4,61116,0
2018-02-27,17:00:00,32.35,32.7,32.35,32.525,32325,0
2018-02-27,18:00:00,32.45,32.7,32.4,32.5875,26801,0
2018-02-27,19:00:00,32.65,32.75,32.4,32.65,20927,0
2018-02-27,20:00:00,32.65,32.85,32.45,32.45,13926,0
2018-02-27,21:00:00,32.45,32.55,32.1,32.3,13445,0
2018-02-27,22:00:00,32.25,32.3,31.6,31.65,66872,0
2018-02-28,16:00:00,31.75,32.25,30.15,31.7,7996,0
2018-02-28,17:00:00,31.75,31.75,30.8,31.0999,30378,0
2018-02-28,18:00:00,31.05,31.3,30.95,31.1,17246,0
2018-02-28,19:00:00,31.05,31.65,31.05,31.55,17987,0
2018-02-28,20:00:00,31.55,31.762,31.5,31.7,21013,0
2018-02-28,21:00:00,31.7,31.95,31.3,31.4,31840,0
2018-02-28,22:00:00,31.45,31.45,30.85,30.95,52655,0
2018-03-01,16:00:00,29.25,31.3,29.05,29.825,121810,0
2018-03-01,17:00:00,29.825,30.2,29.65,29.975,183234,0
2018-03-01,18:00:00,29.95,31,29.79,30.2,143846,0
2018-03-01,19:00:00,30.3,31.5,30.15,31.01,70365,0
2018-03-01,20:00:00,31.05,31.05,29.95,30,88900,0
2018-03-01,21:00:00,29.975,30.45,29.7,30,112592,0
2018-03-01,22:00:00,30,30.35,29.75,29.85,187101,0
2018-03-02,16:00:00,29.8,30.3,29.4,29.8,93199,0
2018-03-02,17:00:00,29.8,30.3,29.8,30.1,64142,0
2018-03-02,18:00:00,30.075,30.775,30.05,30.3,71109,0
2018-03-02,19:00:00,30.3692,30.65,30.25,30.55,48307,0
2018-03-02,20:00:00,30.55,30.65,30.3,30.5,53322,0
2018-03-02,21:00:00,30.5,30.675,30.4,30.575,58154,0
2018-03-02,22:00:00,30.6,31.5,30.45,31.3,162673,0
2018-03-05,16:00:00,32.95,33.35,32.2,32.45,66762,0
2018-03-05,17:00:00,32.6,32.8,31.9,32.8,109499,0
2018-03-05,18:00:00,32.75,33,32.05,32.05,43323,0
2018-03-05,19:00:00,32.1625,32.4,32.05,32.3835,43492,0
2018-03-05,20:00:00,32.375,32.375,31.62,31.8,61849,0
2018-03-05,21:00:00,31.85,32.05,31.4,31.85,47156,0
2018-03-05,22:00:00,31.8629,32,31.65,31.9,65343,0
2018-03-06,16:00:00,32,32.25,31.5,31.65,43377,0
2018-03-06,17:00:00,31.55,31.65,30.85,30.9,61200,0
2018-03-06,18:00:00,30.9,31.25,30.35,30.575,82364,0
2018-03-06,19:00:00,30.575,31.2,30.25,31.1,71469,0
2018-03-06,20:00:00,31.1,31.15,30.8,30.8,58576,0
2018-03-06,21:00:00,30.9,31.125,30.5,31.1,79993,0
2018-03-06,22:00:00,31.05,31.1122,30.7,30.75,111669,0
2018-03-07,16:00:00,30.4,31.5,30.4,31.35,43513,0
2018-03-07,17:00:00,31.2001,31.8912,31.2,31.3,65748,0
2018-03-07,18:00:00,31.3,31.6,31.0501,31.35,34526,0
2018-03-07,19:00:00,31.3,31.7,31.3,31.7,34570,0
2018-03-07,20:00:00,31.65,31.75,31.35,31.4,24338,0
2018-03-07,21:00:00,31.4,31.55,31.35,31.45,15982,0
2018-03-07,22:00:00,31.45,31.55,31.35,31.45,78636,0
2018-03-08,16:00:00,31.65,32.2,31.58,31.9,47093,0
2018-03-08,17:00:00,31.8,32.15,31.55,31.84,29521,0
2018-03-08,18:00:00,31.85,32.3,31.65,32.1,37344,0
2018-03-08,19:00:00,32.1,32.25,31.95,32.175,17701,0
2018-03-08,20:00:00,32.2,32.35,32.15,32.25,11610,0
2018-03-08,21:00:00,32.3,32.45,32.15,32.3,30560,0
2018-03-08,22:00:00,32.35,32.45,32.3,32.45,67259,0
2018-03-09,16:00:00,32.5,33.2,32.45,32.7,47697,0
2018-03-09,17:00:00,32.85,32.95,32.1,32.5,43624,0
2018-03-09,18:00:00,32.5,32.8,32.351,32.8,25465,0
2018-03-09,19:00:00,32.75,33.05,32.7,33,57614,0
2018-03-09,20:00:00,33,33.35,32.75,33.05,56692,0
2018-03-09,21:00:00,33.1,33.35,33.05,33.25,79233,0
2018-03-09,22:00:00,33.3,33.3,32.75,32.75,76455,0
2018-03-12,15:00:00,32.75,33.15,32.4,33.05,29061,0
2018-03-12,16:00:00,33.05,34.3,33,33.95,101773,0
2018-03-12,17:00:00,33.9,34.1,33.2,33.35,52697,0
2018-03-12,18:00:00,33.4,34,33.4,33.9499,34519,0
2018-03-12,19:00:00,33.9297,34.05,33.55,33.7,54274,0
2018-03-12,20:00:00,33.75,34.05,33.7,33.9,60303,0
2018-03-12,21:00:00,33.9,33.95,33.6,33.7,166731,0
2018-03-13,15:00:00,33.7,34.55,33.6,34.35,93527,0
2018-03-13,16:00:00,34.151,34.55,34,34.35,66610,0
2018-03-13,17:00:00,34.35,34.55,34,34.4,55884,0
2018-03-13,18:00:00,34.4125,34.45,34.15,34.45,21282,0
2018-03-13,19:00:00,34.45,34.55,34.2,34.4,27830,0
2018-03-13,20:00:00,34.35,34.425,34.2001,34.3,23007,0
2018-03-13,21:00:00,34.25,34.4,34.05,34.1,134411,0
2018-03-14,15:00:00,33.85,34.5,33.1707,34.35,30144,0
2018-03-14,16:00:00,34.5,34.5462,33.05,33.05,50350,0
2018-03-14,17:00:00,33.05,33.075,31.75,32.584,134762,0
2018-03-14,18:00:00,32.501,32.8,32.4,32.7,43936,0
2018-03-14,19:00:00,32.65,33.013,32.55,32.8001,39336,0
2018-03-14,20:00:00,32.8,32.85,32.3,32.5,16358,0
2018-03-14,21:00:00,32.45,32.7,32.3031,32.6,62748,0
2018-03-15,15:00:00,32.8,33.45,32.05,32.4,23755,0
2018-03-15,16:00:00,32.4,32.9,32.3,32.525,32294,0
2018-03-15,17:00:00,32.55,32.8,32.55,32.55,28025,0
2018-03-15,18:00:00,32.5,32.6,32.1,32.1,24170,0
2018-03-15,19:00:00,32.15,32.35,32.15,32.2,25744,0
2018-03-15,20:00:00,32.2,32.2,31.45,31.65,61608,0
2018-03-15,21:00:00,31.7,31.85,31.4,31.65,58049,0
2018-03-16,15:00:00,31.75,32.1,31.1,31.15,73854,0
2018-03-16,16:00:00,31.1,31.6,31.1,31.5,37624,0
2018-03-16,17:00:00,31.5,31.5153,30.3,30.55,70873,0
2018-03-16,18:00:00,30.55,31.15,30.45,31.1,50517,0
2018-03-16,19:00:00,31.1,31.49,31.1,31.49,13899,0
2018-03-16,20:00:00,31.45,31.6,30.6,30.85,61264,0
2018-03-16,21:00:00,30.8,31.05,30.6,31,377911,0
2018-03-19,15:00:00,31.05,32.05,30.775,31.85,41030,0
2018-03-19,16:00:00,31.8,32.4,31.775,32.05,46673,0
2018-03-19,17:00:00,32.1,32.2,31.45,31.5,35924,0
2018-03-19,18:00:00,31.55,31.85,31.3,31.35,21176,0
2018-03-19,19:00:00,31.3,31.5,30.75,31.05,45116,0
2018-03-19,20:00:00,31.05,31.55,30.85,31,62352,0
2018-03-19,21:00:00,31.05,31.3,30.9,31.2,78271,0
2018-03-20,15:00:00,31.4,31.75,31.25,31.25,21344,0
2018-03-20,16:00:00,31.2,31.4,31,31.01,6722,0
2018-03-20,17:00:00,31.1,31.1,30.75,30.8,7599,0
2018-03-20,18:00:00,30.85,30.95,30.75,30.8,5890,0
2018-03-20,19:00:00,30.9,31.05,30.8,30.95,6596,0
2018-03-20,20:00:00,30.9,31.45,30.75,31.15,24713,0
2018-03-20,21:00:00,31.25,31.3678,31,31.1,48556,0
2018-03-21,15:00:00,31.2,31.45,30.6,31.3,8239,0
2018-03-21,16:00:00,31.375,31.575,31.125,31.45,7674,0
2018-03-21,17:00:00,31.45,32.2,31.4,32.1,44863,0
2018-03-21,18:00:00,32.1,32.15,31.8,31.8,21920,0
2018-03-21,19:00:00,31.8,31.85,31.35,31.45,21973,0
2018-03-21,20:00:00,31.45,31.55,31.15,31.3,28277,0
2018-03-21,21:00:00,31.3,31.65,31.3,31.4,37161,0
2018-03-22,15:00:00,30.95,31.125,30.65,30.8,20217,0
2018-03-22,16:00:00,30.75,31,30.7,30.8,43801,0
2018-03-22,17:00:00,30.85,30.95,30.75,30.85,29759,0
2018-03-22,18:00:00,30.85,31.15,30.8,31.05,28700,0
2018-03-22,19:00:00,31.1,31.45,30.95,31.1501,22283,0
2018-03-22,20:00:00,31.3,31.35,31,31.05,12035,0
2018-03-22,21:00:00,31,31.05,30.55,30.6,42703,0
2018-03-23,15:00:00,30.2,30.85,29.75,30.2305,37065,0
2018-03-23,16:00:00,30.25,30.3,30,30.15,27066,0
2018-03-23,17:00:00,30.2,30.3,29.85,29.85,20911,0
2018-03-23,18:00:00,29.95,30.2,29.85,30.1,14196,0
2018-03-23,19:00:00,30.15,30.225,30.1,30.175,17556,0
2018-03-23,20:00:00,30.2,30.45,29.875,29.9,33212,0
2018-03-23,21:00:00,29.95,29.95,29.35,29.35,76077,0
2018-03-26,16:00:00,29.85,29.95,29.5,29.65,17955,0
2018-03-26,17:00:00,29.75,30,29.4,29.65,26912,0
2018-03-26,18:00:00,29.6,29.75,29.35,29.65,19456,0
2018-03-26,19:00:00,29.65,29.75,29.4,29.7,17823,0
2018-03-26,20:00:00,29.7,29.85,29.55,29.8,13300,0
2018-03-26,21:00:00,29.85,30.5,29.775,30.4,12147,0
2018-03-26,22:00:00,30.35,30.75,30.35,30.6,50726,0
2018-03-27,16:00:00,31.45,31.55,31.15,31.5,47022,0
2018-03-27,17:00:00,31.45,31.7,30.8,30.9,40072,0
2018-03-27,18:00:00,30.9,31.6,30.75,31.25,72432,0
2018-03-27,19:00:00,31.214,31.25,30.85,31.1,45381,0
2018-03-27,20:00:00,31.05,31.25,30.6,30.75,11961,0
2018-03-27,21:00:00,30.6,30.65,30.4,30.5,20982,0
2018-03-27,22:00:00,30.55,30.65,30.45,30.5,92133,0
2018-03-28,16:00:00,30.65,30.7,29.75,30.35,20406,0
2018-03-28,17:00:00,30.4,30.65,30.2,30.2,49205,0
2018-03-28,18:00:00,30.225,30.55,30.1429,30.25,45102,0
2018-03-28,19:00:00,30.225,30.5,29.85,29.9,23584,0
2018-03-28,20:00:00,29.86,30.25,29.85,30.15,16523,0
2018-03-28,21:00:00,30.2,30.2537,29.95,30.05,16707,0
2018-03-28,22:00:00,30.05,30.15,29.8,30.05,49987,0
2018-03-29,16:00:00,30.25,30.45,29.75,29.9,12939,0
2018-03-29,17:00:00,29.975,30.3,29.4501,30.25,49076,0
2018-03-29,18:00:00,30.25,30.3,29.95,30.25,71461,0
2018-03-29,19:00:00,30.2,30.9,30.2,30.81,21435,0
2018-03-29,20:00:00,30.85,31.15,30.7,31.075,8208,0
2018-03-29,21:00:00,31.05,31.3,30.95,31.25,18381,0
2018-03-29,22:00:00,31.2,31.275,30.65,30.8,132446,0
