Date,Time,Open,High,Low,Close,Volume,OpenInt
2017-09-06,16:00:00,16.56,16.585,16.48,16.5,17014,0
2017-09-06,17:00:00,16.52,16.69,16.52,16.53,26900,0
2017-09-06,18:00:00,16.53,16.855,16.51,16.74,129393,0
2017-09-06,19:00:00,16.74,16.77,16.65,16.65,19299,0
2017-09-06,20:00:00,16.675,16.85,16.61,16.635,218244,0
2017-09-06,21:00:00,16.63,16.64,16.55,16.57,12244,0
2017-09-06,22:00:00,16.56,16.705,16.56,16.67,48733,0
2017-09-07,16:00:00,16.74,16.76,16.7,16.7,8807,0
2017-09-07,17:00:00,16.66,16.72,16.61,16.71,9839,0
2017-09-07,18:00:00,16.73,16.765,16.62,16.63,15863,0
2017-09-07,19:00:00,16.61,16.69,16.6,16.63,6664,0
2017-09-07,20:00:00,16.67,16.68,16.62,16.63,1600,0
2017-09-07,21:00:00,16.63,16.69,16.6089,16.61,8429,0
2017-09-07,22:00:00,16.59,16.69,16.58,16.68,32785,0
2017-09-08,16:00:00,16.57,16.63,16.49,16.58,25412,0
2017-09-08,17:00:00,16.57,16.61,16.35,16.59,45600,0
2017-09-08,18:00:00,16.6,16.64,16.52,16.64,17520,0
2017-09-08,19:00:00,16.64,16.68,16.55,16.65,27333,0
2017-09-08,20:00:00,16.645,16.645,16.5,16.53,18092,0
2017-09-08,21:00:00,16.55,16.61,16.54,16.61,20783,0
2017-09-08,22:00:00,16.61,16.68,16.55,16.56,112063,0
2017-09-11,16:00:00,16.63,16.7,16.5,16.5,12466,0
2017-09-11,17:00:00,16.51,16.65,16.5,16.6,23035,0
2017-09-11,18:00:00,16.61,16.625,16.56,16.57,29484,0
2017-09-11,19:00:00,16.57,16.57,16.52,16.52,11107,0
2017-09-11,20:00:00,16.51,16.56,16.48,16.51,20996,0
2017-09-11,21:00:00,16.51,16.56,16.5,16.52,20420,0
2017-09-11,22:00:00,16.52,16.57,16.44,16.46,126501,0
2017-09-12,16:00:00,16.54,16.69,16.54,16.59,9175,0
2017-09-12,17:00:00,16.58,16.72,16.58,16.66,32192,0
2017-09-12,18:00:00,16.67,16.695,16.62,16.64,17220,0
2017-09-12,19:00:00,16.64,16.66,16.59,16.635,20638,0
2017-09-12,20:00:00,16.62,16.65,16.57,16.57,9362,0
2017-09-12,21:00:00,16.57,16.58,16.52,16.55,23741,0
2017-09-12,22:00:00,16.52,16.52,16.4399,16.48,69617,0
2017-09-13,16:00:00,16.49,16.53,16.2411,16.53,10415,0
2017-09-13,17:00:00,16.54,16.7,16.5,16.69,30312,0
2017-09-13,18:00:00,16.69,16.78,16.67,16.755,20542,0
2017-09-13,19:00:00,16.7501,16.79,16.74,16.75,4872,0
2017-09-13,20:00:00,16.74,16.76,16.67,16.73,5941,0
2017-09-13,21:00:00,16.71,16.84,16.69,16.83,44364,0
2017-09-13,22:00:00,16.83,16.92,16.83,16.89,107841,0
2017-09-14,16:00:00,16.85,16.93,16.75,16.89,17068,0
2017-09-14,17:00:00,16.86,17.02,16.86,16.95,130272,0
2017-09-14,18:00:00,16.9701,17.09,16.93,16.99,29709,0
2017-09-14,19:00:00,16.98,17.01,16.68,16.68,122308,0
2017-09-14,20:00:00,16.67,16.7299,16.6,16.68,44277,0
2017-09-14,21:00:00,16.69,16.72,16.64,16.65,46353,0
2017-09-14,22:00:00,16.65,16.66,16.42,16.5,143583,0
2017-09-15,16:00:00,16.52,16.55,16.41,16.55,77912,0
2017-09-15,17:00:00,16.55,16.58,16.52,16.54,11490,0
2017-09-15,18:00:00,16.55,16.61,16.52,16.58,21295,0
2017-09-15,19:00:00,16.59,16.6,16.31,16.31,61198,0
2017-09-15,20:00:00,16.32,16.36,16.28,16.28,17991,0
2017-09-15,21:00:00,16.28,16.29,16.16,16.19,63519,0
2017-09-15,22:00:00,16.185,16.19,16.03,16.11,346143,0
2017-09-18,16:00:00,16.18,16.57,16.14,16.57,20008,0
2017-09-18,17:00:00,16.57,16.66,16.47,16.6,37311,0
2017-09-18,18:00:00,16.6,16.68,16.49,16.505,62563,0
2017-09-18,19:00:00,16.52,16.55,16.46,16.53,28853,0
2017-09-18,20:00:00,16.54,16.69,16.54,16.67,33124,0
2017-09-18,21:00:00,16.64,16.67,16.56,16.6,36579,0
2017-09-18,22:00:00,16.6,16.78,16.58,16.75,124309,0
2017-09-19,16:00:00,11.75,11.8,10.19,10.36,7223525,0
2017-09-19,17:00:00,10.36,10.63,10.13,10.49,3868446,0
2017-09-19,18:00:00,10.4681,10.61,10,10.13,2520485,0
2017-09-19,19:00:00,10.12,10.35,9.95,10.178,2302016,0
2017-09-19,20:00:00,10.18,10.29,10.02,10.0873,614838,0
2017-09-19,21:00:00,10.085,10.17,10.03,10.095,493606,0
2017-09-19,22:00:00,10.096,10.1351,9.76,9.82,2488723,0
2017-09-20,16:00:00,9.86,10.1299,9.86,9.9906,770862,0
2017-09-20,17:00:00,9.99,10.02,9.45,9.4801,1074802,0
2017-09-20,18:00:00,9.5,9.51,9.13,9.25,1222856,0
2017-09-20,19:00:00,9.25,9.49,9.19,9.44,643278,0
2017-09-20,20:00:00,9.43,9.44,9.21,9.2801,389287,0
2017-09-20,21:00:00,9.285,9.45,9.2,9.4,533685,0
2017-09-20,22:00:00,9.395,9.57,9.37,9.48,989644,0
2017-09-21,16:00:00,9.52,9.66,9.26,9.3332,248712,0
2017-09-21,17:00:00,9.355,9.6,9.32,9.58,339353,0
2017-09-21,18:00:00,9.5648,9.82,9.51,9.65,304486,0
2017-09-21,19:00:00,9.6499,9.65,9.42,9.509,227049,0
2017-09-21,20:00:00,9.5,9.51,9.39,9.41,231828,0
2017-09-21,21:00:00,9.41,9.47,9.34,9.46,204123,0
2017-09-21,22:00:00,9.465,9.48,9.301,9.33,454917,0
2017-09-22,16:00:00,9.25,9.29,8.7564,8.94,825987,0
2017-09-22,17:00:00,8.91,9.02,8.76,8.82,564084,0
2017-09-22,18:00:00,8.81,8.83,8.71,8.7714,273304,0
2017-09-22,19:00:00,8.77,8.81,8.72,8.765,283866,0
2017-09-22,20:00:00,8.77,8.9,8.7699,8.8593,212136,0
2017-09-22,21:00:00,8.86,8.92,8.8,8.9,175927,0
2017-09-22,22:00:00,8.89,9.23,8.89,9.2,696248,0
2017-09-25,16:00:00,9.07,9.24,9.0187,9.08,124626,0
2017-09-25,17:00:00,9.07,9.1138,8.86,8.88,237429,0
2017-09-25,18:00:00,8.88,9.01,8.8554,8.98,168960,0
2017-09-25,19:00:00,8.96,8.96,8.88,8.91,74003,0
2017-09-25,20:00:00,8.92,8.9444,8.89,8.92,65705,0
2017-09-25,21:00:00,8.92,8.99,8.9,8.96,108870,0
2017-09-25,22:00:00,8.95,9.09,8.94,9.04,449522,0
2017-09-26,16:00:00,9.03,9.23,9,9.1779,109283,0
2017-09-26,17:00:00,9.17,9.175,9.025,9.031,171951,0
2017-09-26,18:00:00,9.031,9.035,8.99,9,145247,0
2017-09-26,19:00:00,9,9.0075,8.915,8.94,106909,0
2017-09-26,20:00:00,8.931,9.04,8.9301,9.02,131353,0
2017-09-26,21:00:00,9.015,9.02,8.9,8.98,108618,0
2017-09-26,22:00:00,8.98,9.02,8.95,8.97,292063,0
2017-09-27,16:00:00,8.97,9.02,8.88,8.902,105678,0
2017-09-27,17:00:00,8.92,8.98,8.9,8.92,112652,0
2017-09-27,18:00:00,8.93,8.99,8.9,8.98,92302,0
2017-09-27,19:00:00,8.97,9.02,8.97,9.01,96686,0
2017-09-27,20:00:00,9.005,9.0658,8.99,9.055,96932,0
2017-09-27,21:00:00,9.055,9.06,8.99,9.03,98457,0
2017-09-27,22:00:00,9.01,9.07,9,9.02,185384,0
2017-09-28,16:00:00,9.03,9.0583,8.92,9.005,82852,0
2017-09-28,17:00:00,9.01,9.055,8.941,8.98,122967,0
2017-09-28,18:00:00,8.979,9.01,8.95,8.99,102630,0
2017-09-28,19:00:00,8.99,9.02,8.98,9,58758,0
2017-09-28,20:00:00,9.0093,9.02,8.98,9.02,51848,0
2017-09-28,21:00:00,9.02,9.025,8.98,8.995,68721,0
2017-09-28,22:00:00,8.99,9.02,8.94,9,260374,0
2017-09-29,16:00:00,9.08,9.25,8.93,9.23,154446,0
2017-09-29,17:00:00,9.2201,9.37,9.16,9.3126,278671,0
2017-09-29,18:00:00,9.31,9.37,9.3,9.3208,157738,0
2017-09-29,19:00:00,9.325,9.36,9.3,9.32,123356,0
2017-09-29,20:00:00,9.32,9.32,9.21,9.27,109326,0
2017-09-29,21:00:00,9.27,9.295,9.25,9.2908,71699,0
2017-09-29,22:00:00,9.28,9.35,9.28,9.33,389780,0
2017-10-02,16:00:00,10.84,11.53,10.72,11.0801,3075499,0
2017-10-02,17:00:00,11.08,11.35,10.81,10.92,1983331,0
2017-10-02,18:00:00,10.93,10.95,10.47,10.52,1180007,0
2017-10-02,19:00:00,10.53,10.99,10.36,10.86,1145265,0
2017-10-02,20:00:00,10.8572,10.8572,10.55,10.735,499451,0
2017-10-02,21:00:00,10.7499,10.78,10.45,10.72,498087,0
2017-10-02,22:00:00,10.712,10.78,10.61,10.69,871131,0
2017-10-03,16:00:00,10.75,11.08,10.65,11.05,519675,0
2017-10-03,17:00:00,11.0414,11.0425,10.75,10.756,280077,0
2017-10-03,18:00:00,10.75,10.76,10.54,10.72,209363,0
2017-10-03,19:00:00,10.72,10.83,10.72,10.81,150593,0
2017-10-03,20:00:00,10.81,10.83,10.71,10.73,112654,0
2017-10-03,21:00:00,10.73,10.895,10.72,10.895,154466,0
2017-10-03,22:00:00,10.8958,10.967,10.83,10.83,476559,0
2017-10-04,16:00:00,10.79,10.93,10.72,10.845,223727,0
2017-10-04,17:00:00,10.84,10.97,10.83,10.94,197209,0
2017-10-04,18:00:00,10.94,10.94,10.84,10.871,107317,0
2017-10-04,19:00:00,10.875,10.88,10.8,10.8487,59348,0
2017-10-04,20:00:00,10.84,10.89,10.78,10.7956,77101,0
2017-10-04,21:00:00,10.7966,10.82,10.78,10.8142,121986,0
2017-10-04,22:00:00,10.815,10.815,10.69,10.73,390923,0
2017-10-05,16:00:00,10.78,10.97,10.74,10.81,143442,0
2017-10-05,17:00:00,10.8,11,10.8,10.94,345306,0
2017-10-05,18:00:00,10.95,10.96,10.84,10.8601,87305,0
2017-10-05,19:00:00,10.86,10.86,10.77,10.81,62903,0
2017-10-05,20:00:00,10.814,10.85,10.81,10.81,90121,0
2017-10-05,21:00:00,10.8,10.81,10.71,10.7101,65931,0
2017-10-05,22:00:00,10.715,10.76,10.66,10.72,429760,0
2017-10-06,16:00:00,13.6,14,13.31,13.46,4364812,0
2017-10-06,17:00:00,13.42,13.88,13.36,13.74,2269300,0
2017-10-06,18:00:00,13.74,14.43,13.74,14.1,3005650,0
2017-10-06,19:00:00,14.1,14.29,14.02,14.2284,1092164,0
2017-10-06,20:00:00,14.23,14.3799,13.83,13.87,1295052,0
2017-10-06,21:00:00,13.87,14.15,13.85,14.11,833315,0
2017-10-06,22:00:00,14.11,14.21,13.92,14.155,1724467,0
2017-10-09,16:00:00,14.16,14.3,13.7,14.14,549652,0
2017-10-09,17:00:00,14.16,14.16,13.8,13.88,449258,0
2017-10-09,18:00:00,13.899,13.899,13.52,13.5258,560727,0
2017-10-09,19:00:00,13.52,13.54,13.28,13.49,432133,0
2017-10-09,20:00:00,13.49,13.4992,13.4,13.43,177915,0
2017-10-09,21:00:00,13.4366,13.9192,13.42,13.74,529677,0
2017-10-09,22:00:00,13.72,13.89,13.62,13.71,571401,0
2017-10-10,16:00:00,13.77,13.79,13.6,13.6947,207965,0
2017-10-10,17:00:00,13.72,14.12,13.68,14.02,443912,0
2017-10-10,18:00:00,14.01,14.35,14,14.275,375978,0
2017-10-10,19:00:00,14.27,14.37,14.16,14.34,513308,0
2017-10-10,20:00:00,14.34,14.67,14.26,14.42,449329,0
2017-10-10,21:00:00,14.4,14.46,14.25,14.37,297686,0
2017-10-10,22:00:00,14.36,14.62,14.35,14.45,843182,0
2017-10-11,16:00:00,14.29,14.45,14.11,14.42,213635,0
2017-10-11,17:00:00,14.4089,14.55,14.29,14.315,334414,0
2017-10-11,18:00:00,14.31,14.43,14.265,14.355,185879,0
2017-10-11,19:00:00,14.35,14.3799,14.35,14.35,141035,0
2017-10-11,20:00:00,14.35,14.47,14.255,14.35,280237,0
2017-10-11,21:00:00,14.355,14.4,14.15,14.2,324980,0
2017-10-11,22:00:00,14.21,14.38,14.19,14.36,566698,0
2017-10-12,16:00:00,14.16,14.26,13.96,14.1501,92792,0
2017-10-12,17:00:00,14.15,14.3,14.09,14.29,83550,0
2017-10-12,18:00:00,14.2901,14.4,14.27,14.35,85034,0
2017-10-12,19:00:00,14.35,14.42,14.28,14.29,75094,0
2017-10-12,20:00:00,14.28,14.32,14.22,14.32,63039,0
2017-10-12,21:00:00,14.32,14.4,14.27,14.4,78322,0
2017-10-12,22:00:00,14.4,14.4,14.28,14.36,332705,0
2017-10-13,16:00:00,14.34,14.42,14.1,14.3699,110965,0
2017-10-13,17:00:00,14.372,14.56,14.3637,14.51,224083,0
2017-10-13,18:00:00,14.53,14.54,14.252,14.252,158428,0
2017-10-13,19:00:00,14.254,14.31,14.251,14.27,68541,0
2017-10-13,20:00:00,14.26,14.31,14.22,14.26,80259,0
2017-10-13,21:00:00,14.26,14.27,14.24,14.26,51434,0
2017-10-13,22:00:00,14.26,14.27,14.11,14.15,269144,0
2017-10-16,16:00:00,14.09,14.23,14.0359,14.0986,102763,0
2017-10-16,17:00:00,14.1,14.15,13.87,13.918,179695,0
2017-10-16,18:00:00,13.93,13.99,13.78,13.87,124112,0
2017-10-16,19:00:00,13.88,13.9,13.65,13.66,128547,0
2017-10-16,20:00:00,13.68,13.75,13.64,13.7284,70017,0
2017-10-16,21:00:00,13.72,13.78,13.701,13.75,69230,0
2017-10-16,22:00:00,13.75,13.79,13.69,13.73,176934,0
2017-10-17,16:00:00,15.53,15.69,14.18,14.3416,2089528,0
2017-10-17,17:00:00,14.33,14.39,13.4,13.4597,2383257,0
2017-10-17,18:00:00,13.441,13.65,13.24,13.6284,1303733,0
2017-10-17,19:00:00,13.6236,13.689,13.12,13.3,700457,0
2017-10-17,20:00:00,13.3,13.4,12.96,13.1344,571256,0
2017-10-17,21:00:00,13.145,13.42,13.068,13.36,550279,0
2017-10-17,22:00:00,13.36,13.64,13.19,13.19,1056374,0
2017-10-18,16:00:00,13,13.06,12.24,12.312,958498,0
2017-10-18,17:00:00,12.32,12.32,11.53,11.7499,2372906,0
2017-10-18,18:00:00,11.7101,11.87,11.46,11.611,1037626,0
2017-10-18,19:00:00,11.62,11.8701,11.61,11.67,363959,0
2017-10-18,20:00:00,11.66,11.66,11.29,11.52,565187,0
2017-10-18,21:00:00,11.515,11.58,11.25,11.375,397472,0
2017-10-18,22:00:00,11.375,11.69,11.3,11.67,1049430,0
2017-10-19,16:00:00,11.47,11.58,11.21,11.435,274029,0
2017-10-19,17:00:00,11.43,11.5,11.25,11.475,311343,0
2017-10-19,18:00:00,11.46,11.46,11.3201,11.395,148894,0
2017-10-19,19:00:00,11.39,11.55,11.37,11.5401,168635,0
2017-10-19,20:00:00,11.54,11.6569,11.475,11.57,188587,0
2017-10-19,21:00:00,11.56,11.58,11.44,11.55,154419,0
2017-10-19,22:00:00,11.56,11.62,11.45,11.51,340992,0
2017-10-20,16:00:00,11.59,11.92,11.5,11.655,249846,0
2017-10-20,17:00:00,11.65,11.65,11.37,11.41,252162,0
2017-10-20,18:00:00,11.42,11.6,11.34,11.39,287950,0
2017-10-20,19:00:00,11.387,11.65,11.387,11.57,214031,0
2017-10-20,20:00:00,11.56,11.59,11.48,11.5,102405,0
2017-10-20,21:00:00,11.4958,11.5,11.4,11.485,181262,0
2017-10-20,22:00:00,11.48,11.4875,11.36,11.39,436002,0
2017-10-23,16:00:00,11.44,11.48,11.32,11.34,124944,0
2017-10-23,17:00:00,11.36,11.42,11.26,11.27,196103,0
2017-10-23,18:00:00,11.27,11.39,11.2575,11.39,150932,0
2017-10-23,19:00:00,11.4,11.41,11.31,11.34,124424,0
2017-10-23,20:00:00,11.35,11.35,11.24,11.25,113842,0
2017-10-23,21:00:00,11.25,11.275,11.24,11.245,134764,0
2017-10-23,22:00:00,11.25,11.25,11,11.09,425175,0
2017-10-24,16:00:00,11.02,11.02,10.69,10.96,196577,0
2017-10-24,17:00:00,10.95,11.21,10.95,11.16,106765,0
2017-10-24,18:00:00,11.16,11.28,11.16,11.2111,126836,0
2017-10-24,19:00:00,11.2119,11.345,11.21,11.32,89295,0
2017-10-24,20:00:00,11.34,11.38,11.29,11.35,124275,0
2017-10-24,21:00:00,11.35,11.35,11.16,11.18,107435,0
2017-10-24,22:00:00,11.18,11.18,11.065,11.12,221260,0
2017-10-25,16:00:00,11.05,11.21,11.02,11.12,40295,0
2017-10-25,17:00:00,11.12,11.27,11.07,11.12,93764,0
2017-10-25,18:00:00,11.12,11.17,11.02,11.12,93387,0
2017-10-25,19:00:00,11.12,11.22,11.08,11.215,70498,0
2017-10-25,20:00:00,11.21,11.4048,11.2,11.4048,131269,0
2017-10-25,21:00:00,11.4,11.43,11.3,11.35,83626,0
2017-10-25,22:00:00,11.35,11.4,11.31,11.37,224371,0
2017-10-26,16:00:00,11.35,11.45,11.26,11.31,49540,0
2017-10-26,17:00:00,11.31,11.49,11.3,11.47,120267,0
2017-10-26,18:00:00,11.49,11.49,11.35,11.42,86497,0
2017-10-26,19:00:00,11.42,11.435,11.37,11.37,48787,0
2017-10-26,20:00:00,11.37,11.37,11.2436,11.3,109724,0
2017-10-26,21:00:00,11.3,11.37,11.3,11.34,74914,0
2017-10-26,22:00:00,11.34,11.375,11.33,11.34,174923,0
2017-10-27,16:00:00,11.33,11.45,11.33,11.43,27721,0
2017-10-27,17:00:00,11.42,11.47,11.31,11.35,57435,0
2017-10-27,18:00:00,11.35,11.48,11.3,11.46,49866,0
2017-10-27,19:00:00,11.46,11.52,11.45,11.47,78816,0
2017-10-27,20:00:00,11.48,11.62,11.48,11.57,74853,0
2017-10-27,21:00:00,11.56,11.57,11.43,11.44,54183,0
2017-10-27,22:00:00,11.44,11.49,11.43,11.49,243298,0
2017-10-30,15:00:00,11.3675,11.49,11.29,11.35,40815,0
2017-10-30,16:00:00,11.3672,11.49,11.3201,11.47,57265,0
2017-10-30,17:00:00,11.48,11.54,11.46,11.49,70070,0
2017-10-30,18:00:00,11.49,11.49,11.33,11.35,55838,0
2017-10-30,19:00:00,11.35,11.46,11.33,11.35,54263,0
2017-10-30,20:00:00,11.345,11.35,11.26,11.28,49588,0
2017-10-30,21:00:00,11.28,11.29,11.21,11.26,153491,0
2017-10-31,15:00:00,11.25,11.3415,11.1568,11.21,47670,0
2017-10-31,16:00:00,11.24,11.29,11.2,11.23,113012,0
2017-10-31,17:00:00,11.22,11.22,11.14,11.19,58245,0
2017-10-31,18:00:00,11.2,11.2,11.12,11.13,35407,0
2017-10-31,19:00:00,11.13,11.17,11.09,11.1,43618,0
2017-10-31,20:00:00,11.11,11.36,11.1,11.36,79059,0
2017-10-31,21:00:00,11.36,11.4,11.32,11.33,209496,0
2017-11-01,15:00:00,11.43,11.63,11.26,11.47,71270,0
2017-11-01,16:00:00,11.48,11.48,11.33,11.3646,42108,0
2017-11-01,17:00:00,11.36,11.37,11.25,11.27,47673,0
2017-11-01,18:00:00,11.28,11.3,11.2,11.25,45990,0
2017-11-01,19:00:00,11.25,11.25,11.13,11.17,42389,0
2017-11-01,20:00:00,11.17,11.23,11.125,11.2,74259,0
2017-11-01,21:00:00,11.2,11.23,11.14,11.14,147214,0
2017-11-02,15:00:00,11.1,11.119,10.85,10.9284,60188,0
2017-11-02,16:00:00,10.95,10.98,10.59,10.73,203710,0
2017-11-02,17:00:00,10.7298,11,10.7298,10.93,46425,0
2017-11-02,18:00:00,10.94,10.95,10.73,10.79,86091,0
2017-11-02,19:00:00,10.795,10.8,10.51,10.57,129125,0
2017-11-02,20:00:00,10.57,10.58,10.4201,10.49,92732,0
2017-11-02,21:00:00,10.485,10.5,10.39,10.4,270442,0
2017-11-03,15:00:00,10.38,10.4,10.2214,10.2395,56586,0
2017-11-03,16:00:00,10.24,10.28,9.93,9.989,256613,0
2017-11-03,17:00:00,9.99,10,9.731,9.9,360156,0
2017-11-03,18:00:00,9.9092,10,9.85,9.94,91841,0
2017-11-03,19:00:00,9.93,10.13,9.92,10.11,121428,0
2017-11-03,20:00:00,10.13,10.19,10.1,10.1,97923,0
2017-11-03,21:00:00,10.1,10.11,9.96,9.99,234195,0
2017-11-06,16:00:00,9.9,10.3,9.88,10.27,82398,0
2017-11-06,17:00:00,10.2686,10.28,10.08,10.14,87057,0
2017-11-06,18:00:00,10.14,10.26,10.13,10.2,74556,0
2017-11-06,19:00:00,10.2,10.3397,10.17,10.33,68769,0
2017-11-06,20:00:00,10.31,10.42,10.22,10.34,97085,0
2017-11-06,21:00:00,10.33,10.34,10.1575,10.2,98604,0
2017-11-06,22:00:00,10.195,10.2,10.02,10.08,292767,0
2017-11-07,16:00:00,10.21,10.21,10.045,10.14,32716,0
2017-11-07,17:00:00,10.13,10.17,9.95,9.99,62413,0
2017-11-07,18:00:00,9.99,10.09,9.99,10.03,95893,0
2017-11-07,19:00:00,10.035,10.06,9.98,10.04,50255,0
2017-11-07,20:00:00,10.05,10.14,10.0201,10.07,49059,0
2017-11-07,21:00:00,10.07,10.14,10.07,10.07,44064,0
2017-11-07,22:00:00,10.07,10.09,10.02,10.07,158434,0
2017-11-08,16:00:00,10.1,10.14,10.05,10.14,29915,0
2017-11-08,17:00:00,10.14,10.2701,10.14,10.24,52972,0
2017-11-08,18:00:00,10.24,10.42,10.24,10.42,51660,0
2017-11-08,19:00:00,10.41,10.54,10.3903,10.535,47314,0
2017-11-08,20:00:00,10.54,10.57,10.49,10.53,35650,0
2017-11-08,21:00:00,10.53,10.62,10.47,10.5086,61936,0
2017-11-08,22:00:00,10.51,10.54,10.46,10.51,163230,0
2017-11-09,16:00:00,10.45,10.48,10.27,10.4299,30906,0
2017-11-09,17:00:00,10.43,10.57,10.43,10.56,43251,0
2017-11-09,18:00:00,10.55,10.56,10.44,10.47,45430,0
2017-11-09,19:00:00,10.49,10.59,10.45,10.56,43620,0
2017-11-09,20:00:00,10.58,10.8,10.5499,10.78,63299,0
2017-11-09,21:00:00,10.75,10.78,10.64,10.646,26100,0
2017-11-09,22:00:00,10.64,10.74,10.62,10.73,87090,0
2017-11-10,16:00:00,10.71,10.75,10.66,10.72,17104,0
2017-11-10,17:00:00,10.69,10.82,10.6601,10.77,56009,0
2017-11-10,18:00:00,10.7798,10.79,10.61,10.6703,42389,0
2017-11-10,19:00:00,10.66,10.675,10.52,10.5269,33266,0
2017-11-10,20:00:00,10.53,10.55,10.45,10.461,38478,0
2017-11-10,21:00:00,10.47,10.53,10.47,10.52,21090,0
2017-11-10,22:00:00,10.52,10.54,10.45,10.47,170122,0
2017-11-13,16:00:00,10.34,10.44,10.18,10.24,63656,0
2017-11-13,17:00:00,10.24,10.25,10.18,10.23,42175,0
2017-11-13,18:00:00,10.24,10.26,10.17,10.1804,111335,0
2017-11-13,19:00:00,10.19,10.19,10.06,10.16,202160,0
2017-11-13,20:00:00,10.18,10.24,10.07,10.12,291340,0
2017-11-13,21:00:00,10.14,10.14,10.08,10.105,54529,0
2017-11-13,22:00:00,10.1,10.13,10.02,10.04,168455,0
2017-11-14,16:00:00,9.95,10.078,9.76,9.7706,91225,0
2017-11-14,17:00:00,9.8,9.82,9.645,9.78,137288,0
2017-11-14,18:00:00,9.8,9.8,9.47,9.6,129497,0
2017-11-14,19:00:00,9.5999,9.63,9.4099,9.51,130996,0
2017-11-14,20:00:00,9.51,9.619,9.48,9.6,86121,0
2017-11-14,21:00:00,9.61,9.61,9.53,9.56,46837,0
2017-11-14,22:00:00,9.56,9.64,9.52,9.56,260111,0
2017-11-15,16:00:00,9.51,9.56,9.36,9.51,67806,0
2017-11-15,17:00:00,9.51,9.84,9.5,9.83,131845,0
2017-11-15,18:00:00,9.82,9.92,9.61,9.63,99748,0
2017-11-15,19:00:00,9.62,9.68,9.55,9.65,69476,0
2017-11-15,20:00:00,9.64,9.64,9.46,9.49,96472,0
2017-11-15,21:00:00,9.5,9.71,9.5,9.66,77333,0
2017-11-15,22:00:00,9.67,9.675,9.55,9.58,171133,0
2017-11-16,16:00:00,9.58,9.8489,9.51,9.6796,93745,0
2017-11-16,17:00:00,9.68,9.889,9.63,9.87,134794,0
2017-11-16,18:00:00,9.88,10.09,9.87,10,137668,0
2017-11-16,19:00:00,10.01,10.26,10,10.25,103052,0
2017-11-16,20:00:00,10.25,10.5,10.19,10.28,285887,0
2017-11-16,21:00:00,10.3,10.46,10.2595,10.45,78273,0
2017-11-16,22:00:00,10.45,10.5,10.4,10.45,189944,0
2017-11-17,16:00:00,10.45,10.55,10.23,10.3,62773,0
2017-11-17,17:00:00,10.2916,10.31,10.13,10.2357,68769,0
2017-11-17,18:00:00,10.23,10.36,10.17,10.36,61013,0
2017-11-17,19:00:00,10.37,10.43,10.33,10.42,48659,0
2017-11-17,20:00:00,10.43,10.49,10.35,10.41,58945,0
2017-11-17,21:00:00,10.4,10.51,10.38,10.42,97232,0
2017-11-17,22:00:00,10.42,10.5,10.36,10.38,176561,0
2017-11-20,16:00:00,10.37,10.4799,10.32,10.46,37346,0
2017-11-20,17:00:00,10.48,10.62,10.4,10.62,99427,0
2017-11-20,18:00:00,10.62,10.81,10.58,10.79,95445,0
2017-11-20,19:00:00,10.79,10.9,10.79,10.895,40984,0
2017-11-20,20:00:00,10.8753,11.17,10.87,11.17,89522,0
2017-11-20,21:00:00,11.18,11.33,11.11,11.115,177263,0
2017-11-20,22:00:00,11.12,11.2099,11.07,11.14,318781,0
2017-11-21,16:00:00,10.75,11.24,10.74,11.145,191296,0
2017-11-21,17:00:00,11.14,11.17,11.08,11.09,88478,0
2017-11-21,18:00:00,11.1,11.105,11.01,11.06,85371,0
2017-11-21,19:00:00,11.07,11.13,11.07,11.13,30834,0
2017-11-21,20:00:00,11.12,11.185,11.04,11.05,91924,0
2017-11-21,21:00:00,11.04,11.13,11.03,11.13,54061,0
2017-11-21,22:00:00,11.13,11.2,11.12,11.2,225208,0
2017-11-22,16:00:00,11.14,11.39,11.0901,11.24,61018,0
2017-11-22,17:00:00,11.21,11.3,11.18,11.22,67167,0
2017-11-22,18:00:00,11.24,11.26,11.2,11.24,63575,0
2017-11-22,19:00:00,11.24,11.29,11.211,11.29,42335,0
2017-11-22,20:00:00,11.29,11.35,11.265,11.34,102805,0
2017-11-22,21:00:00,11.33,11.39,11.32,11.35,153538,0
2017-11-22,22:00:00,11.35,11.35,11.15,11.25,219397,0
2017-11-24,16:00:00,11.3,11.3,11.1101,11.12,33360,0
2017-11-24,17:00:00,11.14,11.18,11.12,11.13,20395,0
2017-11-24,18:00:00,11.14,11.17,11.03,11.11,41699,0
2017-11-24,19:00:00,11.13,11.24,11.1,11.145,47750,0
2017-11-24,20:00:00,11.13,11.13,11.13,11.13,9108,0
2017-11-27,16:00:00,11.1,11.33,11.1,11.33,67067,0
2017-11-27,17:00:00,11.34,11.47,11.1599,11.2,117825,0
2017-11-27,18:00:00,11.18,11.18,11.11,11.17,48581,0
2017-11-27,19:00:00,11.17,11.45,11.15,11.45,51096,0
2017-11-27,20:00:00,11.46,11.47,11.33,11.33,53785,0
2017-11-27,21:00:00,11.34,11.44,11.34,11.44,41213,0
2017-11-27,22:00:00,11.4399,11.61,11.32,11.36,315554,0
2017-11-28,16:00:00,11.4,11.43,11.3,11.37,14817,0
2017-11-28,17:00:00,11.36,11.52,11.36,11.37,55493,0
2017-11-28,18:00:00,11.37,11.5,11.2801,11.48,75535,0
2017-11-28,19:00:00,11.4704,11.51,11.43,11.44,53985,0
2017-11-28,20:00:00,11.44,11.44,11.35,11.355,34130,0
2017-11-28,21:00:00,11.35,11.5122,11.35,11.48,56601,0
2017-11-28,22:00:00,11.47,11.61,11.43,11.58,189716,0
2017-11-29,16:00:00,11.59,11.879,11.53,11.76,67560,0
2017-11-29,17:00:00,11.75,11.75,11.53,11.67,66641,0
2017-11-29,18:00:00,11.66,11.75,11.45,11.48,60337,0
2017-11-29,19:00:00,11.47,11.59,11.465,11.58,23021,0
2017-11-29,20:00:00,11.58,11.59,11.48,11.51,32033,0
2017-11-29,21:00:00,11.53,11.56,11.5094,11.53,27182,0
2017-11-29,22:00:00,11.52,11.62,11.45,11.52,170472,0
2017-11-30,16:00:00,11.5,11.74,10.9,10.9299,180346,0
2017-11-30,17:00:00,10.91,10.99,10.47,10.48,298600,0
2017-11-30,18:00:00,10.49,10.56,10.1,10.46,450512,0
2017-11-30,19:00:00,10.46,10.64,10.29,10.29,196120,0
2017-11-30,20:00:00,10.29,10.33,10.11,10.22,216001,0
2017-11-30,21:00:00,10.21,10.52,10.155,10.18,325317,0
2017-11-30,22:00:00,10.18,10.24,10.01,10.04,583773,0
2017-12-01,16:00:00,10.16,10.24,10.03,10.075,96219,0
2017-12-01,17:00:00,10.07,10.52,10.03,10.45,205015,0
2017-12-01,18:00:00,10.46,10.5,10.05,10.115,136448,0
2017-12-01,19:00:00,10.12,10.26,10.1,10.25,63622,0
2017-12-01,20:00:00,10.26,10.27,10.13,10.205,41348,0
2017-12-01,21:00:00,10.205,10.21,10.1,10.14,82436,0
2017-12-01,22:00:00,10.14,10.19,10.1,10.15,139991,0
2017-12-04,16:00:00,10.26,10.28,9.8894,9.93,80411,0
2017-12-04,17:00:00,9.91,10.13,9.8501,10.07,104005,0
2017-12-04,18:00:00,10.06,10.23,10.04,10.18,47627,0
2017-12-04,19:00:00,10.18,10.24,10.07,10.1,47560,0
2017-12-04,20:00:00,10.1,10.19,10.1,10.1713,22734,0
2017-12-04,21:00:00,10.1601,10.18,10.03,10.09,35502,0
2017-12-04,22:00:00,10.09,10.1,9.95,9.985,113344,0
2017-12-05,16:00:00,9.96,10,9.75,9.84,87501,0
2017-12-05,17:00:00,9.83,9.87,9.68,9.77,73241,0
2017-12-05,18:00:00,9.78,9.98,9.78,9.9333,69314,0
2017-12-05,19:00:00,9.9301,10,9.81,9.81,64477,0
2017-12-05,20:00:00,9.8,10,9.8,9.93,56209,0
2017-12-05,21:00:00,9.92,9.93,9.81,9.83,62287,0
2017-12-05,22:00:00,9.82,9.98,9.82,9.87,267258,0
2017-12-06,16:00:00,9.84,9.93,9.8,9.82,19202,0
2017-12-06,17:00:00,9.82,9.88,9.73,9.85,71872,0
2017-12-06,18:00:00,9.84,9.88,9.6,9.69,56251,0
2017-12-06,19:00:00,9.6813,9.72,9.55,9.715,82126,0
2017-12-06,20:00:00,9.71,9.715,9.5601,9.675,59644,0
2017-12-06,21:00:00,9.67,9.77,9.65,9.73,57653,0
2017-12-06,22:00:00,9.7282,9.74,9.65,9.68,121358,0
2017-12-07,16:00:00,9.38,9.3888,8.51,8.5334,514310,0
2017-12-07,17:00:00,8.54,8.96,8.4801,8.94,654100,0
2017-12-07,18:00:00,8.935,9.115,8.84,8.91,204046,0
2017-12-07,19:00:00,8.9,9.05,8.81,9.045,133401,0
2017-12-07,20:00:00,9.045,9.08,8.98,9.04,78454,0
2017-12-07,21:00:00,9.035,9.16,8.98,9.13,88589,0
2017-12-07,22:00:00,9.125,9.35,9.11,9.35,367513,0
2017-12-08,16:00:00,9.39,9.47,9.19,9.19,35841,0
2017-12-08,17:00:00,9.195,9.26,9.065,9.0973,101512,0
2017-12-08,18:00:00,9.1,9.25,9.09,9.24,67904,0
2017-12-08,19:00:00,9.24,9.25,9.18,9.235,59885,0
2017-12-08,20:00:00,9.24,9.24,9.2,9.22,26472,0
2017-12-08,21:00:00,9.215,9.3,9.21,9.29,66519,0
2017-12-08,22:00:00,9.29,9.3,9.17,9.26,229480,0
2017-12-11,16:00:00,9.29,9.55,9.29,9.45,63155,0
2017-12-11,17:00:00,9.45,9.49,9.33,9.38,84525,0
2017-12-11,18:00:00,9.3801,9.48,9.33,9.43,66460,0
2017-12-11,19:00:00,9.44,9.56,9.4,9.56,77107,0
2017-12-11,20:00:00,9.57,9.68,9.53,9.5814,82058,0
2017-12-11,21:00:00,9.6,9.62,9.47,9.51,57526,0
2017-12-11,22:00:00,9.51,9.58,9.48,9.49,219989,0
2017-12-12,16:00:00,9.54,9.59,9.44,9.57,50716,0
2017-12-12,17:00:00,9.575,9.64,9.51,9.53,49152,0
2017-12-12,18:00:00,9.52,9.55,9.48,9.51,63723,0
2017-12-12,19:00:00,9.5,9.505,9.42,9.43,56680,0
2017-12-12,20:00:00,9.44,9.48,9.39,9.39,39099,0
2017-12-12,21:00:00,9.39,9.42,9.32,9.33,106327,0
2017-12-12,22:00:00,9.329,9.34,9.25,9.27,230376,0
2017-12-13,16:00:00,9,9.24,8.98,9.12,192604,0
2017-12-13,17:00:00,9.11,9.14,8.91,8.9722,167449,0
2017-12-13,18:00:00,8.97,9.005,8.91,8.975,145692,0
2017-12-13,19:00:00,8.98,9,8.91,8.98,63140,0
2017-12-13,20:00:00,8.98,9.135,8.96,9,128087,0
2017-12-13,21:00:00,9.02,9.0725,9.02,9.04,82007,0
2017-12-13,22:00:00,9.03,9.06,8.95,9.02,258714,0
2017-12-14,16:00:00,9.06,9.1,8.8,8.83,128287,0
2017-12-14,17:00:00,8.83,9.215,8.7,9.03,262939,0
2017-12-14,18:00:00,9.0363,9.06,8.99,9.03,67471,0
2017-12-14,19:00:00,9.02,9.02,8.98,8.99,79607,0
2017-12-14,20:00:00,8.995,9,8.83,8.8301,109061,0
2017-12-14,21:00:00,8.845,8.91,8.84,8.91,256679,0
2017-12-14,22:00:00,8.91,8.91,8.83,8.86,387741,0
2017-12-15,16:00:00,8.85,8.86,8.8,8.85,230593,0
2017-12-15,17:00:00,8.85,9.02,8.78,8.96,251313,0
2017-12-15,18:00:00,8.95,9.18,8.925,9.18,114921,0
2017-12-15,19:00:00,9.175,9.25,9,9.1,117585,0
2017-12-15,20:00:00,9.09,9.1,8.945,8.97,103376,0
2017-12-15,21:00:00,8.97,9.01,8.94,8.98,120095,0
2017-12-15,22:00:00,8.98,9.05,8.963,9.03,783212,0
2017-12-18,16:00:00,9.09,9.13,9,9.08,98453,0
2017-12-18,17:00:00,9.09,9.25,9.08,9.12,136669,0
2017-12-18,18:00:00,9.12,9.18,9.08,9.14,65379,0
2017-12-18,19:00:00,9.15,9.16,9.06,9.11,46621,0
2017-12-18,20:00:00,9.1298,9.17,9.06,9.06,61248,0
2017-12-18,21:00:00,9.07,9.08,8.95,9.07,119076,0
2017-12-18,22:00:00,9.07,9.09,8.99,9.02,174034,0
2017-12-19,16:00:00,9.07,9.11,9.05,9.0925,48161,0
2017-12-19,17:00:00,9.1,9.22,9.09,9.13,84816,0
2017-12-19,18:00:00,9.12,9.14,9.05,9.08,43583,0
2017-12-19,19:00:00,9.07,9.1,8.945,9.09,95803,0
2017-12-19,20:00:00,9.09,9.15,9.05,9.09,27041,0
2017-12-19,21:00:00,9.07,9.09,9.03,9.04,57207,0
2017-12-19,22:00:00,9.03,9.06,8.96,8.98,231019,0
2017-12-20,16:00:00,9,9.15,8.8,8.8449,110771,0
2017-12-20,17:00:00,8.81,8.93,8.8,8.85,92133,0
2017-12-20,18:00:00,8.85,8.935,8.76,8.9,106233,0
2017-12-20,19:00:00,8.9,8.95,8.87,8.895,50072,0
2017-12-20,20:00:00,8.895,8.99,8.88,8.98,50146,0
2017-12-20,21:00:00,8.965,9.05,8.965,8.99,45917,0
2017-12-20,22:00:00,8.9999,9.03,8.88,9.03,273734,0
2017-12-21,16:00:00,9.02,9.38,9.0001,9.23,120600,0
2017-12-21,17:00:00,9.23,9.275,9.01,9.12,92509,0
2017-12-21,18:00:00,9.13,9.38,9.11,9.35,112443,0
2017-12-21,19:00:00,9.35,9.4,9.19,9.2,86801,0
2017-12-21,20:00:00,9.1999,9.27,9.1693,9.215,48222,0
2017-12-21,21:00:00,9.23,9.26,9.21,9.235,41487,0
2017-12-21,22:00:00,9.24,9.26,9.2,9.21,86971,0
2017-12-22,16:00:00,9.24,9.3841,9.08,9.23,49169,0
2017-12-22,17:00:00,9.201,9.25,9.11,9.18,41082,0
2017-12-22,18:00:00,9.18,9.24,9.17,9.24,24868,0
2017-12-22,19:00:00,9.25,9.25,9.18,9.235,43935,0
2017-12-22,20:00:00,9.23,9.25,9.19,9.2499,56511,0
2017-12-22,21:00:00,9.24,9.25,9.21,9.2399,46146,0
2017-12-22,22:00:00,9.24,9.31,9.16,9.18,250749,0
2017-12-26,16:00:00,9.13,9.25,9.1,9.14,43938,0
2017-12-26,17:00:00,9.145,9.34,9.14,9.27,59002,0
2017-12-26,18:00:00,9.28,9.29,9.25,9.28,41654,0
2017-12-26,19:00:00,9.2747,9.3,9.26,9.2805,44757,0
2017-12-26,20:00:00,9.2752,9.3,9.08,9.1295,60089,0
2017-12-26,21:00:00,9.1279,9.16,9.11,9.12,29781,0
2017-12-26,22:00:00,9.12,9.13,9.03,9.05,147753,0
2017-12-27,16:00:00,9.09,9.34,9.09,9.2098,44371,0
2017-12-27,17:00:00,9.2,9.267,9.12,9.15,47610,0
2017-12-27,18:00:00,9.15,9.16,9.07,9.09,53973,0
2017-12-27,19:00:00,9.09,9.12,9.0208,9.0399,38792,0
2017-12-27,20:00:00,9.02,9.05,9.02,9.0474,66851,0
2017-12-27,21:00:00,9.05,9.06,8.949,8.975,189301,0
2017-12-27,22:00:00,8.976,9.08,8.96,8.99,805159,0
2017-12-28,16:00:00,9.06,9.22,8.9896,9.15,57197,0
2017-12-28,17:00:00,9.17,9.2,9.11,9.1201,70958,0
2017-12-28,18:00:00,9.128,9.14,8.974,9.02,89564,0
2017-12-28,19:00:00,9.0235,9.06,8.985,9.02,74534,0
2017-12-28,20:00:00,9.02,9.07,8.98,9.06,67455,0
2017-12-28,21:00:00,9.05,9.08,8.99,9,69198,0
2017-12-28,22:00:00,9.0075,9.09,8.99,9,223202,0
2017-12-29,16:00:00,9.03,9.17,9,9.0736,69713,0
2017-12-29,17:00:00,9.071,9.1072,8.91,9.04,168070,0
2017-12-29,18:00:00,9.05,9.09,8.97,9.03,119470,0
2017-12-29,19:00:00,9.03,9.07,8.93,9.03,128978,0
2017-12-29,20:00:00,9.02,9.04,8.97,8.98,58764,0
2017-12-29,21:00:00,8.98,9.04,8.96,9.0249,66983,0
2017-12-29,22:00:00,9.0249,9.0249,8.92,8.94,382701,0
2018-01-02,16:00:00,9.02,9.16,8.98,9.08,57761,0
2018-01-02,17:00:00,9.09,9.24,9,9.2,132446,0
2018-01-02,18:00:00,9.2,9.25,9.09,9.1001,119452,0
2018-01-02,19:00:00,9.1,9.15,9.08,9.1,59489,0
2018-01-02,20:00:00,9.095,9.1055,9,9.05,72214,0
2018-01-02,21:00:00,9.04,9.16,9.03,9.12,65654,0
2018-01-02,22:00:00,9.11,9.16,9.08,9.13,203581,0
2018-01-03,16:00:00,9.12,9.325,9.06,9.31,68539,0
2018-01-03,17:00:00,9.33,9.34,9.17,9.25,90152,0
2018-01-03,18:00:00,9.25,9.25,9.15,9.15,42686,0
2018-01-03,19:00:00,9.1499,9.24,9.1499,9.24,31130,0
2018-01-03,20:00:00,9.22,9.24,9.15,9.15,44125,0
2018-01-03,21:00:00,9.16,9.18,9.13,9.18,42628,0
2018-01-03,22:00:00,9.18,9.2,9.11,9.2,176996,0
2018-01-04,16:00:00,9.23,9.26,9.14,9.1676,69480,0
2018-01-04,17:00:00,9.17,9.2301,9.14,9.18,68402,0
2018-01-04,18:00:00,9.18,9.25,9.1487,9.25,62641,0
2018-01-04,19:00:00,9.25,9.25,9.22,9.22,37808,0
2018-01-04,20:00:00,9.23,9.31,9.22,9.3,40851,0
2018-01-04,21:00:00,9.3,9.3,9.23,9.3,51003,0
2018-01-04,22:00:00,9.3,9.39,9.28,9.3,160054,0
2018-01-05,16:00:00,9.33,9.34,9.23,9.3,21482,0
2018-01-05,17:00:00,9.3,9.4245,9.27,9.3817,24456,0
2018-01-05,18:00:00,9.38,9.42,9.35,9.42,22100,0
2018-01-05,19:00:00,9.41,9.42,9.35,9.38,48257,0
2018-01-05,20:00:00,9.39,9.4,9.36,9.38,28515,0
2018-01-05,21:00:00,9.39,9.4162,9.37,9.38,16733,0
2018-01-05,22:00:00,9.38,9.41,9.35,9.37,57541,0
2018-01-08,16:00:00,9.37,9.46,9.2,9.33,73139,0
2018-01-08,17:00:00,9.32,9.44,9.25,9.4367,49960,0
2018-01-08,18:00:00,9.43,9.58,9.43,9.56,62289,0
2018-01-08,19:00:00,9.55,9.56,9.48,9.5,39359,0
2018-01-08,20:00:00,9.51,9.635,9.51,9.62,62620,0
2018-01-08,21:00:00,9.63,9.65,9.58,9.62,58356,0
2018-01-08,22:00:00,9.62,9.65,9.59,9.63,141546,0
2018-01-09,16:00:00,9.64,9.64,9.42,9.47,54149,0
2018-01-09,17:00:00,9.47,9.47,9.38,9.43,50447,0
2018-01-09,18:00:00,9.44,9.46,9.27,9.32,101209,0
2018-01-09,19:00:00,9.33,9.465,9.31,9.4101,50950,0
2018-01-09,20:00:00,9.41,9.41,9.32,9.33,56302,0
2018-01-09,21:00:00,9.33,9.38,9.25,9.33,60811,0
2018-01-09,22:00:00,9.335,9.37,9.275,9.29,154581,0
2018-01-10,16:00:00,9.24,9.3099,9.12,9.12,58867,0
2018-01-10,17:00:00,9.15,9.15,9.0075,9.1,107459,0
2018-01-10,18:00:00,9.12,9.26,9.11,9.2,77349,0
2018-01-10,19:00:00,9.22,9.3,9.21,9.29,49932,0
2018-01-10,20:00:00,9.29,9.32,9.23,9.27,72591,0
2018-01-10,21:00:00,9.27,9.36,9.27,9.31,56660,0
2018-01-10,22:00:00,9.31,9.33,9.24,9.28,156326,0
2018-01-11,16:00:00,9.09,9.48,9.09,9.39,33652,0
2018-01-11,17:00:00,9.4,9.55,9.38,9.54,59365,0
2018-01-11,18:00:00,9.53,9.64,9.46,9.64,59754,0
2018-01-11,19:00:00,9.64,9.64,9.57,9.59,43520,0
2018-01-11,20:00:00,9.6,9.61,9.56,9.58,27065,0
2018-01-11,21:00:00,9.58,9.6,9.57,9.6,28099,0
2018-01-11,22:00:00,9.6,9.6081,9.54,9.57,91409,0
2018-01-12,16:00:00,9.62,9.72,9.5,9.61,46783,0
2018-01-12,17:00:00,9.6366,9.65,9.57,9.615,34284,0
2018-01-12,18:00:00,9.62,9.7,9.6,9.66,69137,0
2018-01-12,19:00:00,9.67,9.69,9.63,9.67,22354,0
2018-01-12,20:00:00,9.664,9.664,9.55,9.57,32622,0
2018-01-12,21:00:00,9.57,9.64,9.53,9.64,32157,0
2018-01-12,22:00:00,9.65,9.69,9.58,9.58,288120,0
2018-01-16,16:00:00,9.57,9.69,9.57,9.59,57313,0
2018-01-16,17:00:00,9.59,9.75,9.59,9.66,104323,0
2018-01-16,18:00:00,9.65,9.65,9.28,9.31,170402,0
2018-01-16,19:00:00,9.31,9.31,9.2134,9.245,98925,0
2018-01-16,20:00:00,9.24,9.31,9.22,9.26,51064,0
2018-01-16,21:00:00,9.26,9.26,9.1,9.2022,115250,0
2018-01-16,22:00:00,9.1995,9.27,9.155,9.17,137167,0
2018-01-17,16:00:00,9.25,9.25,9.07,9.07,72820,0
2018-01-17,17:00:00,9.06,9.13,8.99,9.1,87307,0
2018-01-17,18:00:00,9.105,9.13,9.07,9.13,52336,0
2018-01-17,19:00:00,9.13,9.19,9.125,9.18,33958,0
2018-01-17,20:00:00,9.175,9.24,9.11,9.22,55408,0
2018-01-17,21:00:00,9.215,9.245,9.2,9.215,37084,0
2018-01-17,22:00:00,9.22,9.22,9.03,9.1,213741,0
2018-01-18,16:00:00,9.1,9.18,9.03,9.1,46479,0
2018-01-18,17:00:00,9.1,9.1,9.0199,9.03,55104,0
2018-01-18,18:00:00,9.03,9.14,9.03,9.13,38707,0
2018-01-18,19:00:00,9.1328,9.17,9.09,9.1,26791,0
2018-01-18,20:00:00,9.09,9.1,9.03,9.09,37671,0
2018-01-18,21:00:00,9.09,9.12,9.06,9.06,24070,0
2018-01-18,22:00:00,9.06,9.09,9.04,9.07,98379,0
2018-01-19,16:00:00,9.07,9.07,8.91,9.01,112449,0
2018-01-19,17:00:00,9.03,9.12,9.01,9.11,58728,0
2018-01-19,18:00:00,9.13,9.21,9.1001,9.18,68653,0
2018-01-19,19:00:00,9.18,9.29,9.18,9.28,41617,0
2018-01-19,20:00:00,9.27,9.29,9.22,9.25,28071,0
2018-01-19,21:00:00,9.26,9.31,9.25,9.26,32404,0
2018-01-19,22:00:00,9.265,9.265,9.22,9.25,85447,0
2018-01-22,16:00:00,9.22,9.22,9.0601,9.15,45658,0
2018-01-22,17:00:00,9.13,9.13,9.02,9.05,92336,0
2018-01-22,18:00:00,9.04,9.13,9.04,9.06,37086,0
2018-01-22,19:00:00,9.07,9.09,9.05,9.05,38595,0
2018-01-22,20:00:00,9.06,9.09,9.04,9.09,33503,0
2018-01-22,21:00:00,9.09,9.09,9.01,9.01,42213,0
2018-01-22,22:00:00,9.02,9.025,8.98,9.01,180428,0
2018-01-23,16:00:00,8.94,9,8.82,8.9599,102261,0
2018-01-23,17:00:00,8.95,9,8.88,9,86898,0
2018-01-23,18:00:00,9,9.03,8.99,9.025,67752,0
2018-01-23,19:00:00,9.025,9.05,8.94,8.9893,70924,0
2018-01-23,20:00:00,8.985,9.025,8.97,9,33005,0
2018-01-23,21:00:00,9.005,9.05,8.98,9.03,49772,0
2018-01-23,22:00:00,9.035,9.0491,8.98,9.01,154318,0
2018-01-24,16:00:00,9.05,9.16,9,9.0837,60971,0
2018-01-24,17:00:00,9.08,9.095,8.95,8.96,80405,0
2018-01-24,18:00:00,8.965,9.04,8.95,9.0301,48583,0
2018-01-24,19:00:00,9.03,9.035,8.98,9.03,29270,0
2018-01-24,20:00:00,9.02,9.07,9,9.03,66077,0
2018-01-24,21:00:00,9.03,9.035,9,9.02,59176,0
2018-01-24,22:00:00,9.02,9.03,8.95,8.96,177610,0
2018-01-25,16:00:00,9.01,9.01,8.82,8.83,65188,0
2018-01-25,17:00:00,8.835,8.87,8.62,8.6848,529844,0
2018-01-25,18:00:00,8.68,8.73,8.47,8.485,349662,0
2018-01-25,19:00:00,8.48,8.49,8.16,8.31,453412,0
2018-01-25,20:00:00,8.31,8.4,8.28,8.28,150779,0
2018-01-25,21:00:00,8.285,8.29,8.16,8.18,144164,0
2018-01-25,22:00:00,8.1814,8.22,8.13,8.14,587949,0
2018-01-26,16:00:00,8.15,8.3099,8.08,8.14,137706,0
2018-01-26,17:00:00,8.14,8.25,8.03,8.19,190203,0
2018-01-26,18:00:00,8.18,8.219,8.03,8.1,123374,0
2018-01-26,19:00:00,8.105,8.1738,8.08,8.09,49314,0
2018-01-26,20:00:00,8.1,8.14,8.09,8.13,46526,0
2018-01-26,21:00:00,8.14,8.18,8.11,8.17,64311,0
2018-01-26,22:00:00,8.165,8.36,8.16,8.32,313869,0
2018-01-29,16:00:00,8.31,8.59,8.31,8.58,76466,0
2018-01-29,17:00:00,8.58,8.58,8.33,8.33,70465,0
2018-01-29,18:00:00,8.34,8.41,8.28,8.4,66272,0
2018-01-29,19:00:00,8.4,8.465,8.32,8.37,37794,0
2018-01-29,20:00:00,8.37,8.43,8.37,8.4,30220,0
2018-01-29,21:00:00,8.41,8.44,8.39,8.4,40681,0
2018-01-29,22:00:00,8.4,8.41,8.3,8.34,666527,0
2018-01-30,16:00:00,8.27,8.41,8.1,8.1,87499,0
2018-01-30,17:00:00,8.1,8.23,8.06,8.165,58372,0
2018-01-30,18:00:00,8.17,8.2,8.11,8.15,37308,0
2018-01-30,19:00:00,8.15,8.2,8.11,8.1666,59687,0
2018-01-30,20:00:00,8.17,8.28,8.165,8.24,49497,0
2018-01-30,21:00:00,8.25,8.26,8.16,8.215,44389,0
2018-01-30,22:00:00,8.22,8.265,8.18,8.23,119213,0
2018-01-31,16:00:00,8.26,8.2801,8.12,8.12,38314,0
2018-01-31,17:00:00,8.11,8.2388,8.05,8.13,61231,0
2018-01-31,18:00:00,8.13,8.15,8.06,8.09,53824,0
2018-01-31,19:00:00,8.085,8.1,8.01,8.04,70628,0
2018-01-31,20:00:00,8.04,8.14,8.04,8.08,63652,0
2018-01-31,21:00:00,8.08,8.11,8.03,8.07,46312,0
2018-01-31,22:00:00,8.06,8.09,8.04,8.04,158162,0
2018-02-01,16:00:00,8.02,8.07,7.95,7.96,58873,0
2018-02-01,17:00:00,7.95,8.0799,7.9,7.91,79684,0
2018-02-01,18:00:00,7.91,8.04,7.89,8.0399,68899,0
2018-02-01,19:00:00,8.04,8.08,8.01,8.02,75181,0
2018-02-01,20:00:00,8.03,8.12,8.025,8.105,60657,0
2018-02-01,21:00:00,8.1,8.17,8.095,8.16,90207,0
2018-02-01,22:00:00,8.16,8.165,7.995,8.04,180784,0
2018-02-02,16:00:00,7.99,8,7.68,7.71,131074,0
2018-02-02,17:00:00,7.7,7.82,7.51,7.68,349132,0
2018-02-02,18:00:00,7.69,7.86,7.63,7.64,128763,0
2018-02-02,19:00:00,7.63,7.725,7.62,7.7,49497,0
2018-02-02,20:00:00,7.69,7.71,7.68,7.705,50964,0
2018-02-02,21:00:00,7.7,7.7,7.655,7.655,52508,0
2018-02-02,22:00:00,7.65,7.68,7.54,7.555,431104,0
2018-02-05,16:00:00,7.48,7.49,6.83,6.99,369363,0
2018-02-05,17:00:00,6.99,7.16,6.85,7.1101,406797,0
2018-02-05,18:00:00,7.09,7.09,6.91,6.96,259066,0
2018-02-05,19:00:00,6.96,7.06,6.96,7.01,136924,0
2018-02-05,20:00:00,7,7.02,6.87,7,166883,0
2018-02-05,21:00:00,7,7,6.86,6.89,102827,0
2018-02-05,22:00:00,6.88,6.99,6.76,6.85,429530,0
2018-02-06,16:00:00,6.63,6.81,6.6003,6.63,152984,0
2018-02-06,17:00:00,6.62,6.86,6.51,6.77,170310,0
2018-02-06,18:00:00,6.76,6.9,6.72,6.89,121360,0
2018-02-06,19:00:00,6.885,6.95,6.87,6.905,104145,0
2018-02-06,20:00:00,6.9,6.91,6.83,6.85,79518,0
2018-02-06,21:00:00,6.8501,6.88,6.85,6.86,96914,0
2018-02-06,22:00:00,6.865,6.96,6.865,6.915,280020,0
2018-02-07,16:00:00,6.91,6.98,6.81,6.9012,64002,0
2018-02-07,17:00:00,6.9,7.04,6.88,7.01,51658,0
2018-02-07,18:00:00,7,7.13,6.9984,7.11,71703,0
2018-02-07,19:00:00,7.11,7.23,7.06,7.06,71145,0
2018-02-07,20:00:00,7.06,7.16,7.0406,7.13,79692,0
2018-02-07,21:00:00,7.12,7.21,7.09,7.16,54816,0
2018-02-07,22:00:00,7.16,7.21,7.15,7.17,95978,0
2018-02-08,16:00:00,7.69,7.89,7.47,7.55,143908,0
2018-02-08,17:00:00,7.53,7.5586,7.27,7.28,103295,0
2018-02-08,18:00:00,7.27,7.315,7.12,7.22,167155,0
2018-02-08,19:00:00,7.22,7.22,6.99,7.02,143426,0
2018-02-08,20:00:00,7.02,7.09,6.99,7,105568,0
2018-02-08,21:00:00,7.02,7.03,6.9,6.9,90167,0
2018-02-08,22:00:00,6.92,6.97,6.77,6.78,277530,0
2018-02-09,16:00:00,6.86,6.92,6.66,6.69,89766,0
2018-02-09,17:00:00,6.7,6.8,6.66,6.71,96132,0
2018-02-09,18:00:00,6.72,6.78,6.67,6.67,43091,0
2018-02-09,19:00:00,6.6747,6.735,6.57,6.68,172838,0
2018-02-09,20:00:00,6.67,6.79,6.615,6.7412,55236,0
2018-02-09,21:00:00,6.76,6.9,6.76,6.86,74222,0
2018-02-09,22:00:00,6.85,7.03,6.85,6.98,212680,0
2018-02-12,16:00:00,7.03,7.12,6.96,7,59439,0
2018-02-12,17:00:00,7,7.04,6.88,6.9401,59221,0
2018-02-12,18:00:00,6.97,7.1,6.94,7.1,44328,0
2018-02-12,19:00:00,7.095,7.11,7.035,7.06,32700,0
2018-02-12,20:00:00,7.06,7.07,6.96,7.06,59280,0
2018-02-12,21:00:00,7.07,7.145,7.05,7.08,47583,0
2018-02-12,22:00:00,7.09,7.13,6.98,7,164464,0
2018-02-13,16:00:00,6.97,7.08,6.929,6.94,48561,0
2018-02-13,17:00:00,6.93,7.055,6.9,7.05,46254,0
2018-02-13,18:00:00,7.04,7.06,6.93,6.97,33908,0
2018-02-13,19:00:00,6.96,6.99,6.88,6.96,39090,0
2018-02-13,20:00:00,6.96,7.02,6.96,7,21154,0
2018-02-13,21:00:00,7,7.04,6.965,6.98,57742,0
2018-02-13,22:00:00,6.975,7.0357,6.96,6.97,123735,0
2018-02-14,16:00:00,6.91,7.04,6.91,7,9890,0
2018-02-14,17:00:00,7.01,7.18,7,7.11,75864,0
2018-02-14,18:00:00,7.11,7.1701,7.09,7.15,22653,0
2018-02-14,19:00:00,7.16,7.17,7.11,7.15,42560,0
2018-02-14,20:00:00,7.14,7.285,7.13,7.2776,54239,0
2018-02-14,21:00:00,7.29,7.45,7.271,7.34,98354,0
2018-02-14,22:00:00,7.347,7.41,7.34,7.4,103571,0
2018-02-15,16:00:00,7.42,7.57,7.3327,7.55,84338,0
2018-02-15,17:00:00,7.5699,7.57,7.38,7.41,59076,0
2018-02-15,18:00:00,7.41,7.5,7.4,7.49,26557,0
2018-02-15,19:00:00,7.5,7.51,7.42,7.47,33071,0
2018-02-15,20:00:00,7.48,7.53,7.43,7.464,39860,0
2018-02-15,21:00:00,7.47,7.565,7.46,7.55,29039,0
2018-02-15,22:00:00,7.55,7.55,7.45,7.48,150631,0
2018-02-16,16:00:00,9.24,9.25,8.56,8.82,1588386,0
2018-02-16,17:00:00,8.82,9.44,8.8,9.1077,2985611,0
2018-02-16,18:00:00,9.12,9.37,9.04,9.2367,700609,0
2018-02-16,19:00:00,9.2499,9.2499,8.85,8.9,642912,0
2018-02-16,20:00:00,8.92,8.99,8.83,8.98,322630,0
2018-02-16,21:00:00,8.962,9.07,8.73,8.91,423657,0
2018-02-16,22:00:00,8.905,9.2,8.82,9.06,678592,0
2018-02-20,16:00:00,8.81,8.84,8.605,8.6701,176932,0
2018-02-20,17:00:00,8.68,8.77,8.63,8.66,163851,0
2018-02-20,18:00:00,8.65,8.94,8.64,8.94,144552,0
2018-02-20,19:00:00,8.93,9.08,8.85,9.0067,106931,0
2018-02-20,20:00:00,9.0052,9.01,8.83,8.88,91573,0
2018-02-20,21:00:00,8.88,8.91,8.77,8.78,78646,0
2018-02-20,22:00:00,8.79,8.84,8.69,8.74,232111,0
2018-02-21,16:00:00,8.72,8.95,8.72,8.81,35936,0
2018-02-21,17:00:00,8.8101,8.85,8.72,8.79,49496,0
2018-02-21,18:00:00,8.81,8.91,8.8,8.885,49268,0
2018-02-21,19:00:00,8.88,8.89,8.75,8.8,33239,0
2018-02-21,20:00:00,8.8,8.85,8.78,8.83,30767,0
2018-02-21,21:00:00,8.84,8.92,8.801,8.85,103651,0
2018-02-21,22:00:00,8.84,8.89,8.805,8.83,340796,0
2018-02-22,16:00:00,8.82,8.9,8.76,8.84,85543,0
2018-02-22,17:00:00,8.8498,8.95,8.84,8.9,55723,0
2018-02-22,18:00:00,8.91,9.04,8.9,9.01,93693,0
2018-02-22,19:00:00,9.02,9.11,8.93,9.01,114603,0
2018-02-22,20:00:00,9.01,9.03,8.87,8.91,80654,0
2018-02-22,21:00:00,8.9001,8.92,8.87,8.87,63856,0
2018-02-22,22:00:00,8.87,8.9,8.82,8.87,216061,0
2018-02-23,16:00:00,8.78,9.25,8.71,9.2017,140196,0
2018-02-23,17:00:00,9.2,9.2214,9.06,9.1253,129201,0
2018-02-23,18:00:00,9.13,9.265,9.13,9.24,107760,0
2018-02-23,19:00:00,9.239,9.32,9.14,9.2814,189533,0
2018-02-23,20:00:00,9.28,9.29,9.195,9.25,63285,0
2018-02-23,21:00:00,9.25,9.33,9.23,9.27,130521,0
2018-02-23,22:00:00,9.275,9.46,9.26,9.44,454794,0
2018-02-26,16:00:00,9.97,10.35,9.81,10.155,467779,0
2018-02-26,17:00:00,10.155,10.3,9.87,9.885,567219,0
2018-02-26,18:00:00,9.89,10.12,9.8,9.9,289458,0
2018-02-26,19:00:00,9.8999,9.91,9.7,9.816,221829,0
2018-02-26,20:00:00,9.81,9.8772,9.77,9.87,78637,0
2018-02-26,21:00:00,9.87,9.92,9.73,9.76,129000,0
2018-02-26,22:00:00,9.76,9.865,9.65,9.66,567367,0
2018-02-27,16:00:00,9.6,9.8755,9.53,9.5421,121658,0
2018-02-27,17:00:00,9.56,9.65,9.38,9.45,203594,0
2018-02-27,18:00:00,9.44,9.5,9.32,9.35,97120,0
2018-02-27,19:00:00,9.37,9.67,9.34,9.64,107642,0
2018-02-27,20:00:00,9.64,9.74,9.62,9.7,55223,0
2018-02-27,21:00:00,9.71,9.71,9.52,9.54,85468,0
2018-02-27,22:00:00,9.54,9.56,9.4,9.46,233555,0
2018-02-28,16:00:00,9.54,9.589,9.41,9.49,50947,0
2018-02-28,17:00:00,9.5,9.51,9.34,9.34,54780,0
2018-02-28,18:00:00,9.33,9.45,9.33,9.37,51653,0
2018-02-28,19:00:00,9.37,9.42,9.251,9.37,92832,0
2018-02-28,20:00:00,9.37,9.39,9.28,9.32,47695,0
2018-02-28,21:00:00,9.32,9.41,9.26,9.31,98149,0
2018-02-28,22:00:00,9.31,9.4,9.28,9.34,255386,0
2018-03-01,16:00:00,9.3,9.39,9.18,9.25,49748,0
2018-03-01,17:00:00,9.26,9.43,9.26,9.29,98406,0
2018-03-01,18:00:00,9.29,9.529,9.23,9.5,118584,0
2018-03-01,19:00:00,9.4902,9.535,9.37,9.39,54792,0
2018-03-01,20:00:00,9.38,9.38,9.29,9.3,57478,0
2018-03-01,21:00:00,9.3,9.35,9.25,9.32,73896,0
2018-03-01,22:00:00,9.32,9.38,9.27,9.29,255718,0
2018-03-02,16:00:00,9.18,9.22,9.05,9.2,78095,0
2018-03-02,17:00:00,9.21,9.31,9.2,9.28,44953,0
2018-03-02,18:00:00,9.27,9.5,9.27,9.499,54253,0
2018-03-02,19:00:00,9.5,9.57,9.48,9.53,77433,0
2018-03-02,20:00:00,9.53,9.5619,9.49,9.49,70287,0
2018-03-02,21:00:00,9.5,9.67,9.49,9.65,107882,0
2018-03-02,22:00:00,9.65,9.72,9.63,9.69,178525,0
2018-03-05,16:00:00,9.66,9.85,9.66,9.84,42273,0
2018-03-05,17:00:00,9.84,9.955,9.74,9.95,74955,0
2018-03-05,18:00:00,9.95,10,9.92,9.98,72863,0
2018-03-05,19:00:00,9.99,10,9.85,9.93,63235,0
2018-03-05,20:00:00,9.91,10,9.89,9.97,82633,0
2018-03-05,21:00:00,9.97,10,9.9,9.96,74147,0
2018-03-05,22:00:00,9.97,10.06,9.88,9.89,278303,0
2018-03-06,16:00:00,9.96,10.04,9.605,9.7577,69755,0
2018-03-06,17:00:00,9.74,9.76,9.62,9.62,43784,0
2018-03-06,18:00:00,9.64,9.8,9.64,9.79,47990,0
2018-03-06,19:00:00,9.8,9.85,9.72,9.85,89080,0
2018-03-06,20:00:00,9.83,9.845,9.73,9.8,31979,0
2018-03-06,21:00:00,9.81,9.86,9.75,9.83,45436,0
2018-03-06,22:00:00,9.83,9.86,9.77,9.84,161244,0
2018-03-07,16:00:00,9.77,9.96,9.77,9.96,17020,0
2018-03-07,17:00:00,9.95,10,9.88,9.99,104289,0
2018-03-07,18:00:00,10,10.1,9.99,10.02,70743,0
2018-03-07,19:00:00,10.01,10.05,9.99,10,30905,0
2018-03-07,20:00:00,10,10.09,9.98,10.09,56303,0
2018-03-07,21:00:00,10.07,10.1,10.04,10.07,78049,0
2018-03-07,22:00:00,10.08,10.1,10.01,10.05,791435,0
2018-03-08,16:00:00,10.14,10.2473,10.01,10.0401,25659,0
2018-03-08,17:00:00,10.06,10.1693,10.03,10.03,76078,0
2018-03-08,18:00:00,10.05,10.06,9.96,9.97,85894,0
2018-03-08,19:00:00,9.97,10.02,9.9,10.02,65863,0
2018-03-08,20:00:00,10.03,10.06,9.995,10.03,27452,0
2018-03-08,21:00:00,10.03,10.08,10.02,10.06,19153,0
2018-03-08,22:00:00,10.05,10.15,10.05,10.11,165126,0
2018-03-09,16:00:00,10.15,10.202,10.07,10.18,60400,0
2018-03-09,17:00:00,10.18,10.26,10.16,10.2,77668,0
2018-03-09,18:00:00,10.23,10.26,10.21,10.24,27976,0
2018-03-09,19:00:00,10.25,10.3,10.23,10.25,39300,0
2018-03-09,20:00:00,10.25,10.329,10.25,10.329,25370,0
2018-03-09,21:00:00,10.33,10.35,10.2918,10.3,30566,0
2018-03-09,22:00:00,10.31,10.345,10.17,10.24,145700,0
2018-03-12,15:00:00,10.29,10.45,10.21,10.45,84854,0
2018-03-12,16:00:00,10.44,10.44,10.25,10.2703,55818,0
2018-03-12,17:00:00,10.28,10.32,10.21,10.31,23771,0
2018-03-12,18:00:00,10.31,10.4,10.3086,10.37,32628,0
2018-03-12,19:00:00,10.38,10.45,10.37,10.4,36551,0
2018-03-12,20:00:00,10.4,10.45,10.39,10.44,34103,0
2018-03-12,21:00:00,10.44,10.45,10.42,10.44,213367,0
2018-03-13,15:00:00,10.5,10.5,10.42,10.45,22633,0
2018-03-13,16:00:00,10.45,10.51,10.43,10.45,121053,0
2018-03-13,17:00:00,10.455,10.48,10.38,10.43,40467,0
2018-03-13,18:00:00,10.425,10.425,10.26,10.41,68015,0
2018-03-13,19:00:00,10.4,10.43,10.38,10.41,57959,0
2018-03-13,20:00:00,10.42,10.43,10.38,10.4,74282,0
2018-03-13,21:00:00,10.41,10.5,10.4,10.44,172440,0
2018-03-14,15:00:00,10.49,10.49,10.4,10.49,14170,0
2018-03-14,16:00:00,10.47,10.51,10.35,10.375,72694,0
2018-03-14,17:00:00,10.39,10.45,10.36,10.44,54401,0
2018-03-14,18:00:00,10.45,10.47,10.38,10.43,56100,0
2018-03-14,19:00:00,10.42,10.495,10.41,10.46,61140,0
2018-03-14,20:00:00,10.4688,10.4999,10.44,10.45,41700,0
2018-03-14,21:00:00,10.45,10.47,10.32,10.46,177522,0
2018-03-15,15:00:00,10.47,10.48,10.4,10.435,16321,0
2018-03-15,16:00:00,10.45,10.55,10.335,10.39,145110,0
2018-03-15,17:00:00,10.38,10.4,10.31,10.34,26074,0
2018-03-15,18:00:00,10.33,10.39,10.29,10.35,42707,0
2018-03-15,19:00:00,10.35,10.4,10.34,10.37,35549,0
2018-03-15,20:00:00,10.38,10.38,10.32,10.34,50603,0
2018-03-15,21:00:00,10.35,10.38,10.325,10.36,95883,0
2018-03-16,15:00:00,10.36,10.36,10.155,10.22,94849,0
2018-03-16,16:00:00,10.23,10.3,10.131,10.23,59154,0
2018-03-16,17:00:00,10.23,10.27,10.13,10.19,22778,0
2018-03-16,18:00:00,10.19,10.25,10.12,10.19,77934,0
2018-03-16,19:00:00,10.195,10.2051,10.105,10.13,52122,0
2018-03-16,20:00:00,10.13,10.16,10,10.04,99272,0
2018-03-16,21:00:00,10.02,10.1,10.02,10.08,455187,0
2018-03-19,15:00:00,9.99,9.99,9.77,9.87,34311,0
2018-03-19,16:00:00,9.85,9.96,9.85,9.94,51339,0
2018-03-19,17:00:00,9.94,9.97,9.85,9.87,93946,0
2018-03-19,18:00:00,9.87,9.9,9.85,9.87,49112,0
2018-03-19,19:00:00,9.87,9.915,9.85,9.915,86760,0
2018-03-19,20:00:00,9.915,10.04,9.915,10.04,50495,0
2018-03-19,21:00:00,10.0201,10.09,9.99,10.08,197663,0
2018-03-20,15:00:00,10.12,10.2237,10.05,10.085,18685,0
2018-03-20,16:00:00,10.08,10.19,9.91,9.96,70737,0
2018-03-20,17:00:00,9.96,9.97,9.85,9.91,44345,0
2018-03-20,18:00:00,9.91,9.97,9.91,9.93,28579,0
2018-03-20,19:00:00,9.94,9.95,9.89,9.925,20311,0
2018-03-20,20:00:00,9.925,10.01,9.925,9.98,29356,0
2018-03-20,21:00:00,9.99,10,9.93,9.94,135300,0
2018-03-21,15:00:00,10.03,10.22,10.021,10.15,24278,0
2018-03-21,16:00:00,10.17,10.46,10.13,10.4,125090,0
2018-03-21,17:00:00,10.4,10.4,10.31,10.39,51003,0
2018-03-21,18:00:00,10.39,10.47,10.38,10.47,125266,0
2018-03-21,19:00:00,10.47,10.6602,10.45,10.6,174223,0
2018-03-21,20:00:00,10.61,10.6489,10.37,10.54,81029,0
2018-03-21,21:00:00,10.53,10.54,10.37,10.38,208421,0
2018-03-22,15:00:00,11,11.215,10.55,11.06,280656,0
2018-03-22,16:00:00,11.06,11.24,10.59,10.71,227859,0
2018-03-22,17:00:00,10.71,10.81,10.57,10.71,142674,0
2018-03-22,18:00:00,10.715,10.98,10.64,10.88,150311,0
2018-03-22,19:00:00,10.89,11.24,10.89,11.15,125560,0
2018-03-22,20:00:00,11.17,11.17,10.78,10.785,168364,0
2018-03-22,21:00:00,10.79,10.79,10.59,10.61,521636,0
2018-03-23,15:00:00,10.59,10.7699,10.19,10.32,130425,0
2018-03-23,16:00:00,10.32,10.74,10.31,10.74,98379,0
2018-03-23,17:00:00,10.74,10.77,10.54,10.54,86706,0
2018-03-23,18:00:00,10.55,10.6401,10.52,10.61,45555,0
2018-03-23,19:00:00,10.59,10.68,10.58,10.63,34049,0
2018-03-23,20:00:00,10.63,10.63,10.43,10.45,45837,0
2018-03-23,21:00:00,10.44,10.45,10.23,10.25,184696,0
2018-03-26,16:00:00,10.47,10.64,10.28,10.4,27647,0
2018-03-26,17:00:00,10.43,10.49,10.35,10.38,45469,0
2018-03-26,18:00:00,10.37,10.37,10.25,10.3,52357,0
2018-03-26,19:00:00,10.29,10.35,10.26,10.28,47470,0
2018-03-26,20:00:00,10.26,10.37,10.26,10.365,23708,0
2018-03-26,21:00:00,10.375,10.51,10.37,10.47,25165,0
2018-03-26,22:00:00,10.5,10.83,10.5,10.65,173420,0
2018-03-27,16:00:00,10.69,10.83,10.4961,10.83,26328,0
2018-03-27,17:00:00,10.7901,10.86,10.69,10.79,53526,0
2018-03-27,18:00:00,10.77,10.8,10.74,10.77,44073,0
2018-03-27,19:00:00,10.76,10.8,10.75,10.78,55205,0
2018-03-27,20:00:00,10.79,10.85,10.76,10.785,61504,0
2018-03-27,21:00:00,10.77,10.82,10.72,10.74,62735,0
2018-03-27,22:00:00,10.735,10.74,10.451,10.53,181847,0
2018-03-28,16:00:00,10.51,10.6,10.37,10.528,21764,0
2018-03-28,17:00:00,10.55,10.62,10.53,10.6,62680,0
2018-03-28,18:00:00,10.6,10.62,10.45,10.52,69092,0
2018-03-28,19:00:00,10.525,10.62,10.4701,10.49,62464,0
2018-03-28,20:00:00,10.48,10.59,10.46,10.5,48038,0
2018-03-28,21:00:00,10.5,10.61,10.49,10.54,31277,0
2018-03-28,22:00:00,10.54,10.6512,10.5,10.61,150202,0
2018-03-29,16:00:00,10.7,10.7,10.15,10.31,164354,0
2018-03-29,17:00:00,10.315,10.375,10.21,10.32,87085,0
2018-03-29,18:00:00,10.32,10.45,10.26,10.44,44390,0
2018-03-29,19:00:00,10.43,10.6,10.42,10.595,56983,0
2018-03-29,20:00:00,10.6,10.77,10.58,10.76,82579,0
2018-03-29,21:00:00,10.76,10.81,10.67,10.69,54246,0
2018-03-29,22:00:00,10.68,10.72,10.555,10.555,116332,0
