Date,Time,Open,High,Low,Close,Volume,OpenInt
2017-08-25,16:00:00,2.42,2.46,2.42,2.46,12022,0
2017-08-25,17:00:00,2.46,2.46,2.4373,2.45,880,0
2017-08-25,18:00:00,2.43,2.45,2.43,2.45,1300,0
2017-08-25,19:00:00,2.46,2.46,2.44,2.46,1600,0
2017-08-25,20:00:00,2.45,2.46,2.45,2.46,400,0
2017-08-25,21:00:00,2.46,2.46,2.46,2.46,100,0
2017-08-25,22:00:00,2.45,2.46,2.41,2.46,959,0
2017-08-28,16:00:00,2.45,2.47,2.45,2.47,424,0
2017-08-28,17:00:00,2.47,2.47,2.45,2.45,597,0
2017-08-28,18:00:00,2.47,2.47,2.47,2.47,100,0
2017-08-28,19:00:00,2.47,2.47,2.47,2.47,700,0
2017-08-28,20:00:00,2.47,2.47,2.45,2.46,700,0
2017-08-28,21:00:00,2.43,2.451,2.3,2.42,24406,0
2017-08-28,22:00:00,2.41,2.42,2.39,2.4,3795,0
2017-08-29,16:00:00,2.44,2.44,2.44,2.44,100,0
2017-08-29,17:00:00,2.4337,2.44,2.43,2.43,1200,0
2017-08-29,18:00:00,2.45,2.45,2.45,2.45,170,0
2017-08-29,19:00:00,2.42,2.42,2.41,2.42,356,0
2017-08-29,20:00:00,2.44,2.44,2.35,2.3806,14885,0
2017-08-29,21:00:00,2.3601,2.3601,2.36,2.36,1100,0
2017-08-29,22:00:00,2.43,2.43,2.4,2.41,890,0
2017-08-30,16:00:00,2.43,2.43,2.43,2.43,100,0
2017-08-30,17:00:00,2.4,2.43,2.4,2.43,416,0
2017-08-30,18:00:00,2.42,2.42,2.42,2.42,200,0
2017-08-30,19:00:00,2.42,2.43,2.42,2.43,200,0
2017-08-30,20:00:00,2.45,2.45,2.45,2.45,100,0
2017-08-30,21:00:00,2.385,2.39,2.3701,2.39,1236,0
2017-08-30,22:00:00,2.4,2.42,2.37,2.42,2100,0
2017-08-31,16:00:00,2.45,2.45,2.45,2.45,300,0
2017-08-31,17:00:00,2.41,2.41,2.35,2.4,3500,0
2017-08-31,18:00:00,2.41,2.41,2.34,2.4,1800,0
2017-08-31,19:00:00,2.34,2.4,2.28,2.4,29536,0
2017-08-31,20:00:00,2.4,2.4,2.39,2.39,300,0
2017-08-31,21:00:00,2.4,2.4,2.33,2.3508,1600,0
2017-08-31,22:00:00,2.39,2.4,2.36,2.36,9916,0
2017-09-01,16:00:00,2.35,2.35,2.32,2.35,3475,0
2017-09-01,17:00:00,2.3245,2.44,2.3245,2.4379,22866,0
2017-09-01,18:00:00,2.44,2.45,2.41,2.41,600,0
2017-09-01,19:00:00,2.43,2.44,2.42,2.44,600,0
2017-09-01,20:00:00,2.43,2.44,2.401,2.401,2633,0
2017-09-01,21:00:00,2.415,2.44,2.415,2.44,500,0
2017-09-01,22:00:00,2.44,2.44,2.4,2.4,6602,0
2017-09-05,16:00:00,2.42,2.4273,2.3277,2.417,7760,0
2017-09-05,17:00:00,2.41,2.42,2.39,2.4,5864,0
2017-09-05,18:00:00,2.39,2.4,2.3801,2.3801,700,0
2017-09-05,19:00:00,2.3929,2.4,2.38,2.4,16600,0
2017-09-05,20:00:00,2.42,2.43,2.4,2.43,7400,0
2017-09-05,21:00:00,2.41,2.41,2.33,2.33,5220,0
2017-09-05,22:00:00,2.39,2.41,2.38,2.4,5753,0
2017-09-06,16:00:00,2.35,2.3823,2.35,2.3823,600,0
2017-09-06,17:00:00,2.4017,2.41,2.37,2.37,2200,0
2017-09-06,18:00:00,2.37,2.38,2.37,2.38,300,0
2017-09-06,19:00:00,2.38,2.38,2.37,2.37,500,0
2017-09-06,20:00:00,2.37,2.38,2.37,2.38,1849,0
2017-09-06,21:00:00,2.4,2.4,2.3801,2.3801,2700,0
2017-09-06,22:00:00,2.4,2.4,2.39,2.39,1700,0
2017-09-07,16:00:00,2.39,2.4103,2.39,2.4103,685,0
2017-09-07,17:00:00,2.4,2.4,2.4,2.4,500,0
2017-09-07,18:00:00,2.3999,2.3999,2.39,2.39,1300,0
2017-09-07,19:00:00,2.4,2.41,2.4,2.41,14477,0
2017-09-07,20:00:00,2.401,2.41,2.4,2.4059,4450,0
2017-09-07,21:00:00,2.4089,2.42,2.33,2.33,16955,0
2017-09-07,22:00:00,2.33,2.4,2.33,2.4,1445,0
2017-09-08,17:00:00,2.37,2.37,2.37,2.37,100,0
2017-09-08,18:00:00,2.41,2.41,2.345,2.345,1033,0
2017-09-08,19:00:00,2.4,2.4,2.32,2.35,3000,0
2017-09-08,20:00:00,2.3486,2.35,2.32,2.35,3800,0
2017-09-08,21:00:00,2.35,2.4,2.35,2.35,1520,0
2017-09-08,22:00:00,2.35,2.39,2.35,2.39,1100,0
2017-09-11,16:00:00,2.35,2.37,2.35,2.37,960,0
2017-09-11,17:00:00,2.35,2.42,2.35,2.39,36907,0
2017-09-11,18:00:00,2.38,2.4,2.37,2.37,6400,0
2017-09-11,19:00:00,2.37,2.4,2.36,2.36,2000,0
2017-09-11,20:00:00,2.36,2.38,2.36,2.36,1600,0
2017-09-11,21:00:00,2.36,2.39,2.36,2.36,1700,0
2017-09-11,22:00:00,2.36,2.4,2.35,2.39,7858,0
2017-09-12,16:00:00,2.41,2.41,2.4,2.4,200,0
2017-09-12,18:00:00,2.42,2.45,2.41,2.45,27857,0
2017-09-12,19:00:00,2.44,2.44,2.41,2.43,6841,0
2017-09-12,20:00:00,2.43,2.43,2.4102,2.42,4930,0
2017-09-12,21:00:00,2.43,2.43,2.38,2.42,2640,0
2017-09-12,22:00:00,2.42,2.44,2.41,2.42,8255,0
2017-09-13,16:00:00,2.42,2.42,2.41,2.42,400,0
2017-09-13,17:00:00,2.42,2.42,2.36,2.36,5532,0
2017-09-13,18:00:00,2.37,2.41,2.37,2.41,900,0
2017-09-13,19:00:00,2.4,2.42,2.4,2.4,900,0
2017-09-13,20:00:00,2.42,2.42,2.4,2.41,900,0
2017-09-13,21:00:00,2.41,2.41,2.4,2.41,1000,0
2017-09-13,22:00:00,2.41,2.43,2.4,2.42,4000,0
2017-09-14,16:00:00,2.4,2.41,2.4,2.4,11256,0
2017-09-14,17:00:00,2.4,2.44,2.4,2.4,5500,0
2017-09-14,18:00:00,2.4,2.44,2.4,2.4,600,0
2017-09-14,19:00:00,2.3817,2.4,2.3817,2.4,1000,0
2017-09-14,20:00:00,2.4,2.4,2.4,2.4,1100,0
2017-09-14,21:00:00,2.4,2.4,2.38,2.38,900,0
2017-09-14,22:00:00,2.4,2.4,2.39,2.4,3773,0
2017-09-15,16:00:00,2.4,2.4,2.4,2.4,100,0
2017-09-15,17:00:00,2.3701,2.405,2.3701,2.4,2048,0
2017-09-15,18:00:00,2.41,2.41,2.4,2.4,400,0
2017-09-15,19:00:00,2.43,2.43,2.4,2.4,500,0
2017-09-15,20:00:00,2.39,2.42,2.3745,2.41,1532,0
2017-09-15,21:00:00,2.41,2.42,2.38,2.38,1000,0
2017-09-15,22:00:00,2.4,2.42,2.28,2.28,35138,0
2017-09-18,16:00:00,2.31,2.31,2.31,2.31,4635,0
2017-09-18,17:00:00,2.35,2.38,2.35,2.38,600,0
2017-09-18,18:00:00,2.3499,2.35,2.3499,2.35,234,0
2017-09-18,19:00:00,2.3601,2.3601,2.36,2.36,4450,0
2017-09-18,20:00:00,2.38,2.38,2.36,2.365,300,0
2017-09-18,21:00:00,2.36,2.36,2.36,2.36,100,0
2017-09-18,22:00:00,2.37,2.41,2.35,2.38,29506,0
2017-09-19,16:00:00,2.37,2.38,2.37,2.38,700,0
2017-09-19,17:00:00,2.38,2.38,2.35,2.3535,1833,0
2017-09-19,18:00:00,2.35,2.36,2.35,2.36,1313,0
2017-09-19,19:00:00,2.37,2.37,2.35,2.35,2556,0
2017-09-19,20:00:00,2.37,2.37,2.37,2.37,468,0
2017-09-19,21:00:00,2.3547,2.3547,2.3547,2.3547,833,0
2017-09-19,22:00:00,2.37,2.37,2.35,2.35,874,0
2017-09-20,16:00:00,2.3653,2.3653,2.3653,2.3653,2000,0
2017-09-20,17:00:00,2.38,2.38,2.38,2.38,500,0
2017-09-20,18:00:00,2.351,2.39,2.35,2.39,3500,0
2017-09-20,21:00:00,2.4,2.4,2.4,2.4,200,0
2017-09-20,22:00:00,2.38,2.39,2.38,2.38,611,0
2017-09-21,16:00:00,2.38,2.38,2.38,2.38,100,0
2017-09-21,17:00:00,2.36,2.37,2.358,2.358,1700,0
2017-09-21,18:00:00,2.3593,2.36,2.3593,2.36,3100,0
2017-09-21,19:00:00,2.36,2.36,2.35,2.35,4600,0
2017-09-21,20:00:00,2.37,2.37,2.36,2.37,400,0
2017-09-21,21:00:00,2.35,2.36,2.35,2.36,1147,0
2017-09-21,22:00:00,2.36,2.36,2.35,2.3502,610,0
2017-09-22,17:00:00,2.35,2.3575,2.35,2.3575,500,0
2017-09-22,18:00:00,2.3501,2.36,2.35,2.36,11414,0
2017-09-22,19:00:00,2.35,2.35,2.35,2.35,200,0
2017-09-22,20:00:00,2.36,2.36,2.35,2.3552,3443,0
2017-09-22,21:00:00,2.36,2.36,2.32,2.32,5811,0
2017-09-22,22:00:00,2.3314,2.38,2.33,2.35,2142,0
2017-09-25,16:00:00,2.31,2.31,2.31,2.31,5708,0
2017-09-25,17:00:00,2.34,2.41,2.34,2.3801,3000,0
2017-09-25,18:00:00,2.3899,2.3899,2.3899,2.3899,250,0
2017-09-25,19:00:00,2.39,2.39,2.381,2.381,2600,0
2017-09-25,20:00:00,2.38,2.3833,2.38,2.38,1036,0
2017-09-25,21:00:00,2.39,2.39,2.39,2.39,200,0
2017-09-25,22:00:00,2.38,2.38,2.34,2.34,3152,0
2017-09-26,16:00:00,2.34,2.34,2.34,2.34,100,0
2017-09-26,17:00:00,2.36,2.4,2.3501,2.39,4100,0
2017-09-26,18:00:00,2.39,2.4,2.38,2.39,2800,0
2017-09-26,19:00:00,2.39,2.4,2.36,2.39,6945,0
2017-09-26,20:00:00,2.4,2.4,2.4,2.4,1300,0
2017-09-26,21:00:00,2.4,2.4,2.4,2.4,1600,0
2017-09-26,22:00:00,2.4,2.42,2.365,2.41,3922,0
2017-09-27,16:00:00,2.38,2.38,2.341,2.341,2128,0
2017-09-27,17:00:00,2.34,2.37,2.34,2.36,500,0
2017-09-27,18:00:00,2.3658,2.37,2.3658,2.37,700,0
2017-09-27,19:00:00,2.38,2.38,2.38,2.38,100,0
2017-09-27,20:00:00,2.39,2.4,2.39,2.4,200,0
2017-09-27,22:00:00,2.3899,2.39,2.37,2.37,784,0
2017-09-28,18:00:00,2.39,2.39,2.39,2.39,300,0
2017-09-28,19:00:00,2.39,2.39,2.39,2.39,100,0
2017-09-28,20:00:00,2.3715,2.41,2.35,2.39,28300,0
2017-09-28,21:00:00,2.366,2.41,2.366,2.41,1366,0
2017-09-28,22:00:00,2.38,2.4099,2.38,2.4,400,0
2017-09-29,16:00:00,2.4,2.41,2.4,2.41,1100,0
2017-09-29,17:00:00,2.34,2.4,2.32,2.35,5071,0
2017-09-29,18:00:00,2.39,2.4,2.39,2.4,2900,0
2017-09-29,19:00:00,2.38,2.3883,2.35,2.37,13432,0
2017-09-29,20:00:00,2.38,2.38,2.36,2.36,14400,0
2017-09-29,21:00:00,2.3799,2.38,2.33,2.33,1778,0
2017-09-29,22:00:00,2.3748,2.3748,2.35,2.35,411,0
2017-10-02,16:00:00,2.32,2.37,2.32,2.334,12749,0
2017-10-02,17:00:00,2.34,2.34,2.33,2.33,5087,0
2017-10-02,18:00:00,2.33,2.34,2.33,2.3399,1800,0
2017-10-02,19:00:00,2.328,2.33,2.32,2.33,6900,0
2017-10-02,20:00:00,2.3396,2.3396,2.33,2.33,2600,0
2017-10-02,21:00:00,2.3326,2.3326,2.33,2.33,2590,0
2017-10-02,22:00:00,2.33,2.33,2.33,2.33,4200,0
2017-10-03,16:00:00,2.3401,2.3401,2.3401,2.3401,250,0
2017-10-03,17:00:00,2.36,2.36,2.337,2.36,6252,0
2017-10-03,18:00:00,2.3607,2.37,2.36,2.36,4700,0
2017-10-03,19:00:00,2.36,2.37,2.3501,2.37,2388,0
2017-10-03,20:00:00,2.37,2.37,2.3699,2.37,1196,0
2017-10-03,21:00:00,2.38,2.38,2.3601,2.38,1600,0
2017-10-03,22:00:00,2.38,2.38,2.35,2.36,18920,0
2017-10-04,16:00:00,2.36,2.36,2.36,2.36,535,0
2017-10-04,17:00:00,2.37,2.37,2.3642,2.3642,266,0
2017-10-04,18:00:00,2.3601,2.3601,2.3601,2.3601,333,0
2017-10-04,19:00:00,2.37,2.37,2.3699,2.37,500,0
2017-10-04,22:00:00,2.36,2.3649,2.36,2.36,817,0
2017-10-05,16:00:00,2.38,2.41,2.38,2.41,21776,0
2017-10-05,17:00:00,2.4,2.4,2.38,2.38,3100,0
2017-10-05,19:00:00,2.3842,2.3842,2.3814,2.3814,946,0
2017-10-05,20:00:00,2.3916,2.4,2.3884,2.4,499,0
2017-10-05,22:00:00,2.3801,2.4,2.38,2.4,4920,0
2017-10-06,16:00:00,2.4,2.4,2.37,2.37,282,0
2017-10-06,17:00:00,2.3605,2.3605,2.3605,2.3605,166,0
2017-10-06,18:00:00,2.39,2.39,2.39,2.39,100,0
2017-10-06,19:00:00,2.3819,2.3819,2.32,2.32,5150,0
2017-10-06,21:00:00,2.3357,2.3357,2.3357,2.3357,333,0
2017-10-06,22:00:00,2.35,2.35,2.35,2.35,366,0
2017-10-09,16:00:00,2.39,2.39,2.39,2.39,100,0
2017-10-09,17:00:00,2.38,2.38,2.3357,2.35,750,0
2017-10-09,18:00:00,2.3398,2.35,2.3398,2.35,300,0
2017-10-09,19:00:00,2.35,2.35,2.35,2.35,100,0
2017-10-09,21:00:00,2.39,2.39,2.39,2.39,100,0
2017-10-10,16:00:00,2.38,2.38,2.3462,2.3462,1200,0
2017-10-10,17:00:00,2.33,2.35,2.33,2.34,1200,0
2017-10-10,18:00:00,2.34,2.3404,2.3393,2.34,3963,0
2017-10-10,19:00:00,2.35,2.39,2.35,2.38,11163,0
2017-10-10,20:00:00,2.37,2.376,2.37,2.37,6900,0
2017-10-10,21:00:00,2.37,2.39,2.35,2.35,5117,0
2017-10-10,22:00:00,2.34,2.34,2.34,2.34,522,0
2017-10-11,16:00:00,2.34,2.34,2.34,2.34,273,0
2017-10-11,17:00:00,2.34,2.39,2.34,2.39,5843,0
2017-10-11,18:00:00,2.34,2.34,2.33,2.33,200,0
2017-10-11,19:00:00,2.34,2.36,2.34,2.36,200,0
2017-10-11,20:00:00,2.37,2.37,2.34,2.34,11766,0
2017-10-11,21:00:00,2.34,2.36,2.34,2.36,400,0
2017-10-11,22:00:00,2.36,2.36,2.35,2.35,743,0
2017-10-12,16:00:00,2.345,2.345,2.345,2.345,200,0
2017-10-12,17:00:00,2.3308,2.34,2.3307,2.34,5733,0
2017-10-12,18:00:00,2.3401,2.3401,2.32,2.32,4900,0
2017-10-12,19:00:00,2.33,2.33,2.3288,2.33,3176,0
2017-10-12,21:00:00,2.36,2.37,2.35,2.37,1200,0
2017-10-12,22:00:00,2.3573,2.37,2.33,2.33,26092,0
2017-10-13,16:00:00,2.33,2.33,2.33,2.33,2600,0
2017-10-13,17:00:00,2.37,2.37,2.34,2.34,300,0
2017-10-13,18:00:00,2.338,2.338,2.3359,2.3359,1476,0
2017-10-13,19:00:00,2.34,2.34,2.3356,2.337,1033,0
2017-10-13,20:00:00,2.35,2.3501,2.34,2.35,3900,0
2017-10-13,21:00:00,2.3679,2.37,2.35,2.37,1200,0
2017-10-13,22:00:00,2.35,2.35,2.33,2.35,13512,0
2017-10-16,17:00:00,2.32,2.37,2.32,2.36,600,0
2017-10-16,18:00:00,2.3199,2.33,2.3199,2.33,2600,0
2017-10-16,19:00:00,2.34,2.34,2.34,2.34,100,0
2017-10-16,20:00:00,2.32,2.32,2.3093,2.3093,3862,0
2017-10-16,21:00:00,2.3,2.3044,2.3,2.3,1200,0
2017-10-16,22:00:00,2.3,2.3016,2.3,2.3,7200,0
2017-10-17,16:00:00,2.31,2.35,2.3,2.35,1022,0
2017-10-17,17:00:00,2.32,2.32,2.32,2.32,205,0
2017-10-17,18:00:00,2.3171,2.3199,2.3019,2.3045,5332,0
2017-10-17,19:00:00,2.3001,2.32,2.3,2.32,2600,0
2017-10-17,20:00:00,2.32,2.32,2.32,2.32,100,0
2017-10-17,21:00:00,2.3,2.31,2.3,2.31,10400,0
2017-10-17,22:00:00,2.3,2.3,2.3,2.3,100,0
2017-10-18,16:00:00,2.3,2.3,2.3,2.3,100,0
2017-10-18,17:00:00,2.3,2.3,2.278,2.278,1841,0
2017-10-18,19:00:00,2.2724,2.2799,2.2724,2.2799,650,0
2017-10-18,20:00:00,2.2587,2.26,2.25,2.26,750,0
2017-10-18,22:00:00,2.27,2.29,2.24,2.24,4753,0
2017-10-19,16:00:00,2.25,2.25,2.2466,2.25,1000,0
2017-10-19,17:00:00,2.27,2.27,2.27,2.27,900,0
2017-10-19,18:00:00,2.26,2.26,2.25,2.25,3200,0
2017-10-19,19:00:00,2.2599,2.27,2.2599,2.27,6533,0
2017-10-19,20:00:00,2.3,2.31,2.28,2.28,300,0
2017-10-19,22:00:00,2.27,2.29,2.27,2.2787,8852,0
2017-10-20,16:00:00,2.29,2.35,2.29,2.35,2245,0
2017-10-20,17:00:00,2.34,2.34,2.34,2.34,100,0
2017-10-20,18:00:00,2.316,2.316,2.316,2.316,500,0
2017-10-20,19:00:00,2.31,2.31,2.31,2.31,200,0
2017-10-20,20:00:00,2.31,2.31,2.31,2.31,200,0
2017-10-20,21:00:00,2.31,2.31,2.3,2.3,2100,0
2017-10-20,22:00:00,2.27,2.29,2.265,2.28,2767,0
2017-10-23,16:00:00,2.27,2.36,2.27,2.31,6031,0
2017-10-23,17:00:00,2.31,2.3144,2.3,2.31,1697,0
2017-10-23,19:00:00,2.31,2.31,2.31,2.31,100,0
2017-10-23,20:00:00,2.3011,2.3011,2.3,2.3,1700,0
2017-10-23,21:00:00,2.31,2.31,2.3,2.3,1240,0
2017-10-23,22:00:00,2.31,2.35,2.3075,2.3401,21329,0
2017-10-24,16:00:00,2.33,2.33,2.33,2.33,192,0
2017-10-24,17:00:00,2.32,2.32,2.32,2.32,100,0
2017-10-24,18:00:00,2.31,2.31,2.31,2.31,200,0
2017-10-24,19:00:00,2.31,2.33,2.3,2.3,500,0
2017-10-24,20:00:00,2.3,2.3,2.3,2.3,200,0
2017-10-24,21:00:00,2.31,2.31,2.3,2.3,3166,0
2017-10-24,22:00:00,2.3,2.3,2.27,2.27,3720,0
2017-10-25,17:00:00,2.29,2.36,2.29,2.3,2700,0
2017-10-25,18:00:00,2.3,2.38,2.2899,2.33,13620,0
2017-10-25,19:00:00,2.3,2.31,2.3,2.3,4275,0
2017-10-25,20:00:00,2.3,2.3039,2.3,2.3,433,0
2017-10-25,21:00:00,2.31,2.32,2.3,2.3,12000,0
2017-10-25,22:00:00,2.27,2.29,2.27,2.27,3700,0
2017-10-26,16:00:00,2.27,2.27,2.27,2.27,3300,0
2017-10-26,18:00:00,2.2721,2.28,2.27,2.277,3300,0
2017-10-26,19:00:00,2.28,2.28,2.28,2.28,255,0
2017-10-26,20:00:00,2.36,2.36,2.3513,2.3513,2300,0
2017-10-26,21:00:00,2.29,2.36,2.29,2.36,200,0
2017-10-26,22:00:00,2.36,2.36,2.28,2.34,19590,0
2017-10-27,16:00:00,2.35,2.35,2.3,2.3,500,0
2017-10-27,17:00:00,2.31,2.31,2.31,2.31,200,0
2017-10-27,18:00:00,2.31,2.31,2.31,2.31,100,0
2017-10-27,19:00:00,2.2823,2.31,2.2823,2.31,6500,0
2017-10-27,20:00:00,2.3,2.34,2.27,2.3,23400,0
2017-10-27,21:00:00,2.31,2.31,2.28,2.2937,7600,0
2017-10-27,22:00:00,2.28,2.3,2.28,2.3,408,0
2017-10-30,15:00:00,2.27,2.27,2.27,2.27,400,0
2017-10-30,16:00:00,2.2596,2.2899,2.25,2.2866,6600,0
2017-10-30,17:00:00,2.261,2.3,2.26,2.3,10700,0
2017-10-30,18:00:00,2.3,2.31,2.3,2.3,1704,0
2017-10-30,19:00:00,2.3001,2.3349,2.3,2.3,13414,0
2017-10-30,20:00:00,2.3,2.3,2.26,2.29,24116,0
2017-10-30,21:00:00,2.29,2.3,2.29,2.29,1621,0
2017-10-31,16:00:00,2.3,2.3131,2.3,2.3131,333,0
2017-10-31,17:00:00,2.3094,2.34,2.2886,2.29,16267,0
2017-10-31,18:00:00,2.31,2.31,2.28,2.28,8421,0
2017-10-31,19:00:00,2.295,2.295,2.28,2.28,1100,0
2017-10-31,20:00:00,2.3,2.3,2.3,2.3,300,0
2017-10-31,21:00:00,2.299,2.3,2.28,2.3,14402,0
2017-11-01,15:00:00,2.28,2.35,2.28,2.33,1166,0
2017-11-01,16:00:00,2.29,2.2905,2.26,2.26,4961,0
2017-11-01,17:00:00,2.29,2.29,2.29,2.29,100,0
2017-11-01,18:00:00,2.2899,2.2899,2.289,2.289,2500,0
2017-11-01,19:00:00,2.27,2.2711,2.26,2.27,11825,0
2017-11-01,21:00:00,2.27,2.27,2.2693,2.27,17330,0
2017-11-02,15:00:00,2.2701,2.2701,2.2701,2.2701,200,0
2017-11-02,16:00:00,2.28,2.2801,2.28,2.2801,900,0
2017-11-02,17:00:00,2.2846,2.29,2.26,2.26,8622,0
2017-11-02,18:00:00,2.28,2.28,2.26,2.26,1300,0
2017-11-02,19:00:00,2.264,2.2657,2.264,2.2657,866,0
2017-11-02,20:00:00,2.28,2.28,2.28,2.28,100,0
2017-11-02,21:00:00,2.28,2.28,2.26,2.26,2800,0
2017-11-03,15:00:00,2.31,2.31,2.31,2.31,900,0
2017-11-03,16:00:00,2.31,2.33,2.31,2.33,14949,0
2017-11-03,17:00:00,2.28,2.2801,2.28,2.2801,799,0
2017-11-03,18:00:00,2.29,2.31,2.29,2.31,1300,0
2017-11-03,19:00:00,2.31,2.32,2.31,2.32,400,0
2017-11-03,20:00:00,2.33,2.33,2.33,2.33,100,0
2017-11-03,21:00:00,2.29,2.29,2.28,2.29,6646,0
2017-11-06,16:00:00,2.29,2.29,2.29,2.29,100,0
2017-11-06,17:00:00,2.2893,2.3,2.2893,2.3,1783,0
2017-11-06,18:00:00,2.2976,2.32,2.27,2.28,23688,0
2017-11-06,19:00:00,2.27,2.27,2.27,2.27,700,0
2017-11-06,20:00:00,2.27,2.3,2.27,2.3,500,0
2017-11-06,21:00:00,2.2876,2.2876,2.26,2.27,3600,0
2017-11-06,22:00:00,2.28,2.31,2.28,2.3,725,0
2017-11-07,17:00:00,2.27,2.27,2.245,2.2499,36666,0
2017-11-07,19:00:00,2.2377,2.2377,2.2377,2.2377,3333,0
2017-11-07,20:00:00,2.25,2.25,2.2499,2.2499,910,0
2017-11-07,21:00:00,2.25,2.25,2.2486,2.25,1092,0
2017-11-07,22:00:00,2.24,2.24,2.23,2.24,1925,0
2017-11-08,16:00:00,2.24,2.24,2.24,2.24,2400,0
2017-11-08,17:00:00,2.29,2.29,2.2399,2.24,900,0
2017-11-08,18:00:00,2.234,2.28,2.2324,2.28,2553,0
2017-11-08,19:00:00,2.2401,2.26,2.2401,2.26,2400,0
2017-11-08,20:00:00,2.2536,2.2536,2.24,2.24,544,0
2017-11-08,21:00:00,2.24,2.24,2.24,2.24,2700,0
2017-11-08,22:00:00,2.24,2.29,2.24,2.29,12485,0
2017-11-09,16:00:00,2.29,2.29,2.29,2.29,200,0
2017-11-09,17:00:00,2.29,2.33,2.29,2.29,20499,0
2017-11-09,18:00:00,2.27,2.33,2.27,2.3,4255,0
2017-11-09,19:00:00,2.2856,2.2894,2.2856,2.2894,321,0
2017-11-09,20:00:00,2.28,2.29,2.26,2.26,9776,0
2017-11-09,21:00:00,2.27,2.27,2.27,2.27,115,0
2017-11-09,22:00:00,2.27,2.27,2.2576,2.27,1183,0
2017-11-10,16:00:00,2.36,2.36,2.25,2.33,41835,0
2017-11-10,17:00:00,2.31,2.34,2.31,2.34,3130,0
2017-11-10,18:00:00,2.332,2.36,2.3213,2.36,14778,0
2017-11-10,19:00:00,2.3501,2.36,2.35,2.3544,6901,0
2017-11-10,20:00:00,2.3553,2.38,2.355,2.3691,13772,0
2017-11-10,21:00:00,2.3868,2.455,2.3868,2.45,15990,0
2017-11-10,22:00:00,2.43,2.43,2.4,2.4002,34995,0
2017-11-13,16:00:00,2.4,2.46,2.4,2.4,9260,0
2017-11-13,17:00:00,2.3889,2.4,2.3889,2.3964,1365,0
2017-11-13,18:00:00,2.3948,2.4,2.3948,2.4,2115,0
2017-11-13,19:00:00,2.4,2.4,2.4,2.4,1100,0
2017-11-13,20:00:00,2.4,2.4,2.39,2.394,3000,0
2017-11-13,21:00:00,2.39,2.4,2.37,2.37,6777,0
2017-11-13,22:00:00,2.39,2.39,2.38,2.38,900,0
2017-11-14,16:00:00,2.38,2.42,2.36,2.3799,8615,0
2017-11-14,17:00:00,2.3624,2.3999,2.3578,2.3999,8167,0
2017-11-14,18:00:00,2.3999,2.4,2.37,2.37,4230,0
2017-11-14,19:00:00,2.38,2.38,2.38,2.38,1126,0
2017-11-14,20:00:00,2.375,2.3789,2.35,2.36,14303,0
2017-11-14,21:00:00,2.37,2.37,2.3501,2.37,606,0
2017-11-14,22:00:00,2.3599,2.37,2.3599,2.37,3220,0
2017-11-15,16:00:00,2.35,2.37,2.34,2.34,7633,0
2017-11-15,17:00:00,2.35,2.35,2.35,2.35,790,0
2017-11-15,18:00:00,2.3701,2.3701,2.3701,2.3701,100,0
2017-11-15,19:00:00,2.4,2.41,2.39,2.4,5961,0
2017-11-15,20:00:00,2.4,2.4,2.4,2.4,100,0
2017-11-15,21:00:00,2.42,2.42,2.3917,2.42,716,0
2017-11-15,22:00:00,2.41,2.42,2.41,2.41,400,0
2017-11-16,16:00:00,2.38,2.3819,2.38,2.3819,1979,0
2017-11-16,17:00:00,2.375,2.39,2.375,2.39,937,0
2017-11-16,18:00:00,2.38,2.39,2.36,2.37,9600,0
2017-11-16,19:00:00,2.3574,2.39,2.3574,2.39,348,0
2017-11-16,20:00:00,2.39,2.39,2.39,2.39,300,0
2017-11-16,21:00:00,2.4,2.4,2.3878,2.4,4204,0
2017-11-16,22:00:00,2.39,2.42,2.39,2.42,300,0
2017-11-17,16:00:00,2.38,2.4,2.38,2.4,558,0
2017-11-17,17:00:00,2.38,2.38,2.37,2.38,1600,0
2017-11-17,18:00:00,2.38,2.38,2.38,2.38,100,0
2017-11-17,19:00:00,2.3799,2.4,2.3799,2.4,5632,0
2017-11-17,20:00:00,2.39,2.395,2.37,2.38,2875,0
2017-11-17,21:00:00,2.3742,2.38,2.3742,2.38,700,0
2017-11-17,22:00:00,2.375,2.4,2.37,2.37,5996,0
2017-11-20,16:00:00,2.37,2.37,2.37,2.37,721,0
2017-11-20,17:00:00,2.3778,2.4,2.36,2.37,5091,0
2017-11-20,18:00:00,2.37,2.41,2.36,2.36,5011,0
2017-11-20,19:00:00,2.36,2.37,2.36,2.37,400,0
2017-11-20,20:00:00,2.3718,2.3718,2.35,2.35,6896,0
2017-11-20,21:00:00,2.35,2.35,2.35,2.35,700,0
2017-11-20,22:00:00,2.38,2.4,2.34,2.35,3050,0
2017-11-21,16:00:00,2.35,2.42,2.35,2.395,9231,0
2017-11-21,17:00:00,2.4,2.4,2.33,2.37,16081,0
2017-11-21,18:00:00,2.37,2.37,2.37,2.37,200,0
2017-11-21,19:00:00,2.37,2.37,2.37,2.37,100,0
2017-11-21,20:00:00,2.36,2.36,2.34,2.36,400,0
2017-11-21,21:00:00,2.355,2.39,2.355,2.39,3016,0
2017-11-21,22:00:00,2.39,2.39,2.35,2.35,1867,0
2017-11-22,16:00:00,2.35,2.35,2.35,2.35,221,0
2017-11-22,17:00:00,2.38,2.38,2.38,2.38,400,0
2017-11-22,18:00:00,2.38,2.38,2.355,2.38,2400,0
2017-11-22,19:00:00,2.4,2.4,2.38,2.4,2050,0
2017-11-22,20:00:00,2.4,2.4,2.39,2.39,2200,0
2017-11-22,21:00:00,2.4,2.4,2.39,2.4,1900,0
2017-11-22,22:00:00,2.4,2.42,2.33,2.38,53224,0
2017-11-24,16:00:00,2.4,2.43,2.38,2.38,35844,0
2017-11-24,17:00:00,2.4,2.4,2.38,2.39,700,0
2017-11-24,18:00:00,2.38,2.42,2.38,2.42,730,0
2017-11-24,19:00:00,2.4,2.419,2.38,2.4056,11264,0
2017-11-24,20:00:00,2.39,2.39,2.39,2.39,876,0
2017-11-27,17:00:00,2.4,2.4,2.39,2.39,1200,0
2017-11-27,18:00:00,2.39,2.4,2.38,2.4,500,0
2017-11-27,19:00:00,2.38,2.4,2.38,2.4,500,0
2017-11-27,20:00:00,2.4,2.4,2.4,2.4,200,0
2017-11-27,21:00:00,2.4,2.4,2.3878,2.3878,466,0
2017-11-27,22:00:00,2.3929,2.4,2.39,2.39,733,0
2017-11-28,16:00:00,2.37,2.4,2.37,2.4,611,0
2017-11-28,17:00:00,2.39,2.39,2.38,2.39,1833,0
2017-11-28,18:00:00,2.4,2.4,2.4,2.4,100,0
2017-11-28,19:00:00,2.38,2.38,2.38,2.38,100,0
2017-11-28,20:00:00,2.4,2.4,2.3901,2.3901,1100,0
2017-11-28,21:00:00,2.4,2.4,2.4,2.4,301,0
2017-11-28,22:00:00,2.4,2.4,2.4,2.4,700,0
2017-11-29,16:00:00,2.39,2.4,2.39,2.4,1020,0
2017-11-29,17:00:00,2.4,2.4,2.38,2.38,3397,0
2017-11-29,18:00:00,2.39,2.39,2.38,2.38,800,0
2017-11-29,19:00:00,2.3801,2.4,2.38,2.4,2500,0
2017-11-29,20:00:00,2.4,2.4,2.4,2.4,100,0
2017-11-29,21:00:00,2.3999,2.4,2.39,2.4,9410,0
2017-11-29,22:00:00,2.4,2.4,2.39,2.39,1284,0
2017-11-30,16:00:00,2.39,2.3975,2.39,2.3975,1566,0
2017-11-30,17:00:00,2.4,2.4,2.4,2.4,1441,0
2017-11-30,18:00:00,2.4,2.4,2.3769,2.38,3700,0
2017-11-30,19:00:00,2.38,2.4,2.37,2.38,5807,0
2017-11-30,20:00:00,2.381,2.381,2.381,2.381,5000,0
2017-11-30,21:00:00,2.3858,2.4115,2.3858,2.4115,6468,0
2017-11-30,22:00:00,2.4,2.4,2.39,2.39,6435,0
2017-12-01,16:00:00,2.42,2.42,2.386,2.386,733,0
2017-12-01,17:00:00,2.37,2.37,2.37,2.37,4343,0
2017-12-01,18:00:00,2.3672,2.3672,2.3347,2.365,13150,0
2017-12-01,19:00:00,2.37,2.4043,2.37,2.4043,2900,0
2017-12-01,20:00:00,2.4,2.41,2.4,2.41,6401,0
2017-12-01,21:00:00,2.42,2.42,2.395,2.42,14516,0
2017-12-01,22:00:00,2.4199,2.436,2.4199,2.43,37799,0
2017-12-04,16:00:00,2.45,2.5,2.45,2.4648,17572,0
2017-12-04,17:00:00,2.4692,2.48,2.4692,2.47,533,0
2017-12-04,18:00:00,2.5054,2.6,2.5054,2.6,38943,0
2017-12-04,19:00:00,2.6,2.61,2.54,2.5467,34272,0
2017-12-04,20:00:00,2.54,2.54,2.5244,2.5244,7298,0
2017-12-04,21:00:00,2.53,2.53,2.53,2.53,200,0
2017-12-04,22:00:00,2.53,2.53,2.53,2.53,100,0
2017-12-05,16:00:00,2.53,2.53,2.5,2.5,6100,0
2017-12-05,17:00:00,2.485,2.5,2.4,2.5,12299,0
2017-12-05,18:00:00,2.4503,2.49,2.4503,2.489,633,0
2017-12-05,19:00:00,2.5,2.5,2.47,2.47,1110,0
2017-12-05,20:00:00,2.46,2.5,2.45,2.4714,5745,0
2017-12-05,21:00:00,2.48,2.5,2.475,2.475,1200,0
2017-12-05,22:00:00,2.48,2.5,2.48,2.49,3383,0
2017-12-06,16:00:00,2.49,2.4901,2.49,2.4901,4492,0
2017-12-06,17:00:00,2.4994,2.5,2.49,2.5,3742,0
2017-12-06,18:00:00,2.49,2.49,2.49,2.49,200,0
2017-12-06,19:00:00,2.5,2.5,2.4501,2.4963,1612,0
2017-12-06,20:00:00,2.5,2.5,2.4505,2.4505,13669,0
2017-12-06,21:00:00,2.5,2.5,2.46,2.4601,5942,0
2017-12-06,22:00:00,2.52,2.52,2.485,2.5,5544,0
2017-12-07,16:00:00,2.48,2.53,2.48,2.53,687,0
2017-12-07,17:00:00,2.53,2.53,2.5,2.5101,4790,0
2017-12-07,18:00:00,2.49,2.5,2.48,2.5,6324,0
2017-12-07,19:00:00,2.52,2.52,2.49,2.52,300,0
2017-12-07,20:00:00,2.5,2.5001,2.49,2.5,7512,0
2017-12-07,21:00:00,2.52,2.52,2.49,2.49,5934,0
2017-12-07,22:00:00,2.5187,2.52,2.485,2.5,5399,0
2017-12-08,16:00:00,2.48,2.53,2.48,2.53,18708,0
2017-12-08,17:00:00,2.52,2.53,2.52,2.53,5944,0
2017-12-08,18:00:00,2.52,2.52,2.495,2.52,5551,0
2017-12-08,19:00:00,2.52,2.52,2.49,2.5,3975,0
2017-12-08,20:00:00,2.505,2.505,2.4954,2.4954,4133,0
2017-12-08,21:00:00,2.4943,2.5002,2.49,2.5,1746,0
2017-12-08,22:00:00,2.499,2.5,2.48,2.5,4017,0
2017-12-11,16:00:00,2.5,2.5,2.5,2.5,1332,0
2017-12-11,17:00:00,2.5121,2.5293,2.5,2.5,12166,0
2017-12-11,18:00:00,2.5,2.5075,2.5,2.5075,4466,0
2017-12-11,19:00:00,2.51,2.51,2.51,2.51,300,0
2017-12-11,20:00:00,2.5,2.5,2.5,2.5,1166,0
2017-12-11,21:00:00,2.51,2.51,2.5,2.5,14300,0
2017-12-11,22:00:00,2.5,2.5,2.48,2.48,6600,0
2017-12-12,16:00:00,2.49,2.49,2.49,2.49,100,0
2017-12-12,17:00:00,2.48,2.5,2.48,2.5,200,0
2017-12-12,19:00:00,2.5,2.5,2.4878,2.5,541,0
2017-12-12,20:00:00,2.5,2.5,2.5,2.5,200,0
2017-12-12,21:00:00,2.4956,2.5,2.4956,2.5,600,0
2017-12-12,22:00:00,2.5,2.5,2.47,2.49,9695,0
2017-12-13,16:00:00,2.52,2.52,2.51,2.52,7000,0
2017-12-13,17:00:00,2.52,2.52,2.47,2.47,3103,0
2017-12-13,18:00:00,2.47,2.47,2.45,2.47,4795,0
2017-12-13,19:00:00,2.47,2.53,2.47,2.53,1100,0
2017-12-13,20:00:00,2.53,2.53,2.5,2.5,20100,0
2017-12-13,21:00:00,2.5,2.53,2.5,2.5,51300,0
2017-12-13,22:00:00,2.5,2.53,2.48,2.48,28563,0
2017-12-14,16:00:00,2.49,2.53,2.49,2.53,1136,0
2017-12-14,17:00:00,2.53,2.53,2.5,2.5001,3532,0
2017-12-14,18:00:00,2.5,2.51,2.5,2.5,7199,0
2017-12-14,19:00:00,2.51,2.51,2.48,2.48,8867,0
2017-12-14,20:00:00,2.5,2.5,2.5,2.5,500,0
2017-12-14,21:00:00,2.53,2.53,2.5,2.5,24781,0
2017-12-14,22:00:00,2.5,2.52,2.49,2.51,22317,0
2017-12-15,16:00:00,2.52,2.52,2.5,2.5,20900,0
2017-12-15,17:00:00,2.48,2.5,2.48,2.5,23799,0
2017-12-15,18:00:00,2.5,2.5,2.49,2.49,7192,0
2017-12-15,19:00:00,2.5,2.5,2.49,2.49,2200,0
2017-12-15,20:00:00,2.5,2.5,2.49,2.49,16943,0
2017-12-15,21:00:00,2.48,2.49,2.48,2.48,700,0
2017-12-15,22:00:00,2.48,2.49,2.45,2.45,10307,0
2017-12-18,16:00:00,2.46,2.5,2.46,2.5,2974,0
2017-12-18,17:00:00,2.5,2.52,2.4901,2.4901,24974,0
2017-12-18,18:00:00,2.49,2.51,2.49,2.51,11676,0
2017-12-18,19:00:00,2.5,2.5,2.5,2.5,300,0
2017-12-18,20:00:00,2.5,2.5,2.5,2.5,300,0
2017-12-18,21:00:00,2.5,2.5,2.49,2.5,3600,0
2017-12-18,22:00:00,2.5,2.5,2.47,2.48,4037,0
2017-12-19,16:00:00,2.47,2.47,2.47,2.47,782,0
2017-12-19,17:00:00,2.4934,2.4934,2.4934,2.4934,1000,0
2017-12-19,18:00:00,2.49,2.5,2.4808,2.5,1633,0
2017-12-19,19:00:00,2.5,2.5,2.5,2.5,300,0
2017-12-19,20:00:00,2.49,2.49,2.47,2.49,600,0
2017-12-19,21:00:00,2.5,2.5,2.5,2.5,732,0
2017-12-19,22:00:00,2.5,2.5,2.47,2.47,1090,0
2017-12-20,16:00:00,2.5,2.5,2.489,2.5,2100,0
2017-12-20,17:00:00,2.5,2.5,2.49,2.5,9600,0
2017-12-20,18:00:00,2.5,2.5,2.495,2.5,23600,0
2017-12-20,19:00:00,2.5,2.5,2.49,2.5,39500,0
2017-12-20,20:00:00,2.5,2.52,2.5,2.5,5696,0
2017-12-20,21:00:00,2.52,2.53,2.52,2.5286,2200,0
2017-12-20,22:00:00,2.53,2.53,2.506,2.51,600,0
2017-12-21,16:00:00,2.52,2.52,2.5153,2.5153,1766,0
2017-12-21,17:00:00,2.53,2.53,2.5299,2.53,1300,0
2017-12-21,18:00:00,2.51,2.51,2.5099,2.51,4072,0
2017-12-21,19:00:00,2.5001,2.52,2.49,2.4901,15297,0
2017-12-21,20:00:00,2.55,2.55,2.485,2.49,7695,0
2017-12-21,21:00:00,2.49,2.49,2.47,2.48,8891,0
2017-12-21,22:00:00,2.47,2.48,2.45,2.47,8672,0
2017-12-22,16:00:00,2.47,2.49,2.47,2.49,998,0
2017-12-22,17:00:00,2.474,2.48,2.474,2.474,1582,0
2017-12-22,18:00:00,2.4744,2.48,2.4744,2.4764,999,0
2017-12-22,19:00:00,2.48,2.48,2.47,2.48,3070,0
2017-12-22,20:00:00,2.48,2.48,2.4755,2.48,1766,0
2017-12-22,21:00:00,2.48,2.48,2.48,2.48,100,0
2017-12-22,22:00:00,2.4701,2.48,2.47,2.48,13860,0
2017-12-26,16:00:00,2.48,2.4872,2.48,2.4872,1703,0
2017-12-26,17:00:00,2.48,2.48,2.4701,2.4701,3086,0
2017-12-26,18:00:00,2.48,2.48,2.48,2.48,200,0
2017-12-26,19:00:00,2.48,2.48,2.48,2.48,100,0
2017-12-26,20:00:00,2.47,2.48,2.4601,2.48,3078,0
2017-12-26,21:00:00,2.46,2.47,2.45,2.45,7813,0
2017-12-26,22:00:00,2.47,2.48,2.45,2.46,1832,0
2017-12-27,16:00:00,2.48,2.5,2.48,2.49,2920,0
2017-12-27,17:00:00,2.49,2.49,2.4772,2.49,2400,0
2017-12-27,18:00:00,2.4805,2.49,2.46,2.4601,2562,0
2017-12-27,19:00:00,2.46,2.46,2.4586,2.46,17994,0
2017-12-27,20:00:00,2.47,2.48,2.47,2.47,398,0
2017-12-27,21:00:00,2.4511,2.48,2.45,2.48,1847,0
2017-12-27,22:00:00,2.48,2.49,2.46,2.46,2323,0
2017-12-28,16:00:00,2.4785,2.49,2.4785,2.49,1766,0
2017-12-28,17:00:00,2.49,2.49,2.45,2.45,33438,0
2017-12-28,18:00:00,2.44,2.45,2.44,2.45,500,0
2017-12-28,19:00:00,2.4499,2.45,2.4409,2.45,5399,0
2017-12-28,20:00:00,2.45,2.45,2.44,2.45,11000,0
2017-12-28,21:00:00,2.45,2.45,2.449,2.449,833,0
2017-12-28,22:00:00,2.45,2.49,2.45,2.49,5732,0
2017-12-29,17:00:00,2.47,2.47,2.4362,2.44,5088,0
2017-12-29,18:00:00,2.44,2.46,2.44,2.46,800,0
2017-12-29,19:00:00,2.44,2.45,2.41,2.45,18672,0
2017-12-29,20:00:00,2.44,2.44,2.43,2.43,3100,0
2017-12-29,21:00:00,2.43,2.4301,2.41,2.41,9001,0
2017-12-29,22:00:00,2.42,2.42,2.4,2.4,8449,0
2018-01-02,16:00:00,2.42,2.42,2.42,2.42,4976,0
2018-01-02,17:00:00,2.45,2.47,2.4479,2.45,4275,0
2018-01-02,18:00:00,2.44,2.4411,2.41,2.44,9108,0
2018-01-02,19:00:00,2.41,2.4534,2.41,2.42,4000,0
2018-01-02,20:00:00,2.44,2.44,2.42,2.43,2918,0
2018-01-02,21:00:00,2.4349,2.47,2.4349,2.47,9915,0
2018-01-02,22:00:00,2.47,2.47,2.42,2.42,3523,0
2018-01-03,16:00:00,2.425,2.47,2.425,2.47,4200,0
2018-01-03,17:00:00,2.4686,2.48,2.46,2.48,11700,0
2018-01-03,18:00:00,2.46,2.48,2.46,2.48,3273,0
2018-01-03,19:00:00,2.48,2.48,2.47,2.47,4737,0
2018-01-03,20:00:00,2.47,2.49,2.47,2.49,5503,0
2018-01-03,21:00:00,2.49,2.49,2.475,2.49,900,0
2018-01-03,22:00:00,2.49,2.49,2.47,2.47,1974,0
2018-01-04,16:00:00,2.465,2.465,2.465,2.465,300,0
2018-01-04,17:00:00,2.465,2.48,2.465,2.47,1475,0
2018-01-04,18:00:00,2.475,2.5,2.45,2.49,44917,0
2018-01-04,19:00:00,2.4729,2.5201,2.4729,2.49,22101,0
2018-01-04,20:00:00,2.52,2.52,2.45,2.45,3066,0
2018-01-04,21:00:00,2.51,2.52,2.49,2.51,2800,0
2018-01-04,22:00:00,2.49,2.5,2.47,2.47,14466,0
2018-01-05,16:00:00,2.4899,2.63,2.485,2.51,59838,0
2018-01-05,17:00:00,2.55,2.59,2.47,2.5,23333,0
2018-01-05,18:00:00,2.49,2.54,2.48,2.49,3900,0
2018-01-05,19:00:00,2.5,2.53,2.5,2.5,5500,0
2018-01-05,20:00:00,2.49,2.49,2.485,2.49,8116,0
2018-01-05,21:00:00,2.49,2.49,2.4808,2.4808,1421,0
2018-01-05,22:00:00,2.4899,2.5,2.48,2.5,17421,0
2018-01-08,16:00:00,2.5,2.6,2.5,2.58,11031,0
2018-01-08,17:00:00,2.577,2.59,2.577,2.59,4975,0
2018-01-08,18:00:00,2.6,2.63,2.57,2.57,11841,0
2018-01-08,19:00:00,2.59,2.59,2.5701,2.59,400,0
2018-01-08,20:00:00,2.58,2.59,2.5753,2.59,2550,0
2018-01-08,21:00:00,2.58,2.59,2.57,2.57,1489,0
2018-01-08,22:00:00,2.57,2.59,2.57,2.57,12525,0
2018-01-09,17:00:00,2.59,2.593,2.5897,2.5897,8640,0
2018-01-09,18:00:00,2.6151,2.625,2.61,2.625,4300,0
2018-01-09,19:00:00,2.63,2.63,2.6099,2.61,5584,0
2018-01-09,20:00:00,2.61,2.61,2.609,2.61,7600,0
2018-01-09,21:00:00,2.61,2.61,2.6,2.61,760,0
2018-01-09,22:00:00,2.61,2.61,2.5992,2.61,3434,0
2018-01-10,16:00:00,2.55,2.62,2.54,2.55,13791,0
2018-01-10,17:00:00,2.5599,2.61,2.5599,2.5956,11395,0
2018-01-10,18:00:00,2.59,2.59,2.56,2.56,5203,0
2018-01-10,19:00:00,2.55,2.56,2.55,2.56,626,0
2018-01-10,20:00:00,2.56,2.57,2.56,2.57,2300,0
2018-01-10,21:00:00,2.5692,2.57,2.56,2.56,2534,0
2018-01-10,22:00:00,2.5639,2.57,2.51,2.51,13879,0
2018-01-11,16:00:00,2.56,2.64,2.56,2.6,11571,0
2018-01-11,17:00:00,2.57,2.6,2.54,2.5979,9705,0
2018-01-11,18:00:00,2.5999,2.6,2.59,2.6,3284,0
2018-01-11,19:00:00,2.59,2.5958,2.5838,2.5958,5100,0
2018-01-11,20:00:00,2.59,2.6,2.59,2.6,2135,0
2018-01-11,21:00:00,2.6153,2.65,2.57,2.57,63603,0
2018-01-11,22:00:00,2.64,2.64,2.58,2.63,11376,0
2018-01-12,16:00:00,2.55,2.61,2.55,2.61,13811,0
2018-01-12,17:00:00,2.6026,2.6026,2.58,2.6,9869,0
2018-01-12,18:00:00,2.59,2.63,2.59,2.62,18303,0
2018-01-12,19:00:00,2.63,2.63,2.63,2.63,300,0
2018-01-12,20:00:00,2.64,2.65,2.62,2.62,4520,0
2018-01-12,21:00:00,2.62,2.62,2.6,2.6,1400,0
2018-01-12,22:00:00,2.6,2.62,2.6,2.6,1539,0
2018-01-16,16:00:00,2.61,2.66,2.61,2.6401,1510,0
2018-01-16,17:00:00,2.64,2.66,2.64,2.65,2367,0
2018-01-16,18:00:00,2.65,2.65,2.63,2.64,2732,0
2018-01-16,19:00:00,2.63,2.64,2.63,2.63,2600,0
2018-01-16,20:00:00,2.63,2.6305,2.63,2.63,8124,0
2018-01-16,21:00:00,2.635,2.64,2.62,2.64,16512,0
2018-01-16,22:00:00,2.63,2.63,2.62,2.62,6666,0
2018-01-17,16:00:00,2.62,2.699,2.62,2.699,3972,0
2018-01-17,17:00:00,2.7,2.7,2.67,2.6717,3700,0
2018-01-17,18:00:00,2.6395,2.67,2.6298,2.67,11826,0
2018-01-17,19:00:00,2.67,2.7237,2.6685,2.6699,15061,0
2018-01-17,20:00:00,2.67,2.67,2.6,2.61,15856,0
2018-01-17,21:00:00,2.62,2.68,2.619,2.68,11825,0
2018-01-17,22:00:00,2.66,2.71,2.66,2.669,28505,0
2018-01-18,16:00:00,2.7,2.7399,2.69,2.7399,3896,0
2018-01-18,17:00:00,2.7292,2.83,2.7,2.7099,49948,0
2018-01-18,18:00:00,2.71,2.72,2.7016,2.71,3750,0
2018-01-18,19:00:00,2.7013,2.71,2.69,2.7,13600,0
2018-01-18,20:00:00,2.7,2.71,2.6909,2.7,8500,0
2018-01-18,21:00:00,2.6804,2.73,2.66,2.7,5178,0
2018-01-18,22:00:00,2.6952,2.755,2.67,2.75,40375,0
2018-01-19,16:00:00,2.78,2.82,2.73,2.7701,7796,0
2018-01-19,17:00:00,2.82,2.83,2.77,2.78,7049,0
2018-01-19,18:00:00,2.78,2.78,2.7598,2.77,2837,0
2018-01-19,19:00:00,2.77,2.82,2.76,2.82,15658,0
2018-01-19,20:00:00,2.82,2.85,2.8,2.83,32519,0
2018-01-19,21:00:00,2.7608,2.78,2.75,2.7601,9911,0
2018-01-19,22:00:00,2.78,2.8,2.77,2.79,7196,0
2018-01-22,16:00:00,2.8,2.84,2.8,2.84,3037,0
2018-01-22,17:00:00,2.83,2.84,2.82,2.84,3833,0
2018-01-22,18:00:00,2.82,2.84,2.82,2.83,1846,0
2018-01-22,19:00:00,2.8234,2.86,2.82,2.86,4110,0
2018-01-22,20:00:00,2.8444,2.85,2.82,2.82,10285,0
2018-01-22,21:00:00,2.84,2.8699,2.84,2.86,10513,0
2018-01-22,22:00:00,2.86,2.88,2.82,2.87,15584,0
2018-01-23,16:00:00,2.89,2.89,2.8769,2.89,4244,0
2018-01-23,17:00:00,2.89,2.89,2.86,2.89,4030,0
2018-01-23,18:00:00,2.8899,2.89,2.8717,2.889,7200,0
2018-01-23,19:00:00,2.88,2.9,2.87,2.9,500,0
2018-01-23,20:00:00,2.8749,2.99,2.8749,2.9846,17986,0
2018-01-23,21:00:00,2.915,2.979,2.915,2.9571,3633,0
2018-01-23,22:00:00,2.96,2.96,2.9095,2.92,3064,0
2018-01-24,16:00:00,2.97,2.97,2.9301,2.95,16776,0
2018-01-24,17:00:00,2.97,2.97,2.94,2.94,5496,0
2018-01-24,18:00:00,2.94,2.96,2.85,2.9,24510,0
2018-01-24,19:00:00,2.9,2.9,2.8801,2.9,19910,0
2018-01-24,20:00:00,2.9,2.9,2.88,2.89,3670,0
2018-01-24,21:00:00,2.89,2.89,2.8756,2.8896,1720,0
2018-01-24,22:00:00,2.89,2.89,2.87,2.89,3117,0
2018-01-25,16:00:00,2.88,2.88,2.85,2.86,9808,0
2018-01-25,17:00:00,2.8101,2.88,2.8101,2.84,1133,0
2018-01-25,18:00:00,2.8066,2.829,2.8001,2.8001,3499,0
2018-01-25,19:00:00,2.85,2.88,2.85,2.88,200,0
2018-01-25,20:00:00,2.87,2.88,2.822,2.822,1200,0
2018-01-25,21:00:00,2.87,2.88,2.8,2.83,12752,0
2018-01-25,22:00:00,2.78,2.88,2.7703,2.8,39114,0
2018-01-26,16:00:00,2.8,2.8,2.7862,2.7952,7011,0
2018-01-26,17:00:00,2.8,2.8,2.75,2.7535,1800,0
2018-01-26,18:00:00,2.8,2.88,2.79,2.86,2700,0
2018-01-26,19:00:00,2.89,2.89,2.89,2.89,200,0
2018-01-26,20:00:00,2.9,2.9,2.76,2.84,7637,0
2018-01-26,21:00:00,2.839,2.87,2.83,2.85,1680,0
2018-01-26,22:00:00,2.8405,2.86,2.83,2.84,1731,0
2018-01-29,16:00:00,2.84,2.87,2.84,2.8505,3917,0
2018-01-29,17:00:00,2.8,2.8,2.7671,2.77,3379,0
2018-01-29,18:00:00,2.81,2.89,2.81,2.89,1182,0
2018-01-29,19:00:00,2.89,2.9,2.8401,2.85,2733,0
2018-01-29,21:00:00,2.8486,2.89,2.84,2.89,7183,0
2018-01-29,22:00:00,2.841,2.8643,2.75,2.83,13386,0
2018-01-30,16:00:00,2.8,2.81,2.78,2.81,800,0
2018-01-30,17:00:00,2.7699,2.7699,2.7699,2.7699,500,0
2018-01-30,18:00:00,2.79,2.79,2.79,2.79,200,0
2018-01-30,19:00:00,2.77,2.77,2.67,2.69,7932,0
2018-01-30,20:00:00,2.6542,2.7,2.6542,2.7,466,0
2018-01-30,21:00:00,2.69,2.7,2.63,2.64,9643,0
2018-01-30,22:00:00,2.67,2.68,2.63,2.64,8330,0
2018-01-31,16:00:00,2.64,2.68,2.64,2.67,2731,0
2018-01-31,17:00:00,2.65,2.6799,2.65,2.65,9901,0
2018-01-31,18:00:00,2.651,2.66,2.65,2.65,3180,0
2018-01-31,19:00:00,2.65,2.67,2.65,2.67,2300,0
2018-01-31,20:00:00,2.6643,2.6643,2.65,2.65,4100,0
2018-01-31,21:00:00,2.65,2.67,2.65,2.67,2850,0
2018-01-31,22:00:00,2.67,2.68,2.6555,2.68,2630,0
2018-02-01,16:00:00,2.67,2.7,2.67,2.69,1691,0
2018-02-01,17:00:00,2.73,2.77,2.73,2.765,1500,0
2018-02-01,18:00:00,2.73,2.7599,2.68,2.741,3917,0
2018-02-01,19:00:00,2.7401,2.77,2.7401,2.77,1350,0
2018-02-01,20:00:00,2.74,2.7699,2.74,2.765,2200,0
2018-02-01,21:00:00,2.76,2.76,2.7,2.74,7650,0
2018-02-01,22:00:00,2.74,2.76,2.7199,2.74,1995,0
2018-02-02,16:00:00,2.75,2.77,2.75,2.75,3864,0
2018-02-02,17:00:00,2.71,2.71,2.71,2.71,200,0
2018-02-02,18:00:00,2.73,2.74,2.71,2.71,2595,0
2018-02-02,19:00:00,2.74,2.74,2.74,2.74,100,0
2018-02-02,20:00:00,2.7248,2.7248,2.7248,2.7248,300,0
2018-02-02,21:00:00,2.73,2.75,2.73,2.75,2300,0
2018-02-02,22:00:00,2.7325,2.75,2.7,2.75,15103,0
2018-02-05,16:00:00,2.76,2.77,2.75,2.7589,7200,0
2018-02-05,17:00:00,2.76,2.76,2.75,2.75,600,0
2018-02-05,19:00:00,2.79,2.8,2.79,2.8,200,0
2018-02-05,20:00:00,2.76,2.77,2.75,2.76,2300,0
2018-02-05,21:00:00,2.7699,2.7699,2.69,2.69,7545,0
2018-02-05,22:00:00,2.681,2.7,2.6801,2.69,6800,0
2018-02-06,16:00:00,2.67,2.6836,2.67,2.6836,1269,0
2018-02-06,17:00:00,2.69,2.74,2.66,2.66,9347,0
2018-02-06,18:00:00,2.69,2.69,2.66,2.66,600,0
2018-02-06,19:00:00,2.68,2.6836,2.68,2.6836,1916,0
2018-02-06,20:00:00,2.685,2.7,2.68,2.7,4691,0
2018-02-06,21:00:00,2.69,2.7,2.69,2.7,300,0
2018-02-06,22:00:00,2.6999,2.7,2.68,2.68,1099,0
2018-02-07,16:00:00,2.64,2.64,2.64,2.64,500,0
2018-02-07,17:00:00,2.66,2.6669,2.641,2.6669,1561,0
2018-02-07,18:00:00,2.67,2.67,2.67,2.67,816,0
2018-02-07,19:00:00,2.68,2.68,2.68,2.68,300,0
2018-02-07,20:00:00,2.6501,2.68,2.64,2.64,3661,0
2018-02-07,21:00:00,2.68,2.68,2.6733,2.6733,366,0
2018-02-07,22:00:00,2.68,2.68,2.67,2.67,1064,0
2018-02-08,16:00:00,2.6799,2.68,2.66,2.67,1293,0
2018-02-08,17:00:00,2.6799,2.68,2.6767,2.6767,3700,0
2018-02-08,18:00:00,2.68,2.68,2.679,2.679,650,0
2018-02-08,19:00:00,2.6778,2.6778,2.67,2.67,1618,0
2018-02-08,21:00:00,2.6751,2.68,2.65,2.65,700,0
2018-02-08,22:00:00,2.65,2.66,2.63,2.66,7633,0
2018-02-09,16:00:00,2.68,2.68,2.68,2.68,4156,0
2018-02-09,17:00:00,2.67,2.67,2.63,2.63,1270,0
2018-02-09,18:00:00,2.64,2.6415,2.6,2.6,15117,0
2018-02-09,19:00:00,2.635,2.6352,2.635,2.6352,1160,0
2018-02-09,20:00:00,2.63,2.63,2.6,2.609,6170,0
2018-02-09,21:00:00,2.6093,2.67,2.6093,2.6456,5298,0
2018-02-09,22:00:00,2.61,2.66,2.6,2.66,4296,0
2018-02-12,16:00:00,2.67,2.67,2.67,2.67,3499,0
2018-02-12,17:00:00,2.6699,2.69,2.6699,2.69,3455,0
2018-02-12,18:00:00,2.71,2.71,2.6801,2.69,1500,0
2018-02-12,19:00:00,2.7,2.71,2.7,2.71,5861,0
2018-02-12,20:00:00,2.7393,2.77,2.7393,2.7547,2032,0
2018-02-12,21:00:00,2.75,2.75,2.75,2.75,233,0
2018-02-12,22:00:00,2.77,2.77,2.7267,2.73,1853,0
2018-02-13,16:00:00,2.74,2.74,2.74,2.74,222,0
2018-02-13,18:00:00,2.78,2.78,2.76,2.76,450,0
2018-02-13,19:00:00,2.7636,2.7699,2.75,2.76,4600,0
2018-02-13,20:00:00,2.76,2.76,2.75,2.75,3961,0
2018-02-13,21:00:00,2.76,2.78,2.74,2.78,15740,0
2018-02-13,22:00:00,2.76,2.78,2.74,2.77,4509,0
2018-02-14,16:00:00,2.77,2.7865,2.77,2.7865,2621,0
2018-02-14,17:00:00,2.789,2.87,2.789,2.83,1135,0
2018-02-14,18:00:00,2.84,2.84,2.84,2.84,100,0
2018-02-14,19:00:00,2.85,2.85,2.85,2.85,100,0
2018-02-14,20:00:00,2.8145,2.84,2.7881,2.82,866,0
2018-02-14,21:00:00,2.82,2.85,2.82,2.85,400,0
2018-02-14,22:00:00,2.78,2.78,2.74,2.75,8685,0
2018-02-15,16:00:00,2.85,2.85,2.85,2.85,7805,0
2018-02-15,17:00:00,2.7845,2.83,2.77,2.805,5232,0
2018-02-15,18:00:00,2.84,2.84,2.82,2.82,11743,0
2018-02-15,19:00:00,2.81,2.81,2.8093,2.81,934,0
2018-02-15,20:00:00,2.81,2.81,2.8,2.8,1900,0
2018-02-15,21:00:00,2.81,2.81,2.7949,2.81,13516,0
2018-02-15,22:00:00,2.81,2.8299,2.77,2.8299,3600,0
2018-02-16,16:00:00,2.83,2.859,2.83,2.8543,2400,0
2018-02-16,17:00:00,2.85,2.85,2.83,2.85,4295,0
2018-02-16,18:00:00,2.85,2.86,2.85,2.86,500,0
2018-02-16,19:00:00,2.86,2.865,2.86,2.865,700,0
2018-02-16,20:00:00,2.8601,2.865,2.83,2.83,5600,0
2018-02-16,21:00:00,2.85,2.87,2.85,2.85,6128,0
2018-02-16,22:00:00,2.85,2.87,2.85,2.85,500,0
2018-02-20,16:00:00,2.85,2.8598,2.85,2.8598,1540,0
2018-02-20,17:00:00,2.855,2.855,2.8199,2.84,3136,0
2018-02-20,19:00:00,2.85,2.85,2.85,2.85,200,0
2018-02-20,20:00:00,2.85,2.85,2.84,2.84,793,0
2018-02-20,21:00:00,2.8042,2.8042,2.8042,2.8042,190,0
2018-02-20,22:00:00,2.7714,2.83,2.7714,2.83,200,0
2018-02-21,17:00:00,2.8101,2.86,2.8101,2.86,7004,0
2018-02-21,18:00:00,2.8304,2.86,2.8304,2.86,4833,0
2018-02-21,19:00:00,2.86,2.86,2.8,2.8,300,0
2018-02-21,20:00:00,2.8023,2.8023,2.751,2.751,18269,0
2018-02-21,21:00:00,2.83,2.83,2.83,2.83,1000,0
2018-02-21,22:00:00,2.83,2.83,2.81,2.815,4535,0
2018-02-22,16:00:00,2.83,2.84,2.7899,2.7899,4034,0
2018-02-22,17:00:00,2.721,2.81,2.721,2.79,300,0
2018-02-22,19:00:00,2.83,2.83,2.83,2.83,100,0
2018-02-22,20:00:00,2.84,2.84,2.84,2.84,100,0
2018-02-22,22:00:00,2.84,2.84,2.82,2.82,300,0
2018-02-23,16:00:00,2.85,2.85,2.82,2.82,1595,0
2018-02-23,17:00:00,2.7155,2.7155,2.7155,2.7155,333,0
2018-02-23,18:00:00,2.79,2.83,2.73,2.83,14100,0
2018-02-23,19:00:00,2.81,2.82,2.79,2.79,7500,0
2018-02-23,20:00:00,2.819,2.819,2.76,2.76,6500,0
2018-02-23,21:00:00,2.72,2.72,2.701,2.7199,1600,0
2018-02-23,22:00:00,2.7,2.74,2.7,2.74,4382,0
2018-02-26,16:00:00,2.72,2.72,2.701,2.7199,8650,0
2018-02-26,17:00:00,2.73,2.73,2.73,2.73,200,0
2018-02-26,18:00:00,2.73,2.73,2.73,2.73,1000,0
2018-02-26,19:00:00,2.72,2.72,2.67,2.7,2969,0
2018-02-26,20:00:00,2.7,2.7,2.69,2.7,3100,0
2018-02-26,21:00:00,2.7,2.74,2.69,2.74,16792,0
2018-02-26,22:00:00,2.73,2.73,2.72,2.73,1000,0
2018-02-27,16:00:00,2.74,2.75,2.74,2.75,1713,0
2018-02-27,17:00:00,2.75,2.75,2.725,2.74,2300,0
2018-02-27,18:00:00,2.74,2.75,2.7399,2.75,2329,0
2018-02-27,19:00:00,2.75,2.75,2.71,2.74,38300,0
2018-02-27,20:00:00,2.75,2.75,2.73,2.75,5916,0
2018-02-27,21:00:00,2.75,2.75,2.74,2.75,1900,0
2018-02-27,22:00:00,2.75,2.75,2.71,2.74,9800,0
2018-02-28,16:00:00,2.75,2.75,2.7246,2.7246,5100,0
2018-02-28,17:00:00,2.7326,2.75,2.7326,2.75,633,0
2018-02-28,18:00:00,2.73,2.75,2.73,2.75,300,0
2018-02-28,19:00:00,2.75,2.75,2.75,2.75,100,0
2018-02-28,21:00:00,2.75,2.75,2.75,2.75,100,0
2018-02-28,22:00:00,2.74,2.74,2.74,2.74,100,0
2018-03-01,16:00:00,2.7207,2.74,2.7207,2.74,433,0
2018-03-01,17:00:00,2.71,2.73,2.71,2.73,918,0
2018-03-01,19:00:00,2.72,2.72,2.68,2.6857,15460,0
2018-03-01,20:00:00,2.69,2.69,2.69,2.69,300,0
2018-03-01,21:00:00,2.6748,2.6748,2.63,2.64,18700,0
2018-03-01,22:00:00,2.64,2.6754,2.56,2.65,33123,0
2018-03-02,16:00:00,2.62,2.62,2.6,2.6,1779,0
2018-03-02,17:00:00,2.61,2.6164,2.61,2.6133,2549,0
2018-03-02,19:00:00,2.62,2.62,2.62,2.62,833,0
2018-03-02,20:00:00,2.61,2.62,2.61,2.61,1500,0
2018-03-02,21:00:00,2.615,2.615,2.6,2.6,2050,0
2018-03-02,22:00:00,2.609,2.609,2.6,2.6,3813,0
2018-03-05,16:00:00,2.6,2.6,2.6,2.6,1456,0
2018-03-05,17:00:00,2.6,2.61,2.6,2.6,600,0
2018-03-05,18:00:00,2.6048,2.61,2.551,2.5799,5800,0
2018-03-05,19:00:00,2.57,2.57,2.51,2.5489,3465,0
2018-03-05,20:00:00,2.58,2.6,2.58,2.6,4100,0
2018-03-05,21:00:00,2.589,2.599,2.5801,2.595,4001,0
2018-03-05,22:00:00,2.59,2.6,2.59,2.59,1003,0
2018-03-06,16:00:00,2.59,2.6,2.5848,2.59,5874,0
2018-03-06,17:00:00,2.5852,2.59,2.5848,2.5848,3368,0
2018-03-06,18:00:00,2.5825,2.5896,2.57,2.57,3800,0
2018-03-06,19:00:00,2.589,2.59,2.57,2.58,5237,0
2018-03-06,20:00:00,2.57,2.58,2.52,2.55,5003,0
2018-03-06,21:00:00,2.53,2.5792,2.53,2.54,4147,0
2018-03-06,22:00:00,2.56,2.57,2.55,2.55,2863,0
2018-03-07,16:00:00,2.56,2.6,2.521,2.6,23225,0
2018-03-07,17:00:00,2.5975,2.6,2.58,2.6,30129,0
2018-03-07,18:00:00,2.6,2.6,2.575,2.5999,7800,0
2018-03-07,19:00:00,2.571,2.6,2.56,2.56,3210,0
2018-03-07,20:00:00,2.6,2.6,2.585,2.6,300,0
2018-03-07,21:00:00,2.5968,2.6,2.585,2.6,638,0
2018-03-07,22:00:00,2.5706,2.64,2.5706,2.63,7667,0
2018-03-08,16:00:00,2.63,2.63,2.63,2.63,2119,0
2018-03-08,17:00:00,2.6599,2.7,2.625,2.7,3132,0
2018-03-08,18:00:00,2.74,2.84,2.71,2.84,40106,0
2018-03-08,19:00:00,2.84,2.89,2.761,2.85,28871,0
2018-03-08,20:00:00,2.85,2.85,2.81,2.85,12106,0
2018-03-08,21:00:00,2.8201,2.85,2.82,2.85,8558,0
2018-03-08,22:00:00,2.86,2.86,2.8257,2.86,2269,0
2018-03-09,16:00:00,2.85,2.8968,2.801,2.821,4700,0
2018-03-09,17:00:00,2.86,2.88,2.82,2.8503,2761,0
2018-03-09,18:00:00,2.87,2.89,2.87,2.89,17296,0
2018-03-09,19:00:00,2.8598,2.89,2.841,2.88,842,0
2018-03-09,20:00:00,2.8692,2.88,2.85,2.85,2300,0
2018-03-09,21:00:00,2.8401,2.88,2.831,2.8699,1270,0
2018-03-09,22:00:00,2.86,2.86,2.83,2.84,3830,0
2018-03-12,15:00:00,2.82,2.85,2.82,2.85,6293,0
2018-03-12,16:00:00,2.8504,2.9,2.85,2.87,10555,0
2018-03-12,17:00:00,2.73,2.83,2.66,2.83,3543,0
2018-03-12,18:00:00,2.8342,2.8588,2.83,2.8588,2567,0
2018-03-12,19:00:00,2.86,2.86,2.8466,2.8466,758,0
2018-03-12,20:00:00,2.8599,2.86,2.84,2.85,900,0
2018-03-12,21:00:00,2.82,2.85,2.82,2.85,3731,0
2018-03-13,15:00:00,2.8,2.8,2.8,2.8,400,0
2018-03-13,16:00:00,2.87,2.87,2.8,2.8301,6109,0
2018-03-13,17:00:00,2.8308,2.86,2.8308,2.86,736,0
2018-03-13,18:00:00,2.845,2.845,2.78,2.78,3955,0
2018-03-13,19:00:00,2.78,2.84,2.76,2.81,2419,0
2018-03-13,20:00:00,2.71,2.76,2.69,2.72,2500,0
2018-03-13,21:00:00,2.72,2.79,2.67,2.75,11206,0
2018-03-14,15:00:00,2.72,2.76,2.6,2.76,18862,0
2018-03-14,16:00:00,2.75,2.81,2.72,2.81,2400,0
2018-03-14,17:00:00,2.81,2.82,2.7659,2.82,5312,0
2018-03-14,18:00:00,2.82,2.89,2.7901,2.8368,26572,0
2018-03-14,19:00:00,2.88,2.89,2.8101,2.89,3740,0
2018-03-14,20:00:00,2.89,2.89,2.8149,2.87,1877,0
2018-03-14,21:00:00,2.88,2.95,2.82,2.94,51660,0
2018-03-15,15:00:00,2.95,2.95,2.9349,2.9349,2067,0
2018-03-15,16:00:00,2.7636,2.94,2.7636,2.9,5320,0
2018-03-15,17:00:00,2.9,2.9,2.9,2.9,940,0
2018-03-15,20:00:00,2.8,2.91,2.8,2.91,2600,0
2018-03-15,21:00:00,2.86,2.9143,2.82,2.91,7149,0
2018-03-16,15:00:00,2.9,2.9,2.9,2.9,501,0
2018-03-16,16:00:00,2.8234,2.8234,2.82,2.82,650,0
2018-03-16,17:00:00,2.8863,2.8863,2.8863,2.8863,350,0
2018-03-16,18:00:00,2.8167,2.88,2.8167,2.88,5539,0
2018-03-16,19:00:00,2.8719,2.8719,2.8122,2.8122,1250,0
2018-03-16,20:00:00,2.865,2.91,2.865,2.91,850,0
2018-03-16,21:00:00,2.83,2.83,2.81,2.81,7053,0
2018-03-19,15:00:00,2.78,2.79,2.78,2.79,2432,0
2018-03-19,16:00:00,2.8101,2.84,2.79,2.79,3300,0
2018-03-19,17:00:00,2.7956,2.82,2.7956,2.82,5913,0
2018-03-19,18:00:00,2.84,2.84,2.815,2.82,800,0
2018-03-19,19:00:00,2.8225,2.8225,2.8225,2.8225,100,0
2018-03-19,21:00:00,2.815,2.85,2.815,2.85,1384,0
2018-03-20,15:00:00,2.85,2.85,2.84,2.84,906,0
2018-03-20,16:00:00,2.85,2.95,2.85,2.9347,6976,0
2018-03-20,17:00:00,2.915,2.94,2.8847,2.93,3720,0
2018-03-20,18:00:00,2.93,2.94,2.8351,2.9,1333,0
2018-03-20,19:00:00,2.8999,2.8999,2.81,2.81,600,0
2018-03-20,20:00:00,2.81,2.81,2.81,2.81,400,0
2018-03-20,21:00:00,2.82,2.9,2.8,2.9,3025,0
2018-03-21,15:00:00,2.9,2.9,2.85,2.8715,5463,0
2018-03-21,16:00:00,2.8699,2.8699,2.8699,2.8699,400,0
2018-03-21,17:00:00,2.83,2.83,2.83,2.83,100,0
2018-03-21,18:00:00,2.8304,2.85,2.8304,2.8499,671,0
2018-03-21,19:00:00,2.8352,2.8352,2.8352,2.8352,200,0
2018-03-21,20:00:00,2.85,2.88,2.85,2.88,1555,0
2018-03-21,21:00:00,2.8348,2.9,2.82,2.9,7788,0
2018-03-22,15:00:00,2.85,2.8943,2.85,2.8914,1915,0
2018-03-22,16:00:00,2.8535,2.9,2.8535,2.88,3245,0
2018-03-22,18:00:00,2.85,2.85,2.85,2.85,100,0
2018-03-22,19:00:00,2.858,2.86,2.85,2.85,1536,0
2018-03-22,20:00:00,2.85,2.87,2.85,2.87,875,0
2018-03-22,21:00:00,2.8506,2.88,2.8506,2.88,1915,0
2018-03-23,15:00:00,2.85,2.85,2.7901,2.8,2144,0
2018-03-23,16:00:00,2.79,2.8099,2.78,2.78,3300,0
2018-03-23,17:00:00,2.78,2.7899,2.78,2.78,3071,0
2018-03-23,18:00:00,2.78,2.78,2.78,2.78,100,0
2018-03-23,19:00:00,2.7802,2.7866,2.78,2.78,13437,0
2018-03-23,20:00:00,2.78,2.8,2.78,2.795,9666,0
2018-03-23,21:00:00,2.79,2.79,2.78,2.78,9312,0
2018-03-26,16:00:00,2.8,2.8382,2.8,2.8358,1787,0
2018-03-26,17:00:00,2.85,2.85,2.842,2.842,5665,0
2018-03-26,19:00:00,2.87,2.87,2.78,2.78,5566,0
2018-03-26,20:00:00,2.7793,2.7793,2.7793,2.7793,3000,0
2018-03-26,21:00:00,2.78,2.79,2.78,2.79,5392,0
2018-03-26,22:00:00,2.8,2.8,2.75,2.76,2171,0
2018-03-27,16:00:00,2.77,2.77,2.77,2.77,400,0
2018-03-27,17:00:00,2.7601,2.77,2.7601,2.77,200,0
2018-03-27,18:00:00,2.7602,2.7602,2.7602,2.7602,910,0
2018-03-27,19:00:00,2.761,2.77,2.761,2.77,449,0
2018-03-27,20:00:00,2.75,2.77,2.75,2.77,2550,0
2018-03-27,21:00:00,2.77,2.77,2.75,2.75,300,0
2018-03-27,22:00:00,2.76,2.77,2.76,2.77,3770,0
2018-03-28,16:00:00,2.77,2.7839,2.77,2.7839,361,0
2018-03-28,17:00:00,2.7801,2.7848,2.7765,2.7848,450,0
2018-03-28,18:00:00,2.79,2.79,2.77,2.77,500,0
2018-03-28,19:00:00,2.7806,2.7806,2.7765,2.78,435,0
2018-03-28,20:00:00,2.77,2.7735,2.77,2.7735,1040,0
2018-03-28,22:00:00,2.79,2.8,2.75,2.77,29048,0
2018-03-29,16:00:00,2.76,2.7752,2.76,2.7752,4100,0
2018-03-29,17:00:00,2.77,2.78,2.77,2.78,300,0
2018-03-29,18:00:00,2.77,2.77,2.77,2.77,100,0
2018-03-29,19:00:00,2.77,2.77,2.77,2.77,100,0
2018-03-29,20:00:00,2.7704,2.78,2.75,2.77,10100,0
2018-03-29,21:00:00,2.75,2.7501,2.75,2.7501,690,0
2018-03-29,22:00:00,2.75,2.79,2.75,2.76,517,0
