Date,Time,Open,High,Low,Close,Volume,OpenInt
2017-09-05,16:00:00,64.17,64.46,63.75,63.88,86502,0
2017-09-05,17:00:00,63.89,63.96,63.63,63.665,145818,0
2017-09-05,18:00:00,63.66,63.725,63.53,63.66,163373,0
2017-09-05,19:00:00,63.65,63.66,63.31,63.55,453676,0
2017-09-05,20:00:00,63.51,63.57,63.27,63.57,160745,0
2017-09-05,21:00:00,63.57,63.77,63.53,63.68,295880,0
2017-09-05,22:00:00,63.69,63.835,63.63,63.64,521026,0
2017-09-06,16:00:00,63.81,63.9,63.49,63.5889,125598,0
2017-09-06,17:00:00,63.58,63.655,63.31,63.39,281628,0
2017-09-06,18:00:00,63.39,63.47,63.17,63.24,238262,0
2017-09-06,19:00:00,63.24,63.76,63.14,63.62,477158,0
2017-09-06,20:00:00,63.62,64.15,63.59,63.95,303080,0
2017-09-06,21:00:00,63.95,63.96,63.64,63.735,202454,0
2017-09-06,22:00:00,63.735,63.81,63.7,63.79,619871,0
2017-09-07,16:00:00,64.01,64.08,63.65,63.815,105576,0
2017-09-07,17:00:00,63.83,64.16,63.7,64.095,240774,0
2017-09-07,18:00:00,64.095,64.11,63.75,63.82,205321,0
2017-09-07,19:00:00,63.8,63.85,63.6,63.67,154934,0
2017-09-07,20:00:00,63.665,63.68,63.495,63.57,233480,0
2017-09-07,21:00:00,63.53,63.56,63.25,63.29,153395,0
2017-09-07,22:00:00,63.29,63.37,63.14,63.34,491892,0
2017-09-08,16:00:00,63.4,63.54,63.09,63.15,133494,0
2017-09-08,17:00:00,63.14,63.45,63.08,63.35,218696,0
2017-09-08,18:00:00,63.355,63.47,63.14,63.14,116891,0
2017-09-08,19:00:00,63.14,63.15,62.84,62.92,143439,0
2017-09-08,20:00:00,62.9239,62.975,62.67,62.8,113221,0
2017-09-08,21:00:00,62.81,62.9,62.585,62.61,246786,0
2017-09-08,22:00:00,62.615,62.85,62.595,62.73,596160,0
2017-09-11,16:00:00,63.16,63.5,63.065,63.0896,129735,0
2017-09-11,17:00:00,63.11,63.2,62.82,62.83,134668,0
2017-09-11,18:00:00,62.82,62.97,62.76,62.88,143746,0
2017-09-11,19:00:00,62.865,63.03,62.82,62.99,92270,0
2017-09-11,20:00:00,63,63,62.86,62.875,78861,0
2017-09-11,21:00:00,62.88,63.02,62.875,62.95,296588,0
2017-09-11,22:00:00,62.95,63.06,62.94,63.03,955222,0
2017-09-12,16:00:00,63.01,63.47,62.59,63.375,97646,0
2017-09-12,17:00:00,63.375,63.59,63.26,63.555,160658,0
2017-09-12,18:00:00,63.5637,63.76,63.22,63.24,242831,0
2017-09-12,19:00:00,63.225,63.24,63.06,63.11,67283,0
2017-09-12,20:00:00,63.1,63.24,63.05,63.105,145493,0
2017-09-12,21:00:00,63.1,63.15,62.86,62.96,119832,0
2017-09-12,22:00:00,62.98,63.01,62.875,62.98,455767,0
2017-09-13,16:00:00,62.93,63.33,62.8,63.31,102583,0
2017-09-13,17:00:00,63.3,63.43,62.8519,62.89,580562,0
2017-09-13,18:00:00,62.88,62.88,62.59,62.78,242033,0
2017-09-13,19:00:00,62.78,62.87,62.67,62.68,133177,0
2017-09-13,20:00:00,62.69,62.94,62.63,62.83,140970,0
2017-09-13,21:00:00,62.84,62.92,62.735,62.74,92302,0
2017-09-13,22:00:00,62.73,62.84,62.7,62.8,780547,0
2017-09-14,16:00:00,62.47,62.61,62.1,62.2,210630,0
2017-09-14,17:00:00,62.2,62.5,61.97,62.08,657985,0
2017-09-14,18:00:00,62.1,62.34,61.87,61.9,522878,0
2017-09-14,19:00:00,61.91,62.01,61.7,61.97,411107,0
2017-09-14,20:00:00,61.98,62.05,61.8099,61.81,178812,0
2017-09-14,21:00:00,61.81,61.83,61.08,61.35,801514,0
2017-09-14,22:00:00,61.34,61.56,61.14,61.17,1641408,0
2017-09-15,16:00:00,61.33,61.89,61.3,61.575,740491,0
2017-09-15,17:00:00,61.57,61.78,61.22,61.375,714803,0
2017-09-15,18:00:00,61.37,61.4,60.995,61.04,470001,0
2017-09-15,19:00:00,61.04,61.11,60.82,60.83,398829,0
2017-09-15,20:00:00,60.8396,61.13,60.82,60.97,352455,0
2017-09-15,21:00:00,60.96,61.23,60.73,61.08,428515,0
2017-09-15,22:00:00,61.089,61.2,60.92,61.17,1689617,0
2017-09-18,16:00:00,60.95,61.67,60.75,61.5,742908,0
2017-09-18,17:00:00,61.52,61.6,61.01,61.025,360118,0
2017-09-18,18:00:00,61.03,61.24,60.82,60.98,290857,0
2017-09-18,19:00:00,60.98,61.73,60.84,61.7,1045769,0
2017-09-18,20:00:00,61.69,61.99,61.55,61.9895,555137,0
2017-09-18,21:00:00,61.98,61.98,61.51,61.56,405304,0
2017-09-18,22:00:00,61.55,61.9,61.5284,61.8,837993,0
2017-09-19,16:00:00,62.01,63.5,61.33,62.31,1693603,0
2017-09-19,17:00:00,62.32,64.79,62.31,64.72,2970445,0
2017-09-19,18:00:00,64.7081,64.87,64.02,64.55,1552522,0
2017-09-19,19:00:00,64.54,64.86,64.43,64.765,930404,0
2017-09-19,20:00:00,64.76,65.06,64.76,65,895358,0
2017-09-19,21:00:00,65.005,65.18,64.9,65.1312,584485,0
2017-09-19,22:00:00,65.12,65.46,64.8,65.42,2301548,0
2017-09-20,16:00:00,65.32,65.47,64.52,64.71,424529,0
2017-09-20,17:00:00,64.75,64.77,64.03,64.03,490149,0
2017-09-20,18:00:00,64.06,64.25,63.69,63.89,594201,0
2017-09-20,19:00:00,63.895,64,63.745,63.86,350497,0
2017-09-20,20:00:00,63.86,63.89,63.5491,63.65,455158,0
2017-09-20,21:00:00,63.6737,63.78,63.09,63.495,657200,0
2017-09-20,22:00:00,63.49,63.56,63.2,63.52,1057417,0
2017-09-21,16:00:00,63.74,63.99,63.22,63.625,166077,0
2017-09-21,17:00:00,63.65,63.75,63.24,63.495,295640,0
2017-09-21,18:00:00,63.48,63.56,63.36,63.48,146099,0
2017-09-21,19:00:00,63.47,63.66,63.47,63.63,112427,0
2017-09-21,20:00:00,63.635,63.785,63.59,63.71,148668,0
2017-09-21,21:00:00,63.7047,63.705,63.45,63.49,128824,0
2017-09-21,22:00:00,63.5,63.51,63.34,63.39,615718,0
2017-09-22,16:00:00,63.85,64.53,63.41,64.31,1323872,0
2017-09-22,17:00:00,64.325,64.45,63.82,64.01,916301,0
2017-09-22,18:00:00,64,64.1,63.69,63.7,955604,0
2017-09-22,19:00:00,63.7,63.81,63.51,63.58,407572,0
2017-09-22,20:00:00,63.597,64.15,63.48,64.125,290981,0
2017-09-22,21:00:00,64.13,64.29,64.1,64.105,418616,0
2017-09-22,22:00:00,64.1045,64.175,63.99,64.06,1499094,0
2017-09-25,16:00:00,64.11,64.469,63.5,63.72,1112011,0
2017-09-25,17:00:00,63.72,64.03,62.98,63.25,881827,0
2017-09-25,18:00:00,63.23,63.355,63.02,63.16,556971,0
2017-09-25,19:00:00,63.13,63.49,62.9057,63.47,413323,0
2017-09-25,20:00:00,63.465,63.75,63.04,63.14,403650,0
2017-09-25,21:00:00,63.14,63.27,62.84,62.8644,280459,0
2017-09-25,22:00:00,62.87,63.06,62.8,62.89,1388201,0
2017-09-26,16:00:00,63.06,63.36,62.92,63.24,321881,0
2017-09-26,17:00:00,63.235,63.27,62.88,63.0116,369718,0
2017-09-26,18:00:00,63.01,63.16,62.88,63.035,347296,0
2017-09-26,19:00:00,63.06,63.15,62.77,63.095,195291,0
2017-09-26,20:00:00,63.081,63.19,63.01,63.18,373659,0
2017-09-26,21:00:00,63.17,63.21,63.065,63.19,211544,0
2017-09-26,22:00:00,63.2,63.201,63,63.03,898241,0
2017-09-27,16:00:00,63.03,63.17,62.6,62.62,262461,0
2017-09-27,17:00:00,62.62,62.93,62.46,62.79,670025,0
2017-09-27,18:00:00,62.79,62.81,62.4,62.43,468863,0
2017-09-27,19:00:00,62.43,62.64,62.38,62.6088,220280,0
2017-09-27,20:00:00,62.62,62.624,62.38,62.41,322651,0
2017-09-27,21:00:00,62.41,62.7,62.41,62.62,369213,0
2017-09-27,22:00:00,62.63,62.76,62.39,62.39,888620,0
2017-09-28,16:00:00,62.12,62.25,61.83,62.045,447951,0
2017-09-28,17:00:00,62.05,62.21,61.92,61.98,497463,0
2017-09-28,18:00:00,61.994,62.07,61.84,61.95,317084,0
2017-09-28,19:00:00,61.95,62.01,61.86,61.94,492260,0
2017-09-28,20:00:00,61.94,61.99,61.75,61.8,361792,0
2017-09-28,21:00:00,61.8,61.93,61.73,61.85,417693,0
2017-09-28,22:00:00,61.88,61.96,61.69,61.92,1118540,0
2017-09-29,16:00:00,62.13,62.44,62,62.225,447337,0
2017-09-29,17:00:00,62.225,62.3425,62.08,62.2,312666,0
2017-09-29,18:00:00,62.2,62.29,62.05,62.2,291002,0
2017-09-29,19:00:00,62.19,62.19,61.65,61.77,396028,0
2017-09-29,20:00:00,61.77,61.81,61.48,61.56,871102,0
2017-09-29,21:00:00,61.56,61.67,61.47,61.5,596735,0
2017-09-29,22:00:00,61.5,61.73,61.4,61.66,1711755,0
2017-10-02,16:00:00,61.34,61.62,61.2,61.61,298772,0
2017-10-02,17:00:00,61.61,61.61,61.21,61.24,556276,0
2017-10-02,18:00:00,61.25,61.38,61.1,61.1,557216,0
2017-10-02,19:00:00,61.1064,61.37,61.07,61.32,321159,0
2017-10-02,20:00:00,61.315,61.39,61.12,61.3,284925,0
2017-10-02,21:00:00,61.31,61.545,61.25,61.45,292217,0
2017-10-02,22:00:00,61.44,61.78,61.34,61.52,854049,0
2017-10-03,16:00:00,61.56,61.89,61.54,61.64,117919,0
2017-10-03,17:00:00,61.64,61.99,61.56,61.78,605392,0
2017-10-03,18:00:00,61.8,61.88,61.66,61.8,174784,0
2017-10-03,19:00:00,61.8144,61.84,61.51,61.56,209079,0
2017-10-03,20:00:00,61.57,61.63,61.4,61.46,248814,0
2017-10-03,21:00:00,61.45,61.8,61.44,61.71,523210,0
2017-10-03,22:00:00,61.7,61.73,61.485,61.68,1220818,0
2017-10-04,16:00:00,61.42,62.25,61.28,61.93,807346,0
2017-10-04,17:00:00,61.93,62,61.66,61.69,1216033,0
2017-10-04,18:00:00,61.69,62,61.68,61.93,646043,0
2017-10-04,19:00:00,61.93,61.94,61.69,61.74,523517,0
2017-10-04,20:00:00,61.74,61.76,61.41,61.6,283023,0
2017-10-04,21:00:00,61.6,61.79,61.5,61.59,454350,0
2017-10-04,22:00:00,61.6,61.61,61.3,61.5,1464864,0
2017-10-05,16:00:00,61.51,62.09,61.48,61.94,578432,0
2017-10-05,17:00:00,61.9,61.99,61.35,61.415,808080,0
2017-10-05,18:00:00,61.43,61.53,61.32,61.44,210693,0
2017-10-05,19:00:00,61.44,61.54,61.36,61.38,171666,0
2017-10-05,20:00:00,61.38,61.56,61.37,61.53,324262,0
2017-10-05,21:00:00,61.54,61.55,61.46,61.52,279491,0
2017-10-05,22:00:00,61.53,61.66,61.46,61.52,1291114,0
2017-10-06,16:00:00,61.63,62.63,61.6,62.44,1034521,0
2017-10-06,17:00:00,62.44,62.51,62.06,62.38,556591,0
2017-10-06,18:00:00,62.38,62.51,62.25,62.3,621574,0
2017-10-06,19:00:00,62.3,62.505,62.2601,62.49,285563,0
2017-10-06,20:00:00,62.48,62.53,62.28,62.4455,282604,0
2017-10-06,21:00:00,62.45,62.47,62.31,62.425,172813,0
2017-10-06,22:00:00,62.425,62.56,62.36,62.41,702609,0
2017-10-09,16:00:00,62.31,62.61,62.03,62.11,153566,0
2017-10-09,17:00:00,62.04,62.09,61.84,61.94,284248,0
2017-10-09,18:00:00,61.92,61.94,61.78,61.785,254569,0
2017-10-09,19:00:00,61.79,61.825,61.37,61.37,287902,0
2017-10-09,20:00:00,61.37,61.44,61.23,61.28,436400,0
2017-10-09,21:00:00,61.275,61.54,61.18,61.52,491612,0
2017-10-09,22:00:00,61.51,61.705,61.47,61.56,930451,0
2017-10-10,16:00:00,61.69,61.78,61.18,61.225,172426,0
2017-10-10,17:00:00,61.24,61.49,61.11,61.48,506576,0
2017-10-10,18:00:00,61.4814,61.535,61.355,61.415,395429,0
2017-10-10,19:00:00,61.41,61.56,61.23,61.24,358512,0
2017-10-10,20:00:00,61.24,61.35,61.1499,61.31,239672,0
2017-10-10,21:00:00,61.31,61.38,61.2,61.24,200197,0
2017-10-10,22:00:00,61.245,61.34,61.11,61.23,1002150,0
2017-10-11,16:00:00,61.15,61.74,61.1,61.55,187852,0
2017-10-11,17:00:00,61.51,61.6,61.2,61.25,308290,0
2017-10-11,18:00:00,61.25,61.3,59.42,60.94,1282795,0
2017-10-11,19:00:00,60.935,61.0848,60.9,61.02,312947,0
2017-10-11,20:00:00,61.02,61.1,60.93,61.02,268198,0
2017-10-11,21:00:00,61.01,61.07,60.99,61.01,128709,0
2017-10-11,22:00:00,61.01,61.21,60.99,61.18,1293749,0
2017-10-12,16:00:00,61.07,61.16,60.71,60.92,214702,0
2017-10-12,17:00:00,60.9,61.28,60.85,61.255,279367,0
2017-10-12,18:00:00,61.25,61.47,61.2,61.43,218088,0
2017-10-12,19:00:00,61.43,61.665,61.42,61.49,195052,0
2017-10-12,20:00:00,61.48,61.545,61.28,61.42,264325,0
2017-10-12,21:00:00,61.4188,61.48,61.1,61.145,222461,0
2017-10-12,22:00:00,61.15,61.33,61.14,61.28,889242,0
2017-10-13,16:00:00,61.29,61.29,60.81,60.98,158638,0
2017-10-13,17:00:00,60.9743,61.265,60.81,60.82,283187,0
2017-10-13,18:00:00,60.83,60.985,60.81,60.855,178322,0
2017-10-13,19:00:00,60.85,60.9,60.74,60.835,166224,0
2017-10-13,20:00:00,60.82,61.55,60.81,61.44,746046,0
2017-10-13,21:00:00,61.449,61.49,61.4,61.45,128002,0
2017-10-13,22:00:00,61.455,61.465,61.25,61.39,507102,0
2017-10-16,16:00:00,61.52,61.6,61.07,61.34,134166,0
2017-10-16,17:00:00,61.39,61.49,61.21,61.34,133723,0
2017-10-16,18:00:00,61.33,61.48,61.32,61.45,115510,0
2017-10-16,19:00:00,61.45,61.46,61.25,61.29,92134,0
2017-10-16,20:00:00,61.2684,61.35,61.2,61.205,125327,0
2017-10-16,21:00:00,61.2093,61.2093,61.02,61.03,167925,0
2017-10-16,22:00:00,61.047,61.09,60.9,60.97,498589,0
2017-10-17,16:00:00,60.93,61.04,60.56,61.04,112717,0
2017-10-17,17:00:00,61.025,61.04,60.83,60.92,101309,0
2017-10-17,18:00:00,60.91,60.93,60.7,60.79,178577,0
2017-10-17,19:00:00,60.79,60.86,60.73,60.73,74157,0
2017-10-17,20:00:00,60.73,60.81,60.7,60.78,84590,0
2017-10-17,21:00:00,60.79,60.95,60.73,60.91,218306,0
2017-10-17,22:00:00,60.89,60.96,60.83,60.94,373981,0
2017-10-18,16:00:00,60.85,60.91,60.53,60.6,122091,0
2017-10-18,17:00:00,60.61,60.61,60.3,60.34,359050,0
2017-10-18,18:00:00,60.34,60.65,60.25,60.56,617818,0
2017-10-18,19:00:00,60.56,60.73,60.54,60.7,136022,0
2017-10-18,20:00:00,60.71,60.8,60.45,60.52,302011,0
2017-10-18,21:00:00,60.51,60.58,60.42,60.43,157055,0
2017-10-18,22:00:00,60.4399,60.69,60.425,60.68,1113637,0
2017-10-19,16:00:00,60.44,60.6,60.31,60.59,318486,0
2017-10-19,17:00:00,60.58,60.873,60.44,60.59,238465,0
2017-10-19,18:00:00,60.59,61.5,60.59,61.38,568747,0
2017-10-19,19:00:00,61.37,61.43,61.24,61.4,263455,0
2017-10-19,20:00:00,61.4,61.51,61.32,61.51,288540,0
2017-10-19,21:00:00,61.51,61.97,61.45,61.9,658767,0
2017-10-19,22:00:00,61.9,61.93,61.32,61.51,1437081,0
2017-10-20,16:00:00,61.97,61.98,61.12,61.135,434390,0
2017-10-20,17:00:00,61.14,61.245,60.9,60.95,548534,0
2017-10-20,18:00:00,60.95,61.05,60.845,60.8825,381492,0
2017-10-20,19:00:00,60.885,60.92,60.51,60.525,418552,0
2017-10-20,20:00:00,60.53,60.54,60.37,60.42,367516,0
2017-10-20,21:00:00,60.42,60.629,60.41,60.45,259451,0
2017-10-20,22:00:00,60.455,60.54,60.28,60.46,1137887,0
2017-10-23,16:00:00,61.1,62,60.3,61.79,1259233,0
2017-10-23,17:00:00,61.75,61.92,61.16,61.18,1277380,0
2017-10-23,18:00:00,61.19,61.46,60.92,61.44,352720,0
2017-10-23,19:00:00,61.44,61.79,61.37,61.56,406598,0
2017-10-23,20:00:00,61.565,61.665,61.06,61.06,219003,0
2017-10-23,21:00:00,61.06,61.16,61,61.015,336784,0
2017-10-23,22:00:00,61.02,61.58,61.01,61.47,1985261,0
2017-10-24,16:00:00,61.74,62.4,61.54,62.0305,507511,0
2017-10-24,17:00:00,62.01,62.15,61.72,62.021,451110,0
2017-10-24,18:00:00,62.04,62.155,61.76,61.88,400369,0
2017-10-24,19:00:00,61.88,61.88,61.57,61.88,274924,0
2017-10-24,20:00:00,61.9,62.27,61.85,62.22,291626,0
2017-10-24,21:00:00,62.24,62.24,61.94,62.14,274688,0
2017-10-24,22:00:00,62.14,62.29,62.03,62.28,1016242,0
2017-10-25,16:00:00,61.95,62,61.37,61.71,294346,0
2017-10-25,17:00:00,61.74,62.17,61.66,61.75,295930,0
2017-10-25,18:00:00,61.74,62.26,61.6798,61.97,330678,0
2017-10-25,19:00:00,61.96,62.09,61.87,61.99,175697,0
2017-10-25,20:00:00,61.99,62.19,61.7,61.8,485603,0
2017-10-25,21:00:00,61.8,61.87,61.48,61.48,192807,0
2017-10-25,22:00:00,61.48,61.93,61.42,61.93,1311010,0
2017-10-26,16:00:00,62.18,62.3,61.51,62.07,243230,0
2017-10-26,17:00:00,62.03,62.32,61.8,61.97,372363,0
2017-10-26,18:00:00,61.96,62.07,61.88,61.9999,259876,0
2017-10-26,19:00:00,61.99,62.05,61.92,62,382509,0
2017-10-26,20:00:00,62.005,62.045,61.885,61.896,225314,0
2017-10-26,21:00:00,61.89,62.0025,61.89,61.96,207507,0
2017-10-26,22:00:00,61.97,61.97,61.675,61.73,853799,0
2017-10-27,16:00:00,61.62,61.8,61.47,61.66,162515,0
2017-10-27,17:00:00,61.66,62.33,61.64,62.185,272713,0
2017-10-27,18:00:00,62.19,62.46,62.19,62.33,327255,0
2017-10-27,19:00:00,62.33,62.49,62.25,62.4295,188147,0
2017-10-27,20:00:00,62.43,62.59,62.39,62.41,247864,0
2017-10-27,21:00:00,62.4,62.64,62.38,62.51,220086,0
2017-10-27,22:00:00,62.52,63,62.47,62.95,1340353,0
2017-10-30,15:00:00,62.67,62.89,62.605,62.81,251494,0
2017-10-30,16:00:00,62.83,63.05,62.75,63.01,328207,0
2017-10-30,17:00:00,62.99,63.075,62.85,62.88,267977,0
2017-10-30,18:00:00,62.89,63.04,62.81,62.885,228797,0
2017-10-30,19:00:00,62.89,62.89,59.21,61.21,7621878,0
2017-10-30,20:00:00,61.22,61.45,59.76,59.89,1993277,0
2017-10-30,21:00:00,59.9,60.14,59.485,59.58,2590022,0
2017-10-31,15:00:00,59.64,60.25,59.32,59.7955,1505497,0
2017-10-31,16:00:00,59.789,60.25,59.58,59.595,1018323,0
2017-10-31,17:00:00,59.62,59.92,59.46,59.58,829452,0
2017-10-31,18:00:00,59.58,59.95,59.54,59.87,324348,0
2017-10-31,19:00:00,59.86,59.99,59.71,59.8,452464,0
2017-10-31,20:00:00,59.79,59.9,59.48,59.87,763368,0
2017-10-31,21:00:00,59.87,59.96,59.585,59.77,1791275,0
2017-11-01,15:00:00,60.14,60.4,59.78,60,301032,0
2017-11-01,16:00:00,59.985,60.0999,59.58,59.87,471847,0
2017-11-01,17:00:00,59.88,59.88,59.525,59.6,194260,0
2017-11-01,18:00:00,59.59,60.08,59.57,59.59,296622,0
2017-11-01,19:00:00,59.585,59.71,59.44,59.48,331350,0
2017-11-01,20:00:00,59.47,59.68,59.36,59.63,422279,0
2017-11-01,21:00:00,59.63,59.83,59.525,59.75,878898,0
2017-11-02,15:00:00,59.76,60,59.7,59.8568,85266,0
2017-11-02,16:00:00,59.86,60.11,58.88,59.1,1103422,0
2017-11-02,17:00:00,59.1,59.1,58.54,58.75,1123539,0
2017-11-02,18:00:00,58.75,58.9,58.52,58.62,410346,0
2017-11-02,19:00:00,58.62,58.74,58.41,58.44,354108,0
2017-11-02,20:00:00,58.445,58.74,58.4,58.43,736218,0
2017-11-02,21:00:00,58.43,58.54,58.13,58.3,1610657,0
2017-11-03,15:00:00,59.01,59.44,58.68,59.15,581701,0
2017-11-03,16:00:00,59.14,59.22,58.73,58.947,284579,0
2017-11-03,17:00:00,58.9405,59.24,58.84,59.17,605395,0
2017-11-03,18:00:00,59.17,59.33,58.84,58.9,276355,0
2017-11-03,19:00:00,58.91,59.04,58.6901,58.9,361127,0
2017-11-03,20:00:00,58.9,58.91,58.575,58.8,301450,0
2017-11-03,21:00:00,58.79,58.99,58.77,58.9,616649,0
2017-11-06,16:00:00,56.2,56.5,55.38,56.055,4514126,0
2017-11-06,17:00:00,56.0301,56.06,55.5,55.7,3116796,0
2017-11-06,18:00:00,55.7,55.71,55.25,55.32,1989351,0
2017-11-06,19:00:00,55.32,55.51,55.26,55.41,923597,0
2017-11-06,20:00:00,55.405,55.46,54.93,55.32,1255125,0
2017-11-06,21:00:00,55.33,55.5,55.03,55.325,1111429,0
2017-11-06,22:00:00,55.32,55.62,55.3,55.54,1631625,0
2017-11-07,16:00:00,55.78,56.03,55.41,55.42,500676,0
2017-11-07,17:00:00,55.43,55.6,55.21,55.49,1268462,0
2017-11-07,19:00:00,55.04,55.11,54.8,54.91,411539,0
2017-11-07,20:00:00,54.93,54.94,54.6,54.9,693703,0
2017-11-07,21:00:00,54.9069,55.1,54.85,54.91,661932,0
2017-11-07,22:00:00,54.902,55.38,54.85,55.35,2740594,0
2017-11-08,16:00:00,55.36,55.95,55.24,55.69,353215,0
2017-11-08,17:00:00,55.74,56.0588,55.45,55.8,931119,0
2017-11-08,18:00:00,55.82,56.18,55.75,55.84,648020,0
2017-11-08,19:00:00,55.83,56.07,55.73,55.97,629160,0
2017-11-08,20:00:00,55.97,56.275,55.95,56.25,690671,0
2017-11-08,21:00:00,56.25,56.395,56.12,56.32,506068,0
2017-11-08,22:00:00,56.3225,56.415,56.16,56.22,1452873,0
2017-11-09,16:00:00,56.5,56.569,55.81,56.31,590894,0
2017-11-09,17:00:00,56.31,56.55,56.22,56.3,557455,0
2017-11-09,18:00:00,56.32,56.37,56.115,56.185,524168,0
2017-11-09,19:00:00,56.185,56.19,55.67,55.8,560806,0
2017-11-09,20:00:00,55.794,55.98,55.63,55.83,564251,0
2017-11-09,21:00:00,55.83,55.95,55.74,55.88,499088,0
2017-11-09,22:00:00,55.88,56.07,55.79,56,1221110,0
2017-11-10,16:00:00,55.69,55.94,55.54,55.61,255785,0
2017-11-10,17:00:00,55.64,56.29,55.61,56.08,679307,0
2017-11-10,18:00:00,56.09,56.24,56,56.235,353387,0
2017-11-10,19:00:00,56.23,56.39,56.16,56.3,297048,0
2017-11-10,20:00:00,56.3,56.5974,56.3,56.515,503123,0
2017-11-10,21:00:00,56.51,56.9,56.42,56.89,879346,0
2017-11-10,22:00:00,56.88,57.04,56.71,56.8,2057971,0
2017-11-13,16:00:00,56.8,56.89,56.26,56.32,214645,0
2017-11-13,17:00:00,56.33,56.39,56.07,56.21,359047,0
2017-11-13,18:00:00,56.22,56.32,55.95,56.31,303320,0
2017-11-13,19:00:00,56.32,56.35,56.14,56.24,343575,0
2017-11-13,20:00:00,56.23,56.24,56.06,56.095,187451,0
2017-11-13,21:00:00,56.09,56.18,55.91,56.1567,388963,0
2017-11-13,22:00:00,56.16,56.51,55.98,56.44,1078336,0
2017-11-14,16:00:00,56.39,56.43,56.06,56.065,204528,0
2017-11-14,17:00:00,56.065,56.4136,55.96,56.4,1375336,0
2017-11-14,18:00:00,56.4,56.7,56.31,56.58,818170,0
2017-11-14,19:00:00,56.585,56.81,56.55,56.73,300338,0
2017-11-14,20:00:00,56.73,56.96,56.61,56.83,426666,0
2017-11-14,21:00:00,56.8303,56.96,56.675,56.835,628898,0
2017-11-14,22:00:00,56.835,56.91,56.51,56.54,1042172,0
2017-11-15,16:00:00,56.8,56.94,56.18,56.43,467898,0
2017-11-15,17:00:00,56.43,56.66,56.29,56.59,437238,0
2017-11-15,18:00:00,56.585,56.67,56.37,56.557,386899,0
2017-11-15,19:00:00,56.57,56.69,56.49,56.6525,447876,0
2017-11-15,20:00:00,56.655,56.84,56.64,56.79,287898,0
2017-11-15,21:00:00,56.805,56.98,56.75,56.97,483201,0
2017-11-15,22:00:00,56.96,56.99,56.62,56.69,729535,0
2017-11-16,16:00:00,56.81,58.99,56.81,58.505,2533147,0
2017-11-16,17:00:00,58.5,58.786,58.2,58.76,886573,0
2017-11-16,18:00:00,58.75,59.36,58.68,59.29,1441512,0
2017-11-16,19:00:00,59.285,59.74,59.25,59.59,1058896,0
2017-11-16,20:00:00,59.59,59.69,59.41,59.5529,454445,0
2017-11-16,21:00:00,59.53,59.9,59.43,59.825,627615,0
2017-11-16,22:00:00,59.83,59.975,59.64,59.8,2031602,0
2017-11-17,16:00:00,59.55,59.9199,59.21,59.54,1320709,0
2017-11-17,17:00:00,59.52,59.56,58.96,59.325,718655,0
2017-11-17,18:00:00,59.33,59.72,59.16,59.6,618019,0
2017-11-17,19:00:00,59.6,60.03,59.59,60.02,661713,0
2017-11-17,20:00:00,60.02,60.06,59.7,59.95,376722,0
2017-11-17,21:00:00,59.95,60.04,59.86,59.99,432038,0
2017-11-17,22:00:00,60,60.07,59.9,60.02,1973772,0
2017-11-20,16:00:00,59.745,60.45,59.58,60.145,592982,0
2017-11-20,17:00:00,60.16,60.22,59.78,59.87,754994,0
2017-11-20,18:00:00,59.88,59.96,59.72,59.72,289578,0
2017-11-20,19:00:00,59.72,59.93,59.62,59.92,427503,0
2017-11-20,20:00:00,59.94,60.1,59.9,59.9,135948,0
2017-11-20,21:00:00,59.9001,60.1,59.895,60.03,183580,0
2017-11-20,22:00:00,60.04,60.34,60.03,60.3,1214038,0
2017-11-21,16:00:00,61.1,61.25,60.43,60.43,797873,0
2017-11-21,17:00:00,60.4175,60.62,60.3,60.35,758073,0
2017-11-21,18:00:00,60.34,60.64,60.34,60.54,497410,0
2017-11-21,19:00:00,60.54,60.77,60.54,60.57,499001,0
2017-11-21,20:00:00,60.58,60.74,60.565,60.57,388792,0
2017-11-21,21:00:00,60.58,60.63,60.43,60.56,353141,0
2017-11-21,22:00:00,60.57,60.64,60.23,60.41,1303541,0
2017-11-22,16:00:00,60.41,61.4297,60.41,60.77,867134,0
2017-11-22,17:00:00,60.7792,60.97,60.57,60.88,566330,0
2017-11-22,18:00:00,60.885,61.18,60.86,61.1,488383,0
2017-11-22,19:00:00,61.1,61.18,60.96,61.18,407076,0
2017-11-22,20:00:00,61.18,61.22,61.02,61.145,266808,0
2017-11-22,21:00:00,61.145,61.27,61.14,61.23,266070,0
2017-11-22,22:00:00,61.23,61.4,61.1,61.35,897634,0
2017-11-24,16:00:00,60.81,61.23,60.76,61.175,268525,0
2017-11-24,17:00:00,61.17,61.41,61.155,61.4,265829,0
2017-11-24,18:00:00,61.405,62.09,61.405,61.94,555288,0
2017-11-24,19:00:00,61.955,61.955,61.54,61.68,691439,0
2017-11-24,20:00:00,61.7,61.7,61.68,61.68,128515,0
2017-11-27,16:00:00,62.2,62.3,61.8,62.11,458984,0
2017-11-27,17:00:00,62.1,62.27,61.695,61.7197,474533,0
2017-11-27,18:00:00,61.71,61.73,61.29,61.31,510667,0
2017-11-27,19:00:00,61.295,61.72,61.295,61.6,236791,0
2017-11-27,20:00:00,61.61,61.76,61.46,61.72,191004,0
2017-11-27,21:00:00,61.72,61.99,61.61,61.95,549293,0
2017-11-27,22:00:00,61.945,62.93,61.93,62.75,1549024,0
2017-11-28,16:00:00,62.34,62.4125,61.85,62.18,631318,0
2017-11-28,17:00:00,62.18,62.255,61,61.9,688861,0
2017-11-28,18:00:00,61.9,62,61.73,61.8,451472,0
2017-11-28,19:00:00,61.8,61.81,61.275,61.295,672139,0
2017-11-28,20:00:00,61.3,61.52,61.21,61.31,587736,0
2017-11-28,21:00:00,61.31,61.585,61.245,61.36,611850,0
2017-11-28,22:00:00,61.36,61.5,61.22,61.38,1301832,0
2017-11-29,16:00:00,61.56,62.66,61.42,62.64,303166,0
2017-11-29,17:00:00,62.66,62.66,61.79,62.09,523406,0
2017-11-29,18:00:00,62.11,62.25,61.75,61.85,313852,0
2017-11-29,19:00:00,61.85,62.035,61.7,61.7,272181,0
2017-11-29,20:00:00,61.7,61.86,61.49,61.635,297601,0
2017-11-29,21:00:00,61.63,61.92,61.63,61.68,453449,0
2017-11-29,22:00:00,61.67,61.975,61.58,61.83,987321,0
2017-11-30,16:00:00,61.89,62.4,61.12,61.21,302886,0
2017-11-30,17:00:00,61.22,61.8,61.18,61.725,907111,0
2017-11-30,18:00:00,61.72,62.025,61.63,61.82,1188346,0
2017-11-30,19:00:00,61.81,61.96,61.3,61.39,653644,0
2017-11-30,20:00:00,61.41,61.43,60.865,60.93,544295,0
2017-11-30,21:00:00,60.94,61.06,60.79,60.93,569722,0
2017-11-30,22:00:00,60.91,61.16,60.75,61.06,977096,0
2017-12-01,16:00:00,60.35,61.08,60.22,60.84,465682,0
2017-12-01,17:00:00,60.84,61.14,60.79,61,796850,0
2017-12-01,18:00:00,61,61.02,60.15,60.5476,689016,0
2017-12-01,19:00:00,60.56,60.86,60.4,60.83,372362,0
2017-12-01,20:00:00,60.83,61.2,60.805,60.96,402557,0
2017-12-01,21:00:00,60.94,61.17,60.85,61.15,556205,0
2017-12-01,22:00:00,61.15,61.255,60.88,60.9,892767,0
2017-12-04,16:00:00,61.2,61.78,60.98,61.17,274654,0
2017-12-04,17:00:00,61.16,61.2,60.54,60.81,531728,0
2017-12-04,18:00:00,60.83,60.97,60.59,60.62,363001,0
2017-12-04,19:00:00,60.65,60.86,60.35,60.5,362378,0
2017-12-04,20:00:00,60.485,60.94,60.26,60.88,378760,0
2017-12-04,21:00:00,60.88,60.93,60.62,60.65,305003,0
2017-12-04,22:00:00,60.63,60.735,60.2,60.24,1257821,0
2017-12-05,16:00:00,60.5,60.81,60.3,60.64,436380,0
2017-12-05,17:00:00,60.635,60.915,60.49,60.75,484314,0
2017-12-05,18:00:00,60.75,61.34,60.64,61.055,433384,0
2017-12-05,19:00:00,61.08,61.1,60.73,60.85,285224,0
2017-12-05,20:00:00,60.85,61.31,60.84,61.2737,306809,0
2017-12-05,21:00:00,61.26,61.31,60.73,60.8,285254,0
2017-12-05,22:00:00,60.8,61.03,60.57,60.96,919542,0
2017-12-06,16:00:00,60.53,60.65,59.96,60.45,752437,0
2017-12-06,17:00:00,60.44,61.94,60.44,61.6,898395,0
2017-12-06,18:00:00,61.59,62.12,61.52,61.68,430984,0
2017-12-06,19:00:00,61.68,61.89,61.62,61.81,309020,0
2017-12-06,20:00:00,61.82,61.83,61.43,61.83,294236,0
2017-12-06,21:00:00,61.815,62.06,61.795,61.99,534246,0
2017-12-06,22:00:00,61.985,62.25,61.98,62.12,1340031,0
2017-12-07,16:00:00,61.58,62.61,61.42,62.49,489288,0
2017-12-07,17:00:00,62.46,62.9,62,62.84,599779,0
2017-12-07,18:00:00,62.85,62.92,62.31,62.39,442338,0
2017-12-07,19:00:00,62.39,62.39,62.13,62.2,276133,0
2017-12-07,20:00:00,62.2,62.24,62,62.11,365876,0
2017-12-07,21:00:00,62.12,62.165,62.02,62.1,335273,0
2017-12-07,22:00:00,62.11,62.21,61.71,61.94,1089548,0
2017-12-08,16:00:00,62.47,62.98,62.34,62.76,428053,0
2017-12-08,17:00:00,62.77,62.78,62.59,62.65,446391,0
2017-12-08,18:00:00,62.65,62.66,62.57,62.635,421746,0
2017-12-08,19:00:00,62.64,62.84,62.61,62.65,233051,0
2017-12-08,20:00:00,62.67,62.68,62.59,62.665,249380,0
2017-12-08,21:00:00,62.665,62.81,62.665,62.76,394570,0
2017-12-08,22:00:00,62.76,62.82,62.51,62.54,942408,0
2017-12-11,16:00:00,62.56,63.045,62.56,63,360222,0
2017-12-11,17:00:00,63.01,63.47,63.01,63.21,436801,0
2017-12-11,18:00:00,63.2,63.29,63.13,63.27,257464,0
2017-12-11,19:00:00,63.265,63.28,63.1269,63.23,284378,0
2017-12-11,20:00:00,63.23,63.42,63.18,63.225,390200,0
2017-12-11,21:00:00,63.225,63.25,63.16,63.23,266241,0
2017-12-11,22:00:00,63.23,63.25,63.04,63.07,901388,0
2017-12-12,16:00:00,63.05,63.94,63.05,63.77,344835,0
2017-12-12,17:00:00,63.77,63.845,63.55,63.68,366276,0
2017-12-12,18:00:00,63.685,63.9,63.65,63.73,343121,0
2017-12-12,19:00:00,63.73,63.79,63.585,63.6,204085,0
2017-12-12,20:00:00,63.595,63.66,63.45,63.54,595245,0
2017-12-12,21:00:00,63.54,63.63,63.28,63.55,670567,0
2017-12-12,22:00:00,63.555,63.65,63.41,63.48,779214,0
2017-12-13,16:00:00,63.74,64.45,63.74,64.22,446717,0
2017-12-13,17:00:00,64.23,64.47,64.05,64.23,586098,0
2017-12-13,18:00:00,64.22,64.28,64.17,64.19,339669,0
2017-12-13,19:00:00,64.19,64.24,63.87,64.1,562846,0
2017-12-13,20:00:00,64.1,64.16,64.04,64.07,380628,0
2017-12-13,21:00:00,64.09,64.23,64.04,64.09,404332,0
2017-12-13,22:00:00,64.09,64.15,63.65,63.83,1380137,0
2017-12-14,16:00:00,64.05,64.05,63.36,63.4,299027,0
2017-12-14,17:00:00,63.4,63.56,63.07,63.18,684485,0
2017-12-14,18:00:00,63.18,63.295,63.03,63.2,434288,0
2017-12-14,19:00:00,63.18,63.245,63.14,63.14,272868,0
2017-12-14,20:00:00,63.14,63.16,62.64,62.75,695960,0
2017-12-14,21:00:00,62.75,63.06,62.74,63.035,457132,0
2017-12-14,22:00:00,63.035,63.16,62.38,62.56,3195578,0
2017-12-15,16:00:00,62.47,62.7,62.15,62.6625,1735267,0
2017-12-15,17:00:00,62.65,63.45,62.65,63.44,970062,0
2017-12-15,18:00:00,63.45,63.48,63.13,63.23,529717,0
2017-12-15,19:00:00,63.24,63.28,62.8,62.915,314453,0
2017-12-15,20:00:00,62.91,63.055,62.8,62.93,286157,0
2017-12-15,21:00:00,62.94,62.97,62.735,62.78,539117,0
2017-12-15,22:00:00,62.79,62.81,62.49,62.66,1609206,0
2017-12-18,16:00:00,62.67,63.38,62.58,62.65,381488,0
2017-12-18,17:00:00,62.61,63,62.61,63,278504,0
2017-12-18,18:00:00,62.98,63.1499,62.9,63.05,338934,0
2017-12-18,19:00:00,63.05,63.63,62.99,63.45,541160,0
2017-12-18,20:00:00,63.47,63.57,63.25,63.315,214911,0
2017-12-18,21:00:00,63.31,63.48,63.24,63.46,337551,0
2017-12-18,22:00:00,63.46,63.51,63.35,63.47,806906,0
2017-12-19,16:00:00,63.52,64.57,63.5,63.97,523582,0
2017-12-19,17:00:00,63.95,64.09,63.74,63.885,405252,0
2017-12-19,18:00:00,63.89,64.03,63.76,63.93,306530,0
2017-12-19,19:00:00,63.93,64.62,63.67,64.54,1235867,0
2017-12-19,20:00:00,64.54,64.64,64.27,64.33,601614,0
2017-12-19,21:00:00,64.34,64.34,63.96,64.03,500413,0
2017-12-19,22:00:00,64.04,64.06,63.49,63.65,942975,0
2017-12-20,16:00:00,63.92,64,63.29,63.38,579311,0
2017-12-20,17:00:00,63.4,63.69,63.14,63.17,733793,0
2017-12-20,18:00:00,63.18,63.35,63.02,63.33,690303,0
2017-12-20,19:00:00,63.33,63.37,63.13,63.19,415841,0
2017-12-20,20:00:00,63.1856,63.23,63.04,63.16,619436,0
2017-12-20,21:00:00,63.16,63.29,63.03,63.09,570778,0
2017-12-20,22:00:00,63.095,63.14,62.8,62.9,1543558,0
2017-12-21,16:00:00,63.35,63.67,63.12,63.24,248610,0
2017-12-21,17:00:00,63.26,63.415,63.11,63.2,572483,0
2017-12-21,18:00:00,63.21,63.59,63.16,63.51,424403,0
2017-12-21,19:00:00,63.52,63.53,63.31,63.37,276072,0
2017-12-21,20:00:00,63.36,63.59,63.33,63.525,312293,0
2017-12-21,21:00:00,63.52,63.54,63.46,63.52,205986,0
2017-12-21,22:00:00,63.51,63.63,63.47,63.52,533111,0
2017-12-22,16:00:00,63.49,63.81,63.23,63.655,270163,0
2017-12-22,17:00:00,63.65,63.83,63.58,63.8,281602,0
2017-12-22,18:00:00,63.8,63.84,63.62,63.7,206160,0
2017-12-22,19:00:00,63.68,63.78,63.56,63.56,166137,0
2017-12-22,20:00:00,63.55,63.6,63.49,63.56,126502,0
2017-12-22,21:00:00,63.56,63.64,63.515,63.61,130434,0
2017-12-22,22:00:00,63.62,63.66,63.515,63.62,433440,0
2017-12-26,16:00:00,62.95,64.07,62.93,63.975,152354,0
2017-12-26,17:00:00,63.97,64.12,63.85,64.069,143862,0
2017-12-26,18:00:00,64.06,64.1,63.96,63.96,100002,0
2017-12-26,19:00:00,63.96,64.01,63.905,63.93,84401,0
2017-12-26,20:00:00,63.93,63.99,63.92,63.93,107956,0
2017-12-26,21:00:00,63.935,63.95,63.81,63.8235,69028,0
2017-12-26,22:00:00,63.83,63.86,63.75,63.79,607769,0
2017-12-27,16:00:00,64.01,64.14,63.71,63.98,143385,0
2017-12-27,17:00:00,63.99,64.2,63.93,63.97,182851,0
2017-12-27,18:00:00,63.98,64.09,63.84,64.05,151543,0
2017-12-27,19:00:00,64.05,64.18,63.95,64.07,170401,0
2017-12-27,20:00:00,64.08,64.115,63.97,64.05,103304,0
2017-12-27,21:00:00,64.05,64.18,63.98,64.15,173311,0
2017-12-27,22:00:00,64.15,64.2,63.98,64.11,416161,0
2017-12-28,16:00:00,64.24,64.64,64.17,64.31,102415,0
2017-12-28,17:00:00,64.31,64.475,64.13,64.16,171964,0
2017-12-28,18:00:00,64.19,64.4,64.06,64.35,267737,0
2017-12-28,19:00:00,64.35,64.41,64.32,64.4,85282,0
2017-12-28,20:00:00,64.39,64.4,64.25,64.28,140534,0
2017-12-28,21:00:00,64.275,64.29,64.18,64.1956,185139,0
2017-12-28,22:00:00,64.2,64.39,64.18,64.34,392836,0
2017-12-29,16:00:00,64.1,64.43,63.98,64.0928,119813,0
2017-12-29,17:00:00,64.0701,64.09,63.72,63.74,163044,0
2017-12-29,18:00:00,63.76,63.79,63.61,63.72,221899,0
2017-12-29,19:00:00,63.725,63.92,63.725,63.78,135965,0
2017-12-29,20:00:00,63.77,63.8607,63.63,63.68,201548,0
2017-12-29,21:00:00,63.69,63.74,63.65,63.7,115524,0
2017-12-29,22:00:00,63.7,63.85,63.46,63.51,615078,0
2018-01-02,16:00:00,63.7683,64.46,63.54,64.43,202832,0
2018-01-02,17:00:00,64.49,64.52,63.86,63.87,436599,0
2018-01-02,18:00:00,63.87,64,63.6549,63.89,229081,0
2018-01-02,19:00:00,63.9,64.32,63.83,64.27,195746,0
2018-01-02,20:00:00,64.27,64.29,64.12,64.16,157368,0
2018-01-02,21:00:00,64.16,64.42,64.08,64.09,202655,0
2018-01-02,22:00:00,64.08,64.12,64,64.04,349511,0
2018-01-03,16:00:00,63.89,64.13,63.725,64.08,193758,0
2018-01-03,17:00:00,64.08,64.09,63.51,63.57,292461,0
2018-01-03,18:00:00,63.57,63.66,63.51,63.59,281633,0
2018-01-03,19:00:00,63.6,63.69,63.25,63.68,380033,0
2018-01-03,20:00:00,63.68,63.84,63.47,63.4793,221546,0
2018-01-03,21:00:00,63.49,63.64,63.34,63.54,333203,0
2018-01-03,22:00:00,63.55,63.71,63.52,63.6,478567,0
2018-01-04,16:00:00,63.89,64,62.93,63.31,241373,0
2018-01-04,17:00:00,63.27,63.3,62.88,63.11,277323,0
2018-01-04,18:00:00,63.11,63.28,62.92,63.23,198705,0
2018-01-04,19:00:00,63.24,63.4,63.23,63.3,127473,0
2018-01-04,20:00:00,63.3,63.4183,63.16,63.345,193315,0
2018-01-04,21:00:00,63.345,63.465,63.31,63.32,147537,0
2018-01-04,22:00:00,63.33,63.34,62.89,63,784397,0
2018-01-05,16:00:00,63.54,63.99,63.26,63.7132,448190,0
2018-01-05,17:00:00,63.7,64.32,63.68,64.29,400564,0
2018-01-05,18:00:00,64.27,64.635,64.195,64.52,432313,0
2018-01-05,19:00:00,64.53,64.605,64.359,64.58,340547,0
2018-01-05,20:00:00,64.585,64.68,64.41,64.42,263105,0
2018-01-05,21:00:00,64.425,64.43,64.31,64.39,204582,0
2018-01-05,22:00:00,64.39,64.81,64.36,64.6,914033,0
2018-01-08,16:00:00,64.46,65.39,64.31,65.14,358443,0
2018-01-08,17:00:00,65.12,65.85,65.08,65.85,408437,0
2018-01-08,18:00:00,65.85,65.98,65.535,65.56,664848,0
2018-01-08,19:00:00,65.57,65.595,65.47,65.51,217463,0
2018-01-08,20:00:00,65.505,65.54,65.44,65.49,239937,0
2018-01-08,21:00:00,65.49,65.555,65.46,65.51,215492,0
2018-01-08,22:00:00,65.51,65.57,65.07,65.1,1090929,0
2018-01-09,16:00:00,66,66.37,65.69,66.3514,951118,0
2018-01-09,17:00:00,66.35,66.51,66.19,66.25,552812,0
2018-01-09,18:00:00,66.28,66.52,66.17,66.265,583565,0
2018-01-09,19:00:00,66.26,66.38,66.18,66.21,305966,0
2018-01-09,20:00:00,66.21,66.295,66.12,66.215,347909,0
2018-01-09,21:00:00,66.21,66.26,66.1,66.15,614271,0
2018-01-09,22:00:00,66.16,66.23,65.52,65.6,1295863,0
2018-01-10,16:00:00,65.18,65.19,64.38,64.62,288789,0
2018-01-10,17:00:00,64.63,64.7271,64.21,64.29,666309,0
2018-01-10,18:00:00,64.29,64.29,63.61,63.84,424900,0
2018-01-10,19:00:00,63.85,64.14,63.71,64.1008,445528,0
2018-01-10,20:00:00,64.11,64.12,63.87,64.04,230547,0
2018-01-10,21:00:00,64.05,64.22,63.94,63.96,282467,0
2018-01-10,22:00:00,63.96,64.08,63.83,63.89,803516,0
2018-01-11,16:00:00,63.94,63.95,63.23,63.525,253693,0
2018-01-11,17:00:00,63.525,64.19,63.5,63.9332,520968,0
2018-01-11,18:00:00,63.94,64,63.61,63.745,221223,0
2018-01-11,19:00:00,63.745,63.89,63.4,63.8,339612,0
2018-01-11,20:00:00,63.79,63.82,63.46,63.65,254185,0
2018-01-11,21:00:00,63.65,63.7,63.59,63.675,382181,0
2018-01-11,22:00:00,63.67,63.88,63.53,63.84,711985,0
2018-01-12,16:00:00,64.16,64.26,63.56,63.812,229516,0
2018-01-12,17:00:00,63.84,64.12,63.79,64.085,365278,0
2018-01-12,18:00:00,64.09,64.09,63.81,63.81,315224,0
2018-01-12,19:00:00,63.81,63.86,63.65,63.78,228960,0
2018-01-12,20:00:00,63.79,63.86,63.58,63.76,255493,0
2018-01-12,21:00:00,63.77,63.79,63.51,63.66,424120,0
2018-01-12,22:00:00,63.675,63.88,63.61,63.68,907805,0
2018-01-16,16:00:00,64.14,64.14,63.47,63.72,299833,0
2018-01-16,17:00:00,63.76,63.96,63.25,63.282,737952,0
2018-01-16,18:00:00,63.28,63.5,63.12,63.13,404276,0
2018-01-16,19:00:00,63.135,63.21,62.89,62.8967,356487,0
2018-01-16,20:00:00,62.9,62.98,62.555,62.6,432929,0
2018-01-16,21:00:00,62.61,63.19,62.61,63.125,636469,0
2018-01-16,22:00:00,63.12,63.16,62.765,62.97,1335265,0
2018-01-17,16:00:00,63.4,63.55,62.93,63.3,210029,0
2018-01-17,17:00:00,63.28,63.53,63.01,63.52,319242,0
2018-01-17,18:00:00,63.5,64,63.49,63.909,506678,0
2018-01-17,19:00:00,63.9,64.28,63.815,64.235,271030,0
2018-01-17,20:00:00,64.24,64.45,64.2,64.26,339834,0
2018-01-17,21:00:00,64.26,64.27,64.08,64.23,239750,0
2018-01-17,22:00:00,64.24,64.24,63.71,63.76,620042,0
2018-01-18,16:00:00,63.84,64.055,62.92,63.17,541492,0
2018-01-18,17:00:00,63.17,63.4,62.95,62.99,550106,0
2018-01-18,18:00:00,63.005,63.14,62.88,63.01,362360,0
2018-01-18,19:00:00,63.01,63.02,62.815,62.9,224439,0
2018-01-18,20:00:00,62.9,62.955,62.82,62.88,178138,0
2018-01-18,21:00:00,62.88,62.89,62.44,62.63,359388,0
2018-01-18,22:00:00,62.61,63.09,62.44,62.88,1397326,0
2018-01-19,16:00:00,62.75,63.43,62.75,63.023,244998,0
2018-01-19,17:00:00,62.99,63.72,62.99,63.38,1130135,0
2018-01-19,18:00:00,63.38,63.66,63.32,63.6,593859,0
2018-01-19,19:00:00,63.59,63.66,63.52,63.5725,597666,0
2018-01-19,20:00:00,63.58,63.83,63.49,63.57,187481,0
2018-01-19,21:00:00,63.56,63.6444,63.51,63.55,201446,0
2018-01-19,22:00:00,63.5536,63.82,63.5,63.71,1464371,0
2018-01-22,16:00:00,63.75,63.83,63.48,63.62,163156,0
2018-01-22,17:00:00,63.59,63.89,63.54,63.61,179990,0
2018-01-22,18:00:00,63.6,63.815,63.52,63.6601,211505,0
2018-01-22,19:00:00,63.69,63.94,63.67,63.79,294274,0
2018-01-22,20:00:00,63.8095,63.975,63.8,63.9,196610,0
2018-01-22,21:00:00,63.91,63.99,63.62,63.72,347712,0
2018-01-22,22:00:00,63.71,63.95,63.63,63.94,587371,0
2018-01-23,16:00:00,64.02,64.19,63.66,64.035,289618,0
2018-01-23,17:00:00,64.05,64.35,63.98,64.23,199309,0
2018-01-23,18:00:00,64.23,64.47,64.23,64.42,313398,0
2018-01-23,19:00:00,64.43,64.5102,64.38,64.45,124239,0
2018-01-23,20:00:00,64.4749,64.59,64.34,64.58,103702,0
2018-01-23,21:00:00,64.57,64.6,64.355,64.5201,158686,0
2018-01-23,22:00:00,64.53,64.8,64.385,64.53,733125,0
2018-01-24,16:00:00,64.59,64.98,64.55,64.92,182526,0
2018-01-24,17:00:00,64.93,65.34,64.8701,65.07,417407,0
2018-01-24,18:00:00,65.07,65.3029,64.9,65.12,391307,0
2018-01-24,19:00:00,65.11,65.17,65,65.07,329912,0
2018-01-24,20:00:00,65.05,65.3,65.01,65.19,240074,0
2018-01-24,21:00:00,65.18,65.2,64.83,64.97,225039,0
2018-01-24,22:00:00,64.97,65.07,64.87,65,618808,0
2018-01-25,16:00:00,65.4,65.45,64.8501,64.905,78761,0
2018-01-25,17:00:00,64.92,65.2227,64.7732,64.84,186862,0
2018-01-25,18:00:00,64.84,65.05,64.74,64.9,235442,0
2018-01-25,19:00:00,64.895,65.02,64.72,64.73,399196,0
2018-01-25,20:00:00,64.73,64.85,64.72,64.82,356485,0
2018-01-25,21:00:00,64.83,64.91,64.51,64.54,217553,0
2018-01-25,22:00:00,64.54,64.6,64.33,64.39,716721,0
2018-01-26,16:00:00,64.6,64.92,64.4,64.8,208985,0
2018-01-26,17:00:00,64.83,64.95,64.67,64.79,273538,0
2018-01-26,18:00:00,64.79,64.9,64.68,64.69,100721,0
2018-01-26,19:00:00,64.7,65.08,64.7,64.84,151232,0
2018-01-26,20:00:00,64.8499,64.89,64.72,64.82,78301,0
2018-01-26,21:00:00,64.82,65,64.805,64.99,120438,0
2018-01-26,22:00:00,64.99,65.4,64.97,65.28,830779,0
2018-01-29,16:00:00,64.75,64.88,64.3848,64.5,294071,0
2018-01-29,17:00:00,64.495,64.72,64.46,64.56,297339,0
2018-01-29,18:00:00,64.56,64.65,64.35,64.47,362517,0
2018-01-29,19:00:00,64.47,64.825,64.4164,64.825,163370,0
2018-01-29,20:00:00,64.81,64.97,64.77,64.81,190708,0
2018-01-29,21:00:00,64.8,64.845,64.701,64.74,171284,0
2018-01-29,22:00:00,64.75,64.75,64.55,64.6,653567,0
2018-01-30,16:00:00,64.8,64.95,64.39,64.69,272479,0
2018-01-30,17:00:00,64.69,64.73,64.4,64.54,216254,0
2018-01-30,18:00:00,64.54,64.62,64.4,64.52,283299,0
2018-01-30,19:00:00,64.53,64.62,64.475,64.57,146436,0
2018-01-30,20:00:00,64.56,64.625,64.51,64.61,126221,0
2018-01-30,21:00:00,64.61,64.83,64.57,64.8101,157118,0
2018-01-30,22:00:00,64.81,64.97,64.73,64.76,485410,0
2018-01-31,16:00:00,64.54,65.23,64.27,65.2,185538,0
2018-01-31,17:00:00,65.19,65.2,64.61,64.96,367664,0
2018-01-31,18:00:00,64.955,65.045,64.75,64.97,165733,0
2018-01-31,19:00:00,64.97,65.3182,64.9,65.29,161034,0
2018-01-31,20:00:00,65.3,65.32,65.12,65.18,108885,0
2018-01-31,21:00:00,65.21,65.3,64.94,65.04,166707,0
2018-01-31,22:00:00,65.03,65.18,64.98,65.1,599882,0
2018-02-01,16:00:00,64.7,65.11,64.35,64.53,299738,0
2018-02-01,17:00:00,64.565,64.79,63.975,64.03,290899,0
2018-02-01,18:00:00,64.0194,64.285,63.88,64.06,341372,0
2018-02-01,19:00:00,64.075,64.24,63.89,64.1099,310704,0
2018-02-01,20:00:00,64.08,64.32,63.93,63.97,274610,0
2018-02-01,21:00:00,63.98,64.21,63.93,63.93,528439,0
2018-02-01,22:00:00,63.93,64.05,63.55,63.79,1368337,0
2018-02-02,16:00:00,63.84,64.32,63.63,63.69,178435,0
2018-02-02,17:00:00,63.67,64.13,63.32,64.11,213274,0
2018-02-02,18:00:00,64.115,64.3,63.76,63.8,207238,0
2018-02-02,19:00:00,63.82,64.2,63.76,64.06,185404,0
2018-02-02,20:00:00,64.04,64.28,63.86,64.26,268117,0
2018-02-02,21:00:00,64.23,64.31,63.72,63.72,262747,0
2018-02-02,22:00:00,63.74,63.94,63.49,63.6,884029,0
2018-02-05,16:00:00,63.46,63.81,63.12,63.28,149714,0
2018-02-05,17:00:00,63.27,63.755,63.24,63.69,291910,0
2018-02-05,18:00:00,63.7,63.81,63.39,63.655,466180,0
2018-02-05,19:00:00,63.655,63.67,63.28,63.45,217648,0
2018-02-05,20:00:00,63.45,63.45,63.1506,63.31,256989,0
2018-02-05,21:00:00,63.305,63.31,62.51,62.54,289292,0
2018-02-05,22:00:00,62.57,62.81,61.53,61.54,1226284,0
2018-02-06,16:00:00,60.03,61.75,60,61.17,450157,0
2018-02-06,17:00:00,61.19,61.96,60.51,60.63,704481,0
2018-02-06,18:00:00,60.63,60.74,60.29,60.37,557258,0
2018-02-06,19:00:00,60.37,61.54,60.365,61.1,363269,0
2018-02-06,20:00:00,61.1024,61.1024,60.76,60.77,312177,0
2018-02-06,21:00:00,60.78,61.32,60.57,61.27,470495,0
2018-02-06,22:00:00,61.27,61.68,60.82,60.85,1933848,0
2018-02-07,16:00:00,60.96,62.66,60.96,62.09,824884,0
2018-02-07,17:00:00,62.1,62.15,61.81,62.07,1237491,0
2018-02-07,18:00:00,62.09,62.52,62.06,62.24,712041,0
2018-02-07,19:00:00,62.22,62.28,61.745,61.95,484028,0
2018-02-07,20:00:00,61.96,62.21,61.79,62.145,396079,0
2018-02-07,21:00:00,62.14,62.48,62.05,62.38,498187,0
2018-02-07,22:00:00,62.37,62.91,62.01,62.06,1505542,0
2018-02-08,16:00:00,61,62.5,60.75,62.1263,1295177,0
2018-02-08,17:00:00,62.09,62.16,60.3274,60.52,1175550,0
2018-02-08,18:00:00,60.52,60.77,59.275,59.9599,902593,0
2018-02-08,19:00:00,59.9,60.08,59.44,59.629,857641,0
2018-02-08,20:00:00,59.61,59.9578,59.47,59.78,393761,0
2018-02-08,21:00:00,59.76,59.95,59.48,59.74,572883,0
2018-02-08,22:00:00,59.76,59.91,58.86,58.88,1753745,0
2018-02-09,16:00:00,60.1,60.45,59.38,59.39,304993,0
2018-02-09,17:00:00,59.42,59.73,58.41,58.74,533451,0
2018-02-09,18:00:00,58.735,59.21,58.31,58.34,509052,0
2018-02-09,19:00:00,58.38,58.4,57.65,58.11,627117,0
2018-02-09,20:00:00,58.11,58.64,57.73,58.55,605477,0
2018-02-09,21:00:00,58.54,59.14,58.54,58.95,597467,0
2018-02-09,22:00:00,58.94,59.42,58.5828,59.2,1118675,0
2018-02-12,16:00:00,59.66,60.06,59.22,59.22,414104,0
2018-02-12,17:00:00,59.2,59.43,58.55,58.79,449523,0
2018-02-12,18:00:00,58.78,58.85,58.17,58.225,528516,0
2018-02-12,19:00:00,58.23,58.77,58.14,58.71,550269,0
2018-02-12,20:00:00,58.72,58.915,58.5,58.63,341782,0
2018-02-12,21:00:00,58.62,58.735,58.13,58.14,495160,0
2018-02-12,22:00:00,58.15,58.38,58.07,58.13,1273589,0
2018-02-13,16:00:00,57.68,58.06,57.37,58.0275,507870,0
2018-02-13,17:00:00,58.01,58.06,57.42,57.695,668858,0
2018-02-13,18:00:00,57.695,57.76,57.48,57.74,374578,0
2018-02-13,19:00:00,57.74,57.77,57.22,57.46,266044,0
2018-02-13,20:00:00,57.47,58.03,57.46,57.92,549122,0
2018-02-13,21:00:00,57.93,58.21,57.69,58.06,833171,0
2018-02-13,22:00:00,58.065,58.275,57.68,57.69,1544464,0
2018-02-14,16:00:00,57.35,57.5196,57.06,57.22,382543,0
2018-02-14,17:00:00,57.23,57.94,57.23,57.92,835746,0
2018-02-14,18:00:00,57.92,57.93,57.49,57.52,406730,0
2018-02-14,19:00:00,57.515,57.76,57.4,57.65,371713,0
2018-02-14,20:00:00,57.63,57.71,57.4,57.47,860099,0
2018-02-14,21:00:00,57.46,58.72,57.46,58.5255,899779,0
2018-02-14,22:00:00,58.53,58.8,58.44,58.62,1313955,0
2018-02-15,16:00:00,59.32,59.73,58.19,58.46,528931,0
2018-02-15,17:00:00,58.47,58.8,58.24,58.52,536144,0
2018-02-15,18:00:00,58.49,58.74,58.44,58.68,190350,0
2018-02-15,19:00:00,58.67,59,58.62,59,187362,0
2018-02-15,20:00:00,58.99,59.18,58.83,58.98,254658,0
2018-02-15,21:00:00,58.98,60.6097,58.97,60.195,2071492,0
2018-02-15,22:00:00,60.21,60.5,60.15,60.44,1560955,0
2018-02-16,16:00:00,60.63,60.68,60.29,60.37,406053,0
2018-02-16,17:00:00,60.385,60.61,60.23,60.46,452194,0
2018-02-16,18:00:00,60.45,60.8464,60.4,60.84,385924,0
2018-02-16,19:00:00,60.84,60.87,60.39,60.4,744941,0
2018-02-16,20:00:00,60.4,60.53,59.79,60.03,388153,0
2018-02-16,21:00:00,60.05,60.27,59.93,60.21,575445,0
2018-02-16,22:00:00,60.21,60.28,60,60.05,842125,0
2018-02-20,16:00:00,60.05,60.3,59.6601,59.93,212218,0
2018-02-20,17:00:00,59.94,60.12,59.69,60.05,320712,0
2018-02-20,18:00:00,60.06,60.43,59.99,60.39,265620,0
2018-02-20,19:00:00,60.39,60.6499,60.28,60.46,147968,0
2018-02-20,20:00:00,60.45,60.46,60.04,60.32,314364,0
2018-02-20,21:00:00,60.33,60.36,60.15,60.15,230297,0
2018-02-20,22:00:00,60.15,60.83,60.145,60.5,882982,0
2018-02-21,16:00:00,61.09,61.09,60.44,60.86,255145,0
2018-02-21,17:00:00,60.84,60.905,60.22,60.47,347879,0
2018-02-21,18:00:00,60.48,60.5,60.28,60.34,244388,0
2018-02-21,19:00:00,60.32,60.34,60.01,60.11,250370,0
2018-02-21,20:00:00,60.11,60.11,59.78,59.98,170864,0
2018-02-21,21:00:00,59.975,60.28,59.9,60,290562,0
2018-02-21,22:00:00,60.01,60.01,59.39,59.42,789458,0
2018-02-22,16:00:00,59.75,59.98,59.4,59.61,261710,0
2018-02-22,17:00:00,59.615,59.67,59.205,59.3,419993,0
2018-02-22,18:00:00,59.3,59.59,59.2,59.55,357965,0
2018-02-22,19:00:00,59.57,59.58,59,59.18,232113,0
2018-02-22,20:00:00,59.19,59.4638,59.08,59.24,166863,0
2018-02-22,21:00:00,59.24,59.345,58.83,58.9,235923,0
2018-02-22,22:00:00,58.89,58.95,58.59,58.73,799441,0
2018-02-23,16:00:00,59.39,59.58,59,59.12,328849,0
2018-02-23,17:00:00,59.12,59.2,58.64,58.98,588724,0
2018-02-23,18:00:00,58.98,59.73,58.93,59.73,674487,0
2018-02-23,19:00:00,59.71,59.72,59.29,59.58,453723,0
2018-02-23,20:00:00,59.58,59.64,59.49,59.564,229245,0
2018-02-23,21:00:00,59.56,59.76,59.435,59.72,449401,0
2018-02-23,22:00:00,59.72,60.08,59.7,60.06,693294,0
2018-02-26,16:00:00,60,60.2,58.74,60.11,438385,0
2018-02-26,17:00:00,60.1,60.41,59.81,60.41,557251,0
2018-02-26,18:00:00,60.42,60.89,60.38,60.85,618471,0
2018-02-26,19:00:00,60.85,61.05,60.72,60.9878,321108,0
2018-02-26,20:00:00,60.98,60.99,60.75,60.97,272764,0
2018-02-26,21:00:00,60.97,61.13,60.88,60.97,407286,0
2018-02-26,22:00:00,60.97,61.15,60.96,61.11,1183191,0
2018-02-27,16:00:00,61.04,61.17,60.61,60.92,259808,0
2018-02-27,17:00:00,60.91,60.91,60.34,60.4544,364268,0
2018-02-27,18:00:00,60.45,60.65,60.35,60.53,737881,0
2018-02-27,19:00:00,60.51,60.6606,60.47,60.63,265528,0
2018-02-27,20:00:00,60.629,60.73,60.515,60.62,187571,0
2018-02-27,21:00:00,60.63,60.75,60.395,60.51,392070,0
2018-02-27,22:00:00,60.51,60.56,59.93,59.94,1269238,0
2018-02-28,16:00:00,60.52,60.97,59.96,60.92,320442,0
2018-02-28,17:00:00,60.92,60.93,60.575,60.59,429962,0
2018-02-28,18:00:00,60.585,60.585,60.23,60.34,198380,0
2018-02-28,19:00:00,60.34,61.12,60.21,61,598883,0
2018-02-28,20:00:00,60.99,61.39,60.89,61.19,369007,0
2018-02-28,21:00:00,61.18,61.33,60.92,61.02,299374,0
2018-02-28,22:00:00,61.015,61.05,60.47,60.61,1037270,0
2018-03-01,16:00:00,60.78,61.28,60.48,61.03,264718,0
2018-03-01,17:00:00,61.02,62.33,61,61.98,568551,0
2018-03-01,18:00:00,61.98,62.4,61.93,62.14,414752,0
2018-03-01,19:00:00,62.13,62.15,61.705,61.84,521724,0
2018-03-01,20:00:00,61.81,61.81,61.33,61.47,432254,0
2018-03-01,21:00:00,61.485,61.82,61.2,61.73,652414,0
2018-03-01,22:00:00,61.74,62.03,61.57,61.9,1450774,0
2018-03-02,16:00:00,61.58,62.19,61.28,62.11,379268,0
2018-03-02,17:00:00,62.08,62.365,61.81,61.96,397064,0
2018-03-02,18:00:00,61.97,62.5,61.95,62.24,373029,0
2018-03-02,19:00:00,62.22,62.43,62.01,62.21,667144,0
2018-03-02,20:00:00,62.2,62.23,61.84,61.98,1205066,0
2018-03-02,21:00:00,61.98,62.19,61.98,62.09,294100,0
2018-03-02,22:00:00,62.06,62.67,62.005,62.47,971890,0
2018-03-05,16:00:00,62.01,62.8,62.01,62.56,120766,0
2018-03-05,17:00:00,62.57,62.6,62.045,62.22,241499,0
2018-03-05,18:00:00,62.21,62.6,62.12,62.545,181930,0
2018-03-05,19:00:00,62.56,62.92,62.56,62.92,406361,0
2018-03-05,20:00:00,62.92,63.12,62.77,63.01,421999,0
2018-03-05,21:00:00,63.005,63.06,62.82,62.93,644346,0
2018-03-05,22:00:00,62.94,63.0986,62.9,62.96,602542,0
2018-03-06,16:00:00,63.3,63.3,62.65,63.12,246074,0
2018-03-06,17:00:00,63.15,63.48,63.015,63.32,396165,0
2018-03-06,18:00:00,63.325,63.7586,63.275,63.72,278520,0
2018-03-06,19:00:00,63.71,63.91,63.69,63.89,248552,0
2018-03-06,20:00:00,63.9,63.9,63.36,63.4,465884,0
2018-03-06,21:00:00,63.42,63.64,63.38,63.47,731179,0
2018-03-06,22:00:00,63.48,63.6,63.42,63.56,825125,0
2018-03-07,16:00:00,63.57,63.93,63.21,63.5,448709,0
2018-03-07,17:00:00,63.5,64,63.455,63.96,390908,0
2018-03-07,18:00:00,63.97,64.7,63.91,64.28,1195939,0
2018-03-07,19:00:00,64.28,64.36,64.01,64.35,445344,0
2018-03-07,20:00:00,64.35,64.5515,64.29,64.49,612374,0
2018-03-07,21:00:00,64.49,64.95,64.4,64.86,1096160,0
2018-03-07,22:00:00,64.86,64.995,64.44,64.56,1528808,0
2018-03-08,16:00:00,65,65.28,64.64,64.88,288337,0
2018-03-08,17:00:00,64.91,65.07,64.78,64.79,363907,0
2018-03-08,18:00:00,64.79,64.85,64.645,64.78,196833,0
2018-03-08,19:00:00,64.77,64.7732,64.4,64.7,196614,0
2018-03-08,20:00:00,64.7,64.7,64.33,64.33,237554,0
2018-03-08,21:00:00,64.33,64.535,64.25,64.52,229762,0
2018-03-08,22:00:00,64.52,65.07,64.5,65.06,1004889,0
2018-03-09,16:00:00,65.3,65.78,65.12,65.4601,490861,0
2018-03-09,17:00:00,65.465,65.565,65.23,65.32,559467,0
2018-03-09,18:00:00,65.3302,65.46,65.215,65.35,286381,0
2018-03-09,19:00:00,65.37,65.735,65.36,65.52,388000,0
2018-03-09,20:00:00,65.52,65.555,65.38,65.485,248659,0
2018-03-09,21:00:00,65.49,65.49,65.35,65.385,306667,0
2018-03-09,22:00:00,65.39,65.6,65.18,65.25,1044792,0
2018-03-12,15:00:00,65.51,65.73,65.1201,65.2,135473,0
2018-03-12,16:00:00,65.18,65.2,64.61,64.6702,309736,0
2018-03-12,17:00:00,64.675,64.82,64.465,64.75,586903,0
2018-03-12,18:00:00,64.765,64.85,64.4275,64.52,397957,0
2018-03-12,19:00:00,64.5235,64.63,64.44,64.5075,291707,0
2018-03-12,20:00:00,64.51,64.62,64.495,64.535,213454,0
2018-03-12,21:00:00,64.535,64.65,64.499,64.55,791169,0
2018-03-13,15:00:00,65.1,65.25,64.8,65.205,544135,0
2018-03-13,16:00:00,65.205,65.76,65.205,65.605,1268114,0
2018-03-13,17:00:00,65.61,65.64,65.29,65.32,392528,0
2018-03-13,18:00:00,65.32,65.45,65.07,65.16,466138,0
2018-03-13,19:00:00,65.16,65.28,65.085,65.22,226997,0
2018-03-13,20:00:00,65.21,65.29,65.05,65.26,377036,0
2018-03-13,21:00:00,65.255,65.29,64.91,64.98,827234,0
2018-03-14,15:00:00,65.23,65.64,64.885,64.94,370972,0
2018-03-14,16:00:00,64.95,65.02,64.5,64.85,386814,0
2018-03-14,17:00:00,64.86,64.92,64.65,64.71,288318,0
2018-03-14,18:00:00,64.72,64.81,64.5,64.69,237313,0
2018-03-14,19:00:00,64.69,65.14,64.61,65.14,237944,0
2018-03-14,20:00:00,65.14,65.19,64.68,64.85,281598,0
2018-03-14,21:00:00,64.85,65.06,64.65,64.78,1188655,0
2018-03-15,15:00:00,64.71,65.1,64.6101,64.9,154679,0
2018-03-15,16:00:00,64.92,65.52,64.92,65.21,442972,0
2018-03-15,17:00:00,65.2,65.485,65,65.0517,259661,0
2018-03-15,18:00:00,65.06,65.07,64.86,64.95,151402,0
2018-03-15,19:00:00,64.94,65.01,64.75,64.77,232527,0
2018-03-15,20:00:00,64.765,64.95,64.7,64.94,358107,0
2018-03-15,21:00:00,64.94,64.96,64.66,64.71,728898,0
2018-03-16,15:00:00,64.44,65,64.44,64.69,725835,0
2018-03-16,16:00:00,64.7044,64.81,64.47,64.57,668426,0
2018-03-16,17:00:00,64.57,64.88,64.36,64.59,447070,0
2018-03-16,18:00:00,64.6,64.797,64.5,64.65,259906,0
2018-03-16,19:00:00,64.65,64.71,64.5,64.54,188915,0
2018-03-16,20:00:00,64.545,64.59,64.38,64.42,297856,0
2018-03-16,21:00:00,64.41,64.85,64.41,64.76,971124,0
2018-03-19,15:00:00,64.68,64.8602,64.09,64.28,221437,0
2018-03-19,16:00:00,64.28,64.31,63.71,63.75,374508,0
2018-03-19,17:00:00,63.7628,63.85,63.18,63.24,336745,0
2018-03-19,18:00:00,63.24,63.615,63.07,63.25,417416,0
2018-03-19,19:00:00,63.24,63.48,63.15,63.3995,390523,0
2018-03-19,20:00:00,63.39,63.56,63.12,63.23,356582,0
2018-03-19,21:00:00,63.23,63.26,63.05,63.22,1027912,0
2018-03-20,15:00:00,63.32,64.11,62.76,62.91,141286,0
2018-03-20,16:00:00,62.94,63.2,62.88,62.995,283350,0
2018-03-20,17:00:00,63,63.15,62.95,63.01,267264,0
2018-03-20,18:00:00,63.02,63.16,62.88,62.905,274181,0
2018-03-20,19:00:00,62.91,63.02,62.72,62.83,286348,0
2018-03-20,20:00:00,62.83,63.07,62.8,63.07,198577,0
2018-03-20,21:00:00,63.07,63.115,62.69,62.78,787654,0
2018-03-21,15:00:00,62.6,63.09,62.6,62.81,162260,0
2018-03-21,16:00:00,62.82,62.96,62.65,62.77,193808,0
2018-03-21,17:00:00,62.77,63.07,62.77,63.07,179526,0
2018-03-21,18:00:00,63.06,63.21,62.95,62.95,135072,0
2018-03-21,19:00:00,62.95,63.03,62.9,62.94,129314,0
2018-03-21,20:00:00,62.95,63.2,62.52,62.53,465365,0
2018-03-21,21:00:00,62.52,62.92,62.52,62.59,945483,0
2018-03-22,15:00:00,61.84,62.07,61.49,61.72,465454,0
2018-03-22,16:00:00,61.74,61.85,61.48,61.58,388765,0
2018-03-22,17:00:00,61.57,61.67,61.31,61.4,369924,0
2018-03-22,18:00:00,61.405,61.9,61.38,61.66,501618,0
2018-03-22,19:00:00,61.65,61.78,61.48,61.66,386394,0
2018-03-22,20:00:00,61.66,61.675,61.42,61.45,381463,0
2018-03-22,21:00:00,61.445,61.565,61.21,61.25,1205538,0
2018-03-23,15:00:00,61.42,61.765,60.97,61.05,159527,0
2018-03-23,16:00:00,61.07,61.33,61.02,61.25,576520,0
2018-03-23,17:00:00,61.25,61.38,60.54,60.57,269101,0
2018-03-23,18:00:00,60.57,60.77,60.57,60.74,528802,0
2018-03-23,19:00:00,60.74,61.11,60.69,61.025,431143,0
2018-03-23,20:00:00,61.02,61.06,60.45,60.45,435364,0
2018-03-23,21:00:00,60.45,60.59,59.73,59.74,1932735,0
2018-03-26,16:00:00,60.7,60.93,60.41,60.52,260924,0
2018-03-26,17:00:00,60.53,60.73,60.32,60.65,385544,0
2018-03-26,18:00:00,60.63,60.79,60.18,60.77,371587,0
2018-03-26,19:00:00,60.78,61.04,60.58,60.86,206970,0
2018-03-26,20:00:00,60.85,61.11,60.78,60.815,186545,0
2018-03-26,21:00:00,60.82,61.35,60.82,61.2,355390,0
2018-03-26,22:00:00,61.2,61.63,61.17,61.38,911816,0
2018-03-27,16:00:00,61.66,62,61.26,61.91,170617,0
2018-03-27,17:00:00,61.89,62.02,61.69,61.72,139652,0
2018-03-27,18:00:00,61.72,62.01,61.55,61.88,108447,0
2018-03-27,19:00:00,61.88,61.9,61.5,61.63,126457,0
2018-03-27,20:00:00,61.65,61.73,61.23,61.38,126750,0
2018-03-27,21:00:00,61.38,61.55,61,61.09,274043,0
2018-03-27,22:00:00,61.1,61.1,60.08,60.34,952490,0
2018-03-28,16:00:00,60.55,61.3,60.36,60.99,198148,0
2018-03-28,17:00:00,61.01,61.26,60.59,60.65,381333,0
2018-03-28,18:00:00,60.71,61.09,60.45,60.99,235956,0
2018-03-28,19:00:00,60.99,61.71,60.89,61.2771,322003,0
2018-03-28,20:00:00,61.27,61.47,61.05,61.22,206227,0
2018-03-28,21:00:00,61.25,61.26,60.83,60.8397,171154,0
2018-03-28,22:00:00,60.84,61.11,60.67,60.87,725153,0
2018-03-29,16:00:00,60.95,61.29,60.79,60.875,117976,0
2018-03-29,17:00:00,60.88,61.03,60.67,61.03,142792,0
2018-03-29,18:00:00,61.04,61.04,60.46,60.59,323959,0
2018-03-29,19:00:00,60.6,60.69,60.41,60.685,261371,0
2018-03-29,20:00:00,60.685,60.81,60.42,60.741,243084,0
2018-03-29,21:00:00,60.74,61.04,60.625,61.01,327877,0
2018-03-29,22:00:00,61.01,61.155,60.82,61.04,664465,0
