Date,Time,Open,High,Low,Close,Volume,OpenInt
2017-09-05,16:00:00,25.75,25.89,25.5,25.89,5701,0
2017-09-05,17:00:00,25.76,25.86,25.25,25.3,12935,0
2017-09-05,18:00:00,25.31,25.34,23.79,24.21,27492,0
2017-09-05,19:00:00,24.16,24.9,24.055,24.9,15159,0
2017-09-05,20:00:00,24.845,25.2,24.84,25.105,4210,0
2017-09-05,21:00:00,25.2,25.642,25.2,25.46,5125,0
2017-09-05,22:00:00,25.5,25.68,25.45,25.68,7071,0
2017-09-06,16:00:00,26,26.2,25.965,26.045,909,0
2017-09-06,17:00:00,25.85,27.03,25.72,26.02,24202,0
2017-09-06,18:00:00,26.2,26.41,26.1437,26.41,700,0
2017-09-06,19:00:00,26.12,26.34,26.12,26.265,1604,0
2017-09-06,20:00:00,26.3135,26.4899,26.02,26.02,1763,0
2017-09-06,21:00:00,26.46,27.54,26.46,26.9597,5036,0
2017-09-06,22:00:00,27,27,26.79,27,3787,0
2017-09-07,16:00:00,27.85,28.01,27.29,28.01,8742,0
2017-09-07,17:00:00,28.04,29.5,27.61,29.5,20794,0
2017-09-07,18:00:00,29.4711,29.8925,28.67,28.675,30668,0
2017-09-07,19:00:00,28.85,28.85,27.91,27.91,17669,0
2017-09-07,20:00:00,28.295,28.4799,27.7611,27.91,3660,0
2017-09-07,21:00:00,27.8,28.19,27.8,28.005,8556,0
2017-09-07,22:00:00,27.962,28.86,27.81,28.48,35251,0
2017-09-08,16:00:00,28.84,28.93,27.9101,27.9739,12570,0
2017-09-08,17:00:00,27.947,28.36,27.02,28.01,23630,0
2017-09-08,18:00:00,28.01,28.0299,27.74,27.74,6193,0
2017-09-08,19:00:00,27.7999,27.9899,27.58,27.665,2952,0
2017-09-08,20:00:00,27.67,27.82,27.63,27.74,3164,0
2017-09-08,21:00:00,27.74,28.315,27.735,28.02,4838,0
2017-09-08,22:00:00,28.26,28.7,27.84,27.85,10397,0
2017-09-11,16:00:00,28.61,28.85,27.5661,27.5661,4204,0
2017-09-11,17:00:00,27.8536,28.5,27.71,28.4,2400,0
2017-09-11,18:00:00,28.4,28.7,28.14,28.6,5468,0
2017-09-11,19:00:00,28.475,28.7,28.25,28.31,1500,0
2017-09-11,20:00:00,28.08,28.316,28.02,28.25,2773,0
2017-09-11,21:00:00,28.25,28.25,28,28,1404,0
2017-09-11,22:00:00,28.1,28.25,27.96,28.24,2620,0
2017-09-12,16:00:00,28.2,28.57,28.2,28.57,2436,0
2017-09-12,17:00:00,28.56,28.58,28.37,28.37,400,0
2017-09-12,18:00:00,28.7479,28.78,27.6,28.1301,5195,0
2017-09-12,19:00:00,28.01,28.35,28.01,28.35,200,0
2017-09-12,20:00:00,28.36,28.6842,28.36,28.6842,2375,0
2017-09-12,21:00:00,28.5,28.745,28.5,28.515,1200,0
2017-09-12,22:00:00,28.5606,28.71,28.4675,28.53,5635,0
2017-09-13,16:00:00,28.79,28.81,28.79,28.81,1672,0
2017-09-13,17:00:00,28.99,30.6,28.985,29.5,24069,0
2017-09-13,18:00:00,29.58,30.41,29.29,29.6944,14052,0
2017-09-13,19:00:00,29.52,30,29.5,29.82,7190,0
2017-09-13,20:00:00,29.82,31.1272,29.7462,30.89,18031,0
2017-09-13,21:00:00,31.2,31.69,30.341,30.47,6857,0
2017-09-13,22:00:00,30.48,30.71,30.36,30.59,14438,0
2017-09-14,16:00:00,31.37,31.37,30.01,30.11,6412,0
2017-09-14,17:00:00,30.23,31.81,30.23,31.65,10297,0
2017-09-14,18:00:00,31.63,31.95,31.2434,31.785,13957,0
2017-09-14,19:00:00,31.805,31.89,31.55,31.58,2995,0
2017-09-14,20:00:00,31.55,31.7499,31.55,31.665,14765,0
2017-09-14,21:00:00,31.6987,32.5,31.6987,32.04,20224,0
2017-09-14,22:00:00,32.2,32.95,32.1,32.72,20543,0
2017-09-15,16:00:00,33.29,33.769,31.77,31.77,5801,0
2017-09-15,17:00:00,31.955,32.6999,31.9,32.565,5981,0
2017-09-15,18:00:00,32.6344,33.01,32.3569,32.5411,7220,0
2017-09-15,19:00:00,32.58,32.99,32.52,32.81,7385,0
2017-09-15,20:00:00,32.8399,33.28,32.56,32.93,11570,0
2017-09-15,21:00:00,32.83,32.975,32.595,32.5961,4703,0
2017-09-15,22:00:00,32.55,32.76,32.31,32.69,13638,0
2017-09-18,16:00:00,33.23,33.23,32.011,32.57,6317,0
2017-09-18,17:00:00,32.46,32.4674,31.76,32,9942,0
2017-09-18,18:00:00,32.056,32.3454,31.9,31.9,4525,0
2017-09-18,19:00:00,31.9599,32.53,31.7,32.18,10828,0
2017-09-18,20:00:00,32.1,32.335,32.05,32.18,4750,0
2017-09-18,21:00:00,32.1,32.15,32.05,32.05,7000,0
2017-09-18,22:00:00,32.05,32.4417,32.05,32.05,4348,0
2017-09-19,16:00:00,32.3,32.3,30.82,31.45,7603,0
2017-09-19,17:00:00,31.2033,31.4,30.14,30.55,20859,0
2017-09-19,18:00:00,30.85,31,30.4329,30.84,9203,0
2017-09-19,19:00:00,31,31,30.74,30.74,2900,0
2017-09-19,20:00:00,30.6901,31.005,30.6901,30.95,5141,0
2017-09-19,21:00:00,30.95,31.3,30.82,30.935,10720,0
2017-09-19,22:00:00,30.87,31.94,30.8676,31.92,34981,0
2017-09-20,16:00:00,32.25,32.25,30.8226,31.03,2320,0
2017-09-20,17:00:00,31.2,31.2364,30.505,31,26365,0
2017-09-20,18:00:00,31.01,31.01,30,30.18,15265,0
2017-09-20,19:00:00,29.76,30.47,29.18,29.99,6174,0
2017-09-20,20:00:00,29.95,30.39,29.6,30.075,6248,0
2017-09-20,21:00:00,30.16,30.365,29.9152,30.365,7117,0
2017-09-20,22:00:00,30.2648,30.43,29.81,30.06,22325,0
2017-09-21,16:00:00,29.81,29.81,28.19,28.5,10382,0
2017-09-21,17:00:00,28.49,29.21,28.47,29.0166,4065,0
2017-09-21,18:00:00,29.07,29.62,29.025,29.36,4493,0
2017-09-21,19:00:00,29.63,29.63,29.5,29.59,2192,0
2017-09-21,20:00:00,29.55,29.57,29.5,29.56,2344,0
2017-09-21,21:00:00,29.53,29.53,29.5,29.5,800,0
2017-09-21,22:00:00,29.5,29.55,29.5,29.51,1767,0
2017-09-22,16:00:00,29.31,29.74,29.31,29.59,675,0
2017-09-22,17:00:00,29.61,29.919,29.575,29.8532,4200,0
2017-09-22,18:00:00,29.8574,30.65,29.46,29.94,8407,0
2017-09-22,19:00:00,30.11,30.16,29.78,29.95,1900,0
2017-09-22,20:00:00,30.03,30.98,29.93,30.49,5786,0
2017-09-22,21:00:00,30.8,30.8,30.3105,30.5,823,0
2017-09-22,22:00:00,30.44,30.51,30.3,30.49,2196,0
2017-09-25,16:00:00,29.96,30.97,29.96,30.2,4922,0
2017-09-25,17:00:00,30.8887,30.99,30.3042,30.57,2431,0
2017-09-25,18:00:00,30.5424,31.93,30.5424,30.86,4750,0
2017-09-25,19:00:00,31,31,30.525,30.83,2750,0
2017-09-25,20:00:00,31.62,31.62,30.731,30.731,2100,0
2017-09-25,21:00:00,30.73,30.9,30.73,30.85,1050,0
2017-09-25,22:00:00,30.75,31.05,30.691,31.05,3962,0
2017-09-26,16:00:00,31.5,31.78,31.5,31.78,1435,0
2017-09-26,17:00:00,31.78,32.489,30.81,30.81,20165,0
2017-09-26,18:00:00,30.77,31.11,30.2,31.039,2000,0
2017-09-26,19:00:00,30.6,31.2092,30.6,30.72,1390,0
2017-09-26,20:00:00,31.14,31.14,30.49,30.95,1860,0
2017-09-26,21:00:00,31.08,31.35,30.761,31.07,3912,0
2017-09-26,22:00:00,31.13,31.6,30.9,31.18,3302,0
2017-09-27,16:00:00,31.2,31.2,30.31,30.31,324,0
2017-09-27,17:00:00,30.57,31.67,30.57,31.3,5198,0
2017-09-27,18:00:00,31.3661,31.44,30.81,31.44,6822,0
2017-09-27,19:00:00,31.02,31.04,30.31,30.5915,2951,0
2017-09-27,20:00:00,30.46,30.81,30.46,30.76,2790,0
2017-09-27,21:00:00,30.71,31.06,30.57,30.57,1012,0
2017-09-27,22:00:00,30.72,30.72,30.7,30.7,400,0
2017-09-28,16:00:00,31.01,31.01,30.51,30.51,1500,0
2017-09-28,17:00:00,31.04,32.33,31.04,32.33,5416,0
2017-09-28,18:00:00,32.01,32.01,31.31,31.6,2154,0
2017-09-28,19:00:00,31.86,32,31.74,31.8086,1200,0
2017-09-28,20:00:00,31.895,32.9337,31.78,32.649,7251,0
2017-09-28,21:00:00,32.27,32.4,32.07,32.16,3036,0
2017-09-28,22:00:00,32.07,32.445,31.95,32.42,11353,0
2017-09-29,16:00:00,32.72,32.72,32.72,32.72,213,0
2017-09-29,17:00:00,32.68,33.6323,32.41,32.41,6649,0
2017-09-29,18:00:00,32.77,33.7,32.77,33.0475,2800,0
2017-09-29,19:00:00,32.84,32.84,32.4285,32.59,14026,0
2017-09-29,20:00:00,32.45,32.5,32.45,32.5,1400,0
2017-09-29,21:00:00,32.398,32.5,31.84,31.86,7969,0
2017-09-29,22:00:00,31.66,31.97,31.55,31.55,2600,0
2017-10-02,16:00:00,31.2899,31.56,31.2899,31.49,821,0
2017-10-02,17:00:00,31.77,33.17,31.77,32.52,3450,0
2017-10-02,18:00:00,32.335,32.6642,31.86,31.86,3930,0
2017-10-02,19:00:00,31.83,32.63,31.57,32.15,500,0
2017-10-02,20:00:00,32.16,32.1703,32.16,32.1703,200,0
2017-10-02,21:00:00,32.295,32.2998,32.16,32.19,500,0
2017-10-02,22:00:00,32.17,32.45,32.17,32.17,2295,0
2017-10-03,16:00:00,32.67,32.95,32.31,32.5,4638,0
2017-10-03,17:00:00,32.278,32.46,31.57,31.9,13794,0
2017-10-03,18:00:00,31.8,32.42,31.65,32.33,1695,0
2017-10-03,19:00:00,32.3,32.44,32.3,32.3,700,0
2017-10-03,20:00:00,32.17,32.17,32,32.1,1000,0
2017-10-03,21:00:00,31.76,32,31.76,31.85,600,0
2017-10-03,22:00:00,31.8,32.26,31.8,31.97,2852,0
2017-10-04,16:00:00,32.16,32.16,31.62,31.96,865,0
2017-10-04,17:00:00,32.2501,32.6999,32,32.12,7321,0
2017-10-04,18:00:00,32.11,32.2,31.02,31.398,9949,0
2017-10-04,19:00:00,31.18,31.92,30.211,30.2575,5731,0
2017-10-04,20:00:00,30.4269,31.08,30.4269,30.92,2656,0
2017-10-04,21:00:00,30.95,31,30.77,30.96,1400,0
2017-10-04,22:00:00,30.85,31.04,30.76,30.88,3964,0
2017-10-05,16:00:00,30.68,32.2387,30.68,32.2387,497,0
2017-10-05,17:00:00,31.8887,31.8887,30.51,31.1603,700,0
2017-10-05,18:00:00,30.5501,30.8756,30.42,30.76,2000,0
2017-10-05,19:00:00,30.75,30.75,30.56,30.68,3350,0
2017-10-05,20:00:00,30.68,30.68,30.56,30.56,200,0
2017-10-05,21:00:00,30.45,30.61,30.41,30.42,830,0
2017-10-05,22:00:00,30.5378,30.69,30.46,30.46,1724,0
2017-10-06,16:00:00,30.3,30.6,30.15,30.6,1595,0
2017-10-06,17:00:00,30.3686,30.59,30.28,30.28,1600,0
2017-10-06,18:00:00,30.31,30.68,30.3,30.63,3450,0
2017-10-06,19:00:00,30.52,30.52,30.25,30.35,1400,0
2017-10-06,20:00:00,30.22,30.22,29.65,29.74,10316,0
2017-10-06,21:00:00,29.61,29.83,28.941,29.69,7054,0
2017-10-06,22:00:00,29.72,30.01,29.28,29.36,8109,0
2017-10-09,16:00:00,29.13,31.95,29.13,31.6238,3088,0
2017-10-09,17:00:00,31.1231,31.1231,30.195,30.3001,1000,0
2017-10-09,18:00:00,30.3,30.48,29.88,30.48,2180,0
2017-10-09,19:00:00,30.5299,30.7,30.01,30.16,3300,0
2017-10-09,20:00:00,30.59,30.75,30.59,30.75,500,0
2017-10-09,21:00:00,30.75,31.03,30.16,30.36,9700,0
2017-10-09,22:00:00,30.39,30.39,29.8,29.8,11974,0
2017-10-10,16:00:00,30.35,30.35,30.35,30.35,1300,0
2017-10-10,17:00:00,29.5,29.65,29.5,29.65,250,0
2017-10-10,18:00:00,30.12,30.12,30.07,30.07,400,0
2017-10-10,19:00:00,29.8,30.03,29.8,30.03,410,0
2017-10-10,20:00:00,29.794,30.27,29.785,29.785,1300,0
2017-10-10,21:00:00,29.94,30.28,29.86,29.8932,2650,0
2017-10-10,22:00:00,29.81,30.21,29.81,30.19,4104,0
2017-10-11,16:00:00,30.1,30.1,29.6953,29.99,400,0
2017-10-11,17:00:00,29.92,30.47,29.7501,30.47,2942,0
2017-10-11,18:00:00,30.1913,30.1913,30.15,30.15,200,0
2017-10-11,19:00:00,30.46,30.92,30.35,30.35,3699,0
2017-10-11,20:00:00,30.47,30.94,30.4201,30.93,1400,0
2017-10-11,21:00:00,30.88,30.88,30.88,30.88,600,0
2017-10-11,22:00:00,30.94,30.94,30.53,30.75,3386,0
2017-10-12,16:00:00,30.63,30.63,30.63,30.63,100,0
2017-10-12,17:00:00,30.5,30.74,30.39,30.74,1400,0
2017-10-12,18:00:00,30.72,30.73,30.6344,30.6344,350,0
2017-10-12,19:00:00,30.62,30.62,30.36,30.6076,3967,0
2017-10-12,21:00:00,29.86,29.86,29.3,29.3,700,0
2017-10-12,22:00:00,29.65,30.08,29.65,29.8699,2563,0
2017-10-13,16:00:00,29.81,29.81,29.81,29.81,100,0
2017-10-13,17:00:00,29.9,29.94,29.45,29.7292,1837,0
2017-10-13,18:00:00,29.7976,29.7976,29.15,29.15,2824,0
2017-10-13,19:00:00,29.15,29.68,29,29.23,4928,0
2017-10-13,20:00:00,29.3823,29.3823,29.2,29.2,1000,0
2017-10-13,21:00:00,29.45,29.46,29.0687,29.0687,766,0
2017-10-13,22:00:00,29.57,29.57,29,29,2075,0
2017-10-16,16:00:00,29.46,29.46,29.02,29.02,451,0
2017-10-16,17:00:00,29.92,29.92,28.75,29.56,3351,0
2017-10-16,18:00:00,29.5,29.5,29.5,29.5,200,0
2017-10-16,19:00:00,29.42,29.5,29.295,29.5,2000,0
2017-10-16,20:00:00,29.5,29.51,29.5,29.51,900,0
2017-10-16,21:00:00,29.317,29.42,28.7501,29.22,4499,0
2017-10-16,22:00:00,28.99,29.04,28.8192,28.94,1717,0
2017-10-17,16:00:00,28.88,28.88,28.88,28.88,100,0
2017-10-17,17:00:00,29.1755,29.29,28.79,29.29,2915,0
2017-10-17,19:00:00,28.8,29.08,28.75,29.08,1700,0
2017-10-17,20:00:00,28.9,28.9,28.9,28.9,100,0
2017-10-17,21:00:00,28.82,28.97,28.82,28.97,700,0
2017-10-17,22:00:00,28.82,28.96,28.75,28.86,3005,0
2017-10-18,16:00:00,29.21,29.21,29.21,29.21,355,0
2017-10-18,17:00:00,29.7116,29.7116,28.57,28.85,4350,0
2017-10-18,18:00:00,28.71,28.71,28.28,28.28,9870,0
2017-10-18,19:00:00,28.43,28.91,28.43,28.53,1200,0
2017-10-18,20:00:00,28.47,28.47,28,28.07,8654,0
2017-10-18,21:00:00,28.28,28.29,27.9,27.9,2697,0
2017-10-18,22:00:00,27.89,28.19,27.778,27.93,4567,0
2017-10-19,16:00:00,27.34,27.92,26.761,27,6235,0
2017-10-19,17:00:00,27.1,27.4927,26.905,27.2602,2503,0
2017-10-19,18:00:00,27.2813,27.44,27.01,27.25,5366,0
2017-10-19,19:00:00,27.26,27.87,27.25,27.5373,2650,0
2017-10-19,20:00:00,27.6,27.6,27.54,27.54,260,0
2017-10-19,21:00:00,27.57,27.58,27.525,27.58,1820,0
2017-10-19,22:00:00,27.7215,27.7799,27.43,27.46,4131,0
2017-10-20,16:00:00,27.5,27.5,27.5,27.5,116,0
2017-10-20,17:00:00,27.41,27.5908,26.79,26.8101,3664,0
2017-10-20,18:00:00,26.86,27.43,26.85,27.2,5900,0
2017-10-20,19:00:00,27.31,27.31,26.9653,26.99,1200,0
2017-10-20,20:00:00,27.115,27.16,26.77,26.77,3100,0
2017-10-20,21:00:00,27.17,27.2168,27.1059,27.1059,906,0
2017-10-20,22:00:00,27.0641,27.29,26.98,27.28,4043,0
2017-10-23,16:00:00,27.45,27.45,27.45,27.45,102,0
2017-10-23,17:00:00,27.5,27.75,26.28,26.55,19924,0
2017-10-23,18:00:00,26.5,26.64,26,26.01,8327,0
2017-10-23,19:00:00,26.01,26.1396,25.5567,25.9,20718,0
2017-10-23,20:00:00,25.91,26.3,25.91,26.28,6274,0
2017-10-23,21:00:00,26.6869,27.11,26.55,27.1,2800,0
2017-10-23,22:00:00,27.0108,27.34,26.97,27.34,3071,0
2017-10-24,16:00:00,27.38,27.38,27.2064,27.2064,1424,0
2017-10-24,17:00:00,27.01,28.31,27.01,28.31,23577,0
2017-10-24,18:00:00,28.31,30.39,28.17,29.91,12458,0
2017-10-24,19:00:00,29.5024,29.7228,28.92,29.37,5876,0
2017-10-24,20:00:00,29.49,29.5,29.49,29.5,200,0
2017-10-24,21:00:00,29.32,29.32,29.32,29.32,100,0
2017-10-24,22:00:00,29.34,29.4611,29.25,29.45,3567,0
2017-10-25,16:00:00,30.28,30.28,29.549,30.13,2800,0
2017-10-25,17:00:00,29.84,29.8967,29.02,29.58,4352,0
2017-10-25,18:00:00,29.32,29.5,27.75,27.75,9051,0
2017-10-25,19:00:00,28.08,28.49,27.56,27.85,5000,0
2017-10-25,20:00:00,28.25,28.75,28.215,28.42,2000,0
2017-10-25,21:00:00,28.85,28.92,28.74,28.83,5889,0
2017-10-25,22:00:00,28.96,28.96,28.435,28.55,5150,0
2017-10-26,16:00:00,28.29,28.29,27.63,27.63,5238,0
2017-10-26,17:00:00,27.265,28.119,26.5,26.66,6025,0
2017-10-26,18:00:00,27.25,27.49,26.95,27.22,6650,0
2017-10-26,19:00:00,27.5,27.8,27.45,27.45,2192,0
2017-10-26,20:00:00,27.52,27.72,27.32,27.51,3479,0
2017-10-26,21:00:00,27.5,27.75,27.365,27.75,2300,0
2017-10-26,22:00:00,27.345,27.75,27.295,27.55,5755,0
2017-10-27,16:00:00,27.56,27.56,27.5,27.5,300,0
2017-10-27,17:00:00,27.432,27.45,27.02,27.02,2950,0
2017-10-27,18:00:00,27.26,27.3907,26.52,27.25,4050,0
2017-10-27,19:00:00,27.25,27.74,27.25,27.2901,1700,0
2017-10-27,20:00:00,27.57,28.42,27.5,27.93,1633,0
2017-10-27,21:00:00,27.7601,28.85,27.7601,28.26,3420,0
2017-10-27,22:00:00,28.4941,28.58,28.0001,28.42,3343,0
2017-10-30,15:00:00,28.4,28.7228,28.4,28.7228,2400,0
2017-10-30,16:00:00,28.8121,29.5,28.43,29.33,11434,0
2017-10-30,17:00:00,29.1052,29.2,28.755,29.2,3906,0
2017-10-30,18:00:00,29.1698,30.365,29.15,30,8740,0
2017-10-30,19:00:00,30.35,32,30.0163,30.0163,8782,0
2017-10-30,20:00:00,30.13,30.61,30.09,30.52,7413,0
2017-10-30,21:00:00,30.52,31.33,30.52,30.66,6144,0
2017-10-31,15:00:00,30.66,30.67,30.66,30.66,3552,0
2017-10-31,16:00:00,30.7,31.2,26.5,27.6124,34022,0
2017-10-31,17:00:00,27.84,29.62,27.84,29.62,20993,0
2017-10-31,18:00:00,29.63,30.26,29.437,30.26,15079,0
2017-10-31,19:00:00,30.26,31,30.2599,30.96,22342,0
2017-10-31,20:00:00,31,31.91,30.72,31.75,15750,0
2017-10-31,21:00:00,31.7952,32.8,31.36,31.73,33676,0
2017-11-01,15:00:00,31.7,31.7,31.7,31.7,545,0
2017-11-01,16:00:00,30.9117,31.39,30.7681,30.83,550,0
2017-11-01,17:00:00,31.38,31.9499,31.3,31.3,6400,0
2017-11-01,18:00:00,31.35,31.78,31.0101,31.08,15625,0
2017-11-01,19:00:00,31.32,31.35,29.72,31.1703,83919,0
2017-11-01,20:00:00,31.17,31.34,30.5,30.96,2600,0
2017-11-01,21:00:00,30.8,32.22,30.79,32.08,19541,0
2017-11-02,15:00:00,31.68,32.5,31.68,32.03,7835,0
2017-11-02,16:00:00,32.6075,32.6075,31.65,32.34,21677,0
2017-11-02,17:00:00,31.86,32.99,31.53,31.53,6063,0
2017-11-02,18:00:00,32.1719,32.4987,31.541,32,3025,0
2017-11-02,19:00:00,31.97,32.47,31.97,32.01,3200,0
2017-11-02,20:00:00,32.4299,32.79,32.42,32.43,1950,0
2017-11-02,21:00:00,32.42,33.979,32.09,33.79,11201,0
2017-11-03,15:00:00,33.91,35.42,33.81,34.9,17893,0
2017-11-03,16:00:00,34.27,36,34.27,35.4,22217,0
2017-11-03,17:00:00,35.11,35.76,35.02,35.5125,10211,0
2017-11-03,18:00:00,35.6932,38.38,35.61,37.67,44673,0
2017-11-03,19:00:00,37.6546,38,36.91,36.91,10323,0
2017-11-03,20:00:00,36.83,37.25,36.03,36.355,5859,0
2017-11-03,21:00:00,36.355,37.13,36.24,36.82,31010,0
2017-11-06,16:00:00,36.8,37.19,36.36,36.95,83342,0
2017-11-06,17:00:00,37.13,37.36,36.4601,36.73,33943,0
2017-11-06,18:00:00,36.8,36.8,36.36,36.497,28863,0
2017-11-06,19:00:00,36.73,36.83,36.13,36.13,16272,0
2017-11-06,20:00:00,36.4,36.425,31.6,34,70270,0
2017-11-06,21:00:00,34,34.5033,33.6,34.5033,69110,0
2017-11-06,22:00:00,34.6,36.83,34.567,36.82,56180,0
2017-11-07,16:00:00,36.8,37.2,35.5,36.145,48850,0
2017-11-07,17:00:00,36,36.15,35.64,35.82,18925,0
2017-11-07,19:00:00,35.925,36.07,35.7,35.92,14857,0
2017-11-07,20:00:00,35.74,36.07,35.74,35.925,16055,0
2017-11-07,21:00:00,35.92,36,35.75,35.85,12166,0
2017-11-07,22:00:00,35.85,37.44,35.7,37.15,72040,0
2017-11-08,16:00:00,37.73,38.56,37.2,37.53,32261,0
2017-11-08,17:00:00,37.6827,38.09,36.74,37.2204,68788,0
2017-11-08,18:00:00,37,37.97,37,37.4,29376,0
2017-11-08,19:00:00,37.32,37.69,37.02,37.02,56896,0
2017-11-08,20:00:00,37.02,37.45,37.02,37.33,41401,0
2017-11-08,21:00:00,37.33,37.49,37.1,37.34,12569,0
2017-11-08,22:00:00,37.33,38.39,37.23,38.2,101275,0
2017-11-09,16:00:00,38.25,38.25,37.95,38,5392,0
2017-11-09,17:00:00,38.19,38.71,37.975,38.14,27491,0
2017-11-09,18:00:00,38.07,38.54,37.96,38,16754,0
2017-11-09,19:00:00,38.02,39,37.89,38.25,26187,0
2017-11-09,20:00:00,38.25,38.71,38,38.25,10105,0
2017-11-09,21:00:00,38.6,38.69,38.25,38.69,7491,0
2017-11-09,22:00:00,38.31,38.45,37.27,38.26,33375,0
2017-11-10,16:00:00,38.55,38.9899,38.24,38.8259,2973,0
2017-11-10,17:00:00,38.43,40.95,38.27,40.41,37619,0
2017-11-10,18:00:00,40.49,40.49,40,40.2216,13645,0
2017-11-10,19:00:00,40.2847,40.3992,40.07,40.23,6859,0
2017-11-10,20:00:00,40.2329,40.93,40,40.6677,18559,0
2017-11-10,21:00:00,40.6,41.4,40.43,40.47,18818,0
2017-11-10,22:00:00,40.53,41.24,40.51,41.04,33697,0
2017-11-13,16:00:00,41.51,43.27,41.3701,42.86,15508,0
2017-11-13,17:00:00,43.1,43.63,42.2,42.24,15264,0
2017-11-13,18:00:00,42.47,43.75,42.26,42.83,12177,0
2017-11-13,19:00:00,42.77,44.13,42.73,44.13,10262,0
2017-11-13,20:00:00,43.97,44.63,43.08,43.52,21926,0
2017-11-13,21:00:00,43.755,43.95,42.68,43.32,15902,0
2017-11-13,22:00:00,43.2,43.4,42.68,43.26,43240,0
2017-11-14,16:00:00,43.5,43.5,41.1,41.42,17220,0
2017-11-14,17:00:00,41.12,43.29,41.05,42.63,13617,0
2017-11-14,18:00:00,42.6,43,41.64,41.79,25746,0
2017-11-14,19:00:00,41.65,42.1347,41.23,41.672,14641,0
2017-11-14,20:00:00,41.46,42.03,41.18,42,17671,0
2017-11-14,21:00:00,41.96,42.33,41.65,41.8,8908,0
2017-11-14,22:00:00,41.68,42.4,41.65,42.18,20282,0
2017-11-15,16:00:00,41.1,41.1,39.52,40.23,17497,0
2017-11-15,17:00:00,40.18,40.49,39.96,40.27,37358,0
2017-11-15,18:00:00,40.17,40.89,40.17,40.868,8205,0
2017-11-15,19:00:00,40.78,40.85,40.24,40.849,4300,0
2017-11-15,20:00:00,40.83,41.94,40.71,41.65,7174,0
2017-11-15,21:00:00,41.65,42.2,41.52,41.52,7248,0
2017-11-15,22:00:00,41.44,41.7,41.02,41.56,20598,0
2017-11-16,16:00:00,41,41,39.815,40,14418,0
2017-11-16,17:00:00,39.9999,41.69,39.8917,40.87,140928,0
2017-11-16,18:00:00,41.015,41.1,40,40.04,52830,0
2017-11-16,19:00:00,40.04,40.95,40.04,40.93,3759,0
2017-11-16,20:00:00,40.92,40.92,40.231,40.45,3694,0
2017-11-16,21:00:00,40.2706,41.22,40.26,41.22,11260,0
2017-11-16,22:00:00,41.24,41.2693,40.01,40.25,33948,0
2017-11-17,16:00:00,39.69,40.63,39.69,40.49,7611,0
2017-11-17,17:00:00,40.54,41.265,40.49,40.75,12838,0
2017-11-17,18:00:00,40.7,41.06,40.7,40.86,37480,0
2017-11-17,19:00:00,40.83,42.16,40.47,41.68,70475,0
2017-11-17,20:00:00,41.61,41.8392,40.99,40.99,8587,0
2017-11-17,21:00:00,40.99,41.01,40.4,40.455,14000,0
2017-11-17,22:00:00,40.41,41.08,40.4,41,13443,0
2017-11-20,16:00:00,39.66,40.42,39.65,40.015,29751,0
2017-11-20,17:00:00,40.17,41.2,40.03,40.8,51750,0
2017-11-20,18:00:00,40.85,42,40.85,41.8,16990,0
2017-11-20,19:00:00,41.635,42,41.55,41.92,12230,0
2017-11-20,20:00:00,41.88,42.6719,41.49,41.5,23947,0
2017-11-20,21:00:00,41.4,42.18,41.39,41.77,178184,0
2017-11-20,22:00:00,41.82,42.3,41.67,41.8,19744,0
2017-11-21,16:00:00,41.5,41.85,41.04,41.42,9154,0
2017-11-21,17:00:00,41.29,41.45,40.64,41,29146,0
2017-11-21,18:00:00,41.15,41.5,40.8501,40.98,3504,0
2017-11-21,19:00:00,40.96,41.18,40.5,40.575,33700,0
2017-11-21,20:00:00,40.6728,41.18,40.55,41.18,6260,0
2017-11-21,21:00:00,41.13,41.139,41,41.03,11000,0
2017-11-21,22:00:00,41.03,41.13,40.87,40.91,13234,0
2017-11-22,16:00:00,40.9,40.9,40.13,40.645,16621,0
2017-11-22,17:00:00,40.63,40.75,40.2,40.22,18300,0
2017-11-22,18:00:00,40.48,40.93,40.264,40.45,14804,0
2017-11-22,19:00:00,40.411,40.6,40.2,40.45,7078,0
2017-11-22,20:00:00,40.27,40.52,40.27,40.37,12404,0
2017-11-22,21:00:00,40.27,40.5705,40.27,40.4,13125,0
2017-11-22,22:00:00,40.425,40.81,40.18,40.18,22589,0
2017-11-24,16:00:00,40.3,40.8,40.21,40.3,5050,0
2017-11-24,17:00:00,40.22,41,40.11,41,8965,0
2017-11-24,18:00:00,41.16,41.89,40.99,41.13,11415,0
2017-11-24,19:00:00,41.3,41.68,40.48,41.17,13944,0
2017-11-24,20:00:00,40.95,40.95,40.94,40.94,200,0
2017-11-27,16:00:00,42,42.59,41.5,42.1681,29624,0
2017-11-27,17:00:00,42.3,42.3,41.63,41.63,21921,0
2017-11-27,18:00:00,41.7,41.83,41.5,41.6,17502,0
2017-11-27,19:00:00,41.6,41.71,41.2,41.265,19250,0
2017-11-27,20:00:00,41.22,41.5,40.57,41,12390,0
2017-11-27,21:00:00,41,41.12,40.59,40.78,18175,0
2017-11-27,22:00:00,40.98,41.03,40.59,40.78,34025,0
2017-11-28,16:00:00,40.95,41.01,40.8,40.8,17713,0
2017-11-28,17:00:00,40.8,40.9399,40.33,40.51,27330,0
2017-11-28,18:00:00,40.49,40.65,40.18,40.3,158519,0
2017-11-28,19:00:00,40.42,40.5,40.3,40.5,23165,0
2017-11-28,20:00:00,40.5,40.52,40.41,40.45,52207,0
2017-11-28,21:00:00,40.45,40.52,40.3,40.49,32468,0
2017-11-28,22:00:00,40.5,40.55,40.35,40.43,74873,0
2017-11-29,16:00:00,40.25,40.47,40.07,40.1,12291,0
2017-11-29,17:00:00,40.07,40.16,39.5,39.65,16342,0
2017-11-29,18:00:00,39.65,40.01,39.6,40.01,9180,0
2017-11-29,19:00:00,40.01,40.31,39.94,40.1,5272,0
2017-11-29,20:00:00,40.11,40.5,39.75,40.24,5387,0
2017-11-29,21:00:00,40.3,40.45,40.01,40.31,7600,0
2017-11-29,22:00:00,40.45,40.48,39.92,40.11,15324,0
2017-11-30,16:00:00,40.13,40.5,40.03,40.42,26971,0
2017-11-30,17:00:00,40.5,40.54,40.36,40.4922,32417,0
2017-11-30,18:00:00,40.5,40.53,40.27,40.485,19784,0
2017-11-30,19:00:00,40.5,40.52,40.38,40.5,25744,0
2017-11-30,20:00:00,40.5,40.54,40.29,40.5,16631,0
2017-11-30,21:00:00,40.16,40.54,40.16,40.47,21866,0
2017-11-30,22:00:00,40.5,40.6,40.35,40.37,32669,0
2017-12-01,16:00:00,40.15,40.15,39.58,40.01,6643,0
2017-12-01,17:00:00,40,40.48,39.68,40.12,7200,0
2017-12-01,18:00:00,40.15,40.15,38.9,39.5,34956,0
2017-12-01,19:00:00,39.54,39.99,38.92,39.172,10360,0
2017-12-01,20:00:00,39.14,39.57,39,39.57,4000,0
2017-12-01,21:00:00,39.42,39.71,39.42,39.66,5600,0
2017-12-01,22:00:00,39.66,39.81,39.52,39.65,8790,0
2017-12-04,16:00:00,40.31,40.74,39.72,40.5,8902,0
2017-12-04,17:00:00,40.51,41.25,40.13,40.385,47669,0
2017-12-04,18:00:00,40.385,40.62,40.23,40.45,15849,0
2017-12-04,19:00:00,40.5,40.54,40.18,40.5,22443,0
2017-12-04,20:00:00,40.51,40.58,40.39,40.52,33624,0
2017-12-04,21:00:00,40.5,40.58,40.32,40.5,18350,0
2017-12-04,22:00:00,40.5,40.605,40.2,40.43,51325,0
2017-12-05,16:00:00,40.22,40.77,39.52,40.11,9593,0
2017-12-05,17:00:00,39.91,40.4,38.7,38.75,25533,0
2017-12-05,18:00:00,38.66,38.94,37.6201,38,28611,0
2017-12-05,19:00:00,38,38.76,38,38.61,3700,0
2017-12-05,20:00:00,38.73,38.77,38.36,38.67,5428,0
2017-12-05,21:00:00,38.55,38.94,38.5,38.82,4900,0
2017-12-05,22:00:00,38.6525,39.38,38.3902,38.61,18160,0
2017-12-06,16:00:00,38.03,38.9,37.535,38.33,7231,0
2017-12-06,17:00:00,38.3,38.93,38.07,38.73,15619,0
2017-12-06,18:00:00,38.66,38.66,37.72,38.02,13651,0
2017-12-06,19:00:00,38.02,38.26,37.65,37.73,13573,0
2017-12-06,20:00:00,37.68,37.88,37.65,37.88,9040,0
2017-12-06,21:00:00,37.76,37.92,37.65,37.77,6440,0
2017-12-06,22:00:00,37.68,37.93,37.5,37.55,20097,0
2017-12-07,16:00:00,37.51,38.71,37.51,38.51,1955,0
2017-12-07,17:00:00,38.51,40,38.5,39.36,14310,0
2017-12-07,18:00:00,39.31,39.65,39.01,39.37,9416,0
2017-12-07,19:00:00,39.36,39.61,39.36,39.5,4352,0
2017-12-07,20:00:00,39.47,39.48,39.1,39.48,1300,0
2017-12-07,21:00:00,39.4,39.55,39.24,39.24,8522,0
2017-12-07,22:00:00,39.19,39.26,39.033,39.26,9012,0
2017-12-08,17:00:00,39.38,39.38,38.47,38.78,4800,0
2017-12-08,18:00:00,38.54,38.89,38.52,38.83,2051,0
2017-12-08,19:00:00,38.78,39.04,38.63,38.7,3300,0
2017-12-08,20:00:00,38.91,38.91,38.29,38.425,2600,0
2017-12-08,21:00:00,38.46,38.46,38.21,38.29,1716,0
2017-12-08,22:00:00,38.3997,38.52,38.3,38.46,7293,0
2017-12-11,16:00:00,38.95,39.49,38.5,38.6,67653,0
2017-12-11,17:00:00,38.6,39.03,38.11,38.98,19489,0
2017-12-11,18:00:00,38.66,38.8899,38.44,38.61,16460,0
2017-12-11,19:00:00,38.23,38.23,37.27,37.27,17320,0
2017-12-11,20:00:00,37.31,38.13,37.31,38.05,4085,0
2017-12-11,21:00:00,37.7,37.91,37.54,37.59,2485,0
2017-12-11,22:00:00,37.57,37.82,37.53,37.71,8792,0
2017-12-12,16:00:00,37.39,38.45,37.39,38.45,4892,0
2017-12-12,17:00:00,38.44,38.95,38.39,38.67,22376,0
2017-12-12,18:00:00,38.68,38.718,38.21,38.4,14560,0
2017-12-12,19:00:00,38.41,38.5,38.04,38.04,26554,0
2017-12-12,20:00:00,38.05,38.55,38.05,38.42,19704,0
2017-12-12,21:00:00,38.3776,38.51,38.33,38.5,36491,0
2017-12-12,22:00:00,38.47,38.64,38.42,38.55,58610,0
2017-12-13,16:00:00,38.58,38.58,37.87,38.33,3109,0
2017-12-13,17:00:00,38.438,38.438,37.61,37.64,11025,0
2017-12-13,18:00:00,37.69,37.91,36.9,37.1401,20508,0
2017-12-13,19:00:00,37.14,37.33,36.73,36.9201,20650,0
2017-12-13,20:00:00,37.07,37.54,36.93,37.2285,21916,0
2017-12-13,21:00:00,37.18,37.36,37,37.08,20306,0
2017-12-13,22:00:00,37.05,37.38,36.75,36.75,29996,0
2017-12-14,16:00:00,36.85,37.69,36.66,37.56,9336,0
2017-12-14,17:00:00,37.625,37.9,36.86,37,14270,0
2017-12-14,18:00:00,36.95,37.3,36.76,37.17,12150,0
2017-12-14,19:00:00,37,37.26,36.9,37.07,10550,0
2017-12-14,20:00:00,37.01,37.27,37.01,37.26,10980,0
2017-12-14,21:00:00,37.14,37.33,37.01,37.33,4500,0
2017-12-14,22:00:00,37.31,37.47,37.005,37.1,11736,0
2017-12-15,16:00:00,37.28,37.28,37.28,37.28,201,0
2017-12-15,17:00:00,37.29,37.85,37.11,37.5729,11164,0
2017-12-15,18:00:00,37.65,37.82,37.28,37.475,7505,0
2017-12-15,19:00:00,37.58,37.58,37.345,37.38,715,0
2017-12-15,20:00:00,37.29,37.64,37.19,37.2945,3250,0
2017-12-15,21:00:00,37.39,37.69,37.25,37.64,1690,0
2017-12-15,22:00:00,37.53,38,37.32,37.94,42646,0
2017-12-18,16:00:00,38.48,38.48,38.06,38.47,7539,0
2017-12-18,17:00:00,38.48,39.73,38.24,39.56,45661,0
2017-12-18,18:00:00,39.31,39.93,39.03,39.9,21757,0
2017-12-18,19:00:00,39.9,39.9,39.6,39.71,6980,0
2017-12-18,20:00:00,39.75,39.75,39.33,39.4995,4366,0
2017-12-18,21:00:00,39.55,39.9,38.67,39.7,38712,0
2017-12-18,22:00:00,39.7,39.9,39.41,39.78,42627,0
2017-12-19,16:00:00,39.6,39.8,38.06,38.93,6185,0
2017-12-19,17:00:00,39.4,39.77,38.93,39.43,8066,0
2017-12-19,18:00:00,39.42,39.7518,39.09,39.46,4000,0
2017-12-19,19:00:00,39.2,39.33,38.61,38.875,4103,0
2017-12-19,20:00:00,38.87,39.0868,38.87,38.99,1800,0
2017-12-19,21:00:00,38.9,39.12,38.67,38.67,1382,0
2017-12-19,22:00:00,39.26,39.26,38.34,38.52,8043,0
2017-12-20,16:00:00,38.12,38.3,37.64,38.04,1517,0
2017-12-20,17:00:00,37.84,38.05,37.77,38.05,900,0
2017-12-20,18:00:00,38.07,38.1,37.71,37.89,3800,0
2017-12-20,19:00:00,38.02,38.1,37.91,38.1,1710,0
2017-12-20,20:00:00,38,38.1,38,38.1,600,0
2017-12-20,21:00:00,37.95,38.24,37.9,38.22,4986,0
2017-12-20,22:00:00,38.29,38.4,37.855,37.87,5825,0
2017-12-21,16:00:00,37.1901,37.5,37.1901,37.5,5531,0
2017-12-21,17:00:00,37.5,38.38,37.5,38.38,12599,0
2017-12-21,18:00:00,38.3,39.5,38.06,38.86,29742,0
2017-12-21,19:00:00,39.18,39.4,38.5,38.8,14880,0
2017-12-21,20:00:00,38.8005,38.8005,37.875,38.35,29232,0
2017-12-21,21:00:00,38.3,38.5,38.3,38.33,6300,0
2017-12-21,22:00:00,38.19,38.68,38.01,38.49,24303,0
2017-12-22,16:00:00,38.41,38.5,38.38,38.38,670,0
2017-12-22,17:00:00,38.37,38.5,37.85,38.5,5602,0
2017-12-22,18:00:00,38.1501,38.33,37.97,37.97,1852,0
2017-12-22,19:00:00,38,38.41,37.74,38.41,2400,0
2017-12-22,20:00:00,38.2679,38.46,38.13,38.37,900,0
2017-12-22,22:00:00,38.35,38.78,38.27,38.77,11161,0
2017-12-26,16:00:00,38.61,38.68,37.49,37.64,19052,0
2017-12-26,17:00:00,37.55,38.27,37.19,37.59,66289,0
2017-12-26,18:00:00,37.67,38.2846,37.67,38.15,15124,0
2017-12-26,19:00:00,38.15,38.28,37.59,37.65,23998,0
2017-12-26,20:00:00,37.66,37.71,37.3,37.3,4560,0
2017-12-26,21:00:00,37.52,37.75,37.49,37.51,5427,0
2017-12-26,22:00:00,37.55,37.8,37.5011,37.58,21119,0
2017-12-27,16:00:00,37.5,37.9,37.3,37.86,11765,0
2017-12-27,17:00:00,38,38.17,37.54,38.17,25791,0
2017-12-27,18:00:00,38.18,38.3,37.9,38.24,21876,0
2017-12-27,19:00:00,38.185,38.44,38.185,38.37,17613,0
2017-12-27,20:00:00,38.4,38.5,38.05,38.27,28742,0
2017-12-27,21:00:00,38.14,38.5,38.14,38.49,6310,0
2017-12-27,22:00:00,38.5,38.5,38.23,38.48,13077,0
2017-12-28,16:00:00,38.5,38.715,38.04,38.115,5161,0
2017-12-28,17:00:00,38.3741,38.59,37.89,38.59,9800,0
2017-12-28,18:00:00,38.3,38.58,37.71,38.01,13105,0
2017-12-28,19:00:00,38.37,38.37,38.07,38.21,1929,0
2017-12-28,20:00:00,38.37,38.43,38.35,38.43,400,0
2017-12-28,21:00:00,38.29,38.29,38.13,38.1817,890,0
2017-12-28,22:00:00,38.13,38.25,38.04,38.25,3381,0
2017-12-29,16:00:00,38.44,38.44,37.55,38.08,11146,0
2017-12-29,17:00:00,37.75,38.19,37.41,37.71,13855,0
2017-12-29,18:00:00,37.78,37.86,37.46,37.86,1900,0
2017-12-29,19:00:00,37.85,37.85,37.85,37.85,100,0
2017-12-29,20:00:00,37.77,37.86,37.56,37.67,3245,0
2017-12-29,21:00:00,37.6,37.66,37.29,37.66,7718,0
2017-12-29,22:00:00,37.5,37.5,37.21,37.21,6918,0
2018-01-02,16:00:00,38.32,38.32,37.53,37.744,8242,0
2018-01-02,17:00:00,38,38.265,37.795,38.2,5450,0
2018-01-02,18:00:00,38.2,38.8,38.0101,38.36,25763,0
2018-01-02,19:00:00,38.5634,38.65,38.5634,38.65,2600,0
2018-01-02,20:00:00,38.545,39.4548,38.545,38.995,21952,0
2018-01-02,21:00:00,39.44,39.44,38.69,38.85,5100,0
2018-01-02,22:00:00,38.735,39.1,38.48,38.64,20848,0
2018-01-03,16:00:00,39.08,41.7799,39.08,41.7799,56996,0
2018-01-03,17:00:00,41.7799,42.85,41.31,42.51,54023,0
2018-01-03,18:00:00,42.58,44.33,42.58,43.9,32892,0
2018-01-03,19:00:00,44.1208,44.36,43.62,44.226,28961,0
2018-01-03,20:00:00,44.2231,44.93,44.2231,44.53,26599,0
2018-01-03,21:00:00,44.46,46.6799,44.4187,44.591,23677,0
2018-01-03,22:00:00,44.828,45.16,44.23,44.58,23531,0
2018-01-04,16:00:00,44.59,44.59,42.77,43.4075,6360,0
2018-01-04,17:00:00,43.2805,43.8498,41.56,42.5,66403,0
2018-01-04,18:00:00,42.6,42.95,41.85,42.68,8805,0
2018-01-04,19:00:00,42.75,43,42.4,42.745,13968,0
2018-01-04,20:00:00,42.55,42.93,42.55,42.79,4260,0
2018-01-04,21:00:00,42.81,42.815,42.56,42.56,11020,0
2018-01-04,22:00:00,42.59,42.93,42.56,42.85,13672,0
2018-01-05,16:00:00,42.5,42.5,41.65,42.3081,9979,0
2018-01-05,17:00:00,42.47,44,42.33,43.85,12526,0
2018-01-05,18:00:00,43.7448,43.9,43.2462,43.83,3993,0
2018-01-05,19:00:00,43.75,46.075,43.42,44.8407,38526,0
2018-01-05,20:00:00,45.1,45.3837,43.8984,43.8984,8793,0
2018-01-05,21:00:00,43.67,44.58,43.61,43.93,4676,0
2018-01-05,22:00:00,44.17,44.95,43.87,43.97,10938,0
2018-01-08,16:00:00,44.8,44.85,44.36,44.36,4731,0
2018-01-08,17:00:00,44.04,44.04,41.95,42.3,13778,0
2018-01-08,18:00:00,42.1899,44.2699,42.16,44.06,9427,0
2018-01-08,19:00:00,44.04,44.04,43.1101,43.14,10683,0
2018-01-08,20:00:00,43,43.6,42.97,43,17097,0
2018-01-08,21:00:00,42.74,43.62,42.63,43.31,4350,0
2018-01-08,22:00:00,43.13,43.3076,43,43,7178,0
2018-01-09,16:00:00,43.5,43.59,42.7411,42.75,2224,0
2018-01-09,17:00:00,44.1001,44.6723,43.55,44.03,5876,0
2018-01-09,18:00:00,44.01,44.02,43.7,43.7,600,0
2018-01-09,19:00:00,43.6034,44.22,43.6034,44.22,1562,0
2018-01-09,20:00:00,44.02,44.105,43.96,43.96,800,0
2018-01-09,21:00:00,43.92,44,43.8322,43.8322,1420,0
2018-01-09,22:00:00,43.72,44.43,43.32,43.44,6803,0
2018-01-10,16:00:00,43.17,43.17,42.1575,42.9175,738,0
2018-01-10,17:00:00,42.5,43.44,42.5,43.12,4543,0
2018-01-10,18:00:00,43.1714,43.56,43.1714,43.56,300,0
2018-01-10,19:00:00,43.44,43.45,42.7946,43.181,1019,0
2018-01-10,20:00:00,43.82,44.2,43.79,43.95,3021,0
2018-01-10,21:00:00,44.1013,44.16,43.74,43.74,2200,0
2018-01-10,22:00:00,43.92,44.11,43.57,43.67,4029,0
2018-01-11,16:00:00,44.03,44.03,44,44,359,0
2018-01-11,17:00:00,43.64,44.8708,43.63,43.96,12648,0
2018-01-11,18:00:00,44.3,44.3,43.838,43.91,2280,0
2018-01-11,19:00:00,44.18,44.68,43.95,44.34,5651,0
2018-01-11,20:00:00,44.13,44.31,44.11,44.3,1000,0
2018-01-11,21:00:00,44.34,44.75,43.8975,44.4184,4380,0
2018-01-11,22:00:00,44.5,44.89,43.9,44.02,11452,0
2018-01-12,16:00:00,44.02,44.02,44.02,44.02,176,0
2018-01-12,17:00:00,44.49,44.61,44.04,44.25,1600,0
2018-01-12,18:00:00,44.38,45.1,43.3512,44.9919,676,0
2018-01-12,19:00:00,45,45,44.6,44.6,1722,0
2018-01-12,20:00:00,44.2211,44.96,44.2211,44.89,6367,0
2018-01-12,21:00:00,45.15,45.18,44.12,44.14,4702,0
2018-01-12,22:00:00,43.55,44.61,43.55,44.16,7060,0
2018-01-16,16:00:00,44.47,46.36,44.47,46.36,13537,0
2018-01-16,17:00:00,46.022,46.505,45.4,45.5,10815,0
2018-01-16,18:00:00,45.5,45.5,45.05,45.1,24503,0
2018-01-16,19:00:00,45.15,45.2,44.84,44.98,7403,0
2018-01-16,20:00:00,44.9,45.39,44.9,45.35,15837,0
2018-01-16,21:00:00,45.35,45.5,43.98,44.51,21436,0
2018-01-16,22:00:00,44.49,45.4,44.24,45.05,37859,0
2018-01-17,16:00:00,44,44.25,42.5,44,23555,0
2018-01-17,17:00:00,43.82,43.85,42.77,43.2,12830,0
2018-01-17,18:00:00,43.18,43.77,43,43.28,25310,0
2018-01-17,19:00:00,43.0201,43.75,43.0101,43.0401,19890,0
2018-01-17,20:00:00,43.1001,43.57,42.55,43.28,12156,0
2018-01-17,21:00:00,43.29,44.05,43.2201,43.595,10950,0
2018-01-17,22:00:00,43.69,44.19,43.24,43.26,30407,0
2018-01-18,16:00:00,42.92,43.989,42.8001,42.8101,1640,0
2018-01-18,17:00:00,42.88,43.06,42,42.97,14492,0
2018-01-18,18:00:00,42.95,43.48,42.8,43.475,4353,0
2018-01-18,19:00:00,43.72,43.77,42.6601,43.45,14053,0
2018-01-18,20:00:00,43.31,43.45,42.5001,42.5001,5740,0
2018-01-18,21:00:00,43.04,43.06,41,41.2803,28067,0
2018-01-18,22:00:00,40.98,42.72,40.98,42.46,61048,0
2018-01-19,16:00:00,43.12,43.4,41.5,42.17,115017,0
2018-01-19,17:00:00,42.16,42.59,41.7,42.55,97318,0
2018-01-19,18:00:00,42.57,43.2,42.52,42.66,70627,0
2018-01-19,19:00:00,42.6,43.31,42.31,42.735,33407,0
2018-01-19,20:00:00,42.7582,42.82,42.25,42.25,22659,0
2018-01-19,21:00:00,42.305,42.7,41.9,42.11,18985,0
2018-01-19,22:00:00,42.145,43.14,41.98,43,127262,0
2018-01-22,16:00:00,43.15,47.13,43.15,46.5,60999,0
2018-01-22,17:00:00,46.26,48.69,45.8,48.161,76963,0
2018-01-22,18:00:00,48.261,50.62,47.471,49.95,109500,0
2018-01-22,19:00:00,49.6,50,48.32,49.85,25098,0
2018-01-22,20:00:00,49.98,50,48.65,49.5,41484,0
2018-01-22,21:00:00,49.675,50,49.4,49.75,25601,0
2018-01-22,22:00:00,49.595,51.38,49.36,50.02,80399,0
2018-01-23,16:00:00,50,50,48.431,48.7,22025,0
2018-01-23,17:00:00,48.7,49.19,48.49,48.635,25784,0
2018-01-23,18:00:00,48.53,49.49,48.5,49.16,21581,0
2018-01-23,19:00:00,49.14,49.43,48.66,49.15,30000,0
2018-01-23,20:00:00,49.15,49.2847,48.51,49.17,19105,0
2018-01-23,21:00:00,49.07,49.45,48.73,49.29,27661,0
2018-01-23,22:00:00,49.39,49.44,49.05,49.1,34549,0
2018-01-24,16:00:00,48.61,48.95,47.81,48.77,21372,0
2018-01-24,17:00:00,48.71,51.2417,48.51,50,42751,0
2018-01-24,18:00:00,49.77,49.77,48.81,49.495,11367,0
2018-01-24,19:00:00,49.33,49.9,48.4932,48.54,12183,0
2018-01-24,20:00:00,48.88,50.31,48.88,50.31,6661,0
2018-01-24,21:00:00,50.15,50.97,49.825,50.3777,21276,0
2018-01-24,22:00:00,50.65,50.91,50.33,50.4,17676,0
2018-01-25,16:00:00,50.64,52.57,50.64,51.4,10788,0
2018-01-25,17:00:00,51.0204,52.34,50.7927,51.285,13635,0
2018-01-25,18:00:00,51.4,52.3,51.12,52.3,19015,0
2018-01-25,19:00:00,52.18,54.1399,51.77,53.76,44493,0
2018-01-25,20:00:00,53.62,53.87,52.95,53.48,17771,0
2018-01-25,21:00:00,53.48,53.87,53.41,53.87,22057,0
2018-01-25,22:00:00,53.86,56.555,53.86,55.47,41348,0
2018-01-26,16:00:00,54.43,55.456,53.05,55.0598,14216,0
2018-01-26,17:00:00,54.79,55.06,53,53.225,38363,0
2018-01-26,18:00:00,53.07,53.69,52,53.1269,42683,0
2018-01-26,19:00:00,53.1,53.77,52.33,52.5,26028,0
2018-01-26,20:00:00,52.5,53.54,52.5,53.54,18480,0
2018-01-26,21:00:00,53.54,53.9999,53.12,53.92,11718,0
2018-01-26,22:00:00,53.89,54.39,53.83,53.84,16875,0
2018-01-29,16:00:00,53.87,54.62,52.71,53.33,5967,0
2018-01-29,17:00:00,54.014,54.27,51.03,51.03,34543,0
2018-01-29,18:00:00,51.797,53.4,51.01,52.77,29076,0
2018-01-29,19:00:00,52.4275,52.76,50.56,51.17,33704,0
2018-01-29,20:00:00,51.47,51.97,51,51.06,11467,0
2018-01-29,21:00:00,50.9947,51.6,50.81,51.06,5586,0
2018-01-29,22:00:00,51,51.09,50.6,50.78,16265,0
2018-01-30,16:00:00,50,52,49.0379,49.85,24623,0
2018-01-30,17:00:00,49.6399,50.53,49.13,50.08,11266,0
2018-01-30,18:00:00,50.17,50.17,49.21,49.59,17813,0
2018-01-30,19:00:00,49.8566,49.87,49.48,49.48,4640,0
2018-01-30,20:00:00,49.24,49.6026,49.02,49.22,12104,0
2018-01-30,21:00:00,49.49,49.94,48.5,49.88,21193,0
2018-01-30,22:00:00,49.61,50.08,49.11,49.76,22989,0
2018-01-31,16:00:00,51.03,52.88,50.01,51.87,24405,0
2018-01-31,17:00:00,53.5055,53.5055,50.12,50.98,20103,0
2018-01-31,18:00:00,50.95,51.07,49.6,50.015,6509,0
2018-01-31,19:00:00,50.19,50.47,49,49.26,5824,0
2018-01-31,20:00:00,49.37,49.7052,49.31,49.31,600,0
2018-01-31,21:00:00,49.34,49.66,49.13,49.66,2910,0
2018-01-31,22:00:00,49.01,49.5,48.6101,49.12,7755,0
2018-02-01,16:00:00,49.19,50.68,49.19,50.55,5197,0
2018-02-01,17:00:00,50.33,50.52,49.35,50,12834,0
2018-02-01,18:00:00,49.9999,50.1,49.94,49.96,5100,0
2018-02-01,19:00:00,49.99,50.16,49.21,50.0099,20024,0
2018-02-01,20:00:00,49.84,50.2,49.74,49.74,5749,0
2018-02-01,21:00:00,49.6799,49.7899,49.0798,49.75,4032,0
2018-02-01,22:00:00,49.74,49.91,49.295,49.91,6419,0
2018-02-02,16:00:00,49.31,49.31,49.31,49.31,512,0
2018-02-02,17:00:00,48.52,49,47.6,48.99,14032,0
2018-02-02,18:00:00,48.69,49.3899,48.12,49.1799,9872,0
2018-02-02,19:00:00,48.5,48.81,48.47,48.6499,2000,0
2018-02-02,20:00:00,48.469,48.89,48.3,48.89,1816,0
2018-02-02,21:00:00,48.83,49.6039,48.6909,49.6039,6629,0
2018-02-02,22:00:00,49.03,49.33,48.1,48.18,6481,0
2018-02-05,16:00:00,47.07,47.4,46.8,47.3,5260,0
2018-02-05,17:00:00,46.8972,47.83,46.76,46.86,12890,0
2018-02-05,18:00:00,47.38,48.07,46.64,47.14,11991,0
2018-02-05,19:00:00,47.05,47.29,46.65,46.99,3921,0
2018-02-05,20:00:00,47.0324,47.0324,45.25,45.71,7189,0
2018-02-05,21:00:00,45.45,46.9,45.45,45.65,3000,0
2018-02-05,22:00:00,45.7,46.08,44.63,45.22,16686,0
2018-02-06,16:00:00,44.96,47.17,44.15,46.5,18915,0
2018-02-06,17:00:00,46.34,47.2966,45.86,46.82,28985,0
2018-02-06,18:00:00,46.7029,47.95,46.5001,47.56,21674,0
2018-02-06,19:00:00,47.5201,47.909,47.2467,47.46,6076,0
2018-02-06,20:00:00,47.58,47.92,47.445,47.69,3640,0
2018-02-06,21:00:00,47.64,50.44,47.64,50.44,57818,0
2018-02-06,22:00:00,50.33,51.11,50,51,36996,0
2018-02-07,16:00:00,50.92,51,49.7576,50.7518,3760,0
2018-02-07,17:00:00,50.2982,50.5413,48.51,49.48,22002,0
2018-02-07,18:00:00,49.86,49.89,49.39,49.89,1800,0
2018-02-07,19:00:00,49.876,50.03,49.19,50,12581,0
2018-02-07,20:00:00,50.04,50.3,49.19,49.9,21479,0
2018-02-07,21:00:00,49.74,50.6816,49.59,49.651,44436,0
2018-02-07,22:00:00,49.68,50.33,49.545,50.11,17977,0
2018-02-08,16:00:00,49.84,50.84,49.6,50.0898,7163,0
2018-02-08,17:00:00,49.88,50.2,49.24,49.24,26796,0
2018-02-08,18:00:00,49.08,49.47,48,48,10829,0
2018-02-08,19:00:00,47.89,48.92,47.83,48.18,16444,0
2018-02-08,20:00:00,48.14,48.4899,47.9279,48.35,3994,0
2018-02-08,21:00:00,48.34,48.36,47.56,47.75,7500,0
2018-02-08,22:00:00,48.06,49.14,47.75,48.89,36277,0
2018-02-09,16:00:00,49.09,49.1,48.0405,48.36,10933,0
2018-02-09,17:00:00,47.6736,49.2608,46.96,48.12,12061,0
2018-02-09,18:00:00,47.99,49,47.1642,49,18201,0
2018-02-09,19:00:00,48.85,48.85,46.35,46.99,22932,0
2018-02-09,20:00:00,46.5,47.3512,46.2033,47.09,10496,0
2018-02-09,21:00:00,47.47,48.04,47.47,48,3501,0
2018-02-09,22:00:00,47.74,48.56,47.6,47.6,9771,0
2018-02-12,16:00:00,47.5,48.485,47.115,47.115,5919,0
2018-02-12,17:00:00,47.49,49.3,47.49,48.67,21565,0
2018-02-12,18:00:00,48.7,49.24,48.3,49.24,2500,0
2018-02-12,19:00:00,48.91,49.82,48.8,49.28,15133,0
2018-02-12,20:00:00,49.28,50.73,49.21,49.65,11309,0
2018-02-12,21:00:00,49.805,49.882,49.59,49.655,4404,0
2018-02-12,22:00:00,49.54,50.15,49,50.05,28710,0
2018-02-13,16:00:00,49.74,49.75,48.6,49.29,4060,0
2018-02-13,17:00:00,48.75,50,48.58,48.96,27285,0
2018-02-13,18:00:00,49.1,49.78,48.98,49.34,15795,0
2018-02-13,19:00:00,49.27,49.2845,47.58,48.2,13524,0
2018-02-13,20:00:00,48.25,48.58,47.7,48.56,10597,0
2018-02-13,21:00:00,48.36,49.78,48.36,49.61,22979,0
2018-02-13,22:00:00,49.5,49.8,49.4,49.58,13158,0
2018-02-14,16:00:00,49.53,49.59,49.13,49.545,4731,0
2018-02-14,17:00:00,49.63,50.52,49.58,49.79,31710,0
2018-02-14,18:00:00,49.95,50,49.01,49.74,28312,0
2018-02-14,19:00:00,49.75,51.3,49.75,49.92,40020,0
2018-02-14,20:00:00,49.867,51,49.867,50.57,7788,0
2018-02-14,21:00:00,50.53,50.96,49.76,50,10870,0
2018-02-14,22:00:00,50.1,50.64,49.86,50.64,19642,0
2018-02-15,16:00:00,51.61,51.61,48.61,50.23,20614,0
2018-02-15,17:00:00,50.405,50.9,49.745,49.78,41459,0
2018-02-15,18:00:00,49.85,50,49.65,49.7,19985,0
2018-02-15,19:00:00,49.7,50.47,49.68,49.75,12138,0
2018-02-15,20:00:00,49.88,50.98,49.75,49.935,13971,0
2018-02-15,21:00:00,49.78,50.05,49.75,49.935,12908,0
2018-02-15,22:00:00,49.85,50.16,49.79,50.08,27136,0
2018-02-16,16:00:00,50.12,50.4062,49.36,50.079,5642,0
2018-02-16,17:00:00,49.31,50.0793,47.92,48.25,16771,0
2018-02-16,18:00:00,48.26,48.607,47.1132,48.25,15403,0
2018-02-16,19:00:00,48.39,48.45,48.01,48.01,4099,0
2018-02-16,20:00:00,48,48.38,47.37,47.4,7558,0
2018-02-16,21:00:00,47.5,47.66,46.85,47.66,7896,0
2018-02-16,22:00:00,47.4,48.44,46.79,47.8,35941,0
2018-02-20,16:00:00,48.54,48.54,46.81,47.93,6922,0
2018-02-20,17:00:00,47.98,49.5,47.57,49.3875,70463,0
2018-02-20,18:00:00,49.47,50.405,49.2,49.8,55136,0
2018-02-20,19:00:00,49.99,50.2,49.7,50.15,39061,0
2018-02-20,20:00:00,50,50.15,49.82,50.01,15095,0
2018-02-20,21:00:00,50,50.29,49.48,49.49,5800,0
2018-02-20,22:00:00,49.9,50.16,48.83,50,28907,0
2018-02-21,16:00:00,50.33,50.76,50.33,50.76,2277,0
2018-02-21,17:00:00,50.93,51.99,49.87,50.18,36094,0
2018-02-21,18:00:00,50.96,51.08,50.33,50.7,12437,0
2018-02-21,19:00:00,50.75,51.92,50.56,51.1478,9224,0
2018-02-21,20:00:00,51.4503,52.52,51.445,51.936,8750,0
2018-02-21,21:00:00,51.94,52.7,51.8,51.929,10006,0
2018-02-21,22:00:00,51.88,52.3296,50.62,50.93,22399,0
2018-02-22,16:00:00,50.7,50.7,49.66,50.3,5723,0
2018-02-22,17:00:00,50.435,51.98,50.24,50.99,29568,0
2018-02-22,18:00:00,51.13,51.5,49.8326,49.95,19877,0
2018-02-22,19:00:00,49.96,50,49.39,49.59,5750,0
2018-02-22,20:00:00,49.52,49.72,49.26,49.64,3500,0
2018-02-22,21:00:00,49.46,49.98,49.46,49.92,3400,0
2018-02-22,22:00:00,49.9,49.9,49.28,49.78,8874,0
2018-02-23,16:00:00,50,50,49.6635,49.96,1174,0
2018-02-23,17:00:00,49.12,50.24,48.7,48.7,24565,0
2018-02-23,18:00:00,48.82,49.68,48.82,49.68,1800,0
2018-02-23,19:00:00,49.91,50,49.77,49.95,1300,0
2018-02-23,20:00:00,50.09,50.16,49.89,50.1,2750,0
2018-02-23,21:00:00,50.24,50.99,50.24,50.59,4486,0
2018-02-23,22:00:00,50.7,50.96,50.42,50.91,12249,0
2018-02-26,16:00:00,50.74,52.19,50.74,51.4,9614,0
2018-02-26,17:00:00,51.21,51.21,49.76,49.99,35611,0
2018-02-26,18:00:00,50,50,49.6,49.9,4933,0
2018-02-26,19:00:00,49.81,49.9,49.6,49.8633,7355,0
2018-02-26,20:00:00,49.79,49.79,49.4,49.43,2600,0
2018-02-26,21:00:00,49.49,49.95,49.2,49.87,9741,0
2018-02-26,22:00:00,49.87,50.72,49.78,50.32,10695,0
2018-02-27,16:00:00,50.5,50.89,50.5,50.51,2327,0
2018-02-27,17:00:00,50.51,50.86,49.2879,50,22832,0
2018-02-27,18:00:00,49.94,49.99,49.94,49.99,200,0
2018-02-27,19:00:00,49.5464,49.57,49.11,49.46,4063,0
2018-02-27,20:00:00,49.6492,49.6492,49.2136,49.46,1488,0
2018-02-27,21:00:00,49.4,49.69,49.22,49.69,4615,0
2018-02-27,22:00:00,49.5,49.94,49.5,49.86,8677,0
2018-02-28,16:00:00,49.06,49.6,49.0001,49.6,7877,0
2018-02-28,17:00:00,49.66,50.88,49.2994,50.45,24216,0
2018-02-28,18:00:00,50.59,51.39,50.59,51.35,12559,0
2018-02-28,19:00:00,51.38,52.675,51.02,52.395,17139,0
2018-02-28,20:00:00,52.35,53.778,52.0087,53.2785,34796,0
2018-02-28,21:00:00,53.22,53.3,52.655,52.8,14775,0
2018-02-28,22:00:00,52.851,52.94,51.54,52.66,21011,0
2018-03-01,16:00:00,52.31,53.27,51.1601,51.9,7652,0
2018-03-01,17:00:00,51.5,52.499,51.25,52.255,6943,0
2018-03-01,18:00:00,52.28,53,51.99,52.99,10532,0
2018-03-01,19:00:00,52.9,53,52.14,52.7045,8840,0
2018-03-01,20:00:00,52.4,52.9,52.07,52.8694,15953,0
2018-03-01,21:00:00,52.77,52.79,52.18,52.52,15407,0
2018-03-01,22:00:00,52.7,53.13,52.38,52.905,23715,0
2018-03-02,16:00:00,52.59,52.59,51.5101,51.69,4164,0
2018-03-02,17:00:00,51.71,52.8399,51.71,52.2,3181,0
2018-03-02,18:00:00,52.4015,53.63,51.81,53.06,26648,0
2018-03-02,19:00:00,52.8,54.66,52.8,54.56,14444,0
2018-03-02,20:00:00,54.4525,54.4525,52.46,53.236,8973,0
2018-03-02,21:00:00,53.25,54.33,53.17,53.685,12128,0
2018-03-02,22:00:00,53.71,54.79,52.81,54.13,13932,0
2018-03-05,16:00:00,54.43,54.46,53.58,54,4169,0
2018-03-05,17:00:00,54.194,54.75,53.5,54.1,13710,0
2018-03-05,18:00:00,54.3,57.75,54.15,56,36613,0
2018-03-05,19:00:00,55.83,56.8,55.83,56.75,22579,0
2018-03-05,20:00:00,56.81,57.68,56.8041,57.235,26968,0
2018-03-05,21:00:00,56.92,57.22,56.25,56.41,10797,0
2018-03-05,22:00:00,56.41,57.14,55.82,56.67,45713,0
2018-03-06,16:00:00,56.86,57.25,55.34,55.34,6095,0
2018-03-06,17:00:00,55.735,56.9,55.33,55.91,8210,0
2018-03-06,18:00:00,55.9,55.95,55.01,55.23,10089,0
2018-03-06,19:00:00,55.1125,55.6,54.66,54.97,4258,0
2018-03-06,20:00:00,55.18,55.8099,54.835,55.528,8341,0
2018-03-06,21:00:00,55.665,56.24,54.81,56,6529,0
2018-03-06,22:00:00,55.92,56.62,55.49,56.62,26993,0
2018-03-07,16:00:00,55.06,55.92,54.62,55,9026,0
2018-03-07,17:00:00,55.75,56.81,55.7,56.81,4849,0
2018-03-07,18:00:00,56.3335,56.6,56.29,56.29,1459,0
2018-03-07,19:00:00,56.25,56.45,55.77,56.45,2049,0
2018-03-07,20:00:00,55.976,56.28,55.58,55.7849,2950,0
2018-03-07,21:00:00,56.11,56.29,55.61,55.78,3473,0
2018-03-07,22:00:00,56.01,56.01,55.35,55.5,7216,0
2018-03-08,16:00:00,55.46,55.94,55.33,55.94,1502,0
2018-03-08,17:00:00,55.6597,55.96,55.32,55.44,3800,0
2018-03-08,18:00:00,55.24,56.515,55.24,56.07,2479,0
2018-03-08,19:00:00,56.26,56.81,55.02,55.71,20870,0
2018-03-08,20:00:00,55.14,56.09,55.01,55.19,3479,0
2018-03-08,21:00:00,55.26,56.02,55.26,56.02,1200,0
2018-03-08,22:00:00,55.898,56.64,55.77,56,10213,0
2018-03-09,16:00:00,56.35,56.35,56.02,56.04,634,0
2018-03-09,17:00:00,56.1899,56.55,55.57,56.19,8690,0
2018-03-09,18:00:00,56.2299,56.23,55.9,56.17,2919,0
2018-03-09,19:00:00,56.0892,56.23,56.05,56.11,4301,0
2018-03-09,20:00:00,55.965,56.3,55.965,56.3,14172,0
2018-03-09,21:00:00,56.46,57.86,56.381,57.56,16728,0
2018-03-09,22:00:00,57.11,57.34,56.65,57.07,6679,0
2018-03-12,15:00:00,57.44,57.44,56.82,56.91,3933,0
2018-03-12,16:00:00,56.9,58.66,56.9,57.28,15284,0
2018-03-12,17:00:00,57.21,57.77,56.33,57.62,4300,0
2018-03-12,18:00:00,57.5,57.77,57.06,57.41,3650,0
2018-03-12,19:00:00,57.7,57.7,56.85,56.85,2700,0
2018-03-12,20:00:00,56.8944,57.48,56.665,57.48,1800,0
2018-03-12,21:00:00,57.3983,57.72,56.34,56.94,19232,0
2018-03-13,15:00:00,56.74,56.865,55.89,56.865,3804,0
2018-03-13,16:00:00,56.6417,56.74,53.71,54.03,13062,0
2018-03-13,17:00:00,54.8,56,54.04,54.87,40447,0
2018-03-13,18:00:00,54.78,56,54.63,55.785,10583,0
2018-03-13,19:00:00,55.795,56,55.55,55.58,11507,0
2018-03-13,20:00:00,55.8,55.91,55.53,55.53,1600,0
2018-03-13,21:00:00,55.66,55.9,55.29,55.58,5718,0
2018-03-14,15:00:00,55.99,56,55.7001,55.79,2967,0
2018-03-14,16:00:00,56.1,56.1,54.32,54.82,5068,0
2018-03-14,17:00:00,54.93,55.369,54.02,54.63,8706,0
2018-03-14,18:00:00,54.88,56.83,54.85,56.83,9823,0
2018-03-14,19:00:00,57,58.12,56.1,56.92,22068,0
2018-03-14,20:00:00,56.51,57.135,56.07,56.2,4071,0
2018-03-14,21:00:00,56.04,57.54,55.72,57.54,13770,0
2018-03-15,15:00:00,57.47,57.47,54.02,56.34,11569,0
2018-03-15,16:00:00,56.35,57.09,55.23,55.695,65213,0
2018-03-15,17:00:00,56,56.635,55.545,55.545,2536,0
2018-03-15,18:00:00,55.55,56.23,55.3,56.19,8754,0
2018-03-15,19:00:00,55.6799,56.19,55.15,56.19,4502,0
2018-03-15,20:00:00,55.45,56.03,54.645,55.5,14404,0
2018-03-15,21:00:00,55.91,56.99,55.7,56.38,27999,0
2018-03-16,15:00:00,56.77,57.09,56.0018,56.07,5312,0
2018-03-16,16:00:00,56.41,56.42,53.59,54.1,20953,0
2018-03-16,17:00:00,54.21,54.8435,53.85,54.14,8813,0
2018-03-16,18:00:00,54.08,54.62,54.08,54.1,4814,0
2018-03-16,19:00:00,54.11,54.61,54.11,54.44,4100,0
2018-03-16,20:00:00,54.82,55.3,54.69,54.72,20400,0
2018-03-16,21:00:00,54.74,55.17,54.09,54.19,13429,0
2018-03-19,15:00:00,52.86,52.86,51.06,52.25,8863,0
2018-03-19,16:00:00,52.45,53.275,52.28,52.9,13449,0
2018-03-19,17:00:00,52.8741,54.31,52.8741,53.35,6441,0
2018-03-19,18:00:00,53.395,53.69,53.1,53.2764,4634,0
2018-03-19,19:00:00,53.49,54.12,53,53.92,8461,0
2018-03-19,20:00:00,53.8,53.8,53.1,53.37,1900,0
2018-03-19,21:00:00,53.32,53.585,52.48,53.24,21750,0
2018-03-20,15:00:00,53.4,54.05,50.01,52.65,5213,0
2018-03-20,16:00:00,52.8,53.9899,52.8,53.83,2195,0
2018-03-20,17:00:00,53.2,54.115,53.2,53.67,6996,0
2018-03-20,18:00:00,53.78,54.6403,53.6,54.4836,3079,0
2018-03-20,19:00:00,54.28,54.6039,52.94,53.47,14000,0
2018-03-20,20:00:00,53.73,53.73,53,53.12,3889,0
2018-03-20,21:00:00,53.07,53.38,53,53.2,12593,0
2018-03-21,15:00:00,53.06,53.06,53.06,53.06,159,0
2018-03-21,16:00:00,54.15,54.46,52.81,53.1,11051,0
2018-03-21,17:00:00,53.35,54.42,53.3,54.14,14071,0
2018-03-21,18:00:00,54.3,54.3,53.2,53.3,3520,0
2018-03-21,19:00:00,53.605,54.24,53.32,54.01,3797,0
2018-03-21,20:00:00,54.37,54.37,53.4,54.15,2850,0
2018-03-21,21:00:00,53.78,54.319,53.43,53.76,10198,0
2018-03-22,15:00:00,53.31,54.39,51.131,53.41,7312,0
2018-03-22,16:00:00,53.38,54.86,53.38,54.25,16541,0
2018-03-22,17:00:00,54.3696,55,52.92,54.2856,20989,0
2018-03-22,18:00:00,54.25,54.97,54.06,54.6,8617,0
2018-03-22,19:00:00,54.6,55.9236,54.42,54.72,6387,0
2018-03-22,20:00:00,54.7,54.87,54.25,54.25,4854,0
2018-03-22,21:00:00,54.1,54.55,54,54.3,18405,0
2018-03-23,15:00:00,53.65,54.0995,53.28,54,3286,0
2018-03-23,16:00:00,54.41,54.505,52.7,53.095,16839,0
2018-03-23,17:00:00,53.095,53.095,52.67,52.72,2124,0
2018-03-23,18:00:00,52.671,52.88,52.671,52.85,1544,0
2018-03-23,19:00:00,52.86,52.86,52.53,52.53,200,0
2018-03-23,20:00:00,52.58,52.58,52,52,2602,0
2018-03-23,21:00:00,51.13,51.71,50.01,50.66,11029,0
2018-03-26,16:00:00,51,53.2745,51,52.09,13096,0
2018-03-26,17:00:00,52,52.37,51.6101,51.6101,22924,0
2018-03-26,18:00:00,51.63,51.78,51.1601,51.495,11327,0
2018-03-26,19:00:00,51.55,52.27,51.55,51.71,8728,0
2018-03-26,20:00:00,51.72,52.22,51.7,52,5666,0
2018-03-26,21:00:00,52.1,52.556,51.95,52.35,10073,0
2018-03-26,22:00:00,52.35,55.139,52.075,54.55,52867,0
2018-03-27,16:00:00,54.45,54.45,52.25,52.35,5733,0
2018-03-27,17:00:00,52.7556,54,52.5,52.85,22780,0
2018-03-27,18:00:00,52.84,52.89,52.03,52.52,9774,0
2018-03-27,19:00:00,52.2225,52.98,52,52.7,15549,0
2018-03-27,20:00:00,52.485,52.5,52.3,52.34,5200,0
2018-03-27,21:00:00,52.3001,52.935,52.1,52.35,9729,0
2018-03-27,22:00:00,52.36,52.74,52.24,52.42,17794,0
2018-03-28,16:00:00,52.4,52.695,52.1001,52.17,40302,0
2018-03-28,17:00:00,52.2754,52.2754,48.37,49.56,15913,0
2018-03-28,18:00:00,49.2,50.5,48.4514,49.895,19986,0
2018-03-28,19:00:00,49.8343,50.63,49.755,50.52,7198,0
2018-03-28,20:00:00,50.07,51.01,49.91,51.01,10288,0
2018-03-28,21:00:00,51.03,51.3,50.3,50.46,8515,0
2018-03-28,22:00:00,50.72,50.73,49.74,49.88,17956,0
2018-03-29,16:00:00,50.43,50.43,48.2,48.35,23659,0
2018-03-29,17:00:00,48.2437,49.27,48.2437,48.75,34589,0
2018-03-29,18:00:00,48.75,49.82,48.75,49.58,19338,0
2018-03-29,19:00:00,49.92,51.29,49.9,50.565,6600,0
2018-03-29,20:00:00,50.69,50.69,50.69,50.69,100,0
2018-03-29,21:00:00,50.95,50.95,50,50.1,18850,0
2018-03-29,22:00:00,50.254,50.415,49.69,49.69,11225,0
