Date,Time,Open,High,Low,Close,Volume,OpenInt
2017-09-05,16:00:00,50.694,50.694,50.666,50.666,16081,0
2017-09-05,17:00:00,50.675,50.734,50.675,50.724,17267,0
2017-09-05,18:00:00,50.724,50.754,50.704,50.704,8609,0
2017-09-05,19:00:00,50.704,50.764,50.704,50.764,14190,0
2017-09-05,20:00:00,50.776,50.776,50.714,50.714,19073,0
2017-09-05,21:00:00,50.744,50.774,50.724,50.764,7276,0
2017-09-05,22:00:00,50.754,50.794,50.744,50.754,71524,0
2017-09-06,16:00:00,50.774,50.784,50.754,50.784,13030,0
2017-09-06,17:00:00,50.774,50.784,50.768,50.768,11863,0
2017-09-06,18:00:00,50.794,50.8,50.774,50.794,1684,0
2017-09-06,19:00:00,50.794,50.812,50.764,50.765,8293,0
2017-09-06,20:00:00,50.744,50.744,50.698,50.714,12918,0
2017-09-06,21:00:00,50.724,50.724,50.694,50.704,4989,0
2017-09-06,22:00:00,50.685,50.764,50.685,50.724,38281,0
2017-09-07,16:00:00,50.764,50.784,50.755,50.767,18098,0
2017-09-07,17:00:00,50.79,50.862,50.79,50.862,4940,0
2017-09-07,18:00:00,50.862,50.872,50.842,50.842,2477,0
2017-09-07,19:00:00,50.822,50.822,50.805,50.805,9701,0
2017-09-07,20:00:00,50.81,50.81,50.787,50.803,2696,0
2017-09-07,21:00:00,50.803,50.812,50.803,50.803,2335,0
2017-09-07,22:00:00,50.812,50.852,50.803,50.835,14344,0
2017-09-08,16:00:00,50.822,50.822,50.754,50.781,12062,0
2017-09-08,17:00:00,50.774,50.794,50.755,50.764,3964,0
2017-09-08,18:00:00,50.784,50.784,50.754,50.774,8218,0
2017-09-08,19:00:00,50.774,50.774,50.759,50.774,2267,0
2017-09-08,20:00:00,50.767,50.769,50.744,50.759,4216,0
2017-09-08,21:00:00,50.754,50.784,50.754,50.771,3245,0
2017-09-08,22:00:00,50.774,50.803,50.754,50.774,8029,0
2017-09-11,16:00:00,50.704,50.724,50.686,50.714,10007,0
2017-09-11,17:00:00,50.702,50.724,50.685,50.704,10007,0
2017-09-11,18:00:00,50.685,50.704,50.685,50.694,9185,0
2017-09-11,19:00:00,50.689,50.704,50.689,50.704,17119,0
2017-09-11,20:00:00,50.689,50.692,50.659,50.659,3691,0
2017-09-11,21:00:00,50.683,50.7,50.661,50.7,37425,0
2017-09-11,22:00:00,50.685,50.685,50.654,50.665,27089,0
2017-09-12,16:00:00,50.636,50.636,50.586,50.587,28520,0
2017-09-12,17:00:00,50.59,50.606,50.587,50.6,3859,0
2017-09-12,18:00:00,50.597,50.597,50.587,50.593,1946,0
2017-09-12,19:00:00,50.589,50.602,50.577,50.6,5947,0
2017-09-12,20:00:00,50.587,50.597,50.58,50.597,2402,0
2017-09-12,21:00:00,50.597,50.597,50.583,50.59,6861,0
2017-09-12,22:00:00,50.596,50.611,50.59,50.606,9694,0
2017-09-13,16:00:00,50.616,50.616,50.587,50.597,9264,0
2017-09-13,17:00:00,50.592,50.597,50.547,50.557,12698,0
2017-09-13,18:00:00,50.557,50.587,50.547,50.56,11439,0
2017-09-13,19:00:00,50.574,50.587,50.557,50.587,1064,0
2017-09-13,20:00:00,50.585,50.597,50.557,50.579,9676,0
2017-09-13,21:00:00,50.582,50.587,50.537,50.537,10671,0
2017-09-13,22:00:00,50.557,50.567,50.537,50.537,3062,0
2017-09-14,16:00:00,50.547,50.567,50.547,50.567,12087,0
2017-09-14,17:00:00,50.57,50.577,50.557,50.572,26666,0
2017-09-14,18:00:00,50.572,50.587,50.571,50.577,33560,0
2017-09-14,19:00:00,50.58,50.587,50.557,50.557,7188,0
2017-09-14,20:00:00,50.56,50.568,50.547,50.568,4213,0
2017-09-14,21:00:00,50.577,50.577,50.547,50.547,2525,0
2017-09-14,22:00:00,50.577,50.597,50.567,50.587,4390,0
2017-09-15,16:00:00,50.616,50.616,50.597,50.606,7842,0
2017-09-15,17:00:00,50.587,50.587,50.537,50.557,6792,0
2017-09-15,18:00:00,50.57,50.587,50.561,50.586,4231,0
2017-09-15,19:00:00,50.587,50.6,50.573,50.597,6467,0
2017-09-15,20:00:00,50.593,50.606,50.567,50.59,8771,0
2017-09-15,21:00:00,50.58,50.592,50.567,50.58,6344,0
2017-09-15,22:00:00,50.587,50.597,50.577,50.587,19678,0
2017-09-18,16:00:00,50.577,50.577,50.54,50.557,12454,0
2017-09-18,17:00:00,50.557,50.567,50.527,50.527,1936,0
2017-09-18,18:00:00,50.537,50.547,50.537,50.544,3610,0
2017-09-18,19:00:00,50.543,50.547,50.537,50.543,4658,0
2017-09-18,20:00:00,50.537,50.537,50.517,50.517,3829,0
2017-09-18,21:00:00,50.522,50.547,50.517,50.537,6674,0
2017-09-18,22:00:00,50.532,50.557,50.517,50.557,24806,0
2017-09-19,16:00:00,50.567,50.567,50.527,50.547,13666,0
2017-09-19,17:00:00,50.547,50.567,50.527,50.55,17879,0
2017-09-19,18:00:00,50.54,50.547,50.507,50.527,2861,0
2017-09-19,19:00:00,50.517,50.557,50.517,50.527,13516,0
2017-09-19,20:00:00,50.527,50.567,50.517,50.547,18452,0
2017-09-19,21:00:00,50.527,50.557,50.517,50.517,9235,0
2017-09-19,22:00:00,50.537,50.557,50.524,50.547,9652,0
2017-09-20,16:00:00,50.577,50.577,50.547,50.567,9039,0
2017-09-20,17:00:00,50.567,50.597,50.567,50.587,12887,0
2017-09-20,18:00:00,50.577,50.577,50.554,50.557,15575,0
2017-09-20,19:00:00,50.558,50.567,50.537,50.562,4381,0
2017-09-20,20:00:00,50.577,50.581,50.564,50.564,6682,0
2017-09-20,21:00:00,50.557,50.557,50.447,50.479,4956,0
2017-09-20,22:00:00,50.467,50.497,50.452,50.497,11051,0
2017-09-21,16:00:00,50.527,50.537,50.497,50.527,14377,0
2017-09-21,17:00:00,50.517,50.52,50.507,50.515,7353,0
2017-09-21,18:00:00,50.527,50.527,50.512,50.513,5940,0
2017-09-21,19:00:00,50.517,50.569,50.51,50.513,38880,0
2017-09-21,20:00:00,50.507,50.507,50.487,50.5,19252,0
2017-09-21,21:00:00,50.497,50.497,50.474,50.487,5063,0
2017-09-21,22:00:00,50.481,50.505,50.467,50.482,9498,0
2017-09-22,16:00:00,50.537,50.537,50.522,50.537,7871,0
2017-09-22,17:00:00,50.537,50.537,50.517,50.517,3293,0
2017-09-22,18:00:00,50.531,50.531,50.497,50.51,6125,0
2017-09-22,19:00:00,50.498,50.517,50.498,50.504,2467,0
2017-09-22,20:00:00,50.502,50.517,50.498,50.51,6371,0
2017-09-22,21:00:00,50.527,50.537,50.507,50.517,8291,0
2017-09-22,22:00:00,50.513,50.527,50.507,50.514,8365,0
2017-09-25,16:00:00,50.547,50.557,50.527,50.557,10978,0
2017-09-25,17:00:00,50.549,50.577,50.549,50.577,5249,0
2017-09-25,18:00:00,50.61,50.626,50.597,50.606,11717,0
2017-09-25,19:00:00,50.567,50.616,50.567,50.597,3164,0
2017-09-25,20:00:00,50.593,50.606,50.591,50.606,9269,0
2017-09-25,21:00:00,50.596,50.616,50.587,50.601,12275,0
2017-09-25,22:00:00,50.609,50.626,50.603,50.626,11024,0
2017-09-26,16:00:00,50.597,50.597,50.557,50.587,11411,0
2017-09-26,17:00:00,50.586,50.587,50.537,50.537,4974,0
2017-09-26,18:00:00,50.537,50.587,50.537,50.547,12067,0
2017-09-26,19:00:00,50.587,50.598,50.557,50.587,4655,0
2017-09-26,20:00:00,50.577,50.616,50.557,50.606,5410,0
2017-09-26,21:00:00,50.616,50.616,50.584,50.606,4135,0
2017-09-26,22:00:00,50.587,50.606,50.567,50.606,29816,0
2017-09-27,16:00:00,50.447,50.447,50.443,50.447,5464,0
2017-09-27,17:00:00,50.447,50.477,50.427,50.477,12603,0
2017-09-27,18:00:00,50.473,50.487,50.437,50.477,8508,0
2017-09-27,19:00:00,50.467,50.481,50.432,50.457,11925,0
2017-09-27,20:00:00,50.462,50.464,50.437,50.437,8889,0
2017-09-27,21:00:00,50.442,50.457,50.437,50.457,3776,0
2017-09-27,22:00:00,50.457,50.467,50.444,50.467,6140,0
2017-09-28,16:00:00,50.417,50.427,50.407,50.427,5673,0
2017-09-28,17:00:00,50.417,50.426,50.407,50.407,70702,0
2017-09-28,18:00:00,50.407,50.417,50.402,50.417,10040,0
2017-09-28,19:00:00,50.404,50.457,50.404,50.457,3025,0
2017-09-28,20:00:00,50.45,50.467,50.437,50.467,4679,0
2017-09-28,21:00:00,50.457,50.477,50.455,50.467,17322,0
2017-09-28,22:00:00,50.461,50.497,50.461,50.472,13770,0
2017-09-29,16:00:00,50.477,50.497,50.414,50.457,7372,0
2017-09-29,17:00:00,50.447,50.487,50.434,50.467,6599,0
2017-09-29,18:00:00,50.467,50.497,50.467,50.477,6157,0
2017-09-29,19:00:00,50.487,50.487,50.477,50.487,962,0
2017-09-29,20:00:00,50.477,50.49,50.477,50.479,5108,0
2017-09-29,21:00:00,50.487,50.49,50.477,50.477,5332,0
2017-09-29,22:00:00,50.457,50.477,50.457,50.462,16195,0
2017-10-02,16:00:00,50.497,50.507,50.447,50.457,174872,0
2017-10-02,17:00:00,50.457,50.488,50.407,50.467,11772,0
2017-10-02,18:00:00,50.467,50.467,50.437,50.452,7968,0
2017-10-02,19:00:00,50.447,50.467,50.437,50.454,31631,0
2017-10-02,20:00:00,50.444,50.45,50.427,50.428,15119,0
2017-10-02,21:00:00,50.428,50.447,50.428,50.437,6877,0
2017-10-02,22:00:00,50.442,50.447,50.427,50.44,1932,0
2017-10-03,16:00:00,50.467,50.487,50.437,50.477,7624,0
2017-10-03,17:00:00,50.467,50.517,50.467,50.502,27556,0
2017-10-03,18:00:00,50.507,50.517,50.497,50.507,14446,0
2017-10-03,19:00:00,50.507,50.517,50.497,50.51,7616,0
2017-10-03,20:00:00,50.512,50.517,50.487,50.502,21791,0
2017-10-03,21:00:00,50.502,50.507,50.497,50.502,6343,0
2017-10-03,22:00:00,50.502,50.517,50.497,50.507,6715,0
2017-10-04,16:00:00,50.547,50.547,50.522,50.522,14973,0
2017-10-04,17:00:00,50.522,50.522,50.457,50.489,5040,0
2017-10-04,18:00:00,50.492,50.496,50.467,50.478,9896,0
2017-10-04,19:00:00,50.477,50.493,50.477,50.492,3628,0
2017-10-04,20:00:00,50.493,50.507,50.487,50.497,12466,0
2017-10-04,21:00:00,50.507,50.517,50.497,50.497,3308,0
2017-10-04,22:00:00,50.507,50.537,50.497,50.537,19832,0
2017-10-05,16:00:00,50.517,50.517,50.491,50.497,12726,0
2017-10-05,17:00:00,50.482,50.498,50.447,50.477,5277,0
2017-10-05,18:00:00,50.477,50.48,50.437,50.447,17335,0
2017-10-05,19:00:00,50.447,50.467,50.437,50.457,7727,0
2017-10-05,20:00:00,50.447,50.487,50.437,50.487,12903,0
2017-10-05,21:00:00,50.487,50.487,50.457,50.477,4772,0
2017-10-05,22:00:00,50.47,50.487,50.467,50.487,15997,0
2017-10-06,16:00:00,50.378,50.378,50.339,50.341,13463,0
2017-10-06,17:00:00,50.343,50.427,50.343,50.427,5156,0
2017-10-06,18:00:00,50.417,50.477,50.417,50.457,13307,0
2017-10-06,19:00:00,50.46,50.46,50.427,50.446,2452,0
2017-10-06,20:00:00,50.431,50.444,50.431,50.434,2355,0
2017-10-06,21:00:00,50.437,50.447,50.427,50.427,5493,0
2017-10-06,22:00:00,50.411,50.428,50.407,50.427,3379,0
2017-10-09,16:00:00,50.437,50.457,50.421,50.427,8058,0
2017-10-09,17:00:00,50.433,50.437,50.417,50.417,4972,0
2017-10-09,18:00:00,50.424,50.446,50.417,50.44,6027,0
2017-10-09,19:00:00,50.44,50.447,50.428,50.44,8954,0
2017-10-09,20:00:00,50.438,50.447,50.427,50.447,5293,0
2017-10-09,21:00:00,50.457,50.467,50.456,50.457,1029,0
2017-10-09,22:00:00,50.457,50.467,50.448,50.462,6288,0
2017-10-10,16:00:00,50.477,50.487,50.447,50.487,11887,0
2017-10-10,17:00:00,50.507,50.527,50.497,50.522,6829,0
2017-10-10,18:00:00,50.517,50.536,50.502,50.507,6234,0
2017-10-10,19:00:00,50.516,50.517,50.497,50.501,11816,0
2017-10-10,20:00:00,50.502,50.502,50.476,50.476,4662,0
2017-10-10,21:00:00,50.484,50.487,50.467,50.487,6659,0
2017-10-10,22:00:00,50.477,50.486,50.447,50.467,7285,0
2017-10-11,16:00:00,50.497,50.497,50.487,50.487,10148,0
2017-10-11,17:00:00,50.479,50.479,50.475,50.475,1225,0
2017-10-11,18:00:00,50.482,50.496,50.466,50.485,6086,0
2017-10-11,19:00:00,50.472,50.487,50.467,50.472,5533,0
2017-10-11,20:00:00,50.467,50.497,50.447,50.447,10904,0
2017-10-11,21:00:00,50.456,50.48,50.456,50.467,4116,0
2017-10-11,22:00:00,50.472,50.497,50.467,50.487,23741,0
2017-10-12,16:00:00,50.517,50.517,50.497,50.517,10655,0
2017-10-12,17:00:00,50.497,50.527,50.497,50.517,5747,0
2017-10-12,18:00:00,50.526,50.537,50.487,50.501,11105,0
2017-10-12,19:00:00,50.487,50.505,50.487,50.499,1855,0
2017-10-12,20:00:00,50.497,50.556,50.497,50.543,7780,0
2017-10-12,21:00:00,50.547,50.547,50.527,50.532,22960,0
2017-10-12,22:00:00,50.533,50.557,50.527,50.542,3881,0
2017-10-13,16:00:00,50.626,50.636,50.606,50.616,4741,0
2017-10-13,17:00:00,50.602,50.626,50.548,50.606,8611,0
2017-10-13,18:00:00,50.616,50.626,50.606,50.616,5131,0
2017-10-13,19:00:00,50.615,50.636,50.614,50.626,2479,0
2017-10-13,20:00:00,50.636,50.646,50.631,50.646,2460,0
2017-10-13,21:00:00,50.646,50.656,50.636,50.642,6884,0
2017-10-13,22:00:00,50.641,50.646,50.626,50.646,11595,0
2017-10-16,16:00:00,50.597,50.616,50.557,50.588,12027,0
2017-10-16,17:00:00,50.597,50.616,50.567,50.616,8169,0
2017-10-16,18:00:00,50.602,50.616,50.567,50.606,17399,0
2017-10-16,19:00:00,50.606,50.635,50.605,50.626,12872,0
2017-10-16,20:00:00,50.626,50.626,50.593,50.606,10142,0
2017-10-16,21:00:00,50.612,50.612,50.587,50.597,18885,0
2017-10-16,22:00:00,50.578,50.636,50.578,50.616,3105,0
2017-10-17,16:00:00,50.587,50.587,50.533,50.576,3929,0
2017-10-17,17:00:00,50.557,50.606,50.557,50.606,13693,0
2017-10-17,18:00:00,50.578,50.616,50.578,50.597,4075,0
2017-10-17,19:00:00,50.594,50.616,50.587,50.606,9555,0
2017-10-17,20:00:00,50.606,50.616,50.597,50.603,3087,0
2017-10-17,21:00:00,50.616,50.626,50.606,50.61,7104,0
2017-10-17,22:00:00,50.615,50.636,50.611,50.626,28136,0
2017-10-18,16:00:00,50.557,50.557,50.527,50.54,18255,0
2017-10-18,17:00:00,50.527,50.547,50.477,50.522,14925,0
2017-10-18,18:00:00,50.521,50.547,50.511,50.516,3932,0
2017-10-18,19:00:00,50.547,50.567,50.517,50.557,5396,0
2017-10-18,20:00:00,50.557,50.557,50.53,50.531,2156,0
2017-10-18,21:00:00,50.544,50.567,50.535,50.548,3888,0
2017-10-18,22:00:00,50.556,50.557,50.537,50.557,18550,0
2017-10-19,16:00:00,50.626,50.626,50.577,50.611,8457,0
2017-10-19,17:00:00,50.606,50.626,50.606,50.616,1713,0
2017-10-19,18:00:00,50.619,50.626,50.597,50.606,6317,0
2017-10-19,19:00:00,50.609,50.609,50.581,50.597,13078,0
2017-10-19,20:00:00,50.587,50.587,50.566,50.586,5757,0
2017-10-19,21:00:00,50.587,50.626,50.572,50.577,12186,0
2017-10-19,22:00:00,50.571,50.625,50.559,50.587,14904,0
2017-10-20,16:00:00,50.467,50.474,50.467,50.472,6811,0
2017-10-20,17:00:00,50.473,50.481,50.447,50.481,5882,0
2017-10-20,18:00:00,50.476,50.482,50.443,50.457,5975,0
2017-10-20,19:00:00,50.466,50.517,50.466,50.476,5105,0
2017-10-20,20:00:00,50.472,50.487,50.457,50.487,7880,0
2017-10-20,21:00:00,50.472,50.477,50.447,50.477,3892,0
2017-10-20,22:00:00,50.467,50.467,50.457,50.467,8485,0
2017-10-23,16:00:00,50.507,50.517,50.467,50.507,18513,0
2017-10-23,17:00:00,50.52,50.525,50.508,50.517,5476,0
2017-10-23,18:00:00,50.517,50.518,50.507,50.514,6548,0
2017-10-23,19:00:00,50.522,50.523,50.513,50.513,4058,0
2017-10-23,20:00:00,50.517,50.517,50.493,50.497,7757,0
2017-10-23,21:00:00,50.497,50.507,50.497,50.506,5433,0
2017-10-23,22:00:00,50.507,50.517,50.497,50.497,15814,0
2017-10-24,16:00:00,50.437,50.447,50.417,50.437,20584,0
2017-10-24,17:00:00,50.437,50.447,50.427,50.437,9933,0
2017-10-24,18:00:00,50.433,50.437,50.427,50.434,7170,0
2017-10-24,19:00:00,50.437,50.437,50.427,50.437,8831,0
2017-10-24,20:00:00,50.436,50.437,50.427,50.43,5273,0
2017-10-24,21:00:00,50.434,50.457,50.427,50.452,8650,0
2017-10-24,22:00:00,50.447,50.447,50.418,50.422,13209,0
2017-10-25,16:00:00,50.338,50.338,50.299,50.309,9343,0
2017-10-25,17:00:00,50.309,50.324,50.309,50.319,6193,0
2017-10-25,18:00:00,50.329,50.348,50.314,50.348,13231,0
2017-10-25,19:00:00,50.352,50.368,50.345,50.353,10934,0
2017-10-25,20:00:00,50.356,50.368,50.348,50.348,10337,0
2017-10-25,21:00:00,50.335,50.348,50.335,50.348,4846,0
2017-10-25,22:00:00,50.339,50.363,50.339,50.358,4929,0
2017-10-26,16:00:00,50.397,50.407,50.358,50.378,13449,0
2017-10-26,17:00:00,50.378,50.378,50.329,50.358,4046,0
2017-10-26,18:00:00,50.353,50.378,50.329,50.378,13762,0
2017-10-26,19:00:00,50.378,50.378,50.371,50.373,4721,0
2017-10-26,20:00:00,50.368,50.378,50.314,50.319,11310,0
2017-10-26,21:00:00,50.329,50.348,50.319,50.325,4322,0
2017-10-26,22:00:00,50.324,50.329,50.323,50.329,4082,0
2017-10-27,16:00:00,50.329,50.358,50.329,50.348,6636,0
2017-10-27,17:00:00,50.397,50.407,50.365,50.407,4922,0
2017-10-27,18:00:00,50.414,50.421,50.407,50.407,3439,0
2017-10-27,19:00:00,50.407,50.427,50.388,50.392,5431,0
2017-10-27,20:00:00,50.397,50.406,50.392,50.401,8878,0
2017-10-27,21:00:00,50.406,50.416,50.358,50.385,19351,0
2017-10-27,22:00:00,50.414,50.427,50.388,50.427,3600,0
2017-10-30,15:00:00,50.457,50.507,50.457,50.471,3197,0
2017-10-30,16:00:00,50.497,50.507,50.457,50.467,2799,0
2017-10-30,17:00:00,50.477,50.527,50.467,50.527,2852,0
2017-10-30,18:00:00,50.517,50.547,50.497,50.507,9699,0
2017-10-30,19:00:00,50.517,50.527,50.497,50.497,4916,0
2017-10-30,20:00:00,50.517,50.547,50.504,50.542,26859,0
2017-10-30,21:00:00,50.547,50.557,50.54,50.547,8200,0
2017-10-31,15:00:00,50.587,50.587,50.567,50.567,10240,0
2017-10-31,16:00:00,50.567,50.567,50.507,50.527,6235,0
2017-10-31,17:00:00,50.525,50.54,50.522,50.535,12251,0
2017-10-31,18:00:00,50.536,50.537,50.487,50.524,16600,0
2017-10-31,19:00:00,50.537,50.537,50.497,50.521,10411,0
2017-10-31,20:00:00,50.517,50.537,50.5,50.52,5819,0
2017-10-31,21:00:00,50.508,50.666,50.497,50.567,1893122,0
2017-11-01,15:00:00,50.527,50.534,50.507,50.532,21330,0
2017-11-01,16:00:00,50.537,50.587,50.527,50.574,31737,0
2017-11-01,17:00:00,50.572,50.587,50.567,50.567,9913,0
2017-11-01,18:00:00,50.564,50.572,50.557,50.567,2623,0
2017-11-01,19:00:00,50.567,50.577,50.561,50.567,11516,0
2017-11-01,20:00:00,50.567,50.577,50.507,50.512,17612,0
2017-11-01,21:00:00,50.522,50.537,50.507,50.517,56110,0
2017-11-02,15:00:00,50.577,50.577,50.557,50.573,10321,0
2017-11-02,16:00:00,50.587,50.605,50.547,50.554,16196,0
2017-11-02,17:00:00,50.569,50.593,50.547,50.593,10064,0
2017-11-02,18:00:00,50.577,50.582,50.547,50.559,11924,0
2017-11-02,19:00:00,50.564,50.597,50.557,50.587,11562,0
2017-11-02,20:00:00,50.587,50.597,50.567,50.586,9167,0
2017-11-02,21:00:00,50.577,50.597,50.567,50.597,13882,0
2017-11-03,15:00:00,50.606,50.619,50.587,50.587,12235,0
2017-11-03,16:00:00,50.597,50.597,50.56,50.56,8714,0
2017-11-03,17:00:00,50.557,50.597,50.547,50.596,11799,0
2017-11-03,18:00:00,50.597,50.606,50.592,50.602,10239,0
2017-11-03,19:00:00,50.615,50.616,50.603,50.616,3089,0
2017-11-03,20:00:00,50.616,50.626,50.587,50.59,3524,0
2017-11-03,21:00:00,50.597,50.626,50.597,50.626,7180,0
2017-11-06,16:00:00,50.636,50.646,50.606,50.626,8069,0
2017-11-06,17:00:00,50.637,50.637,50.606,50.611,1862,0
2017-11-06,18:00:00,50.626,50.631,50.616,50.629,10147,0
2017-11-06,19:00:00,50.636,50.646,50.616,50.636,18992,0
2017-11-06,20:00:00,50.636,50.664,50.626,50.656,7694,0
2017-11-06,21:00:00,50.636,50.656,50.626,50.626,6971,0
2017-11-06,22:00:00,50.626,50.656,50.626,50.646,34827,0
2017-11-07,16:00:00,50.616,50.626,50.587,50.606,29952,0
2017-11-07,17:00:00,50.616,50.626,50.588,50.626,8628,0
2017-11-07,19:00:00,50.636,50.646,50.635,50.636,16207,0
2017-11-07,20:00:00,50.636,50.636,50.626,50.631,7968,0
2017-11-07,21:00:00,50.626,50.636,50.616,50.626,3522,0
2017-11-07,22:00:00,50.632,50.632,50.616,50.626,4719,0
2017-11-08,16:00:00,50.656,50.656,50.626,50.646,30444,0
2017-11-08,17:00:00,50.636,50.636,50.606,50.616,15872,0
2017-11-08,18:00:00,50.616,50.629,50.612,50.629,6648,0
2017-11-08,19:00:00,50.626,50.626,50.577,50.606,14492,0
2017-11-08,20:00:00,50.587,50.615,50.587,50.597,12491,0
2017-11-08,21:00:00,50.587,50.616,50.587,50.606,12461,0
2017-11-08,22:00:00,50.597,50.597,50.567,50.597,24793,0
2017-11-09,16:00:00,50.547,50.547,50.507,50.527,17307,0
2017-11-09,17:00:00,50.527,50.537,50.507,50.512,14200,0
2017-11-09,18:00:00,50.507,50.541,50.477,50.527,6453,0
2017-11-09,19:00:00,50.537,50.537,50.527,50.532,4414,0
2017-11-09,20:00:00,50.533,50.537,50.518,50.522,4097,0
2017-11-09,21:00:00,50.537,50.537,50.517,50.527,12319,0
2017-11-09,22:00:00,50.517,50.527,50.507,50.527,7549,0
2017-11-10,16:00:00,50.397,50.417,50.378,50.417,19955,0
2017-11-10,17:00:00,50.414,50.414,50.397,50.397,4169,0
2017-11-10,18:00:00,50.397,50.397,50.358,50.372,19095,0
2017-11-10,19:00:00,50.368,50.378,50.355,50.362,10671,0
2017-11-10,20:00:00,50.358,50.368,50.348,50.363,8961,0
2017-11-10,21:00:00,50.363,50.368,50.328,50.338,41377,0
2017-11-10,22:00:00,50.348,50.368,50.328,50.338,25537,0
2017-11-13,16:00:00,50.417,50.417,50.378,50.378,12757,0
2017-11-13,17:00:00,50.378,50.407,50.368,50.375,14705,0
2017-11-13,18:00:00,50.382,50.382,50.352,50.373,3514,0
2017-11-13,19:00:00,50.369,50.397,50.358,50.391,13387,0
2017-11-13,20:00:00,50.378,50.378,50.348,50.358,20965,0
2017-11-13,21:00:00,50.362,50.378,50.358,50.368,14588,0
2017-11-13,22:00:00,50.353,50.368,50.348,50.368,18948,0
2017-11-14,16:00:00,50.368,50.388,50.348,50.388,9218,0
2017-11-14,17:00:00,50.397,50.397,50.378,50.378,9530,0
2017-11-14,18:00:00,50.388,50.388,50.368,50.368,5242,0
2017-11-14,19:00:00,50.368,50.368,50.348,50.363,11511,0
2017-11-14,20:00:00,50.371,50.378,50.364,50.378,3539,0
2017-11-14,21:00:00,50.368,50.378,50.368,50.368,8583,0
2017-11-14,22:00:00,50.368,50.388,50.358,50.388,19732,0
2017-11-15,16:00:00,50.447,50.457,50.417,50.447,18519,0
2017-11-15,17:00:00,50.447,50.447,50.378,50.407,13904,0
2017-11-15,18:00:00,50.379,50.388,50.376,50.388,10421,0
2017-11-15,19:00:00,50.383,50.427,50.383,50.407,13085,0
2017-11-15,20:00:00,50.407,50.424,50.407,50.421,9104,0
2017-11-15,21:00:00,50.437,50.448,50.427,50.427,11052,0
2017-11-15,22:00:00,50.45,50.487,50.45,50.487,2222,0
2017-11-16,16:00:00,50.427,50.487,50.427,50.487,8232,0
2017-11-16,17:00:00,50.467,50.477,50.467,50.474,10742,0
2017-11-16,18:00:00,50.477,50.487,50.477,50.477,2756,0
2017-11-16,19:00:00,50.477,50.483,50.477,50.477,2400,0
2017-11-16,20:00:00,50.482,50.487,50.467,50.477,29463,0
2017-11-16,21:00:00,50.477,50.493,50.467,50.467,5700,0
2017-11-16,22:00:00,50.462,50.467,50.407,50.445,19054,0
2017-11-17,16:00:00,50.497,50.527,50.487,50.497,12616,0
2017-11-17,17:00:00,50.497,50.517,50.477,50.497,27019,0
2017-11-17,18:00:00,50.496,50.527,50.496,50.527,5705,0
2017-11-17,19:00:00,50.527,50.557,50.527,50.527,13088,0
2017-11-17,20:00:00,50.527,50.537,50.527,50.532,4381,0
2017-11-17,21:00:00,50.527,50.527,50.497,50.503,16101,0
2017-11-17,22:00:00,50.507,50.537,50.507,50.537,16596,0
2017-11-20,16:00:00,50.457,50.51,50.457,50.507,22839,0
2017-11-20,17:00:00,50.507,50.51,50.497,50.497,4354,0
2017-11-20,18:00:00,50.487,50.497,50.477,50.483,16125,0
2017-11-20,19:00:00,50.477,50.487,50.477,50.487,14431,0
2017-11-20,20:00:00,50.482,50.487,50.477,50.484,7033,0
2017-11-20,21:00:00,50.483,50.487,50.467,50.477,9628,0
2017-11-20,22:00:00,50.474,50.497,50.467,50.497,16432,0
2017-11-21,16:00:00,50.527,50.559,50.527,50.547,27918,0
2017-11-21,17:00:00,50.557,50.572,50.497,50.507,13332,0
2017-11-21,18:00:00,50.51,50.515,50.477,50.513,7795,0
2017-11-21,19:00:00,50.508,50.514,50.477,50.5,9798,0
2017-11-21,20:00:00,50.507,50.527,50.487,50.527,21395,0
2017-11-21,21:00:00,50.517,50.532,50.507,50.519,4134,0
2017-11-21,22:00:00,50.53,50.537,50.507,50.537,5916,0
2017-11-22,16:00:00,50.577,50.587,50.537,50.547,26941,0
2017-11-22,17:00:00,50.547,50.606,50.547,50.577,14802,0
2017-11-22,18:00:00,50.577,50.604,50.567,50.602,2467,0
2017-11-22,19:00:00,50.597,50.626,50.597,50.611,6609,0
2017-11-22,20:00:00,50.611,50.611,50.597,50.606,4070,0
2017-11-22,21:00:00,50.606,50.662,50.606,50.656,4034,0
2017-11-22,22:00:00,50.649,50.666,50.616,50.639,6098,0
2017-11-24,16:00:00,50.656,50.656,50.626,50.626,5207,0
2017-11-24,17:00:00,50.646,50.646,50.606,50.631,7476,0
2017-11-24,18:00:00,50.627,50.636,50.606,50.624,6061,0
2017-11-24,19:00:00,50.636,50.644,50.625,50.626,3850,0
2017-11-27,16:00:00,50.656,50.656,50.587,50.587,26944,0
2017-11-27,17:00:00,50.605,50.636,50.577,50.601,45581,0
2017-11-27,18:00:00,50.613,50.636,50.597,50.606,4243,0
2017-11-27,19:00:00,50.606,50.635,50.606,50.626,3299,0
2017-11-27,20:00:00,50.616,50.63,50.606,50.63,7282,0
2017-11-27,21:00:00,50.616,50.656,50.616,50.626,6533,0
2017-11-27,22:00:00,50.637,50.656,50.626,50.639,172104,0
2017-11-28,16:00:00,50.666,50.686,50.646,50.656,16937,0
2017-11-28,17:00:00,50.676,50.686,50.636,50.686,6242,0
2017-11-28,18:00:00,50.666,50.686,50.656,50.676,11450,0
2017-11-28,19:00:00,50.686,50.696,50.656,50.676,16267,0
2017-11-28,20:00:00,50.666,50.673,50.626,50.636,8917,0
2017-11-28,21:00:00,50.646,50.656,50.597,50.616,44270,0
2017-11-28,22:00:00,50.626,50.646,50.606,50.626,28322,0
2017-11-29,16:00:00,50.527,50.552,50.507,50.527,39047,0
2017-11-29,17:00:00,50.5,50.547,50.497,50.497,12243,0
2017-11-29,18:00:00,50.517,50.527,50.507,50.527,14423,0
2017-11-29,19:00:00,50.52,50.547,50.507,50.527,8904,0
2017-11-29,20:00:00,50.517,50.537,50.507,50.537,24455,0
2017-11-29,21:00:00,50.527,50.54,50.527,50.537,15255,0
2017-11-29,22:00:00,50.537,50.557,50.517,50.517,203499,0
2017-11-30,16:00:00,50.547,50.547,50.517,50.543,33028,0
2017-11-30,17:00:00,50.547,50.547,50.517,50.527,8144,0
2017-11-30,18:00:00,50.527,50.535,50.507,50.513,11949,0
2017-11-30,19:00:00,50.507,50.507,50.447,50.475,9857,0
2017-11-30,20:00:00,50.457,50.457,50.417,50.427,16713,0
2017-11-30,21:00:00,50.437,50.457,50.427,50.437,50976,0
2017-11-30,22:00:00,50.497,50.497,50.467,50.477,12523,0
2017-12-01,16:00:00,50.547,50.547,50.507,50.543,4699,0
2017-12-01,17:00:00,50.551,50.551,50.467,50.477,4055,0
2017-12-01,18:00:00,50.498,50.696,50.487,50.641,48429,0
2017-12-01,19:00:00,50.608,50.633,50.605,50.605,7901,0
2017-12-01,20:00:00,50.604,50.616,50.566,50.586,9511,0
2017-12-01,21:00:00,50.567,50.616,50.557,50.577,70494,0
2017-12-01,22:00:00,50.567,50.595,50.547,50.557,34950,0
2017-12-04,16:00:00,50.537,50.557,50.507,50.527,25341,0
2017-12-04,17:00:00,50.517,50.566,50.517,50.547,14984,0
2017-12-04,18:00:00,50.566,50.567,50.537,50.544,36080,0
2017-12-04,19:00:00,50.537,50.544,50.535,50.543,13545,0
2017-12-04,20:00:00,50.543,50.557,50.537,50.547,52594,0
2017-12-04,21:00:00,50.547,50.577,50.547,50.577,11270,0
2017-12-04,22:00:00,50.571,50.587,50.557,50.557,18837,0
2017-12-05,16:00:00,50.567,50.587,50.547,50.566,26912,0
2017-12-05,17:00:00,50.562,50.606,50.562,50.587,17554,0
2017-12-05,18:00:00,50.577,50.597,50.567,50.577,23305,0
2017-12-05,19:00:00,50.606,50.619,50.587,50.608,20959,0
2017-12-05,20:00:00,50.606,50.616,50.567,50.609,13483,0
2017-12-05,21:00:00,50.61,50.623,50.606,50.621,8131,0
2017-12-05,22:00:00,50.622,50.636,50.597,50.63,13164,0
2017-12-06,16:00:00,50.716,50.719,50.686,50.716,27345,0
2017-12-06,17:00:00,50.706,50.746,50.696,50.71,23115,0
2017-12-06,18:00:00,50.716,50.716,50.686,50.686,7147,0
2017-12-06,19:00:00,50.699,50.699,50.686,50.693,4144,0
2017-12-06,20:00:00,50.686,50.711,50.686,50.696,11581,0
2017-12-06,21:00:00,50.696,50.701,50.686,50.686,7329,0
2017-12-06,22:00:00,50.686,50.706,50.666,50.666,32819,0
2017-12-07,16:00:00,50.706,50.726,50.676,50.702,10063,0
2017-12-07,17:00:00,50.702,50.706,50.696,50.696,11022,0
2017-12-07,18:00:00,50.696,50.706,50.686,50.686,14617,0
2017-12-07,19:00:00,50.686,50.696,50.666,50.666,5836,0
2017-12-07,20:00:00,50.676,50.681,50.636,50.636,10115,0
2017-12-07,21:00:00,50.646,50.651,50.597,50.597,11486,0
2017-12-07,22:00:00,50.587,50.636,50.557,50.616,11705,0
2017-12-08,16:00:00,50.587,50.597,50.577,50.577,14347,0
2017-12-08,17:00:00,50.561,50.564,50.537,50.543,6423,0
2017-12-08,18:00:00,50.547,50.567,50.547,50.562,6991,0
2017-12-08,19:00:00,50.557,50.567,50.549,50.557,7767,0
2017-12-08,20:00:00,50.561,50.567,50.557,50.562,6938,0
2017-12-08,21:00:00,50.562,50.564,50.547,50.547,30514,0
2017-12-08,22:00:00,50.551,50.577,50.547,50.561,8518,0
2017-12-11,16:00:00,50.557,50.597,50.557,50.577,18844,0
2017-12-11,17:00:00,50.583,50.616,50.582,50.587,14681,0
2017-12-11,18:00:00,50.587,50.597,50.577,50.587,16629,0
2017-12-11,19:00:00,50.587,50.589,50.577,50.582,20258,0
2017-12-11,20:00:00,50.587,50.587,50.549,50.557,5412,0
2017-12-11,21:00:00,50.557,50.566,50.547,50.547,9516,0
2017-12-11,22:00:00,50.557,50.562,50.544,50.547,35263,0
2017-12-12,16:00:00,50.497,50.507,50.487,50.497,7368,0
2017-12-12,17:00:00,50.493,50.493,50.472,50.478,7660,0
2017-12-12,18:00:00,50.477,50.506,50.457,50.469,12530,0
2017-12-12,19:00:00,50.483,50.497,50.483,50.487,7393,0
2017-12-12,20:00:00,50.487,50.527,50.487,50.52,8190,0
2017-12-12,21:00:00,50.507,50.527,50.507,50.522,6967,0
2017-12-12,22:00:00,50.519,50.527,50.517,50.517,7451,0
2017-12-13,16:00:00,50.557,50.587,50.557,50.557,20658,0
2017-12-13,17:00:00,50.557,50.587,50.527,50.567,16075,0
2017-12-13,18:00:00,50.581,50.593,50.547,50.547,14190,0
2017-12-13,19:00:00,50.57,50.579,50.557,50.557,23053,0
2017-12-13,20:00:00,50.567,50.616,50.557,50.616,11772,0
2017-12-13,21:00:00,50.616,50.651,50.597,50.646,31606,0
2017-12-13,22:00:00,50.652,50.676,50.646,50.646,19537,0
2017-12-14,16:00:00,50.646,50.646,50.616,50.616,10200,0
2017-12-14,17:00:00,50.616,50.616,50.577,50.606,9903,0
2017-12-14,18:00:00,50.605,50.655,50.605,50.626,12643,0
2017-12-14,19:00:00,50.636,50.666,50.636,50.666,9529,0
2017-12-14,20:00:00,50.676,50.676,50.646,50.675,22630,0
2017-12-14,21:00:00,50.675,50.686,50.666,50.686,8421,0
2017-12-14,22:00:00,50.682,50.686,50.656,50.666,14943,0
2017-12-15,16:00:00,50.686,50.686,50.616,50.636,32475,0
2017-12-15,17:00:00,50.626,50.636,50.606,50.629,13470,0
2017-12-15,18:00:00,50.626,50.646,50.616,50.636,9146,0
2017-12-15,19:00:00,50.636,50.636,50.616,50.634,21585,0
2017-12-15,20:00:00,50.636,50.656,50.631,50.656,6947,0
2017-12-15,21:00:00,50.648,50.676,50.636,50.671,3742,0
2017-12-15,22:00:00,50.685,50.706,50.666,50.696,6041,0
2017-12-18,16:00:00,50.656,50.656,50.645,50.656,20446,0
2017-12-18,17:00:00,50.646,50.666,50.646,50.661,9981,0
2017-12-18,18:00:00,50.659,50.666,50.636,50.639,22848,0
2017-12-18,19:00:00,50.646,50.646,50.616,50.625,6992,0
2017-12-18,20:00:00,50.626,50.626,50.587,50.587,7409,0
2017-12-18,21:00:00,50.587,50.616,50.578,50.616,18812,0
2017-12-18,22:00:00,50.606,50.616,50.567,50.616,25605,0
2017-12-19,16:00:00,50.537,50.537,50.518,50.537,20100,0
2017-12-19,17:00:00,50.527,50.527,50.477,50.48,8800,0
2017-12-19,18:00:00,50.477,50.504,50.468,50.477,11494,0
2017-12-19,19:00:00,50.477,50.477,50.417,50.417,16012,0
2017-12-19,20:00:00,50.417,50.457,50.417,50.456,11141,0
2017-12-19,21:00:00,50.446,50.447,50.432,50.447,3578,0
2017-12-19,22:00:00,50.447,50.477,50.437,50.467,15131,0
2017-12-20,16:00:00,50.368,50.388,50.368,50.388,31245,0
2017-12-20,17:00:00,50.383,50.388,50.382,50.385,13580,0
2017-12-20,18:00:00,50.383,50.416,50.378,50.408,9709,0
2017-12-20,19:00:00,50.412,50.417,50.388,50.388,4254,0
2017-12-20,20:00:00,50.392,50.393,50.368,50.373,9484,0
2017-12-20,21:00:00,50.374,50.397,50.371,50.388,12519,0
2017-12-20,22:00:00,50.378,50.397,50.355,50.358,22553,0
2017-12-21,16:00:00,50.388,50.388,50.378,50.388,16454,0
2017-12-21,17:00:00,50.384,50.388,50.371,50.388,8998,0
2017-12-21,18:00:00,50.407,50.407,50.398,50.401,4898,0
2017-12-21,19:00:00,50.406,50.416,50.397,50.397,17879,0
2017-12-21,20:00:00,50.417,50.417,50.388,50.413,36044,0
2017-12-21,21:00:00,50.407,50.417,50.388,50.417,7351,0
2017-12-21,22:00:00,50.415,50.427,50.396,50.397,8416,0
2017-12-22,16:00:00,50.427,50.427,50.4,50.407,2309,0
2017-12-22,17:00:00,50.417,50.427,50.397,50.421,18353,0
2017-12-22,18:00:00,50.427,50.427,50.388,50.397,18597,0
2017-12-22,19:00:00,50.397,50.417,50.388,50.402,8472,0
2017-12-22,20:00:00,50.402,50.417,50.388,50.398,7839,0
2017-12-22,21:00:00,50.398,50.417,50.388,50.388,11720,0
2017-12-22,22:00:00,50.388,50.427,50.378,50.388,57158,0
2017-12-26,16:00:00,50.407,50.457,50.407,50.457,13527,0
2017-12-26,17:00:00,50.447,50.457,50.437,50.452,4819,0
2017-12-26,18:00:00,50.456,50.497,50.456,50.487,6048,0
2017-12-26,19:00:00,50.487,50.497,50.467,50.476,17936,0
2017-12-26,20:00:00,50.477,50.487,50.457,50.471,13250,0
2017-12-26,21:00:00,50.472,50.475,50.457,50.457,2347,0
2017-12-26,22:00:00,50.472,50.477,50.457,50.457,13858,0
2017-12-27,16:00:00,50.477,50.517,50.477,50.487,40507,0
2017-12-27,17:00:00,50.487,50.528,50.487,50.497,40514,0
2017-12-27,18:00:00,50.507,50.567,50.497,50.527,30422,0
2017-12-27,19:00:00,50.562,50.577,50.527,50.537,8540,0
2017-12-27,20:00:00,50.557,50.577,50.522,50.557,21708,0
2017-12-27,21:00:00,50.557,50.586,50.547,50.577,21342,0
2017-12-27,22:00:00,50.581,50.616,50.557,50.606,94461,0
2017-12-28,16:00:00,50.597,50.597,50.577,50.588,2791,0
2017-12-28,17:00:00,50.587,50.587,50.557,50.577,6919,0
2017-12-28,18:00:00,50.576,50.602,50.567,50.594,47871,0
2017-12-28,19:00:00,50.587,50.606,50.567,50.606,142777,0
2017-12-28,20:00:00,50.594,50.596,50.577,50.578,22375,0
2017-12-28,21:00:00,50.572,50.605,50.572,50.582,163097,0
2017-12-28,22:00:00,50.585,50.616,50.557,50.567,156272,0
2017-12-29,16:00:00,50.597,50.606,50.577,50.597,7023,0
2017-12-29,17:00:00,50.616,50.621,50.602,50.606,6260,0
2017-12-29,18:00:00,50.606,50.625,50.587,50.6,16579,0
2017-12-29,19:00:00,50.609,50.635,50.597,50.624,20159,0
2017-12-29,20:00:00,50.606,50.686,50.606,50.626,290394,0
2017-12-29,21:00:00,50.626,50.706,50.626,50.696,19776,0
2017-12-29,22:00:00,50.678,50.696,50.606,50.626,42841,0
2018-01-02,16:00:00,50.666,50.666,50.577,50.577,14961,0
2018-01-02,17:00:00,50.557,50.616,50.547,50.606,278689,0
2018-01-02,18:00:00,50.606,50.606,50.567,50.587,85489,0
2018-01-02,19:00:00,50.592,50.597,50.548,50.567,20372,0
2018-01-02,20:00:00,50.555,50.577,50.537,50.557,12505,0
2018-01-02,21:00:00,50.557,50.577,50.557,50.577,23184,0
2018-01-02,22:00:00,50.567,50.626,50.567,50.626,90379,0
2018-01-03,16:00:00,50.656,50.656,50.616,50.616,11328,0
2018-01-03,17:00:00,50.626,50.646,50.577,50.636,9791,0
2018-01-03,18:00:00,50.638,50.661,50.626,50.647,25447,0
2018-01-03,19:00:00,50.636,50.676,50.636,50.666,111294,0
2018-01-03,20:00:00,50.646,50.665,50.606,50.606,11086,0
2018-01-03,21:00:00,50.626,50.626,50.557,50.577,114645,0
2018-01-03,22:00:00,50.572,50.597,50.527,50.537,262885,0
2018-01-04,16:00:00,50.557,50.557,50.507,50.557,172162,0
2018-01-04,17:00:00,50.517,50.537,50.447,50.532,33234,0
2018-01-04,18:00:00,50.537,50.567,50.518,50.562,10734,0
2018-01-04,19:00:00,50.56,50.587,50.537,50.587,14697,0
2018-01-04,20:00:00,50.575,50.587,50.557,50.578,9021,0
2018-01-04,21:00:00,50.594,50.6,50.587,50.587,15492,0
2018-01-04,22:00:00,50.594,50.606,50.557,50.606,33018,0
2018-01-05,16:00:00,50.557,50.606,50.557,50.597,17609,0
2018-01-05,17:00:00,50.597,50.606,50.537,50.557,34186,0
2018-01-05,18:00:00,50.557,50.587,50.557,50.587,32428,0
2018-01-05,19:00:00,50.596,50.596,50.557,50.572,35604,0
2018-01-05,20:00:00,50.582,50.588,50.577,50.577,31079,0
2018-01-05,21:00:00,50.582,50.606,50.577,50.592,30438,0
2018-01-05,22:00:00,50.597,50.597,50.567,50.577,91532,0
2018-01-08,16:00:00,50.626,50.626,50.597,50.616,15296,0
2018-01-08,17:00:00,50.616,50.616,50.577,50.582,6671,0
2018-01-08,18:00:00,50.582,50.587,50.577,50.577,45217,0
2018-01-08,19:00:00,50.567,50.587,50.567,50.567,9002,0
2018-01-08,20:00:00,50.573,50.587,50.567,50.584,9566,0
2018-01-08,21:00:00,50.581,50.587,50.547,50.557,32579,0
2018-01-08,22:00:00,50.563,50.597,50.537,50.587,166505,0
2018-01-09,16:00:00,50.537,50.537,50.512,50.514,13285,0
2018-01-09,17:00:00,50.507,50.507,50.483,50.497,19949,0
2018-01-09,18:00:00,50.497,50.504,50.467,50.468,12493,0
2018-01-09,19:00:00,50.472,50.477,50.457,50.457,5880,0
2018-01-09,20:00:00,50.471,50.486,50.437,50.467,10769,0
2018-01-09,21:00:00,50.467,50.479,50.437,50.457,7092,0
2018-01-09,22:00:00,50.457,50.467,50.437,50.447,20016,0
2018-01-10,16:00:00,50.368,50.368,50.329,50.329,18093,0
2018-01-10,17:00:00,50.333,50.338,50.318,50.319,11667,0
2018-01-10,18:00:00,50.318,50.348,50.318,50.342,17824,0
2018-01-10,19:00:00,50.339,50.368,50.337,50.338,22010,0
2018-01-10,20:00:00,50.338,50.407,50.338,50.397,32112,0
2018-01-10,21:00:00,50.411,50.437,50.388,50.437,34399,0
2018-01-10,22:00:00,50.407,50.457,50.407,50.442,51579,0
2018-01-11,16:00:00,50.397,50.443,50.388,50.422,11944,0
2018-01-11,17:00:00,50.422,50.447,50.407,50.407,16197,0
2018-01-11,18:00:00,50.417,50.457,50.417,50.447,19746,0
2018-01-11,19:00:00,50.457,50.457,50.437,50.457,6211,0
2018-01-11,20:00:00,50.457,50.497,50.457,50.477,7291,0
2018-01-11,21:00:00,50.487,50.504,50.477,50.492,11985,0
2018-01-11,22:00:00,50.497,50.497,50.457,50.467,23062,0
2018-01-12,16:00:00,50.437,50.444,50.397,50.397,21722,0
2018-01-12,17:00:00,50.397,50.477,50.397,50.457,10847,0
2018-01-12,18:00:00,50.457,50.467,50.433,50.448,25845,0
2018-01-12,19:00:00,50.433,50.477,50.433,50.457,138206,0
2018-01-12,20:00:00,50.477,50.477,50.452,50.467,46444,0
2018-01-12,21:00:00,50.481,50.492,50.472,50.492,32518,0
2018-01-12,22:00:00,50.477,50.497,50.467,50.467,13851,0
2018-01-16,16:00:00,50.507,50.528,50.507,50.517,22408,0
2018-01-16,17:00:00,50.516,50.527,50.507,50.527,119904,0
2018-01-16,18:00:00,50.512,50.517,50.477,50.507,27123,0
2018-01-16,19:00:00,50.506,50.507,50.457,50.477,28433,0
2018-01-16,20:00:00,50.471,50.486,50.457,50.486,10978,0
2018-01-16,21:00:00,50.477,50.517,50.477,50.511,21295,0
2018-01-16,22:00:00,50.517,50.517,50.477,50.477,10988,0
2018-01-17,16:00:00,50.467,50.468,50.437,50.451,18522,0
2018-01-17,17:00:00,50.454,50.497,50.453,50.477,13200,0
2018-01-17,18:00:00,50.477,50.479,50.417,50.434,26417,0
2018-01-17,19:00:00,50.433,50.452,50.433,50.444,5227,0
2018-01-17,20:00:00,50.444,50.461,50.427,50.461,14991,0
2018-01-17,21:00:00,50.465,50.465,50.397,50.411,16044,0
2018-01-17,22:00:00,50.397,50.427,50.397,50.397,63047,0
2018-01-18,16:00:00,50.338,50.343,50.308,50.34,14710,0
2018-01-18,17:00:00,50.338,50.358,50.308,50.323,13383,0
2018-01-18,18:00:00,50.329,50.348,50.308,50.332,15388,0
2018-01-18,19:00:00,50.342,50.358,50.328,50.339,14898,0
2018-01-18,20:00:00,50.344,50.357,50.338,50.343,6053,0
2018-01-18,21:00:00,50.342,50.348,50.318,50.348,9279,0
2018-01-18,22:00:00,50.348,50.348,50.298,50.298,13972,0
2018-01-19,16:00:00,50.318,50.318,50.258,50.261,28332,0
2018-01-19,17:00:00,50.268,50.297,50.258,50.263,6215,0
2018-01-19,18:00:00,50.258,50.278,50.248,50.27,15957,0
2018-01-19,19:00:00,50.268,50.298,50.268,50.298,8981,0
2018-01-19,20:00:00,50.294,50.294,50.258,50.275,7520,0
2018-01-19,21:00:00,50.278,50.288,50.258,50.271,20704,0
2018-01-19,22:00:00,50.265,50.271,50.248,50.248,22763,0
2018-01-22,16:00:00,50.248,50.258,50.228,50.243,9881,0
2018-01-22,17:00:00,50.248,50.288,50.228,50.258,12232,0
2018-01-22,18:00:00,50.265,50.278,50.258,50.258,10071,0
2018-01-22,19:00:00,50.258,50.267,50.228,50.237,26310,0
2018-01-22,20:00:00,50.247,50.248,50.238,50.238,6867,0
2018-01-22,21:00:00,50.243,50.248,50.218,50.248,11986,0
2018-01-22,22:00:00,50.238,50.248,50.228,50.228,10859,0
2018-01-23,16:00:00,50.278,50.327,50.278,50.318,21337,0
2018-01-23,17:00:00,50.315,50.338,50.298,50.328,27075,0
2018-01-23,18:00:00,50.328,50.333,50.308,50.323,9089,0
2018-01-23,19:00:00,50.324,50.324,50.288,50.288,4770,0
2018-01-23,20:00:00,50.308,50.32,50.298,50.298,7697,0
2018-01-23,21:00:00,50.298,50.318,50.298,50.311,16773,0
2018-01-23,22:00:00,50.313,50.328,50.288,50.318,26885,0
2018-01-24,16:00:00,50.278,50.278,50.26,50.263,20574,0
2018-01-24,17:00:00,50.268,50.268,50.258,50.258,4929,0
2018-01-24,18:00:00,50.258,50.268,50.248,50.258,29916,0
2018-01-24,19:00:00,50.258,50.268,50.248,50.268,4502,0
2018-01-24,20:00:00,50.268,50.288,50.265,50.284,24400,0
2018-01-24,21:00:00,50.284,50.298,50.278,50.283,56201,0
2018-01-24,22:00:00,50.283,50.308,50.278,50.308,110765,0
2018-01-25,16:00:00,50.288,50.288,50.258,50.258,8552,0
2018-01-25,17:00:00,50.264,50.307,50.263,50.302,12903,0
2018-01-25,18:00:00,50.308,50.327,50.294,50.316,6889,0
2018-01-25,19:00:00,50.328,50.368,50.328,50.353,156511,0
2018-01-25,20:00:00,50.368,50.382,50.368,50.382,9221,0
2018-01-25,21:00:00,50.384,50.427,50.378,50.417,38237,0
2018-01-25,22:00:00,50.427,50.437,50.397,50.407,85145,0
2018-01-26,16:00:00,50.348,50.357,50.338,50.341,14763,0
2018-01-26,17:00:00,50.343,50.344,50.318,50.318,20011,0
2018-01-26,18:00:00,50.318,50.328,50.269,50.278,9767,0
2018-01-26,19:00:00,50.285,50.288,50.278,50.283,24931,0
2018-01-26,20:00:00,50.284,50.318,50.278,50.307,15530,0
2018-01-26,21:00:00,50.312,50.348,50.278,50.288,34889,0
2018-01-26,22:00:00,50.308,50.318,50.293,50.298,15590,0
2018-01-29,16:00:00,50.228,50.228,50.198,50.198,14656,0
2018-01-29,17:00:00,50.203,50.203,50.179,50.189,16429,0
2018-01-29,18:00:00,50.184,50.189,50.169,50.185,34067,0
2018-01-29,19:00:00,50.185,50.208,50.181,50.198,10982,0
2018-01-29,20:00:00,50.201,50.218,50.185,50.208,10072,0
2018-01-29,21:00:00,50.203,50.228,50.198,50.208,17403,0
2018-01-29,22:00:00,50.211,50.228,50.208,50.218,20215,0
2018-01-30,16:00:00,50.189,50.189,50.138,50.163,23889,0
2018-01-30,17:00:00,50.163,50.179,50.157,50.177,21252,0
2018-01-30,18:00:00,50.169,50.169,50.153,50.169,8671,0
2018-01-30,19:00:00,50.169,50.169,50.162,50.164,6507,0
2018-01-30,20:00:00,50.164,50.168,50.119,50.125,54014,0
2018-01-30,21:00:00,50.124,50.129,50.119,50.127,12585,0
2018-01-30,22:00:00,50.149,50.157,50.129,50.129,42999,0
2018-01-31,16:00:00,50.218,50.218,50.179,50.179,14379,0
2018-01-31,17:00:00,50.164,50.169,50.129,50.129,7484,0
2018-01-31,18:00:00,50.129,50.129,50.116,50.116,11966,0
2018-01-31,19:00:00,50.109,50.139,50.109,50.134,26695,0
2018-01-31,20:00:00,50.139,50.159,50.129,50.149,119805,0
2018-01-31,21:00:00,50.159,50.16,50.099,50.16,13459,0
2018-01-31,22:00:00,50.17,50.179,50.159,50.179,15478,0
2018-02-01,16:00:00,50.189,50.198,50.175,50.189,5693,0
2018-02-01,17:00:00,50.174,50.198,50.153,50.153,15168,0
2018-02-01,18:00:00,50.149,50.159,50.139,50.144,16536,0
2018-02-01,19:00:00,50.144,50.149,50.139,50.139,8562,0
2018-02-01,20:00:00,50.129,50.129,50.099,50.099,9338,0
2018-02-01,21:00:00,50.099,50.114,50.069,50.079,26041,0
2018-02-01,22:00:00,50.079,50.089,49.999,50.029,19140,0
2018-02-02,16:00:00,49.919,49.939,49.889,49.896,16754,0
2018-02-02,17:00:00,49.889,49.909,49.879,49.903,6793,0
2018-02-02,18:00:00,49.909,49.909,49.859,49.869,15747,0
2018-02-02,19:00:00,49.869,49.951,49.869,49.909,4035,0
2018-02-02,20:00:00,49.909,49.938,49.878,49.886,15399,0
2018-02-02,21:00:00,49.884,49.89,49.849,49.859,36255,0
2018-02-02,22:00:00,49.857,49.859,49.844,49.849,36375,0
2018-02-05,16:00:00,49.879,49.879,49.799,49.829,37255,0
2018-02-05,17:00:00,49.83,49.835,49.806,49.817,11984,0
2018-02-05,18:00:00,49.809,49.819,49.807,49.809,23091,0
2018-02-05,19:00:00,49.819,49.844,49.819,49.829,31434,0
2018-02-05,20:00:00,49.836,49.859,49.831,49.839,56345,0
2018-02-05,21:00:00,49.849,49.859,49.826,49.833,246049,0
2018-02-05,22:00:00,49.829,49.969,49.829,49.929,51900,0
2018-02-06,16:00:00,49.919,49.919,49.829,49.86,40781,0
2018-02-06,17:00:00,49.839,49.919,49.839,49.879,50877,0
2018-02-06,18:00:00,49.889,49.919,49.839,49.852,16427,0
2018-02-06,19:00:00,49.877,49.889,49.829,49.844,12666,0
2018-02-06,20:00:00,49.838,49.887,49.829,49.859,16317,0
2018-02-06,21:00:00,49.879,49.916,49.819,49.829,67983,0
2018-02-06,22:00:00,49.829,49.859,49.74,49.829,326276,0
2018-02-07,16:00:00,49.909,49.909,49.839,49.849,10872,0
2018-02-07,17:00:00,49.879,49.901,49.849,49.901,7704,0
2018-02-07,18:00:00,49.899,49.899,49.833,49.835,7933,0
2018-02-07,19:00:00,49.835,49.879,49.835,49.849,26535,0
2018-02-07,20:00:00,49.844,49.844,49.781,49.801,25886,0
2018-02-07,21:00:00,49.813,49.819,49.794,49.794,8857,0
2018-02-07,22:00:00,49.796,49.796,49.73,49.74,16868,0
2018-02-08,16:00:00,49.72,49.72,49.68,49.69,17041,0
2018-02-08,17:00:00,49.686,49.69,49.68,49.685,12226,0
2018-02-08,18:00:00,49.689,49.72,49.68,49.715,4494,0
2018-02-08,19:00:00,49.74,49.779,49.74,49.779,10799,0
2018-02-08,20:00:00,49.789,49.809,49.7,49.722,35773,0
2018-02-08,21:00:00,49.722,49.75,49.7,49.73,55735,0
2018-02-08,22:00:00,49.72,49.74,49.72,49.72,31578,0
2018-02-09,16:00:00,49.59,49.66,49.59,49.61,12085,0
2018-02-09,17:00:00,49.626,49.7,49.601,49.677,42435,0
2018-02-09,18:00:00,49.661,49.7,49.61,49.678,96396,0
2018-02-09,19:00:00,49.67,49.694,49.661,49.69,3105,0
2018-02-09,20:00:00,49.71,49.74,49.658,49.658,12832,0
2018-02-09,21:00:00,49.665,49.7,49.62,49.7,5917,0
2018-02-09,22:00:00,49.699,49.699,49.6,49.6,41799,0
2018-02-12,16:00:00,49.53,49.645,49.53,49.62,7807,0
2018-02-12,17:00:00,49.58,49.65,49.58,49.64,16465,0
2018-02-12,18:00:00,49.635,49.635,49.6,49.605,12852,0
2018-02-12,19:00:00,49.61,49.629,49.61,49.62,4948,0
2018-02-12,20:00:00,49.616,49.62,49.61,49.62,25397,0
2018-02-12,21:00:00,49.62,49.63,49.61,49.62,20493,0
2018-02-12,22:00:00,49.62,49.62,49.6,49.613,18466,0
2018-02-13,16:00:00,49.62,49.62,49.566,49.577,6356,0
2018-02-13,17:00:00,49.6,49.6,49.561,49.598,17360,0
2018-02-13,18:00:00,49.597,49.598,49.58,49.585,7977,0
2018-02-13,19:00:00,49.585,49.61,49.58,49.606,4667,0
2018-02-13,20:00:00,49.61,49.63,49.603,49.62,6881,0
2018-02-13,21:00:00,49.629,49.63,49.62,49.623,11441,0
2018-02-13,22:00:00,49.625,49.66,49.62,49.66,18072,0
2018-02-14,16:00:00,49.52,49.52,49.48,49.48,18730,0
2018-02-14,17:00:00,49.47,49.52,49.468,49.512,6210,0
2018-02-14,18:00:00,49.52,49.53,49.47,49.474,41889,0
2018-02-14,19:00:00,49.479,49.5,49.47,49.492,11639,0
2018-02-14,20:00:00,49.49,49.5,49.47,49.475,24196,0
2018-02-14,21:00:00,49.479,49.48,49.39,49.447,58406,0
2018-02-14,22:00:00,49.445,49.48,49.445,49.48,51146,0
2018-02-15,16:00:00,49.54,49.55,49.46,49.55,9313,0
2018-02-15,17:00:00,49.531,49.567,49.53,49.565,10791,0
2018-02-15,18:00:00,49.565,49.583,49.56,49.57,8148,0
2018-02-15,19:00:00,49.567,49.586,49.56,49.56,61390,0
2018-02-15,20:00:00,49.57,49.57,49.56,49.561,22429,0
2018-02-15,21:00:00,49.567,49.59,49.56,49.58,25916,0
2018-02-15,22:00:00,49.575,49.58,49.563,49.58,32821,0
2018-02-16,16:00:00,49.68,49.7,49.63,49.7,14509,0
2018-02-16,17:00:00,49.69,49.7,49.658,49.7,16262,0
2018-02-16,18:00:00,49.71,49.73,49.693,49.7,21582,0
2018-02-16,19:00:00,49.7,49.71,49.667,49.69,11125,0
2018-02-16,20:00:00,49.69,49.72,49.685,49.72,132702,0
2018-02-16,21:00:00,49.713,49.713,49.69,49.69,32361,0
2018-02-16,22:00:00,49.696,49.71,49.69,49.69,49395,0
2018-02-20,16:00:00,49.63,49.64,49.6,49.613,24858,0
2018-02-20,17:00:00,49.63,49.65,49.53,49.59,62670,0
2018-02-20,18:00:00,49.6,49.625,49.59,49.6,53081,0
2018-02-20,19:00:00,49.593,49.63,49.58,49.58,50001,0
2018-02-20,20:00:00,49.572,49.592,49.561,49.57,19864,0
2018-02-20,21:00:00,49.58,49.65,49.56,49.58,142656,0
2018-02-20,22:00:00,49.58,49.67,49.58,49.64,172218,0
2018-02-21,16:00:00,49.66,49.69,49.64,49.646,20697,0
2018-02-21,17:00:00,49.663,49.663,49.63,49.64,46955,0
2018-02-21,18:00:00,49.645,49.65,49.6,49.625,58527,0
2018-02-21,19:00:00,49.625,49.64,49.625,49.63,21625,0
2018-02-21,20:00:00,49.63,49.65,49.62,49.62,22301,0
2018-02-21,21:00:00,49.62,49.65,49.55,49.555,19123,0
2018-02-21,22:00:00,49.55,49.55,49.49,49.51,11288,0
2018-02-22,16:00:00,49.51,49.58,49.51,49.56,34659,0
2018-02-22,17:00:00,49.56,49.601,49.52,49.56,26645,0
2018-02-22,18:00:00,49.561,49.59,49.53,49.55,32186,0
2018-02-22,19:00:00,49.53,49.57,49.51,49.52,30784,0
2018-02-22,20:00:00,49.51,49.55,49.45,49.455,32910,0
2018-02-22,21:00:00,49.455,49.53,49.45,49.48,41035,0
2018-02-22,22:00:00,49.49,49.524,49.45,49.48,39531,0
2018-02-23,16:00:00,49.65,49.65,49.585,49.595,10421,0
2018-02-23,17:00:00,49.62,49.63,49.57,49.62,145342,0
2018-02-23,18:00:00,49.62,49.627,49.594,49.61,14498,0
2018-02-23,19:00:00,49.61,49.63,49.609,49.624,11258,0
2018-02-23,20:00:00,49.62,49.63,49.616,49.623,6847,0
2018-02-23,21:00:00,49.62,49.63,49.615,49.615,14200,0
2018-02-23,22:00:00,49.61,49.613,49.6,49.6,15316,0
2018-02-26,16:00:00,49.75,49.75,49.681,49.71,20386,0
2018-02-26,17:00:00,49.7,49.72,49.7,49.71,30222,0
2018-02-26,18:00:00,49.7,49.715,49.699,49.7,9263,0
2018-02-26,19:00:00,49.7,49.71,49.67,49.68,17270,0
2018-02-26,20:00:00,49.67,49.72,49.66,49.701,69145,0
2018-02-26,21:00:00,49.7,49.709,49.68,49.68,7377,0
2018-02-26,22:00:00,49.68,49.7,49.64,49.68,27731,0
2018-02-27,16:00:00,49.64,49.72,49.64,49.68,27428,0
2018-02-27,17:00:00,49.68,49.69,49.529,49.529,21675,0
2018-02-27,18:00:00,49.52,49.53,49.487,49.52,11186,0
2018-02-27,19:00:00,49.525,49.53,49.49,49.497,5200,0
2018-02-27,20:00:00,49.5,49.53,49.49,49.53,27600,0
2018-02-27,21:00:00,49.52,49.539,49.507,49.539,17014,0
2018-02-27,22:00:00,49.532,49.55,49.52,49.52,84739,0
2018-02-28,16:00:00,49.64,49.66,49.6,49.62,10426,0
2018-02-28,17:00:00,49.62,49.62,49.56,49.56,26874,0
2018-02-28,18:00:00,49.55,49.57,49.54,49.57,23618,0
2018-02-28,19:00:00,49.574,49.58,49.55,49.55,26334,0
2018-02-28,20:00:00,49.554,49.599,49.53,49.535,38156,0
2018-02-28,21:00:00,49.53,49.59,49.529,49.561,33501,0
2018-02-28,22:00:00,49.581,49.64,49.55,49.57,5708,0
2018-03-01,16:00:00,49.67,49.68,49.6,49.68,7183,0
2018-03-01,17:00:00,49.6464,49.65,49.617,49.625,9161,0
2018-03-01,18:00:00,49.6405,49.6565,49.6252,49.65,9641,0
2018-03-01,19:00:00,49.655,49.655,49.6101,49.6542,17509,0
2018-03-01,20:00:00,49.6535,49.735,49.6535,49.73,29198,0
2018-03-01,21:00:00,49.7349,49.7399,49.7105,49.72,3834,0
2018-03-01,22:00:00,49.73,49.74,49.67,49.73,14656,0
2018-03-02,16:00:00,49.65,49.6549,49.6199,49.625,15706,0
2018-03-02,17:00:00,49.626,49.66,49.626,49.6468,6544,0
2018-03-02,18:00:00,49.645,49.645,49.601,49.61,7682,0
2018-03-02,19:00:00,49.61,49.63,49.6094,49.63,8861,0
2018-03-02,20:00:00,49.635,49.65,49.63,49.6428,9838,0
2018-03-02,21:00:00,49.65,49.6607,49.6365,49.6402,12384,0
2018-03-02,22:00:00,49.63,49.64,49.61,49.61,10349,0
2018-03-05,16:00:00,49.72,49.72,49.67,49.67,8437,0
2018-03-05,17:00:00,49.6873,49.69,49.67,49.6793,8904,0
2018-03-05,18:00:00,49.68,49.68,49.63,49.6351,5238,0
2018-03-05,19:00:00,49.6335,49.64,49.6,49.6,18009,0
2018-03-05,20:00:00,49.6,49.604,49.58,49.58,38947,0
2018-03-05,21:00:00,49.5869,49.5985,49.58,49.58,28142,0
2018-03-05,22:00:00,49.58,49.6168,49.58,49.61,7948,0
2018-03-06,16:00:00,49.61,49.66,49.61,49.66,5154,0
2018-03-06,17:00:00,49.66,49.6648,49.6326,49.6483,20686,0
2018-03-06,18:00:00,49.66,49.67,49.6401,49.65,12192,0
2018-03-06,19:00:00,49.655,49.655,49.63,49.63,9785,0
2018-03-06,20:00:00,49.618,49.62,49.5953,49.62,15556,0
2018-03-06,21:00:00,49.62,49.64,49.6153,49.63,13567,0
2018-03-06,22:00:00,49.63,49.6365,49.6,49.63,9441,0
2018-03-07,16:00:00,49.67,49.67,49.61,49.61,12997,0
2018-03-07,17:00:00,49.625,49.63,49.59,49.63,6321,0
2018-03-07,18:00:00,49.625,49.65,49.62,49.6334,8439,0
2018-03-07,19:00:00,49.6435,49.689,49.6435,49.66,5729,0
2018-03-07,20:00:00,49.64,49.6582,49.63,49.6353,11525,0
2018-03-07,21:00:00,49.64,49.6438,49.62,49.6265,5720,0
2018-03-07,22:00:00,49.63,49.639,49.62,49.62,14107,0
2018-03-08,16:00:00,49.6,49.66,49.6,49.64,12378,0
2018-03-08,17:00:00,49.65,49.6844,49.64,49.68,3499,0
2018-03-08,18:00:00,49.6735,49.7,49.64,49.7,86314,0
2018-03-08,19:00:00,49.7,49.7,49.6801,49.69,27830,0
2018-03-08,20:00:00,49.69,49.6975,49.6748,49.6765,47651,0
2018-03-08,21:00:00,49.6748,49.68,49.67,49.6748,8548,0
2018-03-08,22:00:00,49.679,49.69,49.6739,49.69,12723,0
2018-03-09,16:00:00,49.62,49.64,49.62,49.6265,10562,0
2018-03-09,17:00:00,49.62,49.6299,49.6,49.6073,7384,0
2018-03-09,18:00:00,49.605,49.64,49.6024,49.629,7064,0
2018-03-09,19:00:00,49.625,49.65,49.6,49.6173,26248,0
2018-03-09,20:00:00,49.6235,49.6407,49.61,49.6379,7738,0
2018-03-09,21:00:00,49.6363,49.65,49.6363,49.6433,8930,0
2018-03-09,22:00:00,49.645,49.645,49.6207,49.64,12646,0
2018-03-12,15:00:00,49.64,49.65,49.64,49.645,8404,0
2018-03-12,16:00:00,49.65,49.66,49.6429,49.65,13458,0
2018-03-12,17:00:00,49.65,49.66,49.6432,49.655,5526,0
2018-03-12,18:00:00,49.655,49.6599,49.6437,49.645,8351,0
2018-03-12,19:00:00,49.645,49.65,49.6435,49.65,6217,0
2018-03-12,20:00:00,49.65,49.67,49.64,49.66,18246,0
2018-03-12,21:00:00,49.65,49.67,49.65,49.67,42710,0
2018-03-13,15:00:00,49.71,49.71,49.6905,49.7,17967,0
2018-03-13,16:00:00,49.6795,49.7,49.65,49.68,16011,0
2018-03-13,17:00:00,49.66,49.68,49.65,49.68,16113,0
2018-03-13,18:00:00,49.69,49.7,49.68,49.69,4806,0
2018-03-13,19:00:00,49.68,49.7,49.6465,49.69,11042,0
2018-03-13,20:00:00,49.7,49.7,49.69,49.695,11763,0
2018-03-13,21:00:00,49.691,49.705,49.671,49.7,10021,0
2018-03-14,15:00:00,49.68,49.6999,49.68,49.6914,16454,0
2018-03-14,16:00:00,49.7,49.71,49.6894,49.705,3808,0
2018-03-14,17:00:00,49.7102,49.77,49.71,49.77,5584,0
2018-03-14,18:00:00,49.77,49.77,49.76,49.76,11065,0
2018-03-14,19:00:00,49.745,49.7542,49.745,49.7458,4006,0
2018-03-14,20:00:00,49.75,49.765,49.745,49.765,7018,0
2018-03-14,21:00:00,49.765,49.8,49.75,49.76,44681,0
2018-03-15,15:00:00,49.76,49.76,49.73,49.75,9473,0
2018-03-15,16:00:00,49.72,49.77,49.71,49.7545,2772,0
2018-03-15,17:00:00,49.7545,49.765,49.72,49.72,13470,0
2018-03-15,18:00:00,49.7201,49.7347,49.72,49.7279,6782,0
2018-03-15,19:00:00,49.7292,49.76,49.72,49.758,15866,0
2018-03-15,20:00:00,49.75,49.76,49.75,49.754,16522,0
2018-03-15,21:00:00,49.759,49.7735,49.75,49.77,17061,0
2018-03-16,15:00:00,49.71,49.71,49.7,49.7,8104,0
2018-03-16,16:00:00,49.6942,49.71,49.69,49.7,2034,0
2018-03-16,17:00:00,49.71,49.7191,49.709,49.7191,8292,0
2018-03-16,18:00:00,49.7132,49.719,49.71,49.716,7520,0
2018-03-16,19:00:00,49.71,49.7195,49.71,49.715,7021,0
2018-03-16,20:00:00,49.715,49.72,49.715,49.72,7883,0
2018-03-16,21:00:00,49.7199,49.72,49.71,49.71,7942,0
2018-03-19,15:00:00,49.65,49.6685,49.625,49.6685,12586,0
2018-03-19,16:00:00,49.6526,49.71,49.6526,49.71,8984,0
2018-03-19,17:00:00,49.69,49.72,49.6835,49.7185,17863,0
2018-03-19,18:00:00,49.719,49.7235,49.7097,49.72,4521,0
2018-03-19,19:00:00,49.7242,49.726,49.64,49.7065,25526,0
2018-03-19,20:00:00,49.7072,49.711,49.65,49.6765,45036,0
2018-03-19,21:00:00,49.675,49.68,49.67,49.68,6963,0
2018-03-20,15:00:00,49.61,49.63,49.605,49.63,33696,0
2018-03-20,16:00:00,49.63,49.63,49.6101,49.6135,8759,0
2018-03-20,17:00:00,49.615,49.63,49.61,49.63,18503,0
2018-03-20,18:00:00,49.6135,49.6335,49.6135,49.63,2330,0
2018-03-20,19:00:00,49.63,49.639,49.62,49.63,7979,0
2018-03-20,20:00:00,49.6358,49.6358,49.621,49.63,11553,0
2018-03-20,21:00:00,49.6238,49.63,49.61,49.61,19961,0
2018-03-21,15:00:00,49.57,49.58,49.55,49.57,12314,0
2018-03-21,16:00:00,49.57,49.58,49.56,49.57,3576,0
2018-03-21,17:00:00,49.57,49.57,49.55,49.56,16110,0
2018-03-21,18:00:00,49.5565,49.58,49.54,49.569,5350,0
2018-03-21,19:00:00,49.57,49.58,49.55,49.57,8273,0
2018-03-21,20:00:00,49.64,49.64,49.509,49.56,5776,0
2018-03-21,21:00:00,49.56,49.64,49.55,49.64,7459,0
2018-03-22,15:00:00,49.73,49.74,49.7046,49.74,5478,0
2018-03-22,16:00:00,49.72,49.76,49.72,49.76,11748,0
2018-03-22,17:00:00,49.755,49.8,49.7501,49.7765,24259,0
2018-03-22,18:00:00,49.771,49.773,49.6965,49.6965,16254,0
2018-03-22,19:00:00,49.695,49.697,49.6814,49.69,5675,0
2018-03-22,20:00:00,49.69,49.7,49.69,49.6998,6262,0
2018-03-22,21:00:00,49.71,49.7299,49.69,49.71,15316,0
2018-03-23,15:00:00,49.67,49.67,49.6565,49.67,3046,0
2018-03-23,16:00:00,49.67,49.68,49.65,49.68,8062,0
2018-03-23,17:00:00,49.675,49.7,49.6699,49.7,11838,0
2018-03-23,18:00:00,49.6735,49.7,49.6735,49.69,15802,0
2018-03-23,19:00:00,49.685,49.69,49.66,49.66,12806,0
2018-03-23,20:00:00,49.66,49.68,49.66,49.67,4525,0
2018-03-23,21:00:00,49.6765,49.7,49.6765,49.7,10523,0
2018-03-26,16:00:00,49.71,49.71,49.6572,49.6778,9422,0
2018-03-26,17:00:00,49.6746,49.72,49.6704,49.72,5610,0
2018-03-26,18:00:00,49.71,49.719,49.71,49.718,6870,0
2018-03-26,19:00:00,49.715,49.72,49.695,49.6952,15992,0
2018-03-26,20:00:00,49.6935,49.6965,49.66,49.6701,8225,0
2018-03-26,21:00:00,49.66,49.69,49.66,49.67,26431,0
2018-03-26,22:00:00,49.67,49.68,49.62,49.66,10925,0
2018-03-27,16:00:00,49.72,49.72,49.67,49.7165,20463,0
2018-03-27,17:00:00,49.72,49.7565,49.7143,49.7535,9329,0
2018-03-27,18:00:00,49.7562,49.76,49.735,49.739,6241,0
2018-03-27,19:00:00,49.74,49.75,49.73,49.745,29479,0
2018-03-27,20:00:00,49.74,49.77,49.74,49.7541,14383,0
2018-03-27,21:00:00,49.7635,49.79,49.75,49.7899,5200,0
2018-03-27,22:00:00,49.7905,49.83,49.7823,49.81,20132,0
2018-03-28,16:00:00,49.88,49.9,49.8324,49.8324,17510,0
2018-03-28,17:00:00,49.8235,49.87,49.82,49.87,11150,0
2018-03-28,18:00:00,49.869,49.879,49.86,49.86,6278,0
2018-03-28,19:00:00,49.8735,49.88,49.8595,49.87,14793,0
2018-03-28,20:00:00,49.86,49.86,49.8158,49.83,11069,0
2018-03-28,21:00:00,49.83,49.835,49.8101,49.835,15189,0
2018-03-28,22:00:00,49.845,49.86,49.845,49.85,19724,0
2018-03-29,16:00:00,49.89,49.91,49.882,49.9094,11975,0
2018-03-29,17:00:00,49.91,49.92,49.9,49.9179,17778,0
2018-03-29,18:00:00,49.9151,49.94,49.9151,49.9239,9013,0
2018-03-29,19:00:00,49.93,49.968,49.925,49.959,6119,0
2018-03-29,20:00:00,49.95,49.99,49.945,49.98,6587,0
2018-03-29,21:00:00,49.965,49.98,49.965,49.97,11999,0
2018-03-29,22:00:00,49.965,49.966,49.92,49.94,17460,0
