Date,Time,Open,High,Low,Close,Volume,OpenInt
2017-09-05,16:00:00,51.414,51.414,51.334,51.39,3259,0
2017-09-05,17:00:00,51.384,51.404,51.325,51.404,13247,0
2017-09-05,18:00:00,51.392,51.414,51.315,51.399,9533,0
2017-09-05,19:00:00,51.398,51.414,51.389,51.413,4813,0
2017-09-05,20:00:00,51.404,51.426,51.381,51.381,12785,0
2017-09-05,21:00:00,51.406,51.432,51.326,51.394,6629,0
2017-09-05,22:00:00,51.346,51.414,51.346,51.394,7587,0
2017-09-06,16:00:00,51.474,51.474,51.325,51.384,9231,0
2017-09-06,17:00:00,51.389,51.404,51.384,51.404,5596,0
2017-09-06,18:00:00,51.396,51.404,51.374,51.385,22821,0
2017-09-06,19:00:00,51.389,51.404,51.374,51.389,12369,0
2017-09-06,20:00:00,51.389,51.402,51.374,51.374,9407,0
2017-09-06,21:00:00,51.364,51.374,51.344,51.354,27312,0
2017-09-06,22:00:00,51.344,51.361,51.325,51.325,23383,0
2017-09-07,16:00:00,51.384,51.384,51.354,51.384,2775,0
2017-09-07,17:00:00,51.374,51.374,51.354,51.367,16221,0
2017-09-07,18:00:00,51.354,51.384,51.354,51.374,4753,0
2017-09-07,19:00:00,51.364,51.374,51.354,51.363,5849,0
2017-09-07,20:00:00,51.372,51.374,51.361,51.372,9783,0
2017-09-07,21:00:00,51.366,51.368,51.36,51.364,8219,0
2017-09-07,22:00:00,51.362,51.374,51.354,51.364,5660,0
2017-09-08,16:00:00,51.384,51.414,51.384,51.394,1651,0
2017-09-08,17:00:00,51.354,51.384,51.354,51.354,11873,0
2017-09-08,18:00:00,51.364,51.384,51.354,51.384,22613,0
2017-09-08,19:00:00,51.384,51.384,51.342,51.374,33430,0
2017-09-08,20:00:00,51.334,51.36,51.334,51.344,6292,0
2017-09-08,21:00:00,51.339,51.349,51.325,51.334,26141,0
2017-09-08,22:00:00,51.334,51.337,51.325,51.325,5017,0
2017-09-11,16:00:00,51.334,51.334,51.315,51.329,8197,0
2017-09-11,17:00:00,51.334,51.341,51.332,51.332,5339,0
2017-09-11,18:00:00,51.344,51.344,51.325,51.337,13624,0
2017-09-11,19:00:00,51.337,51.354,51.334,51.334,15401,0
2017-09-11,20:00:00,51.334,51.344,51.334,51.337,3630,0
2017-09-11,21:00:00,51.325,51.334,51.315,51.326,7871,0
2017-09-11,22:00:00,51.334,51.337,51.325,51.334,12724,0
2017-09-12,16:00:00,51.286,51.337,51.286,51.295,15155,0
2017-09-12,17:00:00,51.295,51.295,51.286,51.295,5362,0
2017-09-12,18:00:00,51.295,51.364,51.286,51.315,14276,0
2017-09-12,19:00:00,51.315,51.364,51.295,51.313,4879,0
2017-09-12,20:00:00,51.295,51.344,51.286,51.306,15535,0
2017-09-12,21:00:00,51.315,51.344,51.295,51.305,9539,0
2017-09-12,22:00:00,51.295,51.305,51.295,51.305,7953,0
2017-09-13,16:00:00,51.295,51.374,51.295,51.374,3824,0
2017-09-13,17:00:00,51.364,51.364,51.268,51.315,6812,0
2017-09-13,18:00:00,51.301,51.324,51.295,51.313,4884,0
2017-09-13,19:00:00,51.314,51.315,51.305,51.315,4762,0
2017-09-13,20:00:00,51.305,51.324,51.295,51.315,47626,0
2017-09-13,21:00:00,51.305,51.316,51.305,51.315,7011,0
2017-09-13,22:00:00,51.315,51.32,51.305,51.305,19509,0
2017-09-14,16:00:00,51.249,51.249,51.231,51.231,9143,0
2017-09-14,17:00:00,51.228,51.286,51.221,51.249,53010,0
2017-09-14,18:00:00,51.249,51.295,51.231,51.295,42366,0
2017-09-14,19:00:00,51.286,51.314,51.286,51.305,26709,0
2017-09-14,20:00:00,51.305,51.305,51.241,51.249,87641,0
2017-09-14,21:00:00,51.273,51.295,51.249,51.259,20190,0
2017-09-14,22:00:00,51.277,51.286,51.259,51.268,12692,0
2017-09-15,16:00:00,51.344,51.344,51.211,51.211,4112,0
2017-09-15,17:00:00,51.301,51.334,51.24,51.334,6694,0
2017-09-15,18:00:00,51.278,51.299,51.249,51.249,1573,0
2017-09-15,19:00:00,51.249,51.334,51.24,51.325,6302,0
2017-09-15,20:00:00,51.249,51.266,51.24,51.244,5138,0
2017-09-15,21:00:00,51.24,51.277,51.24,51.277,12194,0
2017-09-15,22:00:00,51.249,51.286,51.24,51.249,187424,0
2017-09-18,16:00:00,51.277,51.31,51.259,51.259,6294,0
2017-09-18,17:00:00,51.259,51.277,51.231,51.231,22744,0
2017-09-18,18:00:00,51.231,51.257,51.231,51.231,16834,0
2017-09-18,19:00:00,51.231,51.256,51.221,51.221,10484,0
2017-09-18,20:00:00,51.221,51.249,51.221,51.24,17101,0
2017-09-18,21:00:00,51.231,51.262,51.221,51.231,36008,0
2017-09-18,22:00:00,51.231,51.259,51.231,51.259,20306,0
2017-09-19,16:00:00,51.259,51.287,51.259,51.287,1336,0
2017-09-19,17:00:00,51.277,51.305,51.259,51.267,22794,0
2017-09-19,18:00:00,51.277,51.293,51.268,51.277,3940,0
2017-09-19,19:00:00,51.277,51.286,51.26,51.275,81869,0
2017-09-19,20:00:00,51.274,51.277,51.25,51.254,5362,0
2017-09-19,21:00:00,51.249,51.284,51.231,51.277,85681,0
2017-09-19,22:00:00,51.275,51.285,51.259,51.268,12222,0
2017-09-20,16:00:00,51.268,51.277,51.25,51.268,19515,0
2017-09-20,17:00:00,51.268,51.275,51.253,51.256,20539,0
2017-09-20,18:00:00,51.259,51.268,51.249,51.257,3741,0
2017-09-20,19:00:00,51.257,51.259,51.25,51.253,5745,0
2017-09-20,20:00:00,51.259,51.259,51.249,51.259,4866,0
2017-09-20,21:00:00,51.249,51.259,51.241,51.258,6282,0
2017-09-20,22:00:00,51.249,51.259,51.24,51.24,8113,0
2017-09-21,16:00:00,51.257,51.284,51.257,51.284,8957,0
2017-09-21,17:00:00,51.275,51.284,51.266,51.266,12576,0
2017-09-21,18:00:00,51.275,51.284,51.261,51.266,21781,0
2017-09-21,19:00:00,51.275,51.281,51.238,51.257,21403,0
2017-09-21,20:00:00,51.258,51.293,51.247,51.278,36760,0
2017-09-21,21:00:00,51.275,51.284,51.266,51.266,24016,0
2017-09-21,22:00:00,51.284,51.293,51.228,51.275,46998,0
2017-09-22,16:00:00,51.284,51.332,51.208,51.289,9028,0
2017-09-22,17:00:00,51.323,51.323,51.238,51.285,8003,0
2017-09-22,18:00:00,51.284,51.313,51.247,51.303,25243,0
2017-09-22,19:00:00,51.311,51.323,51.284,51.297,23722,0
2017-09-22,20:00:00,51.299,51.313,51.275,51.275,33756,0
2017-09-22,21:00:00,51.303,51.303,51.266,51.303,3339,0
2017-09-22,22:00:00,51.275,51.278,51.257,51.275,10354,0
2017-09-25,16:00:00,51.238,51.294,51.238,51.284,3203,0
2017-09-25,17:00:00,51.284,51.332,51.276,51.285,5403,0
2017-09-25,18:00:00,51.284,51.303,51.266,51.275,7920,0
2017-09-25,19:00:00,51.284,51.303,51.284,51.303,1806,0
2017-09-25,20:00:00,51.303,51.31,51.293,51.303,9516,0
2017-09-25,21:00:00,51.303,51.31,51.293,51.303,255540,0
2017-09-25,22:00:00,51.303,51.352,51.284,51.303,44641,0
2017-09-26,16:00:00,51.266,51.284,51.266,51.284,3541,0
2017-09-26,17:00:00,51.276,51.293,51.276,51.284,4238,0
2017-09-26,18:00:00,51.284,51.293,51.276,51.284,10280,0
2017-09-26,19:00:00,51.288,51.293,51.275,51.293,4534,0
2017-09-26,20:00:00,51.284,51.293,51.275,51.293,6689,0
2017-09-26,21:00:00,51.293,51.293,51.275,51.293,11927,0
2017-09-26,22:00:00,51.284,51.293,51.266,51.284,21119,0
2017-09-27,16:00:00,51.257,51.303,51.257,51.266,6725,0
2017-09-27,17:00:00,51.257,51.275,51.247,51.266,8078,0
2017-09-27,18:00:00,51.266,51.266,51.238,51.266,87039,0
2017-09-27,19:00:00,51.265,51.266,51.246,51.262,8072,0
2017-09-27,20:00:00,51.265,51.266,51.257,51.26,9906,0
2017-09-27,21:00:00,51.257,51.271,51.247,51.259,7986,0
2017-09-27,22:00:00,51.259,51.275,51.257,51.266,11322,0
2017-09-28,16:00:00,51.247,51.266,51.247,51.257,3904,0
2017-09-28,17:00:00,51.25,51.266,51.247,51.257,16302,0
2017-09-28,18:00:00,51.253,51.265,51.228,51.238,16729,0
2017-09-28,19:00:00,51.257,51.265,51.248,51.265,6672,0
2017-09-28,20:00:00,51.258,51.266,51.238,51.257,19510,0
2017-09-28,21:00:00,51.257,51.265,51.247,51.26,5203,0
2017-09-28,22:00:00,51.257,51.275,51.247,51.275,18291,0
2017-09-29,16:00:00,51.257,51.279,51.257,51.275,7296,0
2017-09-29,17:00:00,51.284,51.284,51.257,51.257,8041,0
2017-09-29,18:00:00,51.275,51.284,51.269,51.277,10846,0
2017-09-29,19:00:00,51.283,51.284,51.266,51.278,11449,0
2017-09-29,20:00:00,51.284,51.293,51.275,51.275,10376,0
2017-09-29,21:00:00,51.275,51.293,51.275,51.284,15472,0
2017-09-29,22:00:00,51.284,51.293,51.275,51.284,11038,0
2017-10-02,16:00:00,51.323,51.323,51.278,51.303,4280,0
2017-10-02,17:00:00,51.295,51.313,51.284,51.291,20246,0
2017-10-02,18:00:00,51.303,51.303,51.266,51.283,64966,0
2017-10-02,19:00:00,51.285,51.303,51.257,51.293,34860,0
2017-10-02,20:00:00,51.303,51.303,51.284,51.285,41287,0
2017-10-02,21:00:00,51.297,51.302,51.284,51.297,5642,0
2017-10-02,22:00:00,51.294,51.302,51.284,51.284,25235,0
2017-10-03,16:00:00,51.284,51.313,51.284,51.306,1485,0
2017-10-03,17:00:00,51.323,51.323,51.303,51.323,3594,0
2017-10-03,18:00:00,51.301,51.332,51.293,51.321,7654,0
2017-10-03,19:00:00,51.332,51.332,51.313,51.32,3910,0
2017-10-03,20:00:00,51.332,51.332,51.314,51.332,5163,0
2017-10-03,21:00:00,51.332,51.342,51.314,51.342,13624,0
2017-10-03,22:00:00,51.342,51.342,51.293,51.332,72082,0
2017-10-04,16:00:00,51.362,51.362,51.293,51.338,22051,0
2017-10-04,17:00:00,51.352,51.352,51.293,51.294,11458,0
2017-10-04,18:00:00,51.327,51.332,51.294,51.323,5276,0
2017-10-04,19:00:00,51.323,51.332,51.303,51.313,5365,0
2017-10-04,20:00:00,51.332,51.332,51.306,51.323,16012,0
2017-10-04,21:00:00,51.323,51.332,51.293,51.313,6609,0
2017-10-04,22:00:00,51.313,51.331,51.303,51.319,40206,0
2017-10-05,16:00:00,51.332,51.332,51.303,51.314,11225,0
2017-10-05,17:00:00,51.323,51.332,51.306,51.327,12002,0
2017-10-05,18:00:00,51.313,51.332,51.303,51.318,7332,0
2017-10-05,19:00:00,51.327,51.332,51.303,51.313,11632,0
2017-10-05,20:00:00,51.325,51.327,51.303,51.303,10035,0
2017-10-05,21:00:00,51.317,51.323,51.303,51.316,10039,0
2017-10-05,22:00:00,51.313,51.317,51.303,51.308,18616,0
2017-10-06,16:00:00,51.275,51.339,51.275,51.285,12243,0
2017-10-06,17:00:00,51.278,51.293,51.266,51.284,9558,0
2017-10-06,18:00:00,51.284,51.293,51.266,51.284,23728,0
2017-10-06,19:00:00,51.284,51.293,51.275,51.288,5218,0
2017-10-06,20:00:00,51.293,51.293,51.284,51.293,13472,0
2017-10-06,21:00:00,51.293,51.303,51.266,51.266,16077,0
2017-10-06,22:00:00,51.292,51.293,51.284,51.293,14401,0
2017-10-09,16:00:00,51.313,51.313,51.293,51.313,25384,0
2017-10-09,17:00:00,51.313,51.313,51.287,51.288,9013,0
2017-10-09,18:00:00,51.293,51.293,51.285,51.293,6757,0
2017-10-09,19:00:00,51.285,51.293,51.285,51.293,16051,0
2017-10-09,20:00:00,51.293,51.332,51.285,51.32,32606,0
2017-10-09,21:00:00,51.313,51.323,51.308,51.313,11316,0
2017-10-09,22:00:00,51.312,51.323,51.307,51.318,19729,0
2017-10-10,16:00:00,51.275,51.303,51.275,51.293,7779,0
2017-10-10,17:00:00,51.284,51.303,51.275,51.293,10678,0
2017-10-10,18:00:00,51.293,51.313,51.284,51.308,14779,0
2017-10-10,19:00:00,51.313,51.313,51.305,51.31,19266,0
2017-10-10,20:00:00,51.31,51.311,51.284,51.293,52914,0
2017-10-10,21:00:00,51.285,51.301,51.275,51.301,22138,0
2017-10-10,22:00:00,51.284,51.297,51.266,51.275,93837,0
2017-10-11,16:00:00,51.266,51.301,51.266,51.293,5801,0
2017-10-11,17:00:00,51.275,51.293,51.275,51.275,15582,0
2017-10-11,18:00:00,51.284,51.284,51.275,51.284,5447,0
2017-10-11,19:00:00,51.279,51.284,51.275,51.275,11428,0
2017-10-11,20:00:00,51.281,51.282,51.257,51.269,17702,0
2017-10-11,21:00:00,51.265,51.275,51.257,51.275,26192,0
2017-10-11,22:00:00,51.268,51.293,51.266,51.275,18553,0
2017-10-12,16:00:00,51.293,51.293,51.281,51.289,7920,0
2017-10-12,17:00:00,51.281,51.293,51.275,51.281,8590,0
2017-10-12,18:00:00,51.288,51.288,51.275,51.275,10355,0
2017-10-12,19:00:00,51.287,51.293,51.276,51.284,11485,0
2017-10-12,20:00:00,51.293,51.293,51.284,51.284,12433,0
2017-10-12,21:00:00,51.289,51.293,51.284,51.292,5742,0
2017-10-12,22:00:00,51.284,51.293,51.284,51.293,7885,0
2017-10-13,16:00:00,51.276,51.303,51.276,51.303,1235,0
2017-10-13,17:00:00,51.303,51.313,51.276,51.303,17682,0
2017-10-13,18:00:00,51.303,51.323,51.293,51.323,18358,0
2017-10-13,19:00:00,51.308,51.323,51.303,51.321,11127,0
2017-10-13,20:00:00,51.323,51.323,51.275,51.313,16586,0
2017-10-13,21:00:00,51.313,51.313,51.293,51.313,10376,0
2017-10-13,22:00:00,51.313,51.313,51.293,51.303,12935,0
2017-10-16,16:00:00,51.352,51.371,51.337,51.342,5229,0
2017-10-16,17:00:00,51.342,51.362,51.313,51.326,8597,0
2017-10-16,18:00:00,51.351,51.362,51.323,51.352,7767,0
2017-10-16,19:00:00,51.352,51.362,51.329,51.348,36158,0
2017-10-16,20:00:00,51.352,51.352,51.31,51.313,21242,0
2017-10-16,21:00:00,51.313,51.332,51.303,51.303,31899,0
2017-10-16,22:00:00,51.304,51.332,51.303,51.313,16227,0
2017-10-17,16:00:00,51.266,51.293,51.257,51.275,5549,0
2017-10-17,17:00:00,51.275,51.292,51.275,51.277,17091,0
2017-10-17,18:00:00,51.288,51.288,51.257,51.284,16516,0
2017-10-17,19:00:00,51.284,51.293,51.266,51.287,11396,0
2017-10-17,20:00:00,51.29,51.293,51.266,51.284,13103,0
2017-10-17,21:00:00,51.292,51.293,51.27,51.284,11214,0
2017-10-17,22:00:00,51.293,51.303,51.275,51.303,33976,0
2017-10-18,16:00:00,51.284,51.303,51.266,51.284,17634,0
2017-10-18,17:00:00,51.284,51.284,51.275,51.279,16221,0
2017-10-18,18:00:00,51.279,51.289,51.257,51.275,29305,0
2017-10-18,19:00:00,51.275,51.279,51.266,51.271,35683,0
2017-10-18,20:00:00,51.275,51.284,51.238,51.266,45820,0
2017-10-18,21:00:00,51.266,51.284,51.266,51.284,103714,0
2017-10-18,22:00:00,51.275,51.284,51.266,51.275,54295,0
2017-10-19,16:00:00,51.323,51.323,51.275,51.304,1468,0
2017-10-19,17:00:00,51.313,51.313,51.275,51.303,11951,0
2017-10-19,18:00:00,51.313,51.313,51.284,51.284,28521,0
2017-10-19,19:00:00,51.289,51.289,51.266,51.288,108722,0
2017-10-19,20:00:00,51.288,51.288,51.257,51.273,5347,0
2017-10-19,21:00:00,51.275,51.284,51.266,51.275,21037,0
2017-10-19,22:00:00,51.266,51.284,51.266,51.275,11844,0
2017-10-20,16:00:00,51.34,51.34,51.254,51.31,18955,0
2017-10-20,17:00:00,51.306,51.34,51.273,51.277,16483,0
2017-10-20,18:00:00,51.301,51.331,51.264,51.311,11227,0
2017-10-20,19:00:00,51.291,51.321,51.267,51.301,15313,0
2017-10-20,20:00:00,51.301,51.331,51.274,51.295,89423,0
2017-10-20,21:00:00,51.31,51.331,51.292,51.321,28428,0
2017-10-20,22:00:00,51.304,51.331,51.303,51.321,50215,0
2017-10-23,16:00:00,51.244,51.311,51.244,51.288,17674,0
2017-10-23,17:00:00,51.291,51.311,51.273,51.292,7969,0
2017-10-23,18:00:00,51.291,51.31,51.273,51.282,19203,0
2017-10-23,19:00:00,51.282,51.286,51.279,51.282,4745,0
2017-10-23,20:00:00,51.273,51.282,51.273,51.276,8478,0
2017-10-23,21:00:00,51.274,51.282,51.273,51.273,58868,0
2017-10-23,22:00:00,51.282,51.291,51.273,51.282,82405,0
2017-10-24,16:00:00,51.321,51.321,51.244,51.282,19194,0
2017-10-24,17:00:00,51.264,51.291,51.254,51.266,14181,0
2017-10-24,18:00:00,51.263,51.282,51.26,51.274,9842,0
2017-10-24,19:00:00,51.264,51.282,51.254,51.274,9322,0
2017-10-24,20:00:00,51.282,51.282,51.244,51.254,10396,0
2017-10-24,21:00:00,51.25,51.263,51.244,51.244,20177,0
2017-10-24,22:00:00,51.244,51.253,51.225,51.225,33531,0
2017-10-25,16:00:00,51.195,51.289,51.185,51.235,16840,0
2017-10-25,17:00:00,51.235,51.235,51.215,51.228,17632,0
2017-10-25,18:00:00,51.235,51.235,51.215,51.235,10657,0
2017-10-25,19:00:00,51.235,51.235,51.219,51.235,6223,0
2017-10-25,20:00:00,51.228,51.247,51.225,51.247,16306,0
2017-10-25,21:00:00,51.244,51.253,51.175,51.185,34851,0
2017-10-25,22:00:00,51.215,51.244,51.195,51.235,14824,0
2017-10-26,16:00:00,51.264,51.264,51.185,51.225,13654,0
2017-10-26,17:00:00,51.225,51.235,51.205,51.205,13721,0
2017-10-26,18:00:00,51.22,51.235,51.145,51.194,24731,0
2017-10-26,19:00:00,51.175,51.205,51.165,51.191,8067,0
2017-10-26,20:00:00,51.205,51.215,51.165,51.188,4081,0
2017-10-26,21:00:00,51.205,51.205,51.179,51.198,4175,0
2017-10-26,22:00:00,51.198,51.235,51.185,51.215,6578,0
2017-10-27,16:00:00,51.205,51.235,51.145,51.187,11047,0
2017-10-27,17:00:00,51.185,51.231,51.16,51.226,11063,0
2017-10-27,18:00:00,51.213,51.225,51.185,51.225,7277,0
2017-10-27,19:00:00,51.221,51.234,51.195,51.225,5026,0
2017-10-27,20:00:00,51.23,51.244,51.208,51.225,23885,0
2017-10-27,21:00:00,51.225,51.244,51.205,51.225,6143,0
2017-10-27,22:00:00,51.225,51.244,51.198,51.225,18735,0
2017-10-30,15:00:00,51.244,51.291,51.244,51.282,5204,0
2017-10-30,16:00:00,51.282,51.282,51.225,51.268,5129,0
2017-10-30,17:00:00,51.254,51.282,51.244,51.264,45885,0
2017-10-30,18:00:00,51.254,51.254,51.235,51.253,40982,0
2017-10-30,19:00:00,51.244,51.254,51.244,51.249,2746,0
2017-10-30,20:00:00,51.254,51.282,51.244,51.273,7718,0
2017-10-30,21:00:00,51.273,51.282,51.215,51.215,25119,0
2017-10-31,15:00:00,51.185,51.273,51.185,51.244,6814,0
2017-10-31,16:00:00,51.235,51.246,51.206,51.225,12347,0
2017-10-31,17:00:00,51.215,51.24,51.205,51.225,5699,0
2017-10-31,18:00:00,51.235,51.264,51.226,51.24,9649,0
2017-10-31,19:00:00,51.264,51.264,51.225,51.235,18562,0
2017-10-31,20:00:00,51.244,51.254,51.225,51.24,7348,0
2017-10-31,21:00:00,51.239,51.264,51.225,51.244,49303,0
2017-11-01,15:00:00,51.244,51.282,51.233,51.253,12776,0
2017-11-01,16:00:00,51.232,51.254,51.225,51.228,17246,0
2017-11-01,17:00:00,51.235,51.253,51.225,51.24,16269,0
2017-11-01,18:00:00,51.244,51.244,51.229,51.229,5299,0
2017-11-01,19:00:00,51.225,51.244,51.225,51.238,31390,0
2017-11-01,20:00:00,51.244,51.263,51.238,51.263,6195,0
2017-11-01,21:00:00,51.247,51.273,51.235,51.273,12054,0
2017-11-02,15:00:00,51.321,51.321,51.311,51.311,4312,0
2017-11-02,16:00:00,51.311,51.331,51.286,51.331,17519,0
2017-11-02,17:00:00,51.316,51.331,51.301,51.302,3818,0
2017-11-02,18:00:00,51.331,51.331,51.302,51.331,18417,0
2017-11-02,19:00:00,51.33,51.331,51.301,51.321,19284,0
2017-11-02,20:00:00,51.325,51.331,51.301,51.325,48845,0
2017-11-02,21:00:00,51.311,51.331,51.311,51.331,22818,0
2017-11-03,15:00:00,51.273,51.34,51.273,51.282,23839,0
2017-11-03,16:00:00,51.302,51.331,51.291,51.331,12570,0
2017-11-03,17:00:00,51.321,51.331,51.301,51.331,28405,0
2017-11-03,18:00:00,51.321,51.339,51.301,51.331,10831,0
2017-11-03,19:00:00,51.332,51.332,51.321,51.324,4502,0
2017-11-03,20:00:00,51.323,51.331,51.311,51.311,8111,0
2017-11-03,21:00:00,51.311,51.331,51.311,51.331,18073,0
2017-11-06,16:00:00,51.282,51.355,51.282,51.331,14646,0
2017-11-06,17:00:00,51.339,51.34,51.312,51.337,11179,0
2017-11-06,18:00:00,51.34,51.35,51.331,51.331,18831,0
2017-11-06,19:00:00,51.35,51.35,51.321,51.34,4935,0
2017-11-06,20:00:00,51.321,51.35,51.321,51.34,14023,0
2017-11-06,21:00:00,51.338,51.35,51.331,51.35,4869,0
2017-11-06,22:00:00,51.34,51.37,51.321,51.321,48983,0
2017-11-07,16:00:00,51.35,51.44,51.35,51.41,55937,0
2017-11-07,17:00:00,51.4,51.41,51.368,51.39,18729,0
2017-11-07,19:00:00,51.394,51.4,51.379,51.394,7961,0
2017-11-07,20:00:00,51.38,51.409,51.37,51.39,8237,0
2017-11-07,21:00:00,51.39,51.395,51.38,51.386,7938,0
2017-11-07,22:00:00,51.39,51.4,51.331,51.39,22870,0
2017-11-08,16:00:00,51.43,51.43,51.37,51.42,3147,0
2017-11-08,17:00:00,51.398,51.398,51.35,51.36,34160,0
2017-11-08,18:00:00,51.36,51.37,51.34,51.35,31414,0
2017-11-08,19:00:00,51.353,51.37,51.341,51.37,11761,0
2017-11-08,20:00:00,51.35,51.38,51.34,51.357,30789,0
2017-11-08,21:00:00,51.364,51.38,51.357,51.36,26323,0
2017-11-08,22:00:00,51.363,51.38,51.35,51.38,22577,0
2017-11-09,16:00:00,51.291,51.37,51.291,51.34,9083,0
2017-11-09,17:00:00,51.331,51.34,51.291,51.318,13908,0
2017-11-09,18:00:00,51.311,51.331,51.282,51.321,42831,0
2017-11-09,19:00:00,51.305,51.331,51.291,51.301,44190,0
2017-11-09,20:00:00,51.311,51.315,51.291,51.301,28904,0
2017-11-09,21:00:00,51.301,51.311,51.282,51.311,22741,0
2017-11-09,22:00:00,51.298,51.311,51.291,51.311,18781,0
2017-11-10,16:00:00,51.37,51.37,51.345,51.345,2346,0
2017-11-10,17:00:00,51.34,51.37,51.301,51.301,57558,0
2017-11-10,18:00:00,51.321,51.331,51.311,51.331,38236,0
2017-11-10,19:00:00,51.33,51.331,51.311,51.312,7068,0
2017-11-10,20:00:00,51.311,51.311,51.301,51.311,10420,0
2017-11-10,21:00:00,51.312,51.321,51.302,51.311,2878,0
2017-11-10,22:00:00,51.316,51.36,51.301,51.36,12989,0
2017-11-13,16:00:00,51.36,51.36,51.331,51.352,8014,0
2017-11-13,17:00:00,51.331,51.331,51.309,51.321,6680,0
2017-11-13,18:00:00,51.308,51.319,51.301,51.311,6209,0
2017-11-13,19:00:00,51.321,51.321,51.301,51.311,6512,0
2017-11-13,20:00:00,51.301,51.311,51.301,51.311,18372,0
2017-11-13,21:00:00,51.311,51.311,51.244,51.287,42304,0
2017-11-13,22:00:00,51.299,51.301,51.27,51.301,17113,0
2017-11-14,16:00:00,51.311,51.311,51.282,51.311,19991,0
2017-11-14,17:00:00,51.311,51.311,51.291,51.305,5177,0
2017-11-14,18:00:00,51.31,51.311,51.282,51.291,62526,0
2017-11-14,19:00:00,51.291,51.301,51.282,51.282,7000,0
2017-11-14,20:00:00,51.282,51.301,51.264,51.291,65993,0
2017-11-14,21:00:00,51.291,51.301,51.282,51.291,13665,0
2017-11-14,22:00:00,51.298,51.31,51.282,51.301,48424,0
2017-11-15,16:00:00,51.321,51.34,51.311,51.316,10170,0
2017-11-15,17:00:00,51.316,51.321,51.291,51.291,11567,0
2017-11-15,18:00:00,51.291,51.306,51.282,51.282,7877,0
2017-11-15,19:00:00,51.282,51.301,51.282,51.301,15561,0
2017-11-15,20:00:00,51.282,51.301,51.273,51.282,9960,0
2017-11-15,21:00:00,51.282,51.301,51.282,51.301,13535,0
2017-11-15,22:00:00,51.282,51.331,51.282,51.331,30194,0
2017-11-16,16:00:00,51.331,51.331,51.282,51.291,4959,0
2017-11-16,17:00:00,51.282,51.301,51.254,51.282,57765,0
2017-11-16,18:00:00,51.277,51.291,51.264,51.282,16764,0
2017-11-16,19:00:00,51.289,51.301,51.273,51.287,127691,0
2017-11-16,20:00:00,51.289,51.291,51.282,51.286,9228,0
2017-11-16,21:00:00,51.287,51.291,51.244,51.272,37510,0
2017-11-16,22:00:00,51.281,51.291,51.264,51.291,49117,0
2017-11-17,16:00:00,51.301,51.302,51.273,51.276,3184,0
2017-11-17,17:00:00,51.28,51.282,51.259,51.259,9618,0
2017-11-17,18:00:00,51.254,51.273,51.254,51.264,34304,0
2017-11-17,19:00:00,51.254,51.271,51.254,51.264,9646,0
2017-11-17,20:00:00,51.264,51.273,51.256,51.259,15020,0
2017-11-17,21:00:00,51.263,51.264,51.235,51.259,8992,0
2017-11-17,22:00:00,51.263,51.264,51.254,51.264,22925,0
2017-11-20,16:00:00,51.273,51.287,51.255,51.273,7143,0
2017-11-20,17:00:00,51.277,51.282,51.273,51.281,6196,0
2017-11-20,18:00:00,51.282,51.282,51.264,51.279,12135,0
2017-11-20,19:00:00,51.273,51.273,51.235,51.264,15748,0
2017-11-20,20:00:00,51.272,51.272,51.254,51.254,27559,0
2017-11-20,21:00:00,51.26,51.273,51.254,51.26,6263,0
2017-11-20,22:00:00,51.26,51.277,51.235,51.277,20369,0
2017-11-21,16:00:00,51.309,51.309,51.256,51.256,6588,0
2017-11-21,17:00:00,51.261,51.261,51.242,51.247,6903,0
2017-11-21,18:00:00,51.251,51.251,51.242,51.251,19927,0
2017-11-21,19:00:00,51.251,51.251,51.242,51.242,4029,0
2017-11-21,20:00:00,51.25,51.299,51.242,51.244,37425,0
2017-11-21,21:00:00,51.243,51.251,51.242,51.251,6816,0
2017-11-21,22:00:00,51.242,51.27,51.232,51.27,59537,0
2017-11-22,16:00:00,51.232,51.289,51.232,51.261,4646,0
2017-11-22,17:00:00,51.261,51.28,51.251,51.27,54872,0
2017-11-22,18:00:00,51.265,51.27,51.232,51.27,9005,0
2017-11-22,19:00:00,51.27,51.27,51.261,51.266,9941,0
2017-11-22,20:00:00,51.264,51.269,51.261,51.261,2214,0
2017-11-22,21:00:00,51.267,51.269,51.251,51.262,8149,0
2017-11-22,22:00:00,51.265,51.289,51.251,51.27,22515,0
2017-11-24,16:00:00,51.251,51.329,51.251,51.329,15639,0
2017-11-24,17:00:00,51.309,51.329,51.289,51.299,75914,0
2017-11-24,18:00:00,51.299,51.319,51.289,51.299,9861,0
2017-11-24,19:00:00,51.303,51.309,51.289,51.289,4902,0
2017-11-27,16:00:00,51.242,51.299,51.242,51.286,8223,0
2017-11-27,17:00:00,51.294,51.299,51.251,51.283,38664,0
2017-11-27,18:00:00,51.289,51.309,51.279,51.297,7577,0
2017-11-27,19:00:00,51.296,51.338,51.27,51.307,44519,0
2017-11-27,20:00:00,51.306,51.329,51.304,51.329,12878,0
2017-11-27,21:00:00,51.329,51.329,51.319,51.329,21752,0
2017-11-27,22:00:00,51.319,51.348,51.28,51.299,22343,0
2017-11-28,16:00:00,51.28,51.319,51.261,51.28,25082,0
2017-11-28,17:00:00,51.28,51.285,51.28,51.28,14715,0
2017-11-28,18:00:00,51.28,51.28,51.27,51.279,14827,0
2017-11-28,19:00:00,51.28,51.289,51.261,51.28,14146,0
2017-11-28,20:00:00,51.28,51.286,51.28,51.285,6821,0
2017-11-28,21:00:00,51.285,51.289,51.28,51.285,10709,0
2017-11-28,22:00:00,51.28,51.28,51.27,51.27,11793,0
2017-11-29,16:00:00,51.289,51.289,51.262,51.27,14674,0
2017-11-29,17:00:00,51.264,51.289,51.251,51.27,31560,0
2017-11-29,18:00:00,51.27,51.27,51.261,51.27,12328,0
2017-11-29,19:00:00,51.265,51.269,51.261,51.262,5280,0
2017-11-29,20:00:00,51.269,51.27,51.261,51.27,43992,0
2017-11-29,21:00:00,51.262,51.27,51.261,51.261,15293,0
2017-11-29,22:00:00,51.269,51.27,51.242,51.27,30152,0
2017-11-30,16:00:00,51.289,51.289,51.261,51.264,7474,0
2017-11-30,17:00:00,51.261,51.289,51.261,51.277,14696,0
2017-11-30,18:00:00,51.276,51.289,51.251,51.261,17566,0
2017-11-30,19:00:00,51.261,51.261,51.232,51.242,18218,0
2017-11-30,20:00:00,51.247,51.251,51.245,51.251,3533,0
2017-11-30,21:00:00,51.25,51.261,51.242,51.25,12356,0
2017-11-30,22:00:00,51.251,51.28,51.242,51.28,12287,0
2017-12-01,16:00:00,51.27,51.27,51.242,51.256,9198,0
2017-12-01,17:00:00,51.261,51.27,51.256,51.266,5860,0
2017-12-01,18:00:00,51.265,51.289,51.261,51.286,18503,0
2017-12-01,19:00:00,51.28,51.289,51.27,51.285,30963,0
2017-12-01,20:00:00,51.285,51.289,51.28,51.285,9969,0
2017-12-01,21:00:00,51.284,51.289,51.28,51.286,7915,0
2017-12-01,22:00:00,51.289,51.319,51.283,51.319,21345,0
2017-12-04,16:00:00,51.368,51.368,51.32,51.348,12851,0
2017-12-04,17:00:00,51.33,51.345,51.309,51.345,49381,0
2017-12-04,18:00:00,51.343,51.356,51.33,51.338,10909,0
2017-12-04,19:00:00,51.343,51.358,51.329,51.344,13247,0
2017-12-04,20:00:00,51.342,51.348,51.309,51.332,616250,0
2017-12-04,21:00:00,51.332,51.338,51.323,51.329,14489,0
2017-12-04,22:00:00,51.329,51.347,51.309,51.329,23303,0
2017-12-05,16:00:00,51.348,51.348,51.309,51.309,5792,0
2017-12-05,17:00:00,51.329,51.329,51.309,51.319,20724,0
2017-12-05,18:00:00,51.329,51.329,51.319,51.329,5723,0
2017-12-05,19:00:00,51.323,51.329,51.319,51.329,4395,0
2017-12-05,20:00:00,51.326,51.327,51.319,51.323,6387,0
2017-12-05,21:00:00,51.327,51.329,51.309,51.319,16071,0
2017-12-05,22:00:00,51.329,51.329,51.319,51.329,119677,0
2017-12-06,16:00:00,51.358,51.368,51.343,51.346,6654,0
2017-12-06,17:00:00,51.348,51.348,51.319,51.341,25124,0
2017-12-06,18:00:00,51.343,51.358,51.338,51.339,14498,0
2017-12-06,19:00:00,51.348,51.358,51.324,51.342,61807,0
2017-12-06,20:00:00,51.345,51.358,51.338,51.353,24245,0
2017-12-06,21:00:00,51.358,51.368,51.338,51.368,21687,0
2017-12-06,22:00:00,51.365,51.368,51.319,51.348,88468,0
2017-12-07,16:00:00,51.338,51.378,51.338,51.378,4787,0
2017-12-07,17:00:00,51.358,51.378,51.348,51.363,39451,0
2017-12-07,18:00:00,51.363,51.368,51.329,51.355,17597,0
2017-12-07,19:00:00,51.355,51.358,51.348,51.348,7865,0
2017-12-07,20:00:00,51.348,51.368,51.348,51.364,153103,0
2017-12-07,21:00:00,51.348,51.358,51.338,51.338,12410,0
2017-12-07,22:00:00,51.338,51.359,51.329,51.338,16639,0
2017-12-08,16:00:00,51.299,51.348,51.299,51.336,6731,0
2017-12-08,17:00:00,51.335,51.358,51.329,51.343,17696,0
2017-12-08,18:00:00,51.338,51.348,51.31,51.348,15406,0
2017-12-08,19:00:00,51.338,51.348,51.329,51.33,11838,0
2017-12-08,20:00:00,51.338,51.348,51.33,51.33,6714,0
2017-12-08,21:00:00,51.335,51.338,51.329,51.329,30944,0
2017-12-08,22:00:00,51.329,51.348,51.329,51.338,38149,0
2017-12-11,16:00:00,51.378,51.378,51.319,51.319,4748,0
2017-12-11,17:00:00,51.358,51.368,51.345,51.368,6083,0
2017-12-11,18:00:00,51.348,51.368,51.348,51.368,7452,0
2017-12-11,19:00:00,51.365,51.368,51.338,51.338,291508,0
2017-12-11,20:00:00,51.34,51.358,51.34,51.348,5400,0
2017-12-11,21:00:00,51.357,51.357,51.329,51.338,18475,0
2017-12-11,22:00:00,51.338,51.338,51.329,51.329,11286,0
2017-12-12,16:00:00,51.348,51.348,51.309,51.316,9308,0
2017-12-12,17:00:00,51.309,51.316,51.289,51.308,16242,0
2017-12-12,18:00:00,51.3,51.308,51.289,51.298,6135,0
2017-12-12,19:00:00,51.293,51.299,51.289,51.295,9391,0
2017-12-12,20:00:00,51.296,51.299,51.28,51.299,24490,0
2017-12-12,21:00:00,51.299,51.309,51.289,51.302,13848,0
2017-12-12,22:00:00,51.304,51.319,51.28,51.319,29226,0
2017-12-13,16:00:00,51.319,51.348,51.309,51.309,16825,0
2017-12-13,17:00:00,51.316,51.335,51.316,51.326,14784,0
2017-12-13,18:00:00,51.326,51.329,51.309,51.323,10936,0
2017-12-13,19:00:00,51.318,51.319,51.299,51.319,23049,0
2017-12-13,20:00:00,51.323,51.329,51.319,51.319,7883,0
2017-12-13,21:00:00,51.319,51.398,51.309,51.338,20219,0
2017-12-13,22:00:00,51.338,51.368,51.28,51.358,71660,0
2017-12-14,16:00:00,51.329,51.388,51.32,51.333,7895,0
2017-12-14,17:00:00,51.319,51.329,51.299,51.329,20471,0
2017-12-14,18:00:00,51.325,51.342,51.309,51.329,14156,0
2017-12-14,19:00:00,51.326,51.329,51.299,51.319,41827,0
2017-12-14,20:00:00,51.328,51.338,51.309,51.309,20454,0
2017-12-14,21:00:00,51.319,51.329,51.309,51.319,7972,0
2017-12-14,22:00:00,51.326,51.329,51.309,51.319,28006,0
2017-12-15,16:00:00,51.338,51.358,51.319,51.329,8564,0
2017-12-15,17:00:00,51.324,51.329,51.309,51.329,3503,0
2017-12-15,18:00:00,51.309,51.329,51.309,51.319,8398,0
2017-12-15,19:00:00,51.32,51.329,51.299,51.324,8639,0
2017-12-15,20:00:00,51.309,51.335,51.299,51.335,26398,0
2017-12-15,21:00:00,51.329,51.338,51.299,51.319,25696,0
2017-12-15,22:00:00,51.329,51.358,51.319,51.358,35728,0
2017-12-18,16:00:00,51.348,51.358,51.338,51.341,5470,0
2017-12-18,17:00:00,51.335,51.358,51.329,51.338,48826,0
2017-12-18,18:00:00,51.341,51.348,51.338,51.343,27938,0
2017-12-18,19:00:00,51.343,51.348,51.338,51.342,10807,0
2017-12-18,20:00:00,51.345,51.348,51.338,51.348,14844,0
2017-12-18,21:00:00,51.337,51.338,51.329,51.337,21569,0
2017-12-18,22:00:00,51.338,51.348,51.329,51.338,17026,0
2017-12-19,16:00:00,51.348,51.348,51.28,51.329,31469,0
2017-12-19,17:00:00,51.322,51.323,51.289,51.309,17172,0
2017-12-19,18:00:00,51.289,51.309,51.289,51.294,9337,0
2017-12-19,19:00:00,51.295,51.299,51.28,51.28,9253,0
2017-12-19,20:00:00,51.28,51.299,51.28,51.298,8573,0
2017-12-19,21:00:00,51.29,51.299,51.289,51.294,49536,0
2017-12-19,22:00:00,51.296,51.309,51.289,51.294,21838,0
2017-12-20,16:00:00,51.309,51.309,51.28,51.281,46687,0
2017-12-20,17:00:00,51.293,51.309,51.286,51.299,15751,0
2017-12-20,18:00:00,51.297,51.298,51.27,51.28,38152,0
2017-12-20,19:00:00,51.276,51.299,51.276,51.289,16736,0
2017-12-20,20:00:00,51.294,51.299,51.27,51.292,16967,0
2017-12-20,21:00:00,51.285,51.299,51.27,51.283,53724,0
2017-12-20,22:00:00,51.282,51.289,51.251,51.289,53289,0
2017-12-21,16:00:00,51.287,51.287,51.229,51.262,19643,0
2017-12-21,17:00:00,51.249,51.268,51.243,51.255,18588,0
2017-12-21,18:00:00,51.258,51.267,51.239,51.262,26849,0
2017-12-21,19:00:00,51.267,51.267,51.248,51.258,23445,0
2017-12-21,20:00:00,51.266,51.267,51.239,51.239,19811,0
2017-12-21,21:00:00,51.239,51.267,51.229,51.258,30857,0
2017-12-21,22:00:00,51.255,51.258,51.239,51.258,31060,0
2017-12-22,16:00:00,51.287,51.307,51.258,51.277,9634,0
2017-12-22,17:00:00,51.277,51.297,51.259,51.282,33225,0
2017-12-22,18:00:00,51.297,51.297,51.277,51.293,27177,0
2017-12-22,19:00:00,51.277,51.29,51.277,51.282,36851,0
2017-12-22,20:00:00,51.287,51.297,51.279,51.291,38214,0
2017-12-22,21:00:00,51.283,51.297,51.258,51.258,31758,0
2017-12-22,22:00:00,51.248,51.277,51.239,51.277,33319,0
2017-12-26,16:00:00,51.307,51.307,51.229,51.249,13998,0
2017-12-26,17:00:00,51.253,51.258,51.248,51.258,15505,0
2017-12-26,18:00:00,51.258,51.277,51.248,51.267,28577,0
2017-12-26,19:00:00,51.267,51.277,51.267,51.267,3456,0
2017-12-26,20:00:00,51.267,51.287,51.263,51.272,10719,0
2017-12-26,21:00:00,51.268,51.277,51.248,51.277,10826,0
2017-12-26,22:00:00,51.258,51.287,51.239,51.277,67601,0
2017-12-27,16:00:00,51.297,51.297,51.258,51.28,5054,0
2017-12-27,17:00:00,51.291,51.296,51.267,51.277,9568,0
2017-12-27,18:00:00,51.267,51.277,51.258,51.258,14228,0
2017-12-27,19:00:00,51.271,51.287,51.244,51.258,24624,0
2017-12-27,20:00:00,51.259,51.276,51.248,51.267,16596,0
2017-12-27,21:00:00,51.267,51.297,51.267,51.297,29646,0
2017-12-27,22:00:00,51.287,51.317,51.287,51.307,23245,0
2017-12-28,16:00:00,51.277,51.31,51.277,51.294,10644,0
2017-12-28,17:00:00,51.287,51.297,51.267,51.297,22140,0
2017-12-28,18:00:00,51.279,51.297,51.279,51.291,10352,0
2017-12-28,19:00:00,51.297,51.307,51.279,51.307,9462,0
2017-12-28,20:00:00,51.297,51.307,51.277,51.299,9421,0
2017-12-28,21:00:00,51.299,51.307,51.277,51.291,18426,0
2017-12-28,22:00:00,51.295,51.314,51.287,51.287,11243,0
2017-12-29,16:00:00,51.297,51.307,51.267,51.289,5401,0
2017-12-29,17:00:00,51.287,51.295,51.267,51.284,10348,0
2017-12-29,18:00:00,51.281,51.307,51.279,51.307,13820,0
2017-12-29,19:00:00,51.302,51.307,51.3,51.304,8402,0
2017-12-29,20:00:00,51.304,51.307,51.302,51.304,4064,0
2017-12-29,21:00:00,51.304,51.306,51.297,51.301,5858,0
2017-12-29,22:00:00,51.302,51.317,51.287,51.287,10543,0
2018-01-02,16:00:00,51.277,51.306,51.277,51.306,4110,0
2018-01-02,17:00:00,51.306,51.317,51.297,51.307,7769,0
2018-01-02,18:00:00,51.313,51.327,51.297,51.313,18216,0
2018-01-02,19:00:00,51.317,51.327,51.303,51.303,5810,0
2018-01-02,20:00:00,51.307,51.317,51.301,51.304,10572,0
2018-01-02,21:00:00,51.312,51.317,51.307,51.317,17026,0
2018-01-02,22:00:00,51.312,51.346,51.303,51.346,21124,0
2018-01-03,16:00:00,51.366,51.366,51.346,51.364,7904,0
2018-01-03,17:00:00,51.363,51.366,51.336,51.346,5727,0
2018-01-03,18:00:00,51.339,51.356,51.336,51.354,4863,0
2018-01-03,19:00:00,51.363,51.365,51.336,51.351,13050,0
2018-01-03,20:00:00,51.356,51.366,51.346,51.361,17841,0
2018-01-03,21:00:00,51.36,51.37,51.346,51.351,12819,0
2018-01-03,22:00:00,51.352,51.406,51.351,51.386,22773,0
2018-01-04,16:00:00,51.376,51.379,51.356,51.376,15649,0
2018-01-04,17:00:00,51.361,51.386,51.297,51.36,55015,0
2018-01-04,18:00:00,51.356,51.376,51.346,51.37,76712,0
2018-01-04,19:00:00,51.366,51.396,51.356,51.373,25761,0
2018-01-04,20:00:00,51.371,51.376,51.366,51.371,13700,0
2018-01-04,21:00:00,51.376,51.376,51.356,51.366,26678,0
2018-01-04,22:00:00,51.376,51.416,51.346,51.356,35658,0
2018-01-05,16:00:00,51.386,51.396,51.346,51.379,9663,0
2018-01-05,17:00:00,51.376,51.396,51.336,51.366,34392,0
2018-01-05,18:00:00,51.359,51.376,51.356,51.376,15113,0
2018-01-05,19:00:00,51.366,51.376,51.357,51.36,10087,0
2018-01-05,20:00:00,51.366,51.386,51.356,51.373,27732,0
2018-01-05,21:00:00,51.37,51.376,51.366,51.376,13951,0
2018-01-05,22:00:00,51.376,51.376,51.297,51.327,266238,0
2018-01-08,16:00:00,51.346,51.356,51.346,51.356,1937,0
2018-01-08,17:00:00,51.353,51.363,51.346,51.355,7796,0
2018-01-08,18:00:00,51.356,51.356,51.336,51.346,15886,0
2018-01-08,19:00:00,51.346,51.356,51.346,51.356,25497,0
2018-01-08,20:00:00,51.355,51.356,51.287,51.317,261178,0
2018-01-08,21:00:00,51.307,51.317,51.297,51.307,19639,0
2018-01-08,22:00:00,51.307,51.317,51.287,51.297,71613,0
2018-01-09,16:00:00,51.317,51.336,51.302,51.307,51685,0
2018-01-09,17:00:00,51.304,51.317,51.297,51.303,13833,0
2018-01-09,18:00:00,51.302,51.327,51.297,51.327,24722,0
2018-01-09,19:00:00,51.326,51.327,51.297,51.313,27651,0
2018-01-09,20:00:00,51.315,51.317,51.267,51.317,31432,0
2018-01-09,21:00:00,51.297,51.336,51.288,51.301,54105,0
2018-01-09,22:00:00,51.297,51.317,51.287,51.287,41243,0
2018-01-10,16:00:00,51.287,51.294,51.248,51.256,11941,0
2018-01-10,17:00:00,51.257,51.258,51.229,51.257,9557,0
2018-01-10,18:00:00,51.257,51.258,51.248,51.258,52726,0
2018-01-10,19:00:00,51.253,51.267,51.253,51.265,16805,0
2018-01-10,20:00:00,51.263,51.267,51.258,51.262,34125,0
2018-01-10,21:00:00,51.264,51.267,51.258,51.265,22335,0
2018-01-10,22:00:00,51.263,51.277,51.258,51.277,39543,0
2018-01-11,16:00:00,51.258,51.297,51.258,51.287,4523,0
2018-01-11,17:00:00,51.282,51.282,51.239,51.252,52658,0
2018-01-11,18:00:00,51.244,51.258,51.229,51.258,37696,0
2018-01-11,19:00:00,51.258,51.258,51.245,51.258,30567,0
2018-01-11,20:00:00,51.253,51.277,51.253,51.268,7781,0
2018-01-11,21:00:00,51.277,51.287,51.259,51.277,17393,0
2018-01-11,22:00:00,51.27,51.287,51.258,51.287,14804,0
2018-01-12,16:00:00,51.307,51.307,51.258,51.285,8165,0
2018-01-12,17:00:00,51.281,51.297,51.277,51.297,16971,0
2018-01-12,18:00:00,51.287,51.307,51.287,51.294,8308,0
2018-01-12,19:00:00,51.302,51.302,51.248,51.26,16652,0
2018-01-12,20:00:00,51.248,51.287,51.248,51.258,24287,0
2018-01-12,21:00:00,51.258,51.287,51.248,51.277,22639,0
2018-01-12,22:00:00,51.267,51.297,51.239,51.297,50175,0
2018-01-16,16:00:00,51.307,51.346,51.278,51.297,10679,0
2018-01-16,17:00:00,51.307,51.307,51.229,51.264,111709,0
2018-01-16,18:00:00,51.262,51.287,51.248,51.267,36658,0
2018-01-16,19:00:00,51.267,51.307,51.248,51.258,43098,0
2018-01-16,20:00:00,51.267,51.267,51.248,51.258,23860,0
2018-01-16,21:00:00,51.267,51.267,51.248,51.267,33490,0
2018-01-16,22:00:00,51.267,51.267,51.239,51.239,57392,0
2018-01-17,16:00:00,51.229,51.267,51.229,51.244,18668,0
2018-01-17,17:00:00,51.247,51.248,51.209,51.219,16960,0
2018-01-17,18:00:00,51.229,51.239,51.219,51.229,39080,0
2018-01-17,19:00:00,51.225,51.258,51.199,51.229,63617,0
2018-01-17,20:00:00,51.219,51.239,51.219,51.225,31491,0
2018-01-17,21:00:00,51.222,51.229,51.199,51.222,51146,0
2018-01-17,22:00:00,51.226,51.229,51.215,51.229,32832,0
2018-01-18,16:00:00,51.229,51.267,51.194,51.194,14213,0
2018-01-18,17:00:00,51.194,51.199,51.169,51.189,54979,0
2018-01-18,18:00:00,51.184,51.209,51.179,51.194,16142,0
2018-01-18,19:00:00,51.194,51.199,51.179,51.195,15040,0
2018-01-18,20:00:00,51.195,51.199,51.189,51.191,12355,0
2018-01-18,21:00:00,51.194,51.209,51.189,51.205,11572,0
2018-01-18,22:00:00,51.203,51.209,51.189,51.189,67646,0
2018-01-19,16:00:00,51.199,51.219,51.195,51.199,28097,0
2018-01-19,17:00:00,51.195,51.209,51.194,51.202,20382,0
2018-01-19,18:00:00,51.204,51.209,51.194,51.202,9780,0
2018-01-19,19:00:00,51.204,51.205,51.2,51.204,17228,0
2018-01-19,20:00:00,51.205,51.209,51.199,51.204,9080,0
2018-01-19,21:00:00,51.205,51.209,51.199,51.204,28349,0
2018-01-19,22:00:00,51.209,51.219,51.199,51.219,12865,0
2018-01-22,16:00:00,51.219,51.234,51.214,51.228,7271,0
2018-01-22,17:00:00,51.225,51.248,51.225,51.239,9503,0
2018-01-22,18:00:00,51.242,51.266,51.239,51.259,30015,0
2018-01-22,19:00:00,51.258,51.264,51.199,51.204,45386,0
2018-01-22,20:00:00,51.199,51.218,51.199,51.213,28026,0
2018-01-22,21:00:00,51.215,51.239,51.209,51.223,24070,0
2018-01-22,22:00:00,51.228,51.248,51.219,51.244,27121,0
2018-01-23,16:00:00,51.275,51.325,51.227,51.256,17981,0
2018-01-23,17:00:00,51.275,51.295,51.265,51.28,29038,0
2018-01-23,18:00:00,51.285,51.295,51.275,51.28,126246,0
2018-01-23,19:00:00,51.28,51.295,51.275,51.285,21236,0
2018-01-23,20:00:00,51.284,51.295,51.265,51.27,15031,0
2018-01-23,21:00:00,51.274,51.285,51.265,51.271,19555,0
2018-01-23,22:00:00,51.269,51.295,51.266,51.295,45857,0
2018-01-24,16:00:00,51.305,51.305,51.262,51.27,27046,0
2018-01-24,17:00:00,51.266,51.285,51.265,51.279,24453,0
2018-01-24,18:00:00,51.278,51.285,51.265,51.285,18191,0
2018-01-24,19:00:00,51.285,51.285,51.275,51.285,15285,0
2018-01-24,20:00:00,51.285,51.285,51.275,51.285,23671,0
2018-01-24,21:00:00,51.28,51.29,51.275,51.285,18693,0
2018-01-24,22:00:00,51.279,51.295,51.265,51.285,62555,0
2018-01-25,16:00:00,51.315,51.325,51.295,51.325,15402,0
2018-01-25,17:00:00,51.325,51.329,51.315,51.315,47173,0
2018-01-25,18:00:00,51.32,51.325,51.285,51.311,86611,0
2018-01-25,19:00:00,51.305,51.315,51.285,51.285,11482,0
2018-01-25,20:00:00,51.291,51.305,51.275,51.279,24411,0
2018-01-25,21:00:00,51.275,51.285,51.265,51.265,17213,0
2018-01-25,22:00:00,51.265,51.325,51.256,51.295,29242,0
2018-01-26,16:00:00,51.325,51.325,51.285,51.29,36062,0
2018-01-26,17:00:00,51.285,51.325,51.285,51.308,248826,0
2018-01-26,18:00:00,51.305,51.315,51.285,51.305,83367,0
2018-01-26,19:00:00,51.305,51.305,51.285,51.29,20166,0
2018-01-26,20:00:00,51.29,51.295,51.285,51.29,29995,0
2018-01-26,21:00:00,51.295,51.305,51.286,51.295,171499,0
2018-01-26,22:00:00,51.305,51.305,51.275,51.295,56768,0
2018-01-29,16:00:00,51.315,51.315,51.265,51.266,7683,0
2018-01-29,17:00:00,51.274,51.275,51.245,51.261,34517,0
2018-01-29,18:00:00,51.265,51.265,51.236,51.256,25059,0
2018-01-29,19:00:00,51.245,51.256,51.216,51.236,55018,0
2018-01-29,20:00:00,51.23,51.256,51.226,51.242,16461,0
2018-01-29,21:00:00,51.239,51.252,51.216,51.242,36745,0
2018-01-29,22:00:00,51.243,51.265,51.236,51.265,38974,0
2018-01-30,16:00:00,51.285,51.295,51.236,51.236,9654,0
2018-01-30,17:00:00,51.241,51.241,51.219,51.23,12870,0
2018-01-30,18:00:00,51.236,51.236,51.196,51.196,31510,0
2018-01-30,19:00:00,51.206,51.236,51.196,51.206,31979,0
2018-01-30,20:00:00,51.206,51.216,51.176,51.186,26306,0
2018-01-30,21:00:00,51.186,51.206,51.176,51.196,37192,0
2018-01-30,22:00:00,51.186,51.236,51.186,51.236,98366,0
2018-01-31,16:00:00,51.236,51.246,51.226,51.226,16824,0
2018-01-31,17:00:00,51.244,51.246,51.216,51.226,27095,0
2018-01-31,18:00:00,51.221,51.245,51.216,51.245,70176,0
2018-01-31,19:00:00,51.246,51.246,51.216,51.216,40649,0
2018-01-31,20:00:00,51.216,51.226,51.216,51.221,20507,0
2018-01-31,21:00:00,51.221,51.225,51.206,51.225,31858,0
2018-01-31,22:00:00,51.221,51.256,51.206,51.246,82979,0
2018-02-01,16:00:00,51.236,51.236,51.186,51.206,8843,0
2018-02-01,17:00:00,51.218,51.236,51.196,51.226,60311,0
2018-02-01,18:00:00,51.218,51.236,51.216,51.232,9265,0
2018-02-01,19:00:00,51.231,51.236,51.226,51.231,7863,0
2018-02-01,20:00:00,51.226,51.231,51.196,51.218,20248,0
2018-02-01,21:00:00,51.211,51.236,51.206,51.211,26328,0
2018-02-01,22:00:00,51.212,51.216,51.176,51.216,41744,0
2018-02-02,16:00:00,51.216,51.216,51.196,51.216,4097,0
2018-02-02,17:00:00,51.203,51.226,51.165,51.166,18512,0
2018-02-02,18:00:00,51.172,51.216,51.166,51.199,10335,0
2018-02-02,19:00:00,51.198,51.246,51.186,51.236,61114,0
2018-02-02,20:00:00,51.241,51.256,51.236,51.251,22780,0
2018-02-02,21:00:00,51.246,51.255,51.226,51.236,34434,0
2018-02-02,22:00:00,51.241,51.246,51.166,51.226,42819,0
2018-02-05,16:00:00,51.246,51.325,51.246,51.313,18018,0
2018-02-05,17:00:00,51.302,51.315,51.295,51.302,4051,0
2018-02-05,18:00:00,51.295,51.305,51.266,51.266,26696,0
2018-02-05,19:00:00,51.275,51.275,51.265,51.272,7318,0
2018-02-05,20:00:00,51.27,51.292,51.265,51.285,19850,0
2018-02-05,21:00:00,51.29,51.325,51.265,51.305,60007,0
2018-02-05,22:00:00,51.311,51.424,51.295,51.364,40120,0
2018-02-06,16:00:00,51.434,51.434,51.247,51.357,11110,0
2018-02-06,17:00:00,51.369,51.394,51.345,51.371,16863,0
2018-02-06,18:00:00,51.377,51.377,51.334,51.344,132963,0
2018-02-06,19:00:00,51.354,51.364,51.344,51.344,25522,0
2018-02-06,20:00:00,51.344,51.384,51.156,51.374,107486,0
2018-02-06,21:00:00,51.344,51.384,51.315,51.382,253443,0
2018-02-06,22:00:00,51.374,51.414,51.361,51.414,152403,0
2018-02-07,16:00:00,51.285,51.424,51.285,51.354,29678,0
2018-02-07,17:00:00,51.399,51.399,51.334,51.374,14463,0
2018-02-07,18:00:00,51.374,51.394,51.364,51.374,36228,0
2018-02-07,19:00:00,51.384,51.414,51.362,51.387,21991,0
2018-02-07,20:00:00,51.394,51.404,51.389,51.394,23657,0
2018-02-07,21:00:00,51.394,51.404,51.375,51.394,30770,0
2018-02-07,22:00:00,51.399,51.4,51.265,51.394,47379,0
2018-02-08,16:00:00,51.404,51.404,51.344,51.344,6834,0
2018-02-08,17:00:00,51.377,51.388,51.364,51.384,5604,0
2018-02-08,18:00:00,51.383,51.394,51.364,51.374,13817,0
2018-02-08,19:00:00,51.375,51.402,51.374,51.394,49091,0
2018-02-08,20:00:00,51.394,51.404,51.394,51.399,40449,0
2018-02-08,21:00:00,51.394,51.401,51.374,51.374,12534,0
2018-02-08,22:00:00,51.377,51.381,51.325,51.364,71053,0
2018-02-09,16:00:00,51.434,51.434,51.33,51.33,14846,0
2018-02-09,17:00:00,51.314,51.395,51.29,51.395,8005,0
2018-02-09,18:00:00,51.381,51.381,51.334,51.344,18944,0
2018-02-09,19:00:00,51.344,51.354,51.325,51.325,16308,0
2018-02-09,20:00:00,51.325,51.414,51.226,51.286,116914,0
2018-02-09,21:00:00,51.285,51.354,51.278,51.344,128302,0
2018-02-09,22:00:00,51.344,51.354,51.315,51.344,53574,0
2018-02-12,16:00:00,51.454,51.504,51.295,51.374,16166,0
2018-02-12,17:00:00,51.354,51.374,51.346,51.364,11046,0
2018-02-12,18:00:00,51.354,51.364,51.344,51.354,74442,0
2018-02-12,19:00:00,51.359,51.364,51.344,51.354,38524,0
2018-02-12,20:00:00,51.359,51.364,51.344,51.354,24697,0
2018-02-12,21:00:00,51.354,51.364,51.344,51.354,24671,0
2018-02-12,22:00:00,51.359,51.364,51.344,51.344,40826,0
2018-02-13,16:00:00,51.424,51.424,51.31,51.31,7966,0
2018-02-13,17:00:00,51.309,51.329,51.305,51.325,20588,0
2018-02-13,18:00:00,51.315,51.334,51.305,51.32,128142,0
2018-02-13,19:00:00,51.319,51.334,51.305,51.315,31611,0
2018-02-13,20:00:00,51.31,51.325,51.305,51.325,34318,0
2018-02-13,21:00:00,51.315,51.325,51.305,51.305,38841,0
2018-02-13,22:00:00,51.311,51.325,51.305,51.305,43695,0
2018-02-14,16:00:00,51.404,51.404,51.305,51.305,8019,0
2018-02-14,17:00:00,51.292,51.295,51.246,51.253,24395,0
2018-02-14,18:00:00,51.252,51.265,51.246,51.246,13678,0
2018-02-14,19:00:00,51.25,51.284,51.246,51.279,85452,0
2018-02-14,20:00:00,51.279,51.29,51.275,51.28,17399,0
2018-02-14,21:00:00,51.278,51.285,51.262,51.262,20522,0
2018-02-14,22:00:00,51.256,51.275,51.246,51.275,41941,0
2018-02-15,16:00:00,51.305,51.325,51.265,51.315,23990,0
2018-02-15,17:00:00,51.311,51.325,51.295,51.315,16688,0
2018-02-15,18:00:00,51.305,51.305,51.275,51.285,58955,0
2018-02-15,19:00:00,51.285,51.295,51.275,51.275,63751,0
2018-02-15,20:00:00,51.275,51.292,51.275,51.29,212204,0
2018-02-15,21:00:00,51.285,51.295,51.256,51.28,50448,0
2018-02-15,22:00:00,51.28,51.285,51.265,51.285,124350,0
2018-02-16,16:00:00,51.315,51.33,51.256,51.276,6497,0
2018-02-16,17:00:00,51.275,51.285,51.256,51.285,18796,0
2018-02-16,18:00:00,51.272,51.295,51.262,51.265,32254,0
2018-02-16,19:00:00,51.265,51.285,51.265,51.285,16452,0
2018-02-16,20:00:00,51.275,51.285,51.265,51.275,20577,0
2018-02-16,21:00:00,51.282,51.285,51.265,51.265,43884,0
2018-02-16,22:00:00,51.272,51.275,51.256,51.265,33011,0
2018-02-20,16:00:00,51.285,51.31,51.246,51.295,7613,0
2018-02-20,17:00:00,51.265,51.268,51.246,51.257,43427,0
2018-02-20,18:00:00,51.265,51.265,51.246,51.246,19685,0
2018-02-20,19:00:00,51.256,51.271,51.251,51.265,14919,0
2018-02-20,20:00:00,51.265,51.265,51.256,51.261,8438,0
2018-02-20,21:00:00,51.261,51.265,51.256,51.26,12304,0
2018-02-20,22:00:00,51.265,51.265,51.256,51.265,42280,0
2018-02-21,16:00:00,51.293,51.323,51.273,51.283,55390,0
2018-02-21,17:00:00,51.279,51.283,51.203,51.223,22363,0
2018-02-21,18:00:00,51.223,51.233,51.193,51.223,61136,0
2018-02-21,19:00:00,51.233,51.236,51.223,51.226,5543,0
2018-02-21,20:00:00,51.233,51.243,51.213,51.231,25840,0
2018-02-21,21:00:00,51.233,51.243,51.193,51.24,31117,0
2018-02-21,22:00:00,51.236,51.239,51.193,51.203,72439,0
2018-02-22,16:00:00,51.233,51.233,51.196,51.196,3328,0
2018-02-22,17:00:00,51.199,51.203,51.183,51.197,10050,0
2018-02-22,18:00:00,51.195,51.203,51.183,51.193,7867,0
2018-02-22,19:00:00,51.188,51.253,51.173,51.203,57288,0
2018-02-22,20:00:00,51.213,51.238,51.193,51.199,26487,0
2018-02-22,21:00:00,51.203,51.203,51.175,51.203,19578,0
2018-02-22,22:00:00,51.199,51.203,51.183,51.203,27392,0
2018-02-23,16:00:00,51.213,51.233,51.203,51.213,8272,0
2018-02-23,17:00:00,51.223,51.273,51.203,51.248,19565,0
2018-02-23,18:00:00,51.244,51.285,51.233,51.282,77306,0
2018-02-23,19:00:00,51.286,51.293,51.273,51.29,20203,0
2018-02-23,20:00:00,51.293,51.303,51.283,51.3,13578,0
2018-02-23,21:00:00,51.299,51.31,51.213,51.249,60124,0
2018-02-23,22:00:00,51.244,51.293,51.243,51.293,19699,0
2018-02-26,16:00:00,51.323,51.362,51.323,51.335,13134,0
2018-02-26,17:00:00,51.342,51.36,51.322,51.322,14880,0
2018-02-26,18:00:00,51.322,51.332,51.313,51.326,9958,0
2018-02-26,19:00:00,51.323,51.352,51.313,51.332,10304,0
2018-02-26,20:00:00,51.342,51.342,51.332,51.332,12738,0
2018-02-26,21:00:00,51.332,51.341,51.323,51.328,22025,0
2018-02-26,22:00:00,51.329,51.332,51.323,51.332,54531,0
2018-02-27,16:00:00,51.342,51.352,51.283,51.283,6967,0
2018-02-27,17:00:00,51.303,51.312,51.283,51.303,10335,0
2018-02-27,18:00:00,51.313,51.313,51.263,51.266,35620,0
2018-02-27,19:00:00,51.268,51.273,51.263,51.273,58646,0
2018-02-27,20:00:00,51.273,51.273,51.263,51.269,18994,0
2018-02-27,21:00:00,51.269,51.273,51.263,51.263,15742,0
2018-02-27,22:00:00,51.263,51.303,51.234,51.293,59316,0
2018-02-28,16:00:00,51.293,51.293,51.263,51.263,20307,0
2018-02-28,17:00:00,51.266,51.283,51.243,51.275,17823,0
2018-02-28,18:00:00,51.268,51.283,51.253,51.259,29263,0
2018-02-28,19:00:00,51.26,51.273,51.257,51.263,14176,0
2018-02-28,20:00:00,51.262,51.273,51.253,51.259,22588,0
2018-02-28,21:00:00,51.263,51.273,51.253,51.266,32779,0
2018-02-28,22:00:00,51.273,51.293,51.253,51.293,63552,0
2018-03-01,16:00:00,51.313,51.352,51.293,51.332,9609,0
2018-03-01,17:00:00,51.332,51.332,51.283,51.293,49734,0
2018-03-01,18:00:00,51.292,51.293,51.283,51.29,40406,0
2018-03-01,19:00:00,51.285,51.322,51.283,51.308,59799,0
2018-03-01,20:00:00,51.312,51.329,51.303,51.323,13546,0
2018-03-01,21:00:00,51.313,51.332,51.303,51.313,43105,0
2018-03-01,22:00:00,51.318,51.332,51.313,51.323,70062,0
2018-03-02,16:00:00,51.372,51.372,51.342,51.342,3937,0
2018-03-02,17:00:00,51.342,51.362,51.342,51.362,6623,0
2018-03-02,18:00:00,51.355,51.372,51.342,51.352,25588,0
2018-03-02,19:00:00,51.352,51.362,51.283,51.299,43125,0
2018-03-02,20:00:00,51.322,51.323,51.307,51.315,7822,0
2018-03-02,21:00:00,51.322,51.323,51.304,51.32,13797,0
2018-03-02,22:00:00,51.319,51.342,51.313,51.332,142642,0
2018-03-05,16:00:00,51.432,51.482,51.402,51.422,10239,0
2018-03-05,17:00:00,51.432,51.432,51.417,51.417,6484,0
2018-03-05,18:00:00,51.422,51.422,51.323,51.382,23299,0
2018-03-05,19:00:00,51.382,51.392,51.263,51.332,293974,0
2018-03-05,20:00:00,51.332,51.342,51.323,51.337,30702,0
2018-03-05,21:00:00,51.342,51.342,51.332,51.332,77201,0
2018-03-05,22:00:00,51.342,51.342,51.332,51.342,48859,0
2018-03-06,16:00:00,51.352,51.352,51.334,51.346,9957,0
2018-03-06,17:00:00,51.342,51.352,51.323,51.336,44485,0
2018-03-06,18:00:00,51.336,51.342,51.323,51.337,15106,0
2018-03-06,19:00:00,51.332,51.342,51.324,51.334,8053,0
2018-03-06,20:00:00,51.332,51.342,51.323,51.323,12939,0
2018-03-06,21:00:00,51.314,51.342,51.314,51.332,40602,0
2018-03-06,22:00:00,51.342,51.342,51.323,51.332,24026,0
2018-03-07,16:00:00,51.352,51.352,51.313,51.329,6383,0
2018-03-07,17:00:00,51.329,51.342,51.323,51.332,12212,0
2018-03-07,18:00:00,51.332,51.342,51.323,51.327,18625,0
2018-03-07,19:00:00,51.332,51.342,51.323,51.332,16349,0
2018-03-07,20:00:00,51.332,51.336,51.332,51.332,6756,0
2018-03-07,21:00:00,51.332,51.342,51.323,51.332,18823,0
2018-03-07,22:00:00,51.332,51.342,51.303,51.323,101798,0
2018-03-08,16:00:00,51.342,51.364,51.313,51.313,6054,0
2018-03-08,17:00:00,51.316,51.323,51.303,51.323,32400,0
2018-03-08,18:00:00,51.323,51.323,51.303,51.31,78479,0
2018-03-08,19:00:00,51.317,51.317,51.303,51.309,9443,0
2018-03-08,20:00:00,51.303,51.319,51.303,51.303,27148,0
2018-03-08,21:00:00,51.306,51.323,51.303,51.303,32826,0
2018-03-08,22:00:00,51.303,51.322,51.303,51.303,51247,0
2018-03-09,16:00:00,51.323,51.391,51.293,51.297,23364,0
2018-03-09,17:00:00,51.299,51.299,51.283,51.286,24417,0
2018-03-09,18:00:00,51.292,51.292,51.264,51.292,31673,0
2018-03-09,19:00:00,51.292,51.292,51.283,51.289,5623,0
2018-03-09,20:00:00,51.283,51.293,51.253,51.263,27180,0
2018-03-09,21:00:00,51.263,51.303,51.263,51.288,32983,0
2018-03-09,22:00:00,51.29,51.292,51.269,51.283,31279,0
2018-03-12,15:00:00,51.273,51.323,51.273,51.322,5385,0
2018-03-12,16:00:00,51.32,51.332,51.293,51.313,9441,0
2018-03-12,17:00:00,51.319,51.319,51.263,51.293,53245,0
2018-03-12,18:00:00,51.283,51.293,51.283,51.283,9221,0
2018-03-12,19:00:00,51.284,51.293,51.263,51.279,42979,0
2018-03-12,20:00:00,51.282,51.283,51.253,51.282,30092,0
2018-03-12,21:00:00,51.273,51.283,51.243,51.263,54525,0
2018-03-13,15:00:00,51.283,51.332,51.283,51.307,7390,0
2018-03-13,16:00:00,51.323,51.323,51.293,51.303,12978,0
2018-03-13,17:00:00,51.321,51.332,51.283,51.313,13878,0
2018-03-13,18:00:00,51.312,51.322,51.283,51.322,23569,0
2018-03-13,19:00:00,51.319,51.322,51.303,51.308,26266,0
2018-03-13,20:00:00,51.313,51.323,51.283,51.308,32363,0
2018-03-13,21:00:00,51.31,51.323,51.293,51.323,28923,0
2018-03-14,15:00:00,51.332,51.362,51.313,51.362,6441,0
2018-03-14,16:00:00,51.347,51.352,51.283,51.288,51064,0
2018-03-14,17:00:00,51.283,51.332,51.283,51.292,121883,0
2018-03-14,18:00:00,51.292,51.303,51.283,51.303,10251,0
2018-03-14,19:00:00,51.303,51.362,51.293,51.343,194549,0
2018-03-14,20:00:00,51.349,51.356,51.283,51.341,26982,0
2018-03-14,21:00:00,51.339,51.372,51.293,51.332,66085,0
2018-03-15,15:00:00,51.352,51.412,51.352,51.371,12178,0
2018-03-15,16:00:00,51.359,51.372,51.345,51.359,45364,0
2018-03-15,17:00:00,51.361,51.362,51.342,51.349,40505,0
2018-03-15,18:00:00,51.352,51.357,51.342,51.351,133357,0
2018-03-15,19:00:00,51.348,51.357,51.342,51.347,237358,0
2018-03-15,20:00:00,51.347,51.352,51.342,51.347,15541,0
2018-03-15,21:00:00,51.346,51.352,51.342,51.347,33891,0
2018-03-16,15:00:00,51.303,51.342,51.303,51.313,5494,0
2018-03-16,16:00:00,51.322,51.322,51.273,51.303,20115,0
2018-03-16,17:00:00,51.303,51.313,51.283,51.295,41485,0
2018-03-16,18:00:00,51.293,51.303,51.293,51.294,16257,0
2018-03-16,19:00:00,51.293,51.298,51.253,51.257,34106,0
2018-03-16,20:00:00,51.273,51.292,51.253,51.286,20915,0
2018-03-16,21:00:00,51.283,51.303,51.273,51.293,25788,0
2018-03-19,15:00:00,51.323,51.323,51.293,51.293,14131,0
2018-03-19,16:00:00,51.295,51.303,51.293,51.295,4505,0
2018-03-19,17:00:00,51.293,51.307,51.293,51.307,11004,0
2018-03-19,18:00:00,51.303,51.313,51.294,51.303,13350,0
2018-03-19,19:00:00,51.307,51.313,51.293,51.293,15678,0
2018-03-19,20:00:00,51.303,51.303,51.279,51.298,27874,0
2018-03-19,21:00:00,51.295,51.303,51.283,51.303,33373,0
2018-03-20,15:00:00,51.273,51.303,51.273,51.286,8871,0
2018-03-20,16:00:00,51.273,51.286,51.273,51.282,7228,0
2018-03-20,17:00:00,51.278,51.283,51.223,51.273,18578,0
2018-03-20,18:00:00,51.273,51.293,51.264,51.289,16330,0
2018-03-20,19:00:00,51.283,51.303,51.273,51.278,19460,0
2018-03-20,20:00:00,51.283,51.283,51.263,51.263,9589,0
2018-03-20,21:00:00,51.273,51.278,51.263,51.273,18694,0
2018-03-21,15:00:00,51.273,51.273,51.183,51.222,15126,0
2018-03-21,16:00:00,51.211,51.243,51.193,51.233,78939,0
2018-03-21,17:00:00,51.223,51.243,51.213,51.216,8030,0
2018-03-21,18:00:00,51.215,51.223,51.203,51.223,18751,0
2018-03-21,19:00:00,51.216,51.233,51.213,51.213,19287,0
2018-03-21,20:00:00,51.218,51.233,51.183,51.223,18420,0
2018-03-21,21:00:00,51.222,51.332,51.213,51.332,42579,0
2018-03-22,15:00:00,51.4,51.4,51.34,51.3499,5242,0
2018-03-22,16:00:00,51.3499,51.36,51.3164,51.3469,17880,0
2018-03-22,17:00:00,51.35,51.3601,51.331,51.3534,12072,0
2018-03-22,18:00:00,51.3566,51.36,51.35,51.355,42311,0
2018-03-22,19:00:00,51.357,51.357,51.33,51.339,15564,0
2018-03-22,20:00:00,51.3359,51.35,51.32,51.3365,18534,0
2018-03-22,21:00:00,51.3334,51.4,51.33,51.4,71092,0
2018-03-23,15:00:00,51.44,51.44,51.32,51.3576,13876,0
2018-03-23,16:00:00,51.3564,51.3699,51.33,51.342,7289,0
2018-03-23,17:00:00,51.33,51.3499,51.3,51.3236,21928,0
2018-03-23,18:00:00,51.32,51.33,51.2856,51.2972,25631,0
2018-03-23,19:00:00,51.29,51.3,51.29,51.29,10711,0
2018-03-23,20:00:00,51.3,51.3099,51.29,51.29,19257,0
2018-03-23,21:00:00,51.3,51.33,51.28,51.29,81287,0
2018-03-26,16:00:00,51.35,51.35,51.3,51.3033,17365,0
2018-03-26,17:00:00,51.3069,51.32,51.29,51.29,10492,0
2018-03-26,18:00:00,51.302,51.3199,51.2801,51.3,22919,0
2018-03-26,19:00:00,51.3025,51.31,51.3,51.305,17973,0
2018-03-26,20:00:00,51.3,51.31,51.28,51.28,17144,0
2018-03-26,21:00:00,51.29,51.29,51.28,51.284,27198,0
2018-03-26,22:00:00,51.2852,51.3,51.28,51.28,44812,0
2018-03-27,16:00:00,51.32,51.432,51.3,51.315,26313,0
2018-03-27,17:00:00,51.3,51.31,51.29,51.305,11342,0
2018-03-27,18:00:00,51.305,51.31,51.3,51.3,21516,0
2018-03-27,19:00:00,51.301,51.309,51.29,51.2962,43317,0
2018-03-27,20:00:00,51.2972,51.33,51.29,51.3256,25834,0
2018-03-27,21:00:00,51.3265,51.33,51.275,51.32,99210,0
2018-03-27,22:00:00,51.3155,51.33,51.27,51.31,54368,0
2018-03-28,16:00:00,51.34,51.3722,51.319,51.3328,23782,0
2018-03-28,17:00:00,51.3428,51.4,51.3201,51.3773,13788,0
2018-03-28,18:00:00,51.3799,51.3799,51.34,51.34,15200,0
2018-03-28,19:00:00,51.3524,51.3561,51.32,51.326,36925,0
2018-03-28,20:00:00,51.3201,51.3324,51.3128,51.32,21367,0
2018-03-28,21:00:00,51.31,51.33,51.3,51.31,64812,0
2018-03-28,22:00:00,51.3166,51.35,51.31,51.33,71747,0
2018-03-29,16:00:00,51.35,51.39,51.35,51.36,39383,0
2018-03-29,17:00:00,51.3668,51.38,51.35,51.38,40991,0
2018-03-29,18:00:00,51.38,51.38,51.3431,51.37,19437,0
2018-03-29,19:00:00,51.37,51.39,51.36,51.38,15345,0
2018-03-29,20:00:00,51.3725,51.38,51.37,51.375,14387,0
2018-03-29,21:00:00,51.3725,51.38,51.37,51.3763,44872,0
2018-03-29,22:00:00,51.37,51.38,51.36,51.37,47429,0
